,user,label,timestamp,x,y,z
122509,13,Jogging,2355742229000,2.03,16.21,7.5456724
122510,13,Jogging,2355792277000,-7.01,19.57,10.147159
122511,13,Jogging,2355842235000,8.92,18.81,-1.2666923
122512,13,Jogging,2355892314000,-3.11,-10.38,-13.783792000000002
122513,13,Jogging,2355942241000,-0.95,-8.08,-13.906375
122514,13,Jogging,2355992290000,-3.11,-2.79,-9.956474
122515,13,Jogging,2356042247000,4.56,11.14,4.8216033
122516,13,Jogging,2356092296000,0.76,16.47,3.8681788
122517,13,Jogging,2356142253000,-7.93,6.66,-2.2201166000000003
122518,13,Jogging,2356192302000,-5.82,15.28,-3.7183550000000003
122519,13,Jogging,2356242229000,5.86,19.57,5.7477865
122520,13,Jogging,2356292308000,-2.96,2.03,7.3958488
122521,13,Jogging,2356342265000,9.23,4.37,6.3607025
122522,13,Jogging,2356392284000,-0.27,1.92,7.9679036
122523,13,Jogging,2356442241000,-2.26,3.17,5.5162406
122524,13,Jogging,2356492259000,3.45,13.25,4.7535014
122525,13,Jogging,2356542155000,-5.09,19.57,11.413852
122526,13,Jogging,2356592143000,6.17,19.31,-0.0
122527,13,Jogging,2356642222000,2.76,-5.24,-13.756551000000002
122528,13,Jogging,2356692332000,-4.48,-13.99,-12.9529505
122530,13,Jogging,2356742229000,-2.72,-1.73,-12.258313000000001
122529,13,Jogging,2356742229000,-2.72,-1.73,-12.258313000000001
122531,13,Jogging,2356843791000,3.45,14.63,6.5922484
122532,13,Jogging,2356902232000,-8.85,8.77,-4.9850473
122533,13,Jogging,2356952220000,-2.22,18.7,-5.7886477
122534,13,Jogging,2357002299000,2.18,18.62,13.593107
122536,13,Jogging,2357052226000,3.95,-2.41,5.434519
122535,13,Jogging,2357052226000,3.95,-2.41,5.434519
122537,13,Jogging,2357124034000,3.11,6.44,3.7864565999999997
122538,13,Jogging,2357124034000,3.11,6.44,3.7864565999999997
122541,13,Jogging,2357372203000,6.24,12.11,-7.8589406
122542,13,Jogging,2357423595000,-4.21,-9.49,-11.836082000000001
122543,13,Jogging,2357423595000,-4.21,-9.49,-11.836082000000001
122544,13,Jogging,2357572307000,1.5,17.05,15.704260999999999
122545,13,Jogging,2357622295000,-4.48,1.14,-7.082580999999999
122546,13,Jogging,2357672221000,-7.78,14.63,-9.80665
122547,13,Jogging,2357722270000,9.28,19.57,6.742072
122548,13,Jogging,2357822337000,10.04,0.65,7.205164
122549,13,Jogging,2357822337000,10.04,0.65,7.205164
122550,13,Jogging,2357822337000,10.04,0.65,7.205164
122551,13,Jogging,2357822337000,10.04,0.65,7.205164
122552,13,Jogging,2357822337000,10.04,0.65,7.205164
122553,13,Jogging,2357822337000,10.04,0.65,7.205164
122557,13,Jogging,2358152293000,-2.22,-11.26,-12.53072
122558,13,Jogging,2358202952000,-2.18,-4.44,-14.818938000000001
122559,13,Jogging,2358252421000,0.42,2.3,-4.0588636
122560,13,Jogging,2358302196000,0.8,16.17,13.375181
122561,13,Jogging,2358352336000,-5.18,12.26,-5.175732
122562,13,Jogging,2358412242000,-6.63,13.95,-6.0882955
122563,13,Jogging,2358462199000,9.43,19.57,4.6036777
122564,13,Jogging,2358512309000,-5.43,5.18,6.1291566
122565,13,Jogging,2358562236000,8.69,5.18,7.3141264999999995
122566,13,Jogging,2358612346000,1.46,2.45,9.302697
122567,13,Jogging,2358662242000,-1.33,1.73,3.9090397000000006
122568,13,Jogging,2358712260000,3.68,10.15,3.6774937999999993
122569,13,Jogging,2358762279000,-1.42,19.57,14.750835999999998
122570,13,Jogging,2358812266000,-0.15,19.57,0.88532263
122571,13,Jogging,2358862224000,7.78,-3.87,-14.9006605
122572,13,Jogging,2358912273000,-3.06,-11.56,-12.367275999999999
122573,13,Jogging,2358962230000,0.65,-4.71,-11.645397
122574,13,Jogging,2359012248000,0.99,8.77,-1.3075534
122575,13,Jogging,2359062205000,0.53,16.97,13.988097
122576,13,Jogging,2359112285000,-5.01,6.66,-6.5922484
122577,13,Jogging,2359162212000,-6.89,16.02,-4.9850473
122578,13,Jogging,2359212291000,8.35,19.57,2.9147543999999996
122579,13,Jogging,2359262309000,-5.05,7.86,7.6682559999999995
122580,13,Jogging,2359312236000,10.53,0.89,7.6682559999999995
122581,13,Jogging,2359362254000,0.57,5.13,7.014479
122582,13,Jogging,2359415416000,-4.14,3.49,3.5276701
122583,13,Jogging,2359415416000,-4.14,3.49,3.5276701
122586,13,Jogging,2359543773000,-0.61,19.57,3.8273177000000005
122585,13,Jogging,2359543773000,-0.61,19.57,3.8273177000000005
122588,13,Jogging,2359722148000,-0.42,-0.34,-7.8861814
122589,13,Jogging,2359783580000,-0.08,17.82,14.560151999999999
122591,13,Jogging,2359832255000,-4.4,6.55,-6.742072
122590,13,Jogging,2359832255000,-4.4,6.55,-6.742072
122592,13,Jogging,2359932231000,6.47,19.57,-0.29964766
122593,13,Jogging,2359982341000,-5.98,15.43,8.894086999999999
122594,13,Jogging,2359982341000,-5.98,15.43,8.894086999999999
122595,13,Jogging,2359982341000,-5.98,15.43,8.894086999999999
122596,13,Jogging,2360042247000,9.19,-2.03,6.469665
122600,13,Jogging,2360202159000,4.4,11.96,4.2495484
122599,13,Jogging,2360202159000,4.4,11.96,4.2495484
122598,13,Jogging,2360202159000,4.4,11.96,4.2495484
122602,13,Jogging,2360392192000,-5.48,-10.5,-12.5579605
122603,13,Jogging,2360443675000,0.42,-5.67,-12.721405
122604,13,Jogging,2360492290000,2.96,6.44,0.27240697
122605,13,Jogging,2360542247000,-1.84,17.43,15.6634
122606,13,Jogging,2360592418000,-5.82,9.0,-7.8861814
122607,13,Jogging,2360652232000,-6.43,14.75,-5.407278
122608,13,Jogging,2360712230000,7.89,19.57,7.7772183
122609,13,Jogging,2360762218000,-3.6,0.42,5.1348709999999995
122610,13,Jogging,2360812266000,10.92,3.68,7.8180795
122611,13,Jogging,2360862285000,2.79,2.64,6.2108784
122612,13,Jogging,2360912303000,-4.02,4.75,3.2961242
122613,13,Jogging,2360962230000,3.21,17.05,7.436710000000001
122614,13,Jogging,2361012279000,-4.25,19.57,9.343558
122615,13,Jogging,2361062236000,7.5,18.09,-2.1383946
122616,13,Jogging,2361112285000,-1.73,-8.92,-13.783792000000002
122617,13,Jogging,2361162212000,-1.61,-10.38,-15.622539000000002
122618,13,Jogging,2361212260000,-1.92,0.42,8.730642999999999
122619,13,Jogging,2361262187000,3.64,13.57,8.730642999999999
122621,13,Jogging,2361312327000,-0.76,9.11,3.2961242
122620,13,Jogging,2361312327000,-0.76,9.11,3.2961242
122622,13,Jogging,2361412273000,-5.82,15.13,-4.944186
122623,13,Jogging,2361462321000,11.11,19.57,7.6954966
122624,13,Jogging,2361462321000,11.11,19.57,7.6954966
122626,13,Jogging,2361572215000,9.34,5.79,4.671779
122625,13,Jogging,2361572215000,9.34,5.79,4.671779
122628,13,Jogging,2361672221000,-2.18,6.89,2.6423476000000004
122627,13,Jogging,2361672221000,-2.18,6.89,2.6423476000000004
122630,13,Jogging,2361772197000,4.18,19.57,8.430995
122629,13,Jogging,2361772197000,4.18,19.57,8.430995
122632,13,Jogging,2361872203000,-7.55,-14.67,-11.182305
122631,13,Jogging,2361872203000,-7.55,-14.67,-11.182305
122633,13,Jogging,2361972209000,1.57,3.3,-4.2086873
122634,13,Jogging,2361972209000,1.57,3.3,-4.2086873
122636,13,Jogging,2362072215000,-5.05,5.9,-9.302697
122635,13,Jogging,2362072215000,-5.05,5.9,-9.302697
122638,13,Jogging,2362172252000,3.49,19.42,-8.008764
122637,13,Jogging,2362172252000,3.49,19.42,-8.008764
122640,13,Jogging,2362272227000,3.57,-3.95,5.9793324
122639,13,Jogging,2362272227000,3.57,-3.95,5.9793324
122641,13,Jogging,2362372203000,-5.71,0.11,1.7570249
122642,13,Jogging,2362372203000,-5.71,0.11,1.7570249
122643,13,Jogging,2362432353000,1.95,8.92,1.56634
122644,13,Jogging,2362482219000,1.12,19.57,14.601013
122645,13,Jogging,2362532298000,5.01,19.57,1.9204689999999998
122646,13,Jogging,2362582286000,6.24,-0.34,-17.352324
122647,13,Jogging,2362632426000,-5.71,-13.82,-14.941522
122648,13,Jogging,2362692241000,-1.61,-3.11,-11.876944
122649,13,Jogging,2362752269000,2.91,13.67,10.800936
122650,13,Jogging,2362802226000,-1.73,15.85,-1.1441092
122651,13,Jogging,2362852275000,-4.33,-1.08,-10.419566
122652,13,Jogging,2362902232000,-6.59,17.97,-5.8567495
122653,13,Jogging,2362952281000,5.75,19.19,9.00305
122654,13,Jogging,2363002269000,-0.61,-3.98,3.2961242
122655,13,Jogging,2363052318000,11.5,6.59,3.5276701
122656,13,Jogging,2363102244000,-4.9,1.23,1.4982381999999999
122657,13,Jogging,2363152293000,-0.53,8.08,2.5606253
122658,13,Jogging,2363202281000,4.33,19.53,13.797412
122659,13,Jogging,2363252299000,2.83,19.57,5.8976107
122660,13,Jogging,2363302257000,9.51,10.69,-13.375181
122661,13,Jogging,2363360393000,-6.17,-13.95,-17.352324
122662,13,Jogging,2363412334000,-2.83,-3.87,-11.876944
122663,13,Jogging,2363462260000,1.27,1.04,-3.0645783
122664,13,Jogging,2363512279000,0.5,16.17,9.425281
122665,13,Jogging,2363562236000,-0.8,16.89,0.10896278
122666,13,Jogging,2363612285000,-4.06,4.71,-12.9529505
122667,13,Jogging,2363662273000,8.62,19.46,-7.5456724
122668,13,Jogging,2363712260000,-9.89,14.75,11.536434
122669,13,Jogging,2363762279000,7.35,-5.43,5.366417
122670,13,Jogging,2363812266000,8.73,6.55,5.434519
122671,13,Jogging,2363862254000,-3.45,2.34,0.7627395
122672,13,Jogging,2363912273000,2.56,7.5,-0.9942854
122673,13,Jogging,2363962230000,4.06,19.57,15.322891
122674,13,Jogging,2364012279000,2.68,19.57,1.4165162
122675,13,Jogging,2364062236000,7.08,1.14,-14.669114000000002
122676,13,Jogging,2364112285000,-6.55,-11.92,-15.513576500000001
122677,13,Jogging,2364162242000,-1.46,-5.48,-11.795221000000002
122678,13,Jogging,2364212260000,0.69,2.3,-3.8681788
122679,13,Jogging,2364262248000,0.34,17.97,13.593107
122680,13,Jogging,2364312297000,-1.95,14.25,-6.469665
122681,13,Jogging,2364362254000,-5.75,6.78,-9.915613
122682,13,Jogging,2364412273000,5.9,19.53,-4.7943625
122683,13,Jogging,2364462260000,-2.03,15.79,9.915613
122684,13,Jogging,2364512309000,2.56,-3.98,4.944186
122685,13,Jogging,2364562205000,11.3,5.75,2.6832085
122686,13,Jogging,2364612285000,-4.06,1.65,1.3075534
122687,13,Jogging,2364662212000,0.04,5.98,2.152015
122688,13,Jogging,2364712291000,7.63,18.39,10.501288
122689,13,Jogging,2364762248000,-2.64,19.57,6.633109599999999
122690,13,Jogging,2364812266000,10.19,10.92,-9.888372
122691,13,Jogging,2364862224000,-8.81,-11.33,-13.334320000000002
122692,13,Jogging,2364912303000,-1.23,-6.89,-13.756551000000002
122693,13,Jogging,2364962230000,-2.26,1.08,-7.3549875999999985
122694,13,Jogging,2365012279000,1.69,15.89,11.645397
122695,13,Jogging,2365062266000,-3.41,10.23,-4.2086873
122696,13,Jogging,2365112285000,-0.84,5.71,-13.593107
122697,13,Jogging,2365162242000,4.37,19.38,1.9204689999999998
122698,13,Jogging,2365212260000,-4.59,16.02,9.507003
122699,13,Jogging,2365262279000,3.76,-2.87,2.7649305
122700,13,Jogging,2365312266000,10.65,6.02,2.152015
122701,13,Jogging,2365362254000,-3.45,0.93,2.6014863999999998
122702,13,Jogging,2365412273000,0.69,5.52,4.0588636
122703,13,Jogging,2365462260000,9.11,18.7,7.246025
122704,13,Jogging,2365512279000,-5.82,19.57,7.8861814
122705,13,Jogging,2365562205000,7.5,14.56,-5.666064700000001
122706,13,Jogging,2365612285000,-8.69,-14.33,-14.137920999999999
122707,13,Jogging,2365662242000,-2.72,-5.2,-13.593107
122708,13,Jogging,2365712260000,-2.72,-1.23,-8.267551
122709,13,Jogging,2365762218000,4.75,13.67,5.366417
122710,13,Jogging,2365812297000,-0.84,11.11,-1.1441092
122711,13,Jogging,2365862224000,-8.08,11.54,-8.662541000000001
122712,13,Jogging,2365912303000,0.99,17.92,-3.6366330000000002
122713,13,Jogging,2365962199000,3.3,19.34,9.507003
122714,13,Jogging,2366012279000,0.34,-0.65,4.372132
122715,13,Jogging,2366062266000,10.04,5.18,4.0588636
122716,13,Jogging,2366112285000,1.73,-0.76,6.1291566
122717,13,Jogging,2366162212000,-2.49,3.41,7.014479
