,user,label,timestamp,x,y,z
354118,11,Downstairs,2952052348000,1.61,-8.69,0.95342433
354119,11,Downstairs,2952102306000,0.65,-10.88,0.6537767
354120,11,Downstairs,2952152324000,1.23,-10.92,2.0294318
354121,11,Downstairs,2952202281000,-0.23,-13.53,0.9942854
354122,11,Downstairs,2952252330000,0.53,-12.22,-0.38136974
354123,11,Downstairs,2952302348000,0.76,-8.31,-0.9125633
354124,11,Downstairs,2952352306000,2.22,-8.69,-1.4573771999999998
354125,11,Downstairs,2952402873000,4.14,-11.07,-0.10896278
354126,11,Downstairs,2952452373000,5.83,-10.72,0.46309182
354127,11,Downstairs,2952502299000,2.83,-7.5,-3.8681788
354128,11,Downstairs,2952552348000,0.04,-10.5,0.3405087
354129,11,Downstairs,2952602306000,-0.04,-7.82,0.53119355
354130,11,Downstairs,2952652324000,2.07,-6.97,0.84446156
354131,11,Downstairs,2952702312000,1.8,-8.47,1.2258313
354132,11,Downstairs,2952752330000,1.31,-6.36,4.630918
354133,11,Downstairs,2952802348000,2.11,-6.7,-1.7297841
354134,11,Downstairs,2952852306000,0.61,-9.49,0.8036005
354135,11,Downstairs,2952902293000,1.14,-9.72,-0.3405087
354136,11,Downstairs,2952952373000,1.27,-7.82,-1.1168685
354137,11,Downstairs,2953002299000,0.5,-11.73,-0.7218784
354138,11,Downstairs,2953052318000,0.15,-18.39,0.8036005
354139,11,Downstairs,2953102306000,1.04,-18.24,-0.38136974
354140,11,Downstairs,2953152324000,0.8,-9.43,0.19068487
354141,11,Downstairs,2953202312000,0.19,-4.52,0.92618364
354142,11,Downstairs,2953252360000,0.46,-3.34,2.6832085
354143,11,Downstairs,2953302287000,1.61,-4.9,1.9204689999999998
354144,11,Downstairs,2953352458000,2.22,-7.12,3.3778462
354145,11,Downstairs,2953402293000,-0.99,-10.15,4.5219555
354146,11,Downstairs,2953452312000,0.57,-10.65,2.5333846
354147,11,Downstairs,2953502299000,0.93,-15.89,0.92618364
354148,11,Downstairs,2953552318000,7.08,-16.17,1.1168685
354149,11,Downstairs,2953602306000,10.0,-12.6,3.6774937999999993
354150,11,Downstairs,2953652324000,3.38,-6.17,4.2086873
354151,11,Downstairs,2953702312000,0.72,-2.91,1.9204689999999998
354152,11,Downstairs,2953752330000,0.31,-3.34,-0.6537767
354153,11,Downstairs,2953804240000,1.12,-6.17,5.09401
354154,11,Downstairs,2953852306000,4.37,-11.84,3.9499009
354155,11,Downstairs,2953902324000,-0.5,-8.58,0.42223078
354156,11,Downstairs,2953952342000,-0.95,-12.07,-4.0588636
354157,11,Downstairs,2954002391000,0.42,-16.04,-0.42223078
354158,11,Downstairs,2954052318000,1.18,-15.05,1.334794
354159,11,Downstairs,2954102306000,0.76,-15.47,-0.88532263
354160,11,Downstairs,2954152293000,1.04,-8.01,0.23154591
354161,11,Downstairs,2954202312000,0.5,-2.03,5.407278
354162,11,Downstairs,2954252299000,0.57,-2.45,-0.08172209
354163,11,Downstairs,2954304729000,1.76,-3.98,2.2201166000000003
354164,11,Downstairs,2954362315000,1.33,-9.23,0.84446156
354165,11,Downstairs,2954412273000,0.95,-14.79,1.4982381999999999
354166,11,Downstairs,2954462260000,1.92,-19.15,3.214402
354167,11,Downstairs,2954512279000,6.66,-16.21,3.7183550000000003
354168,11,Downstairs,2954562297000,6.44,-10.46,2.3426998
354169,11,Downstairs,2954612285000,2.56,-6.59,2.982856
354170,11,Downstairs,2954662303000,0.8,-5.18,1.5390993
354171,11,Downstairs,2954712230000,0.38,-4.18,-0.0
354172,11,Downstairs,2954762309000,0.08,-2.45,1.4982381999999999
354173,11,Downstairs,2954812541000,2.41,-4.14,0.10896278
354174,11,Downstairs,2954862315000,0.95,-7.01,1.4165162
354175,11,Downstairs,2954912303000,-0.89,-12.37,-1.9885708
354176,11,Downstairs,2954962413000,4.63,-19.61,2.5606253
354177,11,Downstairs,2955012248000,2.49,-18.24,0.6946376999999999
354178,11,Downstairs,2955062297000,0.57,-8.62,-1.6889231
354179,11,Downstairs,2955112285000,1.14,-4.06,-0.08172209
354180,11,Downstairs,2955162303000,0.46,-2.11,0.27240697
354181,11,Downstairs,2955212260000,0.27,-1.18,2.4108016
354182,11,Downstairs,2955262309000,1.38,-2.68,1.9477096999999999
354183,11,Downstairs,2955312572000,-0.99,-10.95,-3.9499009
354184,11,Downstairs,2955362346000,3.79,-17.58,5.284695
354185,11,Downstairs,2955412273000,8.05,-19.61,7.014479
354186,11,Downstairs,2955462291000,4.9,-13.02,2.1792557
354187,11,Downstairs,2955512279000,2.18,-7.31,1.1849703
354188,11,Downstairs,2955570384000,1.33,-4.48,1.4982381999999999
354189,11,Downstairs,2955622417000,0.57,-3.02,0.27240697
354190,11,Downstairs,2955672313000,0.61,-2.91,-1.607201
354191,11,Downstairs,2955722331000,1.31,-4.63,3.8681788
354192,11,Downstairs,2955772288000,-0.04,-7.59,-2.8330324
354193,11,Downstairs,2955822337000,0.69,-10.69,-1.1849703
354194,11,Downstairs,2955872325000,4.29,-19.61,5.366417
354195,11,Downstairs,2955922313000,3.91,-18.73,-1.4573771999999998
354196,11,Downstairs,2955972362000,1.18,-7.55,-0.7218784
354197,11,Downstairs,2956022288000,-0.04,-2.37,2.4108016
354198,11,Downstairs,2956072276000,-0.04,0.11,3.5957718
354200,11,Downstairs,2956172160000,2.26,-4.06,2.1111538
354199,11,Downstairs,2956172160000,2.26,-4.06,2.1111538
354201,11,Downstairs,2956222301000,0.23,-6.93,0.7218784
354202,11,Downstairs,2956272288000,1.84,-17.82,5.284695
354203,11,Downstairs,2956322337000,7.35,-19.61,7.6682559999999995
354204,11,Downstairs,2956372295000,6.09,-15.89,0.46309182
354205,11,Downstairs,2956422313000,4.86,-8.47,0.040861044
354206,11,Downstairs,2956472362000,2.6,-4.63,2.8738932999999998
354207,11,Downstairs,2956522288000,0.95,-5.37,2.3699405
354208,11,Downstairs,2956572398000,0.65,-6.02,0.10896278
354209,11,Downstairs,2956622295000,-0.89,-5.13,5.325556
354210,11,Downstairs,2956672343000,1.99,-6.09,-0.5720546
354211,11,Downstairs,2956722301000,1.12,-7.65,1.3075534
354212,11,Downstairs,2956772319000,1.23,-10.34,0.88532263
354213,11,Downstairs,2956822307000,3.06,-18.31,-1.4165162
354214,11,Downstairs,2956872325000,1.38,-19.61,-1.8387468999999996
354215,11,Downstairs,2956922282000,1.76,-14.86,0.313268
354216,11,Downstairs,2956972392000,1.42,-7.55,4.4810944
354217,11,Downstairs,2957022288000,0.0,-2.83,5.0531489999999994
354218,11,Downstairs,2957072337000,0.61,-2.87,-0.5720546
354219,11,Downstairs,2957122264000,1.38,-2.87,-0.3405087
354220,11,Downstairs,2957172343000,1.73,-6.24,-0.29964766
354221,11,Downstairs,2957222301000,0.31,-9.47,0.10896278
354222,11,Downstairs,2957272319000,1.04,-12.72,1.4165162
354223,11,Downstairs,2957322307000,5.67,-19.61,0.7218784
354224,11,Downstairs,2957372295000,5.09,-18.05,4.2495484
354225,11,Downstairs,2957422313000,4.14,-8.5,0.7627395
354226,11,Downstairs,2957472331000,1.92,-4.82,3.4050870000000004
354227,11,Downstairs,2957522319000,1.46,-6.59,1.607201
354228,11,Downstairs,2957572398000,1.84,-8.39,-0.19068487
354229,11,Downstairs,2957622295000,-0.65,-7.16,2.3426998
354230,11,Downstairs,2957672343000,1.27,-8.47,1.9885708
354231,11,Downstairs,2957722301000,1.54,-6.05,0.23154591
354232,11,Downstairs,2957772319000,1.18,-6.59,0.61291564
354233,11,Downstairs,2957822307000,1.84,-8.81,0.7218784
354234,11,Downstairs,2957872295000,1.04,-10.53,-0.7627395
354235,11,Downstairs,2957922313000,1.46,-15.6,-1.56634
354236,11,Downstairs,2957972453000,3.17,-17.77,0.6537767
354237,11,Downstairs,2958022288000,0.95,-15.4,0.95342433
354238,11,Downstairs,2958072337000,1.27,-9.92,0.84446156
354239,11,Downstairs,2958122295000,0.15,-4.37,6.170017700000001
354240,11,Downstairs,2958172343000,1.92,-7.78,0.38136974
354241,11,Downstairs,2958222301000,0.23,-6.7,0.313268
354243,11,Downstairs,2958272319000,0.34,-7.5,0.6537767
354242,11,Downstairs,2958272319000,0.34,-7.5,0.6537767
354244,11,Downstairs,2958382243000,1.08,-9.77,1.1168685
354245,11,Downstairs,2958382243000,1.08,-9.77,1.1168685
354246,11,Downstairs,2958482310000,1.57,-15.32,-0.7627395
354247,11,Downstairs,2958482310000,1.57,-15.32,-0.7627395
354249,11,Downstairs,2958582255000,6.78,-14.52,-1.7297841
354248,11,Downstairs,2958582255000,6.78,-14.52,-1.7297841
354250,11,Downstairs,2958682231000,2.49,-8.54,-0.27240697
354251,11,Downstairs,2958682231000,2.49,-8.54,-0.27240697
354253,11,Downstairs,2958782237000,0.46,-6.66,0.23154591
354252,11,Downstairs,2958782237000,0.46,-6.66,0.23154591
354254,11,Downstairs,2958882243000,2.41,-9.66,-0.0
354255,11,Downstairs,2958882243000,2.41,-9.66,-0.0
354256,11,Downstairs,2958982310000,-0.08,-12.87,-2.8330324
354257,11,Downstairs,2958982310000,-0.08,-12.87,-2.8330324
354258,11,Downstairs,2959082286000,-0.34,-8.35,1.4165162
354259,11,Downstairs,2959082286000,-0.34,-8.35,1.4165162
354260,11,Downstairs,2959182262000,-3.15,-12.56,-1.7978859
354261,11,Downstairs,2959182262000,-3.15,-12.56,-1.7978859
354263,11,Downstairs,2959282268000,3.15,-7.93,8.390134
354262,11,Downstairs,2959282268000,3.15,-7.93,8.390134
354264,11,Downstairs,2959382243000,0.57,-10.19,1.1441092
354265,11,Downstairs,2959382243000,0.57,-10.19,1.1441092
354266,11,Downstairs,2959482280000,1.33,-12.22,1.2258313
354267,11,Downstairs,2959482280000,1.33,-12.22,1.2258313
354268,11,Downstairs,2959582255000,1.73,-10.72,-0.08172209
354269,11,Downstairs,2959582255000,1.73,-10.72,-0.08172209
354270,11,Downstairs,2959682262000,4.48,-10.0,-0.040861044
354271,11,Downstairs,2959682262000,4.48,-10.0,-0.040861044
354273,11,Downstairs,2959782237000,1.46,-8.12,-1.4165162
354272,11,Downstairs,2959782237000,1.46,-8.12,-1.4165162
354275,11,Downstairs,2959882243000,2.3,-9.04,7.6682559999999995
354274,11,Downstairs,2959882243000,2.3,-9.04,7.6682559999999995
354276,11,Downstairs,2959982310000,0.0,-9.85,2.2201166000000003
354277,11,Downstairs,2959982310000,0.0,-9.85,2.2201166000000003
354279,11,Downstairs,2960082286000,0.27,-15.51,-0.040861044
354278,11,Downstairs,2960082286000,0.27,-15.51,-0.040861044
354281,11,Downstairs,2960182262000,1.88,-8.47,0.14982383
354280,11,Downstairs,2960182262000,1.88,-8.47,0.14982383
354283,11,Downstairs,2960282329000,-0.72,-8.24,-0.27240697
354282,11,Downstairs,2960282329000,-0.72,-8.24,-0.27240697
354285,11,Downstairs,2960382274000,1.38,-12.26,1.5390993
354284,11,Downstairs,2960382274000,1.38,-12.26,1.5390993
354286,11,Downstairs,2960432292000,-0.04,-8.01,6.4015636
354287,11,Downstairs,2960532237000,1.57,-9.28,0.9942854
354289,11,Downstairs,2960582255000,1.27,-7.82,1.6480621
354288,11,Downstairs,2960582255000,1.27,-7.82,1.6480621
354291,11,Downstairs,2960682262000,0.8,-6.32,0.84446156
354290,11,Downstairs,2960682262000,0.8,-6.32,0.84446156
354292,11,Downstairs,2960782268000,0.53,-8.88,2.4108016
354293,11,Downstairs,2960782268000,0.53,-8.88,2.4108016
354294,11,Downstairs,2960882274000,2.07,-14.37,0.7218784
354295,11,Downstairs,2960882274000,2.07,-14.37,0.7218784
354297,11,Downstairs,2960982310000,7.55,-14.4,2.8738932999999998
354296,11,Downstairs,2960982310000,7.55,-14.4,2.8738932999999998
354298,11,Downstairs,2961082286000,1.14,-5.24,1.6889231
354299,11,Downstairs,2961082286000,1.14,-5.24,1.6889231
354300,11,Downstairs,2961132304000,1.12,-5.75,0.8036005
354301,11,Downstairs,2961182353000,1.88,-8.08,0.313268
354302,11,Downstairs,2961243632000,0.69,-6.82,2.2609777
354303,11,Downstairs,2961292888000,3.87,-6.78,2.1111538
354304,11,Downstairs,2961342876000,1.65,-9.81,0.88532263
354305,11,Downstairs,2961392863000,1.46,-9.28,-0.88532263
354306,11,Downstairs,2961442821000,1.38,-12.79,-0.38136974
354307,11,Downstairs,2961492839000,1.76,-19.3,0.040861044
354308,11,Downstairs,2961542888000,0.0,-15.28,-0.08172209
354309,11,Downstairs,2961592692000,0.27,-9.58,-0.29964766
354310,11,Downstairs,2961642802000,0.19,-5.33,0.19068487
354311,11,Downstairs,2961692882000,0.27,-3.6,5.5571017
354312,11,Downstairs,2961802165000,0.93,-8.35,5.5571017
354313,11,Downstairs,2961802165000,0.93,-8.35,5.5571017
354314,11,Downstairs,2961852367000,0.46,-7.21,3.3778462
354315,11,Downstairs,2961902446000,1.31,-13.67,1.4573771999999998
354316,11,Downstairs,2961952342000,4.52,-19.3,2.7649305
354317,11,Downstairs,2962002330000,8.47,-15.43,3.214402
