,user,label,timestamp,x,y,z
125153,13,Jogging,2488142192000,-4.25,-7.27,-12.5579605
125155,13,Jogging,2488242229000,5.05,15.32,6.823794400000001
125156,13,Jogging,2488292277000,-2.18,10.65,-3.1463002999999996
125157,13,Jogging,2488342265000,-5.13,6.55,-10.61025
125158,13,Jogging,2488392222000,4.44,18.24,1.0351465
125159,13,Jogging,2488442271000,-5.82,17.69,3.7592160000000003
125160,13,Jogging,2488492290000,2.11,-1.76,4.7535014
125161,13,Jogging,2488542308000,10.34,7.5,2.9556155
125162,13,Jogging,2488592235000,-2.72,0.19,5.325556
125163,13,Jogging,2488642314000,-0.91,3.11,5.938472
125164,13,Jogging,2488692241000,6.4,15.32,7.014479
125165,13,Jogging,2488742290000,2.18,19.57,8.894086999999999
125166,13,Jogging,2488792277000,6.78,15.43,-1.1168685
125167,13,Jogging,2488842326000,-3.76,-7.78,-11.372991
125168,13,Jogging,2488892284000,-3.45,-6.32,-11.032481
125169,13,Jogging,2488942302000,-4.37,-3.36,-11.141444
125170,13,Jogging,2488992290000,6.02,12.37,7.055340299999999
125171,13,Jogging,2489042308000,-1.73,17.73,0.46309182
125172,13,Jogging,2489092235000,-6.55,2.56,-9.724928
125173,13,Jogging,2489142314000,-7.01,16.74,-3.173541
125174,13,Jogging,2489192241000,7.97,19.53,9.302697
125175,13,Jogging,2489242290000,1.65,0.69,3.9499009
125176,13,Jogging,2489292247000,10.57,4.94,8.049625
125177,13,Jogging,2489342265000,-1.04,1.08,6.633109599999999
125178,13,Jogging,2489392253000,-2.41,2.34,3.7183550000000003
125179,13,Jogging,2489442271000,5.67,13.95,3.9090397000000006
125180,13,Jogging,2489492320000,-0.69,19.57,11.495573
125181,13,Jogging,2489542308000,7.63,19.15,3.9499009
125182,13,Jogging,2489592235000,3.38,-6.59,-14.519291
125183,13,Jogging,2489642284000,-8.2,-9.3,-12.830366999999999
125184,13,Jogging,2489692241000,-2.75,-3.72,-10.56939
125185,13,Jogging,2489742290000,4.06,9.51,3.2552630000000002
125186,13,Jogging,2489792216000,1.54,15.51,8.349273
125187,13,Jogging,2489842296000,-3.87,6.17,-6.633109599999999
125188,13,Jogging,2489892222000,-7.5,16.51,-1.334794
125189,13,Jogging,2489942332000,11.18,19.57,-1.3756552
125190,13,Jogging,2489992259000,-2.83,8.89,9.507003
125191,13,Jogging,2490042308000,5.41,1.88,7.205164
125192,13,Jogging,2490092235000,6.55,3.99,1.8387468999999996
125193,13,Jogging,2490142284000,-4.14,-1.61,-0.38136974
125194,13,Jogging,2490192485000,1.73,9.72,1.9477096999999999
125195,13,Jogging,2490243663000,4.25,19.57,13.565866
125196,13,Jogging,2490292216000,3.11,19.57,3.336985
125197,13,Jogging,2490342357000,5.79,5.71,-8.962189
125198,13,Jogging,2490402232000,-8.05,-11.14,-13.525004999999998
125199,13,Jogging,2490402232000,-8.05,-11.14,-13.525004999999998
125200,13,Jogging,2490512248000,3.79,9.23,2.982856
125201,13,Jogging,2490562266000,0.89,15.6,6.170017700000001
125202,13,Jogging,2490612285000,-5.18,7.21,-3.8681788
125203,13,Jogging,2490662273000,-3.26,14.94,-3.6774937999999993
125205,13,Jogging,2490712230000,8.96,19.57,3.7592160000000003
125204,13,Jogging,2490712230000,8.96,19.57,3.7592160000000003
125207,13,Jogging,2490812205000,8.69,3.68,6.633109599999999
125208,13,Jogging,2490812205000,8.69,3.68,6.633109599999999
125206,13,Jogging,2490812205000,8.69,3.68,6.633109599999999
125210,13,Jogging,2490862254000,6.36,0.11,6.973617999999999
125209,13,Jogging,2490862254000,6.36,0.11,6.973617999999999
125212,13,Jogging,2491162120000,-6.93,-10.23,-12.830366999999999
125213,13,Jogging,2491162120000,-6.93,-10.23,-12.830366999999999
125214,13,Jogging,2491262218000,8.31,11.8,6.3198414000000005
125215,13,Jogging,2491312266000,0.93,10.53,0.08172209
125216,13,Jogging,2491362163000,-6.89,7.74,-2.2201166000000003
125217,13,Jogging,2491412211000,-6.51,16.25,-3.214402
125218,13,Jogging,2491462627000,8.39,19.57,6.2789803
125219,13,Jogging,2491512340000,1.38,2.6,4.3993720000000005
125222,13,Jogging,2491562266000,12.57,5.01,4.7126402999999994
125220,13,Jogging,2491562266000,12.57,5.01,4.7126402999999994
125221,13,Jogging,2491562266000,12.57,5.01,4.7126402999999994
125226,13,Jogging,2491742229000,-4.33,19.57,6.823794400000001
125225,13,Jogging,2491742229000,-4.33,19.57,6.823794400000001
125227,13,Jogging,2491742229000,-4.33,19.57,6.823794400000001
125229,13,Jogging,2491953624000,-2.68,-2.83,-10.106297999999999
125230,13,Jogging,2492002788000,4.44,7.93,3.7864565999999997
125231,13,Jogging,2492052226000,-1.69,14.29,6.4424243
125232,13,Jogging,2492102275000,-4.56,10.99,-6.2789803
125233,13,Jogging,2492152263000,-5.48,13.63,-4.2086873
125234,13,Jogging,2492202342000,12.26,19.57,5.175732
125235,13,Jogging,2492262279000,-1.33,6.4,8.580819
125236,13,Jogging,2492312205000,13.38,1.04,6.66035
125237,13,Jogging,2492312205000,13.38,1.04,6.66035
125239,13,Jogging,2492412120000,-4.06,5.83,3.8273177000000005
125238,13,Jogging,2492412120000,-4.06,5.83,3.8273177000000005
125242,13,Jogging,2492522136000,-1.04,19.57,3.990762
125240,13,Jogging,2492522136000,-1.04,19.57,3.990762
125244,13,Jogging,2492522136000,-1.04,19.57,3.990762
125241,13,Jogging,2492522136000,-1.04,19.57,3.990762
125243,13,Jogging,2492522136000,-1.04,19.57,3.990762
125246,13,Jogging,2492803111000,-0.3,15.83,9.888372
125247,13,Jogging,2492852611000,-2.87,7.82,-7.7363577
125248,13,Jogging,2492852611000,-2.87,7.82,-7.7363577
125249,13,Jogging,2492952342000,11.69,19.57,2.152015
125250,13,Jogging,2493002391000,-6.21,8.28,10.419566
125251,13,Jogging,2493052287000,4.6,1.76,5.0531489999999994
125252,13,Jogging,2493052287000,4.6,1.76,5.0531489999999994
125254,13,Jogging,2493102367000,8.01,1.88,3.4459480000000005
125253,13,Jogging,2493102367000,8.01,1.88,3.4459480000000005
125256,13,Jogging,2493242351000,7.12,16.55,7.3958488
125257,13,Jogging,2493292644000,-6.24,19.57,7.164303
125258,13,Jogging,2493292644000,-6.24,19.57,7.164303
125259,13,Jogging,2493292644000,-6.24,19.57,7.164303
125262,13,Jogging,2493543101000,4.25,13.57,9.888372
125263,13,Jogging,2493592235000,-2.26,9.58,-0.9125633
125264,13,Jogging,2493642406000,-4.29,9.15,-11.75436
125265,13,Jogging,2493692271000,5.75,19.19,-1.1441092
125266,13,Jogging,2493742320000,-4.63,17.31,10.923519
125268,13,Jogging,2493802257000,5.18,-0.99,5.5162406
125267,13,Jogging,2493802257000,5.18,-0.99,5.5162406
125269,13,Jogging,2493862437000,5.63,3.6,5.5571017
125270,13,Jogging,2493912120000,-4.59,-0.5,-0.8036005
125273,13,Jogging,2493973003000,4.06,10.12,1.4165162
125271,13,Jogging,2493973003000,4.06,10.12,1.4165162
125272,13,Jogging,2493973003000,4.06,10.12,1.4165162
125274,13,Jogging,2494053447000,0.57,19.57,8.921327999999999
125276,13,Jogging,2494232158000,-4.94,-3.15,-9.534244000000001
125277,13,Jogging,2494282298000,4.37,7.08,0.7627395
125278,13,Jogging,2494332225000,4.52,17.05,8.853226
125279,13,Jogging,2494382365000,-6.51,11.3,-2.4925237
125280,13,Jogging,2494432231000,-7.31,15.66,-1.3075534
125281,13,Jogging,2494482310000,10.19,19.57,3.1463002999999996
125282,13,Jogging,2494532268000,-5.67,9.81,8.962189
125284,13,Jogging,2494582286000,6.09,0.15,7.4639505999999995
125285,13,Jogging,2494582286000,6.09,0.15,7.4639505999999995
125283,13,Jogging,2494582286000,6.09,0.15,7.4639505999999995
125287,13,Jogging,2494782146000,7.74,19.53,12.367275999999999
125288,13,Jogging,2494782146000,7.74,19.53,12.367275999999999
125289,13,Jogging,2494782146000,7.74,19.53,12.367275999999999
125291,13,Jogging,2494963695000,-4.75,-5.43,-13.102775
125292,13,Jogging,2495012157000,-4.44,-0.46,-10.079058
125293,13,Jogging,2495062541000,5.83,14.52,7.246025
125294,13,Jogging,2495112437000,0.95,9.47,-1.1849703
125295,13,Jogging,2495162364000,-7.55,11.56,-6.851035
125296,13,Jogging,2495212321000,-2.56,18.92,1.9477096999999999
125297,13,Jogging,2495262279000,3.95,19.57,11.917805
125299,13,Jogging,2495322337000,4.37,-4.02,3.2961242
125298,13,Jogging,2495322337000,4.37,-4.02,3.2961242
125300,13,Jogging,2495383342000,6.17,6.66,6.0474343
125301,13,Jogging,2495432872000,-6.05,0.53,-0.9125633
125302,13,Jogging,2495483440000,3.99,6.17,2.6014863999999998
125303,13,Jogging,2495532939000,8.01,19.42,13.756551000000002
125304,13,Jogging,2495583476000,4.63,19.57,7.6682559999999995
125305,13,Jogging,2495633006000,5.43,4.52,-12.871228
125306,13,Jogging,2495683513000,-8.05,-10.15,-14.1787815
125307,13,Jogging,2495733012000,-5.13,-6.78,-13.715691
125308,13,Jogging,2495783580000,-0.76,3.64,-4.1814466
125309,13,Jogging,2495833079000,4.06,18.47,16.821129
125310,13,Jogging,2495883586000,-3.06,0.42,-7.04172
125311,13,Jogging,2495933116000,-9.62,16.59,-6.633109599999999
125312,13,Jogging,2495983684000,11.84,19.57,3.4868089999999996
125313,13,Jogging,2496033122000,-8.73,15.55,10.460427000000001
125314,13,Jogging,2496083629000,3.53,-2.07,5.47538
125315,13,Jogging,2496132487000,11.41,5.18,2.152015
125316,13,Jogging,2496186961000,-2.14,0.61,0.6946376999999999
125317,13,Jogging,2496186961000,-2.14,0.61,0.6946376999999999
125320,13,Jogging,2496312999000,5.6,19.57,13.334320000000002
125319,13,Jogging,2496312999000,5.6,19.57,13.334320000000002
125322,13,Jogging,2496492168000,-5.43,-5.43,-11.454713
125324,13,Jogging,2496542155000,0.23,2.41,-4.671779
125323,13,Jogging,2496542155000,0.23,2.41,-4.671779
125325,13,Jogging,2496642345000,-4.21,10.0,-9.112013000000001
125326,13,Jogging,2496692271000,-4.67,8.47,-10.079058
125327,13,Jogging,2496742351000,11.65,19.57,2.4925237
125328,13,Jogging,2496792277000,-6.85,16.02,12.217452
125331,13,Jogging,2496842296000,5.13,-1.84,4.944186
125329,13,Jogging,2496842296000,5.13,-1.84,4.944186
125332,13,Jogging,2496842296000,5.13,-1.84,4.944186
125330,13,Jogging,2496842296000,5.13,-1.84,4.944186
125335,13,Jogging,2497142222000,4.75,2.18,-14.437569
125336,13,Jogging,2497242229000,-5.18,-3.91,-13.293459
125338,13,Jogging,2497292247000,2.83,6.28,2.2609777
125337,13,Jogging,2497292247000,2.83,6.28,2.2609777
125340,13,Jogging,2497392222000,-4.59,12.64,-8.499097
125339,13,Jogging,2497392222000,-4.59,12.64,-8.499097
125341,13,Jogging,2497492259000,5.22,19.57,9.615966
125342,13,Jogging,2497542277000,1.61,-0.57,5.706926
125343,13,Jogging,2497592235000,9.89,6.82,6.238119
125344,13,Jogging,2497642284000,-1.99,0.57,4.018002500000001
125345,13,Jogging,2497692241000,-1.84,5.94,6.701211
125346,13,Jogging,2497742259000,9.3,18.31,8.049625
125347,13,Jogging,2497792216000,-7.25,19.57,5.8976107
125348,13,Jogging,2497842296000,5.71,14.48,-4.2495484
125349,13,Jogging,2497892497000,-2.91,-14.1,-14.941522
125350,13,Jogging,2497942271000,-2.53,-6.43,-13.783792000000002
125351,13,Jogging,2497992229000,-4.21,-2.83,-11.536434
125352,13,Jogging,2498042277000,5.01,12.53,5.407278
125353,13,Jogging,2498092204000,0.84,14.44,7.055340299999999
125354,13,Jogging,2498142284000,-7.82,11.5,-8.662541000000001
125355,13,Jogging,2498192210000,-6.21,15.36,-0.42223078
125356,13,Jogging,2498242259000,10.04,19.57,6.742072
125357,13,Jogging,2498292216000,-3.41,4.79,6.823794400000001
125358,13,Jogging,2498342265000,11.11,3.87,8.240311
125359,13,Jogging,2498392222000,0.19,2.26,5.9793324
125360,13,Jogging,2498442241000,-2.37,1.12,0.46309182
125361,13,Jogging,2498492259000,3.21,5.83,1.4165162
125362,13,Jogging,2498542277000,6.82,19.57,15.554437
125363,13,Jogging,2498592235000,5.86,19.57,2.5333846
125364,13,Jogging,2498642253000,5.79,1.88,-14.056199
125365,13,Jogging,2498692210000,-9.92,-8.39,-17.461287
125366,13,Jogging,2498742290000,-4.02,-5.86,-11.372991
125367,13,Jogging,2498792216000,0.5,2.79,-1.3756552
125368,13,Jogging,2498842265000,0.53,17.86,12.871228
