,user,label,timestamp,x,y,z
524140,14,Jogging,59926142314000,9.85,10.73,-1.04
524141,14,Jogging,59926192333000,16.63,2.11,12.45
524142,14,Jogging,59926242260000,7.78,-1.14,4.71
524143,14,Jogging,59926292308000,12.95,7.59,-2.22
524144,14,Jogging,59926342296000,19.57,18.77,-6.66
524145,14,Jogging,59926392314000,13.18,19.38,-12.56
524146,14,Jogging,59926442302000,-7.35,9.43,4.52
524147,14,Jogging,59926492290000,-7.5,2.34,4.02
524148,14,Jogging,59926542308000,-1.84,1.08,5.37
524149,14,Jogging,59926592296000,12.41,-5.94,-0.38
524150,14,Jogging,59926642314000,6.02,9.43,-1.04
524151,14,Jogging,59926692333000,7.31,19.57,-2.53
524152,14,Jogging,59926742290000,2.34,12.68,-3.3
524153,14,Jogging,59926792308000,1.69,11.37,-7.5
524154,14,Jogging,59926842296000,8.43,12.91,-4.18
524155,14,Jogging,59926892314000,14.18,12.07,-1.27
524156,14,Jogging,59926942333000,14.71,-3.26,16.93
524157,14,Jogging,59926992290000,7.06,-2.96,2.72
524158,14,Jogging,59927042308000,12.41,8.24,-1.14
524159,14,Jogging,59927092296000,19.57,19.53,-4.52
524160,14,Jogging,59927142314000,9.51,19.27,-14.02
524161,14,Jogging,59927192333000,-8.81,8.31,10.53
524162,14,Jogging,59927242290000,-1.38,2.22,0.23
524163,14,Jogging,59927292308000,-2.11,-4.02,7.25
524164,14,Jogging,59927342296000,9.11,-5.94,-0.5
524165,14,Jogging,59927392314000,8.2,9.77,-2.3
524166,14,Jogging,59927442302000,6.05,19.57,-3.15
524167,14,Jogging,59927492321000,2.07,12.22,-0.23
524168,14,Jogging,59927542308000,5.24,8.16,-7.44
524169,14,Jogging,59927592296000,9.08,12.07,-4.63
524170,14,Jogging,59927642314000,11.96,11.41,-2.41
524171,14,Jogging,59927692302000,16.4,0.23,8.62
524172,14,Jogging,59927742290000,9.92,-1.5,8.92
524173,14,Jogging,59927792308000,16.63,12.87,-4.18
524174,14,Jogging,59927842296000,19.46,19.57,-10.95
524175,14,Jogging,59927892376000,3.26,17.73,-11.84
524176,14,Jogging,59927942302000,-9.66,6.44,8.16
524177,14,Jogging,59927992290000,-3.87,3.76,0.57
524178,14,Jogging,59928042369000,0.5,-2.98,1.95
524179,14,Jogging,59928092327000,8.69,-3.15,0.84
524180,14,Jogging,59928142314000,6.51,16.36,-1.5
524181,14,Jogging,59928192302000,5.9,18.09,-6.66
524182,14,Jogging,59928242290000,4.4,10.99,-3.34
524183,14,Jogging,59928292308000,6.47,9.77,-6.74
524184,14,Jogging,59928342296000,9.04,10.69,-1.84
524185,14,Jogging,59928392314000,12.03,8.62,5.05
524186,14,Jogging,59928442302000,13.38,-2.41,14.79
524187,14,Jogging,59928492290000,14.75,8.31,-1.14
524188,14,Jogging,59928542308000,19.53,18.96,-3.57
524189,14,Jogging,59928592296000,11.3,19.57,-17.46
524190,14,Jogging,59928642314000,-7.25,9.77,3.91
524191,14,Jogging,59928692302000,-5.41,2.18,4.6
524192,14,Jogging,59928742290000,-4.25,-0.46,1.88
524193,14,Jogging,59928792247000,6.97,-8.43,3.41
524194,14,Jogging,59928842296000,6.74,8.92,-1.95
524195,14,Jogging,59928892314000,6.7,19.57,-8.16
524196,14,Jogging,59928942302000,5.9,12.87,-2.91
524197,14,Jogging,59928992290000,5.33,8.81,-5.01
524198,14,Jogging,59929042308000,8.08,12.53,-3.72
524199,14,Jogging,59929092327000,10.46,10.65,-0.91
524200,14,Jogging,59929142314000,17.35,-2.96,17.86
524201,14,Jogging,59929192333000,9.11,-0.76,2.07
524202,14,Jogging,59929242290000,15.47,12.95,-2.98
524203,14,Jogging,59929292308000,19.53,19.57,-10.53
524204,14,Jogging,59929342296000,3.68,17.2,-11.92
524205,14,Jogging,59929392314000,-10.0,7.01,8.5
524206,14,Jogging,59929442302000,-3.53,3.02,-1.18
524207,14,Jogging,59929492290000,0.11,-4.44,4.82
524208,14,Jogging,59929542308000,2.41,-4.56,-1.42
524209,14,Jogging,59929592357000,4.33,7.82,-2.03
524210,14,Jogging,59929642314000,10.31,19.57,-7.59
524211,14,Jogging,59929692302000,6.24,10.38,-4.4
524212,14,Jogging,59929742290000,6.89,7.89,-2.83
524213,14,Jogging,59929792308000,9.92,10.99,-3.72
524214,14,Jogging,59929842296000,10.99,10.15,-0.89
524215,14,Jogging,59929892314000,14.71,-4.4,18.28
524216,14,Jogging,59929942302000,10.57,-0.46,1.12
524217,14,Jogging,59929992260000,16.13,12.15,-3.76
524218,14,Jogging,59930042308000,19.31,19.57,-12.34
524219,14,Jogging,59930092296000,2.3,16.25,-4.99
524220,14,Jogging,59930142314000,-4.33,6.4,2.49
524221,14,Jogging,59930192302000,-2.45,2.83,0.23
524222,14,Jogging,59930242260000,5.09,-0.42,3.49
524223,14,Jogging,59930292308000,4.14,-2.03,-0.08
524224,14,Jogging,59930342296000,3.64,6.4,-1.99
524225,14,Jogging,59930392314000,5.43,19.57,-4.21
524226,14,Jogging,59930442333000,4.79,12.41,-2.03
524227,14,Jogging,59930492260000,9.04,11.37,-4.44
524228,14,Jogging,59930542308000,11.84,10.92,-4.33
524229,14,Jogging,59930592296000,13.82,8.54,1.76
524230,14,Jogging,59930642314000,16.25,-4.33,17.12
524231,14,Jogging,59930692302000,7.5,-4.37,4.75
524232,14,Jogging,59930742290000,12.68,7.89,-2.22
524233,14,Jogging,59930792308000,19.57,19.23,-6.21
524234,14,Jogging,59930842296000,12.49,19.53,-11.99
524235,14,Jogging,59930898937000,-7.27,9.58,9.23
524236,14,Jogging,59930898937000,-7.27,9.58,9.23
524237,14,Jogging,59930952282000,-0.95,4.67,-1.53
524238,14,Jogging,59931002300000,-5.48,-1.95,7.4
524239,14,Jogging,59931052349000,3.68,-7.59,-3.26
524240,14,Jogging,59931102336000,2.56,3.3,-0.89
524241,14,Jogging,59931152324000,5.18,18.66,-2.49
524242,14,Jogging,59931202343000,4.71,16.93,-3.72
524243,14,Jogging,59931252330000,7.12,9.92,-7.78
524244,14,Jogging,59931302349000,13.82,13.1,-5.6
524245,14,Jogging,59931352336000,17.54,12.45,-2.34
524246,14,Jogging,59931402324000,14.71,1.18,18.09
524247,14,Jogging,59931452343000,7.93,-0.99,2.26
524248,14,Jogging,59931502330000,13.48,10.5,-1.76
524249,14,Jogging,59931552349000,19.57,19.53,-5.56
524250,14,Jogging,59931602306000,11.75,19.53,-16.59
524251,14,Jogging,59931652324000,-9.66,8.31,7.5
524252,14,Jogging,59931702343000,-4.44,3.6,-0.57
524253,14,Jogging,59931752330000,-4.14,-4.21,3.15
524254,14,Jogging,59931802349000,3.38,-7.35,4.52
524255,14,Jogging,59931852336000,0.34,5.83,-0.8
524256,14,Jogging,59931902263000,1.54,19.04,-6.7
524257,14,Jogging,59931952343000,4.18,17.88,-4.67
524258,14,Jogging,59932002330000,9.38,14.02,-5.82
524259,14,Jogging,59932052288000,12.95,13.14,-4.18
524260,14,Jogging,59932102336000,16.89,11.45,-0.08
524261,14,Jogging,59932152324000,16.51,-1.46,18.92
524262,14,Jogging,59932202343000,7.12,-2.26,3.06
524263,14,Jogging,59932252330000,15.47,10.34,-2.26
524264,14,Jogging,59932302318000,19.57,19.57,-10.38
524265,14,Jogging,59932352336000,6.21,18.89,-11.11
524266,14,Jogging,59932402324000,-14.02,7.55,10.73
524267,14,Jogging,59932452282000,-3.36,0.34,0.5
524268,14,Jogging,59932502330000,-1.61,-2.37,7.59
524269,14,Jogging,59932552349000,2.79,-2.87,-1.84
524270,14,Jogging,59932605114000,3.79,7.16,-1.38
524271,14,Jogging,59932662365000,6.97,19.57,-7.31
524272,14,Jogging,59932722301000,6.63,10.04,-4.02
524273,14,Jogging,59932772319000,10.95,10.19,-3.98
524274,14,Jogging,59932822338000,10.53,9.96,-1.12
524275,14,Jogging,59932872325000,13.99,3.64,11.92
524276,14,Jogging,59932922344000,10.73,-5.41,12.98
524277,14,Jogging,59932972332000,7.93,2.79,-0.65
524278,14,Jogging,59933022319000,18.28,16.82,-5.24
524279,14,Jogging,59933072338000,15.36,19.57,-11.88
524280,14,Jogging,59933122325000,-6.4,9.92,6.05
524281,14,Jogging,59933172374000,-4.14,2.79,3.64
524282,14,Jogging,59933222332000,-2.6,-0.91,6.05
524283,14,Jogging,59933272319000,8.2,-4.06,-2.56
524284,14,Jogging,59933322338000,9.15,0.34,-1.14
524285,14,Jogging,59933372325000,8.43,16.7,-1.27
524286,14,Jogging,59933442333000,3.76,18.12,-3.45
524287,14,Jogging,59933492260000,3.17,9.34,-4.52
524288,14,Jogging,59933542339000,5.09,10.61,-6.43
524289,14,Jogging,59933592266000,11.41,13.1,-1.8
524290,14,Jogging,59933642314000,13.29,5.41,1.69
524291,14,Jogging,59933692302000,13.95,-7.04,14.82
524292,14,Jogging,59933742290000,11.11,3.99,-4.44
524293,14,Jogging,59933792339000,19.46,18.7,-6.21
524294,14,Jogging,59933842479000,9.0,19.53,-14.67
524295,14,Jogging,59933892314000,-9.28,11.37,8.54
524296,14,Jogging,59933942302000,-2.45,3.53,0.38
524297,14,Jogging,59933992260000,-0.46,-2.87,5.71
524298,14,Jogging,59934042308000,13.06,-4.37,-1.57
524299,14,Jogging,59934092296000,8.01,3.57,-2.18
524300,14,Jogging,59934142314000,6.89,18.47,-1.23
524301,14,Jogging,59934192302000,1.18,16.86,-2.41
524302,14,Jogging,59934242290000,4.18,12.03,-3.57
524303,14,Jogging,59934292308000,7.01,10.53,-8.54
524304,14,Jogging,59934342296000,11.96,11.73,-1.99
524305,14,Jogging,59934392314000,12.57,7.16,-1.27
524306,14,Jogging,59934442333000,12.15,-5.43,16.4
524307,14,Jogging,59934492290000,8.16,-0.11,-1.27
524308,14,Jogging,59934542308000,17.16,13.91,-2.49
524309,14,Jogging,59934592296000,18.12,19.57,-12.34
524310,14,Jogging,59934642314000,-0.38,12.41,-2.45
524311,14,Jogging,59934692302000,-5.52,5.09,5.86
524312,14,Jogging,59934742290000,-5.01,1.92,4.18
524313,14,Jogging,59934792339000,3.79,-2.83,-3.87
524314,14,Jogging,59934842296000,17.47,-1.57,1.92
524315,14,Jogging,59934892314000,14.75,19.0,-0.91
524316,14,Jogging,59934942333000,0.69,16.02,-4.63
524317,14,Jogging,59934992260000,-1.27,10.99,-2.64
524318,14,Jogging,59935042308000,-8.54,9.34,-5.28
524319,14,Jogging,59935092296000,3.83,7.44,-0.91
524320,14,Jogging,59935142314000,9.51,11.92,-3.79
524321,14,Jogging,59935192302000,18.01,11.07,0.72
524322,14,Jogging,59935192302000,18.01,11.07,0.72
524323,14,Jogging,59935280529000,16.63,2.34,8.58
524324,14,Jogging,59935280529000,16.63,2.34,8.58
524325,14,Jogging,59935352123000,12.6,13.63,0.23
524326,14,Jogging,59935402263000,11.75,19.57,-6.28
524327,14,Jogging,59935452282000,-0.89,17.62,-13.1
524328,14,Jogging,59935502330000,-0.72,5.98,-3.76
524329,14,Jogging,59935552349000,-2.68,1.88,5.94
524330,14,Jogging,59935602336000,-2.11,2.26,-1.95
524331,14,Jogging,59935652324000,-1.57,3.26,-0.89
524332,14,Jogging,59935702343000,17.62,14.06,1.12
524333,14,Jogging,59935752330000,13.53,8.39,1.18
524334,14,Jogging,59935802349000,5.75,15.7,-3.95
524335,14,Jogging,59935852336000,-0.46,8.28,0.31
524336,14,Jogging,59935902324000,-0.72,10.76,-4.06
524337,14,Jogging,59935952343000,1.73,10.19,-7.59
524338,14,Jogging,59936002330000,3.91,10.08,-2.6
524339,14,Jogging,59936052349000,7.01,9.58,-1.88
