,user,label,timestamp,x,y,z
532849,14,Jogging,60434692333000,0.08,19.04,-9.96
532850,14,Jogging,60434742321000,1.8,10.46,-1.99
532851,14,Jogging,60434792339000,2.03,11.69,-4.59
532852,14,Jogging,60434842327000,5.86,13.29,-2.56
532853,14,Jogging,60434892345000,12.26,11.07,0.5
532854,14,Jogging,60434942363000,13.44,-3.41,15.02
532855,14,Jogging,60434992260000,10.53,0.11,-0.84
532856,14,Jogging,60435042339000,18.62,16.25,-2.22
532857,14,Jogging,60435092327000,14.94,19.57,-15.21
532858,14,Jogging,60435142345000,-9.34,15.85,3.3
532859,14,Jogging,60435192333000,-6.28,6.78,0.72
532860,14,Jogging,60435242290000,-4.1,0.69,8.05
532861,14,Jogging,60435292339000,5.01,-0.89,-1.92
532862,14,Jogging,60435342327000,2.18,-2.56,-3.15
532863,14,Jogging,60435392345000,10.73,10.84,-3.11
532864,14,Jogging,60435442333000,3.6,18.7,-7.78
532865,14,Jogging,60435492321000,2.45,7.08,-2.34
532866,14,Jogging,60435542369000,2.83,9.85,-3.76
532867,14,Jogging,60435592357000,6.36,13.29,-2.6
532868,14,Jogging,60435642376000,15.4,7.74,6.47
532869,14,Jogging,60435692333000,9.11,-0.76,9.58
532870,14,Jogging,60435742321000,13.18,2.87,-0.65
532871,14,Jogging,60435792339000,19.53,17.2,-2.53
532872,14,Jogging,60435862316000,9.7,19.57,-12.53
532873,14,Jogging,60435912273000,-12.03,7.21,10.19
532874,14,Jogging,60435962444000,-4.99,0.27,0.93
532875,14,Jogging,60436012249000,-1.08,-0.08,6.47
532876,14,Jogging,60436062297000,4.44,-2.14,-2.26
532877,14,Jogging,60436112346000,10.57,9.62,0.19
532878,14,Jogging,60436162303000,0.93,18.81,-11.07
532879,14,Jogging,60436212291000,4.71,8.31,-2.79
532880,14,Jogging,60436262432000,2.49,11.03,-3.26
532881,14,Jogging,60436312267000,6.59,12.95,-2.96
532882,14,Jogging,60436362224000,9.7,11.84,-2.96
532883,14,Jogging,60436412365000,16.09,-1.65,17.88
532884,14,Jogging,60436462322000,10.27,-0.61,1.14
532885,14,Jogging,60436512310000,17.58,15.13,-3.53
532886,14,Jogging,60436562297000,16.4,19.57,-14.25
532887,14,Jogging,60436612316000,-7.63,14.82,1.92
532888,14,Jogging,60436662334000,-8.69,4.06,5.18
532889,14,Jogging,60436712291000,-1.95,0.19,-0.23
532890,14,Jogging,60436762310000,0.95,-2.26,2.79
532891,14,Jogging,60436812297000,3.3,-2.03,-0.99
532892,14,Jogging,60436862316000,13.14,15.55,-2.07
532893,14,Jogging,60436912303000,1.18,16.51,-11.33
532894,14,Jogging,60436962322000,3.53,7.82,-3.15
532895,14,Jogging,60437012310000,1.8,13.02,-4.63
532896,14,Jogging,60437062267000,6.47,13.02,-1.88
532897,14,Jogging,60437112316000,16.32,6.09,9.85
532898,14,Jogging,60437162303000,7.86,-0.04,6.78
532899,14,Jogging,60437212291000,12.53,7.08,-1.46
532900,14,Jogging,60437262310000,19.57,19.19,-3.91
532901,14,Jogging,60437312297000,3.3,19.57,-16.89
532902,14,Jogging,60437362316000,-13.02,9.15,10.19
532903,14,Jogging,60437412303000,-3.45,1.54,-0.34
532904,14,Jogging,60437462383000,-1.04,-2.3,8.77
532905,14,Jogging,60437462383000,-1.04,-2.3,8.77
532906,14,Jogging,60437522289000,5.86,-1.65,-3.87
532907,14,Jogging,60437572338000,15.05,9.51,-1.14
532908,14,Jogging,60437622325000,2.03,18.7,-11.69
532909,14,Jogging,60437672344000,0.57,6.97,-2.53
532910,14,Jogging,60437722332000,-2.83,9.04,-1.73
532911,14,Jogging,60437772350000,1.61,11.22,-2.72
532912,14,Jogging,60437822338000,8.96,13.06,-5.79
532913,14,Jogging,60437872325000,17.08,3.15,17.88
532914,14,Jogging,60437922344000,10.08,0.89,0.72
532915,14,Jogging,60437972332000,16.44,15.09,-1.46
532916,14,Jogging,60438022319000,15.36,19.57,-11.3
532917,14,Jogging,60438072338000,-4.48,12.98,-3.15
532918,14,Jogging,60438122325000,-7.89,3.91,5.83
532919,14,Jogging,60438172344000,-4.99,-0.5,5.09
532920,14,Jogging,60438222393000,0.34,-2.11,-2.41
532921,14,Jogging,60438272319000,8.54,-0.72,-0.23
532922,14,Jogging,60438322338000,13.33,16.44,-1.84
532923,14,Jogging,60438372325000,1.27,16.59,-10.15
532924,14,Jogging,60438422344000,1.88,9.38,-3.6
532925,14,Jogging,60438472332000,-0.99,11.11,-3.02
532926,14,Jogging,60438522319000,5.52,13.06,-1.92
532927,14,Jogging,60438572338000,11.22,11.73,-4.71
532928,14,Jogging,60438622325000,15.28,-3.45,17.97
532929,14,Jogging,60438672344000,9.3,1.88,-1.84
532930,14,Jogging,60438722332000,18.73,16.59,-2.34
532931,14,Jogging,60438772319000,13.25,19.57,-13.48
532932,14,Jogging,60438822338000,-10.31,13.1,3.87
532933,14,Jogging,60438872325000,-7.25,3.64,1.08
532934,14,Jogging,60438922374000,-3.21,-0.46,1.14
532935,14,Jogging,60438972332000,1.31,-3.15,2.18
532936,14,Jogging,60439022319000,4.18,-0.69,-0.3
532937,14,Jogging,60439072338000,11.56,17.82,-6.66
532938,14,Jogging,60439122325000,1.12,14.48,-10.57
532939,14,Jogging,60439172344000,1.57,7.63,-2.75
532940,14,Jogging,60439222332000,1.73,13.1,-5.18
532941,14,Jogging,60439272319000,7.12,14.14,-2.11
532942,14,Jogging,60439322338000,15.98,5.75,14.79
532943,14,Jogging,60439372325000,8.89,-0.42,6.05
532944,14,Jogging,60439422344000,11.69,7.21,-2.53
532945,14,Jogging,60439472362000,19.57,19.38,-4.21
532946,14,Jogging,60439522319000,2.07,19.5,-16.09
532947,14,Jogging,60439572338000,-13.33,8.85,10.92
532948,14,Jogging,60439622325000,-3.11,2.26,1.23
532949,14,Jogging,60439672344000,0.23,-2.75,8.05
532950,14,Jogging,60439722332000,10.65,-3.15,-6.4
532951,14,Jogging,60439772319000,11.22,8.16,0.27
532952,14,Jogging,60439822338000,4.52,19.53,-7.4
532953,14,Jogging,60439872356000,-0.69,11.41,-4.25
532954,14,Jogging,60439922344000,-3.64,10.61,-2.83
532955,14,Jogging,60439972332000,1.23,12.26,-2.22
532956,14,Jogging,60440022380000,11.41,13.29,-2.49
532957,14,Jogging,60440072338000,13.38,0.08,14.63
532958,14,Jogging,60440122325000,7.35,0.23,-0.34
532959,14,Jogging,60440172344000,16.55,10.04,-2.18
532960,14,Jogging,60440222332000,18.81,19.57,-9.34
532961,14,Jogging,60440272319000,-7.25,18.16,-2.34
532962,14,Jogging,60440322338000,-8.58,4.29,3.99
532963,14,Jogging,60440372325000,-1.92,0.15,5.83
532964,14,Jogging,60440422344000,4.33,-1.95,-0.38
532965,14,Jogging,60440472332000,6.02,-0.91,-2.56
532966,14,Jogging,60440522319000,13.02,11.65,-1.88
532967,14,Jogging,60440572338000,2.53,18.05,-10.15
532968,14,Jogging,60440622325000,0.27,6.32,-2.79
532969,14,Jogging,60440672344000,-2.41,8.2,-3.15
532970,14,Jogging,60440722332000,3.99,14.25,-1.88
532971,14,Jogging,60440772319000,11.3,11.5,-0.5
532972,14,Jogging,60440822338000,8.43,1.95,11.73
532973,14,Jogging,60440872325000,5.86,0.57,-0.69
532974,14,Jogging,60440932292000,19.0,16.13,-3.53
532975,14,Jogging,60440982311000,10.31,19.57,-16.24
532976,14,Jogging,60441032390000,-10.61,9.53,11.88
532977,14,Jogging,60441092296000,-4.4,2.87,0.99
532978,14,Jogging,60441142345000,-0.5,-0.99,5.09
532979,14,Jogging,60441192333000,13.76,-1.76,-4.25
532980,14,Jogging,60441242290000,11.99,16.74,1.95
532981,14,Jogging,60441292339000,-1.38,18.47,-9.85
532982,14,Jogging,60441352306000,-3.21,11.99,-4.25
532983,14,Jogging,60441402233000,-0.91,11.65,-4.25
532984,14,Jogging,60441452343000,6.78,13.63,-2.07
532985,14,Jogging,60441502330000,17.92,5.94,12.98
532986,14,Jogging,60441552349000,8.92,-1.46,4.9
532987,14,Jogging,60441602336000,12.18,6.09,-0.04
532988,14,Jogging,60441652324000,19.53,19.27,-5.24
532989,14,Jogging,60441702404000,5.22,19.57,-15.75
532990,14,Jogging,60441752330000,-12.11,10.38,9.3
532991,14,Jogging,60441802349000,-4.71,2.72,-0.42
532992,14,Jogging,60441852336000,-2.45,-2.14,7.93
532993,14,Jogging,60441902355000,6.02,-2.72,-4.14
532994,14,Jogging,60441952343000,17.08,11.41,2.18
532995,14,Jogging,60442002330000,5.33,18.66,-12.56
532996,14,Jogging,60442052349000,2.56,9.72,-3.95
532997,14,Jogging,60442102336000,-5.33,10.08,-5.56
532998,14,Jogging,60442152324000,0.84,11.75,-1.61
532999,14,Jogging,60442202312000,10.73,10.65,-0.46
533000,14,Jogging,60442252330000,9.58,1.84,8.96
533001,14,Jogging,60442302349000,10.8,1.5,-1.53
533002,14,Jogging,60442352336000,19.42,15.6,-1.18
533003,14,Jogging,60442402324000,12.49,19.57,-15.4
533004,14,Jogging,60442452343000,-9.47,14.02,5.75
533005,14,Jogging,60442502330000,-7.08,2.72,1.92
533006,14,Jogging,60442552349000,-2.18,-0.46,4.67
533007,14,Jogging,60442602336000,8.73,-4.18,-2.41
533008,14,Jogging,60442652324000,10.15,8.54,1.73
533009,14,Jogging,60442702343000,3.57,19.57,-7.46
533010,14,Jogging,60442752330000,-0.34,12.18,-7.82
533011,14,Jogging,60442802349000,-1.92,8.12,-4.33
533012,14,Jogging,60442852367000,4.06,11.6,-3.64
533013,14,Jogging,60442902324000,11.03,13.72,-3.98
533014,14,Jogging,60442952343000,18.09,-1.95,17.31
533015,14,Jogging,60443002574000,9.96,-0.11,1.04
533016,14,Jogging,60443052349000,18.85,16.66,-3.83
533017,14,Jogging,60443102336000,14.67,19.57,-14.67
533018,14,Jogging,60443152324000,-8.85,15.09,-1.88
533019,14,Jogging,60443202343000,-11.07,3.3,7.16
533020,14,Jogging,60443252330000,-1.92,-1.61,5.43
533021,14,Jogging,60443302349000,3.57,1.27,-2.6
533022,14,Jogging,60443352336000,6.97,1.76,-2.87
533023,14,Jogging,60443402416000,12.91,17.62,-4.71
533024,14,Jogging,60443452343000,-2.03,15.4,-7.46
533025,14,Jogging,60443502330000,-0.89,9.04,-0.53
533026,14,Jogging,60443552349000,-1.38,12.98,0.38
533027,14,Jogging,60443602336000,6.24,12.95,-2.75
533028,14,Jogging,60443652324000,15.6,12.41,-2.26
533029,14,Jogging,60443702343000,16.4,-6.21,17.86
533030,14,Jogging,60443752330000,11.92,1.33,-1.88
533031,14,Jogging,60443802379000,19.31,16.66,-3.64
533032,14,Jogging,60443852336000,12.6,19.57,-12.83
533033,14,Jogging,60443912426000,-10.69,11.11,12.03
533034,14,Jogging,60443962230000,-4.71,2.49,1.31
533035,14,Jogging,60444012340000,-3.34,-1.38,6.85
533036,14,Jogging,60444062267000,1.14,-4.82,-3.53
533037,14,Jogging,60444112346000,8.62,4.79,0.23
533038,14,Jogging,60444162365000,6.24,19.57,-8.5
533039,14,Jogging,60444212291000,1.31,10.61,-4.33
533040,14,Jogging,60444262310000,-0.27,10.12,-1.08
533041,14,Jogging,60444312297000,2.22,11.75,-2.79
533042,14,Jogging,60444362316000,9.92,12.91,-3.68
533043,14,Jogging,60444412700000,18.05,2.64,9.51
533044,14,Jogging,60444462291000,10.08,1.33,3.57
533045,14,Jogging,60444512310000,17.31,14.14,-3.02
533046,14,Jogging,60444562755000,18.28,19.57,-9.81
533047,14,Jogging,60444612316000,-1.53,17.62,-8.85
533048,14,Jogging,60444662303000,-11.95,5.22,11.75
