,user,label,timestamp,x,y,z
534449,14,Jogging,60514672344000,5.71,16.36,-0.95
534450,14,Jogging,60514722332000,5.56,19.57,-8.16
534451,14,Jogging,60514772289000,-9.81,19.57,-16.7
534452,14,Jogging,60514822338000,-11.54,8.5,6.89
534453,14,Jogging,60514872325000,-8.43,0.23,3.76
534454,14,Jogging,60514922344000,-2.98,-1.12,0.27
534455,14,Jogging,60514972362000,4.1,-3.64,1.04
534456,14,Jogging,60515022319000,-1.04,5.6,-0.8
534457,14,Jogging,60515072460000,-10.69,19.42,-4.52
534458,14,Jogging,60515122325000,-3.83,14.75,-2.49
534459,14,Jogging,60515172344000,-0.19,11.92,-2.87
534460,14,Jogging,60515222362000,1.95,12.76,-4.63
534461,14,Jogging,60515272319000,5.22,13.14,-2.26
534462,14,Jogging,60515322368000,6.36,12.68,-1.14
534463,14,Jogging,60515372356000,11.54,5.71,15.85
534464,14,Jogging,60515422344000,6.78,14.25,-2.72
534465,14,Jogging,60515472362000,8.73,19.57,-5.13
534466,14,Jogging,60515522319000,-9.19,19.57,-18.31
534467,14,Jogging,60515572338000,-12.49,6.05,10.15
534468,14,Jogging,60515622325000,-4.75,1.12,-0.19
534469,14,Jogging,60515672344000,-3.64,-1.23,0.04
534470,14,Jogging,60515722393000,3.76,-5.43,3.57
534471,14,Jogging,60515772319000,1.5,3.41,-1.18
534472,14,Jogging,60515822338000,-9.34,19.23,-8.47
534473,14,Jogging,60515872325000,-5.37,13.95,-0.95
534474,14,Jogging,60515922344000,-2.22,10.23,-0.19
534475,14,Jogging,60515972362000,1.18,14.29,-5.28
534476,14,Jogging,60516022319000,4.14,15.17,-5.37
534477,14,Jogging,60516072368000,6.44,14.86,-2.18
534478,14,Jogging,60516122325000,17.08,10.31,13.91
534479,14,Jogging,60516172344000,7.89,12.26,5.63
534480,14,Jogging,60516222362000,6.78,19.53,-4.71
534481,14,Jogging,60516332134000,-13.76,8.05,9.51
534482,14,Jogging,60516332134000,-13.76,8.05,9.51
534483,14,Jogging,60516382213000,-7.7,2.15,0.89
534484,14,Jogging,60516432384000,-4.4,-2.07,-2.14
534485,14,Jogging,60516482341000,6.66,-4.44,5.56
534486,14,Jogging,60516532390000,3.57,3.15,-2.45
534487,14,Jogging,60516592296000,-8.73,17.16,-6.66
534488,14,Jogging,60516642345000,-8.81,16.02,0.72
534489,14,Jogging,60516692333000,-3.06,11.88,0.42
534490,14,Jogging,60516742321000,0.76,14.63,-4.99
534491,14,Jogging,60516792339000,3.95,16.47,-3.91
534492,14,Jogging,60516842327000,9.51,14.6,-4.33
534493,14,Jogging,60516892345000,17.5,6.21,18.89
534494,14,Jogging,60516942333000,5.86,13.82,0.42
534495,14,Jogging,60516992290000,3.83,19.57,-10.69
534496,14,Jogging,60517042339000,-8.73,19.57,-17.82
534497,14,Jogging,60517092327000,-13.78,8.62,7.44
534498,14,Jogging,60517142345000,-7.65,4.44,1.54
534499,14,Jogging,60517192333000,-3.72,-0.46,0.65
534500,14,Jogging,60517242321000,4.44,-1.5,1.5
534501,14,Jogging,60517292339000,4.1,0.0,-2.87
534502,14,Jogging,60517342327000,-1.31,16.74,-6.66
534503,14,Jogging,60517392345000,-9.47,17.67,-0.61
534504,14,Jogging,60517442333000,-3.17,8.66,3.3
534505,14,Jogging,60517492321000,-0.95,10.53,-3.06
534506,14,Jogging,60517542583000,2.3,13.38,-5.67
534507,14,Jogging,60517592327000,4.79,12.3,-3.11
534508,14,Jogging,60517642345000,15.85,11.07,7.63
534509,14,Jogging,60517692363000,10.57,14.14,9.92
534510,14,Jogging,60517742321000,4.48,19.53,-11.18
534511,14,Jogging,60517792339000,-10.5,19.57,-18.16
534512,14,Jogging,60517842327000,-12.76,5.71,11.37
534513,14,Jogging,60517892345000,-1.04,3.72,0.04
534514,14,Jogging,60517942333000,-5.6,0.38,-0.19
534515,14,Jogging,60517992290000,2.72,-3.57,2.98
534516,14,Jogging,60518042339000,4.37,-2.41,-3.26
534517,14,Jogging,60518092235000,0.5,14.67,-4.99
534518,14,Jogging,60518142345000,-11.8,18.96,-2.49
534519,14,Jogging,60518192333000,-1.46,10.12,2.37
534520,14,Jogging,60518242321000,-1.76,12.57,-1.23
534521,14,Jogging,60518292400000,0.11,12.22,-7.63
534522,14,Jogging,60518352306000,3.17,11.73,-2.41
534523,14,Jogging,60518402263000,13.14,11.26,4.82
534524,14,Jogging,60518452343000,11.5,10.69,12.07
534525,14,Jogging,60518502300000,6.28,19.08,-7.04
534526,14,Jogging,60518552349000,-9.28,19.57,-19.19
534527,14,Jogging,60518602336000,-10.99,7.27,10.73
534528,14,Jogging,60518652324000,-6.74,3.49,0.99
534529,14,Jogging,60518702312000,-4.4,0.0,0.42
534530,14,Jogging,60518752330000,6.66,-3.72,-0.61
534531,14,Jogging,60518802349000,7.12,6.05,-2.18
534532,14,Jogging,60518852336000,-7.89,17.86,-3.36
534533,14,Jogging,60518902355000,-10.31,16.82,1.46
534534,14,Jogging,60518952343000,-4.59,9.92,1.88
534535,14,Jogging,60519002544000,-1.76,12.3,-5.86
534536,14,Jogging,60519052349000,0.93,14.67,-5.01
534537,14,Jogging,60519102336000,4.56,15.09,-3.11
534538,14,Jogging,60519152355000,16.44,11.84,8.77
534539,14,Jogging,60519202343000,10.84,8.31,12.3
534540,14,Jogging,60519252330000,6.7,19.53,-7.63
534541,14,Jogging,60519302349000,-6.89,19.57,-19.38
534542,14,Jogging,60519352336000,-14.06,12.41,1.92
534543,14,Jogging,60519402324000,-11.54,2.41,5.52
534544,14,Jogging,60519452373000,-3.83,-0.95,1.57
534545,14,Jogging,60519502300000,1.08,-3.41,-1.31
534546,14,Jogging,60519552349000,7.7,-1.12,-2.22
534547,14,Jogging,60519602336000,-4.67,14.02,-3.64
534548,14,Jogging,60519652324000,-15.62,19.11,0.89
534549,14,Jogging,60519702343000,-5.63,10.46,2.64
534550,14,Jogging,60519752330000,-0.84,12.3,-4.25
534551,14,Jogging,60519802349000,0.93,18.7,-8.92
534552,14,Jogging,60519852336000,5.6,17.2,-3.26
534553,14,Jogging,60519902355000,16.25,12.34,16.86
534554,14,Jogging,60519952343000,6.93,5.79,4.18
534555,14,Jogging,60520002330000,9.11,18.77,-5.24
534556,14,Jogging,60520052379000,-0.08,19.57,-16.02
534557,14,Jogging,60520102336000,-16.28,18.35,-4.37
534558,14,Jogging,60520152324000,-11.22,1.23,8.43
534559,14,Jogging,60520202343000,-7.44,-5.13,1.27
534560,14,Jogging,60520257610000,-1.84,-3.11,5.56
534561,14,Jogging,60520312297000,3.41,-1.04,-1.69
534562,14,Jogging,60520362316000,-0.8,13.25,-6.24
534563,14,Jogging,60520412303000,-12.64,19.5,-8.88
534564,14,Jogging,60520462291000,-2.96,11.3,-0.34
534565,14,Jogging,60520512310000,-1.23,11.41,-1.92
534566,14,Jogging,60520562297000,1.27,13.14,-2.83
534567,14,Jogging,60520612316000,3.72,18.09,-4.56
534568,14,Jogging,60520662303000,17.86,10.42,15.28
534569,14,Jogging,60520712291000,5.98,10.0,6.85
534570,14,Jogging,60520762310000,6.51,19.57,-6.66
534571,14,Jogging,60520812267000,-6.02,19.57,-19.23
534572,14,Jogging,60520862316000,-15.89,13.33,-2.96
534573,14,Jogging,60520912303000,-12.53,1.27,6.89
534574,14,Jogging,60520912303000,-12.53,1.27,6.89
534575,14,Jogging,60520972637000,-5.09,-4.37,0.11
534576,14,Jogging,60521022258000,1.18,1.73,0.5
534577,14,Jogging,60521072368000,1.08,-0.19,-1.38
534578,14,Jogging,60521122264000,-2.68,13.53,-9.19
534579,14,Jogging,60521172344000,-11.37,18.12,-5.37
534580,14,Jogging,60521222362000,-0.95,5.24,1.14
534581,14,Jogging,60521272319000,-0.53,11.22,-0.69
534582,14,Jogging,60521322338000,1.46,17.24,-5.09
534583,14,Jogging,60521382305000,4.33,13.38,-2.56
534584,14,Jogging,60521432292000,15.66,4.25,18.81
534585,14,Jogging,60521482341000,4.63,16.7,1.5
534586,14,Jogging,60521542308000,0.93,19.57,-12.83
534587,14,Jogging,60521592327000,-15.05,15.36,-4.79
534588,14,Jogging,60521642345000,-12.3,2.22,6.85
534589,14,Jogging,60521702312000,-2.56,0.8,-1.69
534590,14,Jogging,60521752330000,2.79,-5.86,7.08
534591,14,Jogging,60521802349000,3.11,0.95,-1.57
534592,14,Jogging,60521852275000,0.27,14.52,-5.79
534593,14,Jogging,60521902324000,-12.95,17.35,-7.63
534594,14,Jogging,60521952343000,-2.72,4.56,1.61
534595,14,Jogging,60522002330000,-3.21,11.41,2.3
534596,14,Jogging,60522052349000,1.12,14.9,-7.93
534597,14,Jogging,60522102367000,3.79,14.29,-3.06
534598,14,Jogging,60522152324000,13.8,12.45,5.75
534599,14,Jogging,60522202343000,10.88,5.86,14.98
534600,14,Jogging,60522252361000,6.66,19.5,-5.71
534601,14,Jogging,60522302349000,-7.89,19.57,-18.66
534602,14,Jogging,60522352336000,-14.18,9.58,8.89
534603,14,Jogging,60522402355000,-8.62,4.4,-1.5
534604,14,Jogging,60522452373000,-4.18,-0.72,-4.59
534605,14,Jogging,60522502239000,1.73,-6.09,3.79
534606,14,Jogging,60522552349000,8.2,0.04,0.42
534607,14,Jogging,60522602336000,-0.84,16.21,-6.13
534608,14,Jogging,60522652355000,-12.41,19.04,-3.91
534609,14,Jogging,60522702343000,-7.63,10.46,0.08
534610,14,Jogging,60522752330000,-4.67,15.85,-2.07
534611,14,Jogging,60522802349000,-0.91,16.55,-6.43
534612,14,Jogging,60522852336000,4.48,18.47,-3.34
534613,14,Jogging,60522902324000,14.6,17.43,2.07
534614,14,Jogging,60522952343000,13.21,3.64,14.86
534615,14,Jogging,60523002513000,2.96,16.44,-3.17
534616,14,Jogging,60523052349000,0.23,19.57,-8.27
534617,14,Jogging,60523052349000,0.23,19.57,-8.27
534618,14,Jogging,60523150402000,-14.18,19.57,-15.21
534619,14,Jogging,60523202465000,-0.19,4.4,-1.5
534620,14,Jogging,60523252788000,-1.99,-3.26,-0.19
534621,14,Jogging,60523302257000,8.89,-5.9,0.69
534622,14,Jogging,60523352306000,3.95,3.3,2.41
534623,14,Jogging,60523402324000,-13.14,17.2,-4.59
534624,14,Jogging,60523452343000,-13.4,15.4,-0.61
534625,14,Jogging,60523502300000,-5.6,10.73,1.04
534626,14,Jogging,60523552349000,-4.56,18.66,-3.95
534627,14,Jogging,60523602336000,5.86,17.82,-10.57
534628,14,Jogging,60523652294000,9.15,16.4,-4.9
534629,14,Jogging,60523702343000,18.28,12.11,18.62
534630,14,Jogging,60523752330000,7.08,7.35,4.99
534631,14,Jogging,60523802410000,4.18,19.57,-5.71
534632,14,Jogging,60523852275000,-6.78,19.57,-13.48
534633,14,Jogging,60523910900000,-16.02,17.54,-7.12
534634,14,Jogging,60523962291000,-10.61,-0.91,6.7
534635,14,Jogging,60524012310000,-2.22,-1.88,0.84
534636,14,Jogging,60524062297000,5.37,-4.4,0.93
534637,14,Jogging,60524112316000,7.63,3.3,-2.34
534638,14,Jogging,60524162303000,-7.31,11.37,-1.88
534639,14,Jogging,60524212291000,-18.01,19.46,-0.15
534640,14,Jogging,60524262310000,-6.47,13.1,0.15
534641,14,Jogging,60524312328000,-1.57,18.92,0.15
534642,14,Jogging,60524362316000,6.89,17.69,-8.88
534643,14,Jogging,60524412212000,6.89,17.2,-3.53
534644,14,Jogging,60524462322000,17.97,9.23,16.59
534645,14,Jogging,60524512340000,6.74,7.46,6.78
534646,14,Jogging,60524562297000,3.57,19.57,-7.12
534647,14,Jogging,60524612285000,-4.79,19.57,-16.74
534648,14,Jogging,60524662303000,-18.62,15.02,-3.06
