,user,label,timestamp,x,y,z
536049,14,Jogging,60594692302000,3.57,1.88,6.05
536050,14,Jogging,60594742351000,-0.15,3.68,-3.02
536051,14,Jogging,60594792339000,-4.44,3.15,-3.3
536052,14,Jogging,60594842327000,-19.61,12.98,-4.02
536053,14,Jogging,60594892345000,-8.58,3.02,-2.26
536054,14,Jogging,60594942333000,-4.02,2.68,-0.89
536055,14,Jogging,60594992290000,-9.81,8.47,-7.74
536056,14,Jogging,60595042369000,-14.29,14.18,-4.37
536057,14,Jogging,60595092327000,1.99,16.86,15.64
536058,14,Jogging,60595142345000,-2.6,9.19,6.74
536059,14,Jogging,60595192302000,-15.28,15.89,-5.48
536060,14,Jogging,60595242321000,-19.61,18.58,-17.12
536061,14,Jogging,60595292339000,-13.25,-6.17,4.71
536062,14,Jogging,60595342327000,-6.59,-1.65,1.95
536063,14,Jogging,60595392345000,-1.38,-3.06,-2.3
536064,14,Jogging,60595442333000,8.39,-0.46,4.75
536065,14,Jogging,60595492321000,3.15,-0.76,-0.46
536066,14,Jogging,60595542369000,-8.24,5.22,-5.28
536067,14,Jogging,60595592327000,-18.96,13.06,-7.4
536068,14,Jogging,60595642345000,-6.4,3.6,-1.33
536069,14,Jogging,60595692333000,-10.69,6.4,0.65
536070,14,Jogging,60595742321000,-9.77,9.08,-3.49
536071,14,Jogging,60595792369000,-7.93,15.09,-5.75
536072,14,Jogging,60595842327000,4.6,16.13,18.54
536073,14,Jogging,60595892345000,1.04,9.85,4.44
536074,14,Jogging,60595942333000,-16.36,17.24,-7.7
536075,14,Jogging,60595992321000,-19.61,14.44,-15.17
536076,14,Jogging,60596052318000,-9.66,-7.63,7.44
536077,14,Jogging,60596102306000,-3.76,3.64,-0.69
536078,14,Jogging,60596152294000,1.42,-2.49,0.11
536079,14,Jogging,60596202343000,4.29,6.66,0.08
536080,14,Jogging,60596252330000,-2.64,2.41,-1.38
536081,14,Jogging,60596302349000,-19.04,3.91,-3.11
536082,14,Jogging,60596352336000,-13.4,3.06,-0.27
536083,14,Jogging,60596402355000,-11.84,5.33,-3.41
536084,14,Jogging,60596452343000,-11.11,10.23,-2.72
536085,14,Jogging,60596502330000,-9.19,13.02,-5.37
536086,14,Jogging,60596552349000,-6.09,16.04,-6.7
536087,14,Jogging,60596602336000,7.67,16.04,18.85
536088,14,Jogging,60596652324000,-6.21,12.57,9.77
536089,14,Jogging,60596702312000,-19.61,19.57,-13.67
536090,14,Jogging,60596752300000,-19.61,9.04,-13.87
536091,14,Jogging,60596802349000,-12.68,-10.15,7.97
536092,14,Jogging,60596852367000,-5.18,-5.01,4.37
536093,14,Jogging,60596902324000,3.17,-2.79,0.72
536094,14,Jogging,60596962322000,1.84,4.14,0.72
536095,14,Jogging,60597012279000,-4.94,5.24,-4.29
536096,14,Jogging,60597062328000,-19.34,8.39,-2.22
536097,14,Jogging,60597112285000,-12.56,2.34,-2.14
536098,14,Jogging,60597162426000,-9.77,4.56,0.53
536099,14,Jogging,60597212322000,-10.27,8.62,-5.82
536100,14,Jogging,60597262310000,-10.11,12.53,-1.95
536101,14,Jogging,60597312297000,-3.53,17.08,0.08
536102,14,Jogging,60597362316000,6.02,10.31,15.6
536103,14,Jogging,60597412303000,-15.55,17.05,-2.26
536104,14,Jogging,60597462291000,-19.61,19.57,-16.44
536105,14,Jogging,60597512310000,-19.57,5.86,-10.84
536106,14,Jogging,60597562786000,-9.7,-10.65,6.93
536107,14,Jogging,60597612316000,-2.41,-6.66,4.4
536108,14,Jogging,60597662303000,3.95,-1.99,0.5
536109,14,Jogging,60597712322000,4.14,6.17,1.04
536110,14,Jogging,60597762310000,-8.58,3.02,-8.2
536111,14,Jogging,60597812328000,-19.61,6.97,-0.89
536112,14,Jogging,60597862316000,-10.88,3.49,-1.27
536113,14,Jogging,60597912303000,-11.5,6.7,0.65
536114,14,Jogging,60597962291000,-11.11,11.6,-4.1
536115,14,Jogging,60598012249000,-8.66,15.28,-7.12
536116,14,Jogging,60598062297000,5.24,17.88,16.36
536117,14,Jogging,60598112316000,-0.72,10.69,9.23
536118,14,Jogging,60598162334000,-19.34,19.23,-6.43
536119,14,Jogging,60598212322000,-19.61,16.21,-16.78
536120,14,Jogging,60598262340000,-15.36,-9.47,4.82
536121,14,Jogging,60598312297000,-7.12,-3.6,1.18
536122,14,Jogging,60598362316000,-1.04,-3.15,-3.36
536123,14,Jogging,60598412303000,6.89,0.11,6.93
536124,14,Jogging,60598462291000,2.72,1.84,-1.95
536125,14,Jogging,60598512310000,-14.4,5.56,-5.43
536126,14,Jogging,60598562297000,-17.86,9.43,-1.57
536127,14,Jogging,60598612316000,-8.08,4.52,-3.26
536128,14,Jogging,60598662303000,-11.84,8.66,0.11
536129,14,Jogging,60598712291000,-11.84,12.26,-3.15
536130,14,Jogging,60598762340000,-7.16,13.57,-6.32
536131,14,Jogging,60598812328000,6.28,15.51,18.62
536132,14,Jogging,60598862316000,-1.53,8.81,4.37
536133,14,Jogging,60598912303000,-18.69,18.77,-8.5
536134,14,Jogging,60598962291000,-19.61,14.6,-14.86
536135,14,Jogging,60599012249000,-14.6,-11.56,6.09
536136,14,Jogging,60599062297000,-4.63,-2.56,1.14
536137,14,Jogging,60599112316000,0.04,-2.98,2.18
536138,14,Jogging,60599162334000,4.86,2.41,1.69
536139,14,Jogging,60599212322000,1.38,2.68,-3.57
536140,14,Jogging,60599262310000,-14.44,9.51,-6.32
536141,14,Jogging,60599312297000,-16.44,8.16,-1.92
536142,14,Jogging,60599362346000,-7.27,3.06,-1.42
536143,14,Jogging,60599412303000,-10.19,4.1,-1.69
536144,14,Jogging,60599462291000,-12.34,8.05,-3.76
536145,14,Jogging,60599512310000,-9.23,13.72,-2.3
536146,14,Jogging,60599562297000,2.91,12.45,17.88
536147,14,Jogging,60599612316000,-3.36,10.8,-1.27
536148,14,Jogging,60599662303000,-16.66,18.62,-7.55
536149,14,Jogging,60599712322000,-19.61,14.25,-14.82
536150,14,Jogging,60599762310000,-11.75,-9.96,6.09
536151,14,Jogging,60599812297000,-5.71,0.99,-0.11
536152,14,Jogging,60599862346000,-2.18,-2.37,0.31
536153,14,Jogging,60599912303000,8.43,-0.8,2.53
536154,14,Jogging,60599962291000,1.27,0.42,-2.37
536155,14,Jogging,60600012310000,-16.47,5.52,-6.02
536156,14,Jogging,60600062297000,-16.74,6.93,-4.21
536157,14,Jogging,60600112316000,-11.33,6.7,-0.34
536158,14,Jogging,60600162303000,-11.18,10.34,-1.42
536159,14,Jogging,60600212322000,-9.62,12.79,-3.53
536160,14,Jogging,60600262279000,-5.48,16.7,1.46
536161,14,Jogging,60600312297000,7.4,12.18,15.6
536162,14,Jogging,60600362316000,-8.96,14.98,2.76
536163,14,Jogging,60600412303000,-19.5,19.38,-12.15
536164,14,Jogging,60600462291000,-19.61,8.81,-14.33
536165,14,Jogging,60600512310000,-9.72,-11.5,6.66
536166,14,Jogging,60600562297000,-3.72,-1.12,-0.08
536167,14,Jogging,60600612316000,0.61,-2.91,-2.45
536168,14,Jogging,60600662334000,7.86,1.08,2.37
536169,14,Jogging,60600712291000,-6.17,0.27,0.0
536170,14,Jogging,60600762310000,-19.61,11.65,-6.09
536171,14,Jogging,60600812297000,-10.65,4.75,-1.88
536173,14,Jogging,60600862346000,-11.07,9.15,-2.03
536172,14,Jogging,60600862346000,-11.07,9.15,-2.03
536174,14,Jogging,60600912303000,-10.31,12.64,-3.17
536175,14,Jogging,60600912303000,-10.31,12.64,-3.17
536176,14,Jogging,60601022380000,3.15,17.01,16.86
536177,14,Jogging,60601072246000,-4.25,12.53,5.83
536178,14,Jogging,60601122295000,-18.35,18.47,-6.82
536179,14,Jogging,60601172374000,-19.61,15.98,-17.67
536180,14,Jogging,60601222362000,-13.53,-9.81,3.45
536181,14,Jogging,60601272380000,-5.56,-3.6,1.73
536182,14,Jogging,60601322338000,-0.08,-2.3,-1.73
536183,14,Jogging,60601372325000,5.83,5.67,6.66
536184,14,Jogging,60601422344000,-2.14,0.95,-2.68
536185,14,Jogging,60601472332000,-16.55,4.06,-7.7
536186,14,Jogging,60601522319000,-17.54,4.67,-2.56
536187,14,Jogging,60601572338000,-9.53,3.53,-1.18
536188,14,Jogging,60601622325000,-10.19,9.15,-2.87
536189,14,Jogging,60601672344000,-11.22,11.41,-4.71
536190,14,Jogging,60601722332000,-3.95,17.47,4.67
536191,14,Jogging,60601772319000,4.25,9.47,13.76
536192,14,Jogging,60601822338000,-10.04,12.07,0.61
536193,14,Jogging,60601872325000,-18.62,18.66,-9.72
536194,14,Jogging,60601922374000,-19.61,10.88,-15.62
536195,14,Jogging,60601972362000,-11.95,-10.95,7.16
536196,14,Jogging,60602032299000,-4.67,0.19,2.68
536197,14,Jogging,60602082347000,5.13,-2.64,1.33
536198,14,Jogging,60602132366000,3.45,2.49,-2.18
536199,14,Jogging,60602192333000,-10.92,5.18,-7.04
536200,14,Jogging,60602242321000,-18.39,5.56,-0.53
536201,14,Jogging,60602292369000,-5.05,0.08,-1.12
536202,14,Jogging,60602342327000,-9.19,4.06,-2.3
536203,14,Jogging,60602392345000,-12.07,12.49,-3.95
536204,14,Jogging,60602442333000,-9.34,13.82,-6.32
536205,14,Jogging,60602492321000,-1.8,19.57,5.79
536206,14,Jogging,60602542339000,5.52,11.37,15.75
536207,14,Jogging,60602592296000,-18.66,17.01,-3.3
536208,14,Jogging,60602642345000,-19.61,18.73,-16.89
536209,14,Jogging,60602692333000,-18.05,0.0,-6.66
536210,14,Jogging,60602742321000,-8.96,-8.27,4.48
536211,14,Jogging,60602792369000,-1.65,-5.37,1.46
536212,14,Jogging,60602842327000,5.71,-2.75,3.02
536213,14,Jogging,60602892345000,4.44,3.91,0.5
536214,14,Jogging,60602942363000,-9.19,6.93,-6.89
536215,14,Jogging,60602992321000,-19.61,9.62,-4.29
536216,14,Jogging,60603042339000,-10.53,3.3,-2.07
536217,14,Jogging,60603092327000,-9.15,4.94,-0.04
536218,14,Jogging,60603142345000,-11.22,7.67,-3.11
536219,14,Jogging,60603192333000,-13.33,13.63,-1.99
536220,14,Jogging,60603242351000,1.42,18.54,7.78
536221,14,Jogging,60603292369000,4.71,9.19,13.1
536222,14,Jogging,60603342357000,-17.39,15.24,-3.72
536223,14,Jogging,60603392345000,-19.61,18.43,-16.89
536224,14,Jogging,60603442363000,-18.07,-0.34,-5.48
536225,14,Jogging,60603492321000,-9.89,-5.41,3.21
536226,14,Jogging,60603542339000,-3.34,-1.23,1.08
536227,14,Jogging,60603592296000,6.66,-0.89,4.82
536228,14,Jogging,60603642345000,2.15,6.47,-3.11
536229,14,Jogging,60603692333000,-12.79,5.79,-5.33
536230,14,Jogging,60603742321000,-19.61,4.14,-1.46
536231,14,Jogging,60603792339000,-10.5,2.07,-2.72
536232,14,Jogging,60603842327000,-13.14,6.05,0.0
536233,14,Jogging,60603892345000,-8.66,8.85,-4.86
536234,14,Jogging,60603942363000,-9.3,12.07,-4.4
536235,14,Jogging,60603992321000,-3.02,18.92,2.53
536236,14,Jogging,60604042339000,10.08,11.69,18.7
536237,14,Jogging,60604092327000,-19.34,18.31,-4.21
536238,14,Jogging,60604142345000,-19.61,17.2,-18.16
536239,14,Jogging,60604192333000,-17.31,-3.15,-4.4
536240,14,Jogging,60604242351000,-10.08,-6.66,4.44
536241,14,Jogging,60604292339000,-2.56,-1.92,1.38
536242,14,Jogging,60604342357000,4.67,1.92,2.53
536243,14,Jogging,60604342357000,4.67,1.92,2.53
536244,14,Jogging,60604342357000,4.67,1.92,2.53
536245,14,Jogging,60604482250000,-19.61,9.04,-2.96
536246,14,Jogging,60604532238000,-10.23,0.76,-0.89
536247,14,Jogging,60604582378000,-10.46,3.41,-1.23
536248,14,Jogging,60604642345000,-9.34,5.75,-6.47
