,user,label,timestamp,x,y,z
536449,14,Jogging,60614692333000,-19.61,10.95,-7.46
536450,14,Jogging,60614742321000,-12.15,3.41,-1.69
536451,14,Jogging,60614792339000,-11.41,6.93,0.53
536452,14,Jogging,60614842327000,-9.85,10.42,-4.02
536453,14,Jogging,60614892345000,-9.34,12.68,-3.57
536454,14,Jogging,60614942333000,1.76,16.86,9.28
536455,14,Jogging,60614992290000,8.12,10.04,13.8
536456,14,Jogging,60615042308000,-14.21,15.43,-0.46
536457,14,Jogging,60615092327000,-19.61,18.66,-16.21
536458,14,Jogging,60615142345000,-18.66,0.95,3.17
536459,14,Jogging,60615192302000,-10.5,-9.19,6.44
536460,14,Jogging,60615242290000,2.37,-7.93,4.75
536461,14,Jogging,60615292339000,1.18,3.21,2.26
536462,14,Jogging,60615342327000,1.5,4.33,-6.63
536463,14,Jogging,60615392345000,-10.53,6.78,-5.41
536464,14,Jogging,60615442333000,-19.27,7.86,-2.11
536465,14,Jogging,60615492321000,-10.84,3.64,-0.76
536466,14,Jogging,60615542308000,-11.45,6.97,2.3
536467,14,Jogging,60615592357000,-9.28,10.57,-7.25
536468,14,Jogging,60615642345000,-7.97,12.64,-5.28
536469,14,Jogging,60615692333000,8.5,16.17,18.31
536470,14,Jogging,60615742321000,-2.68,10.99,5.86
536471,14,Jogging,60615792339000,-19.61,19.27,-10.46
536472,14,Jogging,60615842296000,-19.61,10.69,-11.6
536473,14,Jogging,60615892345000,-10.27,-9.19,8.54
536474,14,Jogging,60615892345000,-10.27,-9.19,8.54
536475,14,Jogging,60616002178000,2.15,-6.28,4.67
536476,14,Jogging,60616052318000,3.45,2.07,-3.02
536477,14,Jogging,60616102214000,-13.02,5.79,-7.08
536478,14,Jogging,60616152263000,-19.57,7.59,-0.34
536479,14,Jogging,60616202343000,-10.61,4.6,-0.72
536480,14,Jogging,60616252391000,-9.47,8.24,-3.26
536481,14,Jogging,60616302349000,-9.38,11.18,-4.99
536482,14,Jogging,60616352336000,-6.55,12.57,-3.53
536483,14,Jogging,60616402355000,6.47,14.29,18.28
536484,14,Jogging,60616452373000,-8.96,11.8,3.45
536485,14,Jogging,60616502330000,-19.61,19.34,-10.53
536486,14,Jogging,60616552318000,-19.61,8.31,-11.6
536487,14,Jogging,60616602397000,-8.35,-9.0,5.41
536488,14,Jogging,60616652324000,-2.79,-6.93,4.14
536489,14,Jogging,60616702373000,3.45,-2.87,8.05
536490,14,Jogging,60616752330000,3.38,5.24,-2.79
536491,14,Jogging,60616802349000,-3.11,5.79,-4.63
536492,14,Jogging,60616852336000,-19.61,12.6,-4.21
536493,14,Jogging,60616902324000,-9.11,2.26,-0.84
536494,14,Jogging,60616952343000,-6.93,1.95,0.84
536495,14,Jogging,60617002574000,-10.8,6.28,-4.18
536496,14,Jogging,60617052349000,-11.69,11.07,-4.25
536497,14,Jogging,60617102367000,2.37,18.7,11.45
536498,14,Jogging,60617152324000,1.54,10.46,10.46
536499,14,Jogging,60617202343000,-15.83,17.39,-6.02
536500,14,Jogging,60617252330000,-19.61,16.86,-16.7
536501,14,Jogging,60617302349000,-13.44,-3.68,0.61
536502,14,Jogging,60617352336000,-4.75,-9.72,6.28
536503,14,Jogging,60617402294000,-0.46,-7.63,3.17
536504,14,Jogging,60617452343000,5.71,-0.27,0.34
536505,14,Jogging,60617502330000,-2.64,11.37,-4.56
536506,14,Jogging,60617552349000,-19.61,11.41,-6.85
536507,14,Jogging,60617602306000,-13.76,1.84,1.57
536508,14,Jogging,60617652324000,-13.1,2.79,0.19
536509,14,Jogging,60617702343000,-11.5,7.67,-4.99
536510,14,Jogging,60617752361000,-8.35,9.51,-4.29
536511,14,Jogging,60617802349000,-2.6,19.27,6.85
536512,14,Jogging,60617852336000,7.74,11.73,14.86
536513,14,Jogging,60617902324000,-14.6,15.17,-1.23
536514,14,Jogging,60617952343000,-19.61,18.12,-17.27
536515,14,Jogging,60618002330000,-18.5,0.5,-2.3
536516,14,Jogging,60618052349000,-9.66,-9.38,4.71
536517,14,Jogging,60618110393000,-1.84,-6.28,0.27
536518,14,Jogging,60618162273000,0.08,3.3,8.5
536519,14,Jogging,60618212291000,3.79,4.6,-2.83
536520,14,Jogging,60618262310000,-11.88,10.42,-10.95
536521,14,Jogging,60618312297000,-18.77,7.35,-0.61
536522,14,Jogging,60618362316000,-8.05,0.95,-2.03
536523,14,Jogging,60618412303000,-8.35,1.5,-5.18
536524,14,Jogging,60618462322000,-13.67,9.0,-2.53
536525,14,Jogging,60618512310000,-9.11,12.91,-0.23
536526,14,Jogging,60618562297000,4.18,15.28,18.24
536527,14,Jogging,60618612316000,-1.12,9.85,2.76
536528,14,Jogging,60618662365000,-14.67,17.77,-1.92
536529,14,Jogging,60618712352000,-19.61,15.02,-14.63
536530,14,Jogging,60618762340000,-15.28,-4.14,2.98
536531,14,Jogging,60618812328000,-5.6,-6.97,2.34
536532,14,Jogging,60618862316000,0.19,-4.67,-3.26
536533,14,Jogging,60618912303000,5.41,3.53,7.78
536534,14,Jogging,60618962322000,-1.65,7.35,-1.31
536535,14,Jogging,60619012279000,-17.92,7.86,-10.53
536536,14,Jogging,60619062297000,-15.85,4.4,-0.72
536537,14,Jogging,60619112316000,-8.81,3.64,-0.15
536538,14,Jogging,60619162303000,-9.34,7.27,-3.72
536539,14,Jogging,60619212383000,-9.66,10.76,-4.44
536540,14,Jogging,60619262310000,-8.35,15.85,-4.29
536541,14,Jogging,60619312297000,8.08,13.95,18.47
536542,14,Jogging,60619362316000,-7.78,12.49,3.21
536543,14,Jogging,60619412334000,-19.61,19.53,-12.22
536544,14,Jogging,60619462261000,-19.61,7.82,-9.49
536545,14,Jogging,60619512310000,-8.2,-10.19,8.85
536546,14,Jogging,60619562297000,-3.11,-7.16,1.69
536547,14,Jogging,60619612316000,2.26,-3.34,4.06
536548,14,Jogging,60619662303000,3.64,3.45,0.95
536549,14,Jogging,60619712627000,-8.12,12.98,-7.55
536550,14,Jogging,60619762310000,-18.12,5.6,-2.22
536551,14,Jogging,60619812297000,-10.34,0.15,-0.08
536552,14,Jogging,60619862316000,-16.66,-0.34,0.46
536553,14,Jogging,60619912303000,-14.02,5.33,-6.09
536554,14,Jogging,60619962291000,-13.44,12.95,-2.6
536555,14,Jogging,60620012371000,-5.56,18.58,2.98
536556,14,Jogging,60620062297000,5.33,12.45,13.95
536557,14,Jogging,60620112316000,-11.22,13.02,-2.6
536558,14,Jogging,60620162303000,-19.46,19.53,-11.22
536559,14,Jogging,60620212291000,-19.61,9.15,-12.22
536560,14,Jogging,60620262279000,-10.31,-9.28,4.48
536561,14,Jogging,60620312328000,-6.32,-11.22,6.55
536562,14,Jogging,60620362316000,3.72,-3.76,5.63
536563,14,Jogging,60620412303000,4.33,3.45,-0.46
536564,14,Jogging,60620462230000,-8.01,11.41,-10.04
536565,14,Jogging,60620512310000,-19.5,9.92,-2.26
536566,14,Jogging,60620562328000,-10.53,1.23,-0.84
536567,14,Jogging,60620612285000,-12.53,1.61,-1.27
536568,14,Jogging,60620662303000,-13.21,8.54,-4.56
536569,14,Jogging,60620712291000,-10.92,15.4,-2.56
536570,14,Jogging,60620762310000,2.07,16.21,14.63
536571,14,Jogging,60620812297000,1.88,10.34,8.96
536572,14,Jogging,60620862316000,-15.66,14.25,-2.03
536573,14,Jogging,60620912303000,-19.61,11.03,-14.86
536574,14,Jogging,60620962291000,-16.47,-4.75,-6.24
536575,14,Jogging,60621012249000,-6.85,-3.06,2.37
536576,14,Jogging,60621062297000,-4.1,0.61,0.89
536577,14,Jogging,60621182292000,-1.53,12.18,2.76
536578,14,Jogging,60621182292000,-1.53,12.18,2.76
536579,14,Jogging,60621182292000,-1.53,12.18,2.76
536580,14,Jogging,60621232219000,-18.24,2.68,-4.14
536581,14,Jogging,60621282390000,-18.16,0.84,-1.99
536582,14,Jogging,60621332317000,-11.75,3.21,-1.8
536583,14,Jogging,60621382396000,-10.92,7.59,-5.37
536584,14,Jogging,60621442302000,-11.99,11.5,-3.95
536585,14,Jogging,60621492321000,-8.85,16.04,-4.63
536586,14,Jogging,60621542308000,10.27,15.7,18.73
536587,14,Jogging,60621592327000,-3.76,8.16,2.41
536588,14,Jogging,60621642345000,-18.66,18.16,-5.24
536589,14,Jogging,60621692333000,-19.61,13.76,-14.56
536590,14,Jogging,60621742229000,-11.65,-12.22,6.89
536591,14,Jogging,60621792339000,-5.48,-1.88,2.83
536592,14,Jogging,60621842327000,2.49,-4.59,3.17
536593,14,Jogging,60621912334000,1.76,12.26,-0.95
536594,14,Jogging,60621962322000,-6.82,4.06,-8.62
536595,14,Jogging,60622012218000,-19.61,5.83,1.8
536596,14,Jogging,60622062328000,-9.58,0.27,-1.12
536597,14,Jogging,60622112316000,-10.88,1.76,0.46
536598,14,Jogging,60622162303000,-10.61,6.36,-1.99
536599,14,Jogging,60622212291000,-9.96,10.92,-1.42
536600,14,Jogging,60622262340000,-4.25,17.69,-1.95
536601,14,Jogging,60622312297000,6.21,9.43,15.85
536602,14,Jogging,60622362316000,-6.09,10.46,2.07
536603,14,Jogging,60622412242000,-19.57,19.53,-10.65
536604,14,Jogging,60622465587000,-19.5,6.93,-8.31
536605,14,Jogging,60622465587000,-19.5,6.93,-8.31
536606,14,Jogging,60622522258000,-9.92,-8.96,10.61
536607,14,Jogging,60622572338000,-3.95,-2.64,1.18
536608,14,Jogging,60622622356000,3.99,0.53,0.65
536609,14,Jogging,60622672344000,2.96,9.66,-0.65
536610,14,Jogging,60622722332000,-8.92,6.44,-3.34
536611,14,Jogging,60622772319000,-19.57,5.09,-2.11
536612,14,Jogging,60622822338000,-12.95,1.99,-1.5
536613,14,Jogging,60622872325000,-7.16,1.92,-5.33
536614,14,Jogging,60622922344000,-11.3,6.7,-8.85
536615,14,Jogging,60622972393000,-11.95,9.3,-0.5
536616,14,Jogging,60623022319000,0.27,16.89,10.76
536617,14,Jogging,60623072338000,-1.08,6.74,11.22
536618,14,Jogging,60623122325000,-11.37,14.6,-0.95
536619,14,Jogging,60623172344000,-19.61,19.38,-15.7
536620,14,Jogging,60623222332000,-18.2,2.98,-6.13
536621,14,Jogging,60623272319000,-7.25,-9.38,6.66
536622,14,Jogging,60623322338000,-3.57,-5.13,2.53
536623,14,Jogging,60623372325000,2.91,-2.37,3.45
536624,14,Jogging,60623422344000,5.43,2.41,3.72
536625,14,Jogging,60623472362000,-7.89,5.63,-8.54
536626,14,Jogging,60623522319000,-18.81,12.87,-3.3
536627,14,Jogging,60623572338000,-4.52,2.98,-0.65
536628,14,Jogging,60623632305000,-5.09,3.41,0.15
536629,14,Jogging,60623692302000,-10.76,8.08,-5.13
536630,14,Jogging,60623742321000,-7.93,13.33,-4.56
536631,14,Jogging,60623792339000,2.91,11.18,17.92
536632,14,Jogging,60623842327000,-7.08,12.11,-1.88
536633,14,Jogging,60623892345000,-19.0,19.42,-8.54
536634,14,Jogging,60623942333000,-19.61,10.08,-11.33
536635,14,Jogging,60623992351000,-7.89,-7.5,2.6
536636,14,Jogging,60624042308000,-4.59,-8.43,2.87
536637,14,Jogging,60624092327000,1.08,-4.94,2.56
536638,14,Jogging,60624142345000,6.82,4.71,3.45
536639,14,Jogging,60624192485000,-9.08,8.28,-5.28
536640,14,Jogging,60624242321000,-19.53,11.54,-3.21
536641,14,Jogging,60624292339000,-7.82,1.84,-0.61
536642,14,Jogging,60624342327000,-3.68,1.08,-4.79
536643,14,Jogging,60624392345000,-10.38,6.93,-6.97
536644,14,Jogging,60624442333000,-13.4,11.11,-1.04
536645,14,Jogging,60624492321000,-3.11,17.47,0.76
536646,14,Jogging,60624542308000,1.73,9.89,16.04
536647,14,Jogging,60624592327000,-11.45,13.72,-4.33
536648,14,Jogging,60624642559000,-19.61,19.57,-12.41
