,user,label,timestamp,x,y,z
644266,12,Downstairs,19061821694000,-9.575105,5.366417,-7.082580999999999
644267,12,Downstairs,19061821694000,-9.575105,5.366417,-7.082580999999999
644268,12,Downstairs,19062221749000,-3.336985,18.278507,-1.9885708
644269,12,Downstairs,19062301583000,-7.246025,7.246025,2.3018389
644270,12,Downstairs,19062341531000,-3.214402,6.782933,-0.19068487
644271,12,Downstairs,19062381539000,-0.88532263,4.099725,-0.3405087
644272,12,Downstairs,19062422524000,-1.9477096999999999,2.5606253,-0.313268
644273,12,Downstairs,19062501565000,0.53119355,8.158588,4.2495484
644274,12,Downstairs,19062541940000,0.53119355,10.61025,3.4459480000000005
644275,12,Downstairs,19062581582000,-3.4459480000000005,8.62168,4.3312707
644276,12,Downstairs,19062621529000,-2.8738932999999998,6.5513873,1.607201
644277,12,Downstairs,19062703744000,-0.95342433,-0.6946376999999999,1.2666923
644278,12,Downstairs,19062741524000,0.29964766,-1.9477096999999999,3.4868089999999996
644279,12,Downstairs,19062781686000,-0.27240697,3.1054392,4.2495484
644280,12,Downstairs,19062833230000,-5.8567495,18.428331,7.3549875999999985
644281,12,Downstairs,19062871560000,-0.38136974,10.732834,0.29964766
644282,12,Downstairs,19062951791000,0.95342433,11.563675,7.014479
644283,12,Downstairs,19062991677000,-0.9942854,11.223166,2.6832085
644284,12,Downstairs,19063031686000,-0.53119355,11.985906,-0.313268
644285,12,Downstairs,19063071542000,-6.2108784,12.871228,0.19068487
644286,12,Downstairs,19063151620000,0.6537767,3.2552630000000002,-0.5720546
644287,12,Downstairs,19063191750000,1.1168685,6.5105260000000005,-1.1441092
644288,12,Downstairs,19063232034000,-0.53119355,5.5162406,-0.46309182
644289,12,Downstairs,19063315469000,-9.956474,2.0294318,9.234595
644290,12,Downstairs,19063355019000,-3.7864565999999997,10.691972999999999,-1.0351465
644291,12,Downstairs,19063355019000,-3.7864565999999997,10.691972999999999,-1.0351465
644292,12,Downstairs,19063451638000,0.040861044,8.580819,-8.812365
644293,12,Downstairs,19063491647000,3.0237172,16.208214,5.938472
644294,12,Downstairs,19063531594000,5.202973,14.9006605,6.742072
644295,12,Downstairs,19063571572000,-3.9499009,12.367275999999999,4.5628166
644296,12,Downstairs,19063651620000,-4.3312707,11.372991,-1.8796080000000002
644297,12,Downstairs,19063693917000,-2.9556155,4.7126402999999994,0.53119355
644298,12,Downstairs,19063731515000,-0.5720546,1.9885708,-0.88532263
644299,12,Downstairs,19063771676000,-0.9942854,5.7886477,-1.56634
644300,12,Downstairs,19063854714000,-1.6889231,-2.6423476000000004,10.228881
644301,12,Downstairs,19063894326000,-7.246025,4.7126402999999994,8.499097
644302,12,Downstairs,19063931618000,-4.9850473,10.882658000000001,-4.140586
644303,12,Downstairs,19063971658000,0.9125633,12.721405,-1.5390993
644304,12,Downstairs,19064051583000,0.3405087,8.853226,-5.0531489999999994
644305,12,Downstairs,19064091561000,4.7535014,16.821129,10.337844
644306,12,Downstairs,19064131600000,4.2086873,13.484144,2.982856
644307,12,Downstairs,19064171639000,-0.27240697,15.513576500000001,-0.8036005
644308,12,Downstairs,19064251504000,-7.205164,6.1291566,-2.7921712000000003
644309,12,Downstairs,19064291665000,-1.2666923,-1.4573771999999998,-0.88532263
644310,12,Downstairs,19064331643000,1.6889231,0.6537767,-1.6889231
644311,12,Downstairs,19064381997000,-1.5390993,3.3778462,4.1814466
644312,12,Downstairs,19064421517000,-5.407278,6.5922484,15.976667
644313,12,Downstairs,19064462411000,-5.0531489999999994,9.507003,8.730642999999999
644314,12,Downstairs,19064541512000,-0.53119355,17.502148000000002,2.3018389
644315,12,Downstairs,19064581612000,-6.469665,10.528528999999999,3.336985
644316,12,Downstairs,19064621926000,2.5606253,16.930092000000002,9.425281
644317,12,Downstairs,19064703164000,-0.7218784,12.14935,0.7218784
644318,12,Downstairs,19064741830000,-3.9090397000000006,14.47843,-1.6480621
644319,12,Downstairs,19064781960000,-8.730642999999999,10.337844,-1.7570249
644320,12,Downstairs,19064821603000,-1.8387468999999996,1.9204689999999998,-2.7649305
644321,12,Downstairs,19064871468000,2.6423476000000004,-0.42223078,-2.1792557
644322,12,Downstairs,19064951516000,-4.5628166,1.56634,16.43976
644323,12,Downstairs,19064991494000,-3.214402,9.112013000000001,5.625203599999999
644324,12,Downstairs,19065031441000,0.61291564,15.213928,-5.407278
644325,12,Downstairs,19065071664000,-5.175732,19.000385,4.2086873
644326,12,Downstairs,19065111520000,0.5720546,16.507862,8.539958
644327,12,Downstairs,19065201546000,-0.08172209,12.639683,2.3426998
644328,12,Downstairs,19065241372000,-4.944186,15.745122,0.88532263
644329,12,Downstairs,19065281380000,-6.469665,10.038197,0.0
644330,12,Downstairs,19065321938000,-3.8681788,3.7592160000000003,0.08172209
644331,12,Downstairs,19065401955000,0.50395286,3.3778462,-1.8387468999999996
644332,12,Downstairs,19065441598000,0.50395286,-0.8036005,5.8158884
644333,12,Downstairs,19065481728000,-3.0645783,0.14982383,10.419566
644334,12,Downstairs,19065521645000,-2.0294318,5.597963,-4.671779
644335,12,Downstairs,19065601510000,-0.95342433,18.0061,8.008764
644336,12,Downstairs,19065641671000,-1.3756552,13.211738,4.5628166
644337,12,Downstairs,19065682229000,0.29964766,8.281172,-0.10896278
644338,12,Downstairs,19065721658000,2.5606253,14.982382999999999,4.944186
644339,12,Downstairs,19065801614000,-9.234595,17.924377,5.434519
644340,12,Downstairs,19065841744000,-8.308413,10.079058,3.0237172
644341,12,Downstairs,19065884652000,-6.0201936,7.3549875999999985,3.7183550000000003
644342,12,Downstairs,19065922433000,-6.0201936,8.349273,1.9477096999999999
644343,12,Downstairs,19066001839000,0.38136974,3.9090397000000006,-1.0351465
644344,12,Downstairs,19066043313000,2.2609777,5.175732,2.5333846
644345,12,Downstairs,19066081551000,4.8216033,8.19945,6.4015636
644346,12,Downstairs,19066121529000,4.018002500000001,8.812365,11.645397
644347,12,Downstairs,19066201669000,-7.164303,11.372991,2.1792557
644348,12,Downstairs,19066241860000,-14.437569,9.847511,1.1849703
644349,12,Downstairs,19066281686000,-6.3607025,7.1234417,4.7126402999999994
644350,12,Downstairs,19066561471000,-1.0351465,7.1234417,4.7126402999999994
644351,12,Downstairs,19066561471000,-1.0351465,7.1234417,4.7126402999999994
644352,12,Downstairs,19066561471000,-1.0351465,7.1234417,4.7126402999999994
644353,12,Downstairs,19066561471000,-1.0351465,7.1234417,4.7126402999999994
644354,12,Downstairs,19066561471000,-1.0351465,7.1234417,4.7126402999999994
644355,12,Downstairs,19066601968000,-0.7627395,6.973617999999999,6.851035
644356,12,Downstairs,19066641518000,-1.4165162,6.0474343,2.3699405
644357,12,Downstairs,19066681618000,-3.0645783,0.38136974,0.9942854
644358,12,Downstairs,19066722207000,1.525479,6.66035,4.140586
644359,12,Downstairs,19066801492000,3.336985,4.7535014,1.7978859
644360,12,Downstairs,19066841500000,-1.2258313,2.3699405,-2.3018389
644361,12,Downstairs,19066881539000,-4.018002500000001,15.023244,2.3699405
644362,12,Downstairs,19066952767000,-7.3958488,5.706926,2.5606253
644363,12,Downstairs,19066991769000,-2.982856,1.2258313,-1.0351465
644364,12,Downstairs,19067031564000,-1.7570249,8.158588,0.38136974
644365,12,Downstairs,19067071633000,-0.46309182,1.8387468999999996,5.8567495
644366,12,Downstairs,19067151681000,-0.61291564,4.1814466,9.493382
644367,12,Downstairs,19067191659000,-0.10896278,10.337844,-3.173541
644368,12,Downstairs,19067232247000,-3.4050870000000004,17.079916,5.706926
644369,12,Downstairs,19067271432000,-1.0351465,12.912089,-1.6889231
644370,12,Downstairs,19067351693000,2.6014863999999998,16.249075,10.528528999999999
644371,12,Downstairs,19067391427000,4.1814466,14.2877445,1.2258313
644372,12,Downstairs,19067431588000,-2.4516625,15.404613500000002,1.3756552
644373,12,Downstairs,19067472024000,-8.430995,7.246025,0.0
644374,12,Downstairs,19067551583000,-2.3426998,5.7886477,0.0
644375,12,Downstairs,19067591500000,-3.3778462,10.18802,-2.6423476000000004
644376,12,Downstairs,19067631448000,-1.4982381999999999,1.3756552,2.8738932999999998
644377,12,Downstairs,19067671548000,2.2201166000000003,-0.3405087,12.217452
644378,12,Downstairs,19067751595000,-0.95342433,6.3198414000000005,-3.6366330000000002
644379,12,Downstairs,19067791573000,-0.6946376999999999,10.800936,-2.8330324
644380,12,Downstairs,19067831460000,-9.466142,18.46919,9.384419
644381,12,Downstairs,19067871560000,0.5720546,12.598822,-2.9147543999999996
644382,12,Downstairs,19067951669000,3.5685309999999997,12.912089,2.1111538
644383,12,Downstairs,19068001565000,-6.5513873,11.495573,-0.92618364
644384,12,Downstairs,19068042214000,-7.205164,8.117727,0.38136974
644385,12,Downstairs,19068081643000,-0.84446156,4.372132,-0.61291564
644386,12,Downstairs,19068121651000,-0.313268,6.851035,-0.95342433
644387,12,Downstairs,19068201546000,-4.2495484,-0.61291564,7.5456724
644388,12,Downstairs,19068242684000,-8.308413,4.140586,16.208214
644389,12,Downstairs,19068281472000,-3.4868089999999996,10.691972999999999,3.1054392
644390,12,Downstairs,19068321755000,5.202973,14.818938000000001,-0.5720546
644391,12,Downstairs,19068363320000,-4.3312707,14.982382999999999,2.8330324
644392,12,Downstairs,19068414132000,-0.84446156,6.66035,6.2108784
644393,12,Downstairs,19068414132000,-0.84446156,6.66035,6.2108784
644394,12,Downstairs,19068522378000,-2.1792557,12.108489,-1.9204689999999998
644395,12,Downstairs,19068601723000,-5.2165932999999995,6.0201936,-1.1849703
644396,12,Downstairs,19068647897000,0.14982383,3.1054392,1.0760075
644397,12,Downstairs,19068691872000,-0.23154591,3.2552630000000002,8.880466
644398,12,Downstairs,19068731728000,-0.6946376999999999,5.47538,16.235454999999998
644399,12,Downstairs,19068772774000,-3.4050870000000004,9.575105,0.6946376999999999
644400,12,Downstairs,19068853066000,-4.6036777,12.53072,3.5685309999999997
644401,12,Downstairs,19068891488000,0.3405087,9.302697,-7.3141264999999995
644402,12,Downstairs,19068891488000,0.3405087,9.302697,-7.3141264999999995
644403,12,Downstairs,19068958504000,-2.982856,17.24336,9.615966
644409,12,Downstairs,19069020211000,-0.08172209,11.686258,0.53119355
644407,12,Downstairs,19069020211000,-0.08172209,11.686258,0.53119355
644408,12,Downstairs,19069020211000,-0.08172209,11.686258,0.53119355
644406,12,Downstairs,19069020211000,-0.08172209,11.686258,0.53119355
644411,12,Downstairs,19069020211000,-0.08172209,11.686258,0.53119355
644404,12,Downstairs,19069020211000,-0.08172209,11.686258,0.53119355
644410,12,Downstairs,19069020211000,-0.08172209,11.686258,0.53119355
644405,12,Downstairs,19069020211000,-0.08172209,11.686258,0.53119355
644412,12,Downstairs,19069451485000,-0.8036005,17.815414,4.2495484
644413,12,Downstairs,19069491402000,0.46309182,7.586533500000001,2.2201166000000003
644415,12,Downstairs,19069532265000,5.8567495,10.528528999999999,5.938472
644416,12,Downstairs,19069532265000,5.8567495,10.528528999999999,5.938472
644414,12,Downstairs,19069532265000,5.8567495,10.528528999999999,5.938472
644417,12,Downstairs,19069670388000,-6.851035,11.454713,0.10896278
644418,12,Downstairs,19069670388000,-6.851035,11.454713,0.10896278
644422,12,Downstairs,19069759225000,-2.1792557,2.8330324,-1.0351465
644419,12,Downstairs,19069759225000,-2.1792557,2.8330324,-1.0351465
644420,12,Downstairs,19069759225000,-2.1792557,2.8330324,-1.0351465
644421,12,Downstairs,19069759225000,-2.1792557,2.8330324,-1.0351465
644423,12,Downstairs,19069759225000,-2.1792557,2.8330324,-1.0351465
644424,12,Downstairs,19070006417000,-8.240311,18.428331,-6.1291566
644425,12,Downstairs,19070102853000,-4.7943625,6.4424243,-2.3018389
644426,12,Downstairs,19070152779000,-6.66035,5.5571017,-6.1291566
644427,12,Downstairs,19070191445000,-3.0237172,7.6273947,-7.2732660000000005
644428,12,Downstairs,19070231484000,6.170017700000001,7.9679036,-6.4015636
644429,12,Downstairs,19070271493000,11.876944,11.032481,-1.1168685
644430,12,Downstairs,19070321511000,2.1111538,10.228881,17.856276
644431,12,Downstairs,19070401528000,-0.3405087,7.3141264999999995,8.880466
644432,12,Downstairs,19070441567000,-6.0474343,7.5456724,3.7592160000000003
644433,12,Downstairs,19070481637000,-3.4050870000000004,17.24336,-2.152015
644434,12,Downstairs,19070521645000,-6.5513873,18.278507,2.7513103
644435,12,Downstairs,19070601784000,-6.2108784,5.407278,0.46309182
644436,12,Downstairs,19070641518000,-3.8273177000000005,6.742072,-2.070293
644437,12,Downstairs,19070681618000,-0.08172209,4.8216033,0.14982383
644438,12,Downstairs,19070721505000,-0.8036005,4.0588636,-0.84446156
644439,12,Downstairs,19070801522000,0.7218784,7.246025,6.851035
644440,12,Downstairs,19070841592000,0.84446156,10.800936,4.7535014
644441,12,Downstairs,19070881539000,-2.1111538,7.3958488,2.1792557
644442,12,Downstairs,19070921670000,-0.8036005,3.9499009,-0.23154591
644443,12,Downstairs,19071001595000,-0.23154591,-4.5900574,8.921327999999999
644444,12,Downstairs,19071051553000,-3.336985,7.7772183,-0.95342433
644445,12,Downstairs,19071092446000,-1.56634,18.537292,11.795221000000002
644446,12,Downstairs,19071142190000,-3.214402,9.043911,-7.3141264999999995
644447,12,Downstairs,19071181618000,-2.8330324,9.152874,0.46309182
644448,12,Downstairs,19071221627000,0.84446156,9.507003,6.5513873
644449,12,Downstairs,19071301614000,-1.607201,12.14935,1.3075534
644450,12,Downstairs,19071341622000,-5.7477865,14.1787815,2.982856
644451,12,Downstairs,19071391793000,-3.4459480000000005,6.3607025,0.88532263
644452,12,Downstairs,19071432229000,0.42223078,4.099725,-0.14982383
644453,12,Downstairs,19071471627000,-1.3756552,6.66035,-0.50395286
644454,12,Downstairs,19071551614000,0.46309182,-0.42223078,2.2201166000000003
644455,12,Downstairs,19071591683000,-1.9204689999999998,0.8036005,13.525004999999998
644456,12,Downstairs,19071632180000,-10.269741999999999,6.823794400000001,8.539958
644457,12,Downstairs,19071671578000,-0.6537767,12.680544,-0.61291564
644458,12,Downstairs,19071751626000,-4.6036777,10.337844,-3.6774937999999993
644459,12,Downstairs,19071791665000,3.1054392,7.7772183,7.3958488
644460,12,Downstairs,19071831673000,3.7864565999999997,11.836082000000001,1.607201
644461,12,Downstairs,19071871651000,0.6537767,13.633968,0.53119355
644462,12,Downstairs,19071924905000,-7.014479,11.454713,0.7627395
644463,12,Downstairs,19072001534000,-1.2258313,3.990762,-1.1849703
644464,12,Downstairs,19072041512000,0.61291564,6.5513873,-2.152015
644465,12,Downstairs,19072081673000,1.1168685,5.1348709999999995,1.2666923
