,user,label,timestamp,x,y,z
141410,15,Jogging,662092143000,-0.46,5.37,-0.29964766
141409,15,Jogging,662092143000,-0.46,5.37,-0.29964766
141411,15,Jogging,662142253000,-4.33,2.83,-6.742072
141413,15,Jogging,662252849000,-2.49,-0.38,0.50395286
141414,15,Jogging,662302196000,0.84,6.13,2.7649305
141415,15,Jogging,662352214000,19.19,19.57,-5.938472
141416,15,Jogging,662402324000,13.67,10.08,6.742072
141417,15,Jogging,662452281000,15.02,1.54,-4.2086873
141419,15,Jogging,662502269000,18.5,-7.82,3.4459480000000005
141418,15,Jogging,662502269000,18.5,-7.82,3.4459480000000005
141420,15,Jogging,662585673000,4.56,-9.81,0.7627395
141422,15,Jogging,662692271000,19.57,19.57,2.982856
141423,15,Jogging,662742137000,7.16,7.5,-1.3075534
141424,15,Jogging,662792247000,-0.3,7.06,-3.336985
141425,15,Jogging,662842357000,-6.02,1.14,-2.2609777
141426,15,Jogging,662892314000,-8.05,-1.31,5.706926
141427,15,Jogging,662942332000,-0.3,0.15,0.040861044
141428,15,Jogging,662992198000,18.35,12.22,-7.3549875999999985
141429,15,Jogging,663042308000,12.34,19.53,12.340035
141430,15,Jogging,663092143000,11.37,17.27,-4.4810944
141431,15,Jogging,663142436000,11.5,9.66,-1.9477096999999999
141432,15,Jogging,663192210000,14.25,-0.46,9.275456
141434,15,Jogging,663192210000,14.25,-0.46,9.275456
141433,15,Jogging,663192210000,14.25,-0.46,9.275456
141436,15,Jogging,663422587000,19.57,19.57,0.3405087
141437,15,Jogging,663422587000,19.57,19.57,0.3405087
141438,15,Jogging,663472240000,1.33,16.36,2.9556155
141440,15,Jogging,663642345000,-6.85,-9.43,-1.7978859
141441,15,Jogging,663642345000,-6.85,-9.43,-1.7978859
141442,15,Jogging,663742259000,14.9,16.89,-4.5628166
141443,15,Jogging,663792277000,17.69,18.66,-2.7921712000000003
141444,15,Jogging,663842387000,17.67,11.37,2.7649305
141445,15,Jogging,663892284000,6.74,1.92,-1.7978859
141446,15,Jogging,663942271000,8.73,-3.34,-3.2961242
141448,15,Jogging,663992198000,8.66,-5.6,2.5606253
141449,15,Jogging,663992198000,8.66,-5.6,2.5606253
141447,15,Jogging,663992198000,8.66,-5.6,2.5606253
141451,15,Jogging,664162273000,19.57,19.57,-4.5219555
141452,15,Jogging,664222301000,1.76,13.59,10.079058
141453,15,Jogging,664272166000,-2.41,3.02,-4.5219555
141456,15,Jogging,664322307000,-2.26,0.69,-9.343558
141457,15,Jogging,664322307000,-2.26,0.69,-9.343558
141455,15,Jogging,664322307000,-2.26,0.69,-9.343558
141454,15,Jogging,664322307000,-2.26,0.69,-9.343558
141459,15,Jogging,664542247000,19.53,19.34,-8.430995
141461,15,Jogging,664592692000,18.05,1.88,10.079058
141460,15,Jogging,664592692000,18.05,1.88,10.079058
141463,15,Jogging,664702220000,8.16,-4.21,0.50395286
141464,15,Jogging,664752177000,3.76,-10.38,-0.27240697
141465,15,Jogging,664802348000,8.73,-3.11,-1.4165162
141466,15,Jogging,664852214000,18.43,13.25,1.2258313
141467,15,Jogging,664902263000,19.57,19.57,-4.1814466
141468,15,Jogging,664952617000,1.08,14.29,9.084772000000001
141469,15,Jogging,664952617000,1.08,14.29,9.084772000000001
141472,15,Jogging,665122264000,-6.51,-0.91,-6.973617999999999
141473,15,Jogging,665172191000,-0.57,3.17,-0.38136974
141474,15,Jogging,665222606000,9.81,18.7,0.14982383
141475,15,Jogging,665272288000,17.47,18.73,-7.3549875999999985
141476,15,Jogging,665322246000,19.53,3.91,7.8589406
141477,15,Jogging,665372294000,11.5,0.19,-6.742072
141478,15,Jogging,665422130000,6.7,-4.25,1.334794
141479,15,Jogging,665473918000,7.55,-12.18,-0.08172209
141480,15,Jogging,665473918000,7.55,-12.18,-0.08172209
141481,15,Jogging,665542155000,9.77,2.22,-2.3018389
141484,15,Jogging,665692332000,-0.46,7.4,3.990762
141483,15,Jogging,665692332000,-0.46,7.4,3.990762
141486,15,Jogging,665812175000,-2.22,-0.3,-8.308413
141487,15,Jogging,665862620000,-2.22,-0.04,-2.7513103
141488,15,Jogging,665912150000,-0.65,5.67,-1.1168685
141489,15,Jogging,665962291000,16.93,19.57,-4.290409599999999
141490,15,Jogging,666012279000,17.31,12.79,0.61291564
141491,15,Jogging,666012279000,17.31,12.79,0.61291564
141492,15,Jogging,666062419000,18.7,1.8,0.08172209
141494,15,Jogging,666202251000,4.06,-8.73,-2.1111538
141495,15,Jogging,666252513000,11.56,1.92,-0.0
141496,15,Jogging,666302287000,19.57,16.86,1.2666923
141497,15,Jogging,666352885000,16.93,19.19,-3.2961242
141498,15,Jogging,666403361000,0.69,7.16,3.8273177000000005
141499,15,Jogging,666452281000,-3.98,2.18,-2.8738932999999998
141500,15,Jogging,666502482000,-3.79,2.18,-4.290409599999999
141501,15,Jogging,666552318000,-4.99,-0.27,-4.018002500000001
141504,15,Jogging,666712199000,19.0,19.5,-8.471855999999999
141505,15,Jogging,666762248000,16.55,2.07,8.894086999999999
141506,15,Jogging,666762248000,16.55,2.07,8.894086999999999
141509,15,Jogging,666922160000,7.4,-14.25,0.95342433
141510,15,Jogging,666992290000,8.47,4.29,0.6946376999999999
141511,15,Jogging,667042247000,19.57,18.09,-0.42223078
141512,15,Jogging,667092265000,16.32,19.08,-2.4925237
141513,15,Jogging,667142375000,-0.76,8.89,5.175732
141514,15,Jogging,667142375000,-0.76,8.89,5.175732
141516,15,Jogging,667272258000,-3.11,0.72,-7.9679036
141517,15,Jogging,667322520000,-1.14,0.65,-2.6832085
141518,15,Jogging,667372661000,0.99,9.77,-0.3405087
141519,15,Jogging,667422282000,18.89,19.57,-5.9793324
141520,15,Jogging,667472301000,17.01,9.34,7.6273947
141521,15,Jogging,667522380000,16.66,3.49,-5.284695
141522,15,Jogging,667582255000,6.17,-1.65,-3.173541
141523,15,Jogging,667632396000,7.86,-8.2,-1.2666923
141524,15,Jogging,667682292000,7.7,-10.61,0.61291564
141525,15,Jogging,667732219000,11.99,5.83,-0.6537767
141526,15,Jogging,667782542000,19.57,18.43,2.1792557
141527,15,Jogging,667832255000,16.82,18.85,-4.440233
141528,15,Jogging,667882274000,-4.82,8.89,6.1291566
141529,15,Jogging,667932201000,-5.2,5.71,-3.3642258999999997
141530,15,Jogging,667982341000,-6.59,4.56,-14.246882999999999
141531,15,Jogging,668032207000,-5.09,1.14,-0.5720546
141532,15,Jogging,668082316000,6.66,6.7,7.2732660000000005
141533,15,Jogging,668132243000,8.92,19.34,-3.3642258999999997
141534,15,Jogging,668182292000,19.57,19.57,-3.1054392
141535,15,Jogging,668232249000,16.74,8.92,-2.4108016
141536,15,Jogging,668282268000,18.2,-2.3,2.8330324
141537,15,Jogging,668332164000,9.66,-3.83,-3.3642258999999997
141538,15,Jogging,668382609000,9.28,-14.52,-3.0237172
141540,15,Jogging,668432231000,6.51,-5.52,-0.6946376999999999
141539,15,Jogging,668432231000,6.51,-5.52,-0.6946376999999999
141542,15,Jogging,668552928000,19.57,19.57,-4.5900574
141543,15,Jogging,668602244000,-4.1,13.14,7.7772183
141544,15,Jogging,668602244000,-4.1,13.14,7.7772183
141545,15,Jogging,668732341000,-5.71,1.69,-13.102775
141546,15,Jogging,668782451000,2.79,2.6,5.47538
141547,15,Jogging,668832255000,-1.76,7.21,1.8387468999999996
141548,15,Jogging,668882976000,12.98,19.57,-4.2495484
141549,15,Jogging,668882976000,12.98,19.57,-4.2495484
141550,15,Jogging,668932262000,18.58,19.15,-3.2961242
141552,15,Jogging,668982249000,18.73,0.5,7.246025
141551,15,Jogging,668982249000,18.73,0.5,7.246025
141553,15,Jogging,669053172000,8.31,-1.31,-3.0645783
141555,15,Jogging,669163035000,8.39,-6.78,-0.8036005
141557,15,Jogging,669212413000,13.72,9.34,-2.9556155
141556,15,Jogging,669212413000,13.72,9.34,-2.9556155
141558,15,Jogging,669312358000,8.16,16.66,2.8738932999999998
141559,15,Jogging,669362346000,-6.21,8.58,-0.7218784
141560,15,Jogging,669362346000,-6.21,8.58,-0.7218784
141561,15,Jogging,669462108000,-5.52,0.15,-11.75436
141562,15,Jogging,669513011000,-0.11,0.65,4.372132
141563,15,Jogging,669572398000,1.08,5.24,3.8681788
141565,15,Jogging,669672587000,19.46,19.04,-3.7183550000000003
141566,15,Jogging,669722209000,15.85,5.79,-0.10896278
141567,15,Jogging,669772319000,15.55,-0.8,-6.170017700000001
141568,15,Jogging,669822246000,6.44,-5.6,-3.5276701
141569,15,Jogging,669872203000,1.33,-10.95,-1.525479
141572,15,Jogging,669922343000,6.36,-4.02,-0.38136974
141571,15,Jogging,669922343000,6.36,-4.02,-0.38136974
141570,15,Jogging,669922343000,6.36,-4.02,-0.38136974
141577,15,Jogging,670162211000,-6.21,5.94,-5.284695
141576,15,Jogging,670162211000,-6.21,5.94,-5.284695
141575,15,Jogging,670162211000,-6.21,5.94,-5.284695
141578,15,Jogging,670162211000,-6.21,5.94,-5.284695
141580,15,Jogging,670412181000,16.66,14.41,2.6014863999999998
141582,15,Jogging,670462291000,18.43,4.79,-2.5333846
141581,15,Jogging,670462291000,18.43,4.79,-2.5333846
141583,15,Jogging,670462291000,18.43,4.79,-2.5333846
141584,15,Jogging,670582378000,4.1,-9.08,-1.334794
141585,15,Jogging,670632243000,10.69,-6.89,0.88532263
141586,15,Jogging,670682262000,10.38,5.79,-2.1111538
141590,15,Jogging,670883128000,-5.37,6.82,-5.366417
141589,15,Jogging,670883128000,-5.37,6.82,-5.366417
141593,15,Jogging,671062266000,5.94,12.72,6.2789803
141592,15,Jogging,671062266000,5.94,12.72,6.2789803
141595,15,Jogging,671162273000,15.7,6.78,7.586533500000001
141594,15,Jogging,671162273000,15.7,6.78,7.586533500000001
141596,15,Jogging,671262218000,11.6,-1.76,-2.2609777
141597,15,Jogging,671312266000,6.32,-7.16,-1.3075534
141598,15,Jogging,671362224000,7.78,-16.74,0.50395286
141599,15,Jogging,671362224000,7.78,-16.74,0.50395286
141600,15,Jogging,671412242000,10.53,3.53,-1.9885708
141602,15,Jogging,671512340000,18.35,19.0,-5.202973
141601,15,Jogging,671512340000,18.35,19.0,-5.202973
141603,15,Jogging,671612285000,-4.25,7.35,-4.671779
141604,15,Jogging,671612285000,-4.25,7.35,-4.671779
141605,15,Jogging,671712230000,-3.91,-0.5,-4.140586
141606,15,Jogging,671762279000,2.37,2.37,4.3312707
141607,15,Jogging,671812236000,2.76,16.17,1.2666923
141608,15,Jogging,671812236000,2.76,16.17,1.2666923
141610,15,Jogging,671912211000,15.79,8.85,2.0294318
141609,15,Jogging,671912211000,15.79,8.85,2.0294318
141611,15,Jogging,672012187000,12.6,-2.53,-2.5606253
141612,15,Jogging,672012187000,12.6,-2.53,-2.5606253
141613,15,Jogging,672112315000,12.07,-13.17,5.8567495
141614,15,Jogging,672112315000,12.07,-13.17,5.8567495
141615,15,Jogging,672172343000,14.48,10.92,-3.9771416
141620,15,Jogging,672322551000,-2.72,7.01,-0.8036005
141622,15,Jogging,672472148000,-3.6,0.46,-3.6366330000000002
141623,15,Jogging,672522472000,0.89,6.47,1.2258313
141624,15,Jogging,672572215000,18.85,19.57,-0.6537767
141625,15,Jogging,672622233000,19.04,15.98,-3.2961242
141628,15,Jogging,672672282000,19.08,2.15,7.4639505999999995
141626,15,Jogging,672672282000,19.08,2.15,7.4639505999999995
141627,15,Jogging,672672282000,19.08,2.15,7.4639505999999995
141630,15,Jogging,672842296000,13.06,-16.28,6.238119
141631,15,Jogging,672902263000,11.92,9.77,-3.6774937999999993
141632,15,Jogging,672952220000,19.57,19.57,-0.9942854
141633,15,Jogging,673002269000,8.5,18.85,4.8216033
141634,15,Jogging,673052318000,-3.91,7.4,-0.23154591
141635,15,Jogging,673102122000,-5.9,5.05,-6.9327570000000005
141637,15,Jogging,673153056000,-5.75,0.0,-14.669114000000002
141636,15,Jogging,673153056000,-5.75,0.0,-14.669114000000002
141639,15,Jogging,673372142000,14.14,11.75,3.4050870000000004
141641,15,Jogging,673422404000,15.7,2.68,3.7592160000000003
141640,15,Jogging,673422404000,15.7,2.68,3.7592160000000003
