,user,label,timestamp,x,y,z
142620,15,Jogging,721422313000,16.44,19.57,-2.4925237
142621,15,Jogging,721472301000,18.66,16.55,-2.6014863999999998
142622,15,Jogging,721522441000,18.85,6.24,7.082580999999999
142623,15,Jogging,721522441000,18.85,6.24,7.082580999999999
142626,15,Jogging,721742503000,13.59,14.9,4.1814466
142627,15,Jogging,721792186000,19.57,19.57,1.4165162
142628,15,Jogging,721842662000,6.21,17.01,2.4925237
142629,15,Jogging,721892222000,-5.48,12.34,3.3778462
142631,15,Jogging,721942180000,-5.05,15.94,-15.009623999999999
142630,15,Jogging,721942180000,-5.05,15.94,-15.009623999999999
142632,15,Jogging,722012187000,2.37,-1.65,-4.3993720000000005
142634,15,Jogging,722162303000,19.04,19.57,-10.691972999999999
142635,15,Jogging,722212413000,7.67,10.95,1.8387468999999996
142637,15,Jogging,722262187000,18.16,1.27,4.671779
142636,15,Jogging,722262187000,18.16,1.27,4.671779
142639,15,Jogging,722422618000,8.73,-5.41,-3.4868089999999996
142640,15,Jogging,722422618000,8.73,-5.41,-3.4868089999999996
142641,15,Jogging,722492351000,14.71,14.6,-0.6537767
142642,15,Jogging,722542461000,18.28,18.7,4.7535014
142643,15,Jogging,722592235000,-4.06,12.34,-3.0237172
142644,15,Jogging,722642222000,-9.28,17.43,-4.944186
142645,15,Jogging,722692241000,-13.59,9.53,-16.589584
142646,15,Jogging,722742290000,4.25,1.12,2.0294318
142647,15,Jogging,722792247000,-1.27,4.67,-4.2495484
142648,15,Jogging,722842296000,4.02,18.47,-2.982856
142649,15,Jogging,722892253000,19.57,19.57,-6.633109599999999
142650,15,Jogging,722942302000,13.21,10.84,-1.9204689999999998
142651,15,Jogging,722992198000,19.57,3.49,9.084772000000001
142652,15,Jogging,723042308000,14.37,-1.18,-3.4459480000000005
142653,15,Jogging,723092204000,13.67,-12.95,-7.1234417
142654,15,Jogging,723142314000,8.66,-11.6,-1.6480621
142655,15,Jogging,723192210000,9.38,8.39,-0.61291564
142656,15,Jogging,723242259000,19.57,19.57,4.2086873
142657,15,Jogging,723292247000,11.18,16.25,-0.88532263
142658,15,Jogging,723342265000,-7.35,15.21,2.8330324
142659,15,Jogging,723392161000,-12.87,19.0,-10.228881
142660,15,Jogging,723442271000,-4.75,-0.89,-17.692830999999998
142662,15,Jogging,723493327000,9.51,4.86,8.689782000000001
142661,15,Jogging,723493327000,9.51,4.86,8.689782000000001
142663,15,Jogging,723493327000,9.51,4.86,8.689782000000001
142665,15,Jogging,723662303000,16.51,15.66,-0.53119355
142666,15,Jogging,723712169000,17.58,6.13,0.7627395
142668,15,Jogging,723762309000,18.39,0.38,2.0294318
142667,15,Jogging,723762309000,18.39,0.38,2.0294318
142671,15,Jogging,723962199000,19.57,19.57,6.0201936
142672,15,Jogging,724012218000,11.69,18.28,1.607201
142673,15,Jogging,724012218000,11.69,18.28,1.607201
142674,15,Jogging,724062266000,-6.02,11.96,4.140586
142675,15,Jogging,724062266000,-6.02,11.96,4.140586
142677,15,Jogging,724232310000,7.78,5.01,7.504811999999999
142678,15,Jogging,724282298000,-1.8,11.6,-3.1054392
142679,15,Jogging,724332225000,16.86,19.57,-4.018002500000001
142680,15,Jogging,724382487000,17.67,16.78,-2.6423476000000004
142681,15,Jogging,724432262000,19.27,0.84,8.076866
142682,15,Jogging,724482219000,11.56,-2.22,-3.5276701
142683,15,Jogging,724532115000,4.48,-6.32,-2.7513103
142685,15,Jogging,724582835000,12.68,-10.99,-3.214402
142684,15,Jogging,724582835000,12.68,-10.99,-3.214402
142688,15,Jogging,724752299000,8.73,15.47,14.982382999999999
142689,15,Jogging,724803783000,-6.51,7.4,-3.7592160000000003
142690,15,Jogging,724852214000,-6.36,9.66,-12.789507
142691,15,Jogging,724902354000,-4.63,0.61,-12.026767
142692,15,Jogging,724952251000,1.46,1.18,-1.6480621
142693,15,Jogging,725002269000,3.45,11.65,7.1234417
142694,15,Jogging,725002269000,3.45,11.65,7.1234417
142695,15,Jogging,725002269000,3.45,11.65,7.1234417
142700,15,Jogging,725200297000,10.27,-0.76,-3.6366330000000002
142699,15,Jogging,725200297000,10.27,-0.76,-3.6366330000000002
142702,15,Jogging,725462443000,0.38,14.25,9.384419
142703,15,Jogging,725462443000,0.38,14.25,9.384419
142704,15,Jogging,725562205000,-1.99,11.88,-14.2877445
142706,15,Jogging,725562205000,-1.99,11.88,-14.2877445
142705,15,Jogging,725562205000,-1.99,11.88,-14.2877445
142707,15,Jogging,725622325000,-3.83,-0.76,-9.00305
142709,15,Jogging,725732402000,10.5,16.51,5.5571017
142708,15,Jogging,725732402000,10.5,16.51,5.5571017
142711,15,Jogging,725782329000,19.42,19.53,-4.903325
142710,15,Jogging,725782329000,19.42,19.53,-4.903325
142713,15,Jogging,725832591000,15.6,2.91,8.662541000000001
142712,15,Jogging,725832591000,15.6,2.91,8.662541000000001
142715,15,Jogging,726022136000,11.88,-8.35,-1.8796080000000002
142716,15,Jogging,726082194000,17.86,14.37,-0.5720546
142717,15,Jogging,726132609000,19.57,19.57,2.9147543999999996
142718,15,Jogging,726192302000,3.57,12.6,-1.1441092
142720,15,Jogging,726192302000,3.57,12.6,-1.1441092
142719,15,Jogging,726192302000,3.57,12.6,-1.1441092
142721,15,Jogging,726305522000,-14.29,6.32,-11.563675
142724,15,Jogging,726442149000,-3.72,13.38,-3.6366330000000002
142725,15,Jogging,726492351000,18.39,19.57,-4.5219555
142726,15,Jogging,726542369000,18.24,15.64,-2.9147543999999996
142727,15,Jogging,726592265000,18.05,1.95,7.055340299999999
142728,15,Jogging,726642345000,13.53,-2.03,-5.1348709999999995
142729,15,Jogging,726692149000,12.15,-13.33,-5.597963
142730,15,Jogging,726742168000,12.49,-10.99,-3.9090397000000006
142731,15,Jogging,726742168000,12.49,-10.99,-3.9090397000000006
142732,15,Jogging,726742168000,12.49,-10.99,-3.9090397000000006
142736,15,Jogging,726932170000,-4.06,13.38,5.8567495
142735,15,Jogging,726932170000,-4.06,13.38,5.8567495
142737,15,Jogging,726982890000,-7.44,12.37,-3.4459480000000005
142740,15,Jogging,727192180000,9.62,19.5,-3.4868089999999996
142739,15,Jogging,727192180000,9.62,19.5,-3.4868089999999996
142741,15,Jogging,727292399000,15.75,8.35,-0.040861044
142742,15,Jogging,727342265000,18.01,0.93,-4.1814466
142743,15,Jogging,727392345000,9.43,-4.75,-3.9090397000000006
142744,15,Jogging,727442271000,15.64,-18.62,-4.440233
142745,15,Jogging,727492259000,2.41,1.57,-1.7297841
142746,15,Jogging,727543132000,16.44,14.14,1.2258313
142747,15,Jogging,727592326000,19.46,19.34,3.4868089999999996
142748,15,Jogging,727642222000,-1.76,11.03,3.9090397000000006
142749,15,Jogging,727692241000,-10.65,9.53,-0.95342433
142750,15,Jogging,727742259000,-7.65,9.08,-13.565866
142751,15,Jogging,727792216000,-3.53,-2.64,-8.812365
142752,15,Jogging,727842296000,2.18,2.22,0.08172209
142753,15,Jogging,727892253000,4.79,11.92,10.18802
142754,15,Jogging,727942302000,19.57,19.57,-7.8180795
142755,15,Jogging,727992198000,13.1,13.29,2.7240696
142756,15,Jogging,728042308000,19.23,2.6,4.099725
142757,15,Jogging,728092143000,16.21,-3.36,-7.9679036
142758,15,Jogging,728142284000,13.14,-10.34,-2.9147543999999996
142761,15,Jogging,728192638000,12.11,-7.93,3.5276701
142760,15,Jogging,728192638000,12.11,-7.93,3.5276701
142759,15,Jogging,728192638000,12.11,-7.93,3.5276701
142765,15,Jogging,728362224000,-0.11,14.02,0.14982383
142764,15,Jogging,728362224000,-0.11,14.02,0.14982383
142766,15,Jogging,728362224000,-0.11,14.02,0.14982383
142768,15,Jogging,728582835000,0.11,6.59,-3.9499009
142767,15,Jogging,728582835000,0.11,6.59,-3.9499009
142769,15,Jogging,728632548000,4.4,17.08,5.1348709999999995
142770,15,Jogging,728682262000,19.57,19.57,-8.19945
142771,15,Jogging,728732341000,18.77,15.17,-0.9942854
142772,15,Jogging,728782298000,19.57,6.09,0.46309182
142773,15,Jogging,728832408000,15.17,-1.61,-0.53119355
142775,15,Jogging,728832408000,15.17,-1.61,-0.53119355
142774,15,Jogging,728832408000,15.17,-1.61,-0.53119355
142776,15,Jogging,728912425000,10.5,-11.56,3.336985
142779,15,Jogging,729142284000,-15.43,18.01,-3.5957718
142780,15,Jogging,729192363000,-11.07,6.66,-16.930092000000002
142781,15,Jogging,729242290000,3.79,2.11,-0.38136974
142782,15,Jogging,729242290000,3.79,2.11,-0.38136974
142785,15,Jogging,729412181000,19.57,19.53,-5.8567495
142786,15,Jogging,729462291000,16.66,9.15,-4.099725
142787,15,Jogging,729462291000,16.66,9.15,-4.099725
142788,15,Jogging,729512340000,17.16,0.19,4.903325
142791,15,Jogging,729682262000,6.93,7.55,0.7627395
142790,15,Jogging,729682262000,6.93,7.55,0.7627395
142792,15,Jogging,729782268000,13.44,16.13,-4.5900574
142793,15,Jogging,729832316000,-7.5,17.05,3.7592160000000003
142795,15,Jogging,729832316000,-7.5,17.05,3.7592160000000003
142794,15,Jogging,729832316000,-7.5,17.05,3.7592160000000003
142798,15,Jogging,730002177000,5.9,0.0,4.944186
142799,15,Jogging,730052196000,-1.76,10.27,-1.525479
142800,15,Jogging,730052196000,-1.76,10.27,-1.525479
142801,15,Jogging,730112224000,19.11,19.57,-7.205164
142806,15,Jogging,730472240000,19.57,19.57,1.9204689999999998
142807,15,Jogging,730532603000,-0.19,17.08,1.5390993
142808,15,Jogging,730582164000,-13.38,17.77,0.7627395
142809,15,Jogging,730632243000,-10.23,7.89,-9.997335000000001
142810,15,Jogging,730632243000,-10.23,7.89,-9.997335000000001
142811,15,Jogging,730692393000,2.49,-4.25,1.7570249
142812,15,Jogging,730692393000,2.49,-4.25,1.7570249
142814,15,Jogging,730842174000,19.57,19.57,-12.067628
142815,15,Jogging,730892314000,13.18,11.54,-0.23154591
142816,15,Jogging,730892314000,13.18,11.54,-0.23154591
142817,15,Jogging,730942393000,19.34,2.22,5.284695
142821,15,Jogging,731162303000,19.57,19.42,3.4050870000000004
142820,15,Jogging,731162303000,19.57,19.42,3.4050870000000004
142825,15,Jogging,731262248000,-5.6,14.79,5.284695
142824,15,Jogging,731262248000,-5.6,14.79,5.284695
142823,15,Jogging,731262248000,-5.6,14.79,5.284695
142822,15,Jogging,731262248000,-5.6,14.79,5.284695
142827,15,Jogging,731463664000,-2.07,8.69,-4.862464
142828,15,Jogging,731512126000,12.34,19.57,-3.9090397000000006
142829,15,Jogging,731562327000,19.42,18.89,0.14982383
142830,15,Jogging,731612681000,15.94,9.28,-1.4982381999999999
142831,15,Jogging,731662303000,19.31,1.42,2.9147543999999996
142832,15,Jogging,731712260000,11.41,-3.26,-3.336985
142833,15,Jogging,731762126000,17.77,-18.77,-2.9147543999999996
142834,15,Jogging,731812419000,3.95,-1.46,-0.9125633
142835,15,Jogging,731812419000,3.95,-1.46,-0.9125633
142837,15,Jogging,731983287000,-3.91,13.87,6.2789803
142838,15,Jogging,731983287000,-3.91,13.87,6.2789803
142841,15,Jogging,732172710000,1.33,2.37,-0.53119355
142840,15,Jogging,732172710000,1.33,2.37,-0.53119355
142842,15,Jogging,732172710000,1.33,2.37,-0.53119355
142843,15,Jogging,732322185000,8.85,1.73,8.853226
142844,15,Jogging,732322185000,8.85,1.73,8.853226
142847,15,Jogging,732482219000,14.44,-11.14,-0.23154591
142848,15,Jogging,732582316000,16.02,14.86,-2.9556155
142849,15,Jogging,732632274000,19.57,19.57,-9.00305
142850,15,Jogging,732682201000,6.89,17.67,0.7627395
142851,15,Jogging,732732249000,-4.48,9.58,5.706926
142853,15,Jogging,732782146000,-6.93,12.22,-8.267551
142852,15,Jogging,732782146000,-6.93,12.22,-8.267551
142854,15,Jogging,732832622000,-6.32,3.53,-10.691972999999999
142857,15,Jogging,732952342000,-1.99,16.4,-1.4982381999999999
142856,15,Jogging,732952342000,-1.99,16.4,-1.4982381999999999
142861,15,Jogging,733252147000,9.47,-7.86,-3.5685309999999997
142862,15,Jogging,733302257000,9.89,9.89,-0.8036005
142863,15,Jogging,733352305000,19.57,19.57,1.334794
142864,15,Jogging,733402263000,8.66,14.18,2.8738932999999998
