,user,label,timestamp,x,y,z
143361,15,Jogging,757792216000,3.83,3.11,5.1348709999999995
143362,15,Jogging,757842113000,-0.42,5.18,-3.2552630000000002
143363,15,Jogging,757892772000,12.76,19.38,-2.4108016
143364,15,Jogging,757942302000,18.58,18.35,-2.3018389
143365,15,Jogging,757992320000,15.75,6.05,1.9477096999999999
143366,15,Jogging,758042277000,19.11,0.8,-2.3018389
143367,15,Jogging,758042277000,19.11,0.8,-2.3018389
143368,15,Jogging,758042277000,19.11,0.8,-2.3018389
143370,15,Jogging,758223033000,8.5,9.11,-0.23154591
143371,15,Jogging,758272197000,19.57,19.57,3.6366330000000002
143372,15,Jogging,758322276000,11.22,18.24,2.6014863999999998
143373,15,Jogging,758372325000,-3.83,7.21,2.1111538
143374,15,Jogging,758422221000,-2.87,7.06,-5.366417
143375,15,Jogging,758474864000,-1.99,1.57,-17.270601
143379,15,Jogging,758652385000,19.53,19.57,-4.862464
143378,15,Jogging,758652385000,19.53,19.57,-4.862464
143380,15,Jogging,758752269000,17.97,0.08,-2.7513103
143384,15,Jogging,758822337000,8.2,-3.49,-2.7513103
143383,15,Jogging,758822337000,8.2,-3.49,-2.7513103
143382,15,Jogging,758822337000,8.2,-3.49,-2.7513103
143381,15,Jogging,758822337000,8.2,-3.49,-2.7513103
143386,15,Jogging,759023204000,19.57,19.57,-2.5333846
143387,15,Jogging,759072368000,4.79,15.02,-0.88532263
143390,15,Jogging,759122264000,-6.47,8.77,1.3756552
143389,15,Jogging,759122264000,-6.47,8.77,1.3756552
143388,15,Jogging,759122264000,-6.47,8.77,1.3756552
143392,15,Jogging,759292247000,5.18,3.76,6.851035
143393,15,Jogging,759342174000,2.45,13.4,1.2258313
143394,15,Jogging,759392253000,19.57,19.57,-5.938472
143395,15,Jogging,759442241000,11.11,9.23,-1.6889231
143396,15,Jogging,759492259000,19.27,-1.76,5.829509
143397,15,Jogging,759542155000,10.15,-2.22,-2.982856
143398,15,Jogging,759592937000,6.17,-11.45,-3.214402
143400,15,Jogging,759642253000,10.0,-5.9,-1.334794
143399,15,Jogging,759642253000,10.0,-5.9,-1.334794
143402,15,Jogging,759812327000,-3.3,10.92,3.5276701
143403,15,Jogging,759812327000,-3.3,10.92,3.5276701
143407,15,Jogging,760032268000,5.22,7.27,8.471855999999999
143406,15,Jogging,760032268000,5.22,7.27,8.471855999999999
143410,15,Jogging,760132274000,18.05,17.24,-0.9125633
143409,15,Jogging,760132274000,18.05,17.24,-0.9125633
143408,15,Jogging,760132274000,18.05,17.24,-0.9125633
143411,15,Jogging,760182262000,15.89,-0.34,8.539958
143413,15,Jogging,760322490000,13.87,-16.28,-1.9204689999999998
143414,15,Jogging,760372294000,8.35,0.42,2.6832085
143415,15,Jogging,760422465000,18.81,17.88,-0.08172209
143416,15,Jogging,760472240000,19.57,19.57,-7.082580999999999
143417,15,Jogging,760522472000,2.49,16.86,-0.38136974
143418,15,Jogging,760572154000,-5.48,9.96,1.1849703
143419,15,Jogging,760622295000,-11.8,12.64,-12.5579605
143420,15,Jogging,760622295000,-11.8,12.64,-12.5579605
143423,15,Jogging,760782207000,-0.61,14.21,-0.7627395
143424,15,Jogging,760832316000,18.96,19.57,-7.586533500000001
143425,15,Jogging,760882396000,13.91,15.89,-1.0351465
143426,15,Jogging,760932262000,16.89,3.34,8.894086999999999
143428,15,Jogging,761004008000,13.53,-2.64,-6.1291566
143427,15,Jogging,761004008000,13.53,-2.64,-6.1291566
143430,15,Jogging,761112468000,7.25,1.99,-6.4015636
143431,15,Jogging,761162181000,16.86,16.82,8.349273
143432,15,Jogging,761162181000,16.86,16.82,8.349273
143433,15,Jogging,761262401000,-3.41,12.53,2.7921712000000003
143434,15,Jogging,761262401000,-3.41,12.53,2.7921712000000003
143439,15,Jogging,761532268000,8.81,19.15,-2.3426998
143438,15,Jogging,761532268000,8.81,19.15,-2.3426998
143441,15,Jogging,761632213000,16.7,8.2,0.46309182
143440,15,Jogging,761632213000,16.7,8.2,0.46309182
143442,15,Jogging,761732158000,11.65,-4.56,-4.5628166
143443,15,Jogging,761732158000,11.65,-4.56,-4.5628166
143444,15,Jogging,761782115000,10.95,-16.59,-0.7218784
143445,15,Jogging,761843944000,6.97,-6.21,2.7240696
143448,15,Jogging,761952434000,17.77,19.5,0.27240697
143449,15,Jogging,761952434000,17.77,19.5,0.27240697
143452,15,Jogging,762172496000,-1.92,-1.27,-0.5720546
143451,15,Jogging,762172496000,-1.92,-1.27,-0.5720546
143453,15,Jogging,762272258000,13.14,18.43,1.9204689999999998
143455,15,Jogging,762322246000,16.36,17.5,-1.0351465
143454,15,Jogging,762322246000,16.36,17.5,-1.0351465
143457,15,Jogging,762372233000,15.09,0.65,9.915613
143456,15,Jogging,762372233000,15.09,0.65,9.915613
143459,15,Jogging,762542247000,8.81,-11.6,-1.3075534
143460,15,Jogging,762592174000,9.19,4.29,-3.4459480000000005
143461,15,Jogging,762642284000,19.57,19.23,-3.0645783
143462,15,Jogging,762692210000,15.21,18.01,2.9556155
143463,15,Jogging,762692210000,15.21,18.01,2.9556155
143464,15,Jogging,762792552000,-6.82,7.08,-6.238119
143465,15,Jogging,762842113000,-3.3,0.46,-18.891422
143466,15,Jogging,762892436000,0.11,0.84,0.7627395
143467,15,Jogging,762892436000,0.11,0.84,0.7627395
143472,15,Jogging,763072215000,13.72,17.01,-2.2609777
143470,15,Jogging,763072215000,13.72,17.01,-2.2609777
143471,15,Jogging,763072215000,13.72,17.01,-2.2609777
143473,15,Jogging,763122233000,19.19,2.68,10.038197
143476,15,Jogging,763372539000,19.38,17.97,1.56634
143478,15,Jogging,763422282000,18.5,18.89,-2.8330324
143479,15,Jogging,763422282000,18.5,18.89,-2.8330324
143477,15,Jogging,763422282000,18.5,18.89,-2.8330324
143480,15,Jogging,763532756000,-9.0,8.39,-2.3426998
143482,15,Jogging,763642345000,6.74,3.11,8.730642999999999
143483,15,Jogging,763702281000,-4.63,9.7,-1.9477096999999999
143484,15,Jogging,763752330000,16.13,19.57,-5.325556
143485,15,Jogging,763802257000,17.77,18.01,-2.3018389
143486,15,Jogging,763852305000,14.44,4.86,8.158588
143487,15,Jogging,763902293000,18.92,0.38,-7.4639505999999995
143488,15,Jogging,763952128000,10.12,-4.44,-2.982856
143489,15,Jogging,764003001000,16.21,-19.34,-1.6480621
143490,15,Jogging,764003001000,16.21,-19.34,-1.6480621
143495,15,Jogging,764182201000,0.31,16.32,7.586533500000001
143494,15,Jogging,764182201000,0.31,16.32,7.586533500000001
143498,15,Jogging,764472331000,5.75,19.38,-1.6480621
143499,15,Jogging,764472331000,5.75,19.38,-1.6480621
143500,15,Jogging,764572459000,12.76,6.32,8.812365
143501,15,Jogging,764622233000,17.12,3.26,-6.633109599999999
143502,15,Jogging,764672435000,13.63,-3.83,-5.8976107
143503,15,Jogging,764722362000,16.51,-18.39,-3.5957718
143504,15,Jogging,764772258000,4.29,0.19,-0.5720546
143505,15,Jogging,764822215000,16.59,14.25,4.9850473
143506,15,Jogging,764872264000,19.57,19.57,-1.1849703
143507,15,Jogging,764922221000,1.73,17.24,0.7218784
143508,15,Jogging,764972270000,-5.52,11.18,0.9942854
143509,15,Jogging,765022197000,-8.31,11.07,-16.930092000000002
143510,15,Jogging,765072276000,-3.15,-3.11,-7.246025
143511,15,Jogging,765122264000,7.7,4.52,9.384419
143512,15,Jogging,765172282000,-2.22,12.83,-1.9204689999999998
143513,15,Jogging,765222240000,18.54,19.57,-4.9850473
143514,15,Jogging,765282298000,16.97,15.66,-1.4982381999999999
143515,15,Jogging,765332225000,19.19,4.82,6.973617999999999
143516,15,Jogging,765332225000,19.19,4.82,6.973617999999999
143517,15,Jogging,765432109000,14.1,-13.82,-6.742072
143518,15,Jogging,765432109000,14.1,-13.82,-6.742072
143519,15,Jogging,765492168000,7.86,-8.81,2.1792557
143520,15,Jogging,765555186000,14.9,12.3,-0.46309182
143523,15,Jogging,765662150000,-3.95,14.98,8.812365
143524,15,Jogging,765712260000,-3.3,12.11,-2.1111538
143526,15,Jogging,765862254000,2.76,4.48,2.5333846
143527,15,Jogging,765912273000,-1.57,13.91,0.61291564
143528,15,Jogging,765962230000,19.53,19.57,-6.238119
143529,15,Jogging,765962230000,19.53,19.57,-6.238119
143530,15,Jogging,766012431000,14.02,15.09,-0.88532263
143531,15,Jogging,766062327000,18.92,4.67,6.973617999999999
143533,15,Jogging,766212260000,17.73,-15.21,4.4810944
143534,15,Jogging,766262157000,7.44,6.4,-0.88532263
143535,15,Jogging,766312205000,19.57,19.5,-2.982856
143536,15,Jogging,766362254000,18.09,18.66,-3.1054392
143537,15,Jogging,766412303000,-3.91,14.63,11.264028
143538,15,Jogging,766462260000,-4.63,12.07,-2.5333846
143539,15,Jogging,766512401000,-6.05,5.94,-19.000385
143541,15,Jogging,766562724000,0.38,2.34,4.5628166
143540,15,Jogging,766562724000,0.38,2.34,4.5628166
143544,15,Jogging,766732371000,17.24,19.15,-3.2961242
143545,15,Jogging,766782298000,17.88,7.67,-0.14982383
143547,15,Jogging,766832378000,18.89,0.53,2.4108016
143546,15,Jogging,766832378000,18.89,0.53,2.4108016
143550,15,Jogging,767062297000,19.57,19.57,-3.7183550000000003
143552,15,Jogging,767112315000,9.47,18.05,1.7978859
143551,15,Jogging,767112315000,9.47,18.05,1.7978859
143553,15,Jogging,767112315000,9.47,18.05,1.7978859
143554,15,Jogging,767233531000,-5.6,12.11,-16.889229999999998
143556,15,Jogging,767352397000,0.69,3.53,0.9942854
143557,15,Jogging,767402202000,7.12,19.19,1.0760075
143558,15,Jogging,767453685000,18.7,19.57,-4.903325
143559,15,Jogging,767502269000,12.72,10.65,-0.6946376999999999
143560,15,Jogging,767552287000,19.57,1.84,6.469665
143563,15,Jogging,767662150000,13.87,-17.35,-4.9850473
143561,15,Jogging,767662150000,13.87,-17.35,-4.9850473
143562,15,Jogging,767662150000,13.87,-17.35,-4.9850473
143564,15,Jogging,767722331000,5.48,0.57,0.61291564
143567,15,Jogging,767882243000,-3.11,9.72,0.7218784
143568,15,Jogging,767882243000,-3.11,9.72,0.7218784
143570,15,Jogging,768062907000,2.53,3.34,8.921327999999999
143571,15,Jogging,768062907000,2.53,3.34,8.921327999999999
143572,15,Jogging,768162273000,17.62,19.57,-6.5105260000000005
143574,15,Jogging,768212230000,14.6,15.47,-0.84446156
143573,15,Jogging,768212230000,14.6,15.47,-0.84446156
143575,15,Jogging,768262248000,16.66,6.17,-0.3405087
143576,15,Jogging,768312205000,17.54,0.65,1.4165162
143577,15,Jogging,768312205000,17.54,0.65,1.4165162
143579,15,Jogging,768482188000,10.53,9.53,-1.1168685
143580,15,Jogging,768532512000,19.57,19.57,1.7297841
143581,15,Jogging,768582225000,10.65,19.04,4.7535014
143582,15,Jogging,768642345000,-4.75,8.96,1.6889231
143583,15,Jogging,768692119000,-6.78,6.7,-9.466142
143585,15,Jogging,768745219000,-1.46,-4.18,-14.601013
143584,15,Jogging,768745219000,-1.46,-4.18,-14.601013
143586,15,Jogging,768802165000,1.08,1.88,2.7240696
143588,15,Jogging,768903392000,19.15,19.57,-5.0531489999999994
143589,15,Jogging,768962260000,12.22,10.23,-1.7978859
143591,15,Jogging,769012248000,18.24,-2.22,7.3549875999999985
143592,15,Jogging,769012248000,18.24,-2.22,7.3549875999999985
143593,15,Jogging,769012248000,18.24,-2.22,7.3549875999999985
143590,15,Jogging,769012248000,18.24,-2.22,7.3549875999999985
143595,15,Jogging,769253215000,19.57,18.92,-1.1168685
143596,15,Jogging,769253215000,19.57,18.92,-1.1168685
143597,15,Jogging,769352367000,-4.67,9.96,3.8273177000000005
143598,15,Jogging,769352367000,-4.67,9.96,3.8273177000000005
143599,15,Jogging,769352367000,-4.67,9.96,3.8273177000000005
143602,15,Jogging,769572581000,1.18,7.08,6.973617999999999
143603,15,Jogging,769622172000,14.79,19.57,-2.070293
143604,15,Jogging,769622172000,14.79,19.57,-2.070293
143606,15,Jogging,769722484000,17.27,2.18,10.228881
143605,15,Jogging,769722484000,17.27,2.18,10.228881
