,user,label,timestamp,x,y,z
259582,18,Jogging,17877802260000,-0.72,13.06,-1.1441092
259583,18,Jogging,17877852217000,17.69,12.87,2.9556155
259584,18,Jogging,17877902296000,9.34,3.21,14.056199
259585,18,Jogging,17877952254000,-3.3,15.55,-3.0237172
259586,18,Jogging,17878002272000,-19.61,19.57,-11.536434
259587,18,Jogging,17878052260000,-18.2,15.85,4.1814466
259588,18,Jogging,17878102308000,-5.63,0.84,7.6954966
259589,18,Jogging,17878152266000,-5.94,2.26,0.08172209
259590,18,Jogging,17878202315000,1.14,-5.52,0.84446156
259591,18,Jogging,17878252211000,7.46,-3.21,0.08172209
259592,18,Jogging,17878302290000,-2.22,13.29,-7.7363577
259593,18,Jogging,17878352797000,-16.97,19.31,2.4108016
259594,18,Jogging,17878412245000,-12.87,11.3,-0.53119355
259595,18,Jogging,17878412245000,-12.87,11.3,-0.53119355
259596,18,Jogging,17878412245000,-12.87,11.3,-0.53119355
259602,18,Jogging,17878782271000,-19.61,19.5,-3.1054392
259603,18,Jogging,17878832380000,-10.15,6.66,5.666064700000001
259604,18,Jogging,17878882643000,-4.56,1.76,5.938472
259605,18,Jogging,17878933333000,-1.53,-0.38,-3.5957718
259606,18,Jogging,17878982161000,6.47,-7.21,1.5390993
259607,18,Jogging,17879032911000,3.6,1.5,-0.84446156
259608,18,Jogging,17879083479000,-8.66,15.28,-3.214402
259609,18,Jogging,17879133101000,-17.46,18.7,1.4573771999999998
259610,18,Jogging,17879183607000,-11.41,10.27,0.08172209
259611,18,Jogging,17879233168000,-14.79,18.77,-14.560151999999999
259612,18,Jogging,17879283644000,-7.16,16.97,0.53119355
259613,18,Jogging,17879333174000,8.85,17.31,4.3993720000000005
259614,18,Jogging,17879383589000,18.28,8.08,4.6036777
259615,18,Jogging,17879433088000,7.78,3.17,3.8273177000000005
259616,18,Jogging,17879483626000,-6.4,17.92,-2.2201166000000003
259617,18,Jogging,17879532149000,-19.61,19.57,-8.730642999999999
259618,18,Jogging,17879582716000,-13.1,9.19,6.1291566
259621,18,Jogging,17879635939000,-4.52,1.12,2.152015
259620,18,Jogging,17879635939000,-4.52,1.12,2.152015
259619,18,Jogging,17879635939000,-4.52,1.12,2.152015
259624,18,Jogging,17879872358000,-15.43,17.35,0.53119355
259623,18,Jogging,17879872358000,-15.43,17.35,0.53119355
259625,18,Jogging,17879972181000,-14.98,16.74,-8.771504
259626,18,Jogging,17880022291000,-7.65,13.06,-4.2495484
259627,18,Jogging,17880072249000,1.27,15.17,1.4165162
259628,18,Jogging,17880122267000,12.64,10.5,8.281172
259629,18,Jogging,17880172255000,13.59,1.08,2.7921712000000003
259630,18,Jogging,17880172255000,13.59,1.08,2.7921712000000003
259631,18,Jogging,17880172255000,13.59,1.08,2.7921712000000003
259632,18,Jogging,17880243361000,-9.19,18.31,-1.4982381999999999
259634,18,Jogging,17880492232000,1.23,-4.94,-3.2961242
259636,18,Jogging,17880542219000,6.13,-0.3,-2.070293
259635,18,Jogging,17880542219000,6.13,-0.3,-2.070293
259637,18,Jogging,17880642286000,-16.78,18.09,1.9885708
259638,18,Jogging,17880692396000,-12.3,10.95,0.95342433
259639,18,Jogging,17880742293000,-7.12,19.19,-16.739407
259640,18,Jogging,17880792219000,-4.99,15.64,0.08172209
259641,18,Jogging,17880842268000,12.45,12.3,13.021052000000001
259642,18,Jogging,17880892256000,19.27,8.35,0.8036005
259643,18,Jogging,17880942274000,1.42,7.44,0.92618364
259644,18,Jogging,17880992232000,-14.56,19.53,-4.4810944
259645,18,Jogging,17881042311000,-19.5,19.11,-3.214402
259646,18,Jogging,17881092238000,-9.38,6.36,6.469665
259647,18,Jogging,17881142317000,-4.59,4.14,2.4925237
259648,18,Jogging,17881192213000,-1.33,-0.57,-4.7126402999999994
259649,18,Jogging,17881252302000,3.38,-10.61,4.630918
259650,18,Jogging,17881302229000,1.61,1.5,-1.607201
259651,18,Jogging,17881352308000,-16.17,18.92,-4.1814466
259652,18,Jogging,17881402266000,-13.91,17.27,0.10896278
259653,18,Jogging,17881452315000,-9.77,12.64,2.0294318
259654,18,Jogging,17881502272000,-8.69,18.92,-14.669114000000002
259655,18,Jogging,17881552321000,-4.18,13.14,0.42223078
259656,18,Jogging,17881602247000,17.24,10.69,12.299174
259657,18,Jogging,17881652296000,13.14,3.72,8.008764
259658,18,Jogging,17881702223000,-3.06,13.14,-5.407278
259660,18,Jogging,17881759291000,-19.61,19.57,-2.9556155
259659,18,Jogging,17881759291000,-19.61,19.57,-2.9556155
259665,18,Jogging,17882032149000,5.33,8.39,-2.5606253
259666,18,Jogging,17882082411000,-13.91,17.54,1.0351465
259667,18,Jogging,17882132307000,-18.31,16.09,2.982856
259668,18,Jogging,17882182234000,-13.4,11.45,-1.2666923
259669,18,Jogging,17882232313000,-11.18,19.11,-14.09706
259670,18,Jogging,17882282271000,-5.24,15.7,0.7627395
259671,18,Jogging,17882332289000,17.31,14.75,10.882658000000001
259672,18,Jogging,17882382246000,16.25,7.25,9.956474
259673,18,Jogging,17882432295000,-1.69,10.8,-3.3642258999999997
259674,18,Jogging,17882482283000,-18.77,19.57,-8.430995
259675,18,Jogging,17882532301000,-19.53,17.16,2.7240696
259676,18,Jogging,17882582258000,-6.89,1.31,6.891896000000001
259677,18,Jogging,17882734144000,10.99,-3.02,1.0760075
259679,18,Jogging,17882734144000,10.99,-3.02,1.0760075
259678,18,Jogging,17882734144000,10.99,-3.02,1.0760075
259680,18,Jogging,17882782149000,2.87,10.12,-3.7864565999999997
259681,18,Jogging,17882832228000,-8.2,10.95,3.173541
259683,18,Jogging,17882832228000,-8.2,10.95,3.173541
259684,18,Jogging,17882832228000,-8.2,10.95,3.173541
259685,18,Jogging,17882832228000,-8.2,10.95,3.173541
259682,18,Jogging,17882832228000,-8.2,10.95,3.173541
259686,18,Jogging,17882963057000,-10.72,11.96,-14.941522
259689,18,Jogging,17883243208000,-19.61,19.57,-6.851035
259690,18,Jogging,17883243208000,-19.61,19.57,-6.851035
259691,18,Jogging,17883342421000,-5.13,5.56,6.3607025
259692,18,Jogging,17883392256000,0.76,1.04,-5.407278
259693,18,Jogging,17883442274000,10.42,-6.66,2.4925237
259696,18,Jogging,17883442274000,10.42,-6.66,2.4925237
259695,18,Jogging,17883442274000,10.42,-6.66,2.4925237
259694,18,Jogging,17883442274000,10.42,-6.66,2.4925237
259701,18,Jogging,17883802107000,4.52,6.89,-4.671779
259702,18,Jogging,17883862166000,17.73,5.83,4.140586
259703,18,Jogging,17883912214000,1.12,5.28,0.040861044
259706,18,Jogging,17883962233000,-16.66,19.27,-5.938472
259705,18,Jogging,17883962233000,-16.66,19.27,-5.938472
259704,18,Jogging,17883962233000,-16.66,19.27,-5.938472
259709,18,Jogging,17884252211000,5.52,0.93,2.3699405
259710,18,Jogging,17884302168000,-14.29,18.05,-7.7363577
259711,18,Jogging,17884302168000,-14.29,18.05,-7.7363577
259716,18,Jogging,17884606550000,17.08,4.25,0.19068487
259717,18,Jogging,17884662245000,-1.04,9.85,-1.7570249
259718,18,Jogging,17884712263000,-19.57,19.57,-0.3405087
259719,18,Jogging,17884762343000,-15.62,14.98,-0.53119355
259720,18,Jogging,17884812269000,-5.24,9.43,-0.9125633
259721,18,Jogging,17884862288000,-0.61,2.53,-3.9090397000000006
259722,18,Jogging,17884912367000,0.04,-7.12,1.0351465
259723,18,Jogging,17884962263000,7.86,-4.99,6.973617999999999
259724,18,Jogging,17885012343000,-2.96,9.51,-5.09401
259725,18,Jogging,17885062147000,-17.97,19.5,-2.7513103
259726,18,Jogging,17885113234000,-10.95,9.11,0.50395286
259727,18,Jogging,17885113234000,-10.95,9.11,0.50395286
259728,18,Jogging,17885113234000,-10.95,9.11,-8.730642999999999
259729,18,Jogging,17885212111000,-12.68,17.2,-8.730642999999999
259730,18,Jogging,17885212111000,-12.68,17.2,-8.730642999999999
259731,18,Jogging,17885212111000,-12.68,17.2,-8.730642999999999
259733,18,Jogging,17885502424000,-19.61,19.57,-2.8330324
259734,18,Jogging,17885502424000,-19.61,19.57,-2.8330324
259735,18,Jogging,17885602308000,-1.18,5.24,4.1814466
259736,18,Jogging,17885652388000,-1.65,-1.18,-4.0588636
259737,18,Jogging,17885702223000,6.97,-7.31,0.7627395
259738,18,Jogging,17885702223000,6.97,-7.31,0.7627395
259739,18,Jogging,17885802321000,-6.21,11.37,2.7921712000000003
259740,18,Jogging,17885852247000,-18.96,19.31,3.5685309999999997
259742,18,Jogging,17885902205000,-11.73,10.19,-1.4165162
259741,18,Jogging,17885902205000,-11.73,10.19,-1.4165162
259743,18,Jogging,17886002302000,-8.08,18.16,-0.9125633
259744,18,Jogging,17886052321000,7.46,18.89,4.2495484
259746,18,Jogging,17886102278000,18.92,10.15,5.8567495
259745,18,Jogging,17886102278000,18.92,10.15,5.8567495
259747,18,Jogging,17886202162000,-9.53,17.97,-1.3075534
259748,18,Jogging,17886202162000,-9.53,17.97,-1.3075534
259749,18,Jogging,17886256972000,-19.61,19.57,-5.7477865
259750,18,Jogging,17886256972000,-19.61,19.57,-5.7477865
259754,18,Jogging,17886392134000,-3.17,1.92,-0.9942854
259752,18,Jogging,17886392134000,-3.17,1.92,-0.9942854
259753,18,Jogging,17886392134000,-3.17,1.92,-0.9942854
259756,18,Jogging,17886593825000,-15.94,14.71,2.9147543999999996
259757,18,Jogging,17886642164000,-16.51,10.95,0.27240697
259758,18,Jogging,17886692213000,-15.36,15.17,-9.956474
259759,18,Jogging,17886742201000,-8.81,17.35,-1.2666923
259760,18,Jogging,17886792311000,8.5,17.43,2.3018389
259761,18,Jogging,17886842421000,18.58,10.95,5.938472
259762,18,Jogging,17886892225000,4.63,2.64,4.2495484
259763,18,Jogging,17886942396000,-9.15,17.31,-0.5720546
259764,18,Jogging,17886992262000,-19.61,19.57,-8.158588
259765,18,Jogging,17887042372000,-15.4,11.54,8.158588
259766,18,Jogging,17887092238000,-1.27,1.76,-0.29964766
259767,18,Jogging,17887143263000,-0.42,-0.46,-0.0
259768,18,Jogging,17887202315000,10.53,-10.42,6.66035
259769,18,Jogging,17887252180000,2.6,9.77,-7.164303
259770,18,Jogging,17887302260000,-11.3,19.11,0.9942854
259771,18,Jogging,17887352278000,-18.62,16.7,4.099725
259772,18,Jogging,17887402266000,-12.41,9.11,-0.61291564
259773,18,Jogging,17887452254000,-12.18,16.89,-9.888372
259774,18,Jogging,17887502302000,-4.63,12.72,-0.0
259775,18,Jogging,17887552229000,8.2,13.1,0.84446156
259776,18,Jogging,17887602308000,18.39,7.08,13.797412
259777,18,Jogging,17887652296000,1.38,9.34,-3.7592160000000003
259778,18,Jogging,17887702284000,-18.35,19.57,-5.7477865
259779,18,Jogging,17887752272000,-19.53,18.7,3.0645783
259780,18,Jogging,17887802839000,-8.2,6.17,4.3993720000000005
259781,18,Jogging,17887852278000,-0.95,2.41,0.23154591
259782,18,Jogging,17887852278000,-0.95,2.41,0.23154591
259783,18,Jogging,17887952345000,12.11,-5.98,-0.9942854
259784,18,Jogging,17888002241000,0.61,9.81,-7.4639505999999995
259785,18,Jogging,17888052138000,-17.39,19.57,0.61291564
259787,18,Jogging,17888105818000,-15.66,12.22,1.8796080000000002
259788,18,Jogging,17888105818000,-15.66,12.22,1.8796080000000002
259786,18,Jogging,17888105818000,-15.66,12.22,1.8796080000000002
259793,18,Jogging,17888442335000,-18.5,19.57,-5.09401
259794,18,Jogging,17888492170000,-19.61,18.96,-2.0294318
259795,18,Jogging,17888542616000,-8.01,3.95,2.3018389
259797,18,Jogging,17888592299000,-4.67,4.1,4.440233
259796,18,Jogging,17888592299000,-4.67,4.1,4.440233
259798,18,Jogging,17888652296000,-1.99,-10.72,1.7297841
259799,18,Jogging,17888712141000,9.23,-10.72,1.7297841
259800,18,Jogging,17888782240000,-10.31,16.02,-5.597963
259801,18,Jogging,17888832258000,-17.39,16.66,2.3018389
259802,18,Jogging,17888882216000,-9.58,9.47,-0.040861044
259803,18,Jogging,17888932478000,-11.33,19.53,-10.991621
259804,18,Jogging,17888982222000,-4.29,14.25,-0.3405087
259805,18,Jogging,17889032301000,13.38,11.96,7.082580999999999
259806,18,Jogging,17889082258000,18.31,4.63,5.7886477
259807,18,Jogging,17889132307000,-0.46,8.12,0.08172209
259808,18,Jogging,17889182112000,-13.17,19.42,-4.018002500000001
259810,18,Jogging,17889232283000,-19.61,19.04,-2.9147543999999996
259809,18,Jogging,17889232283000,-19.61,19.04,-2.9147543999999996
259811,18,Jogging,17889232283000,-19.61,19.04,-2.9147543999999996
