,user,label,timestamp,x,y,z
271176,18,Jogging,18593172285000,9.85,-0.61,8.962189
271177,18,Jogging,18593172285000,9.85,-0.61,8.962189
271180,18,Jogging,18593443220000,-3.45,-0.5,-3.5276701
271181,18,Jogging,18593492476000,3.17,-12.56,8.117727
271182,18,Jogging,18593553236000,8.2,2.83,-3.4868089999999996
271183,18,Jogging,18593612349000,-13.02,19.53,-7.04172
271184,18,Jogging,18593662337000,-10.92,11.65,2.8330324
271185,18,Jogging,18593712263000,-16.74,13.82,0.14982383
271186,18,Jogging,18593762312000,-13.99,17.77,-8.076866
271187,18,Jogging,18593812239000,-4.14,17.43,-0.42223078
271188,18,Jogging,18593862288000,16.17,13.63,3.1054392
271189,18,Jogging,18593912245000,19.08,3.99,1.3075534
271190,18,Jogging,18593962263000,3.76,3.17,8.349273
271191,18,Jogging,18593962263000,3.76,3.17,8.349273
271192,18,Jogging,18594072249000,-19.5,19.5,-2.4516625
271193,18,Jogging,18594122328000,-8.35,7.5,4.0588636
271194,18,Jogging,18594122328000,-8.35,7.5,4.0588636
271195,18,Jogging,18594232252000,-0.5,-2.14,-3.9090397000000006
271196,18,Jogging,18594232252000,-0.5,-2.14,-3.9090397000000006
271197,18,Jogging,18594332319000,2.41,3.95,-4.3312707
271198,18,Jogging,18594332319000,2.41,3.95,-4.3312707
271199,18,Jogging,18594432203000,-13.17,16.89,0.27240697
271200,18,Jogging,18594432203000,-13.17,16.89,0.27240697
271202,18,Jogging,18594532240000,-12.18,18.62,-10.460427000000001
271201,18,Jogging,18594532240000,-12.18,18.62,-10.460427000000001
271203,18,Jogging,18594632246000,11.96,13.67,-3.4868089999999996
271204,18,Jogging,18594632246000,11.96,13.67,-3.4868089999999996
271205,18,Jogging,18594732252000,4.4,2.11,15.091345
271206,18,Jogging,18594732252000,4.4,2.11,15.091345
271207,18,Jogging,18594782271000,-6.36,18.58,-3.2961242
271208,18,Jogging,18594832228000,-19.61,19.57,-8.812365
271209,18,Jogging,18594932234000,-6.17,3.64,1.334794
271210,18,Jogging,18594932234000,-6.17,3.64,1.334794
271211,18,Jogging,18594992262000,-4.25,-1.73,0.7218784
271212,18,Jogging,18595042280000,4.56,-7.7,2.8330324
271213,18,Jogging,18595092329000,2.76,-0.3,0.10896278
271214,18,Jogging,18595152235000,-15.51,18.54,-6.823794400000001
271215,18,Jogging,18595202162000,-13.38,15.47,1.5390993
271216,18,Jogging,18595202162000,-13.38,15.47,1.5390993
271217,18,Jogging,18595202162000,-13.38,15.47,1.5390993
271218,18,Jogging,18595202162000,-13.38,15.47,1.5390993
271219,18,Jogging,18595202162000,-13.38,15.47,1.5390993
271222,18,Jogging,18595622175000,-15.4,14.94,3.990762
271223,18,Jogging,18595622175000,-15.4,14.94,3.990762
271224,18,Jogging,18595722365000,-6.17,-0.38,6.1291566
271225,18,Jogging,18595722365000,-6.17,-0.38,6.1291566
271226,18,Jogging,18595784041000,1.31,-3.17,-3.7864565999999997
271227,18,Jogging,18595842268000,3.15,-2.03,-0.6946376999999999
271228,18,Jogging,18595942305000,-19.0,19.57,-0.53119355
271229,18,Jogging,18595942305000,-19.0,19.57,-0.53119355
271230,18,Jogging,18595992293000,-10.04,11.41,-0.6537767
271231,18,Jogging,18596042250000,-13.99,14.67,-3.4459480000000005
271232,18,Jogging,18596092299000,-7.93,15.28,-3.8273177000000005
271233,18,Jogging,18596142225000,3.87,16.09,-0.7218784
271234,18,Jogging,18596192274000,19.57,10.38,2.9556155
271235,18,Jogging,18596252302000,12.98,-0.46,14.015338
271236,18,Jogging,18596302351000,-1.99,15.32,-1.6889231
271237,18,Jogging,18596352125000,-19.61,19.57,-8.049625
271238,18,Jogging,18596402205000,-15.21,15.09,4.7943625
271239,18,Jogging,18596402205000,-15.21,15.09,4.7943625
271240,18,Jogging,18596452772000,-2.07,6.51,12.340035
271241,18,Jogging,18596452772000,-2.07,6.51,12.340035
271243,18,Jogging,18596683150000,-16.36,18.62,-1.334794
271244,18,Jogging,18596732802000,-13.4,16.89,-0.61291564
271245,18,Jogging,18596782271000,-9.89,14.44,-1.9477096999999999
271246,18,Jogging,18596832289000,-11.37,19.53,-12.721405
271247,18,Jogging,18596882307000,-1.18,14.82,-0.38136974
271248,18,Jogging,18596932295000,16.21,8.66,5.5571017
271249,18,Jogging,18596982252000,18.96,2.87,5.175732
271250,18,Jogging,18596982252000,18.96,2.87,5.175732
271252,18,Jogging,18597042280000,-2.14,11.92,2.8738932999999998
271251,18,Jogging,18597042280000,-2.14,11.92,2.8738932999999998
271255,18,Jogging,18597323012000,5.67,-10.11,6.2108784
271256,18,Jogging,18597422316000,-12.68,19.19,-7.504811999999999
271257,18,Jogging,18597422316000,-12.68,19.19,-7.504811999999999
271258,18,Jogging,18597522413000,-14.63,16.21,1.1849703
271259,18,Jogging,18597572310000,-10.95,16.25,-11.413852
271260,18,Jogging,18597622328000,-4.63,14.02,-0.7218784
271261,18,Jogging,18597672255000,10.08,12.26,3.7183550000000003
271262,18,Jogging,18597722273000,19.57,8.69,1.3075534
271263,18,Jogging,18597772200000,5.86,3.06,8.158588
271264,18,Jogging,18597822279000,-8.54,18.09,-3.7864565999999997
271265,18,Jogging,18597872236000,-19.61,19.57,-5.7886477
271266,18,Jogging,18597922285000,-15.36,12.91,6.2108784
271267,18,Jogging,18597972243000,-4.18,3.83,-1.2258313
271268,18,Jogging,18598022291000,-2.68,-2.53,3.214402
271269,18,Jogging,18598072218000,2.98,-8.08,4.4810944
271270,18,Jogging,18598122328000,6.47,0.53,-3.336985
271271,18,Jogging,18598172255000,-10.95,19.0,-8.689782000000001
271272,18,Jogging,18598222304000,-10.34,14.18,0.95342433
271273,18,Jogging,18598272261000,-15.17,12.83,1.4165162
271274,18,Jogging,18598322310000,-12.76,12.64,-0.10896278
271275,18,Jogging,18598372267000,-8.31,15.28,-6.5105260000000005
271276,18,Jogging,18598422316000,2.72,9.92,-3.0237172
271277,18,Jogging,18598472212000,17.88,14.33,-4.3312707
271278,18,Jogging,18598522291000,12.11,1.88,16.86199
271279,18,Jogging,18598572249000,-1.57,12.26,2.070293
271280,18,Jogging,18598622267000,-19.3,19.57,-13.021052000000001
271281,18,Jogging,18598672255000,-17.05,15.43,0.61291564
271282,18,Jogging,18598722304000,-4.37,2.15,3.7592160000000003
271283,18,Jogging,18598772230000,-5.24,-1.31,6.823794400000001
271284,18,Jogging,18598822310000,3.34,-7.01,-4.903325
271285,18,Jogging,18598872297000,7.35,-3.41,1.9204689999999998
271286,18,Jogging,18598872297000,7.35,-3.41,1.9204689999999998
271287,18,Jogging,18598972120000,-16.82,17.88,1.9477096999999999
271288,18,Jogging,18599022291000,-12.98,8.28,-1.3756552
271289,18,Jogging,18599022291000,-12.98,8.28,-1.3756552
271290,18,Jogging,18599022291000,-12.98,8.28,-1.3756552
271300,18,Jogging,18599615462000,6.02,-6.66,0.6537767
271301,18,Jogging,18599672438000,-0.42,3.34,-0.46309182
271302,18,Jogging,18599722243000,-17.54,19.46,-0.61291564
271303,18,Jogging,18599772261000,-8.77,12.34,-0.46309182
271304,18,Jogging,18599822279000,-12.03,16.13,-1.9204689999999998
271305,18,Jogging,18599872297000,-7.04,15.51,-8.349273
271306,18,Jogging,18599922285000,1.33,9.38,-0.61291564
271307,18,Jogging,18599972304000,17.97,9.43,0.42223078
271308,18,Jogging,18600022261000,13.57,4.79,13.756551000000002
271309,18,Jogging,18600072310000,-0.57,14.48,-0.88532263
271310,18,Jogging,18600122267000,-19.61,19.57,-8.812365
271311,18,Jogging,18600172346000,-13.76,13.53,4.440233
271312,18,Jogging,18600222273000,-5.2,4.99,-1.2666923
271313,18,Jogging,18600272291000,-4.06,-1.5,-1.9204689999999998
271314,18,Jogging,18600322279000,-1.65,-7.25,2.4925237
271315,18,Jogging,18600372297000,2.83,-4.1,2.8330324
271316,18,Jogging,18600422285000,-6.43,9.23,-4.944186
271317,18,Jogging,18600472273000,-18.31,19.5,-0.42223078
271318,18,Jogging,18600522230000,-9.72,12.45,-0.42223078
271319,18,Jogging,18600572310000,-10.08,18.7,-5.666064700000001
271320,18,Jogging,18600622267000,-5.01,16.89,-4.7943625
271321,18,Jogging,18600672316000,5.24,16.13,4.3312707
271322,18,Jogging,18600723799000,14.1,6.32,-0.08172209
271323,18,Jogging,18600772261000,14.9,2.96,5.407278
271324,18,Jogging,18600822310000,-0.76,9.0,1.9204689999999998
271325,18,Jogging,18600872145000,-16.47,19.57,-11.3321295
271326,18,Jogging,18600922377000,-18.2,16.7,0.50395286
271327,18,Jogging,18600922377000,-18.2,16.7,0.50395286
271328,18,Jogging,18600922377000,-18.2,16.7,0.50395286
271329,18,Jogging,18600922377000,-18.2,16.7,0.50395286
271332,18,Jogging,18601272352000,-9.96,14.25,-2.8738932999999998
271333,18,Jogging,18601272352000,-9.96,14.25,-2.8738932999999998
271334,18,Jogging,18601372297000,-3.87,16.36,-6.238119
271335,18,Jogging,18601422224000,7.97,11.41,5.325556
271336,18,Jogging,18601422224000,7.97,11.41,5.325556
271337,18,Jogging,18601472243000,19.5,5.13,3.2552630000000002
271338,18,Jogging,18601548170000,0.5,5.75,-2.4108016
271339,18,Jogging,18601548170000,0.5,5.75,-2.4108016
271344,18,Jogging,18601713209000,-4.63,7.82,-1.1849703
271342,18,Jogging,18601713209000,-4.63,7.82,-1.1849703
271343,18,Jogging,18601713209000,-4.63,7.82,-1.1849703
271345,18,Jogging,18601902205000,5.09,-1.23,-0.27240697
271346,18,Jogging,18601902205000,5.09,-1.23,-0.27240697
271347,18,Jogging,18601952955000,-12.76,16.74,-5.434519
271348,18,Jogging,18601952955000,-12.76,16.74,-5.434519
271349,18,Jogging,18602032698000,-10.5,11.96,1.0760075
271351,18,Jogging,18602132216000,-7.97,17.12,-5.407278
271352,18,Jogging,18602132216000,-7.97,17.12,-5.407278
271353,18,Jogging,18602132216000,-7.97,17.12,-5.407278
271358,18,Jogging,18602632185000,2.41,-5.79,-0.08172209
271359,18,Jogging,18602682173000,3.53,-1.73,-0.7627395
271360,18,Jogging,18602782118000,-17.92,19.57,1.607201
271361,18,Jogging,18602782118000,-17.92,19.57,1.607201
271362,18,Jogging,18602882857000,-8.27,17.12,-9.043911
271363,18,Jogging,18602932356000,-3.45,15.51,-0.42223078
271364,18,Jogging,18602982374000,15.21,11.35,3.4868089999999996
271365,18,Jogging,18603032271000,19.46,1.99,6.701211
271366,18,Jogging,18603082319000,2.22,7.67,0.92618364
271367,18,Jogging,18603132124000,-13.78,19.46,-9.193735
271368,18,Jogging,18603132124000,-13.78,19.46,-9.193735
271369,18,Jogging,18603202894000,-18.24,17.16,-0.7627395
271370,18,Jogging,18603202894000,-18.24,17.16,-0.7627395
271371,18,Jogging,18603202894000,-18.24,17.16,-0.7627395
271372,18,Jogging,18603322951000,-5.18,-1.57,4.372132
271374,18,Jogging,18603432203000,5.94,-0.5,0.50395286
271376,18,Jogging,18603482252000,-10.31,15.55,-8.349273
271377,18,Jogging,18603482252000,-10.31,15.55,-8.349273
271375,18,Jogging,18603482252000,-10.31,15.55,-8.349273
271382,18,Jogging,18603804548000,19.04,3.53,6.633109599999999
271383,18,Jogging,18603804548000,19.04,3.53,6.633109599999999
271384,18,Jogging,18603804548000,19.04,3.53,6.633109599999999
271388,18,Jogging,18604162214000,8.01,-7.7,-3.4050870000000004
271389,18,Jogging,18604212416000,0.46,0.84,0.9942854
271390,18,Jogging,18604262282000,-14.02,16.17,-1.9885708
271391,18,Jogging,18604312452000,-15.79,17.58,1.3756552
271392,18,Jogging,18604362318000,-7.12,12.11,-3.3642258999999997
271393,18,Jogging,18604412337000,-8.43,18.81,-14.246882999999999
271394,18,Jogging,18604472243000,0.11,13.14,-0.6537767
271395,18,Jogging,18604522230000,15.7,8.39,5.9793324
271396,18,Jogging,18604572279000,18.09,4.6,5.7477865
271397,18,Jogging,18604622236000,-1.92,9.72,3.173541
271401,18,Jogging,18604672163000,-15.62,19.57,-9.152874
271400,18,Jogging,18604672163000,-15.62,19.57,-9.152874
271398,18,Jogging,18604672163000,-15.62,19.57,-9.152874
271399,18,Jogging,18604672163000,-15.62,19.57,-9.152874
271407,18,Jogging,18605312178000,19.38,9.58,7.6954966
271408,18,Jogging,18605312178000,19.38,9.58,7.6954966
271409,18,Jogging,18605412337000,-9.15,18.24,-4.3312707
271410,18,Jogging,18605464399000,-19.61,19.57,-6.3607025
271411,18,Jogging,18605522261000,-12.11,8.5,5.9793324
271412,18,Jogging,18605572249000,-4.59,0.89,1.334794
271413,18,Jogging,18605622297000,-2.72,-4.75,0.92618364
