,user,label,timestamp,x,y,z
274887,18,Jogging,18782846052000,-6.4,16.17,-0.84446156
274888,18,Jogging,18782846052000,-6.4,16.17,-0.84446156
274893,18,Jogging,18783132155000,2.6,-1.23,-1.1168685
274892,18,Jogging,18783132155000,2.6,-1.23,-1.1168685
274894,18,Jogging,18783232130000,-18.35,18.73,-0.08172209
274895,18,Jogging,18783282179000,-11.69,10.15,1.4982381999999999
274896,18,Jogging,18783332564000,-11.41,17.97,-8.689782000000001
274897,18,Jogging,18783382307000,-6.09,16.36,-3.214402
274898,18,Jogging,18783382307000,-6.09,16.36,-3.214402
274899,18,Jogging,18783452284000,7.16,14.9,-0.29964766
274900,18,Jogging,18783502272000,15.55,3.49,10.991621
274903,18,Jogging,18783573439000,-3.64,15.36,-1.4573771999999998
274901,18,Jogging,18783573439000,-3.64,15.36,-1.4573771999999998
274902,18,Jogging,18783573439000,-3.64,15.36,-1.4573771999999998
274905,18,Jogging,18783792189000,-2.83,-5.94,6.5922484
274906,18,Jogging,18783842421000,6.59,-3.91,-6.891896000000001
274907,18,Jogging,18783892225000,1.31,2.83,-1.56634
274908,18,Jogging,18783942396000,-16.47,18.66,-2.4516625
274909,18,Jogging,18783992232000,-12.53,13.44,1.334794
274910,18,Jogging,18784042311000,-10.31,10.76,-0.84446156
274911,18,Jogging,18784092238000,-9.15,17.16,-14.709975
274912,18,Jogging,18784142286000,-4.1,14.48,0.42223078
274913,18,Jogging,18784192274000,11.11,14.18,3.990762
274914,18,Jogging,18784242293000,19.23,6.55,8.812365
274915,18,Jogging,18784292219000,-1.23,9.43,2.1111538
274916,18,Jogging,18784346724000,-13.63,19.5,-9.343558
274917,18,Jogging,18784403181000,-18.96,18.35,1.0351465
274918,18,Jogging,18784403181000,-18.96,18.35,1.0351465
274919,18,Jogging,18784462507000,-3.02,2.11,4.5628166
274920,18,Jogging,18784462507000,-3.02,2.11,4.5628166
274923,18,Jogging,18784752455000,-11.54,13.18,1.7570249
274924,18,Jogging,18784802199000,-10.0,14.18,-3.7592160000000003
274926,18,Jogging,18784852339000,-7.25,17.24,-9.615966
274925,18,Jogging,18784852339000,-7.25,17.24,-9.615966
274927,18,Jogging,18784952467000,12.07,10.61,5.243834
274928,18,Jogging,18785002302000,17.01,4.99,9.152874
274929,18,Jogging,18785002302000,17.01,4.99,9.152874
274930,18,Jogging,18785002302000,17.01,4.99,9.152874
274931,18,Jogging,18785002302000,17.01,4.99,9.152874
274933,18,Jogging,18785392225000,-0.5,6.85,-1.607201
274934,18,Jogging,18785392225000,-0.5,6.85,-1.607201
274935,18,Jogging,18785492262000,-10.76,12.98,0.6537767
274936,18,Jogging,18785542250000,-11.41,11.37,-1.4573771999999998
274937,18,Jogging,18785592299000,-11.11,15.4,-13.715691
274938,18,Jogging,18785642256000,-4.4,12.95,-0.7218784
274939,18,Jogging,18785692305000,5.13,17.2,-2.8738932999999998
274940,18,Jogging,18785742262000,19.57,13.8,8.853226
274941,18,Jogging,18785792280000,1.92,5.33,9.697687
274942,18,Jogging,18785842238000,-9.58,19.23,-6.1291566
274944,18,Jogging,18785892317000,-19.61,19.57,-7.586533500000001
274943,18,Jogging,18785892317000,-19.61,19.57,-7.586533500000001
274945,18,Jogging,18785962355000,-8.5,6.36,6.0201936
274946,18,Jogging,18786012373000,0.34,-0.84,8.539958
274947,18,Jogging,18786065626000,1.04,-3.53,-4.903325
274948,18,Jogging,18786122297000,7.78,-5.6,2.3426998
274949,18,Jogging,18786182387000,-4.21,13.29,-8.662541000000001
274950,18,Jogging,18786232283000,-16.93,19.53,2.6832085
274951,18,Jogging,18786282210000,-10.72,11.45,1.3756552
274952,18,Jogging,18786332289000,-11.18,14.6,-6.2789803
274953,18,Jogging,18786382246000,-8.24,17.08,-8.580819
274954,18,Jogging,18786432295000,-2.22,14.06,-1.2666923
274955,18,Jogging,18786482252000,15.89,14.79,4.5628166
274956,18,Jogging,18786532301000,16.04,4.94,14.750835999999998
274957,18,Jogging,18786582197000,-1.31,11.18,-1.2258313
274958,18,Jogging,18786632307000,-17.86,19.57,-9.493382
274959,18,Jogging,18786682295000,-18.85,17.97,0.88532263
274960,18,Jogging,18786732313000,-7.04,3.02,1.9477096999999999
274961,18,Jogging,18786782271000,-4.29,-3.87,7.164303
274962,18,Jogging,18786832289000,0.84,-3.53,-3.4459480000000005
274963,18,Jogging,18786882246000,5.71,-3.3,-1.4982381999999999
274964,18,Jogging,18786932326000,-4.37,8.77,-1.334794
274965,18,Jogging,18786982283000,-18.2,18.62,-0.6946376999999999
274966,18,Jogging,18787032301000,-10.92,10.27,-0.23154591
274967,18,Jogging,18787082258000,-12.22,14.1,-7.246025
274968,18,Jogging,18787132307000,-10.19,14.75,-8.308413
274969,18,Jogging,18787182203000,-4.59,14.98,-1.2258313
274970,18,Jogging,18787232313000,15.66,15.83,2.7240696
274971,18,Jogging,18787282240000,17.77,4.37,13.525004999999998
274972,18,Jogging,18787332289000,-2.18,12.57,-0.0
274973,18,Jogging,18787382124000,-16.93,19.57,-9.00305
274975,18,Jogging,18787442610000,-18.66,18.2,0.5720546
274978,18,Jogging,18787442610000,-18.66,18.2,0.5720546
274974,18,Jogging,18787442610000,-18.66,18.2,0.5720546
274976,18,Jogging,18787442610000,-18.66,18.2,0.5720546
274977,18,Jogging,18787442610000,-18.66,18.2,0.5720546
274980,18,Jogging,18787742171000,-19.19,19.53,-4.5900574
274981,18,Jogging,18787742171000,-19.19,19.53,-4.5900574
274982,18,Jogging,18787842207000,-12.72,15.66,-2.5333846
274983,18,Jogging,18787842207000,-12.72,15.66,-2.5333846
274984,18,Jogging,18787942274000,-0.84,16.93,-1.607201
274985,18,Jogging,18787942274000,-0.84,16.93,-1.607201
274986,18,Jogging,18787992262000,14.06,9.38,7.3549875999999985
274987,18,Jogging,18788042280000,19.27,3.72,6.2789803
274988,18,Jogging,18788042280000,19.27,3.72,6.2789803
274989,18,Jogging,18788103804000,-1.57,12.6,0.38136974
274992,18,Jogging,18788442335000,-2.22,9.58,-4.5219555
274993,18,Jogging,18788442335000,-2.22,9.58,-4.5219555
274994,18,Jogging,18788492262000,-16.97,19.57,-3.4050870000000004
274995,18,Jogging,18788592238000,-11.22,15.43,0.5720546
274996,18,Jogging,18788642378000,-7.5,19.31,-14.206022
274997,18,Jogging,18788692305000,-2.68,14.14,-0.040861044
274998,18,Jogging,18788742262000,12.49,12.37,4.5628166
274999,18,Jogging,18788792250000,19.53,5.52,10.501288
275000,18,Jogging,18788792250000,19.53,5.52,10.501288
275001,18,Jogging,18788892134000,-13.1,19.08,-4.372132
275002,18,Jogging,18788942305000,-19.61,19.53,-5.666064700000001
275003,18,Jogging,18788942305000,-19.61,19.53,-5.666064700000001
275010,18,Jogging,18789288496000,-15.05,18.5,4.099725
275011,18,Jogging,18789342360000,-10.65,10.42,-0.9125633
275012,18,Jogging,18789392378000,-12.37,16.51,-16.43976
275013,18,Jogging,18789442579000,-6.21,14.6,1.6889231
275014,18,Jogging,18789492262000,11.73,13.06,10.228881
275015,18,Jogging,18789542280000,18.39,6.28,-1.56634
275017,18,Jogging,18789592268000,6.21,1.8,4.099725
275018,18,Jogging,18789592268000,6.21,1.8,4.099725
275019,18,Jogging,18789592268000,6.21,1.8,4.099725
275016,18,Jogging,18789592268000,6.21,1.8,4.099725
275023,18,Jogging,18789952223000,3.49,3.87,-1.9477096999999999
275024,18,Jogging,18790003187000,-8.88,16.59,-5.597963
275025,18,Jogging,18790052229000,-18.85,19.15,3.336985
275026,18,Jogging,18790102400000,-10.65,10.19,0.08172209
275027,18,Jogging,18790152235000,-12.03,18.39,-14.941522
275028,18,Jogging,18790202376000,-4.99,13.95,-0.14982383
275029,18,Jogging,18790262861000,14.6,14.56,2.4925237
275030,18,Jogging,18790312239000,19.53,6.17,6.238119
275031,18,Jogging,18790362349000,0.84,2.26,9.615966
275032,18,Jogging,18790412123000,-10.92,19.38,-5.666064700000001
275033,18,Jogging,18790462385000,-19.61,19.57,-4.440233
275034,18,Jogging,18790512922000,-9.72,7.97,2.9556155
275035,18,Jogging,18790512922000,-9.72,7.97,2.9556155
275036,18,Jogging,18790512922000,-9.72,7.97,2.9556155
275037,18,Jogging,18790592207000,-4.4,0.42,-1.9204689999999998
275038,18,Jogging,18790592207000,-4.4,0.42,-1.9204689999999998
275040,18,Jogging,18790822584000,-14.1,19.15,0.6537767
275041,18,Jogging,18790822584000,-14.1,19.15,0.6537767
275042,18,Jogging,18790922316000,-9.04,18.5,-6.782933
275043,18,Jogging,18790922316000,-9.04,18.5,-6.782933
275044,18,Jogging,18791022230000,9.72,12.11,0.88532263
275048,18,Jogging,18791072340000,19.57,4.99,8.921327999999999
275046,18,Jogging,18791072340000,19.57,4.99,8.921327999999999
275047,18,Jogging,18791072340000,19.57,4.99,8.921327999999999
275045,18,Jogging,18791072340000,19.57,4.99,8.921327999999999
275055,18,Jogging,18791470259000,5.52,-1.95,0.19068487
275058,18,Jogging,18791663618000,-13.67,14.29,-2.6832085
275059,18,Jogging,18791663618000,-13.67,14.29,-2.6832085
275060,18,Jogging,18791663618000,-13.67,14.29,-2.6832085
275062,18,Jogging,18791862135000,15.05,1.95,13.797412
275063,18,Jogging,18791862135000,15.05,1.95,13.797412
275064,18,Jogging,18791862135000,15.05,1.95,13.797412
275067,18,Jogging,18792152235000,0.42,-6.4,-1.7978859
275068,18,Jogging,18792202772000,6.17,-5.52,2.6423476000000004
275069,18,Jogging,18792252333000,-0.95,7.08,-2.982856
275070,18,Jogging,18792302199000,-17.05,19.57,-5.0531489999999994
275071,18,Jogging,18792352339000,-11.54,16.17,1.9204689999999998
275072,18,Jogging,18792412245000,-9.11,15.51,-4.3993720000000005
275073,18,Jogging,18792462202000,-7.7,16.21,-6.0474343
275074,18,Jogging,18792512282000,-1.18,13.87,-0.8036005
275075,18,Jogging,18792562239000,15.36,9.72,4.2086873
275076,18,Jogging,18792612318000,15.43,3.87,10.501288
275077,18,Jogging,18792662245000,-3.76,15.51,-0.040861044
275078,18,Jogging,18792712141000,-19.61,19.57,-13.674829500000001
275079,18,Jogging,18792762404000,-16.7,14.14,3.5276701
275080,18,Jogging,18792814161000,-4.9,0.0,4.944186
275081,18,Jogging,18792814161000,-4.9,0.0,4.944186
275082,18,Jogging,18792814161000,-4.9,0.0,4.944186
275083,18,Jogging,18792925795000,3.91,-6.13,-0.46309182
275087,18,Jogging,18793032454000,-14.67,17.2,-3.9771416
275088,18,Jogging,18793032454000,-14.67,17.2,-3.9771416
275085,18,Jogging,18793032454000,-14.67,17.2,-3.9771416
275086,18,Jogging,18793032454000,-14.67,17.2,-3.9771416
275090,18,Jogging,18793282210000,8.24,13.29,2.6014863999999998
275091,18,Jogging,18793332258000,19.15,6.7,7.205164
275092,18,Jogging,18793388807000,1.23,6.97,2.3426998
275093,18,Jogging,18793388807000,1.23,6.97,2.3426998
275094,18,Jogging,18793388807000,1.23,6.97,2.3426998
275096,18,Jogging,18793722181000,1.38,4.82,-1.7570249
275097,18,Jogging,18793772261000,-15.7,19.08,-6.823794400000001
275099,18,Jogging,18793823134000,-12.15,15.6,2.2609777
275098,18,Jogging,18793823134000,-12.15,15.6,2.2609777
275100,18,Jogging,18793932295000,-8.54,19.11,-12.340035
275101,18,Jogging,18793982283000,-1.84,12.03,-0.50395286
275102,18,Jogging,18794032271000,13.48,10.99,6.973617999999999
275103,18,Jogging,18794082197000,17.16,3.11,8.894086999999999
275104,18,Jogging,18794132277000,-0.65,8.54,0.14982383
275105,18,Jogging,18794182112000,-13.14,19.53,-8.539958
275106,18,Jogging,18794242232000,-19.38,18.85,0.42223078
275107,18,Jogging,18794242232000,-19.38,18.85,0.42223078
275113,18,Jogging,18794582106000,-14.48,16.66,1.7978859
275114,18,Jogging,18794582106000,-14.48,16.66,1.7978859
275115,18,Jogging,18794682295000,-13.91,17.01,-11.223166
275116,18,Jogging,18794732435000,-6.43,18.09,-0.8036005
275117,18,Jogging,18794782210000,11.6,18.5,-1.8796080000000002
275118,18,Jogging,18794782210000,11.6,18.5,-1.8796080000000002
275120,18,Jogging,18794882246000,3.83,5.05,5.243834
275119,18,Jogging,18794882246000,3.83,5.05,5.243834
275121,18,Jogging,18794982222000,-19.61,19.53,-5.0531489999999994
275122,18,Jogging,18794982222000,-19.61,19.53,-5.0531489999999994
275123,18,Jogging,18795082197000,-8.35,-0.65,6.3198414000000005
275124,18,Jogging,18795132246000,-0.11,-4.25,-1.3756552
275125,18,Jogging,18795182356000,5.09,-6.63,-0.6946376999999999
