,user,label,timestamp,x,y,z
1052821,19,Jogging,129612111482000,-0.46,6.89,-0.23
1052822,19,Jogging,129612151643000,-1.38,4.44,0.91
1052823,19,Jogging,129612191438000,-0.34,3.72,1.69
1052824,19,Jogging,129612231508000,-4.21,1.04,4.1
1052825,19,Jogging,129612311647000,-10.04,8.47,-1.08
1052826,19,Jogging,129612351686000,-7.82,8.08,-0.76
1052827,19,Jogging,129612391481000,-7.93,10.69,-0.95
1052828,19,Jogging,129612431581000,-10.04,18.35,-0.15
1052829,19,Jogging,129612511537000,-1.99,12.79,9.08
1052830,19,Jogging,129612551668000,0.3,7.44,-0.99
1052831,19,Jogging,129612591554000,0.84,1.99,-1.88
1052832,19,Jogging,129612631502000,3.68,0.19,1.92
1052833,19,Jogging,129612711549000,3.72,2.34,-1.61
1052834,19,Jogging,129612751619000,4.1,17.62,-4.67
1052835,19,Jogging,129612791566000,-11.54,19.76,2.64
1052836,19,Jogging,129612831850000,-16.09,15.98,1.42
1052837,19,Jogging,129612911501000,-5.94,4.18,-0.46
1052838,19,Jogging,129612951631000,-3.06,2.41,-2.18
1052839,19,Jogging,129612991548000,-0.95,1.14,-1.46
1052840,19,Jogging,129613031557000,0.42,0.53,-0.5
1052841,19,Jogging,129613111574000,-1.99,3.26,-1.99
1052842,19,Jogging,129613151643000,-16.59,17.67,-0.93
1052843,19,Jogging,129613191469000,-9.34,9.34,-0.19
1052844,19,Jogging,129613231538000,-9.77,12.15,-3.26
1052845,19,Jogging,129613311555000,-9.7,18.35,3.17
1052846,19,Jogging,129613351686000,-4.21,10.95,-0.19
1052847,19,Jogging,129613391450000,0.5,4.29,0.19
1052848,19,Jogging,129613431673000,1.27,0.95,-0.5
1052849,19,Jogging,129613511720000,4.59,-0.95,-0.11
1052850,19,Jogging,129613551637000,3.83,1.12,-1.46
1052851,19,Jogging,129613596468000,4.82,15.24,-4.37
1052852,19,Jogging,129613642305000,-17.58,19.42,0.53
1052853,19,Jogging,129613721498000,-7.16,3.3,1.14
1052854,19,Jogging,129613761629000,-4.79,1.54,-2.45
1052855,19,Jogging,129613801515000,-2.15,-0.61,-1.42
1052856,19,Jogging,129613841676000,-0.65,-1.61,-0.69
1052857,19,Jogging,129613921541000,-0.31,-0.27,-0.53
1052858,19,Jogging,129613961549000,-5.28,3.79,-2.15
1052859,19,Jogging,129614001527000,-18.09,15.66,-2.56
1052860,19,Jogging,129614041627000,-8.73,4.79,-0.93
1052861,19,Jogging,129614121522000,-15.05,17.69,-0.72
1052862,19,Jogging,129614161623000,-11.45,19.34,7.01
1052863,19,Jogging,129614201662000,-6.24,12.76,-1.99
1052864,19,Jogging,129614241670000,4.1,4.29,1.92
1052865,19,Jogging,129614321504000,6.4,2.18,0.91
1052866,19,Jogging,129614361665000,6.36,0.5,0.23
1052867,19,Jogging,129614401643000,2.91,1.95,-0.5
1052868,19,Jogging,129614441652000,-4.21,14.52,-1.57
1052869,19,Jogging,129614521516000,-15.94,13.95,5.86
1052870,19,Jogging,129614561647000,-10.38,0.53,6.66
1052871,19,Jogging,129614601625000,-5.86,0.38,-2.03
1052872,19,Jogging,129614641511000,-2.6,-3.17,-2.76
1052873,19,Jogging,129614721529000,-0.95,-3.17,-1.23
1052874,19,Jogging,129614761507000,-0.89,-0.57,0.15
1052875,19,Jogging,129614801515000,-2.68,-0.46,1.76
1052876,19,Jogging,129614841615000,-17.69,13.33,-4.1
1052877,19,Jogging,129614921663000,-12.22,8.89,-2.6
1052878,19,Jogging,129614961671000,-18.35,18.73,-4.6
1052879,19,Jogging,129615001924000,-13.44,19.7,6.97
1052880,19,Jogging,129615041597000,-6.28,15.7,0.38
1052881,19,Jogging,129615081667000,4.29,7.7,2.26
1052882,19,Jogging,129615161684000,6.09,0.93,-1.88
1052883,19,Jogging,129615201540000,7.55,-0.42,-1.38
1052884,19,Jogging,129615241487000,2.37,-0.27,-0.76
1052885,19,Jogging,129615288972000,-2.56,13.59,-2.11
1052886,19,Jogging,129615371492000,-15.6,13.18,4.56
1052887,19,Jogging,129615411501000,-11.65,-2.22,7.4
1052888,19,Jogging,129615451753000,-7.16,-0.76,-3.06
1052889,19,Jogging,129615491670000,-2.98,-4.06,-2.83
1052890,19,Jogging,129615571474000,-0.5,-2.98,-1.38
1052891,19,Jogging,129615611513000,-0.15,-0.72,0.57
1052892,19,Jogging,129615651643000,-6.93,-0.57,3.98
1052893,19,Jogging,129615691499000,-16.25,4.4,-10.23
1052894,19,Jogging,129615771516000,-17.43,13.8,-3.6
1052895,19,Jogging,129615811678000,-18.39,19.42,-2.11
1052896,19,Jogging,129615851778000,-12.83,19.72,6.21
1052897,19,Jogging,129615891634000,-0.27,16.04,0.95
1052898,19,Jogging,129615971468000,8.73,2.56,0.27
1052899,19,Jogging,129616011629000,11.11,1.38,-0.65
1052900,19,Jogging,129616051637000,3.36,-0.91,0.0
1052901,19,Jogging,129616091676000,1.08,2.72,-1.65
1052902,19,Jogging,129616172151000,-19.23,19.57,-1.27
1052903,19,Jogging,129616211824000,-15.17,5.83,8.08
1052904,19,Jogging,129616251741000,-9.47,-3.64,2.6
1052905,19,Jogging,129616291627000,-6.13,-1.53,-2.83
1052906,19,Jogging,129616331575000,-1.61,-4.21,-2.87
1052907,19,Jogging,129616411531000,-0.38,-1.5,-0.42
1052908,19,Jogging,129616451631000,-0.38,-0.61,-0.11
1052909,19,Jogging,129616492250000,-3.64,-0.46,-1.42
1052910,19,Jogging,129616537324000,-18.96,12.53,-3.87
1052911,19,Jogging,129616611696000,-18.92,15.28,-7.06
1052912,19,Jogging,129616661684000,-17.88,19.76,-3.57
1052913,19,Jogging,129616701540000,-8.12,18.89,8.24
1052914,19,Jogging,129616741640000,2.18,11.07,-4.37
1052915,19,Jogging,129616821474000,12.53,0.42,-0.38
1052916,19,Jogging,129616861635000,5.43,-2.68,0.8
1052917,19,Jogging,129616901643000,1.12,-1.42,-0.23
1052918,19,Jogging,129616941652000,1.84,6.02,-5.22
1052919,19,Jogging,129617021516000,-18.2,16.28,4.4
1052920,19,Jogging,129617061708000,-10.04,-2.64,10.88
1052921,19,Jogging,129617101503000,-6.32,-0.76,-1.12
1052922,19,Jogging,129617141634000,-1.95,-2.72,-1.76
1052923,19,Jogging,129617221498000,-0.72,-2.75,-1.76
1052924,19,Jogging,129617261659000,-0.72,-0.99,-0.69
1052925,19,Jogging,129617301515000,-6.24,0.15,-3.53
1052926,19,Jogging,129617341493000,-19.11,9.58,-5.22
1052927,19,Jogging,129617381715000,-19.19,10.73,-0.34
1052928,19,Jogging,129617461641000,-16.09,18.54,-6.4
1052929,19,Jogging,129617501710000,-9.72,19.76,4.63
1052930,19,Jogging,129617541597000,-2.22,16.02,1.84
1052931,19,Jogging,129617621522000,5.6,2.3,-1.18
1052932,19,Jogging,129617661653000,10.5,1.73,-0.5
1052933,19,Jogging,129617701631000,3.3,-0.91,0.15
1052934,19,Jogging,129617741609000,2.03,4.82,-1.73
1052935,19,Jogging,129617781557000,-10.92,19.65,-3.53
1052936,19,Jogging,129617861513000,-10.34,0.31,10.04
1052937,19,Jogging,129617901521000,-7.97,-1.12,-0.46
1052938,19,Jogging,129617941499000,-3.21,-3.95,-2.49
1052939,19,Jogging,129618021608000,-1.54,-3.53,-2.3
1052940,19,Jogging,129618061647000,-1.42,-1.18,-0.93
1052941,19,Jogging,129618101533000,-2.72,-0.84,-1.14
1052942,19,Jogging,129618141603000,-16.86,6.17,-5.09
1052943,19,Jogging,129618221651000,-19.08,14.18,-6.13
1052944,19,Jogging,129618261537000,-18.73,19.72,-6.97
1052945,19,Jogging,129618301546000,-10.73,19.65,2.87
1052946,19,Jogging,129618341615000,-1.73,16.93,2.37
1052947,19,Jogging,129618421510000,10.23,1.95,0.69
1052948,19,Jogging,129618461641000,12.53,-1.12,0.89
1052949,19,Jogging,129618501527000,3.53,-2.03,0.72
1052950,19,Jogging,129618541597000,0.5,0.15,-1.14
1052951,19,Jogging,129618621522000,-19.23,19.76,2.14
1052952,19,Jogging,129618661623000,-13.95,10.46,4.67
1052953,19,Jogging,129618701509000,-10.46,-2.64,6.02
1052954,19,Jogging,129618741823000,-7.12,-0.5,-2.87
1052955,19,Jogging,129618821596000,0.0,-4.94,-3.53
1052956,19,Jogging,129618861635000,0.27,-2.56,-1.54
1052957,19,Jogging,129618901521000,-0.46,-0.19,2.49
1052958,19,Jogging,129618941469000,-3.41,-1.69,-0.8
1052960,19,Jogging,129619061433000,-19.23,16.78,-6.93
1052959,19,Jogging,129619061433000,-19.23,16.78,-6.93
1052961,19,Jogging,129619101961000,-16.59,19.76,-6.05
1052962,19,Jogging,129619141481000,-7.27,19.53,3.02
1052963,19,Jogging,129619221651000,6.09,8.05,-1.31
1052964,19,Jogging,129619261537000,16.89,2.53,6.97
1052965,19,Jogging,129619301637000,9.23,-2.22,2.11
1052966,19,Jogging,129619341615000,1.88,-0.46,-0.38
1052967,19,Jogging,129619390932000,-1.8,12.03,-5.86
1052968,19,Jogging,129619471468000,-17.5,15.98,1.23
1052969,19,Jogging,129619511629000,-14.14,-1.88,8.47
1052970,19,Jogging,129619551790000,-8.2,-0.23,-4.63
1052971,19,Jogging,129619591554000,-3.49,-3.79,-5.05
1052972,19,Jogging,129619671632000,0.23,-2.34,-4.37
1052973,19,Jogging,129619711641000,-0.31,-0.99,0.46
1052974,19,Jogging,129619751619000,-4.02,-2.26,-0.19
1052975,19,Jogging,129619791719000,-16.86,2.07,-5.24
1052976,19,Jogging,129619871645000,-19.23,19.31,-5.43
1052977,19,Jogging,129619911501000,-17.62,19.76,-12.22
1052978,19,Jogging,129619951723000,-5.75,19.53,-1.84
1052979,19,Jogging,129619991609000,1.84,17.01,2.72
1052980,19,Jogging,129620071474000,8.85,3.15,1.5
1052981,19,Jogging,129620121706000,10.84,0.19,1.8
1052982,19,Jogging,129620161653000,1.69,-1.65,1.46
1052983,19,Jogging,129620201662000,3.57,4.1,-1.46
1052984,19,Jogging,129620241457000,-8.12,19.46,-0.95
1052985,19,Jogging,129620321626000,-12.98,-1.5,10.88
1052986,19,Jogging,129620361635000,-9.51,-0.11,-2.03
1052987,19,Jogging,129620401521000,-4.48,-2.07,-3.26
1052988,19,Jogging,129620441469000,-2.6,-4.33,-4.79
1052989,19,Jogging,129620521669000,-0.27,-0.89,-3.17
1052990,19,Jogging,129620561555000,-1.8,-1.92,-1.73
1052991,19,Jogging,129620601656000,-10.34,-2.45,-3.87
1052992,19,Jogging,129620641634000,-17.27,8.92,-4.21
1052993,19,Jogging,129620721681000,-19.19,19.76,-8.69
1052994,19,Jogging,129620761690000,-11.37,19.76,-1.31
1052995,19,Jogging,129620801698000,6.09,19.53,-0.23
1052996,19,Jogging,129620841493000,7.89,7.97,-0.69
1052997,19,Jogging,129620921510000,14.33,-0.04,2.98
1052998,19,Jogging,129620961702000,4.1,-1.95,0.91
1052999,19,Jogging,129621001985000,1.14,0.34,-1.14
1053000,19,Jogging,129621041597000,-3.45,14.06,-6.66
1053001,19,Jogging,129621121675000,-11.96,13.59,-1.42
1053002,19,Jogging,129621161501000,-11.54,-2.98,8.92
1053003,19,Jogging,129621201692000,-9.58,-2.49,-5.94
1053004,19,Jogging,129621241640000,-8.05,-5.9,-8.2
1053005,19,Jogging,129621321474000,-1.8,-4.71,-6.32
1053006,19,Jogging,129621361665000,1.53,-2.79,-1.5
1053007,19,Jogging,129621401674000,-0.95,-4.48,0.89
1053008,19,Jogging,129621441438000,-7.82,-1.88,0.65
1053009,19,Jogging,129621521516000,-19.23,19.42,-4.48
1053010,19,Jogging,129621561739000,-18.39,19.76,-5.28
1053011,19,Jogging,129621601503000,-3.68,19.76,-9.96
1053012,19,Jogging,129621644838000,8.96,19.15,2.22
1053013,19,Jogging,129621721864000,8.08,3.76,2.03
1053014,19,Jogging,129621761690000,11.95,3.87,2.3
1053015,19,Jogging,129621801668000,4.48,-0.69,1.99
1053016,19,Jogging,129621841615000,4.14,5.83,-2.79
1053017,19,Jogging,129621921480000,-19.11,19.57,0.19
1053018,19,Jogging,129621961641000,-13.91,4.56,2.49
1053019,19,Jogging,129622001680000,-14.29,-4.29,-3.87
1053020,19,Jogging,129622041627000,-13.44,-8.73,-11.88
