,user,label,timestamp,x,y,z
1062516,19,Jogging,130151231508000,0.72,-2.11,-1.27
1074830,19,Jogging,130151231508000,0.72,-2.11,-1.27
1074831,19,Jogging,130151271669000,-0.11,-1.46,-0.61
1062517,19,Jogging,130151271669000,-0.11,-1.46,-0.61
1074832,19,Jogging,130151311555000,-8.08,-5.82,-1.57
1062518,19,Jogging,130151311555000,-8.08,-5.82,-1.57
1074833,19,Jogging,130151391603000,-19.23,-2.53,-3.41
1062519,19,Jogging,130151391603000,-19.23,-2.53,-3.41
1062520,19,Jogging,130151432100000,-19.23,4.06,-3.76
1074834,19,Jogging,130151432100000,-19.23,4.06,-3.76
1062521,19,Jogging,130151471651000,-17.2,7.74,0.15
1074835,19,Jogging,130151471651000,-17.2,7.74,0.15
1062522,19,Jogging,130151551485000,-4.02,10.42,-2.72
1074836,19,Jogging,130151551485000,-4.02,10.42,-2.72
1062523,19,Jogging,130151591676000,1.61,7.97,-2.22
1074837,19,Jogging,130151591676000,1.61,7.97,-2.22
1074838,19,Jogging,130151631502000,6.97,10.69,-2.56
1062524,19,Jogging,130151631502000,6.97,10.69,-2.56
1074839,19,Jogging,130151671663000,3.76,1.08,-1.31
1062525,19,Jogging,130151671663000,3.76,1.08,-1.31
1074840,19,Jogging,130151751619000,-16.7,19.57,1.27
1062526,19,Jogging,130151751619000,-16.7,19.57,1.27
1062527,19,Jogging,130151791627000,-19.19,9.96,3.21
1074841,19,Jogging,130151791627000,-19.19,9.96,3.21
1062528,19,Jogging,130151831636000,-9.81,-2.79,3.57
1074842,19,Jogging,130151831636000,-9.81,-2.79,3.57
1062529,19,Jogging,130151871522000,-7.59,-5.82,-1.18
1074843,19,Jogging,130151871522000,-7.59,-5.82,-1.18
1074844,19,Jogging,130151951540000,2.11,-4.71,-2.56
1062530,19,Jogging,130151951540000,2.11,-4.71,-2.56
1074845,19,Jogging,130151991579000,1.27,-3.06,-1.23
1062531,19,Jogging,130151991579000,1.27,-3.06,-1.23
1074846,19,Jogging,130152032320000,0.5,-2.45,-0.57
1062532,19,Jogging,130152032320000,0.5,-2.45,-0.57
1074847,19,Jogging,130152071504000,-5.67,-4.94,0.19
1062533,19,Jogging,130152071504000,-5.67,-4.94,0.19
1074848,19,Jogging,130152151521000,-19.08,-3.45,-3.34
1062534,19,Jogging,130152151521000,-19.08,-3.45,-3.34
1062535,19,Jogging,130152191713000,-19.23,4.52,-1.57
1074849,19,Jogging,130152191713000,-19.23,4.52,-1.57
1062536,19,Jogging,130152231508000,-16.59,6.82,-2.22
1074850,19,Jogging,130152231508000,-16.59,6.82,-2.22
1074851,19,Jogging,130152271699000,-11.5,13.1,-0.72
1062537,19,Jogging,130152271699000,-11.5,13.1,-0.72
1062538,19,Jogging,130152351472000,1.14,10.46,-2.03
1074852,19,Jogging,130152351472000,1.14,10.46,-2.03
1074853,19,Jogging,130152391756000,15.36,14.79,3.11
1062539,19,Jogging,130152391756000,15.36,14.79,3.11
1074854,19,Jogging,130152431764000,3.6,1.04,-0.08
1062540,19,Jogging,130152431764000,3.6,1.04,-0.08
1074855,19,Jogging,130152474153000,-11.5,7.97,-7.44
1062541,19,Jogging,130152474153000,-11.5,7.97,-7.44
1062542,19,Jogging,130152551485000,-16.86,3.15,1.42
1074856,19,Jogging,130152551485000,-16.86,3.15,1.42
1074857,19,Jogging,130152591615000,-6.97,-0.76,-0.76
1062543,19,Jogging,130152591615000,-6.97,-0.76,-0.76
1062544,19,Jogging,130152631654000,-8.16,-6.28,-1.76
1074858,19,Jogging,130152631654000,-8.16,-6.28,-1.76
1062545,19,Jogging,130152671541000,-3.21,-7.31,-3.6
1074859,19,Jogging,130152671541000,-3.21,-7.31,-3.6
1074860,19,Jogging,130152751497000,2.45,-3.87,-2.3
1062546,19,Jogging,130152751497000,2.45,-3.87,-2.3
1074861,19,Jogging,130152791780000,0.38,-1.61,-0.31
1062547,19,Jogging,130152791780000,0.38,-1.61,-0.31
1062548,19,Jogging,130152831636000,-3.38,-4.75,-0.38
1074862,19,Jogging,130152831636000,-3.38,-4.75,-0.38
1074863,19,Jogging,130152871522000,-6.36,-3.17,0.19
1062549,19,Jogging,130152871522000,-6.36,-3.17,0.19
1062550,19,Jogging,130152912752000,-17.92,-6.09,-2.11
1074864,19,Jogging,130152912752000,-17.92,-6.09,-2.11
1062551,19,Jogging,130152991609000,-17.05,4.79,-1.95
1074865,19,Jogging,130152991609000,-17.05,4.79,-1.95
1062552,19,Jogging,130153036317000,-16.78,14.56,-3.95
1074866,19,Jogging,130153036317000,-16.78,14.56,-3.95
1062553,19,Jogging,130153073518000,-10.31,18.66,4.52
1074867,19,Jogging,130153073518000,-10.31,18.66,4.52
1062554,19,Jogging,130153111696000,2.79,14.79,0.5
1074868,19,Jogging,130153111696000,2.79,14.79,0.5
1062555,19,Jogging,130153191713000,3.15,1.04,-0.42
1074869,19,Jogging,130153191713000,3.15,1.04,-0.42
1074870,19,Jogging,130153231630000,-7.67,7.82,-7.59
1062556,19,Jogging,130153231630000,-7.67,7.82,-7.59
1074871,19,Jogging,130153272218000,-19.23,16.74,4.67
1062557,19,Jogging,130153272218000,-19.23,16.74,4.67
1062558,19,Jogging,130153311678000,-18.73,3.79,-0.11
1074872,19,Jogging,130153311678000,-18.73,3.79,-0.11
1074873,19,Jogging,130153391603000,-6.74,-6.28,-1.54
1062559,19,Jogging,130153391603000,-6.74,-6.28,-1.54
1062560,19,Jogging,130153431520000,-3.95,-6.89,-3.21
1074874,19,Jogging,130153431520000,-3.95,-6.89,-3.21
1062561,19,Jogging,130153471529000,1.08,-4.63,-3.6
1074875,19,Jogging,130153471529000,1.08,-4.63,-3.6
1062562,19,Jogging,130153551515000,1.61,-2.26,-1.38
1074876,19,Jogging,130153551515000,1.61,-2.26,-1.38
1062563,19,Jogging,130153591615000,-0.34,-4.99,-0.84
1074877,19,Jogging,130153591615000,-0.34,-4.99,-0.84
1062564,19,Jogging,130153631624000,-9.92,-4.06,0.61
1074878,19,Jogging,130153631624000,-9.92,-4.06,0.61
1074879,19,Jogging,130153671663000,-18.2,-7.04,-2.98
1062565,19,Jogging,130153671663000,-18.2,-7.04,-2.98
1062566,19,Jogging,130153711549000,-19.23,4.79,-3.64
1074880,19,Jogging,130153711549000,-19.23,4.79,-3.64
1074881,19,Jogging,130153791689000,-17.69,10.8,-5.24
1062567,19,Jogging,130153791689000,-17.69,10.8,-5.24
1074882,19,Jogging,130153831972000,-12.37,19.65,1.73
1062568,19,Jogging,130153831972000,-12.37,19.65,1.73
1074883,19,Jogging,130153871645000,-0.34,18.66,-0.15
1062569,19,Jogging,130153871645000,-0.34,18.66,-0.15
1062570,19,Jogging,130153951662000,3.3,0.95,-0.46
1074884,19,Jogging,130153951662000,3.3,0.95,-0.46
1062571,19,Jogging,130153991731000,-7.67,8.85,-7.25
1074885,19,Jogging,130153991731000,-7.67,8.85,-7.25
1062572,19,Jogging,130154032503000,-19.23,17.39,5.82
1074886,19,Jogging,130154032503000,-19.23,17.39,5.82
1074887,19,Jogging,130154071474000,-18.73,3.26,-0.23
1062573,19,Jogging,130154071474000,-18.73,3.26,-0.23
1074888,19,Jogging,130154111696000,-7.86,-3.53,0.76
1062574,19,Jogging,130154111696000,-7.86,-3.53,0.76
1062575,19,Jogging,130154191560000,-1.38,-6.09,-3.3
1074889,19,Jogging,130154191560000,-1.38,-6.09,-3.3
1074890,19,Jogging,130154231508000,2.64,-5.33,-4.21
1062576,19,Jogging,130154231508000,2.64,-5.33,-4.21
1062577,19,Jogging,130154271486000,1.46,-3.17,-2.26
1074891,19,Jogging,130154271486000,1.46,-3.17,-2.26
1062578,19,Jogging,130154311708000,1.23,-2.37,-0.69
1074892,19,Jogging,130154311708000,1.23,-2.37,-0.69
1062579,19,Jogging,130154391756000,-9.23,-4.37,0.19
1074893,19,Jogging,130154391756000,-9.23,-4.37,0.19
1062580,19,Jogging,130154432039000,-17.08,-6.17,-5.63
1074894,19,Jogging,130154432039000,-17.08,-6.17,-5.63
1074895,19,Jogging,130154471651000,-19.23,-2.41,-2.07
1062581,19,Jogging,130154471651000,-19.23,-2.41,-2.07
1074896,19,Jogging,130154551485000,-14.56,9.11,-4.56
1062582,19,Jogging,130154551485000,-14.56,9.11,-4.56
1062583,19,Jogging,130154591737000,-12.64,19.0,1.99
1074897,19,Jogging,130154591737000,-12.64,19.0,1.99
1074898,19,Jogging,130154631593000,-0.5,19.42,-1.88
1062584,19,Jogging,130154631593000,-0.5,19.42,-1.88
1062585,19,Jogging,130154671632000,13.1,12.6,10.31
1074899,19,Jogging,130154671632000,13.1,12.6,10.31
1062586,19,Jogging,130154751588000,-6.59,5.52,-8.35
1074900,19,Jogging,130154751588000,-6.59,5.52,-8.35
1062587,19,Jogging,130154791719000,-19.19,18.31,6.7
1074901,19,Jogging,130154791719000,-19.19,18.31,6.7
1074902,19,Jogging,130154831636000,-19.19,4.82,0.72
1062588,19,Jogging,130154831636000,-19.19,4.82,0.72
1074903,19,Jogging,130154871522000,-11.45,-1.5,-0.31
1062589,19,Jogging,130154871522000,-11.45,-1.5,-0.31
1074904,19,Jogging,130154911684000,-8.77,-7.78,-1.54
1062590,19,Jogging,130154911684000,-8.77,-7.78,-1.54
1062591,19,Jogging,130154991701000,1.84,-4.79,-2.76
1074905,19,Jogging,130154991701000,1.84,-4.79,-2.76
1062592,19,Jogging,130155031465000,2.53,-3.72,-2.83
1074906,19,Jogging,130155031465000,2.53,-3.72,-2.83
1074907,19,Jogging,130155071657000,1.42,-1.69,-0.89
1062593,19,Jogging,130155071657000,1.42,-1.69,-0.89
1062594,19,Jogging,130155151491000,-5.37,-5.48,0.23
1074908,19,Jogging,130155151491000,-5.37,-5.48,0.23
1062595,19,Jogging,130155191774000,-16.09,-6.02,-3.21
1074909,19,Jogging,130155191774000,-16.09,-6.02,-3.21
1062596,19,Jogging,130155231477000,-19.23,-6.24,-3.41
1074910,19,Jogging,130155231477000,-19.23,-6.24,-3.41
1074911,19,Jogging,130155271699000,-19.23,3.3,-2.79
1062597,19,Jogging,130155271699000,-19.23,3.3,-2.79
1062598,19,Jogging,130155314455000,-18.58,8.47,-5.41
1074912,19,Jogging,130155314455000,-18.58,8.47,-5.41
1074913,19,Jogging,130155391725000,-6.51,15.51,3.6
1062599,19,Jogging,130155391725000,-6.51,15.51,3.6
1074914,19,Jogging,130155431520000,8.69,16.21,2.87
1062600,19,Jogging,130155431520000,8.69,16.21,2.87
1074915,19,Jogging,130155471620000,10.08,8.28,4.4
1062601,19,Jogging,130155471620000,10.08,8.28,4.4
1062602,19,Jogging,130155551637000,-13.59,14.63,-4.18
1074916,19,Jogging,130155551637000,-13.59,14.63,-4.18
1062603,19,Jogging,130155591615000,-19.23,11.75,7.12
1074917,19,Jogging,130155591615000,-19.23,11.75,7.12
1062604,19,Jogging,130155631502000,-13.1,-2.37,3.36
1074918,19,Jogging,130155631502000,-13.1,-2.37,3.36
1062605,19,Jogging,130155671632000,-0.99,-8.39,4.52
1074919,19,Jogging,130155671632000,-0.99,-8.39,4.52
1062606,19,Jogging,130155711519000,-3.06,-7.82,-3.45
1074920,19,Jogging,130155711519000,-3.06,-7.82,-3.45
1074921,19,Jogging,130155791780000,1.27,-4.67,-3.64
1062607,19,Jogging,130155791780000,1.27,-4.67,-3.64
1062608,19,Jogging,130155831483000,0.84,-1.57,-0.38
1074922,19,Jogging,130155831483000,0.84,-1.57,-0.38
1074923,19,Jogging,130155871522000,-1.04,-4.02,6.36
1062609,19,Jogging,130155871522000,-1.04,-4.02,6.36
1074924,19,Jogging,130155911653000,-4.18,-4.29,-6.17
1062610,19,Jogging,130155911653000,-4.18,-4.29,-6.17
1074925,19,Jogging,130155991762000,-19.23,-8.43,-3.3
1062611,19,Jogging,130155991762000,-19.23,-8.43,-3.3
1074926,19,Jogging,130156031648000,-19.19,3.02,-2.68
1062612,19,Jogging,130156031648000,-19.19,3.02,-2.68
1062614,19,Jogging,130156151277000,-1.88,12.03,-0.57
1074928,19,Jogging,130156151277000,-1.88,12.03,-0.57
1074927,19,Jogging,130156151277000,-1.88,12.03,0.38
1062613,19,Jogging,130156151277000,-1.88,12.03,0.38
1074929,19,Jogging,130156191499000,6.17,13.06,-0.57
1062615,19,Jogging,130156191499000,6.17,13.06,-0.57
