,user,label,timestamp,x,y,z
1075430,19,Jogging,130181221559000,-7.16,-7.4,-5.09
1063116,19,Jogging,130181221559000,-7.16,-7.4,-5.09
1063117,19,Jogging,130181301546000,-19.23,-3.02,-1.54
1075431,19,Jogging,130181301546000,-19.23,-3.02,-1.54
1075432,19,Jogging,130181341646000,-19.23,4.25,-3.06
1063118,19,Jogging,130181341646000,-19.23,4.25,-3.06
1063119,19,Jogging,130181381593000,-18.85,10.88,1.18
1075433,19,Jogging,130181381593000,-18.85,10.88,1.18
1075434,19,Jogging,130181421632000,-10.73,13.67,4.82
1063120,19,Jogging,130181421632000,-10.73,13.67,4.82
1063121,19,Jogging,130181461549000,6.36,17.69,0.3
1075435,19,Jogging,130181461549000,6.36,17.69,0.3
1063122,19,Jogging,130181541627000,-2.03,1.08,-1.5
1075436,19,Jogging,130181541627000,-2.03,1.08,-1.5
1075437,19,Jogging,130181581605000,-15.83,11.6,-5.33
1063123,19,Jogging,130181581605000,-15.83,11.6,-5.33
1075438,19,Jogging,130181621522000,-19.23,3.64,3.17
1063124,19,Jogging,130181621522000,-19.23,3.64,3.17
1075439,19,Jogging,130181701479000,-9.51,-3.41,-2.83
1063125,19,Jogging,130181701479000,-9.51,-3.41,-2.83
1075440,19,Jogging,130181741640000,-7.06,-7.5,-3.11
1063126,19,Jogging,130181741640000,-7.06,-7.5,-3.11
1075441,19,Jogging,130181781465000,-0.27,-6.47,-3.53
1063127,19,Jogging,130181781465000,-0.27,-6.47,-3.53
1075442,19,Jogging,130181821504000,2.45,-4.4,-3.26
1063128,19,Jogging,130181821504000,2.45,-4.4,-3.26
1075443,19,Jogging,130181861543000,4.59,-1.12,4.4
1063129,19,Jogging,130181861543000,4.59,-1.12,4.4
1075444,19,Jogging,130181941621000,0.65,-8.16,4.52
1063130,19,Jogging,130181941621000,0.65,-8.16,4.52
1075445,19,Jogging,130181981660000,-3.53,-7.55,-6.05
1063131,19,Jogging,130181981660000,-3.53,-7.55,-6.05
1063132,19,Jogging,130182021974000,-17.92,-11.11,-7.31
1075446,19,Jogging,130182021974000,-17.92,-11.11,-7.31
1063133,19,Jogging,130182061739000,-19.23,-4.44,-1.31
1075447,19,Jogging,130182061739000,-19.23,-4.44,-1.31
1063134,19,Jogging,130182147066000,-17.86,14.9,5.79
1075448,19,Jogging,130182147066000,-17.86,14.9,5.79
1063135,19,Jogging,130182184572000,-11.96,15.83,2.45
1075449,19,Jogging,130182184572000,-11.96,15.83,2.45
1063136,19,Jogging,130182221803000,5.48,18.01,-1.38
1075450,19,Jogging,130182221803000,5.48,18.01,-1.38
1075451,19,Jogging,130182261690000,10.23,9.15,9.49
1063137,19,Jogging,130182261690000,10.23,9.15,9.49
1063138,19,Jogging,130182341646000,-17.12,10.42,0.34
1075452,19,Jogging,130182341646000,-17.12,10.42,0.34
1063139,19,Jogging,130182385225000,-19.23,5.43,0.08
1075453,19,Jogging,130182385225000,-19.23,5.43,0.08
1075454,19,Jogging,130182422273000,-16.82,-0.5,-4.44
1063140,19,Jogging,130182422273000,-16.82,-0.5,-4.44
1075455,19,Jogging,130182501558000,-6.66,-8.2,-3.3
1063141,19,Jogging,130182501558000,-6.66,-8.2,-3.3
1075456,19,Jogging,130182541475000,-0.84,-6.63,-4.29
1063142,19,Jogging,130182541475000,-0.84,-6.63,-4.29
1075457,19,Jogging,130182581605000,1.99,-4.56,-5.24
1063143,19,Jogging,130182581605000,1.99,-4.56,-5.24
1075458,19,Jogging,130182621522000,1.88,-1.84,-2.49
1063144,19,Jogging,130182621522000,1.88,-1.84,-2.49
1075459,19,Jogging,130182661684000,-0.53,-5.24,3.02
1063145,19,Jogging,130182661684000,-0.53,-5.24,3.02
1075460,19,Jogging,130182741518000,-1.99,-3.41,-3.79
1063146,19,Jogging,130182741518000,-1.99,-3.41,-3.79
1075461,19,Jogging,130182791841000,-18.54,-8.96,-7.97
1063147,19,Jogging,130182791841000,-18.54,-8.96,-7.97
1075462,19,Jogging,130182832063000,-19.19,-0.38,-0.93
1063148,19,Jogging,130182832063000,-19.19,-0.38,-0.93
1075463,19,Jogging,130182871645000,-13.21,5.41,-3.15
1063149,19,Jogging,130182871645000,-13.21,5.41,-3.15
1075464,19,Jogging,130182911653000,-13.4,13.38,6.09
1063150,19,Jogging,130182911653000,-13.4,13.38,6.09
1075465,19,Jogging,130182991731000,8.69,18.54,4.75
1063151,19,Jogging,130182991731000,8.69,18.54,4.75
1075466,19,Jogging,130183031648000,1.57,4.29,1.69
1063152,19,Jogging,130183031648000,1.57,4.29,1.69
1075467,19,Jogging,130183071626000,-11.37,3.34,-3.95
1063153,19,Jogging,130183071626000,-11.37,3.34,-3.95
1075468,19,Jogging,130183151643000,-19.23,1.61,-1.38
1063154,19,Jogging,130183151643000,-19.23,1.61,-1.38
1075469,19,Jogging,130183191560000,-13.18,-3.91,-0.84
1063155,19,Jogging,130183191560000,-13.18,-3.91,-0.84
1075470,19,Jogging,130183231569000,-9.53,-7.01,-2.53
1063156,19,Jogging,130183231569000,-9.53,-7.01,-2.53
1063157,19,Jogging,130183271516000,-4.56,-6.82,-3.68
1075471,19,Jogging,130183271516000,-4.56,-6.82,-3.68
1075472,19,Jogging,130183351472000,2.18,-3.76,-4.52
1063158,19,Jogging,130183351472000,2.18,-3.76,-4.52
1063159,19,Jogging,130183391573000,2.87,-2.3,6.17
1075473,19,Jogging,130183391573000,2.87,-2.3,6.17
1063160,19,Jogging,130183431642000,-3.6,-7.46,10.0
1075474,19,Jogging,130183431642000,-3.6,-7.46,10.0
1063161,19,Jogging,130183471468000,3.98,-5.82,-2.45
1075475,19,Jogging,130183471468000,3.98,-5.82,-2.45
1075476,19,Jogging,130183511690000,-5.75,-7.5,-8.08
1063162,19,Jogging,130183511690000,-5.75,-7.5,-8.08
1075477,19,Jogging,130183591615000,-19.15,-0.84,-4.21
1063163,19,Jogging,130183591615000,-19.15,-0.84,-4.21
1075478,19,Jogging,130183632356000,-18.66,6.93,-2.41
1063164,19,Jogging,130183632356000,-18.66,6.93,-2.41
1063165,19,Jogging,130183671663000,-18.96,17.05,5.79
1075479,19,Jogging,130183671663000,-18.96,17.05,5.79
1075480,19,Jogging,130183751497000,11.6,19.57,4.44
1063166,19,Jogging,130183751497000,11.6,19.57,4.44
1075481,19,Jogging,130183791780000,3.45,4.48,4.94
1063167,19,Jogging,130183791780000,3.45,4.48,4.94
1075482,19,Jogging,130183831514000,-10.8,4.02,-6.59
1063168,19,Jogging,130183831514000,-10.8,4.02,-6.59
1075483,19,Jogging,130183874269000,-19.23,10.5,2.18
1063169,19,Jogging,130183874269000,-19.23,10.5,2.18
1075484,19,Jogging,130183911653000,-19.23,-0.3,-2.53
1063170,19,Jogging,130183911653000,-19.23,-0.3,-2.53
1063171,19,Jogging,130183991731000,-10.84,-9.7,-1.61
1075485,19,Jogging,130183991731000,-10.84,-9.7,-1.61
1063172,19,Jogging,130184031496000,-3.64,-8.05,-3.91
1075486,19,Jogging,130184031496000,-3.64,-8.05,-3.91
1063173,19,Jogging,130184071504000,0.5,-5.48,-3.83
1075487,19,Jogging,130184071504000,0.5,-5.48,-3.83
1075488,19,Jogging,130184151491000,4.86,-0.99,1.18
1063174,19,Jogging,130184151491000,4.86,-0.99,1.18
1063175,19,Jogging,130184191713000,2.79,-5.94,5.24
1075489,19,Jogging,130184191713000,2.79,-5.94,5.24
1075490,19,Jogging,130184231569000,0.08,-4.21,0.0
1063176,19,Jogging,130184231569000,0.08,-4.21,0.0
1075491,19,Jogging,130184271761000,-5.13,-6.32,-7.46
1063177,19,Jogging,130184271761000,-5.13,-6.32,-7.46
1063178,19,Jogging,130184351595000,-19.11,-0.57,-2.6
1075492,19,Jogging,130184351595000,-19.11,-0.57,-2.6
1063179,19,Jogging,130184391756000,-17.2,8.12,-4.4
1075493,19,Jogging,130184391756000,-17.2,8.12,-4.4
1063180,19,Jogging,130184431398000,-17.97,17.97,5.6
1075494,19,Jogging,130184431398000,-17.97,17.97,5.6
1063181,19,Jogging,130184472169000,-1.38,19.53,-1.27
1075495,19,Jogging,130184472169000,-1.38,19.53,-1.27
1063183,19,Jogging,130184551637000,1.27,3.79,2.03
1063182,19,Jogging,130184551637000,1.27,3.79,2.03
1075496,19,Jogging,130184551637000,1.27,3.79,2.03
1075497,19,Jogging,130184551637000,1.27,3.79,2.03
1063184,19,Jogging,130184632814000,-19.23,10.57,1.57
1075498,19,Jogging,130184632814000,-19.23,10.57,1.57
1063185,19,Jogging,130184671663000,-19.23,-2.49,-2.22
1075499,19,Jogging,130184671663000,-19.23,-2.49,-2.22
1063186,19,Jogging,130184751466000,-6.97,-8.73,-0.31
1075500,19,Jogging,130184751466000,-6.97,-8.73,-0.31
1063187,19,Jogging,130184791597000,-4.94,-7.35,-2.96
1075501,19,Jogging,130184791597000,-4.94,-7.35,-2.96
1075502,19,Jogging,130184831514000,0.95,-4.56,-3.15
1063188,19,Jogging,130184831514000,0.95,-4.56,-3.15
1063190,19,Jogging,130184951418000,3.49,-2.79,2.98
1063189,19,Jogging,130184951418000,3.49,-2.79,2.98
1075503,19,Jogging,130184951418000,3.49,-2.79,2.98
1075504,19,Jogging,130184951418000,3.49,-2.79,2.98
1063191,19,Jogging,130184991487000,-1.14,-5.13,1.23
1075505,19,Jogging,130184991487000,-1.14,-5.13,1.23
1063192,19,Jogging,130185031618000,-7.63,-6.55,-5.09
1075506,19,Jogging,130185031618000,-7.63,-6.55,-5.09
1063193,19,Jogging,130185071504000,-19.23,-9.92,-7.4
1075507,19,Jogging,130185071504000,-19.23,-9.92,-7.4
1075508,19,Jogging,130185151674000,-15.13,6.21,-4.14
1063194,19,Jogging,130185151674000,-15.13,6.21,-4.14
1075509,19,Jogging,130185191713000,-16.59,15.89,5.67
1063195,19,Jogging,130185191713000,-16.59,15.89,5.67
1063196,19,Jogging,130185231569000,-6.82,14.37,-1.54
1075510,19,Jogging,130185231569000,-6.82,14.37,-1.54
1063197,19,Jogging,130185271425000,7.55,17.39,-1.08
1075511,19,Jogging,130185271425000,7.55,17.39,-1.08
1063198,19,Jogging,130185351503000,-2.76,1.76,-2.53
1075512,19,Jogging,130185351503000,-2.76,1.76,-2.53
1063199,19,Jogging,130185391756000,-17.62,12.45,1.12
1075513,19,Jogging,130185391756000,-17.62,12.45,1.12
1063200,19,Jogging,130185432222000,-19.23,0.76,-2.96
1075514,19,Jogging,130185432222000,-19.23,0.76,-2.96
1063201,19,Jogging,130185471498000,-15.7,-3.53,-0.99
1075515,19,Jogging,130185471498000,-15.7,-3.53,-0.99
1075516,19,Jogging,130185516481000,-6.59,-7.08,-2.68
1063202,19,Jogging,130185516481000,-6.59,-7.08,-2.68
1075517,19,Jogging,130185591737000,-1.12,-5.56,-4.02
1063203,19,Jogging,130185591737000,-1.12,-5.56,-4.02
1075518,19,Jogging,130185631624000,1.5,-4.59,-5.09
1063204,19,Jogging,130185631624000,1.5,-4.59,-5.09
1075519,19,Jogging,130185671449000,0.99,-2.22,-2.98
1063205,19,Jogging,130185671449000,0.99,-2.22,-2.98
1063206,19,Jogging,130185751588000,-0.5,-5.33,4.44
1075520,19,Jogging,130185751588000,-0.5,-5.33,4.44
1063207,19,Jogging,130185793123000,-1.61,-4.02,-1.92
1075521,19,Jogging,130185793123000,-1.61,-4.02,-1.92
1075522,19,Jogging,130185831422000,-14.1,-8.12,-8.05
1063208,19,Jogging,130185831422000,-14.1,-8.12,-8.05
1075523,19,Jogging,130185871736000,-19.23,-9.04,0.38
1063209,19,Jogging,130185871736000,-19.23,-9.04,0.38
1075524,19,Jogging,130185911897000,-18.81,1.65,-7.5
1063210,19,Jogging,130185911897000,-18.81,1.65,-7.5
1075525,19,Jogging,130185991701000,-14.29,18.58,5.41
1063211,19,Jogging,130185991701000,-14.29,18.58,5.41
1063212,19,Jogging,130186031465000,-0.11,19.04,-1.33
1075526,19,Jogging,130186031465000,-0.11,19.04,-1.33
1063213,19,Jogging,130186071657000,11.41,14.67,8.43
1075527,19,Jogging,130186071657000,11.41,14.67,8.43
1063214,19,Jogging,130186152467000,-11.65,7.86,-7.59
1075528,19,Jogging,130186152467000,-11.65,7.86,-7.59
1075529,19,Jogging,130186191591000,-19.23,11.3,5.01
1063215,19,Jogging,130186191591000,-19.23,11.3,5.01
