,user,label,timestamp,x,y,z
1075830,19,Jogging,130201231477000,-19.23,1.46,-3.15
1063516,19,Jogging,130201231477000,-19.23,1.46,-3.15
1075831,19,Jogging,130201271638000,-19.23,7.63,-4.75
1063517,19,Jogging,130201271638000,-19.23,7.63,-4.75
1063518,19,Jogging,130201351625000,-7.31,16.74,4.06
1075832,19,Jogging,130201351625000,-7.31,16.74,4.06
1063519,19,Jogging,130201391756000,12.56,18.62,4.14
1075833,19,Jogging,130201391756000,12.56,18.62,4.14
1063520,19,Jogging,130201431520000,8.43,2.37,7.93
1075834,19,Jogging,130201431520000,8.43,2.37,7.93
1075835,19,Jogging,130201472658000,-3.99,1.57,-5.56
1063521,19,Jogging,130201472658000,-3.99,1.57,-5.56
1075836,19,Jogging,130201512239000,-18.47,15.94,1.18
1063522,19,Jogging,130201512239000,-18.47,15.94,1.18
1075837,19,Jogging,130201591707000,-13.18,0.0,-1.04
1063523,19,Jogging,130201591707000,-13.18,0.0,-1.04
1063524,19,Jogging,130201631471000,-5.94,-4.25,-1.08
1075838,19,Jogging,130201631471000,-5.94,-4.25,-1.08
1063525,19,Jogging,130201671632000,-3.45,-5.75,-2.45
1075839,19,Jogging,130201671632000,-3.45,-5.75,-2.45
1075840,19,Jogging,130201751680000,2.34,-3.6,-2.91
1063526,19,Jogging,130201751680000,2.34,-3.6,-2.91
1075841,19,Jogging,130201791505000,0.46,-2.03,-1.18
1063527,19,Jogging,130201791505000,0.46,-2.03,-1.18
1063528,19,Jogging,130201831422000,-2.3,-6.17,1.73
1075842,19,Jogging,130201831422000,-2.3,-6.17,1.73
1063529,19,Jogging,130201871553000,-7.78,-6.02,-0.57
1075843,19,Jogging,130201871553000,-7.78,-6.02,-0.57
1063530,19,Jogging,130201911653000,-15.24,-5.13,-4.02
1075844,19,Jogging,130201911653000,-15.24,-5.13,-4.02
1063531,19,Jogging,130201991701000,-19.23,2.64,-2.98
1075845,19,Jogging,130201991701000,-19.23,2.64,-2.98
1063532,19,Jogging,130202031618000,-16.89,7.27,-3.99
1075846,19,Jogging,130202031618000,-16.89,7.27,-3.99
1063533,19,Jogging,130202071657000,-11.73,15.02,0.72
1075847,19,Jogging,130202071657000,-11.73,15.02,0.72
1063534,19,Jogging,130202151552000,9.23,16.97,6.21
1075848,19,Jogging,130202151552000,9.23,16.97,6.21
1063535,19,Jogging,130202191713000,2.91,2.91,2.3
1075849,19,Jogging,130202191713000,2.91,2.91,2.3
1075850,19,Jogging,130202241548000,-13.87,13.14,-6.21
1063536,19,Jogging,130202241548000,-13.87,13.14,-6.21
1075851,19,Jogging,130202281496000,-19.23,6.93,4.71
1063537,19,Jogging,130202281496000,-19.23,6.93,4.71
1063538,19,Jogging,130202321504000,-16.47,-1.88,-2.11
1075852,19,Jogging,130202321504000,-16.47,-1.88,-2.11
1075853,19,Jogging,130202401491000,-3.34,-8.35,-4.56
1063539,19,Jogging,130202401491000,-3.34,-8.35,-4.56
1063540,19,Jogging,130202441591000,-0.89,-8.35,-5.94
1075854,19,Jogging,130202441591000,-0.89,-8.35,-5.94
1075855,19,Jogging,130202481599000,0.89,-7.93,-5.98
1063541,19,Jogging,130202481599000,0.89,-7.93,-5.98
1075856,19,Jogging,130202521486000,2.41,-3.87,-2.26
1063542,19,Jogging,130202521486000,2.41,-3.87,-2.26
1075857,19,Jogging,130202601503000,-1.92,-3.15,4.06
1063543,19,Jogging,130202601503000,-1.92,-3.15,4.06
1075858,19,Jogging,130202641634000,-5.79,-1.99,-1.84
1063544,19,Jogging,130202641634000,-5.79,-1.99,-1.84
1063545,19,Jogging,130202681490000,-18.24,-9.58,-3.79
1075859,19,Jogging,130202681490000,-18.24,-9.58,-3.79
1063546,19,Jogging,130202721620000,-19.23,-2.91,1.23
1075860,19,Jogging,130202721620000,-19.23,-2.91,1.23
1063547,19,Jogging,130202801668000,-12.15,11.88,-3.21
1075861,19,Jogging,130202801668000,-12.15,11.88,-3.21
1075862,19,Jogging,130202841646000,-8.89,18.31,1.08
1063548,19,Jogging,130202841646000,-8.89,18.31,1.08
1075863,19,Jogging,130202881441000,5.37,19.38,4.44
1063549,19,Jogging,130202881441000,5.37,19.38,4.44
1075864,19,Jogging,130202921602000,7.93,5.37,6.89
1063550,19,Jogging,130202921602000,7.93,5.37,6.89
1063551,19,Jogging,130203001894000,-14.25,15.02,-5.71
1075865,19,Jogging,130203001894000,-14.25,15.02,-5.71
1075866,19,Jogging,130203041505000,-19.23,10.0,5.41
1063552,19,Jogging,130203041505000,-19.23,10.0,5.41
1063553,19,Jogging,130203081483000,-12.83,0.72,0.72
1075867,19,Jogging,130203081483000,-12.83,0.72,0.72
1075868,19,Jogging,130203121522000,-3.99,-2.96,-3.45
1063554,19,Jogging,130203121522000,-3.99,-2.96,-3.45
1063555,19,Jogging,130203161501000,-5.22,-7.25,-2.96
1075869,19,Jogging,130203161501000,-5.22,-7.25,-2.96
1075870,19,Jogging,130203241457000,1.53,-4.75,-3.15
1063556,19,Jogging,130203241457000,1.53,-4.75,-3.15
1075871,19,Jogging,130203281587000,0.95,-3.41,-2.18
1063557,19,Jogging,130203281587000,0.95,-3.41,-2.18
1075872,19,Jogging,130203321535000,0.3,-5.43,0.61
1063558,19,Jogging,130203321535000,0.3,-5.43,0.61
1075873,19,Jogging,130203401582000,-14.29,-5.09,-3.26
1063559,19,Jogging,130203401582000,-14.29,-5.09,-3.26
1075874,19,Jogging,130203441621000,-19.23,-6.82,-2.22
1063560,19,Jogging,130203441621000,-19.23,-6.82,-2.22
1075875,19,Jogging,130203481508000,-19.23,2.15,-4.18
1063561,19,Jogging,130203481508000,-19.23,2.15,-4.18
1075876,19,Jogging,130203521516000,-14.25,6.24,-2.83
1063562,19,Jogging,130203521516000,-14.25,6.24,-2.83
1063563,19,Jogging,130203567567000,-9.7,16.66,3.45
1075877,19,Jogging,130203567567000,-9.7,16.66,3.45
1063564,19,Jogging,130203651674000,11.8,14.67,5.75
1075878,19,Jogging,130203651674000,11.8,14.67,5.75
1075879,19,Jogging,130203691774000,3.49,2.18,0.89
1063565,19,Jogging,130203691774000,3.49,2.18,0.89
1075880,19,Jogging,130203731508000,-8.08,7.89,-8.05
1063566,19,Jogging,130203731508000,-8.08,7.89,-8.05
1075881,19,Jogging,130203771547000,-19.23,14.98,5.05
1063567,19,Jogging,130203771547000,-19.23,14.98,5.05
1075882,19,Jogging,130203851564000,-8.69,-3.26,1.95
1063568,19,Jogging,130203851564000,-8.69,-3.26,1.95
1075883,19,Jogging,130203891634000,-6.21,-8.31,1.38
1063569,19,Jogging,130203891634000,-6.21,-8.31,1.38
1063570,19,Jogging,130203931673000,-2.72,-5.94,-2.87
1075884,19,Jogging,130203931673000,-2.72,-5.94,-2.87
1075885,19,Jogging,130203971498000,1.61,-4.56,-4.1
1063571,19,Jogging,130203971498000,1.61,-4.56,-4.1
1075886,19,Jogging,130204011629000,0.23,-1.08,-0.61
1063572,19,Jogging,130204011629000,0.23,-1.08,-0.61
1063573,19,Jogging,130204091798000,-0.8,-2.3,-0.46
1075887,19,Jogging,130204091798000,-0.8,-2.3,-0.46
1063574,19,Jogging,130204131532000,-7.46,-7.08,0.08
1075888,19,Jogging,130204131532000,-7.46,-7.08,0.08
1075889,19,Jogging,130204171663000,-17.92,-7.63,-1.84
1063575,19,Jogging,130204171663000,-17.92,-7.63,-1.84
1075890,19,Jogging,130204211671000,-19.23,-3.68,-4.52
1063576,19,Jogging,130204211671000,-19.23,-3.68,-4.52
1075891,19,Jogging,130204291780000,-16.47,12.45,-2.07
1063577,19,Jogging,130204291780000,-16.47,12.45,-2.07
1075892,19,Jogging,130204332704000,-10.84,18.12,5.63
1063578,19,Jogging,130204332704000,-10.84,18.12,5.63
1075893,19,Jogging,130204371522000,-0.34,11.14,-2.41
1063579,19,Jogging,130204371522000,-0.34,11.14,-2.41
1063580,19,Jogging,130204411806000,6.89,13.59,-0.65
1075894,19,Jogging,130204411806000,6.89,13.59,-0.65
1075895,19,Jogging,130204493623000,-0.72,4.37,-4.9
1063581,19,Jogging,130204493623000,-0.72,4.37,-4.9
1075896,19,Jogging,130204542207000,-18.92,17.27,5.9
1063582,19,Jogging,130204542207000,-18.92,17.27,5.9
1063583,19,Jogging,130204591798000,-17.12,0.95,4.25
1075897,19,Jogging,130204591798000,-17.12,0.95,4.25
1063584,19,Jogging,130204631502000,-5.79,-4.33,3.3
1075898,19,Jogging,130204631502000,-5.79,-4.33,3.3
1075899,19,Jogging,130204671541000,-6.44,-7.46,-0.65
1063585,19,Jogging,130204671541000,-6.44,-7.46,-0.65
1075900,19,Jogging,130204711580000,-0.46,-6.78,-2.41
1063586,19,Jogging,130204711580000,-0.46,-6.78,-2.41
1075901,19,Jogging,130204791841000,1.53,-2.87,-1.46
1063587,19,Jogging,130204791841000,1.53,-2.87,-1.46
1075902,19,Jogging,130204831667000,1.69,-3.87,-0.76
1063588,19,Jogging,130204831667000,1.69,-3.87,-0.76
1075903,19,Jogging,130204871553000,-3.17,-5.43,0.8
1063589,19,Jogging,130204871553000,-3.17,-5.43,0.8
1075904,19,Jogging,130204911684000,-12.6,-4.71,-1.04
1063590,19,Jogging,130204911684000,-12.6,-4.71,-1.04
1075905,19,Jogging,130205002016000,-19.23,5.24,-3.06
1063591,19,Jogging,130205002016000,-19.23,5.24,-3.06
1063592,19,Jogging,130205041658000,-17.08,9.58,-4.52
1075906,19,Jogging,130205041658000,-17.08,9.58,-4.52
1063593,19,Jogging,130205081514000,-11.99,18.77,-1.54
1075907,19,Jogging,130205081514000,-11.99,18.77,-1.54
1063594,19,Jogging,130205121645000,-2.72,19.65,2.87
1075908,19,Jogging,130205121645000,-2.72,19.65,2.87
1075909,19,Jogging,130205201662000,4.79,2.98,1.04
1063595,19,Jogging,130205201662000,4.79,2.98,1.04
1063596,19,Jogging,130205241762000,-7.27,4.4,-8.28
1075910,19,Jogging,130205241762000,-7.27,4.4,-8.28
1063597,19,Jogging,130205281618000,-19.23,16.97,3.95
1075911,19,Jogging,130205281618000,-19.23,16.97,3.95
1063598,19,Jogging,130205331636000,-18.77,-0.91,0.3
1075912,19,Jogging,130205331636000,-18.77,-0.91,0.3
1063599,19,Jogging,130205371675000,-10.15,-2.68,-3.72
1075913,19,Jogging,130205371675000,-10.15,-2.68,-3.72
1063600,19,Jogging,130205411684000,-7.93,-8.73,-3.6
1075914,19,Jogging,130205411684000,-7.93,-8.73,-3.6
1063601,19,Jogging,130205491640000,1.42,-6.4,-2.18
1075915,19,Jogging,130205491640000,1.42,-6.4,-2.18
1063602,19,Jogging,130205536287000,2.07,-3.95,-0.53
1075916,19,Jogging,130205536287000,2.07,-3.95,-0.53
1063603,19,Jogging,130205573427000,1.8,-4.29,3.45
1075917,19,Jogging,130205573427000,1.8,-4.29,3.45
1075918,19,Jogging,130205651704000,-3.95,-2.22,-1.99
1063604,19,Jogging,130205651704000,-3.95,-2.22,-1.99
1063605,19,Jogging,130205691774000,-14.18,-8.73,-2.49
1075919,19,Jogging,130205691774000,-14.18,-8.73,-2.49
1075920,19,Jogging,130205731630000,-19.23,-10.95,0.46
1063606,19,Jogging,130205731630000,-19.23,-10.95,0.46
1063607,19,Jogging,130205771516000,-19.23,1.18,-3.38
1075921,19,Jogging,130205771516000,-19.23,1.18,-3.38
1075922,19,Jogging,130205811708000,-17.67,8.81,-3.57
1063608,19,Jogging,130205811708000,-17.67,8.81,-3.57
1075923,19,Jogging,130205891664000,-6.17,16.47,-2.56
1063609,19,Jogging,130205891664000,-6.17,16.47,-2.56
1075924,19,Jogging,130205933137000,10.72,17.47,1.65
1063610,19,Jogging,130205933137000,10.72,17.47,1.65
1063611,19,Jogging,130205971651000,5.33,2.18,5.2
1075925,19,Jogging,130205971651000,5.33,2.18,5.2
1063612,19,Jogging,130206051546000,-19.19,18.58,3.49
1075926,19,Jogging,130206051546000,-19.19,18.58,3.49
1063613,19,Jogging,130206091646000,-19.19,4.67,-1.04
1075927,19,Jogging,130206091646000,-19.19,4.67,-1.04
1075928,19,Jogging,130206131532000,-12.07,-1.46,-5.48
1063614,19,Jogging,130206131532000,-12.07,-1.46,-5.48
1075929,19,Jogging,130206171510000,-9.34,-6.74,-4.4
1063615,19,Jogging,130206171510000,-9.34,-6.74,-4.4
