,user,label,timestamp,x,y,z
1076030,19,Jogging,130211221620000,1.31,-4.18,-3.11
1063716,19,Jogging,130211221620000,1.31,-4.18,-3.11
1076031,19,Jogging,130211301759000,1.42,-3.64,4.59
1063717,19,Jogging,130211301759000,1.42,-3.64,4.59
1076032,19,Jogging,130211341646000,-1.99,-1.99,0.53
1063718,19,Jogging,130211341646000,-1.99,-1.99,0.53
1076033,19,Jogging,130211381532000,-10.61,-4.99,-3.83
1063719,19,Jogging,130211381532000,-10.61,-4.99,-3.83
1076034,19,Jogging,130211421663000,-19.23,-17.35,0.61
1063720,19,Jogging,130211421663000,-19.23,-17.35,0.61
1076035,19,Jogging,130211464143000,-19.23,-4.52,-7.01
1063721,19,Jogging,130211464143000,-19.23,-4.52,-7.01
1063722,19,Jogging,130211541627000,-19.04,14.56,-1.8
1076036,19,Jogging,130211541627000,-19.04,14.56,-1.8
1063723,19,Jogging,130211582735000,-13.59,16.82,3.95
1076037,19,Jogging,130211582735000,-13.59,16.82,3.95
1063724,19,Jogging,130211622560000,-0.76,18.81,-2.83
1076038,19,Jogging,130211622560000,-0.76,18.81,-2.83
1063725,19,Jogging,130211662660000,11.56,14.18,8.16
1076039,19,Jogging,130211662660000,11.56,14.18,8.16
1063726,19,Jogging,130211741640000,-4.06,3.02,-4.33
1076040,19,Jogging,130211741640000,-4.06,3.02,-4.33
1063727,19,Jogging,130211781587000,-18.66,16.04,-0.69
1076041,19,Jogging,130211781587000,-18.66,16.04,-0.69
1076042,19,Jogging,130211821626000,-19.23,7.63,-2.87
1063728,19,Jogging,130211821626000,-19.23,7.63,-2.87
1076043,19,Jogging,130211901735000,-13.91,-8.27,-3.68
1063729,19,Jogging,130211901735000,-13.91,-8.27,-3.68
1063730,19,Jogging,130211941499000,-5.41,-10.95,-1.27
1076044,19,Jogging,130211941499000,-5.41,-10.95,-1.27
1076045,19,Jogging,130211981477000,-0.61,-6.63,-2.68
1063731,19,Jogging,130211981477000,-0.61,-6.63,-2.68
1063732,19,Jogging,130212021669000,2.26,-7.12,-5.63
1076046,19,Jogging,130212021669000,2.26,-7.12,-5.63
1076047,19,Jogging,130212061708000,1.18,-1.31,0.42
1063733,19,Jogging,130212061708000,1.18,-1.31,0.42
1063734,19,Jogging,130212141603000,4.21,-0.84,2.75
1076048,19,Jogging,130212141603000,4.21,-0.84,2.75
1063735,19,Jogging,130212181673000,-2.22,-4.21,2.68
1076049,19,Jogging,130212181673000,-2.22,-4.21,2.68
1076050,19,Jogging,130212221620000,-8.73,-4.82,-2.91
1063736,19,Jogging,130212221620000,-8.73,-4.82,-2.91
1076051,19,Jogging,130212301668000,-19.23,-6.93,-3.49
1063737,19,Jogging,130212301668000,-19.23,-6.93,-3.49
1076052,19,Jogging,130212351625000,-19.23,4.56,-10.76
1063738,19,Jogging,130212351625000,-19.23,4.56,-10.76
1063739,19,Jogging,130212391542000,-18.43,15.02,-4.37
1076053,19,Jogging,130212391542000,-18.43,15.02,-4.37
1063740,19,Jogging,130212431642000,-12.18,16.74,5.86
1076054,19,Jogging,130212431642000,-12.18,16.74,5.86
1063741,19,Jogging,130212471498000,-0.89,18.54,-1.95
1076055,19,Jogging,130212471498000,-0.89,18.54,-1.95
1076056,19,Jogging,130212551698000,4.06,4.52,2.45
1063742,19,Jogging,130212551698000,4.06,4.52,2.45
1063743,19,Jogging,130212593294000,-3.91,3.91,-6.47
1076057,19,Jogging,130212593294000,-3.91,3.91,-6.47
1063744,19,Jogging,130212631502000,-18.47,16.78,-0.04
1076058,19,Jogging,130212631502000,-18.47,16.78,-0.04
1063745,19,Jogging,130212671663000,-19.23,3.3,-0.46
1076059,19,Jogging,130212671663000,-19.23,3.3,-0.46
1076060,19,Jogging,130212751527000,-8.24,-4.79,-1.92
1063746,19,Jogging,130212751527000,-8.24,-4.79,-1.92
1063747,19,Jogging,130212791536000,-7.35,-9.89,-2.15
1076061,19,Jogging,130212791536000,-7.35,-9.89,-2.15
1063748,19,Jogging,130212831483000,-2.03,-5.98,-1.84
1076062,19,Jogging,130212831483000,-2.03,-5.98,-1.84
1076063,19,Jogging,130212871675000,1.95,-4.99,-2.98
1063749,19,Jogging,130212871675000,1.95,-4.99,-2.98
1076064,19,Jogging,130212911592000,1.5,-1.08,0.38
1063750,19,Jogging,130212911592000,1.5,-1.08,0.38
1076065,19,Jogging,130212991518000,0.99,-3.98,4.25
1063751,19,Jogging,130212991518000,0.99,-3.98,4.25
1063752,19,Jogging,130213031648000,-4.75,-4.56,-0.11
1076066,19,Jogging,130213031648000,-4.75,-4.56,-0.11
1063753,19,Jogging,130213071535000,-14.44,-8.43,-6.28
1076067,19,Jogging,130213071535000,-14.44,-8.43,-6.28
1063754,19,Jogging,130213151643000,-19.23,2.15,-3.21
1076068,19,Jogging,130213151643000,-19.23,2.15,-3.21
1076069,19,Jogging,130213191591000,-19.23,7.25,-7.06
1063755,19,Jogging,130213191591000,-19.23,7.25,-7.06
1063756,19,Jogging,130213231630000,-16.21,11.92,-2.76
1076070,19,Jogging,130213231630000,-16.21,11.92,-2.76
1063757,19,Jogging,130213271516000,-9.04,14.18,5.28
1076071,19,Jogging,130213271516000,-9.04,14.18,5.28
1076072,19,Jogging,130213311616000,1.8,17.27,-4.6
1063758,19,Jogging,130213311616000,1.8,17.27,-4.6
1063759,19,Jogging,130213353578000,11.5,15.4,5.05
1076073,19,Jogging,130213353578000,11.5,15.4,5.05
1063760,19,Jogging,130213451692000,-18.24,14.86,-2.76
1076074,19,Jogging,130213451692000,-18.24,14.86,-2.76
1076075,19,Jogging,130213491609000,-19.23,7.35,-1.57
1063761,19,Jogging,130213491609000,-19.23,7.35,-1.57
1063762,19,Jogging,130213531465000,-18.62,-2.53,-0.11
1076076,19,Jogging,130213531465000,-18.62,-2.53,-0.11
1076077,19,Jogging,130213571535000,-12.45,-4.75,-4.6
1063763,19,Jogging,130213571535000,-12.45,-4.75,-4.6
1063764,19,Jogging,130213651552000,1.33,-5.98,-4.86
1076078,19,Jogging,130213651552000,1.33,-5.98,-4.86
1076079,19,Jogging,130213731386000,1.33,-5.98,-0.61
1063765,19,Jogging,130213731386000,1.33,-5.98,-0.61
1063767,19,Jogging,130213771516000,2.98,-2.34,-0.61
1063766,19,Jogging,130213771516000,2.98,-2.34,-0.61
1076081,19,Jogging,130213771516000,2.98,-2.34,-0.61
1076080,19,Jogging,130213771516000,2.98,-2.34,-0.61
1076082,19,Jogging,130213851625000,-1.84,-1.57,1.38
1063768,19,Jogging,130213851625000,-1.84,-1.57,1.38
1063769,19,Jogging,130213891481000,-7.82,-3.41,-4.86
1076083,19,Jogging,130213891481000,-7.82,-3.41,-4.86
1076084,19,Jogging,130213931673000,-19.23,-13.76,-1.31
1063770,19,Jogging,130213931673000,-19.23,-13.76,-1.31
1063771,19,Jogging,130213971498000,-19.23,-3.68,-3.45
1076085,19,Jogging,130213971498000,-19.23,-3.68,-3.45
1063772,19,Jogging,130214011476000,-18.35,4.1,-7.74
1076086,19,Jogging,130214011476000,-18.35,4.1,-7.74
1076087,19,Jogging,130214091646000,-11.99,17.47,4.29
1063773,19,Jogging,130214091646000,-11.99,17.47,4.29
1076088,19,Jogging,130214131502000,2.87,18.24,1.57
1063774,19,Jogging,130214131502000,2.87,18.24,1.57
1063775,19,Jogging,130214171632000,10.11,12.79,5.13
1076089,19,Jogging,130214171632000,10.11,12.79,5.13
1076090,19,Jogging,130214211519000,1.76,1.46,-0.65
1063776,19,Jogging,130214211519000,1.76,1.46,-0.65
1063777,19,Jogging,130214291475000,-19.23,16.04,6.36
1076091,19,Jogging,130214291475000,-19.23,16.04,6.36
1063778,19,Jogging,130214331636000,-19.11,-2.3,3.06
1076092,19,Jogging,130214331636000,-19.11,-2.3,3.06
1063779,19,Jogging,130214372865000,-9.96,-2.11,0.11
1076093,19,Jogging,130214372865000,-9.96,-2.11,0.11
1063780,19,Jogging,130214451509000,-2.79,-5.56,-2.11
1076094,19,Jogging,130214451509000,-2.79,-5.56,-2.11
1076095,19,Jogging,130214491457000,1.5,-3.72,-2.34
1063781,19,Jogging,130214491457000,1.5,-3.72,-2.34
1076096,19,Jogging,130214531618000,2.64,-4.25,-4.29
1063782,19,Jogging,130214531618000,2.64,-4.25,-4.29
1063783,19,Jogging,130214571626000,0.89,-1.65,-1.69
1076097,19,Jogging,130214571626000,0.89,-1.65,-1.69
1063784,19,Jogging,130214651521000,-5.86,-8.2,0.19
1076098,19,Jogging,130214651521000,-5.86,-8.2,0.19
1076099,19,Jogging,130214691591000,-14.18,-7.25,-1.08
1063785,19,Jogging,130214691591000,-14.18,-7.25,-1.08
1076100,19,Jogging,130214731599000,-19.23,-7.93,-4.67
1063786,19,Jogging,130214731599000,-19.23,-7.93,-4.67
1063787,19,Jogging,130214771486000,-19.23,2.91,-2.87
1076101,19,Jogging,130214771486000,-19.23,2.91,-2.87
1076102,19,Jogging,130214851656000,-13.72,14.48,-3.21
1063788,19,Jogging,130214851656000,-13.72,14.48,-3.21
1063789,19,Jogging,130214891603000,-6.36,18.05,3.64
1076103,19,Jogging,130214891603000,-6.36,18.05,3.64
1076104,19,Jogging,130214931520000,5.6,14.63,-0.11
1063790,19,Jogging,130214931520000,5.6,14.63,-0.11
1063791,19,Jogging,130214971651000,9.81,12.22,3.17
1076105,19,Jogging,130214971651000,9.81,12.22,3.17
1063792,19,Jogging,130215052370000,-11.54,7.5,-7.12
1076106,19,Jogging,130215052370000,-11.54,7.5,-7.12
1063793,19,Jogging,130215094484000,-19.23,13.02,4.21
1076107,19,Jogging,130215094484000,-19.23,13.02,4.21
1063794,19,Jogging,130215131593000,-18.85,-0.8,0.69
1076108,19,Jogging,130215131593000,-18.85,-0.8,0.69
1063795,19,Jogging,130215171510000,-8.2,-3.41,2.26
1076109,19,Jogging,130215171510000,-8.2,-3.41,2.26
1063796,19,Jogging,130215251527000,-3.99,-7.08,-3.06
1076110,19,Jogging,130215251527000,-3.99,-7.08,-3.06
1076111,19,Jogging,130215291597000,0.5,-4.75,-2.3
1063797,19,Jogging,130215291597000,0.5,-4.75,-2.3
1063798,19,Jogging,130215331483000,1.99,-5.43,-3.41
1076112,19,Jogging,130215331483000,1.99,-5.43,-3.41
1063799,19,Jogging,130215371492000,2.45,-2.3,-1.42
1076113,19,Jogging,130215371492000,2.45,-2.3,-1.42
1063800,19,Jogging,130215451631000,-1.57,-2.26,1.46
1076114,19,Jogging,130215451631000,-1.57,-2.26,1.46
1063801,19,Jogging,130215491518000,-5.86,-2.03,-0.89
1076115,19,Jogging,130215491518000,-5.86,-2.03,-0.89
1063802,19,Jogging,130215531587000,-18.47,-12.56,-1.92
1076116,19,Jogging,130215531587000,-18.47,-12.56,-1.92
1063803,19,Jogging,130215572023000,-19.23,-3.57,-1.18
1076117,19,Jogging,130215572023000,-19.23,-3.57,-1.18
1063804,19,Jogging,130215611604000,-19.19,2.49,-5.24
1076118,19,Jogging,130215611604000,-19.19,2.49,-5.24
1063805,19,Jogging,130215691713000,-13.02,18.81,5.75
1076119,19,Jogging,130215691713000,-13.02,18.81,5.75
1076120,19,Jogging,130215731508000,0.23,17.05,-3.3
1063806,19,Jogging,130215731508000,0.23,17.05,-3.3
1076121,19,Jogging,130215771638000,11.11,15.43,7.31
1063807,19,Jogging,130215771638000,11.11,15.43,7.31
1063808,19,Jogging,130215851503000,-8.31,7.63,-8.5
1076122,19,Jogging,130215851503000,-8.31,7.63,-8.5
1076123,19,Jogging,130215891695000,-19.23,16.25,5.09
1063809,19,Jogging,130215891695000,-19.23,16.25,5.09
1063810,19,Jogging,130215931642000,-19.23,0.89,-1.42
1076124,19,Jogging,130215931642000,-19.23,0.89,-1.42
1076125,19,Jogging,130215971651000,-12.41,-2.14,-2.45
1063811,19,Jogging,130215971651000,-12.41,-2.14,-2.45
1063812,19,Jogging,130216051485000,-6.63,-9.81,-4.63
1076126,19,Jogging,130216051485000,-6.63,-9.81,-4.63
1076127,19,Jogging,130216091615000,-1.92,-8.31,-5.75
1063813,19,Jogging,130216091615000,-1.92,-8.31,-5.75
1076128,19,Jogging,130216131624000,0.76,-7.65,-7.16
1063814,19,Jogging,130216131624000,0.76,-7.65,-7.16
1063815,19,Jogging,130216171663000,2.07,-2.98,-1.95
1076129,19,Jogging,130216171663000,2.07,-2.98,-1.95
