,user,label,timestamp,x,y,z
129962,13,Downstairs,3081582255000,1.08,9.34,0.7218784
129963,13,Downstairs,3081632335000,2.15,9.85,0.95342433
129964,13,Downstairs,3081682231000,1.5,9.38,1.8387468999999996
129965,13,Downstairs,3081732280000,1.69,9.38,2.4925237
129966,13,Downstairs,3081782268000,0.69,8.2,2.4516625
129967,13,Downstairs,3081832316000,2.79,9.08,3.214402
129968,13,Downstairs,3081882213000,1.14,11.5,5.5571017
129969,13,Downstairs,3081932262000,-0.53,13.48,4.1814466
129970,13,Downstairs,3081982249000,3.99,14.44,4.7535014
129971,13,Downstairs,3082032298000,-3.02,5.33,2.5606253
129972,13,Downstairs,3082082347000,0.15,7.44,3.6366330000000002
129973,13,Downstairs,3082082347000,0.15,7.44,3.6366330000000002
129974,13,Downstairs,3082182231000,-0.84,4.67,1.5390993
129975,13,Downstairs,3082182231000,-0.84,4.67,1.5390993
129977,13,Downstairs,3082292125000,4.86,10.31,3.1054392
129976,13,Downstairs,3082292125000,4.86,10.31,3.1054392
129978,13,Downstairs,3082342265000,1.57,9.38,5.09401
129979,13,Downstairs,3082392345000,-3.26,10.34,8.308413
129980,13,Downstairs,3082442271000,-6.21,12.18,3.4868089999999996
129981,13,Downstairs,3082492290000,2.15,12.72,1.4573771999999998
129982,13,Downstairs,3082552318000,4.63,16.17,2.7921712000000003
129983,13,Downstairs,3082602275000,-2.3,11.54,-0.53119355
129984,13,Downstairs,3082652293000,0.38,10.73,1.4573771999999998
129985,13,Downstairs,3082702159000,1.42,8.39,1.56634
129986,13,Downstairs,3082752452000,1.69,7.5,2.2609777
129987,13,Downstairs,3082802318000,1.65,8.31,2.6014863999999998
129988,13,Downstairs,3082852275000,-0.04,8.16,2.070293
129989,13,Downstairs,3082902293000,1.84,8.12,0.9942854
129990,13,Downstairs,3082952281000,2.72,8.31,0.08172209
129991,13,Downstairs,3083002299000,2.26,9.92,2.0294318
129992,13,Downstairs,3083052287000,1.65,9.72,2.8738932999999998
129993,13,Downstairs,3083102305000,0.8,8.77,3.3778462
129994,13,Downstairs,3083152263000,1.57,9.7,4.140586
129995,13,Downstairs,3083202312000,1.42,15.43,5.09401
129996,13,Downstairs,3083252269000,-0.19,12.98,2.2201166000000003
129997,13,Downstairs,3083302318000,1.88,11.35,3.5685309999999997
129998,13,Downstairs,3083352336000,-1.99,5.71,1.1441092
129999,13,Downstairs,3083402263000,-0.5,5.52,1.6889231
130000,13,Downstairs,3083452281000,-2.07,5.43,1.5390993
130001,13,Downstairs,3083502269000,-0.8,6.28,2.5606253
130002,13,Downstairs,3083552318000,2.53,7.97,3.7592160000000003
130003,13,Downstairs,3083602275000,0.69,10.15,1.9477096999999999
130004,13,Downstairs,3083652293000,0.31,10.12,6.4424243
130005,13,Downstairs,3083702281000,-0.84,10.88,6.5513873
130006,13,Downstairs,3083752299000,-0.8,10.27,1.4982381999999999
130007,13,Downstairs,3083802318000,-2.53,11.84,-0.6537767
130008,13,Downstairs,3083852305000,1.12,11.96,3.9499009
130009,13,Downstairs,3083902263000,2.76,10.34,-0.46309182
130010,13,Downstairs,3083952312000,2.18,12.11,2.1792557
130011,13,Downstairs,3084002299000,1.76,9.43,1.4165162
130012,13,Downstairs,3084052318000,1.23,8.73,2.3426998
130013,13,Downstairs,3084102275000,1.27,7.63,2.0294318
130014,13,Downstairs,3084152293000,0.57,7.78,2.3699405
130015,13,Downstairs,3084202312000,1.69,7.5,2.3426998
130016,13,Downstairs,3084252269000,1.23,8.47,1.1441092
130017,13,Downstairs,3084302287000,2.37,9.43,1.4982381999999999
130018,13,Downstairs,3084352336000,2.15,9.34,2.982856
130019,13,Downstairs,3084402263000,1.69,10.27,4.671779
130020,13,Downstairs,3084452281000,0.19,17.35,5.175732
130021,13,Downstairs,3084502269000,1.54,14.94,4.2495484
130022,13,Downstairs,3084552318000,-1.46,6.55,3.0237172
130023,13,Downstairs,3084602305000,-3.17,6.89,2.4516625
130024,13,Downstairs,3084652293000,-0.27,5.28,2.4108016
130025,13,Downstairs,3084702251000,-0.04,5.28,1.4165162
130026,13,Downstairs,3084752299000,-0.27,5.41,2.3018389
130027,13,Downstairs,3084802287000,1.95,7.25,2.2201166000000003
130028,13,Downstairs,3084852336000,1.04,10.12,3.0237172
130029,13,Downstairs,3084902263000,-0.53,10.27,6.5922484
130030,13,Downstairs,3084952281000,-1.27,10.53,5.09401
130031,13,Downstairs,3085002269000,1.18,9.3,2.6423476000000004
130032,13,Downstairs,3085052287000,-0.65,12.03,-0.6946376999999999
130033,13,Downstairs,3085102275000,-0.5,12.64,3.8681788
130034,13,Downstairs,3085152263000,2.45,13.48,0.46309182
130035,13,Downstairs,3085202312000,-0.11,11.6,-1.6889231
130036,13,Downstairs,3085253734000,1.5,10.42,1.56634
130037,13,Downstairs,3085302287000,0.61,8.89,0.7627395
130038,13,Downstairs,3085352305000,1.5,8.62,0.5720546
130039,13,Downstairs,3085402324000,1.14,7.82,2.5333846
130040,13,Downstairs,3085452312000,1.99,7.63,1.1849703
130041,13,Downstairs,3085502269000,3.83,8.16,0.61291564
130042,13,Downstairs,3085552318000,0.99,8.89,1.1168685
130043,13,Downstairs,3085602275000,1.46,8.96,1.6889231
130044,13,Downstairs,3085652293000,2.83,10.0,2.5333846
130045,13,Downstairs,3085702281000,2.37,10.08,4.0588636
130046,13,Downstairs,3085752360000,0.76,13.63,5.8567495
130047,13,Downstairs,3085802287000,0.99,14.52,4.018002500000001
130048,13,Downstairs,3085852275000,0.57,11.3,3.1054392
130049,13,Downstairs,3085902263000,-1.42,6.59,2.4925237
130050,13,Downstairs,3085952312000,-1.46,8.16,3.336985
130051,13,Downstairs,3086002269000,-0.38,4.82,1.9204689999999998
130052,13,Downstairs,3086052287000,-0.53,5.75,2.4925237
130053,13,Downstairs,3086102244000,-0.27,5.75,2.2609777
130054,13,Downstairs,3086152293000,3.38,7.89,2.1792557
130055,13,Downstairs,3086202281000,1.76,8.62,2.4925237
130056,13,Downstairs,3086252360000,-2.37,10.95,8.894086999999999
130057,13,Downstairs,3086302287000,0.72,8.81,3.5685309999999997
130058,13,Downstairs,3086352305000,0.08,8.89,1.5390993
130059,13,Downstairs,3086402263000,-0.65,14.18,-1.2258313
130060,13,Downstairs,3086452312000,1.54,16.44,7.7363577
130061,13,Downstairs,3086502299000,0.23,11.37,-2.7240696
130062,13,Downstairs,3086552318000,1.33,12.22,-1.1168685
130063,13,Downstairs,3086602275000,-0.19,9.47,2.5606253
130064,13,Downstairs,3086652293000,0.99,7.67,-0.42223078
130065,13,Downstairs,3086702281000,1.61,8.08,1.8387468999999996
130066,13,Downstairs,3086752299000,0.8,8.58,3.3778462
130067,13,Downstairs,3086802287000,1.88,6.89,0.14982383
130068,13,Downstairs,3086852305000,3.45,9.0,0.7218784
130069,13,Downstairs,3086902263000,1.38,10.42,1.3756552
130070,13,Downstairs,3086952312000,-0.65,7.08,2.2609777
130071,13,Downstairs,3087002269000,4.14,9.58,2.1792557
130072,13,Downstairs,3087052318000,2.45,12.41,4.671779
130073,13,Downstairs,3087102275000,-1.42,16.74,4.8216033
130074,13,Downstairs,3087152293000,2.91,14.18,2.8738932999999998
130075,13,Downstairs,3087202281000,-0.57,7.08,0.95342433
130076,13,Downstairs,3087252269000,-2.34,6.24,2.3426998
130077,13,Downstairs,3087302287000,0.11,5.9,1.4982381999999999
130078,13,Downstairs,3087352367000,-1.65,5.01,0.95342433
130079,13,Downstairs,3087402232000,-0.3,5.94,2.4108016
130080,13,Downstairs,3087452312000,3.41,9.47,3.4868089999999996
130081,13,Downstairs,3087502269000,0.76,9.15,3.6366330000000002
130082,13,Downstairs,3087552379000,0.19,9.85,5.7886477
130083,13,Downstairs,3087612254000,-3.64,11.35,4.7535014
130084,13,Downstairs,3087662212000,-0.19,14.75,0.19068487
130085,13,Downstairs,3087712260000,1.12,11.8,3.3778462
130086,13,Downstairs,3087772319000,1.73,11.03,-0.10896278
130087,13,Downstairs,3087822215000,2.11,11.18,0.88532263
130088,13,Downstairs,3087872264000,0.84,10.04,0.84446156
130089,13,Downstairs,3087922252000,1.84,9.11,1.0760075
130090,13,Downstairs,3087972270000,0.61,8.39,1.7978859
130091,13,Downstairs,3088022227000,0.8,8.43,1.7570249
130092,13,Downstairs,3088072276000,1.31,8.43,1.607201
130093,13,Downstairs,3088122264000,1.23,7.82,1.2258313
130094,13,Downstairs,3088172313000,3.57,9.58,-0.08172209
130095,13,Downstairs,3088222240000,0.99,10.12,0.84446156
130096,13,Downstairs,3088272258000,1.69,8.47,1.0351465
130097,13,Downstairs,3088322276000,2.3,10.04,2.152015
130098,13,Downstairs,3088372295000,2.37,9.81,2.7240696
130099,13,Downstairs,3088422221000,1.38,9.43,4.290409599999999
130100,13,Downstairs,3088472270000,0.61,11.92,4.903325
130101,13,Downstairs,3088522197000,2.11,15.55,4.140586
130102,13,Downstairs,3088572276000,-0.46,9.38,1.4573771999999998
130103,13,Downstairs,3088622203000,-0.5,7.27,3.173541
130104,13,Downstairs,3088672282000,-0.53,5.98,2.3426998
130105,13,Downstairs,3088722209000,-0.65,5.13,1.8387468999999996
130106,13,Downstairs,3088772258000,-0.8,7.86,2.8738932999999998
130107,13,Downstairs,3088822246000,2.26,9.51,2.7240696
130108,13,Downstairs,3088882335000,2.26,9.51,2.7240696
130110,13,Downstairs,3088932262000,-2.14,10.19,4.862464
130109,13,Downstairs,3088932262000,-2.14,10.19,4.862464
130111,13,Downstairs,3089032237000,-0.04,8.39,1.6889231
130113,13,Downstairs,3089082347000,1.46,8.66,2.1792557
130112,13,Downstairs,3089082347000,1.46,8.66,2.1792557
130114,13,Downstairs,3089142284000,0.31,9.28,2.8738932999999998
130115,13,Downstairs,3089192241000,-0.5,9.66,2.9556155
130116,13,Downstairs,3089242259000,-3.49,12.87,2.0294318
130117,13,Downstairs,3089292216000,0.95,11.3,2.4108016
130118,13,Downstairs,3089342296000,3.72,12.57,-1.2258313
130119,13,Downstairs,3089392253000,-0.08,9.85,-0.0
130120,13,Downstairs,3089442271000,0.31,11.5,-1.334794
130121,13,Downstairs,3089492198000,0.34,9.58,0.3405087
130122,13,Downstairs,3089542247000,1.12,9.72,-0.8036005
130123,13,Downstairs,3089592235000,0.61,9.38,0.7218784
130124,13,Downstairs,3089642253000,0.76,10.0,0.313268
130125,13,Downstairs,3089692271000,1.08,9.7,0.42223078
130126,13,Downstairs,3089742229000,1.08,10.0,0.08172209
130127,13,Downstairs,3089792247000,1.33,9.96,-0.3405087
130128,13,Downstairs,3089842235000,1.46,11.14,-0.23154591
130129,13,Downstairs,3089892253000,1.42,11.37,1.3075534
130130,13,Downstairs,3089942241000,-0.69,11.73,0.9942854
130131,13,Downstairs,3089992229000,-4.21,10.88,-0.6946376999999999
130132,13,Downstairs,3090043712000,-1.76,12.15,-1.607201
130133,13,Downstairs,3090092204000,-0.23,11.14,0.313268
130134,13,Downstairs,3090142284000,-1.95,10.0,0.23154591
130135,13,Downstairs,3090192241000,-1.69,8.77,0.8036005
130136,13,Downstairs,3090242229000,-0.19,7.59,0.38136974
130137,13,Downstairs,3090293712000,-1.42,6.44,0.313268
130138,13,Downstairs,3090342265000,0.99,8.16,2.8330324
130139,13,Downstairs,3090392253000,1.14,10.8,6.9327570000000005
130140,13,Downstairs,3090442241000,0.04,12.53,5.434519
130141,13,Downstairs,3090492259000,-1.46,6.97,-1.4573771999999998
130142,13,Downstairs,3090542247000,-2.18,11.5,0.23154591
130143,13,Downstairs,3090592235000,0.38,9.7,-0.5720546
130144,13,Downstairs,3090642222000,1.42,9.62,-0.29964766
130145,13,Downstairs,3090692210000,-0.69,10.27,1.2666923
130146,13,Downstairs,3090742229000,-0.19,10.34,0.61291564
130147,13,Downstairs,3090792216000,1.61,9.89,-0.84446156
130148,13,Downstairs,3090842265000,-0.38,9.62,0.8036005
130149,13,Downstairs,3090893657000,0.72,10.23,0.8036005
130150,13,Downstairs,3090942210000,1.84,9.51,0.8036005
130151,13,Downstairs,3090992229000,1.08,9.43,1.4573771999999998
130152,13,Downstairs,3091042216000,1.27,8.77,0.61291564
130153,13,Downstairs,3091092235000,-0.61,11.73,1.3075534
130154,13,Downstairs,3091142222000,-1.95,13.95,1.6889231
130155,13,Downstairs,3091192210000,-4.94,13.82,3.3778462
130156,13,Downstairs,3091242229000,-0.99,8.85,-3.1054392
130157,13,Downstairs,3091292247000,1.92,11.41,4.140586
130158,13,Downstairs,3091342265000,-2.18,5.6,0.10896278
130159,13,Downstairs,3091393718000,-0.69,6.89,1.5390993
130160,13,Downstairs,3091442241000,-1.95,6.44,2.2201166000000003
130161,13,Downstairs,3091492198000,0.31,8.69,4.2086873
