,user,label,timestamp,x,y,z
1076830,19,Jogging,130251221468000,-2.68,6.4,-3.34
1064516,19,Jogging,130251221468000,-2.68,6.4,-3.34
1064517,19,Jogging,130251301576000,4.18,6.02,1.18
1076831,19,Jogging,130251301576000,4.18,6.02,1.18
1076832,19,Jogging,130251341676000,0.53,0.04,-0.65
1064518,19,Jogging,130251341676000,0.53,0.04,-0.65
1076833,19,Jogging,130251382692000,-11.35,14.48,-2.22
1064519,19,Jogging,130251382692000,-11.35,14.48,-2.22
1076834,19,Jogging,130251422670000,-19.23,8.96,5.09
1064520,19,Jogging,130251422670000,-19.23,8.96,5.09
1076835,19,Jogging,130251461732000,-11.35,1.12,3.95
1064521,19,Jogging,130251461732000,-11.35,1.12,3.95
1064522,19,Jogging,130251541475000,-4.33,-4.4,-1.42
1076836,19,Jogging,130251541475000,-4.33,-4.4,-1.42
1076837,19,Jogging,130251581636000,0.57,-3.26,-0.61
1064523,19,Jogging,130251581636000,0.57,-3.26,-0.61
1076838,19,Jogging,130251621645000,2.07,-2.34,-0.38
1064524,19,Jogging,130251621645000,2.07,-2.34,-0.38
1076839,19,Jogging,130251701479000,0.3,-0.8,0.57
1064525,19,Jogging,130251701479000,0.3,-0.8,0.57
1076840,19,Jogging,130251741518000,-6.47,-8.24,-1.61
1064526,19,Jogging,130251741518000,-6.47,-8.24,-1.61
1076841,19,Jogging,130251782625000,-19.15,-11.37,-1.84
1064527,19,Jogging,130251782625000,-19.15,-11.37,-1.84
1064528,19,Jogging,130251821474000,-19.19,-5.48,2.22
1076842,19,Jogging,130251821474000,-19.19,-5.48,2.22
1064529,19,Jogging,130251861696000,-16.21,1.08,-1.76
1076843,19,Jogging,130251861696000,-16.21,1.08,-1.76
1064530,19,Jogging,130251941621000,-14.63,10.23,0.76
1076844,19,Jogging,130251941621000,-14.63,10.23,0.76
1076845,19,Jogging,130251981538000,-7.67,13.82,3.64
1064531,19,Jogging,130251981538000,-7.67,13.82,3.64
1076846,19,Jogging,130252021638000,0.0,10.15,-2.76
1064532,19,Jogging,130252021638000,0.0,10.15,-2.76
1064533,19,Jogging,130252101472000,3.98,1.18,0.84
1076847,19,Jogging,130252101472000,3.98,1.18,0.84
1064534,19,Jogging,130252141481000,-6.82,2.72,-5.13
1076848,19,Jogging,130252141481000,-6.82,2.72,-5.13
1064535,19,Jogging,130252181978000,-19.23,9.7,6.32
1076849,19,Jogging,130252181978000,-19.23,9.7,6.32
1064536,19,Jogging,130252221590000,-18.31,-1.33,1.84
1076850,19,Jogging,130252221590000,-18.31,-1.33,1.84
1076851,19,Jogging,130252261690000,-5.37,-1.73,1.8
1064537,19,Jogging,130252261690000,-5.37,-1.73,1.8
1064538,19,Jogging,130252341493000,-2.64,-4.94,-1.57
1076852,19,Jogging,130252341493000,-2.64,-4.94,-1.57
1076853,19,Jogging,130252381502000,2.07,-2.79,-1.5
1064539,19,Jogging,130252381502000,2.07,-2.79,-1.5
1076854,19,Jogging,130252421663000,3.68,-1.12,-0.76
1064540,19,Jogging,130252421663000,3.68,-1.12,-0.76
1064541,19,Jogging,130252501588000,-3.83,-3.49,7.16
1076855,19,Jogging,130252501588000,-3.83,-3.49,7.16
1076856,19,Jogging,130252543123000,-12.76,-8.12,-4.4
1064542,19,Jogging,130252543123000,-12.76,-8.12,-4.4
1076857,19,Jogging,130252582094000,-19.23,-13.14,-0.84
1064543,19,Jogging,130252582094000,-19.23,-13.14,-0.84
1076858,19,Jogging,130252621614000,-13.67,-2.07,-1.61
1064544,19,Jogging,130252621614000,-13.67,-2.07,-1.61
1076859,19,Jogging,130252661531000,-15.75,2.34,-1.57
1064545,19,Jogging,130252661531000,-15.75,2.34,-1.57
1064546,19,Jogging,130252705202000,-17.43,8.96,4.86
1076860,19,Jogging,130252705202000,-17.43,8.96,4.86
1076861,19,Jogging,130252791597000,-0.95,7.46,-0.69
1064547,19,Jogging,130252791597000,-0.95,7.46,-0.69
1076862,19,Jogging,130252831636000,5.41,10.92,-1.73
1064548,19,Jogging,130252831636000,5.41,10.92,-1.73
1064549,19,Jogging,130252871522000,4.44,7.46,1.27
1076863,19,Jogging,130252871522000,4.44,7.46,1.27
1064550,19,Jogging,130252911562000,-7.7,2.53,-4.79
1076864,19,Jogging,130252911562000,-7.7,2.53,-4.79
1064551,19,Jogging,130252957674000,-18.85,-3.02,-1.14
1076865,19,Jogging,130252957674000,-18.85,-3.02,-1.14
1064552,19,Jogging,130253041627000,-9.77,-4.63,-0.95
1076866,19,Jogging,130253041627000,-9.77,-4.63,-0.95
1076867,19,Jogging,130253081514000,-6.89,-9.34,-1.69
1064553,19,Jogging,130253081514000,-6.89,-9.34,-1.69
1076868,19,Jogging,130253121614000,-1.73,-7.97,-3.99
1064554,19,Jogging,130253121614000,-1.73,-7.97,-3.99
1064555,19,Jogging,130253201662000,1.99,-4.18,-3.38
1076869,19,Jogging,130253201662000,1.99,-4.18,-3.38
1076870,19,Jogging,130253241640000,1.92,-2.3,-1.5
1064556,19,Jogging,130253241640000,1.92,-2.3,-1.5
1076871,19,Jogging,130253281587000,-0.53,-5.24,2.03
1064557,19,Jogging,130253281587000,-0.53,-5.24,2.03
1076872,19,Jogging,130253321657000,-4.4,-3.41,0.19
1064558,19,Jogging,130253321657000,-4.4,-3.41,0.19
1064559,19,Jogging,130253401643000,-19.23,-9.92,-1.99
1076873,19,Jogging,130253401643000,-19.23,-9.92,-1.99
1064560,19,Jogging,130253441591000,-18.47,1.04,-3.6
1076874,19,Jogging,130253441591000,-18.47,1.04,-3.6
1064561,19,Jogging,130253481508000,-13.57,9.23,-2.87
1076875,19,Jogging,130253481508000,-13.57,9.23,-2.87
1064562,19,Jogging,130253521486000,-14.29,18.66,4.02
1076876,19,Jogging,130253521486000,-14.29,18.66,4.02
1064563,19,Jogging,130253601656000,9.77,13.06,4.67
1076877,19,Jogging,130253601656000,9.77,13.06,4.67
1076878,19,Jogging,130253643709000,0.3,1.04,-1.57
1064564,19,Jogging,130253643709000,0.3,1.04,-1.57
1076879,19,Jogging,130253681764000,-12.83,8.89,-6.09
1064565,19,Jogging,130253681764000,-12.83,8.89,-6.09
1076880,19,Jogging,130253731782000,-19.23,1.76,3.76
1064566,19,Jogging,130253731782000,-19.23,1.76,3.76
1076881,19,Jogging,130253771638000,-15.21,-1.61,-2.53
1064567,19,Jogging,130253771638000,-15.21,-1.61,-2.53
1076882,19,Jogging,130253851656000,-7.55,-8.05,-3.34
1064568,19,Jogging,130253851656000,-7.55,-8.05,-3.34
1064569,19,Jogging,130253891634000,-2.18,-6.82,-3.57
1076883,19,Jogging,130253891634000,-2.18,-6.82,-3.57
1076884,19,Jogging,130253931612000,0.65,-5.37,-3.26
1064570,19,Jogging,130253931612000,0.65,-5.37,-3.26
1064571,19,Jogging,130253971651000,1.53,-4.21,-2.41
1076885,19,Jogging,130253971651000,1.53,-4.21,-2.41
1076886,19,Jogging,130254051485000,-2.68,-5.24,3.95
1064572,19,Jogging,130254051485000,-2.68,-5.24,3.95
1076887,19,Jogging,130254091646000,-5.83,-2.96,-1.14
1064573,19,Jogging,130254091646000,-5.83,-2.96,-1.14
1064574,19,Jogging,130254131746000,-15.32,-9.81,-3.21
1076888,19,Jogging,130254131746000,-15.32,-9.81,-3.21
1064575,19,Jogging,130254172060000,-19.23,-9.85,-0.08
1076889,19,Jogging,130254172060000,-19.23,-9.85,-0.08
1064576,19,Jogging,130254251619000,-18.85,10.76,-6.93
1076890,19,Jogging,130254251619000,-18.85,10.76,-6.93
1064577,19,Jogging,130254291505000,-13.82,16.97,0.72
1076891,19,Jogging,130254291505000,-13.82,16.97,0.72
1076892,19,Jogging,130254331728000,-3.91,19.65,5.2
1064578,19,Jogging,130254331728000,-3.91,19.65,5.2
1076893,19,Jogging,130254371645000,9.89,16.97,10.84
1064579,19,Jogging,130254371645000,9.89,16.97,10.84
1064580,19,Jogging,130254451631000,-8.81,4.25,-8.16
1076894,19,Jogging,130254451631000,-8.81,4.25,-8.16
1064581,19,Jogging,130254491670000,-19.23,13.91,4.94
1076895,19,Jogging,130254491670000,-19.23,13.91,4.94
1064582,19,Jogging,130254531618000,-19.23,-2.26,-1.31
1076896,19,Jogging,130254531618000,-19.23,-2.26,-1.31
1076897,19,Jogging,130254571504000,-13.44,-3.68,-4.21
1064583,19,Jogging,130254571504000,-13.44,-3.68,-4.21
1076898,19,Jogging,130254612825000,-8.01,-7.74,-3.91
1064584,19,Jogging,130254612825000,-8.01,-7.74,-3.91
1064585,19,Jogging,130254691652000,0.8,-7.35,-5.18
1076899,19,Jogging,130254691652000,0.8,-7.35,-5.18
1076900,19,Jogging,130254732790000,1.27,-7.27,-5.05
1064586,19,Jogging,130254732790000,1.27,-7.27,-5.05
1076901,19,Jogging,130254772218000,2.6,-4.29,-2.11
1064587,19,Jogging,130254772218000,2.6,-4.29,-2.11
1064588,19,Jogging,130254851472000,-2.72,-0.84,1.33
1076902,19,Jogging,130254851472000,-2.72,-0.84,1.33
1064589,19,Jogging,130254891634000,-7.01,-2.22,-2.79
1076903,19,Jogging,130254891634000,-7.01,-2.22,-2.79
1064590,19,Jogging,130254931612000,-19.23,-10.61,-1.31
1076904,19,Jogging,130254931612000,-19.23,-10.61,-1.31
1076905,19,Jogging,130254971498000,-19.11,-1.76,-1.57
1064591,19,Jogging,130254971498000,-19.11,-1.76,-1.57
1064592,19,Jogging,130255011629000,-12.34,3.49,-5.43
1076906,19,Jogging,130255011629000,-12.34,3.49,-5.43
1064593,19,Jogging,130255091493000,-5.52,17.62,0.42
1076907,19,Jogging,130255091493000,-5.52,17.62,0.42
1064594,19,Jogging,130255131624000,4.25,18.12,8.96
1076908,19,Jogging,130255131624000,4.25,18.12,8.96
1064595,19,Jogging,130255171693000,0.84,2.76,4.99
1076909,19,Jogging,130255171693000,0.84,2.76,4.99
1064596,19,Jogging,130255251619000,-19.23,13.53,1.46
1076910,19,Jogging,130255251619000,-19.23,13.53,1.46
1064597,19,Jogging,130255291505000,-19.23,-0.19,-1.65
1076911,19,Jogging,130255291505000,-19.23,-0.19,-1.65
1076912,19,Jogging,130255331636000,-12.76,-4.33,-3.34
1064598,19,Jogging,130255331636000,-12.76,-4.33,-3.34
1064599,19,Jogging,130255371645000,-6.63,-7.89,-3.21
1076913,19,Jogging,130255371645000,-6.63,-7.89,-3.21
1064600,19,Jogging,130255451631000,1.04,-3.76,-2.68
1076914,19,Jogging,130255451631000,1.04,-3.76,-2.68
1064601,19,Jogging,130255491640000,1.14,-4.14,-3.76
1076915,19,Jogging,130255491640000,1.14,-4.14,-3.76
1064602,19,Jogging,130255531740000,1.65,-3.34,-2.34
1076916,19,Jogging,130255531740000,1.65,-3.34,-2.34
1076917,19,Jogging,130255571504000,1.57,-4.48,-0.65
1064603,19,Jogging,130255571504000,1.57,-4.48,-0.65
1076918,19,Jogging,130255611543000,-1.65,-2.11,1.88
1064604,19,Jogging,130255611543000,-1.65,-2.11,1.88
1076919,19,Jogging,130255691499000,-19.19,-9.62,-4.99
1064605,19,Jogging,130255691499000,-19.19,-9.62,-4.99
1064606,19,Jogging,130255731569000,-19.08,-0.04,-2.15
1076920,19,Jogging,130255731569000,-19.08,-0.04,-2.15
1076921,19,Jogging,130255771669000,-15.24,3.41,-4.67
1064607,19,Jogging,130255771669000,-15.24,3.41,-4.67
1076922,19,Jogging,130255851411000,-6.32,19.5,1.65
1064608,19,Jogging,130255851411000,-6.32,19.5,1.65
1064609,19,Jogging,130255891511000,10.99,16.97,8.54
1076923,19,Jogging,130255891511000,10.99,16.97,8.54
1076924,19,Jogging,130255931642000,2.37,2.49,1.38
1064610,19,Jogging,130255931642000,2.37,2.49,1.38
1076925,19,Jogging,130255971529000,-11.18,4.71,-7.78
1064611,19,Jogging,130255971529000,-11.18,4.71,-7.78
1064612,19,Jogging,130256011629000,-19.23,9.43,3.57
1076926,19,Jogging,130256011629000,-19.23,9.43,3.57
1064613,19,Jogging,130256092226000,-9.38,-1.57,-1.57
1076927,19,Jogging,130256092226000,-9.38,-1.57,-1.57
1076928,19,Jogging,130256131624000,-5.86,-6.82,-1.92
1064614,19,Jogging,130256131624000,-5.86,-6.82,-1.92
1064615,19,Jogging,130256171541000,-2.98,-6.32,-2.6
1076929,19,Jogging,130256171541000,-2.98,-6.32,-2.6
