,user,label,timestamp,x,y,z
23434,20,Jogging,850152202000,4.94,19.53,0.313268
23435,20,Jogging,850152202000,4.94,19.53,0.313268
23433,20,Jogging,850152202000,4.94,19.53,0.313268
23439,20,Jogging,850322154000,1.38,-7.12,-0.19068487
23441,20,Jogging,850532176000,19.5,19.57,8.008764
23442,20,Jogging,850582133000,12.68,11.37,-1.0760075
23443,20,Jogging,850632274000,-8.47,3.41,-2.4516625
23444,20,Jogging,850682231000,-13.72,0.53,-0.95342433
23445,20,Jogging,850732310000,-4.99,0.15,-6.66035
23446,20,Jogging,850782329000,19.42,4.4,0.040861044
23447,20,Jogging,850832255000,-1.73,3.64,1.56634
23448,20,Jogging,850832255000,-1.73,3.64,1.56634
23449,20,Jogging,850832255000,-1.73,3.64,1.56634
23451,20,Jogging,851124889000,6.89,-5.43,3.6366330000000002
23453,20,Jogging,851192607000,8.92,-1.31,-0.50395286
23454,20,Jogging,851242961000,11.18,11.26,-3.5957718
23455,20,Jogging,851292949000,19.08,19.57,7.2732660000000005
23456,20,Jogging,851343669000,17.82,16.97,1.6889231
23457,20,Jogging,851392467000,-0.99,5.22,-2.5333846
23458,20,Jogging,851443065000,-15.85,1.99,1.3075534
23459,20,Jogging,851493541000,-9.7,-2.34,-5.202973
23460,20,Jogging,851542247000,14.02,5.86,3.0237172
23461,20,Jogging,851593425000,7.89,-2.18,-7.164303
23462,20,Jogging,851642314000,-4.71,17.05,1.6889231
23463,20,Jogging,851693553000,-2.96,19.53,-5.325556
23464,20,Jogging,851742107000,15.02,19.57,-2.8330324
23465,20,Jogging,851792583000,19.57,10.53,0.08172209
23466,20,Jogging,851862743000,6.02,0.11,-3.7183550000000003
23470,20,Jogging,852012431000,9.72,3.87,-0.9125633
23472,20,Jogging,852122356000,18.62,19.57,3.7864565999999997
23473,20,Jogging,852172649000,5.05,6.44,-3.6774937999999993
23474,20,Jogging,852222331000,-13.4,2.79,-2.4108016
23475,20,Jogging,852272349000,-11.88,-1.8,-3.0237172
23476,20,Jogging,852322368000,8.01,0.5,6.4424243
23477,20,Jogging,852372142000,10.65,0.19,-8.580819
23479,20,Jogging,852422282000,-6.89,15.6,5.666064700000001
23478,20,Jogging,852422282000,-6.89,15.6,5.666064700000001
23480,20,Jogging,852422282000,-6.89,15.6,5.666064700000001
23483,20,Jogging,852602306000,14.21,-2.91,9.915613
23486,20,Jogging,852762126000,8.08,-2.26,-1.9885708
23487,20,Jogging,852862315000,19.5,19.57,3.7183550000000003
23488,20,Jogging,852912334000,18.47,18.2,2.2609777
23489,20,Jogging,852962199000,0.99,3.91,-3.4868089999999996
23490,20,Jogging,853012309000,-14.75,3.26,-1.1168685
23491,20,Jogging,853062205000,-11.22,0.08,-5.1348709999999995
23492,20,Jogging,853112285000,12.72,2.91,3.7592160000000003
23493,20,Jogging,853162212000,8.89,1.54,-6.633109599999999
23494,20,Jogging,853212291000,-6.24,17.88,1.1168685
23495,20,Jogging,853262218000,-2.22,19.57,-0.95342433
23497,20,Jogging,853312358000,18.09,19.57,-7.7363577
23496,20,Jogging,853312358000,18.09,19.57,-7.7363577
23499,20,Jogging,853422282000,0.08,-4.59,-4.5219555
23500,20,Jogging,853422282000,0.08,-4.59,-4.5219555
23501,20,Jogging,853482158000,6.21,-4.59,4.7126402999999994
23503,20,Jogging,853582408000,13.25,11.99,-3.4868089999999996
23504,20,Jogging,853642711000,18.77,19.57,10.882658000000001
23505,20,Jogging,853692393000,15.55,11.84,-2.0294318
23506,20,Jogging,853742259000,-5.98,3.79,-4.140586
23507,20,Jogging,853792918000,-16.21,0.95,-2.1383946
23508,20,Jogging,853842326000,-7.46,-2.45,-7.205164
23509,20,Jogging,853892345000,18.39,5.79,3.4050870000000004
23510,20,Jogging,853942271000,-0.42,-0.72,-4.290409599999999
23511,20,Jogging,853992229000,-2.22,18.89,-0.5720546
23514,20,Jogging,854402141000,18.62,19.34,2.8330324
23515,20,Jogging,854452281000,19.27,19.5,5.938472
23516,20,Jogging,854502330000,10.76,6.85,-2.3426998
23517,20,Jogging,854552257000,-11.73,5.71,-3.1054392
23518,20,Jogging,854602275000,-13.78,-0.53,-1.607201
23519,20,Jogging,854652232000,-2.56,-3.06,-6.701211
23520,20,Jogging,854702281000,19.53,5.24,-0.88532263
23521,20,Jogging,854752208000,-3.49,12.64,8.117727
23522,20,Jogging,854802287000,-8.16,18.39,-5.938472
23523,20,Jogging,854852122000,7.27,18.81,0.7218784
23525,20,Jogging,854906444000,19.57,16.82,-9.084772000000001
23524,20,Jogging,854906444000,19.57,16.82,-9.084772000000001
23530,20,Jogging,855072276000,5.43,-1.65,-0.29964766
23529,20,Jogging,855072276000,5.43,-1.65,-0.29964766
23528,20,Jogging,855072276000,5.43,-1.65,-0.29964766
23533,20,Jogging,855352183000,-13.14,3.15,-2.9147543999999996
23534,20,Jogging,855402263000,-13.78,-0.95,-6.469665
23535,20,Jogging,855452281000,7.27,-0.84,2.2201166000000003
23536,20,Jogging,855502208000,14.41,-0.76,-6.1291566
23537,20,Jogging,855552348000,-0.57,15.24,2.8330324
23538,20,Jogging,855552348000,-0.57,15.24,2.8330324
23539,20,Jogging,855552348000,-0.57,15.24,2.8330324
23543,20,Jogging,855762370000,4.75,-1.38,-5.09401
23545,20,Jogging,855912150000,5.71,1.73,-0.61291564
23546,20,Jogging,855972148000,17.24,18.89,-0.46309182
23547,20,Jogging,856022197000,19.57,19.5,8.049625
23548,20,Jogging,856072429000,7.44,5.6,-2.4108016
23549,20,Jogging,856122264000,-11.99,4.25,-4.9850473
23550,20,Jogging,856172282000,-14.82,-0.11,-4.7126402999999994
23551,20,Jogging,856222240000,1.65,-2.22,1.2258313
23552,20,Jogging,856272227000,18.5,3.3,-3.4868089999999996
23553,20,Jogging,856322215000,-1.27,13.44,2.0294318
23554,20,Jogging,856372295000,-8.12,19.27,-2.1383946
23555,20,Jogging,856422130000,6.7,19.5,-0.6537767
23557,20,Jogging,856473216000,19.57,16.78,-10.378705
23556,20,Jogging,856473216000,19.57,16.78,-10.378705
23558,20,Jogging,856473216000,19.57,16.78,-10.378705
23559,20,Jogging,856540202000,13.4,-4.94,6.0201936
23560,20,Jogging,856592509000,4.14,-7.12,1.4982381999999999
23563,20,Jogging,856792186000,19.57,19.53,6.2789803
23562,20,Jogging,856792186000,19.57,19.53,6.2789803
23564,20,Jogging,856892345000,-11.84,1.92,-3.9771416
23565,20,Jogging,856942393000,-13.72,-0.57,-2.6832085
23566,20,Jogging,856992320000,2.15,0.11,0.8036005
23567,20,Jogging,857042583000,17.24,0.76,-5.284695
23568,20,Jogging,857092204000,-6.97,4.79,-3.7864565999999997
23569,20,Jogging,857092204000,-6.97,4.79,-3.7864565999999997
23570,20,Jogging,857092204000,-6.97,4.79,-3.7864565999999997
23571,20,Jogging,857202983000,11.03,19.57,-3.3642258999999997
23573,20,Jogging,857202983000,11.03,19.57,-3.3642258999999997
23572,20,Jogging,857202983000,11.03,19.57,-3.3642258999999997
23574,20,Jogging,857202983000,11.03,19.57,-3.3642258999999997
23577,20,Jogging,857522258000,18.31,19.04,-1.2666923
23576,20,Jogging,857522258000,18.31,19.04,-1.2666923
23578,20,Jogging,857622325000,5.48,4.4,-3.7592160000000003
23579,20,Jogging,857672252000,-14.71,6.17,-4.3312707
23580,20,Jogging,857722209000,-15.98,-0.34,-3.4459480000000005
23581,20,Jogging,857722209000,-15.98,-0.34,-3.4459480000000005
23583,20,Jogging,857822215000,14.71,-0.76,-6.633109599999999
23582,20,Jogging,857822215000,14.71,-0.76,-6.633109599999999
23585,20,Jogging,857922130000,-5.82,19.46,-3.8273177000000005
23584,20,Jogging,857922130000,-5.82,19.46,-3.8273177000000005
23586,20,Jogging,857972453000,13.82,19.53,-4.944186
23590,20,Jogging,858082286000,1.23,-0.08,-4.671779
23588,20,Jogging,858082286000,1.23,-0.08,-4.671779
23589,20,Jogging,858082286000,1.23,-0.08,-4.671779
23592,20,Jogging,858262157000,9.43,9.92,-1.7570249
23593,20,Jogging,858312633000,19.04,19.57,7.082580999999999
23594,20,Jogging,858362224000,16.97,17.01,0.313268
23595,20,Jogging,858412303000,-1.76,1.88,-2.9556155
23596,20,Jogging,858462230000,-14.82,0.95,-1.2666923
23597,20,Jogging,858530345000,-9.04,-3.06,-9.575105
23598,20,Jogging,858530345000,-9.04,-3.06,-9.575105
23600,20,Jogging,858582317000,18.62,4.29,-0.61291564
23599,20,Jogging,858582317000,18.62,4.29,-0.61291564
23601,20,Jogging,858703563000,-6.43,19.57,-1.4982381999999999
23604,20,Jogging,858783366000,19.57,18.16,-10.719213499999999
23603,20,Jogging,858783366000,19.57,18.16,-10.719213499999999
23605,20,Jogging,858832194000,11.6,-4.21,6.823794400000001
23607,20,Jogging,858982219000,7.7,0.84,0.9942854
23609,20,Jogging,859032329000,11.65,14.98,-2.7240696
23608,20,Jogging,859032329000,11.65,14.98,-2.7240696
23610,20,Jogging,859132365000,15.32,15.05,-1.3075534
23611,20,Jogging,859182262000,-4.25,1.61,-4.3312707
23612,20,Jogging,859232371000,-14.9,2.45,-2.7240696
23613,20,Jogging,859282329000,-10.0,0.72,-6.2108784
23614,20,Jogging,859332286000,15.09,3.57,4.6036777
23615,20,Jogging,859382274000,5.05,-2.87,-7.7363577
23616,20,Jogging,859432262000,-3.36,16.74,1.9204689999999998
23617,20,Jogging,859482371000,0.38,19.57,-0.61291564
23618,20,Jogging,859532115000,16.97,19.57,-11.304889
23619,20,Jogging,859582255000,19.46,2.45,14.9006605
23622,20,Jogging,859738261000,7.7,0.15,1.6480621
23624,20,Jogging,859843028000,17.5,19.57,7.7363577
23625,20,Jogging,859892345000,18.7,17.86,1.3075534
23626,20,Jogging,859942271000,0.15,3.99,-4.5219555
23627,20,Jogging,859992259000,-16.78,1.04,-2.4925237
23628,20,Jogging,859992259000,-16.78,1.04,-2.4925237
23629,20,Jogging,859992259000,-16.78,1.04,-2.4925237
23630,20,Jogging,860142284000,11.14,4.71,-4.671779
23631,20,Jogging,860192210000,-10.92,13.4,0.10896278
23632,20,Jogging,860192210000,-10.92,13.4,0.10896278
23633,20,Jogging,860192210000,-10.92,13.4,0.10896278
23636,20,Jogging,860372264000,10.38,-4.06,2.2609777
23637,20,Jogging,860372264000,10.38,-4.06,2.2609777
23639,20,Jogging,860572246000,12.15,14.82,-2.6832085
23640,20,Jogging,860572246000,12.15,14.82,-2.6832085
23641,20,Jogging,860672313000,13.48,10.76,0.38136974
23642,20,Jogging,860722301000,-5.9,4.18,-5.284695
23643,20,Jogging,860772197000,-16.17,2.15,-1.334794
23644,20,Jogging,860822307000,-7.35,-1.57,-8.049625
23645,20,Jogging,860872233000,17.62,3.72,2.1111538
23646,20,Jogging,860922282000,0.8,1.18,1.334794
23647,20,Jogging,860972209000,-5.28,19.57,-4.018002500000001
23648,20,Jogging,861022258000,2.76,19.57,-0.27240697
23649,20,Jogging,861072246000,19.53,18.39,-12.108489
23650,20,Jogging,861122295000,16.51,-6.32,13.633968
23651,20,Jogging,861172343000,-0.46,-4.86,-4.671779
23653,20,Jogging,861232860000,4.75,-3.26,3.4868089999999996
23655,20,Jogging,861232860000,4.75,-3.26,3.4868089999999996
23654,20,Jogging,861232860000,4.75,-3.26,3.4868089999999996
23657,20,Jogging,861422465000,19.57,19.57,7.8589406
23658,20,Jogging,861472148000,3.87,4.44,-1.8387468999999996
23659,20,Jogging,861522197000,-13.76,3.91,-2.2609777
23660,20,Jogging,861572337000,-12.87,-0.38,-4.5628166
23661,20,Jogging,861622264000,7.74,-1.33,3.0645783
23664,20,Jogging,861672282000,13.44,-0.3,-6.823794400000001
23663,20,Jogging,861672282000,13.44,-0.3,-6.823794400000001
23662,20,Jogging,861672282000,13.44,-0.3,-6.823794400000001
23665,20,Jogging,861782329000,-4.21,19.5,-0.040861044
23668,20,Jogging,861893657000,18.16,-0.69,15.404613500000002
23667,20,Jogging,861893657000,18.16,-0.69,15.404613500000002
23672,20,Jogging,862112407000,13.57,14.1,-3.7864565999999997
23671,20,Jogging,862112407000,13.57,14.1,-3.7864565999999997
23673,20,Jogging,862212199000,16.63,15.43,-1.2666923
23674,20,Jogging,862262309000,-5.01,1.38,-3.7864565999999997
23675,20,Jogging,862262309000,-5.01,1.38,-3.7864565999999997
