,user,label,timestamp,x,y,z
23921,20,Jogging,874522655000,15.64,19.57,5.5162406
23923,20,Jogging,874572368000,19.11,18.77,0.27240697
23922,20,Jogging,874572368000,19.11,18.77,0.27240697
23924,20,Jogging,874622264000,2.41,7.31,-5.7886477
23925,20,Jogging,874722270000,-10.84,-2.6,-4.3993720000000005
23926,20,Jogging,874722270000,-10.84,-2.6,-4.3993720000000005
23927,20,Jogging,874822154000,9.3,-1.69,-7.164303
23928,20,Jogging,874822154000,9.3,-1.69,-7.164303
23929,20,Jogging,874822154000,9.3,-1.69,-7.164303
23930,20,Jogging,874872203000,0.42,14.02,2.5333846
23934,20,Jogging,875082439000,4.14,1.12,-2.3018389
23937,20,Jogging,875262706000,13.76,14.75,-4.7126402999999994
23938,20,Jogging,875312327000,18.09,19.57,8.390134
23939,20,Jogging,875362254000,15.66,13.87,-3.2552630000000002
23940,20,Jogging,875413188000,-5.33,4.86,-3.7864565999999997
23941,20,Jogging,875463634000,-14.48,1.23,-0.0
23942,20,Jogging,875513042000,-6.82,-2.53,-5.7886477
23943,20,Jogging,875563548000,16.97,2.98,4.099725
23944,20,Jogging,875612834000,0.8,0.53,-0.23154591
23945,20,Jogging,875663310000,-1.95,19.53,-5.202973
23946,20,Jogging,875712840000,1.8,19.57,-0.88532263
23947,20,Jogging,875763438000,18.96,19.08,-7.5456724
23948,20,Jogging,875812114000,18.62,0.72,12.762266
23951,20,Jogging,875863567000,3.26,-0.69,-3.9090397000000006
23952,20,Jogging,875863567000,3.26,-0.69,-3.9090397000000006
23950,20,Jogging,875863567000,3.26,-0.69,-3.9090397000000006
23949,20,Jogging,875863567000,3.26,-0.69,-3.9090397000000006
23954,20,Jogging,876132182000,19.34,19.15,4.372132
23955,20,Jogging,876182140000,4.4,5.71,-4.099725
23956,20,Jogging,876232249000,-13.57,2.96,-2.2609777
23957,20,Jogging,876282237000,-11.88,-1.99,-3.8273177000000005
23958,20,Jogging,876332378000,4.44,2.3,2.8738932999999998
23959,20,Jogging,876392284000,11.35,1.08,-5.012288
23960,20,Jogging,876452281000,-5.71,18.35,-2.1383946
23961,20,Jogging,876452281000,-5.71,18.35,-2.1383946
23964,20,Jogging,876622233000,15.75,0.42,11.985906
23965,20,Jogging,876622233000,15.75,0.42,11.985906
23968,20,Jogging,876832286000,8.16,9.58,-3.3642258999999997
23969,20,Jogging,876932201000,19.19,19.42,1.6889231
23971,20,Jogging,876982341000,3.3,8.01,-3.4459480000000005
23970,20,Jogging,876982341000,3.3,8.01,-3.4459480000000005
23972,20,Jogging,877042247000,-14.4,2.83,0.6537767
23973,20,Jogging,877093272000,-9.66,-1.31,-3.7183550000000003
23974,20,Jogging,877143626000,11.65,3.3,3.2961242
23975,20,Jogging,877193156000,7.93,-0.08,-8.539958
23976,20,Jogging,877243541000,1.88,16.55,3.8273177000000005
23977,20,Jogging,877292125000,0.08,19.57,-1.0760075
23978,20,Jogging,877342418000,15.6,19.46,-8.240311
23980,20,Jogging,877462352000,2.56,-0.61,-1.1849703
23981,20,Jogging,877462352000,2.56,-0.61,-1.1849703
23983,20,Jogging,877512340000,7.93,-7.12,4.099725
23982,20,Jogging,877512340000,7.93,-7.12,4.099725
23985,20,Jogging,877672221000,16.09,19.57,6.0882955
23987,20,Jogging,877722209000,18.89,17.08,-1.7297841
23986,20,Jogging,877722209000,18.89,17.08,-1.7297841
23988,20,Jogging,877822337000,-14.56,0.57,-0.23154591
23989,20,Jogging,877872356000,-9.15,-0.34,-3.2552630000000002
23990,20,Jogging,877922404000,10.8,5.71,6.1291566
23991,20,Jogging,877972331000,11.35,-0.95,-8.19945
23992,20,Jogging,878022288000,-1.27,15.02,4.903325
23993,20,Jogging,878022288000,-1.27,15.02,4.903325
23996,20,Jogging,878252177000,1.69,-3.45,-1.4165162
23997,20,Jogging,878252177000,1.69,-3.45,-1.4165162
24000,20,Jogging,878412212000,14.06,14.94,-4.944186
24001,20,Jogging,878512218000,18.66,19.04,0.6946376999999999
24002,20,Jogging,878562297000,-0.38,5.09,-4.2086873
24003,20,Jogging,878612285000,-14.02,0.8,-0.5720546
24004,20,Jogging,878662303000,-8.77,-1.23,-3.0237172
24005,20,Jogging,878712230000,9.89,6.09,6.2108784
24006,20,Jogging,878762309000,13.02,1.54,-7.5456724
24007,20,Jogging,878812205000,-5.13,10.53,5.8567495
24008,20,Jogging,878862437000,-0.15,19.57,-3.6366330000000002
24009,20,Jogging,878912089000,14.33,19.57,-3.4459480000000005
24010,20,Jogging,878963451000,19.57,7.21,4.1814466
24011,20,Jogging,878963451000,19.57,7.21,4.1814466
24012,20,Jogging,879032390000,5.56,-1.14,-4.4810944
24016,20,Jogging,879182506000,8.81,7.4,-3.6366330000000002
24020,20,Jogging,879342387000,3.99,7.78,-2.6014863999999998
24019,20,Jogging,879342387000,3.99,7.78,-2.6014863999999998
24018,20,Jogging,879342387000,3.99,7.78,-2.6014863999999998
24021,20,Jogging,879462382000,-8.24,-1.88,-6.1291566
24022,20,Jogging,879512340000,15.85,3.45,2.8738932999999998
24024,20,Jogging,879562266000,2.34,-0.42,-4.4810944
24023,20,Jogging,879562266000,2.34,-0.42,-4.4810944
24026,20,Jogging,879673411000,4.44,19.19,-0.6537767
24025,20,Jogging,879673411000,4.44,19.19,-0.6537767
24030,20,Jogging,879832317000,2.6,-1.69,-1.7297841
24029,20,Jogging,879832317000,2.6,-1.69,-1.7297841
24033,20,Jogging,879992168000,12.64,13.67,-4.440233
24032,20,Jogging,879992168000,12.64,13.67,-4.440233
24034,20,Jogging,880092296000,19.0,18.01,0.50395286
24035,20,Jogging,880142284000,0.42,7.12,-2.4925237
24036,20,Jogging,880192393000,-12.83,1.95,1.3075534
24037,20,Jogging,880242534000,-8.92,-2.96,-3.336985
24038,20,Jogging,880292400000,11.8,2.91,4.2495484
24039,20,Jogging,880342235000,8.01,-1.46,-6.9327570000000005
24040,20,Jogging,880392314000,-1.18,16.93,4.3993720000000005
24041,20,Jogging,880442210000,-0.84,19.38,-2.070293
24043,20,Jogging,880493175000,15.13,19.46,-3.4868089999999996
24044,20,Jogging,880493175000,15.13,19.46,-3.4868089999999996
24045,20,Jogging,880493175000,15.13,19.46,-3.4868089999999996
24042,20,Jogging,880493175000,15.13,19.46,-3.4868089999999996
24046,20,Jogging,880493175000,15.13,19.46,-3.4868089999999996
24049,20,Jogging,880832194000,17.27,19.57,5.938472
24050,20,Jogging,880882365000,18.7,17.62,0.3405087
24051,20,Jogging,880932140000,0.08,5.48,-1.6480621
24052,20,Jogging,880982249000,-12.26,1.31,1.334794
24053,20,Jogging,881032268000,-8.43,-1.23,-3.0645783
24054,20,Jogging,881082286000,13.63,3.83,2.6014863999999998
24055,20,Jogging,881132243000,4.06,-2.98,-7.6954966
24058,20,Jogging,881182262000,-0.89,16.21,2.3018389
24057,20,Jogging,881182262000,-0.89,16.21,2.3018389
24056,20,Jogging,881182262000,-0.89,16.21,2.3018389
24062,20,Jogging,881362315000,14.44,-1.88,11.958665
24061,20,Jogging,881362315000,14.44,-1.88,11.958665
24064,20,Jogging,881553844000,7.63,9.38,-2.5606253
24065,20,Jogging,881602336000,17.27,19.57,5.175732
24066,20,Jogging,881602336000,17.27,19.57,5.175732
24067,20,Jogging,881702373000,6.24,5.41,-2.3426998
24068,20,Jogging,881752360000,-10.15,1.33,-0.9125633
24069,20,Jogging,881802348000,-9.15,-2.22,-1.6480621
24070,20,Jogging,881852244000,9.38,3.26,2.2609777
24071,20,Jogging,881902263000,11.3,-0.8,-7.2732660000000005
24072,20,Jogging,881952220000,-1.27,14.33,5.47538
24073,20,Jogging,882002330000,0.15,19.53,-3.2552630000000002
24074,20,Jogging,882052135000,14.63,19.53,-2.7240696
24075,20,Jogging,882103313000,19.46,9.15,0.313268
24079,20,Jogging,882222240000,4.82,-5.86,1.9885708
24082,20,Jogging,882432231000,19.11,17.27,-0.29964766
24083,20,Jogging,882532176000,-10.19,0.46,-0.29964766
24084,20,Jogging,882582317000,-8.35,-5.41,-5.7477865
24085,20,Jogging,882632487000,14.48,3.87,3.336985
24086,20,Jogging,882682231000,5.86,0.19,-3.0237172
24087,20,Jogging,882732677000,-1.88,16.7,0.46309182
24088,20,Jogging,882732677000,-1.88,16.7,0.46309182
24089,20,Jogging,882792308000,4.02,19.57,-1.0351465
24091,20,Jogging,882922343000,11.56,1.42,11.958665
24092,20,Jogging,882922343000,11.56,1.42,11.958665
24094,20,Jogging,883042491000,7.63,-6.28,3.214402
24095,20,Jogging,883092204000,5.56,2.91,-0.84446156
24096,20,Jogging,883142375000,16.55,18.24,-0.42223078
24097,20,Jogging,883192271000,16.59,19.57,9.343558
24098,20,Jogging,883243053000,15.36,11.8,-3.8273177000000005
24099,20,Jogging,883292186000,-6.17,3.53,-2.9147543999999996
24100,20,Jogging,883342235000,-11.88,0.27,-0.08172209
24101,20,Jogging,883392284000,-6.28,-2.56,-4.7535014
24102,20,Jogging,883442271000,18.92,-0.08,-0.0
24103,20,Jogging,883492259000,3.68,9.89,3.1054392
24104,20,Jogging,883542216000,-3.17,17.86,-2.3426998
24105,20,Jogging,883595592000,8.35,19.53,-1.3075534
24109,20,Jogging,883812602000,8.77,-8.54,0.313268
24112,20,Jogging,883972301000,17.01,19.57,9.466142
24113,20,Jogging,884022258000,13.21,9.81,-3.8273177000000005
24115,20,Jogging,884072246000,-7.21,3.57,-2.0294318
24114,20,Jogging,884072246000,-7.21,3.57,-2.0294318
24116,20,Jogging,884172374000,-3.68,-2.14,-5.0531489999999994
24117,20,Jogging,884222301000,19.46,1.95,-2.9147543999999996
24118,20,Jogging,884272227000,1.12,9.23,6.2108784
24119,20,Jogging,884272227000,1.12,9.23,6.2108784
24120,20,Jogging,884343181000,-0.76,19.57,-2.6832085
24122,20,Jogging,884422191000,18.2,17.27,-9.193735
24125,20,Jogging,884472575000,11.69,0.99,10.56939
24124,20,Jogging,884472575000,11.69,0.99,10.56939
24123,20,Jogging,884472575000,11.69,0.99,10.56939
24127,20,Jogging,884682536000,16.44,18.58,-2.7513103
24128,20,Jogging,884682536000,16.44,18.58,-2.7513103
24129,20,Jogging,884782268000,14.56,12.07,-4.5628166
24130,20,Jogging,884832255000,-6.66,3.79,-2.7513103
24131,20,Jogging,884882457000,-12.6,-1.61,0.9942854
24132,20,Jogging,884932231000,-5.2,-2.49,-3.1054392
24133,20,Jogging,884982677000,18.81,2.45,0.95342433
24135,20,Jogging,885032359000,0.42,4.06,-1.56634
24134,20,Jogging,885032359000,0.42,4.06,-1.56634
24136,20,Jogging,885132152000,7.63,19.57,-2.1111538
24137,20,Jogging,885132152000,7.63,19.57,-2.1111538
24138,20,Jogging,885182841000,17.69,17.01,-7.654635400000001
24141,20,Jogging,885292308000,3.76,0.76,-1.56634
24140,20,Jogging,885292308000,3.76,0.76,-1.56634
24142,20,Jogging,885342723000,7.31,-8.2,2.982856
24144,20,Jogging,885492320000,15.64,19.57,5.8976107
24145,20,Jogging,885542277000,19.19,17.2,-0.10896278
24146,20,Jogging,885592418000,0.65,5.43,-2.7921712000000003
24147,20,Jogging,885642650000,-12.68,1.31,0.08172209
24148,20,Jogging,885692241000,-8.62,-2.91,-2.7921712000000003
24149,20,Jogging,885742351000,12.53,2.79,4.0588636
24151,20,Jogging,885792369000,6.4,-0.11,-7.436710000000001
24150,20,Jogging,885792369000,6.4,-0.11,-7.436710000000001
24152,20,Jogging,885842326000,-1.38,17.39,2.0294318
24155,20,Jogging,886053386000,5.13,4.48,2.1792557
24156,20,Jogging,886053386000,5.13,4.48,2.1792557
24158,20,Jogging,886152232000,10.95,-6.47,6.1291566
24157,20,Jogging,886152232000,10.95,-6.47,6.1291566
24159,20,Jogging,886252147000,13.59,19.5,1.7570249
24163,20,Jogging,886303111000,18.09,19.53,5.8567495
24162,20,Jogging,886303111000,18.09,19.53,5.8567495
24161,20,Jogging,886303111000,18.09,19.53,5.8567495
24160,20,Jogging,886303111000,18.09,19.53,5.8567495
24165,20,Jogging,886532298000,15.66,2.76,3.0645783
24166,20,Jogging,886582561000,7.01,2.83,-1.56634
24167,20,Jogging,886632304000,-2.87,16.7,0.10896278
