,user,label,timestamp,x,y,z
35205,20,Jogging,1545632304000,-3.53,2.56,-3.2552630000000002
35206,20,Jogging,1545682231000,-11.56,0.46,-0.61291564
35207,20,Jogging,1545682231000,-11.56,0.46,-0.61291564
35208,20,Jogging,1545782268000,17.77,2.45,3.5276701
35210,20,Jogging,1545782268000,17.77,2.45,3.5276701
35209,20,Jogging,1545782268000,17.77,2.45,3.5276701
35211,20,Jogging,1545832317000,-1.14,4.02,-0.38136974
35215,20,Jogging,1546062266000,10.12,-3.21,8.662541000000001
35214,20,Jogging,1546062266000,10.12,-3.21,8.662541000000001
35216,20,Jogging,1546162150000,6.47,-3.45,5.7477865
35217,20,Jogging,1546162150000,6.47,-3.45,5.7477865
35218,20,Jogging,1546223521000,7.78,1.76,-0.9942854
35219,20,Jogging,1546282542000,17.5,17.97,-1.9204689999999998
35221,20,Jogging,1546382304000,7.44,8.35,-3.336985
35222,20,Jogging,1546432109000,-10.53,3.6,-1.4573771999999998
35223,20,Jogging,1546482402000,-9.58,-0.8,0.6537767
35224,20,Jogging,1546532237000,2.18,-1.23,0.61291564
35225,20,Jogging,1546582317000,16.02,0.46,-5.9793324
35228,20,Jogging,1546632243000,-4.59,9.58,3.7183550000000003
35226,20,Jogging,1546632243000,-4.59,9.58,3.7183550000000003
35227,20,Jogging,1546632243000,-4.59,9.58,3.7183550000000003
35231,20,Jogging,1546852275000,11.54,-0.65,11.645397
35232,20,Jogging,1546906413000,-0.3,-3.26,-3.4050870000000004
35234,20,Jogging,1547062205000,15.4,16.4,-1.7570249
35235,20,Jogging,1547062205000,15.4,16.4,-1.7570249
35236,20,Jogging,1547162273000,14.44,12.34,-1.8387468999999996
35237,20,Jogging,1547212260000,-5.79,3.87,-1.7978859
35238,20,Jogging,1547262279000,-10.76,0.0,0.5720546
35239,20,Jogging,1547312236000,-4.1,-0.34,-3.3642258999999997
35240,20,Jogging,1547362285000,18.96,2.15,0.7627395
35241,20,Jogging,1547412242000,2.07,5.94,3.7864565999999997
35242,20,Jogging,1547462260000,-3.45,19.53,-4.440233
35243,20,Jogging,1547512126000,7.31,19.57,-1.9477096999999999
35244,20,Jogging,1547565074000,19.19,15.6,-9.343558
35245,20,Jogging,1547565074000,19.19,15.6,-9.343558
35252,20,Jogging,1547882213000,16.28,19.57,8.076866
35253,20,Jogging,1547932475000,18.58,17.08,2.0294318
35254,20,Jogging,1547982310000,0.76,4.56,-1.7570249
35255,20,Jogging,1548032786000,-10.38,2.56,-0.38136974
35256,20,Jogging,1548082378000,-9.28,-2.03,-4.099725
35257,20,Jogging,1548132274000,10.46,0.5,2.5606253
35258,20,Jogging,1548182506000,10.57,0.72,-6.3198414000000005
35260,20,Jogging,1548233043000,-1.31,14.98,0.08172209
35259,20,Jogging,1548233043000,-1.31,14.98,0.08172209
35264,20,Jogging,1548402354000,18.62,1.95,10.991621
35265,20,Jogging,1548402354000,18.62,1.95,10.991621
35263,20,Jogging,1548402354000,18.62,1.95,10.991621
35267,20,Jogging,1548682170000,17.82,19.57,6.66035
35268,20,Jogging,1548682170000,17.82,19.57,6.66035
35269,20,Jogging,1548782298000,0.11,4.52,-3.4050870000000004
35270,20,Jogging,1548832286000,-11.5,1.99,-0.040861044
35271,20,Jogging,1548882304000,-8.35,-1.53,-2.7513103
35272,20,Jogging,1548932262000,11.96,3.06,1.9204689999999998
35273,20,Jogging,1548982249000,5.86,-0.95,-4.8216033
35274,20,Jogging,1549032268000,-1.84,18.66,-3.5957718
35275,20,Jogging,1549082255000,1.65,19.53,0.27240697
35276,20,Jogging,1549132335000,14.82,19.57,-6.9327570000000005
35277,20,Jogging,1549182109000,19.53,2.11,7.927042500000001
35279,20,Jogging,1549233745000,6.51,-1.8,-0.46309182
35280,20,Jogging,1549233745000,6.51,-1.8,-0.46309182
35278,20,Jogging,1549233745000,6.51,-1.8,-0.46309182
35281,20,Jogging,1549233745000,6.51,-1.8,-0.46309182
35282,20,Jogging,1549301311000,1.84,-5.6,-2.5606253
35285,20,Jogging,1549502208000,19.0,18.85,3.7183550000000003
35284,20,Jogging,1549502208000,19.0,18.85,3.7183550000000003
35286,20,Jogging,1549602428000,-11.3,2.49,-0.6537767
35287,20,Jogging,1549652263000,-8.73,-1.76,-1.3075534
35288,20,Jogging,1549702251000,8.31,-0.15,2.8330324
35289,20,Jogging,1549752238000,10.84,-1.84,-8.962189
35290,20,Jogging,1549802257000,-3.53,15.79,4.671779
35291,20,Jogging,1549802257000,-3.53,15.79,4.671779
35292,20,Jogging,1549802257000,-3.53,15.79,4.671779
35295,20,Jogging,1549992137000,13.48,-1.92,10.310603
35294,20,Jogging,1549992137000,13.48,-1.92,10.310603
35296,20,Jogging,1549992137000,13.48,-1.92,10.310603
35298,20,Jogging,1550122447000,8.5,-1.53,6.4015636
35297,20,Jogging,1550122447000,8.5,-1.53,6.4015636
35299,20,Jogging,1550172496000,10.15,8.43,-1.9885708
35300,20,Jogging,1550222545000,16.4,19.57,0.53119355
35301,20,Jogging,1550273234000,19.53,18.77,5.7886477
35302,20,Jogging,1550323741000,5.28,5.52,-4.018002500000001
35303,20,Jogging,1550373241000,-11.33,1.88,-2.8330324
35304,20,Jogging,1550423625000,-9.23,-1.38,-1.8796080000000002
35305,20,Jogging,1550473094000,6.24,1.8,5.5162406
35306,20,Jogging,1550523509000,14.86,-0.57,-8.117727
35307,20,Jogging,1550572246000,-4.63,12.72,4.3993720000000005
35308,20,Jogging,1550623363000,-3.02,19.53,-3.4868089999999996
35309,20,Jogging,1550672130000,14.37,19.57,-2.6014863999999998
35311,20,Jogging,1550726146000,19.57,7.08,4.3312707
35310,20,Jogging,1550726146000,19.57,7.08,4.3312707
35312,20,Jogging,1550792369000,4.99,-0.69,-4.099725
35315,20,Jogging,1551120189000,4.44,7.55,-4.7535014
35316,20,Jogging,1551172191000,-12.64,-0.15,-0.23154591
35317,20,Jogging,1551222209000,-6.85,-1.73,-0.88532263
35318,20,Jogging,1551272349000,14.21,3.06,4.630918
35319,20,Jogging,1551322124000,4.67,-1.73,-10.800936
35322,20,Jogging,1551372203000,0.0,16.25,4.4810944
35321,20,Jogging,1551372203000,0.0,16.25,4.4810944
35320,20,Jogging,1551372203000,0.0,16.25,4.4810944
35326,20,Jogging,1551543956000,15.4,0.11,13.211738
35325,20,Jogging,1551543956000,15.4,0.11,13.211738
35324,20,Jogging,1551543956000,15.4,0.11,13.211738
35323,20,Jogging,1551543956000,15.4,0.11,13.211738
35327,20,Jogging,1551600230000,0.57,-0.08,-4.7126402999999994
35329,20,Jogging,1551762767000,15.51,14.71,-4.0588636
35330,20,Jogging,1551822154000,18.85,19.57,5.09401
35331,20,Jogging,1551872203000,13.59,14.18,-2.3018389
35332,20,Jogging,1551922404000,-6.63,4.37,-1.56634
35333,20,Jogging,1551972301000,-10.38,-0.38,0.95342433
35334,20,Jogging,1552022258000,-5.52,-1.14,-1.56634
35335,20,Jogging,1552072246000,19.42,0.53,-2.3699405
35336,20,Jogging,1552122295000,1.61,3.38,-0.23154591
35337,20,Jogging,1552172282000,-2.64,19.23,-2.9556155
35338,20,Jogging,1552222270000,2.96,19.57,-1.3075534
35339,20,Jogging,1552272105000,17.67,18.92,-8.049625
35340,20,Jogging,1552322185000,17.54,-0.3,13.102775
35343,20,Jogging,1552322185000,17.54,-0.3,13.102775
35342,20,Jogging,1552322185000,17.54,-0.3,13.102775
35341,20,Jogging,1552322185000,17.54,-0.3,13.102775
35346,20,Jogging,1552632243000,18.96,19.04,5.2165932999999995
35347,20,Jogging,1552682231000,7.74,7.31,-3.173541
35348,20,Jogging,1552732219000,-10.42,2.96,-1.3075534
35349,20,Jogging,1552782329000,-8.81,-0.95,-0.0
35350,20,Jogging,1552842265000,10.61,1.8,3.9090397000000006
35351,20,Jogging,1552892253000,9.0,-2.3,-9.575105
35353,20,Jogging,1552942271000,-2.37,17.62,2.3018389
35352,20,Jogging,1552942271000,-2.37,17.62,2.3018389
35354,20,Jogging,1552942271000,-2.37,17.62,2.3018389
35357,20,Jogging,1553123119000,15.85,-1.04,11.958665
35356,20,Jogging,1553123119000,15.85,-1.04,11.958665
35360,20,Jogging,1553292216000,7.59,1.27,0.92618364
35361,20,Jogging,1553342174000,14.6,14.52,-4.5900574
35362,20,Jogging,1553392253000,18.85,19.57,6.823794400000001
35363,20,Jogging,1553442424000,15.28,14.48,-0.19068487
35364,20,Jogging,1553492107000,-5.09,3.57,-3.214402
35365,20,Jogging,1553542277000,-10.92,-0.72,1.9204689999999998
35366,20,Jogging,1553592265000,-5.09,-0.84,-2.7921712000000003
35367,20,Jogging,1553642284000,18.58,2.79,0.84446156
35368,20,Jogging,1553692271000,3.95,1.69,-2.070293
35369,20,Jogging,1553742290000,-2.96,17.47,0.040861044
35370,20,Jogging,1553792247000,2.72,19.57,-0.84446156
35371,20,Jogging,1553842235000,16.36,19.15,-8.240311
35374,20,Jogging,1554152141000,17.05,18.81,-1.7978859
35375,20,Jogging,1554202312000,19.46,19.34,9.112013000000001
35376,20,Jogging,1554252330000,8.05,7.21,-3.1054392
35377,20,Jogging,1554302440000,-10.04,3.41,-1.8796080000000002
35378,20,Jogging,1554352275000,-9.89,-0.69,-0.95342433
35379,20,Jogging,1554402385000,3.26,-1.88,1.334794
35380,20,Jogging,1554452281000,15.4,1.5,-5.706926
35383,20,Jogging,1554502299000,-4.1,9.38,2.070293
35382,20,Jogging,1554502299000,-4.1,9.38,2.070293
35381,20,Jogging,1554502299000,-4.1,9.38,2.070293
35385,20,Jogging,1554692577000,16.36,-3.26,13.525004999999998
35386,20,Jogging,1554692577000,16.36,-3.26,13.525004999999998
35389,20,Jogging,1554852244000,10.27,-0.27,0.7218784
35390,20,Jogging,1554902293000,13.87,12.07,-3.8681788
35391,20,Jogging,1554952281000,18.73,19.57,6.170017700000001
35392,20,Jogging,1555002269000,16.51,16.4,0.08172209
35393,20,Jogging,1555053111000,-2.07,1.57,-4.290409599999999
35394,20,Jogging,1555102275000,-13.4,-0.04,-0.38136974
35395,20,Jogging,1555152324000,-8.2,-1.69,-4.140586
35396,20,Jogging,1555202220000,17.27,2.72,4.018002500000001
35397,20,Jogging,1555252238000,-1.12,-0.34,-5.625203599999999
35398,20,Jogging,1555302226000,-1.53,19.53,-0.7627395
35399,20,Jogging,1555352275000,3.6,19.53,-0.88532263
35400,20,Jogging,1555402110000,16.86,19.42,-9.493382
35401,20,Jogging,1555453441000,18.77,-1.99,14.818938000000001
35404,20,Jogging,1555565227000,6.63,-5.82,4.0588636
35407,20,Jogging,1555732768000,18.28,19.57,9.234595
35409,20,Jogging,1555832255000,-9.89,2.11,-1.9477096999999999
35408,20,Jogging,1555832255000,-9.89,2.11,-1.9477096999999999
35411,20,Jogging,1555932292000,2.68,-1.14,0.3405087
35410,20,Jogging,1555932292000,2.68,-1.14,0.3405087
35412,20,Jogging,1555982249000,16.51,1.5,-4.7126402999999994
35415,20,Jogging,1556032207000,-2.03,9.77,1.0760075
35414,20,Jogging,1556032207000,-2.03,9.77,1.0760075
35413,20,Jogging,1556032207000,-2.03,9.77,1.0760075
35417,20,Jogging,1556232188000,14.63,-1.42,11.073342
35418,20,Jogging,1556232188000,14.63,-1.42,11.073342
35420,20,Jogging,1556362163000,8.05,-0.34,6.823794400000001
35421,20,Jogging,1556412425000,10.57,5.98,-2.2201166000000003
35422,20,Jogging,1556462230000,19.31,19.34,-3.173541
35423,20,Jogging,1556512340000,18.58,19.53,7.1234417
35424,20,Jogging,1556562266000,6.82,8.08,-3.1463002999999996
35425,20,Jogging,1556613078000,-12.98,0.0,-1.4982381999999999
35426,20,Jogging,1556662364000,-11.03,-1.8,-0.84446156
35427,20,Jogging,1556712382000,7.63,1.92,4.903325
35428,20,Jogging,1556762279000,13.02,-2.03,-6.469665
35429,20,Jogging,1556812327000,-3.26,12.53,-0.95342433
35430,20,Jogging,1556862254000,-4.1,19.34,-1.8796080000000002
35431,20,Jogging,1556862254000,-4.1,19.34,-1.8796080000000002
35432,20,Jogging,1556862254000,-4.1,19.34,-1.8796080000000002
35433,20,Jogging,1556912334000,14.29,19.53,-1.9885708
35435,20,Jogging,1557092143000,5.41,-6.93,4.671779
35436,20,Jogging,1557142284000,7.93,0.38,1.8796080000000002
35437,20,Jogging,1557142284000,7.93,0.38,1.8796080000000002
35440,20,Jogging,1557302287000,18.47,17.08,0.6537767
35441,20,Jogging,1557302287000,18.47,17.08,0.6537767
35442,20,Jogging,1557422130000,-13.57,0.57,-1.8796080000000002
35443,20,Jogging,1557472270000,-3.02,-0.3,0.040861044
