,user,label,timestamp,x,y,z
36654,20,Jogging,1617372295000,-1.23,19.57,-2.982856
36655,20,Jogging,1617422130000,14.79,19.57,-3.6774937999999993
36656,20,Jogging,1617472209000,19.57,8.5,1.9885708
36657,20,Jogging,1617523753000,9.38,-2.45,3.3778462
36660,20,Jogging,1617523753000,9.38,-2.45,3.3778462
36658,20,Jogging,1617523753000,9.38,-2.45,3.3778462
36659,20,Jogging,1617523753000,9.38,-2.45,3.3778462
36662,20,Jogging,1617732219000,16.93,18.96,-2.6014863999999998
36663,20,Jogging,1617792338000,19.27,18.66,6.469665
36664,20,Jogging,1617842174000,-0.61,6.24,-2.8738932999999998
36666,20,Jogging,1617902324000,-13.48,1.88,-0.6946376999999999
36665,20,Jogging,1617902324000,-13.48,1.88,-0.6946376999999999
36667,20,Jogging,1618002238000,16.47,6.44,3.3778462
36669,20,Jogging,1618052348000,1.12,0.89,-0.95342433
36668,20,Jogging,1618052348000,1.12,0.89,-0.95342433
36670,20,Jogging,1618112315000,-2.98,19.57,-2.4516625
36672,20,Jogging,1618183848000,10.88,19.53,-0.3405087
36671,20,Jogging,1618183848000,10.88,19.53,-0.3405087
36674,20,Jogging,1618294322000,9.34,-3.21,8.008764
36675,20,Jogging,1618294322000,9.34,-3.21,8.008764
36678,20,Jogging,1618512279000,17.88,19.57,-0.6537767
36679,20,Jogging,1618562205000,19.19,18.77,7.164303
36681,20,Jogging,1618612224000,4.33,7.4,-3.5685309999999997
36680,20,Jogging,1618612224000,4.33,7.4,-3.5685309999999997
36683,20,Jogging,1618712199000,-8.96,-2.18,-1.4982381999999999
36682,20,Jogging,1618712199000,-8.96,-2.18,-1.4982381999999999
36685,20,Jogging,1618812236000,9.89,0.46,-6.973617999999999
36684,20,Jogging,1618812236000,9.89,0.46,-6.973617999999999
36686,20,Jogging,1618912150000,-0.3,19.57,-1.2258313
36687,20,Jogging,1618912150000,-0.3,19.57,-1.2258313
36688,20,Jogging,1619012187000,19.57,9.96,-3.7592160000000003
36692,20,Jogging,1619194499000,11.11,-4.1,7.3958488
36695,20,Jogging,1619302226000,14.71,19.57,7.7363577
36696,20,Jogging,1619362407000,15.47,10.92,-4.099725
36697,20,Jogging,1619412303000,-8.35,3.34,-2.7921712000000003
36698,20,Jogging,1619462260000,-11.07,-2.83,-0.61291564
36699,20,Jogging,1619512920000,-3.64,1.76,-2.9147543999999996
36700,20,Jogging,1619562236000,18.39,5.28,-0.3405087
36701,20,Jogging,1619612376000,2.68,7.82,-0.38136974
36702,20,Jogging,1619662273000,-0.95,18.81,-1.9477096999999999
36703,20,Jogging,1619723582000,11.56,19.57,-1.4573771999999998
36706,20,Jogging,1619842143000,5.98,-0.91,-0.42223078
36707,20,Jogging,1619842143000,5.98,-0.91,-0.42223078
36709,20,Jogging,1620024089000,15.21,15.32,-3.9090397000000006
36710,20,Jogging,1620082164000,16.36,19.57,10.419566
36711,20,Jogging,1620132304000,15.17,11.69,-3.5957718
36712,20,Jogging,1620182201000,-7.12,3.26,-3.2961242
36713,20,Jogging,1620232280000,-12.34,0.93,0.08172209
36714,20,Jogging,1620282146000,-7.01,-1.27,-4.7535014
36715,20,Jogging,1620332225000,19.15,1.76,-0.88532263
36716,20,Jogging,1620382274000,1.73,8.73,1.8796080000000002
36717,20,Jogging,1620432414000,-3.98,18.77,-3.6774937999999993
36718,20,Jogging,1620482127000,7.5,19.57,1.4573771999999998
36719,20,Jogging,1620532817000,17.92,18.35,-10.18802
36724,20,Jogging,1620642497000,1.04,-5.05,-8.308413
36723,20,Jogging,1620642497000,1.04,-5.05,-8.308413
36726,20,Jogging,1620852489000,18.2,19.57,11.264028
36727,20,Jogging,1620902476000,12.37,9.15,-4.290409599999999
36728,20,Jogging,1620952342000,-9.58,2.3,-3.9499009
36729,20,Jogging,1621002299000,-12.11,0.27,-1.4165162
36730,20,Jogging,1621052196000,-5.41,0.65,-3.8273177000000005
36731,20,Jogging,1621102275000,18.85,2.3,-0.42223078
36732,20,Jogging,1621152324000,-0.89,7.01,0.84446156
36733,20,Jogging,1621152324000,-0.89,7.01,0.84446156
36735,20,Jogging,1621282207000,15.05,19.57,-6.2108784
36736,20,Jogging,1621333385000,19.34,0.46,12.026767
36737,20,Jogging,1621333385000,19.34,0.46,12.026767
36740,20,Jogging,1621502177000,8.05,-0.8,0.53119355
36741,20,Jogging,1621552287000,12.49,10.0,-2.982856
36742,20,Jogging,1621552287000,12.49,10.0,-2.982856
36743,20,Jogging,1621652598000,18.16,16.89,1.6889231
36744,20,Jogging,1621702312000,-0.91,5.86,-3.9499009
36745,20,Jogging,1621752269000,-15.13,1.38,-0.95342433
36746,20,Jogging,1621802287000,-9.47,-0.38,-4.0588636
36747,20,Jogging,1621852885000,14.33,4.37,3.4868089999999996
36748,20,Jogging,1621902263000,2.87,2.53,-4.1814466
36749,20,Jogging,1621952312000,4.02,19.57,-0.14982383
36750,20,Jogging,1622002238000,5.01,18.2,1.1168685
36752,20,Jogging,1622052531000,14.82,18.92,-8.812365
36751,20,Jogging,1622052531000,14.82,18.92,-8.812365
36755,20,Jogging,1622162150000,3.68,-4.75,-6.428804
36754,20,Jogging,1622162150000,3.68,-4.75,-6.428804
36756,20,Jogging,1622222606000,5.79,-4.56,4.372132
36758,20,Jogging,1622372142000,19.53,19.57,6.5513873
36759,20,Jogging,1622422313000,18.16,16.7,1.8387468999999996
36760,20,Jogging,1622492320000,-0.15,7.86,-1.8796080000000002
36761,20,Jogging,1622492320000,-0.15,7.86,-1.8796080000000002
36762,20,Jogging,1622592265000,-5.05,-0.76,-3.5957718
36764,20,Jogging,1622642345000,19.46,1.99,-2.1383946
36763,20,Jogging,1622642345000,19.46,1.99,-2.1383946
36765,20,Jogging,1622642345000,19.46,1.99,-2.1383946
36766,20,Jogging,1622753245000,-2.91,17.67,-2.4108016
36768,20,Jogging,1622872203000,19.57,10.12,2.3699405
36770,20,Jogging,1622922313000,7.4,-2.53,-0.23154591
36769,20,Jogging,1622922313000,7.4,-2.53,-0.23154591
36774,20,Jogging,1623122325000,12.34,15.89,-3.5276701
36773,20,Jogging,1623122325000,12.34,15.89,-3.5276701
36775,20,Jogging,1623222209000,14.79,12.87,-0.6537767
36776,20,Jogging,1623272288000,-5.67,4.25,0.38136974
36777,20,Jogging,1623272288000,-5.67,4.25,0.38136974
36778,20,Jogging,1623332225000,-11.45,0.5,-0.61291564
36779,20,Jogging,1623382396000,-4.71,-1.33,-7.2732660000000005
36781,20,Jogging,1623493144000,-1.31,6.32,2.3426998
36782,20,Jogging,1623542155000,-3.45,17.88,-5.625203599999999
36784,20,Jogging,1623542155000,-3.45,17.88,-5.625203599999999
36783,20,Jogging,1623542155000,-3.45,17.88,-5.625203599999999
36785,20,Jogging,1623702098000,17.16,-0.69,13.021052000000001
36786,20,Jogging,1623702098000,17.16,-0.69,13.021052000000001
36789,20,Jogging,1623862285000,6.59,1.18,1.1441092
36790,20,Jogging,1623912242000,14.33,14.63,-3.2961242
36791,20,Jogging,1623962199000,16.47,19.57,7.8861814
36792,20,Jogging,1624012248000,18.01,14.71,-1.7297841
36793,20,Jogging,1624082469000,-7.27,3.53,-1.8796080000000002
36794,20,Jogging,1624132213000,-10.5,-1.12,-0.84446156
36795,20,Jogging,1624182292000,-4.9,1.33,-5.666064700000001
36796,20,Jogging,1624232219000,18.85,4.52,0.3405087
36797,20,Jogging,1624282268000,-1.61,2.18,2.1792557
36798,20,Jogging,1624332164000,1.61,19.57,-5.706926
36799,20,Jogging,1624382121000,7.97,18.47,0.7218784
36800,20,Jogging,1624432201000,17.92,17.2,-8.430995
36806,20,Jogging,1624752269000,18.31,19.57,8.62168
36807,20,Jogging,1624802287000,13.95,13.99,-2.1383946
36808,20,Jogging,1624852275000,-6.17,5.67,-2.7513103
36809,20,Jogging,1624902507000,-12.76,-0.61,-0.61291564
36810,20,Jogging,1624952220000,-6.85,-1.23,-1.607201
36811,20,Jogging,1625002605000,18.43,5.41,3.7864565999999997
36812,20,Jogging,1625052318000,0.65,0.99,-3.3642258999999997
36813,20,Jogging,1625102306000,1.54,19.57,-1.9204689999999998
36815,20,Jogging,1625102306000,1.54,19.57,-1.9204689999999998
36814,20,Jogging,1625102306000,1.54,19.57,-1.9204689999999998
36818,20,Jogging,1625342143000,5.48,-7.08,-1.2258313
36820,20,Jogging,1625392192000,8.5,-4.48,5.0531489999999994
36819,20,Jogging,1625392192000,8.5,-4.48,5.0531489999999994
36823,20,Jogging,1625562877000,17.97,16.28,-1.9477096999999999
36824,20,Jogging,1625612285000,-2.72,4.48,-2.070293
36825,20,Jogging,1625662212000,-12.49,0.5,-0.6946376999999999
36826,20,Jogging,1625713054000,-8.96,-0.76,-4.018002500000001
36827,20,Jogging,1625762309000,11.22,6.28,3.7592160000000003
36828,20,Jogging,1625812389000,8.05,-0.23,-3.1463002999999996
36829,20,Jogging,1625862224000,-0.23,17.05,-3.6366330000000002
36830,20,Jogging,1625912303000,5.86,19.31,-0.08172209
36831,20,Jogging,1625962199000,16.74,18.28,-7.927042500000001
36832,20,Jogging,1626012279000,18.05,1.04,11.264028
36833,20,Jogging,1626062205000,2.83,0.19,-4.2086873
36834,20,Jogging,1626112285000,4.14,-5.48,-2.6423476000000004
36835,20,Jogging,1626162242000,9.43,-4.25,7.7772183
36836,20,Jogging,1626212291000,10.42,6.7,-1.8796080000000002
36837,20,Jogging,1626262248000,17.92,19.53,-0.7627395
36838,20,Jogging,1626312266000,19.5,19.11,6.633109599999999
36839,20,Jogging,1626362254000,6.74,8.85,-3.9090397000000006
36840,20,Jogging,1626412303000,-12.64,1.99,-2.4108016
36841,20,Jogging,1626462199000,-10.57,-3.17,-1.6889231
36842,20,Jogging,1626512309000,2.07,2.53,1.7978859
36843,20,Jogging,1626562236000,15.75,2.49,-5.706926
36844,20,Jogging,1626612285000,0.19,9.96,0.3405087
36845,20,Jogging,1626662181000,0.65,19.53,-0.7218784
36846,20,Jogging,1626712291000,12.34,18.16,-1.334794
36847,20,Jogging,1626762584000,19.57,10.65,-2.1792557
36851,20,Jogging,1626872447000,2.15,-5.94,-5.202973
36853,20,Jogging,1627092204000,19.0,17.86,2.7240696
36852,20,Jogging,1627092204000,19.0,17.86,2.7240696
36854,20,Jogging,1627142284000,-0.11,3.72,-2.7513103
36855,20,Jogging,1627192180000,-12.91,3.17,-0.9942854
36856,20,Jogging,1627242900000,-10.11,-1.73,-3.8681788
36857,20,Jogging,1627292308000,9.89,2.45,2.1792557
36858,20,Jogging,1627342357000,9.43,1.42,-0.46309182
36859,20,Jogging,1627392284000,0.23,17.35,-7.014479
36860,20,Jogging,1627442699000,4.02,19.57,-2.5333846
36861,20,Jogging,1627492290000,15.13,18.7,-4.4810944
36862,20,Jogging,1627542796000,19.46,4.25,8.430995
36863,20,Jogging,1627592265000,4.9,-0.53,-2.2201166000000003
36864,20,Jogging,1627642741000,2.68,-5.9,-2.8330324
36865,20,Jogging,1627692302000,10.34,-5.13,8.158588
36866,20,Jogging,1627742778000,10.57,6.44,-2.7921712000000003
36867,20,Jogging,1627792277000,18.2,19.27,0.313268
36868,20,Jogging,1627842723000,18.05,19.53,9.765789
36869,20,Jogging,1627892284000,11.41,8.01,-4.5628166
36870,20,Jogging,1627942729000,-10.65,2.98,-3.2961242
36871,20,Jogging,1627992259000,-10.88,-1.69,-2.2609777
36872,20,Jogging,1628042705000,-3.15,-0.42,-2.4108016
36873,20,Jogging,1628092265000,16.7,3.57,-3.5957718
36874,20,Jogging,1628142650000,-4.56,4.94,3.4459480000000005
36875,20,Jogging,1628192210000,3.64,19.57,-2.1792557
36876,20,Jogging,1628242381000,13.57,19.5,-1.3756552
36878,20,Jogging,1628292796000,19.34,10.04,-6.0201936
36877,20,Jogging,1628292796000,19.34,10.04,-6.0201936
36882,20,Jogging,1628622172000,19.34,19.34,7.7363577
36883,20,Jogging,1628672374000,8.89,5.75,-3.214402
36884,20,Jogging,1628722240000,-11.26,1.88,-2.5606253
36885,20,Jogging,1628772227000,-10.42,-3.21,-1.9204689999999998
36886,20,Jogging,1628823070000,1.61,1.61,-0.95342433
36889,20,Jogging,1628872325000,15.32,4.29,-4.4810944
36888,20,Jogging,1628872325000,15.32,4.29,-4.4810944
36887,20,Jogging,1628872325000,15.32,4.29,-4.4810944
36890,20,Jogging,1628922374000,0.72,9.58,3.8681788
36894,20,Jogging,1629153300000,3.83,-1.84,-3.9499009
36896,20,Jogging,1629302226000,10.08,8.47,-2.7513103
36897,20,Jogging,1629352275000,19.23,19.57,-0.9942854
36898,20,Jogging,1629402202000,18.58,18.43,4.2086873
36899,20,Jogging,1629452373000,2.34,5.71,-2.7921712000000003
