,user,label,timestamp,x,y,z
37156,20,Jogging,1642063182000,19.08,19.53,11.413852
37158,20,Jogging,1642232738000,-10.88,-0.65,-2.7240696
37159,20,Jogging,1642282329000,7.89,2.83,1.1849703
37160,20,Jogging,1642332378000,12.34,0.53,-4.5900574
37162,20,Jogging,1642382182000,-2.45,10.61,5.5162406
37161,20,Jogging,1642382182000,-2.45,10.61,5.5162406
37164,20,Jogging,1642532939000,19.53,14.29,-3.5957718
37165,20,Jogging,1642532939000,19.53,14.29,-3.5957718
37166,20,Jogging,1642582317000,13.02,-1.12,11.604536
37169,20,Jogging,1642742198000,4.02,0.53,-0.6537767
37168,20,Jogging,1642742198000,4.02,0.53,-0.6537767
37170,20,Jogging,1642842296000,19.0,19.57,1.9477096999999999
37171,20,Jogging,1642892314000,18.16,18.89,3.173541
37172,20,Jogging,1642942210000,-3.36,6.59,-2.4925237
37173,20,Jogging,1642992259000,-13.14,3.38,-0.42223078
37174,20,Jogging,1643042277000,-9.7,-0.5,-5.9793324
37175,20,Jogging,1643092265000,11.75,2.87,1.6480621
37176,20,Jogging,1643142253000,8.89,-1.69,-3.4459480000000005
37177,20,Jogging,1643192271000,0.99,15.79,-0.61291564
37178,20,Jogging,1643242137000,-2.53,19.53,-2.8738932999999998
37179,20,Jogging,1643292400000,11.8,19.53,1.0760075
37180,20,Jogging,1643292400000,11.8,19.53,1.0760075
37184,20,Jogging,1643462291000,2.87,-5.52,-2.8330324
37185,20,Jogging,1643462291000,2.87,-5.52,-2.8330324
37187,20,Jogging,1643682262000,19.57,19.53,7.055340299999999
37188,20,Jogging,1643732310000,5.79,8.2,-3.2552630000000002
37189,20,Jogging,1643782329000,-11.92,5.22,-1.1441092
37190,20,Jogging,1643832255000,-11.3,-0.76,-1.3756552
37191,20,Jogging,1643882335000,1.04,-0.11,-2.4516625
37192,20,Jogging,1643942271000,13.25,3.11,-5.5162406
37193,20,Jogging,1643992198000,0.42,12.41,0.7627395
37194,20,Jogging,1643992198000,0.42,12.41,0.7627395
37195,20,Jogging,1643992198000,0.42,12.41,0.7627395
37198,20,Jogging,1644172191000,17.5,-0.84,13.252598999999998
37199,20,Jogging,1644172191000,17.5,-0.84,13.252598999999998
37200,20,Jogging,1644230571000,4.48,-3.26,-5.407278
37202,20,Jogging,1644392558000,12.34,15.09,-1.1849703
37203,20,Jogging,1644442180000,17.73,19.57,5.706926
37204,20,Jogging,1644492320000,16.97,15.55,0.313268
37205,20,Jogging,1644542216000,-2.68,4.33,-2.4108016
37206,20,Jogging,1644592815000,-12.79,1.76,-0.27240697
37207,20,Jogging,1644642223000,-7.16,-0.27,-2.9556155
37208,20,Jogging,1644692271000,15.43,5.75,1.4165162
37209,20,Jogging,1644742198000,5.28,1.23,0.3405087
37210,20,Jogging,1644792308000,-1.84,13.33,-0.8036005
37211,20,Jogging,1644842204000,1.38,19.57,-2.7921712000000003
37215,20,Jogging,1644892223000,15.02,19.57,-6.823794400000001
37216,20,Jogging,1644892223000,15.02,19.57,-6.823794400000001
37213,20,Jogging,1644892223000,15.02,19.57,-6.823794400000001
37212,20,Jogging,1644892223000,15.02,19.57,-6.823794400000001
37214,20,Jogging,1644892223000,15.02,19.57,-6.823794400000001
37217,20,Jogging,1645162273000,10.88,11.26,-3.1463002999999996
37218,20,Jogging,1645162273000,10.88,11.26,-3.1463002999999996
37219,20,Jogging,1645212413000,17.24,19.57,3.7864565999999997
37220,20,Jogging,1645263011000,18.81,18.2,2.0294318
37221,20,Jogging,1645313090000,-1.04,2.6,-3.1054392
37222,20,Jogging,1645363597000,-13.78,1.42,-0.42223078
37223,20,Jogging,1645412547000,-8.77,-1.92,-3.8681788
37224,20,Jogging,1645463237000,10.38,3.91,2.4108016
37226,20,Jogging,1645512401000,8.96,-0.11,-5.012288
37225,20,Jogging,1645512401000,8.96,-0.11,-5.012288
37227,20,Jogging,1645563029000,-2.64,14.71,1.6889231
37232,20,Jogging,1645802409000,1.61,-2.79,-2.6423476000000004
37230,20,Jogging,1645802409000,1.61,-2.79,-2.6423476000000004
37231,20,Jogging,1645802409000,1.61,-2.79,-2.6423476000000004
37236,20,Jogging,1646002177000,15.79,19.57,7.055340299999999
37235,20,Jogging,1646002177000,15.79,19.57,7.055340299999999
37234,20,Jogging,1646002177000,15.79,19.57,7.055340299999999
37237,20,Jogging,1646152263000,-12.15,2.64,0.23154591
37238,20,Jogging,1646202312000,-7.93,-1.57,-5.1348709999999995
37239,20,Jogging,1646252208000,15.02,4.79,1.7978859
37240,20,Jogging,1646302287000,2.96,2.64,3.8681788
37241,20,Jogging,1646352214000,-4.79,17.2,-3.1463002999999996
37242,20,Jogging,1646402293000,1.14,19.11,-1.1441092
37243,20,Jogging,1646452129000,18.12,19.57,-8.662541000000001
37244,20,Jogging,1646452129000,18.12,19.57,-8.662541000000001
37245,20,Jogging,1646503612000,19.57,0.61,11.75436
37246,20,Jogging,1646503612000,19.57,0.61,11.75436
37247,20,Jogging,1646503612000,19.57,0.61,11.75436
37248,20,Jogging,1646572215000,3.49,-3.34,-6.891896000000001
37251,20,Jogging,1646772166000,16.36,19.53,1.7297841
37252,20,Jogging,1646872264000,4.63,4.67,-2.7513103
37253,20,Jogging,1646922282000,-11.99,4.6,-0.6946376999999999
37254,20,Jogging,1646972209000,-9.7,0.8,-0.9125633
37255,20,Jogging,1647022258000,3.17,-0.57,-1.9885708
37256,20,Jogging,1647072215000,15.55,2.07,-7.3958488
37258,20,Jogging,1647122264000,0.5,12.79,2.9556155
37257,20,Jogging,1647122264000,0.5,12.79,2.9556155
37259,20,Jogging,1647122264000,0.5,12.79,2.9556155
37265,20,Jogging,1647482219000,5.83,0.08,-0.0
37266,20,Jogging,1647532207000,14.41,12.18,-2.982856
37267,20,Jogging,1647582286000,18.47,19.57,7.205164
37268,20,Jogging,1647632609000,16.93,15.6,1.7297841
37269,20,Jogging,1647682262000,-0.89,4.52,-2.6832085
37270,20,Jogging,1647732707000,-12.53,4.21,0.27240697
37271,20,Jogging,1647782268000,-8.69,-1.5,-3.5276701
37272,20,Jogging,1647832286000,14.1,5.05,-0.19068487
37273,20,Jogging,1647882304000,4.79,-1.57,-3.6366330000000002
37274,20,Jogging,1647932262000,0.31,15.83,-1.6480621
37275,20,Jogging,1647982310000,0.61,18.47,-2.5606253
37276,20,Jogging,1648032146000,12.76,19.08,-5.407278
37280,20,Jogging,1648086497000,19.57,7.93,5.938472
37279,20,Jogging,1648086497000,19.57,7.93,5.938472
37278,20,Jogging,1648086497000,19.57,7.93,5.938472
37277,20,Jogging,1648086497000,19.57,7.93,5.938472
37281,20,Jogging,1648086497000,19.57,7.93,5.938472
37283,20,Jogging,1648442729000,16.82,15.94,0.14982383
37284,20,Jogging,1648492259000,-4.56,1.88,-2.3018389
37285,20,Jogging,1648542216000,-13.17,2.11,-0.84446156
37286,20,Jogging,1648592540000,-8.31,-0.53,-5.47538
37287,20,Jogging,1648642284000,15.17,4.67,2.3018389
37288,20,Jogging,1648692393000,3.3,-0.72,-1.3075534
37289,20,Jogging,1648742259000,-0.91,17.58,-5.7886477
37291,20,Jogging,1648792277000,0.34,19.15,-2.6423476000000004
37292,20,Jogging,1648792277000,0.34,19.15,-2.6423476000000004
37290,20,Jogging,1648792277000,0.34,19.15,-2.6423476000000004
37295,20,Jogging,1648992229000,1.5,-6.63,-5.175732
37296,20,Jogging,1648992229000,1.5,-6.63,-5.175732
37297,20,Jogging,1649052287000,6.97,-2.45,5.7886477
37300,20,Jogging,1649252299000,10.73,8.62,-1.8387468999999996
37301,20,Jogging,1649302318000,-11.41,3.6,-3.8681788
37302,20,Jogging,1649352275000,-13.78,0.42,-0.08172209
37303,20,Jogging,1649402263000,-0.69,-0.46,-0.9125633
37304,20,Jogging,1649452251000,18.09,4.1,-5.9793324
37305,20,Jogging,1649502269000,-2.83,9.53,5.284695
37306,20,Jogging,1649552226000,-3.79,19.31,-3.9090397000000006
37307,20,Jogging,1649602214000,10.04,19.57,-0.95342433
37308,20,Jogging,1649602214000,10.04,19.57,-0.95342433
37312,20,Jogging,1649813182000,9.15,-4.37,7.7772183
37314,20,Jogging,1649942241000,17.92,19.53,-1.0760075
37316,20,Jogging,1649992168000,19.57,19.5,7.1234417
37315,20,Jogging,1649992168000,19.57,19.5,7.1234417
37317,20,Jogging,1650092296000,-12.45,2.22,-2.3699405
37318,20,Jogging,1650142284000,-11.84,0.11,-1.7570249
37319,20,Jogging,1650192454000,5.67,1.31,1.4573771999999998
37320,20,Jogging,1650242564000,11.54,-0.15,-7.586533500000001
37321,20,Jogging,1650242564000,11.54,-0.15,-7.586533500000001
37322,20,Jogging,1650292369000,-1.76,13.53,2.3426998
37325,20,Jogging,1650432170000,19.5,15.21,-6.2108784
37326,20,Jogging,1650482219000,12.11,-4.25,9.043911
37329,20,Jogging,1650642284000,7.16,3.99,-1.4165162
37330,20,Jogging,1650752177000,17.35,19.57,9.888372
37331,20,Jogging,1650802318000,11.56,9.58,-4.2495484
37332,20,Jogging,1650852336000,-11.3,1.23,4.7535014
37333,20,Jogging,1650962138000,6.05,1.23,4.7535014
37334,20,Jogging,1650962138000,6.05,1.23,4.7535014
37335,20,Jogging,1651012370000,14.6,1.73,-5.8567495
37336,20,Jogging,1651062236000,0.15,12.41,0.19068487
37337,20,Jogging,1651112346000,-4.4,19.31,-1.7570249
37338,20,Jogging,1651162120000,10.88,19.57,0.7627395
37339,20,Jogging,1651212230000,19.53,12.41,-1.525479
37341,20,Jogging,1651212230000,19.53,12.41,-1.525479
37340,20,Jogging,1651212230000,19.53,12.41,-1.525479
37342,20,Jogging,1651272410000,7.25,-2.41,-0.3405087
37344,20,Jogging,1651442302000,6.24,6.78,-0.3405087
37345,20,Jogging,1651492198000,18.62,19.57,1.4982381999999999
37346,20,Jogging,1651492198000,18.62,19.57,1.4982381999999999
37347,20,Jogging,1651592326000,4.82,4.21,-1.4165162
37348,20,Jogging,1651642345000,-9.66,3.45,-2.3018389
37349,20,Jogging,1651692363000,-9.7,1.46,-2.8330324
37350,20,Jogging,1651742259000,6.4,1.92,3.8273177000000005
37351,20,Jogging,1651792308000,9.66,-0.89,-6.170017700000001
37353,20,Jogging,1651842265000,-1.18,12.76,1.9204689999999998
37352,20,Jogging,1651842265000,-1.18,12.76,1.9204689999999998
37354,20,Jogging,1651914012000,4.56,19.57,-1.334794
37357,20,Jogging,1652052318000,6.85,-2.83,3.336985
37358,20,Jogging,1652107951000,3.87,-5.41,-4.018002500000001
37360,20,Jogging,1652232158000,14.29,13.63,-3.7592160000000003
37361,20,Jogging,1652282176000,17.31,19.57,8.076866
37362,20,Jogging,1652332255000,18.66,16.63,0.7627395
37363,20,Jogging,1652382426000,-0.84,4.02,-3.3642258999999997
37364,20,Jogging,1652432201000,-12.95,1.31,-0.6946376999999999
37365,20,Jogging,1652482341000,-8.27,-0.46,-4.3993720000000005
37366,20,Jogging,1652532512000,13.8,5.98,4.7943625
37367,20,Jogging,1652582347000,3.91,-1.04,0.3405087
37368,20,Jogging,1652632365000,-1.14,17.67,-4.8216033
37369,20,Jogging,1652682262000,2.72,19.57,-1.56634
37370,20,Jogging,1652732310000,14.41,19.04,-5.407278
37371,20,Jogging,1652782146000,19.46,6.44,7.6273947
37374,20,Jogging,1652834758000,4.6,-0.11,0.95342433
37372,20,Jogging,1652834758000,4.6,-0.11,0.95342433
37373,20,Jogging,1652834758000,4.6,-0.11,0.95342433
37377,20,Jogging,1653102306000,17.77,16.86,2.2201166000000003
37378,20,Jogging,1653152293000,-1.33,3.68,-3.4868089999999996
37379,20,Jogging,1653202251000,-13.02,1.84,-1.0351465
37380,20,Jogging,1653202251000,-13.02,1.84,-1.0351465
37382,20,Jogging,1653302318000,12.72,3.95,3.5685309999999997
37381,20,Jogging,1653302318000,12.72,3.95,3.5685309999999997
37383,20,Jogging,1653402232000,-0.11,18.35,-7.04172
37384,20,Jogging,1653452251000,1.23,19.0,-0.9942854
37385,20,Jogging,1653452251000,1.23,19.0,-0.9942854
37386,20,Jogging,1653452251000,1.23,19.0,-0.9942854
37389,20,Jogging,1653632701000,-1.12,-3.41,-5.325556
37392,20,Jogging,1653842631000,17.27,19.57,8.689782000000001
37393,20,Jogging,1653892223000,12.87,12.18,-2.6423476000000004
37394,20,Jogging,1653942241000,-8.31,2.18,-2.9147543999999996
37395,20,Jogging,1653993022000,-11.41,0.11,-0.19068487
37396,20,Jogging,1654042277000,-4.33,1.54,-4.5219555
37397,20,Jogging,1654092357000,18.01,2.64,-0.0
37399,20,Jogging,1654142284000,3.83,8.5,2.8738932999999998
