,user,label,timestamp,x,y,z
842301,21,Jogging,117571471655000,0.04,6.55,5.56
842302,21,Jogging,117571511664000,-2.45,-9.19,-6.17
842303,21,Jogging,117571591498000,-6.4,-5.33,-3.87
842304,21,Jogging,117571631537000,-6.66,4.29,1.76
842305,21,Jogging,117571671545000,5.98,15.98,0.61
842306,21,Jogging,117571751471000,3.49,0.76,-2.22
842307,21,Jogging,117571791510000,2.91,16.59,3.79
842308,21,Jogging,117571831641000,2.34,14.71,1.57
842309,21,Jogging,117571871649000,1.61,5.79,-0.53
842310,21,Jogging,117571951514000,-0.15,9.62,3.49
842311,21,Jogging,117571991492000,5.94,-4.67,-4.99
842312,21,Jogging,117572031531000,4.25,-4.14,-0.38
842313,21,Jogging,117572071478000,0.3,7.01,-1.99
842314,21,Jogging,117572151404000,-2.56,19.76,8.77
842315,21,Jogging,117572191473000,4.94,18.73,10.92
842316,21,Jogging,117572231512000,0.19,6.85,4.71
842317,21,Jogging,117572271521000,0.99,-6.85,-1.95
842318,21,Jogging,117572351508000,-4.71,-5.56,-3.95
842319,21,Jogging,117572391516000,-7.46,7.74,2.98
842320,21,Jogging,117572431464000,8.01,12.41,0.38
842321,21,Jogging,117572471899000,-5.41,11.37,3.45
842322,21,Jogging,117572551520000,6.21,11.45,1.33
842323,21,Jogging,117572593665000,4.25,17.69,4.56
842324,21,Jogging,117572631506000,3.49,7.67,-0.31
842325,21,Jogging,117572671637000,-6.02,4.86,1.69
842326,21,Jogging,117572711523000,-2.07,-5.6,-3.26
842327,21,Jogging,117572791663000,3.83,-3.64,-0.57
842328,21,Jogging,117572831519000,5.18,8.35,-2.79
842329,21,Jogging,117572871619000,-6.24,20.04,2.98
842330,21,Jogging,117572911536000,0.11,16.47,11.5
842331,21,Jogging,117572991522000,-0.99,3.72,4.63
842332,21,Jogging,117573031592000,0.5,-7.86,-3.15
842333,21,Jogging,117573071509000,-3.49,-8.88,-6.63
842334,21,Jogging,117573113806000,-4.71,13.63,2.22
842335,21,Jogging,117573191443000,-6.28,18.7,-6.85
842336,21,Jogging,117573231512000,7.55,1.61,11.26
842337,21,Jogging,117573271674000,9.23,11.69,-4.33
842338,21,Jogging,117573311591000,2.26,13.33,1.53
842339,21,Jogging,117573391516000,-0.89,4.29,-1.5
842340,21,Jogging,117573431464000,-6.85,10.34,4.25
842341,21,Jogging,117573481573000,7.44,-0.95,-2.37
842342,21,Jogging,117573521613000,6.7,-8.92,-3.72
842343,21,Jogging,117573561591000,1.12,0.99,-0.08
842344,21,Jogging,117573641638000,2.49,19.57,4.56
842345,21,Jogging,117573681525000,1.38,19.84,12.56
842346,21,Jogging,117573721625000,2.79,10.65,6.05
842347,21,Jogging,117573761572000,1.08,-1.12,0.76
842348,21,Jogging,117573841498000,-3.49,-8.47,-8.39
842349,21,Jogging,117573881506000,-7.74,5.09,3.34
842350,21,Jogging,117573921545000,3.68,16.63,-1.33
842351,21,Jogging,117573961554000,3.6,3.15,-0.69
842352,21,Jogging,117574041907000,0.84,14.94,6.13
842353,21,Jogging,117574081610000,5.01,14.86,5.13
842354,21,Jogging,117574128119000,1.08,2.11,-1.99
842355,21,Jogging,117574171606000,-7.97,12.57,3.95
842356,21,Jogging,117574251563000,6.51,-6.97,-2.15
842357,21,Jogging,117574291632000,7.12,-1.84,-3.64
842358,21,Jogging,117574332434000,-1.18,15.89,-1.38
842359,21,Jogging,117574371619000,-11.22,19.15,3.21
842360,21,Jogging,117574451544000,6.36,10.99,8.31
842361,21,Jogging,117574491614000,-0.61,0.19,-0.11
842362,21,Jogging,117574531561000,-3.11,-10.8,-5.09
842363,21,Jogging,117574572028000,-3.91,-6.93,-8.28
842364,21,Jogging,117574611700000,-7.25,-1.33,2.22
842365,21,Jogging,117574661810000,4.75,8.54,6.28
842366,21,Jogging,117574741553000,4.82,3.68,0.08
842367,21,Jogging,117574781531000,5.41,18.5,2.11
842368,21,Jogging,117574821539000,2.22,14.98,3.49
842369,21,Jogging,117574861700000,4.29,6.21,1.38
842370,21,Jogging,117574941657000,0.65,7.55,3.87
842371,21,Jogging,117574981512000,6.43,-4.25,-3.6
842372,21,Jogging,117575021521000,2.64,-6.09,-1.04
842373,21,Jogging,117575102728000,-0.42,19.42,1.5
842374,21,Jogging,117575142004000,-1.42,19.99,7.55
842375,21,Jogging,117575181555000,4.94,17.92,11.45
842376,21,Jogging,117575221625000,0.5,8.73,4.56
842377,21,Jogging,117575261572000,0.04,-7.65,-3.17
842378,21,Jogging,117575341498000,-4.44,-6.82,-3.26
842379,21,Jogging,117575381506000,-3.3,11.5,5.13
842380,21,Jogging,117575421545000,2.83,10.61,-3.26
842381,21,Jogging,117575461584000,1.95,7.5,-3.64
842382,21,Jogging,117575544135000,0.15,15.32,3.87
842383,21,Jogging,117575581671000,1.61,15.7,2.07
842384,21,Jogging,117575621497000,3.21,3.95,-1.88
842385,21,Jogging,117575661871000,1.42,9.85,2.79
842386,21,Jogging,117575741522000,8.58,-6.89,-3.26
842387,21,Jogging,117575781622000,4.75,-6.66,-1.04
842388,21,Jogging,117575821509000,0.65,6.09,-4.29
842389,21,Jogging,117575901495000,-1.57,19.95,8.54
842390,21,Jogging,117575941534000,8.62,17.69,9.92
842391,21,Jogging,117575981848000,1.14,4.33,4.18
842392,21,Jogging,117576022620000,-1.65,-8.5,-3.72
842393,21,Jogging,117576062628000,-6.82,-5.28,-2.76
842394,21,Jogging,117576141547000,-3.45,12.03,3.95
842395,21,Jogging,117576181799000,5.28,10.31,-4.71
842396,21,Jogging,117576221533000,-0.38,14.79,9.92
842397,21,Jogging,117576261694000,6.4,15.94,3.49
842398,21,Jogging,117576341498000,4.94,16.36,5.01
842399,21,Jogging,117576381689000,3.76,5.56,-1.46
842400,21,Jogging,117576421515000,-6.7,6.4,1.12
842401,21,Jogging,117576501654000,5.79,-6.51,-4.06
842402,21,Jogging,117576541571000,4.48,-5.18,0.65
842403,21,Jogging,117576582068000,4.4,9.34,-2.49
842404,21,Jogging,117576621558000,-3.83,20.04,1.5
842405,21,Jogging,117576661536000,-1.14,18.54,8.08
842406,21,Jogging,117576711737000,2.18,15.6,8.81
842407,21,Jogging,117576791724000,1.04,-11.65,-4.14
842408,21,Jogging,117576831519000,-3.95,-7.89,-6.47
842409,21,Jogging,117576871497000,-7.06,-1.5,2.68
842410,21,Jogging,117576951544000,-5.01,17.88,-4.29
842411,21,Jogging,117576991553000,8.05,7.82,6.51
842412,21,Jogging,117577031470000,4.02,3.91,0.53
842414,21,Jogging,117577151404000,-3.72,3.91,0.53
842413,21,Jogging,117577151404000,-3.72,3.91,0.53
842415,21,Jogging,117577191382000,-6.36,10.5,3.02
842416,21,Jogging,117577231512000,5.33,2.11,-1.04
842417,21,Jogging,117577271521000,6.24,-6.43,-2.03
842418,21,Jogging,117577311652000,1.57,12.18,-3.21
842419,21,Jogging,117577391516000,-3.49,19.99,4.52
842420,21,Jogging,117577431647000,0.8,19.15,9.38
842421,21,Jogging,117577471655000,6.24,14.71,8.85
842422,21,Jogging,117577528326000,1.23,-3.6,-0.76
842423,21,Jogging,117577571478000,-2.49,-9.47,-4.44
842424,21,Jogging,117577651495000,-8.62,3.02,1.12
842425,21,Jogging,117577691779000,7.82,14.33,4.48
842426,21,Jogging,117577731512000,-1.76,13.14,-0.04
842427,21,Jogging,117577771521000,4.75,8.73,6.63
842428,21,Jogging,117577811530000,5.43,18.73,8.39
842429,21,Jogging,117577895605000,2.98,6.74,-1.65
842430,21,Jogging,117577931464000,-2.83,5.13,-0.65
842431,21,Jogging,117577971686000,-2.64,8.85,2.22
842432,21,Jogging,117578013220000,4.25,-1.61,-1.99
842433,21,Jogging,117578092047000,5.56,5.41,-2.76
842434,21,Jogging,117578131415000,-5.05,19.95,3.06
842435,21,Jogging,117578171667000,-0.99,19.76,7.35
842436,21,Jogging,117578211523000,6.4,7.78,6.82
842437,21,Jogging,117578291541000,1.57,-3.49,-0.84
842438,21,Jogging,117578331519000,0.23,-9.11,-6.66
842439,21,Jogging,117578371527000,-4.14,-4.71,-2.76
842440,21,Jogging,117578451575000,1.61,19.99,-0.23
842441,21,Jogging,117578491614000,4.99,-8.31,6.82
842442,21,Jogging,117578531622000,4.75,10.57,-2.3
842443,21,Jogging,117578574042000,2.14,19.5,7.65
842444,21,Jogging,117578611487000,4.94,7.4,-0.23
842445,21,Jogging,117578691504000,-7.21,4.1,0.91
842446,21,Jogging,117578738013000,1.69,6.51,0.27
842447,21,Jogging,117578781500000,2.22,-4.37,-1.76
842448,21,Jogging,117578821692000,5.41,-0.15,-0.57
842449,21,Jogging,117578901617000,-7.7,19.72,2.53
842450,21,Jogging,117578941504000,4.71,19.57,8.58
842451,21,Jogging,117578981726000,5.43,12.6,9.28
842452,21,Jogging,117579023383000,0.15,-0.15,1.61
842453,21,Jogging,117579061530000,0.5,-8.08,-3.6
842454,21,Jogging,117579106573000,-4.9,-6.32,-6.7
842455,21,Jogging,117579191809000,1.73,16.66,3.45
842456,21,Jogging,117579231512000,-0.42,15.13,-1.12
842457,21,Jogging,117579271521000,6.63,-3.79,6.17
842458,21,Jogging,117579311652000,5.24,18.5,6.85
842459,21,Jogging,117579391638000,3.68,11.75,1.38
842460,21,Jogging,117579431525000,-0.42,3.02,-0.84
842461,21,Jogging,117579471747000,-4.56,9.7,4.37
842462,21,Jogging,117579553687000,2.96,-7.44,-3.41
842463,21,Jogging,117579553687000,2.96,1.65,-1.99
842464,21,Jogging,117579641608000,-1.76,19.15,0.42
842465,21,Jogging,117579681647000,-2.45,19.19,1.88
842466,21,Jogging,117579721686000,4.4,19.08,11.33
842467,21,Jogging,117579801611000,0.65,-1.42,-0.42
842468,21,Jogging,117579841498000,-1.42,-10.31,-4.71
842469,21,Jogging,117579881628000,-4.63,-7.97,-6.89
842470,21,Jogging,117579921637000,-6.4,0.23,1.84
842471,21,Jogging,117579961523000,5.24,13.63,1.76
842472,21,Jogging,117580041541000,8.69,6.28,4.21
842473,21,Jogging,117580081549000,6.13,13.99,-2.34
842474,21,Jogging,117580121527000,-0.42,15.7,3.87
842475,21,Jogging,117580161749000,4.06,3.6,-0.42
842476,21,Jogging,117580241522000,-5.79,11.37,5.86
842477,21,Jogging,117580281500000,6.74,-2.34,-3.26
842478,21,Jogging,117580321631000,5.41,-6.21,-1.04
842479,21,Jogging,117580361761000,3.95,20.04,1.33
842480,21,Jogging,117580441504000,-0.46,18.43,4.06
842481,21,Jogging,117580481543000,8.12,19.5,11.11
842482,21,Jogging,117580521552000,0.65,6.32,5.01
842483,21,Jogging,117580601538000,-3.99,-12.18,-6.44
842484,21,Jogging,117580641638000,-6.85,-7.63,-4.6
842485,21,Jogging,117580681555000,-1.57,7.21,4.71
842486,21,Jogging,117580721503000,7.4,20.04,-2.6
842487,21,Jogging,117580781897000,-0.61,-0.8,5.13
842488,21,Jogging,117580821661000,7.46,15.32,-4.18
842489,21,Jogging,117580861700000,4.33,8.96,2.83
842490,21,Jogging,117580941504000,1.18,1.33,-1.27
842491,21,Jogging,117580981696000,-7.35,10.23,2.75
842492,21,Jogging,117581021582000,2.49,5.09,-0.84
842493,21,Jogging,117581101630000,5.33,-2.41,-1.46
842494,21,Jogging,117581141516000,3.17,13.44,-1.38
842495,21,Jogging,117581181708000,-6.13,19.95,3.45
842496,21,Jogging,117581221503000,5.2,19.95,9.77
842497,21,Jogging,117581261664000,2.96,0.27,2.14
842498,21,Jogging,117581341498000,0.08,-8.31,-4.56
842499,21,Jogging,117581381506000,-2.76,-6.21,-5.48
842500,21,Jogging,117581421515000,-6.55,-4.48,1.18
