,user,label,timestamp,x,y,z
843501,21,Jogging,117631461707000,6.02,19.15,6.89
843502,21,Jogging,117631544104000,5.9,14.1,3.15
843503,21,Jogging,117631581671000,4.79,10.5,0.19
843504,21,Jogging,117631621527000,-6.4,3.72,0.5
843505,21,Jogging,117631661536000,-3.53,-2.6,-3.68
843506,21,Jogging,117631741553000,3.79,-2.87,0.38
843507,21,Jogging,117631781500000,2.56,6.05,-2.76
843508,21,Jogging,117631821661000,-4.52,19.61,3.34
843509,21,Jogging,117631861700000,0.08,17.97,6.85
843510,21,Jogging,117631951544000,-0.31,5.01,4.14
843511,21,Jogging,117631991553000,0.95,-1.42,-0.61
843512,21,Jogging,117632031500000,-3.11,-7.16,-3.45
843513,21,Jogging,117632072150000,-3.79,-7.44,-6.97
843514,21,Jogging,117632151434000,2.45,18.01,0.99
843515,21,Jogging,117632191473000,0.76,0.95,6.17
843516,21,Jogging,117632231635000,4.33,11.84,-2.15
843517,21,Jogging,117632271643000,2.53,20.04,9.08
843518,21,Jogging,117632311530000,2.56,6.51,-0.31
843519,21,Jogging,117632392157000,-6.09,6.89,2.83
843520,21,Jogging,117632431494000,3.26,7.44,-0.08
843521,21,Jogging,117632471625000,3.57,-5.09,-1.69
843522,21,Jogging,117632511664000,2.83,-2.6,-0.61
843523,21,Jogging,117632591284000,-4.79,19.84,3.53
843524,21,Jogging,117632631476000,2.79,18.89,10.46
843525,21,Jogging,117632671637000,2.79,15.09,9.58
843526,21,Jogging,117632711584000,-0.23,2.15,2.64
843527,21,Jogging,117632791418000,-4.67,-6.28,-5.67
843528,21,Jogging,117632832312000,-6.93,-1.38,-2.07
843529,21,Jogging,117632871466000,-0.04,17.77,6.21
843530,21,Jogging,117632911566000,3.79,8.73,0.15
843531,21,Jogging,117632991431000,-0.93,12.68,1.69
843532,21,Jogging,117633031439000,6.13,19.53,6.32
843533,21,Jogging,117633071600000,5.71,7.89,0.27
843534,21,Jogging,117633113867000,-4.29,11.84,3.36
843535,21,Jogging,117633191473000,6.21,-3.21,-4.56
843536,21,Jogging,117633231512000,1.76,-2.64,0.04
843537,21,Jogging,117633271643000,3.91,8.62,-3.11
843538,21,Jogging,117633311591000,-5.24,19.99,9.04
843539,21,Jogging,117633410468000,4.56,14.1,9.53
843540,21,Jogging,117633410468000,4.56,14.1,9.53
843541,21,Jogging,117633491675000,-2.91,-9.23,-4.48
843542,21,Jogging,117633531500000,-5.33,-7.25,-5.28
843543,21,Jogging,117633572333000,-5.18,3.06,2.34
843544,21,Jogging,117633651495000,-1.46,13.38,4.18
843545,21,Jogging,117633691504000,6.36,6.59,5.43
843546,21,Jogging,117633731512000,4.33,12.87,-1.42
843547,21,Jogging,117633771552000,2.41,18.5,7.31
843548,21,Jogging,117633851538000,-2.34,2.76,0.0
843549,21,Jogging,117633981360000,3.83,-4.82,0.19
843550,21,Jogging,117633981360000,3.83,-4.82,0.19
843551,21,Jogging,117633981360000,3.83,-4.82,0.19
843552,21,Jogging,117634022009000,0.95,9.66,-3.17
843553,21,Jogging,117634061591000,0.11,19.38,8.69
843554,21,Jogging,117634141577000,4.18,17.01,9.81
843555,21,Jogging,117634181525000,0.15,4.6,4.56
843556,21,Jogging,117634224493000,1.38,-7.59,-1.12
843557,21,Jogging,117634261816000,-1.95,-5.28,-2.72
843558,21,Jogging,117634341528000,-2.72,11.5,4.02
843559,21,Jogging,117634381506000,0.15,19.38,-2.53
843560,21,Jogging,117634421545000,3.87,4.48,10.31
843561,21,Jogging,117634461676000,6.47,19.04,8.2
843562,21,Jogging,117634544165000,6.13,13.72,2.22
843563,21,Jogging,117634581641000,2.41,6.36,-1.76
843564,21,Jogging,117634621527000,-8.24,4.82,1.92
843565,21,Jogging,117634661536000,0.38,-4.37,-4.06
843566,21,Jogging,117634741553000,2.45,-2.6,-0.34
843567,21,Jogging,117634781653000,-0.89,9.72,-1.95
843568,21,Jogging,117634821570000,-3.17,19.95,2.45
843569,21,Jogging,117634901495000,9.0,17.08,9.7
843570,21,Jogging,117634941565000,0.89,3.91,3.3
843571,21,Jogging,117634982397000,0.84,-5.9,-0.19
843572,21,Jogging,117635021948000,-3.91,-8.16,-2.76
843573,21,Jogging,117635101538000,-3.11,12.15,7.65
843574,21,Jogging,117635141669000,4.21,19.89,-2.18
843575,21,Jogging,117635181525000,3.79,1.04,7.08
843576,21,Jogging,117635221533000,2.83,11.03,-0.08
843577,21,Jogging,117635301520000,0.42,12.45,2.03
843578,21,Jogging,117635341559000,2.56,6.02,-0.19
843579,21,Jogging,117635381537000,-3.06,6.32,3.11
843580,21,Jogging,117635421545000,4.06,7.12,0.99
843581,21,Jogging,117635461584000,4.59,-3.11,-0.53
843582,21,Jogging,117635541663000,1.04,14.29,-1.46
843583,21,Jogging,117635585730000,-3.95,19.31,2.18
843584,21,Jogging,117635624701000,2.22,18.77,10.42
843585,21,Jogging,117635662238000,4.79,-0.76,1.61
843586,21,Jogging,117635741553000,-0.57,-10.27,-2.22
843587,21,Jogging,117635781531000,-5.71,-10.23,-6.74
843588,21,Jogging,117635821722000,-6.24,-1.65,1.33
843589,21,Jogging,117635901495000,-7.16,8.85,-6.13
843590,21,Jogging,117635954779000,9.62,8.69,2.64
843591,21,Jogging,117635992285000,3.6,7.93,-2.34
843592,21,Jogging,117636031622000,3.6,19.08,6.47
843593,21,Jogging,117636071509000,2.56,8.77,-1.04
843594,21,Jogging,117636113806000,-2.41,9.89,5.41
843595,21,Jogging,117636191473000,7.89,-0.89,-3.15
843596,21,Jogging,117636231512000,4.4,-5.33,-1.76
843597,21,Jogging,117636271643000,2.22,2.83,-1.69
843598,21,Jogging,117636351599000,-1.65,19.27,2.22
843599,21,Jogging,117636391486000,5.71,18.85,10.38
843600,21,Jogging,117636431494000,2.07,10.76,5.86
843601,21,Jogging,117636471533000,0.42,-2.87,-1.42
843602,21,Jogging,117636511511000,-2.6,-6.74,-4.52
843603,21,Jogging,117636591498000,-4.67,3.99,2.96
843604,21,Jogging,117636631628000,6.7,16.09,2.41
843605,21,Jogging,117636671545000,-3.91,15.83,4.06
843606,21,Jogging,117636711554000,6.09,14.21,0.04
843607,21,Jogging,117636791510000,1.57,17.12,6.13
843608,21,Jogging,117636831549000,4.48,8.05,0.34
843609,21,Jogging,117636871527000,-1.08,2.07,1.12
843610,21,Jogging,117636951819000,8.08,-0.99,-4.33
843611,21,Jogging,117636991522000,3.79,-7.63,-0.27
843612,21,Jogging,117637031531000,3.11,2.15,-3.06
843613,21,Jogging,117637071661000,-3.3,19.23,1.76
843614,21,Jogging,117637151465000,5.98,19.93,11.22
843615,21,Jogging,117637191595000,1.84,9.51,5.43
843616,21,Jogging,117637231512000,0.3,-3.64,-0.72
843617,21,Jogging,117637271552000,-3.38,-10.38,-4.56
843618,21,Jogging,117637351569000,-5.28,1.42,1.76
843619,21,Jogging,117637391638000,4.59,19.46,3.98
843620,21,Jogging,117637431555000,0.91,8.77,3.06
843621,21,Jogging,117637488470000,3.91,10.65,-3.49
843622,21,Jogging,117637531592000,5.01,19.27,7.55
843623,21,Jogging,117637571509000,1.8,11.3,1.76
843624,21,Jogging,117637612585000,2.22,6.47,-0.8
843625,21,Jogging,117637691626000,2.49,7.12,1.42
843626,21,Jogging,117637731573000,5.41,-6.17,-2.49
843627,21,Jogging,117637771521000,4.29,-2.98,-0.42
843628,21,Jogging,117637820441000,1.27,15.85,0.72
843629,21,Jogging,117637873450000,-1.92,18.5,3.34
843630,21,Jogging,117637951514000,0.3,10.46,6.82
843631,21,Jogging,117638002051000,1.27,-5.79,-0.46
843632,21,Jogging,117638041510000,-1.95,-9.19,-4.33
843633,21,Jogging,117638081549000,-3.6,-6.21,-4.06
843634,21,Jogging,117638121649000,-5.6,6.89,2.64
843635,21,Jogging,117638161688000,2.56,9.3,9.34
843636,21,Jogging,117638241522000,5.24,7.93,-3.91
843637,21,Jogging,117638281653000,4.71,18.12,7.63
843638,21,Jogging,117638321661000,3.76,15.6,3.34
843639,21,Jogging,117638361578000,5.75,3.3,1.92
843640,21,Jogging,117638441504000,-1.5,10.95,1.53
843641,21,Jogging,117638481635000,3.15,-4.29,-4.02
843642,21,Jogging,117638521521000,1.8,-3.11,0.5
843643,21,Jogging,117638601569000,-4.63,20.04,4.1
843644,21,Jogging,117638641547000,2.34,19.15,8.58
843645,21,Jogging,117638681677000,5.86,16.4,9.53
843646,21,Jogging,117638721625000,0.27,2.64,3.83
843647,21,Jogging,117638761542000,1.5,-5.28,-4.63
843648,21,Jogging,117638841620000,-6.66,-3.3,-3.15
843649,21,Jogging,117638881537000,-4.99,10.0,2.22
843650,21,Jogging,117638921637000,6.28,18.47,-0.27
843651,21,Jogging,117639002844000,3.83,13.53,-2.45
843652,21,Jogging,117639041968000,4.44,19.84,8.35
843653,21,Jogging,117639081641000,6.09,12.37,1.5
843654,21,Jogging,117639121619000,0.42,4.56,-0.65
843655,21,Jogging,117639201666000,5.24,2.34,-1.31
843656,21,Jogging,117639241553000,3.06,-4.56,-1.99
843657,21,Jogging,117639281531000,4.59,1.08,-2.49
843658,21,Jogging,117639321570000,-0.72,17.39,2.11
843659,21,Jogging,117639361700000,-3.72,19.7,10.19
843660,21,Jogging,117639441626000,0.76,11.14,7.12
843661,21,Jogging,117639481543000,1.23,0.46,0.76
843662,21,Jogging,117639521521000,1.14,-10.42,-3.83
843663,21,Jogging,117639601508000,-7.44,0.0,0.27
843664,21,Jogging,117639641516000,5.71,18.05,3.06
843665,21,Jogging,117639681525000,-0.65,12.41,2.6
843666,21,Jogging,117639721533000,6.55,7.46,3.15
843667,21,Jogging,117639801550000,3.83,17.69,7.4
843668,21,Jogging,117639841528000,6.36,8.39,-0.95
843669,21,Jogging,117639881659000,-2.3,2.96,1.61
843670,21,Jogging,117639921515000,-5.43,10.61,4.94
843671,21,Jogging,117639961676000,6.13,-1.33,-4.06
843672,21,Jogging,117640044684000,1.14,9.47,-0.99
843673,21,Jogging,117640082648000,-6.36,0.89,2.26
843674,21,Jogging,117640221320000,-0.53,0.89,2.26
843675,21,Jogging,117640221320000,-0.53,0.89,2.26
843676,21,Jogging,117640221320000,-0.53,0.89,2.26
843677,21,Jogging,117640261908000,-1.76,-7.93,-7.21
843678,21,Jogging,117640341620000,-5.6,-3.72,0.3
843679,21,Jogging,117640381659000,1.27,14.63,5.56
843680,21,Jogging,117640421667000,0.61,15.09,1.23
843681,21,Jogging,117640461768000,2.91,15.05,-1.99
843682,21,Jogging,117640541510000,3.91,16.93,7.5
843683,21,Jogging,117640581641000,2.26,12.49,0.34
843684,21,Jogging,117640621497000,1.5,5.6,-0.84
843685,21,Jogging,117640701514000,3.79,2.3,-0.11
843686,21,Jogging,117640741583000,5.6,-4.33,-2.79
843687,21,Jogging,117640781531000,2.11,1.8,-0.72
843688,21,Jogging,117640826300000,-1.5,18.2,0.91
843689,21,Jogging,117640864752000,-3.87,19.8,1.23
843690,21,Jogging,117640942023000,5.24,13.82,9.23
843691,21,Jogging,117640981573000,-0.08,2.3,3.17
843692,21,Jogging,117641021490000,2.75,-7.82,-2.41
843693,21,Jogging,117641061560000,-7.27,-1.84,-2.22
843694,21,Jogging,117641141516000,2.68,15.09,4.59
843695,21,Jogging,117641181555000,-1.08,14.82,0.08
843696,21,Jogging,117641221503000,9.11,9.72,7.5
843697,21,Jogging,117641261664000,3.34,19.34,6.13
843698,21,Jogging,117641341559000,5.75,12.91,1.61
843699,21,Jogging,117641381476000,0.34,2.87,-0.84
843700,21,Jogging,117641421545000,-5.83,8.2,4.59
