,user,label,timestamp,x,y,z
926879,22,Jogging,1042912303000,1.65,9.58,5.22
926880,22,Jogging,1042962291000,2.64,1.76,4.63
926881,22,Jogging,1043012309000,2.98,-0.19,0.72
926882,22,Jogging,1043062297000,6.32,6.28,0.65
926883,22,Jogging,1043112315000,0.46,19.46,-3.15
926884,22,Jogging,1043162303000,8.28,17.67,3.6
926885,22,Jogging,1043212291000,8.85,13.14,4.75
926886,22,Jogging,1043262309000,-1.04,0.99,0.23
926887,22,Jogging,1043312297000,-3.15,-1.04,-0.76
926888,22,Jogging,1043362315000,-0.61,2.49,4.29
926889,22,Jogging,1043412303000,2.49,10.69,4.86
926890,22,Jogging,1043462291000,6.21,7.27,-4.94
926891,22,Jogging,1043512309000,8.47,15.75,-1.88
926892,22,Jogging,1043562297000,10.31,13.76,2.22
926893,22,Jogging,1043612315000,4.4,9.85,5.6
926894,22,Jogging,1043662303000,3.34,1.42,5.83
926895,22,Jogging,1043712321000,7.27,2.6,0.11
926896,22,Jogging,1043762309000,-1.61,2.03,-1.42
926897,22,Jogging,1043812297000,4.48,19.0,-4.37
926898,22,Jogging,1043862315000,6.21,19.5,-2.3
926899,22,Jogging,1043912303000,11.26,15.21,7.82
926900,22,Jogging,1043962321000,2.87,4.37,0.76
926901,22,Jogging,1044012248000,-7.12,-1.65,-1.46
926902,22,Jogging,1044062297000,-3.21,0.42,-0.34
926903,22,Jogging,1044112315000,6.97,5.28,8.05
926904,22,Jogging,1044162303000,9.72,16.09,-4.59
926905,22,Jogging,1044212291000,2.56,5.79,-0.19
926906,22,Jogging,1044262309000,13.87,15.09,1.31
926907,22,Jogging,1044312297000,5.86,14.21,3.99
926908,22,Jogging,1044362315000,1.46,5.24,2.68
926909,22,Jogging,1044412303000,5.6,1.14,5.01
926910,22,Jogging,1044462291000,0.84,0.72,1.88
926911,22,Jogging,1044512309000,11.35,13.44,-2.3
926912,22,Jogging,1044562297000,-3.34,19.53,-3.11
926913,22,Jogging,1044612315000,10.42,15.09,4.9
926915,22,Jogging,1044662303000,6.55,9.43,2.07
926914,22,Jogging,1044662303000,6.55,9.43,2.07
926916,22,Jogging,1044722514000,-4.86,-2.72,-0.38
926917,22,Jogging,1044773143000,-0.89,1.27,2.64
926918,22,Jogging,1044822795000,3.17,1.92,2.87
926919,22,Jogging,1044872386000,8.31,16.25,-0.89
926920,22,Jogging,1044923015000,0.89,5.24,-0.91
926921,22,Jogging,1044972636000,13.14,14.56,2.22
926922,22,Jogging,1045023234000,8.89,11.65,3.45
926923,22,Jogging,1045082286000,1.65,6.89,4.9
926924,22,Jogging,1045142314000,5.9,0.61,3.95
926925,22,Jogging,1045192302000,3.17,2.03,-2.49
926926,22,Jogging,1045252177000,6.55,18.66,-2.53
926927,22,Jogging,1045302318000,7.55,17.2,0.57
926928,22,Jogging,1045352275000,8.73,12.15,2.98
926929,22,Jogging,1045402263000,-2.98,-0.46,0.93
926930,22,Jogging,1045452281000,-2.83,-0.38,0.5
926931,22,Jogging,1045502269000,1.18,4.02,5.28
926932,22,Jogging,1045552287000,-3.98,8.08,-0.65
926933,22,Jogging,1045602275000,9.11,6.63,-3.95
926934,22,Jogging,1045652293000,10.08,14.37,-1.12
926935,22,Jogging,1045702251000,7.21,13.87,4.1
926936,22,Jogging,1045752269000,5.33,10.92,3.72
926937,22,Jogging,1045802287000,3.76,3.99,4.4
926938,22,Jogging,1045852275000,4.63,-0.38,4.06
926939,22,Jogging,1045902263000,2.79,2.11,0.84
926940,22,Jogging,1045952342000,8.96,18.81,-2.07
926941,22,Jogging,1046002727000,3.41,19.08,2.6
926942,22,Jogging,1046052318000,11.5,11.6,4.21
926943,22,Jogging,1046102275000,0.76,4.14,2.37
926944,22,Jogging,1046152263000,-4.25,-0.8,0.23
926945,22,Jogging,1046202251000,-2.98,-0.46,0.8
926946,22,Jogging,1046252360000,4.75,4.21,5.83
926947,22,Jogging,1046302287000,5.71,14.94,-0.15
926948,22,Jogging,1046352306000,-5.18,1.73,1.8
926949,22,Jogging,1046402263000,15.24,16.7,0.84
926950,22,Jogging,1046452281000,5.79,12.87,3.26
926951,22,Jogging,1046502269000,2.45,7.7,3.95
926952,22,Jogging,1046552318000,6.05,1.14,5.43
926953,22,Jogging,1046602275000,3.21,1.27,0.99
926954,22,Jogging,1046652293000,7.86,13.18,-1.88
926955,22,Jogging,1046702251000,-4.06,19.27,-2.26
926956,22,Jogging,1046752299000,9.28,13.82,2.34
926957,22,Jogging,1046802318000,6.51,9.85,3.49
926958,22,Jogging,1046852275000,-2.26,-0.53,2.22
926959,22,Jogging,1046902263000,-0.5,-1.57,2.91
926960,22,Jogging,1046952281000,0.46,3.76,5.05
926961,22,Jogging,1047002269000,-3.98,13.06,4.82
926962,22,Jogging,1047052287000,0.23,1.31,-2.53
926963,22,Jogging,1047102275000,13.82,18.09,-0.27
926964,22,Jogging,1047152293000,3.57,12.6,1.84
926965,22,Jogging,1047202251000,4.52,10.08,4.1
926966,22,Jogging,1047252299000,4.06,3.87,4.63
926967,22,Jogging,1047302287000,6.17,0.69,3.26
926968,22,Jogging,1047352306000,3.53,1.27,-1.95
926969,22,Jogging,1047402263000,4.44,18.81,-3.79
926970,22,Jogging,1047452281000,4.82,19.31,-1.95
926971,22,Jogging,1047502269000,9.92,16.13,2.72
926972,22,Jogging,1047552287000,1.69,5.86,1.42
926973,22,Jogging,1047602275000,-3.68,-2.07,0.46
926974,22,Jogging,1047652263000,-3.95,1.27,2.91
926975,22,Jogging,1047702251000,5.18,4.44,4.75
926976,22,Jogging,1047752269000,-1.8,9.77,3.06
926977,22,Jogging,1047802287000,1.08,5.9,-2.03
926978,22,Jogging,1047852306000,12.87,16.82,-1.84
926979,22,Jogging,1047902263000,5.75,12.34,3.26
926980,22,Jogging,1047952342000,5.22,11.11,4.56
926981,22,Jogging,1048002666000,5.56,4.37,4.06
926982,22,Jogging,1048052287000,3.38,1.5,4.4
926983,22,Jogging,1048102305000,2.56,3.41,-1.38
926984,22,Jogging,1048152263000,5.41,19.46,1.04
926985,22,Jogging,1048212352000,7.08,18.16,1.04
926986,22,Jogging,1048262248000,9.08,13.1,4.48
926987,22,Jogging,1048312358000,-1.33,1.54,1.31
926988,22,Jogging,1048362285000,-1.73,-1.5,-0.99
926989,22,Jogging,1048412303000,-5.01,1.38,2.56
926990,22,Jogging,1048462291000,1.84,6.21,1.5
926991,22,Jogging,1048512309000,9.11,11.6,-0.53
926992,22,Jogging,1048562297000,5.67,9.51,-1.04
926993,22,Jogging,1048612315000,9.53,11.03,1.61
926994,22,Jogging,1048662303000,4.63,13.14,3.57
926995,22,Jogging,1048712291000,4.67,4.99,3.11
926996,22,Jogging,1048762309000,4.99,1.61,6.93
926997,22,Jogging,1048812297000,4.21,1.73,-3.87
926998,22,Jogging,1048862315000,7.44,17.27,-2.26
926999,22,Jogging,1048912273000,0.93,19.42,-2.68
927000,22,Jogging,1048962291000,9.19,14.14,2.83
927001,22,Jogging,1049012279000,3.17,6.02,0.93
927002,22,Jogging,1049062297000,-2.53,-0.38,1.65
927003,22,Jogging,1049112315000,-1.46,0.5,2.22
927004,22,Jogging,1049162303000,-0.27,7.08,6.89
927005,22,Jogging,1049212291000,11.22,13.18,-2.72
927006,22,Jogging,1049262309000,8.85,10.5,-3.15
927007,22,Jogging,1049312297000,6.44,13.53,1.92
927008,22,Jogging,1049362315000,6.74,12.76,4.52
927009,22,Jogging,1049412303000,5.52,4.06,3.34
927010,22,Jogging,1049462291000,4.86,2.91,5.56
927011,22,Jogging,1049512309000,3.06,-0.3,-0.46
927012,22,Jogging,1049562297000,9.19,16.59,-3.45
927013,22,Jogging,1049612285000,-1.12,19.46,-2.3
927014,22,Jogging,1049662303000,9.58,15.24,3.02
927015,22,Jogging,1049712291000,4.99,6.44,2.26
927016,22,Jogging,1049762309000,-2.56,-1.69,-0.11
927017,22,Jogging,1049812297000,-4.4,0.27,0.23
927018,22,Jogging,1049862315000,5.01,4.18,7.86
927019,22,Jogging,1049912303000,1.69,14.44,0.5
927020,22,Jogging,1049962291000,-0.99,0.61,-1.5
927021,22,Jogging,1050012248000,14.18,16.28,0.5
927022,22,Jogging,1050062297000,5.43,12.95,3.06
927023,22,Jogging,1050112315000,3.11,6.66,3.49
927024,22,Jogging,1050162303000,5.13,2.96,5.86
927025,22,Jogging,1050212291000,3.57,1.38,1.54
927026,22,Jogging,1050262309000,4.48,7.67,-2.72
927027,22,Jogging,1050312297000,-0.34,19.31,-3.91
927028,22,Jogging,1050362315000,6.82,18.81,-1.33
927029,22,Jogging,1050412303000,10.12,15.36,5.48
927030,22,Jogging,1050462291000,1.61,3.91,1.14
927031,22,Jogging,1050512309000,-6.78,-1.99,0.11
927032,22,Jogging,1050562297000,-1.76,1.18,0.23
927033,22,Jogging,1050612315000,5.79,4.48,1.88
927034,22,Jogging,1050662334000,4.48,15.4,-0.76
927035,22,Jogging,1050712291000,-1.95,4.18,1.95
927036,22,Jogging,1050762309000,16.28,15.24,2.91
927037,22,Jogging,1050812297000,8.01,10.99,4.79
927038,22,Jogging,1050862315000,1.33,7.59,2.45
927039,22,Jogging,1050912303000,3.57,3.34,5.13
927040,22,Jogging,1050962291000,3.87,-0.08,2.76
927041,22,Jogging,1051012309000,7.78,8.05,-1.46
927042,22,Jogging,1051062266000,-1.38,19.0,-1.27
927043,22,Jogging,1051112315000,9.7,16.21,2.87
927044,22,Jogging,1051162303000,8.12,11.07,2.53
927045,22,Jogging,1051212291000,-3.41,0.69,-0.61
927046,22,Jogging,1051262309000,-3.15,0.31,2.98
927047,22,Jogging,1051312327000,-0.89,4.02,6.51
927048,22,Jogging,1051362315000,0.76,13.06,2.68
927049,22,Jogging,1051412303000,3.3,3.41,-5.82
927050,22,Jogging,1051462321000,11.99,16.25,-2.14
927051,22,Jogging,1051512309000,8.01,9.81,1.8
927052,22,Jogging,1051562297000,8.28,11.65,3.99
927053,22,Jogging,1051612315000,4.79,4.29,3.02
927054,22,Jogging,1051662303000,6.17,2.22,6.66
927055,22,Jogging,1051712291000,3.95,0.65,2.76
927056,22,Jogging,1051762309000,8.5,11.14,-1.31
927057,22,Jogging,1051812297000,-2.6,19.34,-3.53
927058,22,Jogging,1051862315000,9.34,16.13,3.45
927059,22,Jogging,1051912303000,8.05,9.89,3.06
927060,22,Jogging,1051962291000,-5.9,0.23,1.84
927061,22,Jogging,1052012248000,-3.49,1.42,2.56
927062,22,Jogging,1052062297000,2.26,2.45,-0.19
927063,22,Jogging,1052112315000,4.37,12.53,0.93
927064,22,Jogging,1052162303000,7.93,8.85,-5.33
927065,22,Jogging,1052212291000,12.41,16.74,0.38
927066,22,Jogging,1052262309000,7.74,13.06,3.6
927067,22,Jogging,1052312297000,6.17,9.92,3.34
927068,22,Jogging,1052362315000,1.54,6.13,5.98
927069,22,Jogging,1052412303000,5.71,1.33,3.57
927070,22,Jogging,1052462291000,1.42,0.76,2.26
927071,22,Jogging,1052512309000,13.48,18.47,-0.46
927072,22,Jogging,1052562266000,3.26,19.11,1.14
927073,22,Jogging,1052612315000,7.67,16.04,5.79
927074,22,Jogging,1052662334000,1.08,4.14,1.54
927075,22,Jogging,1052712291000,-2.03,-1.33,-0.11
927076,22,Jogging,1052762309000,-4.33,-0.38,1.61
927077,22,Jogging,1052812297000,5.09,6.17,4.71
927078,22,Jogging,1052862315000,4.9,15.89,-1.95
