,user,label,timestamp,x,y,z
927879,22,Jogging,1092912303000,9.38,17.01,4.52
927880,22,Jogging,1092962291000,-0.08,3.99,1.69
927881,22,Jogging,1093012309000,-3.83,-0.8,0.38
927882,22,Jogging,1093062297000,-4.48,-4.18,-0.46
927883,22,Jogging,1093112315000,3.3,9.23,7.46
927884,22,Jogging,1093162303000,9.92,12.03,-6.7
927885,22,Jogging,1093212291000,5.52,8.81,-4.33
927886,22,Jogging,1093262309000,7.97,15.13,3.26
927887,22,Jogging,1093312297000,11.45,12.3,5.01
927888,22,Jogging,1093362315000,3.99,3.68,4.21
927889,22,Jogging,1093412303000,5.79,2.87,7.55
927890,22,Jogging,1093462291000,0.61,1.18,-0.61
927891,22,Jogging,1093512309000,6.4,11.6,-4.37
927892,22,Jogging,1093562358000,-5.41,19.46,-3.87
927893,22,Jogging,1093612315000,14.37,16.51,4.79
927894,22,Jogging,1093662303000,7.08,9.89,4.06
927895,22,Jogging,1093712291000,-1.95,-1.14,0.38
927896,22,Jogging,1093762309000,-3.02,-1.23,-1.04
927897,22,Jogging,1093812297000,-0.69,4.52,3.95
927898,22,Jogging,1093862315000,-5.98,13.02,5.22
927899,22,Jogging,1093912334000,12.45,6.59,-7.25
927900,22,Jogging,1093962291000,10.65,16.7,0.04
927901,22,Jogging,1094012279000,6.4,12.98,4.33
927902,22,Jogging,1094062297000,7.82,9.28,5.98
927903,22,Jogging,1094112315000,0.46,5.83,6.59
927904,22,Jogging,1094162303000,7.59,0.27,3.38
927905,22,Jogging,1094212291000,2.64,4.1,-1.27
927906,22,Jogging,1094262309000,4.06,18.89,-1.23
927907,22,Jogging,1094312297000,7.21,18.7,0.69
927908,22,Jogging,1094362315000,9.3,13.33,3.02
927909,22,Jogging,1094412303000,-2.11,2.11,0.46
927910,22,Jogging,1094462291000,-3.3,0.11,0.93
927911,22,Jogging,1094512309000,-2.96,1.42,1.33
927912,22,Jogging,1094562297000,1.76,6.4,7.16
927913,22,Jogging,1094612315000,11.07,15.89,-5.75
927914,22,Jogging,1094662303000,-2.98,5.67,-0.95
927915,22,Jogging,1094712291000,15.36,17.05,1.88
927916,22,Jogging,1094762309000,8.58,13.8,4.79
927917,22,Jogging,1094812297000,-0.89,7.44,3.02
927918,22,Jogging,1094862315000,4.25,1.8,6.55
927919,22,Jogging,1094912334000,6.36,-0.23,2.37
927920,22,Jogging,1094962291000,6.02,13.21,-2.26
927921,22,Jogging,1095012218000,-0.65,19.57,-0.53
927922,22,Jogging,1095062297000,11.84,16.13,4.37
927923,22,Jogging,1095112315000,3.45,7.5,1.88
927924,22,Jogging,1095162303000,-4.25,-0.15,-0.3
927925,22,Jogging,1095212291000,-4.67,-5.18,-2.03
927926,22,Jogging,1095262309000,2.72,3.11,4.9
927927,22,Jogging,1095312266000,2.72,8.35,-0.46
927928,22,Jogging,1095362315000,5.22,8.92,-4.25
927929,22,Jogging,1095412303000,9.89,15.55,-2.3
927930,22,Jogging,1095462291000,9.38,11.37,5.22
927931,22,Jogging,1095512309000,7.55,13.1,4.56
927932,22,Jogging,1095562266000,-0.65,3.26,6.78
927933,22,Jogging,1095612315000,7.7,1.57,2.64
927934,22,Jogging,1095662303000,-0.19,1.27,0.93
927935,22,Jogging,1095712291000,9.58,17.08,-2.96
927936,22,Jogging,1095762309000,0.76,19.5,0.46
927937,22,Jogging,1095812297000,11.03,17.2,5.37
927938,22,Jogging,1095862315000,1.69,5.56,1.73
927939,22,Jogging,1095912303000,-1.8,0.95,-1.57
927940,22,Jogging,1095962291000,-8.01,-4.18,-2.6
927941,22,Jogging,1096012248000,6.47,4.14,7.12
927942,22,Jogging,1096062297000,12.22,18.39,-6.09
927943,22,Jogging,1096112315000,-5.18,0.89,-3.41
927944,22,Jogging,1096112315000,-5.18,0.89,-3.41
927945,22,Jogging,1096182292000,16.66,14.52,3.87
927946,22,Jogging,1096232280000,9.51,15.4,3.68
927947,22,Jogging,1096282298000,0.5,6.66,4.99
927948,22,Jogging,1096342296000,5.9,0.93,6.7
927949,22,Jogging,1096392314000,1.65,1.69,-1.5
927950,22,Jogging,1096442332000,5.28,18.77,-4.82
927951,22,Jogging,1096492259000,4.25,19.57,0.38
927952,22,Jogging,1096542308000,13.67,18.81,5.98
927953,22,Jogging,1096592296000,0.38,3.06,1.84
927954,22,Jogging,1096642284000,-2.41,-1.38,-2.26
927955,22,Jogging,1096692271000,-6.66,-4.1,-2.22
927956,22,Jogging,1096742259000,4.52,4.56,5.28
927957,22,Jogging,1096792277000,9.08,16.82,-1.08
927958,22,Jogging,1096842265000,3.02,5.22,-5.6
927959,22,Jogging,1096892314000,14.02,17.58,3.53
927960,22,Jogging,1096942302000,9.92,13.33,3.64
927961,22,Jogging,1096992259000,1.04,3.3,4.67
927962,22,Jogging,1097042308000,7.44,1.27,5.71
927963,22,Jogging,1097092296000,-1.33,3.3,1.04
927964,22,Jogging,1097142284000,1.5,8.58,0.11
927965,22,Jogging,1097192302000,6.24,19.57,-5.18
927966,22,Jogging,1097242229000,6.89,18.58,2.76
927967,22,Jogging,1097292308000,10.27,10.0,3.87
927968,22,Jogging,1097342265000,-0.08,-0.89,1.12
927969,22,Jogging,1097392314000,-8.47,-5.09,-5.9
927970,22,Jogging,1097442302000,-1.18,2.76,2.07
927971,22,Jogging,1097492290000,8.69,9.62,1.27
927972,22,Jogging,1097542308000,8.66,10.8,-0.27
927973,22,Jogging,1097592296000,6.47,12.53,-2.83
927974,22,Jogging,1097642314000,9.08,12.68,3.49
927975,22,Jogging,1097692332000,9.77,13.76,4.99
927976,22,Jogging,1097742229000,2.72,4.56,5.09
927977,22,Jogging,1097792308000,5.79,3.06,3.87
927978,22,Jogging,1097842296000,-1.27,0.84,2.07
927979,22,Jogging,1097892314000,7.12,10.88,-0.76
927980,22,Jogging,1097942302000,3.99,19.5,-2.56
927981,22,Jogging,1097992259000,10.0,18.05,6.66
927982,22,Jogging,1098042308000,3.79,6.89,2.41
927983,22,Jogging,1098092265000,-4.18,-0.3,0.46
927984,22,Jogging,1098142314000,-5.37,-3.41,0.04
927985,22,Jogging,1098192271000,0.08,2.53,2.76
927986,22,Jogging,1098242229000,10.53,15.21,-0.72
927987,22,Jogging,1098292308000,0.89,5.48,-4.71
927988,22,Jogging,1098342296000,12.57,17.31,2.76
927989,22,Jogging,1098392345000,11.35,13.02,3.38
927990,22,Jogging,1098442332000,2.83,8.16,5.56
927991,22,Jogging,1098492320000,2.68,1.8,6.66
927992,22,Jogging,1098542338000,4.44,1.12,2.45
927993,22,Jogging,1098592326000,4.14,6.55,-2.22
927994,22,Jogging,1098642345000,2.3,19.11,-0.72
927995,22,Jogging,1098692332000,6.93,19.34,0.61
927996,22,Jogging,1098742290000,9.81,17.31,4.94
927997,22,Jogging,1098792338000,0.19,0.89,2.49
927998,22,Jogging,1098842326000,-2.49,-1.46,-2.34
927999,22,Jogging,1098892345000,-6.74,-3.3,-1.42
928000,22,Jogging,1098942332000,8.47,14.14,10.38
928001,22,Jogging,1098992320000,0.23,8.08,-3.91
928002,22,Jogging,1099042338000,11.26,16.04,-3.53
928003,22,Jogging,1099092357000,8.77,11.14,2.76
928004,22,Jogging,1099142345000,7.63,12.72,5.67
928005,22,Jogging,1099192363000,1.27,4.21,2.56
928006,22,Jogging,1099242320000,5.86,2.91,5.56
928007,22,Jogging,1099292338000,1.54,0.31,0.61
928008,22,Jogging,1099342326000,8.35,17.77,-4.52
928009,22,Jogging,1099392375000,0.04,19.46,-1.42
928010,22,Jogging,1099442332000,11.6,16.82,4.06
928011,22,Jogging,1099492320000,3.6,9.47,1.92
928012,22,Jogging,1099542338000,-2.72,-2.37,-0.5
928013,22,Jogging,1099592326000,-4.9,-4.4,-0.89
928014,22,Jogging,1099642345000,-2.3,10.84,0.19
928015,22,Jogging,1099712291000,-2.3,10.84,0.19
928016,22,Jogging,1099762248000,0.46,6.28,-1.8
928017,22,Jogging,1099812358000,15.66,17.97,2.22
928018,22,Jogging,1099862254000,8.77,13.44,4.06
928019,22,Jogging,1099912303000,0.34,6.82,4.4
928020,22,Jogging,1099962291000,4.37,2.53,7.44
928021,22,Jogging,1100012248000,3.15,-0.65,1.14
928022,22,Jogging,1100062327000,4.63,8.73,-0.11
928023,22,Jogging,1100112315000,-0.38,19.31,-4.71
928024,22,Jogging,1100162334000,8.81,18.24,3.17
928025,22,Jogging,1100212291000,9.08,14.82,3.64
928026,22,Jogging,1100262309000,-3.72,0.19,0.27
928027,22,Jogging,1100312297000,-3.64,-2.87,-0.19
928028,22,Jogging,1100362315000,-3.3,-0.53,0.89
928029,22,Jogging,1100412303000,5.18,14.33,7.78
928030,22,Jogging,1100462291000,3.99,4.48,-6.74
928031,22,Jogging,1100512340000,9.72,13.99,-1.53
928032,22,Jogging,1100562297000,8.43,10.76,3.41
928033,22,Jogging,1100612315000,8.66,14.98,4.4
928034,22,Jogging,1100662334000,-0.04,7.01,3.49
928035,22,Jogging,1100712321000,5.6,1.5,5.6
928036,22,Jogging,1100762309000,-0.53,0.57,0.8
928037,22,Jogging,1100812297000,10.8,15.47,-0.11
928038,22,Jogging,1100862346000,-1.57,18.5,-1.69
928039,22,Jogging,1100912303000,9.81,17.43,5.9
928040,22,Jogging,1100962352000,3.79,6.47,2.6
928041,22,Jogging,1101012340000,-3.15,0.04,1.57
928042,22,Jogging,1101062327000,-2.83,0.27,0.72
928043,22,Jogging,1101112315000,-2.26,4.02,2.72
928044,22,Jogging,1101162334000,7.31,17.05,3.21
928045,22,Jogging,1101212291000,2.15,1.18,-3.53
928046,22,Jogging,1101262309000,10.38,18.24,1.08
928047,22,Jogging,1101312297000,8.62,12.68,3.38
928048,22,Jogging,1101362315000,6.44,9.77,4.25
928049,22,Jogging,1101412303000,1.61,4.99,5.41
928050,22,Jogging,1101462352000,5.22,2.18,3.91
928051,22,Jogging,1101512309000,1.12,1.73,-0.34
928052,22,Jogging,1101562297000,6.24,18.89,-2.96
928053,22,Jogging,1101612315000,3.72,19.53,0.61
928054,22,Jogging,1101662303000,9.3,16.51,6.55
928055,22,Jogging,1101712291000,0.31,5.48,2.07
928056,22,Jogging,1101762340000,-3.79,-1.18,-0.11
928057,22,Jogging,1101812297000,-3.95,-1.5,0.08
928058,22,Jogging,1101862315000,5.37,5.28,5.6
928059,22,Jogging,1101912303000,7.82,16.78,-2.96
928060,22,Jogging,1101962291000,-0.46,6.7,-1.69
928061,22,Jogging,1102012340000,14.33,17.92,3.26
928062,22,Jogging,1102062297000,9.15,12.45,5.37
928063,22,Jogging,1102112315000,2.34,4.33,3.34
928064,22,Jogging,1102162303000,3.15,3.76,8.47
928065,22,Jogging,1102212321000,6.7,-1.38,0.46
928066,22,Jogging,1102262370000,2.72,8.24,0.61
928067,22,Jogging,1102312297000,2.56,18.89,-5.6
928068,22,Jogging,1102362346000,7.7,19.53,5.37
928069,22,Jogging,1102412334000,9.08,13.06,6.28
928070,22,Jogging,1102462321000,-2.37,0.53,0.34
928071,22,Jogging,1102512309000,-6.47,-2.56,-0.69
928072,22,Jogging,1102562327000,0.11,-0.69,2.22
928073,22,Jogging,1102612315000,2.76,9.85,3.72
928074,22,Jogging,1102662334000,7.82,14.33,-3.26
928075,22,Jogging,1102712321000,8.01,11.65,-3.98
928076,22,Jogging,1102762340000,13.33,13.8,4.6
928077,22,Jogging,1102812297000,7.44,13.53,4.82
928078,22,Jogging,1102862315000,1.14,6.05,5.9
