,user,label,timestamp,x,y,z
928479,22,Jogging,1122892284000,7.31,12.57,4.14
928480,22,Jogging,1122942271000,-2.98,-0.3,0.65
928481,22,Jogging,1122992259000,-4.63,-2.6,-1.73
928482,22,Jogging,1123042308000,-3.36,-2.68,-0.91
928483,22,Jogging,1123092296000,9.72,17.01,8.47
928484,22,Jogging,1123142314000,1.57,-1.27,-3.41
928485,22,Jogging,1123192271000,11.14,18.28,0.93
928486,22,Jogging,1123242290000,9.85,14.1,3.34
928487,22,Jogging,1123292308000,3.57,9.81,4.02
928488,22,Jogging,1123342296000,0.69,4.9,6.44
928489,22,Jogging,1123392314000,5.56,0.8,2.91
928490,22,Jogging,1123442302000,-2.49,1.92,2.37
928491,22,Jogging,1123492290000,11.07,18.39,-6.55
928492,22,Jogging,1123542308000,2.03,19.53,1.42
928493,22,Jogging,1123592296000,9.62,16.36,6.28
928494,22,Jogging,1123642345000,2.22,4.71,1.42
928495,22,Jogging,1123692271000,-4.63,-2.72,-1.88
928496,22,Jogging,1123742259000,-4.37,-1.92,0.84
928497,22,Jogging,1123792308000,5.6,7.27,5.48
928498,22,Jogging,1123842326000,4.9,14.82,-1.42
928499,22,Jogging,1123892314000,-0.04,7.31,1.08
928500,22,Jogging,1123942332000,14.79,17.88,1.73
928501,22,Jogging,1123992259000,8.31,15.24,4.52
928502,22,Jogging,1124042338000,1.88,6.09,5.28
928503,22,Jogging,1124092296000,5.75,3.68,5.83
928504,22,Jogging,1124142314000,2.18,-0.91,2.07
928505,22,Jogging,1124192271000,5.9,9.3,-1.08
928506,22,Jogging,1124242290000,0.42,18.81,-3.11
928507,22,Jogging,1124292308000,8.92,18.05,3.3
928508,22,Jogging,1124342296000,7.55,11.03,3.6
928509,22,Jogging,1124392284000,-2.37,-1.92,0.61
928510,22,Jogging,1124442271000,-5.33,-4.4,-2.18
928511,22,Jogging,1124492290000,-1.53,3.64,2.6
928512,22,Jogging,1124542308000,1.12,9.38,0.34
928513,22,Jogging,1124592296000,9.3,12.6,-0.23
928514,22,Jogging,1124642314000,2.6,10.42,-1.69
928515,22,Jogging,1124692302000,12.15,13.99,4.06
928516,22,Jogging,1124742290000,6.66,13.76,4.29
928517,22,Jogging,1124792308000,1.31,6.17,5.79
928518,22,Jogging,1124842265000,7.08,1.27,3.68
928519,22,Jogging,1124892284000,-0.27,0.76,1.73
928520,22,Jogging,1124942302000,10.04,17.77,-4.86
928521,22,Jogging,1124992259000,0.31,19.0,2.53
928522,22,Jogging,1125042308000,11.07,15.17,7.01
928523,22,Jogging,1125092326000,0.8,3.64,2.72
928524,22,Jogging,1125142284000,-5.2,-1.57,1.65
928525,22,Jogging,1125192271000,-2.14,-1.65,0.53
928526,22,Jogging,1125247386000,2.64,6.28,5.33
928527,22,Jogging,1125302318000,3.64,14.14,-2.72
928528,22,Jogging,1125352275000,-0.91,5.41,-2.41
928529,22,Jogging,1125412303000,13.99,15.09,3.02
928530,22,Jogging,1125462230000,12.22,13.63,4.79
928531,22,Jogging,1125512340000,1.65,7.25,3.45
928532,22,Jogging,1125562236000,3.17,4.1,8.31
928533,22,Jogging,1125612315000,6.47,-2.37,3.02
928534,22,Jogging,1125662303000,9.53,9.15,-0.65
928535,22,Jogging,1125712291000,-3.21,18.7,-4.99
928536,22,Jogging,1125762309000,7.82,19.5,5.13
928537,22,Jogging,1125812297000,8.54,11.92,3.45
928538,22,Jogging,1125862285000,-2.68,0.38,0.57
928539,22,Jogging,1125912303000,-7.82,-3.17,1.33
928540,22,Jogging,1125962291000,-0.15,-0.42,1.38
928541,22,Jogging,1126012279000,4.99,13.91,6.82
928542,22,Jogging,1126062297000,4.02,7.01,-4.44
928543,22,Jogging,1126112315000,8.66,12.68,-4.1
928544,22,Jogging,1126162303000,8.28,13.67,4.56
928545,22,Jogging,1126212291000,7.08,14.56,2.49
928546,22,Jogging,1126262248000,1.31,5.71,4.56
928547,22,Jogging,1126312297000,8.47,1.69,7.12
928548,22,Jogging,1126362315000,3.26,-2.14,2.3
928549,22,Jogging,1126412303000,7.78,14.25,-5.6
928550,22,Jogging,1126462291000,-2.41,18.54,0.42
928551,22,Jogging,1126512309000,11.96,17.82,5.63
928552,22,Jogging,1126562327000,5.24,8.31,3.57
928553,22,Jogging,1126562327000,5.24,8.31,3.57
928554,22,Jogging,1126632365000,-4.82,-2.53,-0.23
928555,22,Jogging,1126682262000,-3.83,-4.75,-0.91
928556,22,Jogging,1126732371000,3.45,10.31,6.02
928557,22,Jogging,1126782268000,7.16,15.89,-1.92
928558,22,Jogging,1126842326000,-0.42,6.17,-1.88
928559,22,Jogging,1126892314000,9.28,14.71,3.15
928560,22,Jogging,1126942302000,9.11,12.18,5.24
928561,22,Jogging,1126992259000,2.15,5.37,2.45
928562,22,Jogging,1127042308000,4.9,3.72,8.58
928563,22,Jogging,1127092296000,3.83,-2.03,-0.38
928564,22,Jogging,1127142314000,3.95,11.6,-0.72
928565,22,Jogging,1127192302000,0.95,19.19,-1.99
928566,22,Jogging,1127242290000,13.38,17.88,6.47
928567,22,Jogging,1127292308000,5.98,9.51,5.18
928568,22,Jogging,1127342265000,-2.75,-0.04,1.33
928569,22,Jogging,1127392284000,-5.37,-2.96,-1.8
928570,22,Jogging,1127442302000,-0.95,1.54,2.41
928571,22,Jogging,1127492259000,2.87,8.85,-2.72
928572,22,Jogging,1127542308000,6.02,5.67,0.15
928573,22,Jogging,1127592296000,11.92,13.82,-2.3
928574,22,Jogging,1127642314000,5.22,11.69,3.57
928575,22,Jogging,1127692302000,6.05,14.21,4.94
928576,22,Jogging,1127742290000,2.98,4.02,3.76
928577,22,Jogging,1127792338000,6.32,2.64,7.08
928578,22,Jogging,1127842296000,1.08,-1.53,-0.34
928579,22,Jogging,1127892314000,9.43,16.66,-6.66
928580,22,Jogging,1127942271000,-1.12,19.11,-0.91
928581,22,Jogging,1127992259000,12.22,17.82,4.6
928582,22,Jogging,1128042338000,4.48,10.15,2.41
928583,22,Jogging,1128092265000,-3.57,-1.38,-0.3
928584,22,Jogging,1128142284000,-4.67,-2.37,0.04
928585,22,Jogging,1128192271000,-1.14,1.54,1.46
928586,22,Jogging,1128242320000,4.21,14.86,5.48
928587,22,Jogging,1128292308000,4.21,5.41,-4.75
928588,22,Jogging,1128342296000,13.14,17.27,1.08
928589,22,Jogging,1128392314000,10.15,12.15,3.57
928590,22,Jogging,1128442302000,4.44,11.96,5.63
928591,22,Jogging,1128492290000,-0.84,4.63,4.06
928592,22,Jogging,1128542308000,6.21,0.69,4.06
928593,22,Jogging,1128592296000,1.8,1.57,-0.72
928594,22,Jogging,1128642314000,6.24,18.77,-1.5
928595,22,Jogging,1128692271000,2.68,19.57,0.31
928596,22,Jogging,1128742290000,13.38,14.86,8.89
928597,22,Jogging,1128792308000,-1.08,2.11,2.41
928598,22,Jogging,1128842265000,-3.68,-0.76,-0.76
928599,22,Jogging,1128892284000,-3.53,-1.04,-1.99
928600,22,Jogging,1128942302000,3.6,7.63,5.01
928601,22,Jogging,1128992259000,7.46,17.35,-1.84
928602,22,Jogging,1129042308000,1.8,3.26,-2.68
928603,22,Jogging,1129092296000,13.76,17.01,2.45
928604,22,Jogging,1129142314000,8.85,15.85,3.64
928605,22,Jogging,1129192271000,2.53,5.13,5.6
928606,22,Jogging,1129242290000,1.73,3.53,7.08
928607,22,Jogging,1129292338000,2.98,1.57,1.42
928608,22,Jogging,1129342296000,1.95,2.91,-2.96
928609,22,Jogging,1129392284000,3.38,19.5,-4.06
928610,22,Jogging,1129442271000,5.71,19.04,-0.57
928611,22,Jogging,1129492259000,13.67,13.1,5.6
928612,22,Jogging,1129542277000,-4.33,-1.38,0.31
928613,22,Jogging,1129592296000,-6.36,-5.2,-1.46
928614,22,Jogging,1129642284000,-3.83,-0.19,0.38
928615,22,Jogging,1129692302000,6.74,10.23,5.24
928616,22,Jogging,1129742290000,9.51,12.26,-2.72
928617,22,Jogging,1129792308000,4.14,9.58,-3.02
928618,22,Jogging,1129842296000,11.6,14.71,1.31
928619,22,Jogging,1129892314000,6.74,15.64,4.67
928620,22,Jogging,1129942302000,3.26,6.09,3.17
928621,22,Jogging,1129992259000,5.01,1.65,6.93
928622,22,Jogging,1130042308000,-0.27,2.45,0.69
928623,22,Jogging,1130092296000,6.78,14.37,-0.65
928624,22,Jogging,1130142284000,0.15,17.77,-1.65
928625,22,Jogging,1130192302000,11.14,15.83,5.98
928626,22,Jogging,1130243205000,4.56,7.74,4.1
928627,22,Jogging,1130302318000,-1.5,-1.46,-0.65
928628,22,Jogging,1130352275000,-4.9,-0.95,-0.76
928629,22,Jogging,1130402354000,1.31,6.55,5.28
928630,22,Jogging,1130460368000,11.54,16.93,-2.98
928631,22,Jogging,1130512279000,5.79,9.66,-3.83
928632,22,Jogging,1130562297000,10.04,12.72,2.96
928633,22,Jogging,1130612315000,9.19,15.13,3.45
928634,22,Jogging,1130662303000,1.42,6.28,3.64
928635,22,Jogging,1130712291000,2.6,1.84,8.5
928636,22,Jogging,1130762279000,2.6,-0.61,1.46
928637,22,Jogging,1130812297000,9.38,11.37,-1.46
928638,22,Jogging,1130862315000,-4.06,18.01,-2.41
928639,22,Jogging,1130912303000,10.31,16.97,4.44
928640,22,Jogging,1130962291000,8.28,11.18,3.38
928641,22,Jogging,1131012309000,-3.11,-0.89,0.23
928642,22,Jogging,1131062297000,-6.21,-1.76,-0.19
928643,22,Jogging,1131112315000,-0.15,2.91,2.83
928644,22,Jogging,1131162303000,3.26,5.52,-0.27
928645,22,Jogging,1131212291000,10.88,16.51,-0.76
928646,22,Jogging,1131262309000,2.26,10.0,-2.64
928647,22,Jogging,1131312297000,13.33,14.25,2.15
928648,22,Jogging,1131362315000,6.85,13.21,2.91
928649,22,Jogging,1131412303000,1.88,6.63,4.9
928650,22,Jogging,1131462291000,4.67,3.34,8.85
928651,22,Jogging,1131512340000,3.68,-2.56,1.84
928652,22,Jogging,1131562327000,6.32,11.37,-1.08
928653,22,Jogging,1131612315000,0.27,19.5,-2.41
928654,22,Jogging,1131662303000,10.0,17.67,5.22
928655,22,Jogging,1131712291000,7.67,7.78,4.44
928656,22,Jogging,1131762279000,-4.02,1.27,-0.46
928657,22,Jogging,1131812297000,-7.25,-3.49,-2.96
928658,22,Jogging,1131862315000,3.15,2.79,3.21
928659,22,Jogging,1131912303000,1.95,7.78,-1.23
928660,22,Jogging,1131962291000,9.47,8.47,-4.33
928661,22,Jogging,1132012248000,11.5,16.36,-0.27
928662,22,Jogging,1132062297000,7.97,11.26,4.44
928663,22,Jogging,1132112315000,5.01,10.69,4.56
928664,22,Jogging,1132162303000,2.45,3.6,7.5
928665,22,Jogging,1132212291000,7.55,-0.84,2.53
928666,22,Jogging,1132262309000,3.99,2.22,-1.23
928667,22,Jogging,1132312297000,4.75,18.2,-3.72
928668,22,Jogging,1132362315000,5.48,19.57,4.63
928669,22,Jogging,1132412303000,11.92,16.32,5.79
928670,22,Jogging,1132462291000,-0.57,-0.65,3.06
928671,22,Jogging,1132512309000,-3.36,-2.56,-1.5
928672,22,Jogging,1132562297000,-4.82,-0.38,-0.69
928673,22,Jogging,1132612315000,4.71,9.38,8.01
928674,22,Jogging,1132662303000,10.04,13.29,-1.53
928675,22,Jogging,1132712291000,6.13,7.93,-2.37
928676,22,Jogging,1132762309000,11.37,13.38,2.76
928677,22,Jogging,1132812297000,7.27,15.98,3.3
928678,22,Jogging,1132862315000,0.31,4.86,3.02
