,user,label,timestamp,x,y,z
931279,22,Jogging,1262912303000,8.62,15.89,-2.49
931280,22,Jogging,1262962291000,-0.99,3.91,-1.61
931281,22,Jogging,1263012248000,12.95,14.44,1.92
931282,22,Jogging,1263062297000,8.08,13.95,5.01
931283,22,Jogging,1263112315000,0.89,7.82,5.63
931284,22,Jogging,1263162303000,5.41,0.69,7.46
931285,22,Jogging,1263212291000,4.52,-0.69,1.18
931286,22,Jogging,1263262309000,5.67,11.5,-1.76
931287,22,Jogging,1263312266000,-4.29,19.23,-2.98
931288,22,Jogging,1263362315000,10.57,16.44,4.67
931289,22,Jogging,1263412303000,8.5,14.33,5.98
931290,22,Jogging,1263462291000,-2.98,-0.65,0.0
931291,22,Jogging,1263512309000,-3.98,-2.11,-2.11
931292,22,Jogging,1263562297000,-5.63,3.53,1.99
931293,22,Jogging,1263612315000,8.08,13.44,5.13
931294,22,Jogging,1263662303000,1.31,0.69,-3.53
931295,22,Jogging,1263712291000,13.02,16.55,-0.57
931296,22,Jogging,1263762309000,5.94,13.06,2.53
931297,22,Jogging,1263812297000,4.4,12.6,3.72
931298,22,Jogging,1263862315000,2.6,5.01,4.94
931299,22,Jogging,1263912303000,4.94,1.08,6.17
931300,22,Jogging,1263962291000,2.91,-0.8,2.49
931301,22,Jogging,1264012248000,10.38,17.39,-2.75
931302,22,Jogging,1264062297000,-1.18,18.62,0.08
931303,22,Jogging,1264112315000,9.3,17.35,4.82
931304,22,Jogging,1264162303000,1.99,8.5,1.23
931305,22,Jogging,1264212291000,-3.49,-1.33,-0.19
931306,22,Jogging,1264262309000,-3.87,-2.49,0.04
931307,22,Jogging,1264312297000,5.09,5.05,7.55
931308,22,Jogging,1264362315000,1.69,12.98,3.6
931309,22,Jogging,1264412303000,-1.69,-2.68,-4.14
931310,22,Jogging,1264462291000,15.05,17.08,0.76
931311,22,Jogging,1264512309000,5.22,11.54,3.41
931312,22,Jogging,1264562327000,4.06,12.53,4.06
931313,22,Jogging,1264612315000,4.1,5.28,5.28
931314,22,Jogging,1264662303000,5.24,1.46,6.7
931315,22,Jogging,1264712291000,4.82,-0.3,-1.33
931316,22,Jogging,1264762309000,3.3,18.73,-2.07
931317,22,Jogging,1264812297000,2.96,19.53,0.19
931318,22,Jogging,1264862315000,10.42,16.63,4.48
931319,22,Jogging,1264912303000,1.69,5.24,1.61
931320,22,Jogging,1264962260000,-3.11,0.0,-0.38
931321,22,Jogging,1265012218000,-4.21,-1.31,-1.73
931322,22,Jogging,1265062327000,0.31,5.71,6.74
931323,22,Jogging,1265112315000,8.05,16.28,1.14
931324,22,Jogging,1265162303000,1.31,4.4,1.54
931325,22,Jogging,1265212291000,11.69,18.31,1.14
931327,22,Jogging,1265266399000,5.41,15.21,3.79
931326,22,Jogging,1265266399000,5.41,15.21,3.79
931328,22,Jogging,1265323100000,2.37,7.78,4.37
931329,22,Jogging,1265382274000,5.79,2.07,8.69
931330,22,Jogging,1265432262000,2.22,0.5,-0.91
931331,22,Jogging,1265482280000,3.6,12.87,-3.45
931332,22,Jogging,1265542308000,-2.34,18.16,-1.53
931333,22,Jogging,1265592296000,11.8,16.17,5.01
931334,22,Jogging,1265642314000,5.98,7.55,2.98
931335,22,Jogging,1265692332000,-4.75,-0.57,0.08
931336,22,Jogging,1265742351000,-4.44,-1.42,-0.23
931337,22,Jogging,1265792338000,-1.04,3.57,5.41
931338,22,Jogging,1265842326000,0.99,12.11,4.29
931339,22,Jogging,1265892345000,-3.26,-0.42,-3.64
931340,22,Jogging,1265942363000,14.86,17.08,-1.99
931341,22,Jogging,1265992290000,6.55,12.91,3.76
931342,22,Jogging,1266042338000,2.72,9.53,3.6
931343,22,Jogging,1266092326000,2.56,4.79,5.71
931344,22,Jogging,1266142345000,6.7,1.23,4.79
931345,22,Jogging,1266192332000,3.06,2.18,-0.19
931346,22,Jogging,1266242320000,2.96,19.0,-1.99
931347,22,Jogging,1266292338000,4.37,19.34,0.95
931348,22,Jogging,1266342326000,12.87,14.56,6.51
931349,22,Jogging,1266392345000,-1.46,1.84,1.61
931350,22,Jogging,1266442332000,-5.18,-1.76,-1.42
931351,22,Jogging,1266492930000,-3.76,-1.92,-2.18
931352,22,Jogging,1266542338000,4.82,10.31,10.04
931353,22,Jogging,1266592326000,10.15,15.02,-3.91
931354,22,Jogging,1266642345000,2.11,6.97,-3.15
931355,22,Jogging,1266692332000,13.21,14.18,1.73
931356,22,Jogging,1266742320000,6.78,13.99,3.15
931357,22,Jogging,1266792338000,1.42,6.74,2.22
931358,22,Jogging,1266842326000,3.45,3.17,7.82
931359,22,Jogging,1266892345000,3.72,0.84,4.29
931360,22,Jogging,1266942332000,4.02,6.97,0.76
931361,22,Jogging,1266992320000,2.22,18.35,-5.37
931362,22,Jogging,1267042338000,6.82,18.05,3.87
931363,22,Jogging,1267092326000,10.8,13.4,2.53
931364,22,Jogging,1267142345000,-3.41,-1.42,-0.61
931365,22,Jogging,1267192363000,-4.75,-3.21,-1.57
931366,22,Jogging,1267242320000,-1.57,-0.72,2.34
931367,22,Jogging,1267292338000,3.11,13.44,8.16
931368,22,Jogging,1267342326000,1.69,0.31,-6.63
931369,22,Jogging,1267392406000,11.96,14.37,-4.48
931370,22,Jogging,1267442363000,6.63,9.89,4.48
931371,22,Jogging,1267492351000,7.67,13.4,3.45
931372,22,Jogging,1267542338000,2.11,6.78,4.9
931373,22,Jogging,1267592296000,5.86,1.54,5.94
931374,22,Jogging,1267642314000,1.61,-0.99,1.31
931375,22,Jogging,1267692302000,3.17,8.47,-1.84
931376,22,Jogging,1267742320000,-1.76,19.57,-1.04
931377,22,Jogging,1267792338000,13.99,16.32,5.09
931378,22,Jogging,1267842357000,6.51,10.04,5.71
931379,22,Jogging,1267892345000,-2.22,0.04,1.61
931380,22,Jogging,1267942363000,-6.4,-3.72,-1.38
931381,22,Jogging,1267992290000,1.73,3.45,3.99
931382,22,Jogging,1268042338000,3.34,16.04,4.86
931383,22,Jogging,1268092326000,1.18,5.33,-2.11
931384,22,Jogging,1268142345000,8.35,14.63,-1.27
931385,22,Jogging,1268192332000,11.54,10.92,4.29
931386,22,Jogging,1268242320000,6.09,12.98,3.45
931387,22,Jogging,1268292338000,1.33,6.7,1.69
931388,22,Jogging,1268342326000,4.52,1.95,6.85
931389,22,Jogging,1268392375000,5.83,0.19,2.45
931390,22,Jogging,1268442332000,6.44,13.33,-1.65
931391,22,Jogging,1268492320000,-4.06,19.53,-3.72
931392,22,Jogging,1268542338000,11.92,17.2,3.91
931393,22,Jogging,1268592296000,6.4,11.37,3.91
931394,22,Jogging,1268642345000,-1.73,-0.57,-1.8
931395,22,Jogging,1268692332000,-5.71,-3.83,-2.91
931396,22,Jogging,1268742320000,1.31,0.38,4.06
931397,22,Jogging,1268792338000,-1.95,7.74,2.34
931398,22,Jogging,1268842326000,5.48,8.08,-0.34
931399,22,Jogging,1268892345000,2.45,11.03,-2.68
931400,22,Jogging,1268942332000,10.31,11.54,3.02
931401,22,Jogging,1268992320000,5.75,10.88,5.22
931402,22,Jogging,1269042338000,4.02,6.55,5.24
931403,22,Jogging,1269092326000,5.37,1.14,5.52
931404,22,Jogging,1269142345000,1.04,0.57,2.07
931405,22,Jogging,1269192332000,8.16,17.58,-0.08
931406,22,Jogging,1269242320000,4.1,19.08,1.65
931407,22,Jogging,1269292338000,8.54,14.14,6.55
931408,22,Jogging,1269342326000,-0.34,5.18,2.3
931409,22,Jogging,1269392345000,-2.22,-1.27,-0.5
931410,22,Jogging,1269442332000,-5.13,-1.57,-1.08
931411,22,Jogging,1269492320000,5.67,7.21,5.63
931412,22,Jogging,1269542369000,7.44,16.47,-1.33
931413,22,Jogging,1269592326000,0.84,2.96,-4.1
931414,22,Jogging,1269642345000,13.91,17.01,3.02
931415,22,Jogging,1269692332000,6.89,13.38,2.91
931416,22,Jogging,1269742320000,3.34,9.47,5.33
931417,22,Jogging,1269792338000,1.88,3.38,6.51
931418,22,Jogging,1269842326000,7.82,0.84,5.01
931419,22,Jogging,1269892345000,3.17,-0.65,0.15
931420,22,Jogging,1269942332000,4.9,19.23,-5.33
931421,22,Jogging,1269992290000,2.37,19.53,-2.53
931422,22,Jogging,1270042369000,12.41,17.58,6.09
931423,22,Jogging,1270092326000,1.33,5.01,0.15
931424,22,Jogging,1270142345000,-4.25,-2.79,-0.15
931425,22,Jogging,1270192332000,-4.21,-3.68,-1.61
931426,22,Jogging,1270243144000,3.26,7.27,8.05
931427,22,Jogging,1270302348000,6.02,16.44,0.11
931428,22,Jogging,1270352305000,-3.06,3.26,-2.87
931429,22,Jogging,1270402324000,13.82,14.79,1.31
931430,22,Jogging,1270452373000,8.35,14.41,3.76
931431,22,Jogging,1270502299000,-0.04,9.23,5.6
931432,22,Jogging,1270552348000,3.06,1.84,7.46
931433,22,Jogging,1270602305000,8.5,0.38,1.99
931434,22,Jogging,1270652324000,3.21,-0.15,-0.99
931435,22,Jogging,1270702342000,4.63,17.97,-4.79
931436,22,Jogging,1270752391000,6.09,19.46,3.11
931437,22,Jogging,1270802318000,9.66,18.31,3.79
931438,22,Jogging,1270852305000,-2.22,4.29,0.93
931439,22,Jogging,1270902324000,-3.64,-1.69,-0.42
931440,22,Jogging,1270952342000,-4.48,-1.95,-1.73
931441,22,Jogging,1271002330000,5.33,10.04,6.21
931442,22,Jogging,1271052348000,4.29,12.03,2.98
931443,22,Jogging,1271102336000,-4.1,3.3,-4.56
931444,22,Jogging,1271152324000,12.49,17.62,4.44
931445,22,Jogging,1271212321000,7.78,13.38,4.44
931446,22,Jogging,1271262279000,2.64,9.43,4.52
931447,22,Jogging,1271312327000,3.79,3.87,7.89
931448,22,Jogging,1271362285000,6.24,-1.69,0.34
931449,22,Jogging,1271412303000,-1.27,3.15,2.37
931450,22,Jogging,1271462291000,6.47,18.54,-4.14
931451,22,Jogging,1271512309000,5.01,19.19,1.5
931452,22,Jogging,1271562297000,8.35,14.44,5.52
931453,22,Jogging,1271612315000,-0.19,4.4,0.34
931454,22,Jogging,1271662303000,-2.56,-1.95,-0.23
931455,22,Jogging,1271712260000,-4.33,-0.15,-2.11
931456,22,Jogging,1271762309000,2.22,7.44,10.38
931457,22,Jogging,1271812297000,7.5,15.05,-3.36
931458,22,Jogging,1271862315000,-6.47,0.34,0.72
931459,22,Jogging,1271912303000,14.71,17.08,1.61
931460,22,Jogging,1271962291000,6.7,14.9,3.95
931461,22,Jogging,1272012248000,-0.08,8.12,3.83
931462,22,Jogging,1272062297000,3.34,3.21,7.16
931463,22,Jogging,1272112315000,5.33,-0.38,2.03
931464,22,Jogging,1272162303000,5.41,10.5,-1.08
931465,22,Jogging,1272212291000,-2.22,17.97,-2.64
931466,22,Jogging,1272262309000,11.8,17.35,3.76
931467,22,Jogging,1272312297000,5.56,14.82,2.96
931468,22,Jogging,1272362315000,-5.18,-0.5,-0.57
931469,22,Jogging,1272412303000,-3.72,-3.45,-0.19
931470,22,Jogging,1272462291000,0.34,2.79,4.52
931471,22,Jogging,1272512309000,0.0,7.93,2.79
931472,22,Jogging,1272562297000,4.99,6.85,-3.49
931473,22,Jogging,1272612315000,6.21,13.21,-2.79
931474,22,Jogging,1272662303000,9.04,11.69,2.15
931475,22,Jogging,1272712291000,6.36,13.1,5.6
931476,22,Jogging,1272762309000,3.64,5.71,4.79
931477,22,Jogging,1272812297000,6.28,1.8,5.18
931478,22,Jogging,1272862315000,-0.72,-0.5,2.26
