,user,label,timestamp,x,y,z
657890,23,Jogging,658652476000,4.25,19.57,1.31
657891,23,Jogging,658703075000,1.31,19.57,-1.61
657892,23,Jogging,658752696000,-3.02,15.05,-9.19
657893,23,Jogging,658802348000,5.28,-6.66,-7.63
657894,23,Jogging,658852885000,2.15,-12.15,-12.26
657895,23,Jogging,658902507000,3.99,9.66,6.28
657896,23,Jogging,658953105000,-4.94,18.54,11.8
657897,23,Jogging,659002696000,2.07,5.09,-17.39
657898,23,Jogging,659052348000,12.22,6.36,-1.23
657899,23,Jogging,659102794000,-8.12,19.57,-10.76
657900,23,Jogging,659152354000,-2.6,16.59,2.76
657901,23,Jogging,659202891000,-2.34,7.25,12.26
657902,23,Jogging,659252482000,-14.98,3.3,12.11
657903,23,Jogging,659303081000,-6.93,5.52,-0.46
657904,23,Jogging,659352702000,-2.72,18.16,-2.68
657905,23,Jogging,659402324000,4.63,19.57,-1.27
657906,23,Jogging,659452891000,-0.91,15.47,-12.6
657907,23,Jogging,659502452000,4.94,-8.01,-8.62
657908,23,Jogging,659552989000,1.8,-13.53,-13.4
657909,23,Jogging,659602641000,4.48,9.53,6.47
657910,23,Jogging,659652324000,-4.75,17.16,9.62
657911,23,Jogging,659702678000,2.96,0.38,-15.09
657912,23,Jogging,659752330000,8.92,9.11,0.42
657913,23,Jogging,659802836000,-11.33,19.57,-6.85
657914,23,Jogging,659852428000,4.44,15.05,2.53
657915,23,Jogging,659903026000,-10.72,4.94,13.67
657916,23,Jogging,659952678000,-9.77,1.61,10.15
657917,23,Jogging,660012279000,-2.79,7.35,0.31
657918,23,Jogging,660072307000,-9.92,18.92,-5.33
657919,23,Jogging,660122264000,7.08,19.31,-7.16
657920,23,Jogging,660172282000,-2.3,2.72,-9.85
657921,23,Jogging,660222301000,7.35,-10.53,-7.12
657922,23,Jogging,660272227000,-0.91,-4.59,-11.69
657923,23,Jogging,660322307000,0.84,17.47,16.97
657924,23,Jogging,660372294000,3.26,7.5,-10.42
657925,23,Jogging,660422282000,1.54,0.34,-8.85
657926,23,Jogging,660472301000,1.69,18.43,-9.58
657927,23,Jogging,660522288000,-4.37,19.04,7.25
657928,23,Jogging,660572276000,-0.34,8.35,7.55
657929,23,Jogging,660622264000,-16.4,3.15,16.28
657930,23,Jogging,660672343000,-4.99,5.63,1.27
657931,23,Jogging,660722331000,-1.27,18.43,-1.92
657932,23,Jogging,660772319000,1.57,19.57,-1.42
657933,23,Jogging,660822337000,0.76,17.54,-11.07
657934,23,Jogging,660872325000,1.61,-6.89,-9.85
657935,23,Jogging,660922343000,2.6,-12.95,-11.75
657936,23,Jogging,660972331000,4.6,5.33,-0.08
657937,23,Jogging,661022319000,-6.4,19.15,12.95
657938,23,Jogging,661072307000,3.57,-0.89,-14.56
657939,23,Jogging,661132365000,9.3,10.95,-1.61
657940,23,Jogging,661182231000,-10.76,19.57,-0.89
657941,23,Jogging,661232371000,4.37,10.34,2.15
657942,23,Jogging,661282298000,-12.26,6.7,16.13
657943,23,Jogging,661332347000,-9.43,1.65,5.71
657944,23,Jogging,661382335000,-2.98,9.19,-2.18
657945,23,Jogging,661432292000,-2.45,19.57,-2.56
657946,23,Jogging,661482310000,7.7,19.57,-5.6
657947,23,Jogging,661532329000,-4.02,7.59,-11.33
657948,23,Jogging,661582378000,6.74,-13.14,-9.04
657949,23,Jogging,661632335000,-1.57,-7.82,-15.55
657950,23,Jogging,661682323000,3.72,16.04,16.89
657951,23,Jogging,661732371000,-1.23,-0.46,-7.89
657952,23,Jogging,661782359000,-4.14,11.65,-7.25
657953,23,Jogging,661832347000,9.96,14.06,2.45
657954,23,Jogging,661882335000,-9.3,19.57,1.88
657955,23,Jogging,661932323000,4.06,8.73,4.18
657956,23,Jogging,661982341000,-16.28,4.52,15.83
657957,23,Jogging,662032329000,-8.88,2.6,3.76
657958,23,Jogging,662082378000,1.12,9.34,-0.08
657959,23,Jogging,662132396000,-7.01,19.57,-2.49
657960,23,Jogging,662182323000,8.35,19.5,-8.88
657961,23,Jogging,662232341000,-1.99,0.65,-11.11
657962,23,Jogging,662282298000,6.82,-12.95,-10.0
657963,23,Jogging,662332347000,-0.46,-3.87,-13.06
657964,23,Jogging,662382335000,-0.04,17.01,16.28
657965,23,Jogging,662432323000,3.06,-4.79,-10.61
657966,23,Jogging,662482341000,-6.28,11.26,-6.32
657967,23,Jogging,662532329000,6.17,15.79,-0.19
657968,23,Jogging,662592357000,-5.98,18.62,8.69
657969,23,Jogging,662642253000,-5.09,5.83,9.23
657970,23,Jogging,662692393000,-12.91,0.15,12.26
657971,23,Jogging,662742259000,-8.12,6.47,0.76
657972,23,Jogging,662792308000,3.3,13.21,-0.8
657973,23,Jogging,662842296000,0.53,19.57,-0.11
657974,23,Jogging,662892345000,-3.21,16.82,-13.95
657975,23,Jogging,662942302000,5.43,-11.22,-10.04
657976,23,Jogging,662942302000,5.43,-11.22,-10.04
657977,23,Jogging,663002666000,3.15,-11.75,-16.02
657978,23,Jogging,663052348000,4.52,6.7,8.24
657979,23,Jogging,663102885000,-4.86,19.57,14.21
657980,23,Jogging,663152507000,-0.91,-6.47,-19.23
657981,23,Jogging,663203136000,9.96,9.11,-1.23
657982,23,Jogging,663252727000,-9.53,19.57,-1.5
657983,23,Jogging,663302348000,3.76,9.92,2.03
657984,23,Jogging,663352855000,-16.02,5.48,16.44
657985,23,Jogging,663402476000,-4.48,1.04,5.71
657986,23,Jogging,663453105000,-6.66,10.15,-1.84
657987,23,Jogging,663512279000,-1.04,19.57,-0.53
657988,23,Jogging,663572307000,3.95,19.34,-8.43
657989,23,Jogging,663622325000,0.93,-2.72,-8.81
657990,23,Jogging,663672404000,4.33,-14.1,-9.72
657991,23,Jogging,663722331000,0.04,5.6,-2.6
657992,23,Jogging,663772288000,-3.53,19.57,14.63
657993,23,Jogging,663822337000,1.57,-0.84,-19.61
657994,23,Jogging,663872356000,10.19,7.82,-1.76
657995,23,Jogging,663922343000,-6.21,19.57,-10.08
657996,23,Jogging,663972331000,5.01,14.6,5.13
657997,23,Jogging,664022319000,-13.44,5.28,15.32
657998,23,Jogging,664072337000,-11.03,1.65,7.89
657999,23,Jogging,664122294000,-1.73,7.5,0.11
658000,23,Jogging,664172343000,-7.7,19.34,-2.68
658001,23,Jogging,664222331000,4.25,19.57,-3.68
658002,23,Jogging,664272288000,-8.96,12.6,-15.09
658003,23,Jogging,664322398000,10.23,-13.99,-10.72
658004,23,Jogging,664372325000,-0.27,-10.72,-13.29
658005,23,Jogging,664422343000,6.63,11.26,13.91
658006,23,Jogging,664472331000,-4.79,7.21,-1.84
658007,23,Jogging,664522319000,0.19,4.44,-5.13
658008,23,Jogging,664572337000,9.3,15.85,2.64
658009,23,Jogging,664622325000,-9.7,19.57,-4.37
658010,23,Jogging,664672343000,3.41,9.04,3.15
658011,23,Jogging,664722331000,-16.04,6.13,16.21
658012,23,Jogging,664772288000,-5.48,1.46,6.21
658013,23,Jogging,664822337000,-3.3,8.92,1.12
658014,23,Jogging,664872325000,-12.18,18.92,-1.92
658015,23,Jogging,664922343000,6.97,19.57,-6.55
658016,23,Jogging,664972331000,-5.67,4.29,-13.82
658017,23,Jogging,665022319000,10.46,-13.57,-10.53
658018,23,Jogging,665072337000,-1.23,-6.74,-13.33
658019,23,Jogging,665122325000,3.64,16.04,18.66
658020,23,Jogging,665182323000,4.21,-3.6,-13.21
658021,23,Jogging,665232280000,1.33,17.77,-12.34
658022,23,Jogging,665282298000,-5.33,18.66,-6.47
658023,23,Jogging,665332347000,6.93,16.28,9.51
658024,23,Jogging,665382335000,-17.82,1.61,10.08
658025,23,Jogging,665432323000,-3.45,2.3,12.64
658026,23,Jogging,665482371000,-1.23,4.71,0.04
658027,23,Jogging,665532329000,-9.66,18.96,-3.64
658028,23,Jogging,665582347000,1.54,19.57,-1.95
658029,23,Jogging,665632335000,-2.72,8.77,-11.69
658030,23,Jogging,665682323000,5.52,-6.78,-7.08
658031,23,Jogging,665732341000,3.64,-12.45,-11.75
658032,23,Jogging,665783580000,2.53,4.82,-0.42
658033,23,Jogging,665842265000,-4.33,19.04,15.6
658034,23,Jogging,665892314000,-5.94,-0.72,-18.5
658035,23,Jogging,665942302000,12.41,9.19,-1.99
658036,23,Jogging,665992320000,-11.22,19.57,-4.94
658037,23,Jogging,666042308000,5.52,13.1,2.45
658038,23,Jogging,666092326000,-11.75,6.51,13.02
658039,23,Jogging,666142314000,-10.42,1.57,9.53
658040,23,Jogging,666192302000,-3.76,7.5,-1.8
658041,23,Jogging,666242229000,-1.73,19.57,-2.11
658042,23,Jogging,666292277000,3.57,19.57,-1.57
658043,23,Jogging,666342296000,-3.79,13.8,-12.11
658044,23,Jogging,666392345000,6.55,-10.72,-8.77
658045,23,Jogging,666442302000,-0.11,-12.45,-14.44
658046,23,Jogging,666492320000,5.41,11.45,11.18
658047,23,Jogging,666542308000,-5.75,17.24,5.24
658048,23,Jogging,666592296000,0.93,-3.87,-16.66
658049,23,Jogging,666642345000,10.73,13.72,-2.6
658050,23,Jogging,666692302000,-15.17,19.57,1.46
658051,23,Jogging,666742290000,6.89,11.96,3.3
658052,23,Jogging,666792308000,-13.29,5.83,13.91
658053,23,Jogging,666842296000,-9.89,1.88,7.55
658054,23,Jogging,666892314000,-3.36,8.28,-1.14
658055,23,Jogging,666942302000,-2.96,19.57,-1.76
658056,23,Jogging,666992259000,5.24,19.57,-3.91
658057,23,Jogging,667042308000,-4.4,10.92,-11.73
658058,23,Jogging,667092296000,8.69,-12.72,-8.2
658059,23,Jogging,667142314000,-0.84,-9.23,-14.29
658061,23,Jogging,667192363000,4.21,12.83,10.92
658060,23,Jogging,667192363000,4.21,12.83,10.92
658062,23,Jogging,667251170000,-4.71,16.51,2.34
658063,23,Jogging,667342296000,9.19,11.96,-6.66
658064,23,Jogging,667392284000,-13.25,19.57,2.76
658065,23,Jogging,667442973000,5.37,12.98,5.22
658066,23,Jogging,667492381000,-13.82,5.6,16.47
658067,23,Jogging,667542308000,-9.19,1.42,5.33
658068,23,Jogging,667592296000,-2.22,7.08,0.04
658069,23,Jogging,667592296000,-2.22,7.08,0.04
658070,23,Jogging,667662303000,-8.58,19.57,-0.8
658071,23,Jogging,667712260000,4.25,18.31,-11.45
658072,23,Jogging,667762279000,-0.15,-3.45,-10.61
658073,23,Jogging,667812297000,5.75,-12.07,-12.6
658074,23,Jogging,667872325000,-0.91,-0.5,-6.74
658075,23,Jogging,667922313000,-4.18,19.34,13.67
658076,23,Jogging,667972301000,0.08,0.15,-19.15
658077,23,Jogging,668022288000,11.73,5.6,-0.69
658078,23,Jogging,668072337000,-10.92,19.57,-7.44
658079,23,Jogging,668122325000,3.99,15.51,1.12
658080,23,Jogging,668172343000,-9.34,8.08,16.09
658081,23,Jogging,668222331000,-9.72,1.14,8.28
658082,23,Jogging,668272319000,-8.66,7.35,-2.53
658083,23,Jogging,668322368000,0.08,19.53,-0.8
658084,23,Jogging,668372325000,2.49,19.57,-2.03
658085,23,Jogging,668422343000,-1.95,14.21,-11.3
658086,23,Jogging,668482341000,6.59,-11.22,-9.3
658087,23,Jogging,668532359000,-1.42,-8.43,-13.67
658088,23,Jogging,668582378000,1.08,11.5,13.02
658089,23,Jogging,668632335000,0.42,18.01,2.91
