,user,label,timestamp,x,y,z
661690,23,Jogging,848652415000,-2.53,17.05,18.89
661691,23,Jogging,848703075000,3.11,10.5,-9.19
661692,23,Jogging,848752635000,1.46,2.15,-10.57
661693,23,Jogging,848802348000,4.6,18.54,-10.42
661694,23,Jogging,848852794000,-13.53,19.31,4.56
661695,23,Jogging,848902385000,2.83,10.5,7.25
661696,23,Jogging,848952983000,-18.12,5.75,16.97
661697,23,Jogging,849002727000,-5.18,3.83,4.1
661698,23,Jogging,849052348000,0.76,11.41,-2.11
661699,23,Jogging,849102794000,-5.09,19.57,1.38
661700,23,Jogging,849152354000,2.41,19.57,-10.23
661701,23,Jogging,849202983000,-3.06,3.49,-11.18
661702,23,Jogging,849252605000,6.82,-14.48,-10.42
661703,23,Jogging,849303538000,1.57,-3.21,-10.42
661704,23,Jogging,849362315000,-2.53,16.59,18.24
661705,23,Jogging,849422343000,3.06,8.96,-13.99
661706,23,Jogging,849472331000,10.84,6.28,-3.26
661707,23,Jogging,849522319000,-6.93,19.57,-14.02
661708,23,Jogging,849572337000,1.23,16.66,3.87
661709,23,Jogging,849622325000,-7.59,11.18,14.21
661710,23,Jogging,849672343000,-16.7,3.26,12.3
661711,23,Jogging,849722331000,-2.41,4.79,-0.46
661712,23,Jogging,849772319000,-3.57,18.05,-2.41
661713,23,Jogging,849822337000,0.53,19.57,-0.34
661714,23,Jogging,849872325000,-3.15,18.96,-11.92
661715,23,Jogging,849922343000,3.38,-5.67,-10.88
661716,23,Jogging,849972301000,4.1,-15.83,-13.21
661717,23,Jogging,850022319000,0.99,3.45,-1.23
661718,23,Jogging,850072337000,-5.18,19.46,15.94
661719,23,Jogging,850122325000,10.31,0.61,-10.15
661720,23,Jogging,850172343000,-0.72,11.03,-10.61
661721,23,Jogging,850222331000,-0.91,18.96,-9.92
661722,23,Jogging,850282390000,-4.37,18.2,6.7
661723,23,Jogging,850332347000,-3.53,8.58,8.92
661724,23,Jogging,850382335000,-15.6,3.57,14.29
661725,23,Jogging,850432323000,-3.83,3.87,1.5
661726,23,Jogging,850482310000,-4.59,14.1,-6.32
661727,23,Jogging,850532329000,2.03,19.57,-0.61
661728,23,Jogging,850582347000,0.72,19.34,-8.85
661729,23,Jogging,850632335000,-1.92,4.82,-8.47
661730,23,Jogging,850682323000,7.06,-11.88,-8.77
661731,23,Jogging,850742229000,-0.95,-2.83,-8.62
661732,23,Jogging,850792308000,-5.63,19.46,16.55
661733,23,Jogging,850842296000,1.5,6.85,-17.5
661734,23,Jogging,850892284000,7.86,-2.14,-1.73
661735,23,Jogging,850942302000,-3.87,19.53,-4.99
661736,23,Jogging,850992290000,-11.33,18.28,-1.04
661737,23,Jogging,851042308000,7.5,8.89,4.75
661738,23,Jogging,851092296000,-13.59,6.85,14.98
661739,23,Jogging,851142314000,-4.71,2.37,5.6
661740,23,Jogging,851192302000,-4.18,10.08,-4.37
661741,23,Jogging,851242351000,-0.72,19.57,-2.79
661742,23,Jogging,851292277000,2.41,19.57,-3.95
661743,23,Jogging,851342326000,-0.61,13.44,-6.4
661744,23,Jogging,851392314000,3.3,-2.18,-6.47
661745,23,Jogging,851442363000,4.37,-12.15,-9.19
661746,23,Jogging,851492290000,-2.98,14.29,12.83
661747,23,Jogging,851542308000,-3.41,6.74,-4.44
661748,23,Jogging,851592296000,-5.37,14.75,-1.69
661750,23,Jogging,851642314000,7.21,-1.92,-4.75
661749,23,Jogging,851642314000,7.21,-1.92,-4.75
661751,23,Jogging,851712352000,-5.37,17.69,-4.48
661752,23,Jogging,851762340000,0.99,15.75,1.23
661753,23,Jogging,851812358000,1.12,11.45,7.74
661754,23,Jogging,851862285000,-11.75,3.72,10.53
661755,23,Jogging,851922313000,-3.57,5.09,1.33
661756,23,Jogging,851989940000,-7.01,19.57,-6.17
661757,23,Jogging,852042308000,-1.57,17.31,-2.87
661758,23,Jogging,852092296000,1.95,3.45,-6.63
661759,23,Jogging,852142314000,0.08,-2.6,-6.93
661760,23,Jogging,852192302000,3.76,-2.91,-5.6
661761,23,Jogging,852242290000,2.18,13.67,12.03
661762,23,Jogging,852292308000,0.15,15.85,6.66
661763,23,Jogging,852342296000,7.35,14.06,4.37
661764,23,Jogging,852392345000,0.53,-7.65,-12.64
661765,23,Jogging,852442302000,-4.86,16.09,-10.84
661766,23,Jogging,852492259000,-1.08,8.62,1.46
661767,23,Jogging,852542308000,0.89,8.08,-4.44
661768,23,Jogging,852592296000,0.46,8.77,1.38
661769,23,Jogging,852642314000,-3.6,11.5,-0.08
661770,23,Jogging,852692302000,-0.57,12.07,-0.27
661771,23,Jogging,852742290000,-6.09,13.4,-0.34
661772,23,Jogging,852792308000,-4.06,14.29,4.99
661773,23,Jogging,852842296000,-3.98,14.18,4.82
661774,23,Jogging,852892314000,-2.79,15.24,-10.95
661775,23,Jogging,852942363000,2.22,18.39,-2.18
661776,23,Jogging,852992290000,2.18,10.38,-3.17
661777,23,Jogging,853042308000,-3.15,4.48,-6.51
661778,23,Jogging,853092296000,2.11,-0.65,-7.12
661779,23,Jogging,853142314000,4.29,-1.14,-2.37
661780,23,Jogging,853192302000,-1.12,11.92,13.06
661781,23,Jogging,853242290000,1.95,17.69,10.19
661782,23,Jogging,853292308000,12.72,13.38,-0.84
661783,23,Jogging,853342326000,-7.01,-1.31,-12.53
661784,23,Jogging,853392314000,-3.76,14.41,-7.08
661785,23,Jogging,853442302000,0.5,11.73,0.95
661786,23,Jogging,853492381000,1.23,8.54,-3.41
661787,23,Jogging,853542308000,-3.83,8.47,1.04
661788,23,Jogging,853592296000,-0.3,7.35,-3.95
661789,23,Jogging,853642314000,-0.76,11.11,2.72
661790,23,Jogging,853692302000,-7.4,15.36,3.79
661791,23,Jogging,853742290000,-7.35,15.47,5.37
661792,23,Jogging,853792308000,-6.7,17.24,4.1
661793,23,Jogging,853842296000,-6.21,14.9,-11.45
661794,23,Jogging,853892314000,-3.06,19.53,-2.68
661795,23,Jogging,853942302000,2.3,15.17,-5.67
661796,23,Jogging,853992290000,-4.9,8.89,-6.66
661797,23,Jogging,854042308000,4.75,2.64,-6.24
661798,23,Jogging,854092296000,4.67,-0.72,-0.46
661799,23,Jogging,854142345000,-0.95,3.68,6.02
661800,23,Jogging,854192302000,-2.6,5.71,8.62
661801,23,Jogging,854242290000,8.89,10.76,9.47
661802,23,Jogging,854292338000,1.04,5.56,-2.75
661803,23,Jogging,854342296000,2.15,11.37,-3.49
661804,23,Jogging,854392314000,-1.95,12.18,-3.34
661805,23,Jogging,854442302000,-5.43,10.53,-0.46
661806,23,Jogging,854492320000,-2.83,8.54,0.38
661807,23,Jogging,854542338000,-3.06,10.46,-0.5
661808,23,Jogging,854592296000,-2.49,7.31,1.54
661809,23,Jogging,854642345000,-2.91,15.94,1.54
661810,23,Jogging,854692332000,-2.96,12.57,2.26
661811,23,Jogging,854742198000,-5.98,17.47,5.24
661812,23,Jogging,854792338000,-1.53,15.7,4.33
661813,23,Jogging,854842296000,-3.36,14.79,-9.53
661814,23,Jogging,854892314000,0.93,19.11,3.79
661815,23,Jogging,854942302000,1.08,10.5,-3.87
661816,23,Jogging,854992259000,-2.91,5.63,-3.11
661817,23,Jogging,855042369000,4.75,-1.42,-3.45
661818,23,Jogging,855092296000,-1.95,3.38,0.5
661819,23,Jogging,855142314000,0.69,-0.15,4.71
661820,23,Jogging,855192302000,-0.19,2.34,8.5
661822,23,Jogging,855244578000,8.5,14.75,4.18
661821,23,Jogging,855244578000,8.5,14.75,4.18
661823,23,Jogging,855302440000,-4.33,5.86,-1.65
661824,23,Jogging,855353129000,-1.5,15.17,-0.5
661825,23,Jogging,855403087000,-2.53,11.37,-0.57
661826,23,Jogging,855452373000,-0.8,8.92,-2.14
661827,23,Jogging,855512309000,-1.61,9.92,2.79
661828,23,Jogging,855562297000,-2.14,11.56,0.19
661829,23,Jogging,855612376000,-1.53,9.0,-1.27
661830,23,Jogging,855662273000,-1.73,12.83,0.42
661831,23,Jogging,855722301000,-0.46,15.6,3.95
661832,23,Jogging,855772319000,-4.48,16.04,3.99
661833,23,Jogging,855822368000,-4.94,13.67,-2.45
661834,23,Jogging,855872325000,-0.95,18.09,-5.86
661835,23,Jogging,855922343000,1.04,14.79,1.14
661836,23,Jogging,855972301000,0.61,8.28,-2.45
661837,23,Jogging,856022319000,-0.15,4.56,-2.79
661838,23,Jogging,856072337000,1.92,1.08,-2.11
661839,23,Jogging,856122325000,-1.31,1.95,0.89
661840,23,Jogging,856172343000,-1.18,3.15,5.52
661841,23,Jogging,856222331000,0.72,7.27,11.54
661842,23,Jogging,856272319000,6.36,10.69,0.31
661843,23,Jogging,856322368000,-2.22,9.66,-1.23
661844,23,Jogging,856372325000,-1.04,8.96,-0.11
661845,23,Jogging,856422343000,0.61,13.1,-1.8
661846,23,Jogging,856472331000,-2.34,7.97,-3.87
661848,23,Jogging,856522319000,-3.02,10.38,-2.14
661847,23,Jogging,856522319000,-3.02,10.38,-2.14
661849,23,Jogging,856632304000,-1.23,10.65,-0.04
661850,23,Jogging,856682353000,-0.04,11.92,-4.44
661851,23,Jogging,856732249000,-2.56,12.15,-2.26
661852,23,Jogging,856792766000,-4.18,15.79,0.84
661853,23,Jogging,856842235000,-3.95,16.97,4.14
661854,23,Jogging,856892436000,-5.18,16.17,-2.37
661855,23,Jogging,856892436000,-5.18,16.17,-2.37
661856,23,Jogging,856954112000,-2.98,14.9,-4.9
661857,23,Jogging,857012614000,1.12,10.92,-1.18
661858,23,Jogging,857072276000,-1.08,8.58,-1.53
661859,23,Jogging,857122325000,0.57,4.48,-3.15
661860,23,Jogging,857186107000,-0.61,0.93,-1.73
661861,23,Jogging,857244670000,0.11,3.53,4.29
661862,23,Jogging,857244670000,0.11,3.53,4.29
661863,23,Jogging,857302867000,-2.96,7.31,14.41
661864,23,Jogging,857353709000,7.82,8.66,0.95
661865,23,Jogging,857412425000,1.92,10.95,-1.95
661866,23,Jogging,857474711000,-3.15,10.5,-1.5
661867,23,Jogging,857533275000,-4.86,10.46,-2.75
661868,23,Jogging,857592296000,-3.15,12.57,-1.57
661869,23,Jogging,857642436000,-1.42,6.21,-0.5
661870,23,Jogging,857642436000,-1.42,6.21,-0.5
661871,23,Jogging,857706096000,-4.44,7.44,-1.27
661872,23,Jogging,857763835000,-3.68,13.67,-1.5
661874,23,Jogging,857834697000,-1.33,14.1,-4.94
661873,23,Jogging,857834697000,-1.33,14.1,-4.94
661875,23,Jogging,857909740000,-5.6,13.76,-2.91
661876,23,Jogging,857962657000,-9.15,14.44,0.65
661877,23,Jogging,858012126000,-9.38,10.57,-4.02
661878,23,Jogging,858062633000,-0.84,10.12,-4.18
661879,23,Jogging,858112315000,-4.67,4.29,-0.53
661880,23,Jogging,858162730000,-0.46,6.13,2.22
661881,23,Jogging,858216655000,-6.17,5.48,0.89
661882,23,Jogging,858278697000,-1.42,6.28,0.42
661883,23,Jogging,858344646000,-3.06,3.79,3.15
661884,23,Jogging,858344646000,-3.06,3.79,3.15
661885,23,Jogging,858404552000,-4.59,0.76,7.89
661886,23,Jogging,858462291000,-2.26,8.81,8.77
661887,23,Jogging,858522472000,-4.44,11.3,1.84
661888,23,Jogging,858585307000,-1.84,10.99,2.96
661889,23,Jogging,858643107000,-2.18,9.23,0.89
