,user,label,timestamp,x,y,z
558058,14,Downstairs,57721512341000,0.99,13.06,0.38
558059,14,Downstairs,57721562328000,9.62,8.12,5.71
558060,14,Downstairs,57721612347000,16.4,9.38,-0.5
558061,14,Downstairs,57721662334000,9.11,0.0,3.11
558062,14,Downstairs,57721712322000,0.84,0.99,4.33
558063,14,Downstairs,57721762341000,1.42,9.23,-3.34
558064,14,Downstairs,57721812328000,11.5,18.12,-6.63
558065,14,Downstairs,57721862347000,11.45,16.55,-2.72
558066,14,Downstairs,57721912334000,4.79,3.76,-0.57
558067,14,Downstairs,57721962353000,9.66,-0.19,-0.04
558068,14,Downstairs,57722012310000,6.4,5.67,3.91
558069,14,Downstairs,57722062328000,5.9,3.99,5.37
558070,14,Downstairs,57722112347000,6.21,4.56,1.04
558071,14,Downstairs,57722162334000,7.7,8.47,-4.67
558072,14,Downstairs,57722212353000,13.72,15.13,-9.11
558073,14,Downstairs,57722262341000,6.47,15.47,-4.63
558074,14,Downstairs,57722312328000,-1.65,11.96,6.97
558075,14,Downstairs,57722362347000,1.95,9.19,3.79
558076,14,Downstairs,57722412334000,11.96,8.5,8.43
558077,14,Downstairs,57722462322000,13.14,6.02,0.5
558078,14,Downstairs,57722512768000,6.21,1.08,2.83
558079,14,Downstairs,57722562328000,1.73,5.63,-1.23
558080,14,Downstairs,57722612347000,5.56,17.73,-2.68
558081,14,Downstairs,57722662334000,13.25,19.31,-9.85
558082,14,Downstairs,57722712322000,9.19,10.65,-1.8
558083,14,Downstairs,57722762341000,4.86,5.86,-2.34
558084,14,Downstairs,57722812328000,0.57,6.13,11.99
558085,14,Downstairs,57722862347000,7.89,4.44,1.84
558086,14,Downstairs,57722912334000,7.97,3.95,4.25
558087,14,Downstairs,57722962322000,7.31,8.31,-1.73
558088,14,Downstairs,57723012341000,15.6,11.96,-1.99
558089,14,Downstairs,57723062328000,13.95,15.98,-9.28
558090,14,Downstairs,57723112347000,4.1,9.38,-2.41
558091,14,Downstairs,57723162334000,2.15,8.73,-0.23
558092,14,Downstairs,57723212322000,0.08,5.33,-3.87
558093,14,Downstairs,57723262341000,-0.61,4.86,-3.72
558094,14,Downstairs,57723312328000,2.68,8.16,-2.22
558095,14,Downstairs,57723362377000,9.58,12.6,12.72
558096,14,Downstairs,57723412334000,8.73,6.97,2.3
558097,14,Downstairs,57723462322000,7.08,10.8,-1.08
558098,14,Downstairs,57723512341000,8.89,15.79,-0.91
558099,14,Downstairs,57723562328000,3.49,5.75,-3.36
558100,14,Downstairs,57723612347000,5.22,4.82,-4.52
558101,14,Downstairs,57723662334000,6.78,8.24,-4.56
558102,14,Downstairs,57723712322000,5.22,8.69,-2.37
558103,14,Downstairs,57723762341000,3.34,8.96,-0.23
558104,14,Downstairs,57723812328000,0.38,12.11,6.36
558105,14,Downstairs,57723862347000,6.21,10.0,-1.76
558106,14,Downstairs,57723912334000,9.89,10.42,-4.56
558107,14,Downstairs,57723962353000,9.77,7.44,-1.99
558108,14,Downstairs,57724072277000,11.84,12.15,-1.99
558109,14,Downstairs,57724072277000,11.84,12.15,-1.99
558110,14,Downstairs,57724122295000,8.92,17.16,-8.35
558111,14,Downstairs,57724172405000,3.49,16.4,-9.81
558112,14,Downstairs,57724222302000,7.12,9.43,6.63
558113,14,Downstairs,57724272320000,-2.49,8.24,-2.53
558114,14,Downstairs,57724322338000,-3.98,1.76,-2.56
558115,14,Downstairs,57724382336000,-0.46,1.69,-3.17
558116,14,Downstairs,57724432324000,4.63,9.77,0.23
558117,14,Downstairs,57724482342000,10.42,12.57,0.38
558118,14,Downstairs,57724532330000,4.9,2.96,9.3
558119,14,Downstairs,57724582378000,3.72,8.58,-0.42
558120,14,Downstairs,57724632336000,12.83,17.5,-5.71
558121,14,Downstairs,57724682323000,14.56,12.41,1.46
558122,14,Downstairs,57724732311000,4.75,5.22,2.22
558123,14,Downstairs,57724782330000,11.5,4.21,-1.31
558124,14,Downstairs,57724832348000,9.77,4.52,4.4
558125,14,Downstairs,57724882336000,3.11,6.05,5.79
558126,14,Downstairs,57724932324000,6.82,5.43,-2.75
558127,14,Downstairs,57724982342000,7.86,8.47,-8.47
558128,14,Downstairs,57725032330000,11.92,18.09,-2.3
558129,14,Downstairs,57725082348000,-1.12,12.26,2.41
558130,14,Downstairs,57725132336000,2.53,7.55,-1.5
558131,14,Downstairs,57725182323000,8.58,6.13,8.05
558132,14,Downstairs,57725232311000,13.21,8.43,1.95
558133,14,Downstairs,57725282269000,4.99,2.68,-0.23
558134,14,Downstairs,57725332348000,1.14,-0.27,0.89
558135,14,Downstairs,57725382336000,4.18,6.63,0.0
558136,14,Downstairs,57725432324000,17.97,19.5,-4.4
558137,14,Downstairs,57725482342000,8.62,9.62,0.89
558138,14,Downstairs,57725532330000,4.25,0.34,0.69
558139,14,Downstairs,57725582348000,13.82,3.79,2.98
558140,14,Downstairs,57725632336000,8.16,8.5,11.99
558141,14,Downstairs,57725682323000,4.75,7.16,-2.68
558142,14,Downstairs,57725732311000,6.32,9.08,-9.23
558143,14,Downstairs,57725782330000,9.28,15.02,-6.63
558144,14,Downstairs,57725832348000,-0.3,12.49,-0.5
558145,14,Downstairs,57725882336000,2.22,9.7,-0.15
558146,14,Downstairs,57725932324000,11.07,9.43,7.06
558147,14,Downstairs,57725982342000,10.73,5.56,3.72
558148,14,Downstairs,57726032330000,2.98,0.57,1.12
558149,14,Downstairs,57726082317000,2.6,0.57,1.92
558150,14,Downstairs,57726132336000,8.58,9.04,-1.88
558151,14,Downstairs,57726182323000,18.47,18.81,-4.44
558152,14,Downstairs,57726232311000,6.36,5.75,-0.95
558153,14,Downstairs,57726282238000,8.5,-1.88,3.06
558154,14,Downstairs,57726332348000,12.37,7.67,6.02
558155,14,Downstairs,57726382336000,1.73,7.78,-0.69
558156,14,Downstairs,57726432354000,4.82,7.08,-8.39
558157,14,Downstairs,57726482342000,6.85,11.75,-7.16
558158,14,Downstairs,57726532330000,4.79,14.44,0.19
558159,14,Downstairs,57726582317000,0.93,10.57,-0.38
558160,14,Downstairs,57726632336000,5.83,7.63,2.03
558161,14,Downstairs,57726682323000,13.57,4.1,5.83
558162,14,Downstairs,57726732311000,4.6,1.73,0.27
558163,14,Downstairs,57726782330000,4.06,0.84,0.8
558164,14,Downstairs,57726832348000,8.47,10.0,-0.19
558165,14,Downstairs,57726882366000,17.47,19.34,-5.48
558166,14,Downstairs,57726932354000,6.36,6.09,0.89
558167,14,Downstairs,57726982342000,16.89,-3.21,4.4
558168,14,Downstairs,57727032330000,12.34,3.91,8.81
558169,14,Downstairs,57727082348000,8.08,10.15,-3.11
558170,14,Downstairs,57727132336000,18.12,15.75,-10.31
558171,14,Downstairs,57727182323000,15.89,17.58,-12.18
558172,14,Downstairs,57727232311000,-0.76,13.63,-5.98
558173,14,Downstairs,57727282360000,-12.41,15.36,8.35
558174,14,Downstairs,57727332348000,1.92,7.5,11.11
558175,14,Downstairs,57727382366000,12.11,9.51,6.17
558176,14,Downstairs,57727432324000,7.27,3.3,1.46
558177,14,Downstairs,57727482372000,2.64,3.6,-4.06
558178,14,Downstairs,57727532360000,6.55,17.67,-10.15
558179,14,Downstairs,57727582348000,11.11,15.02,-9.28
558180,14,Downstairs,57727632336000,6.85,9.47,-3.02
558181,14,Downstairs,57727682354000,4.86,13.44,0.04
558182,14,Downstairs,57727732311000,-0.19,12.72,15.02
558183,14,Downstairs,57727782330000,9.89,5.52,3.57
558184,14,Downstairs,57727832348000,5.33,1.76,-0.42
558185,14,Downstairs,57727882336000,10.57,8.81,-5.79
558186,14,Downstairs,57727932324000,19.53,16.09,-6.47
558187,14,Downstairs,57727982342000,6.78,18.24,-9.77
558188,14,Downstairs,57728032330000,-5.2,14.98,0.99
558189,14,Downstairs,57728082348000,-3.36,7.97,-2.87
558190,14,Downstairs,57728132336000,-2.34,4.33,-0.8
558191,14,Downstairs,57728182323000,3.83,1.27,7.67
558192,14,Downstairs,57728232372000,8.66,5.9,-1.73
558193,14,Downstairs,57728282330000,10.57,14.02,-2.37
558194,14,Downstairs,57728332348000,3.21,11.75,-1.61
558195,14,Downstairs,57728382336000,1.46,11.26,-4.79
558196,14,Downstairs,57728432324000,4.37,12.37,-5.98
558197,14,Downstairs,57728482342000,4.75,10.27,-2.34
558198,14,Downstairs,57728532330000,7.21,9.89,-0.15
558199,14,Downstairs,57728582348000,15.43,5.01,16.17
558200,14,Downstairs,57728632336000,13.18,0.31,2.83
558201,14,Downstairs,57728682323000,8.16,10.04,-2.26
558202,14,Downstairs,57728732952000,13.21,16.93,-6.47
558203,14,Downstairs,57728782330000,8.2,17.54,-10.0
558204,14,Downstairs,57728832348000,-5.41,13.38,10.12
558205,14,Downstairs,57728882336000,0.8,5.86,0.23
558206,14,Downstairs,57728932324000,2.03,4.4,-0.76
558207,14,Downstairs,57728982342000,5.41,5.56,0.8
558208,14,Downstairs,57729032360000,8.66,8.39,-0.42
558209,14,Downstairs,57729082348000,4.67,3.26,-0.15
558210,14,Downstairs,57729132305000,2.41,4.06,6.7
558211,14,Downstairs,57729182293000,6.89,10.04,-0.53
558212,14,Downstairs,57729232342000,16.51,19.57,-5.67
558213,14,Downstairs,57729282330000,7.27,7.01,-0.99
558214,14,Downstairs,57729332378000,4.02,1.18,-0.27
558215,14,Downstairs,57729382336000,11.18,5.33,2.98
558216,14,Downstairs,57729432354000,8.16,6.82,3.87
558217,14,Downstairs,57729482342000,5.48,4.52,4.06
558218,14,Downstairs,57729532330000,7.89,3.53,-1.92
558219,14,Downstairs,57729582348000,8.47,8.05,-6.17
558220,14,Downstairs,57729632946000,11.5,17.27,-9.7
558221,14,Downstairs,57729682323000,1.12,14.67,6.47
558222,14,Downstairs,57729732342000,1.46,11.26,-0.76
558223,14,Downstairs,57729782330000,0.95,2.91,0.19
558224,14,Downstairs,57729832348000,10.46,4.82,6.36
558225,14,Downstairs,57729882488000,11.3,1.76,0.53
558226,14,Downstairs,57729932324000,6.47,5.56,1.61
558227,14,Downstairs,57729982342000,16.97,18.28,-2.75
558228,14,Downstairs,57730032330000,8.28,11.88,-1.42
558229,14,Downstairs,57730082348000,3.87,2.72,-0.23
558230,14,Downstairs,57730132336000,17.05,1.69,2.41
558231,14,Downstairs,57730182323000,5.79,8.47,11.11
558232,14,Downstairs,57730232342000,2.87,6.4,-2.53
558233,14,Downstairs,57730282269000,4.67,5.98,-8.88
558234,14,Downstairs,57730332348000,12.15,13.44,-3.79
558235,14,Downstairs,57730382336000,1.8,12.98,-1.08
558236,14,Downstairs,57730432324000,2.3,8.96,-0.99
558237,14,Downstairs,57730482342000,7.55,9.19,5.22
558238,14,Downstairs,57730532330000,12.87,5.71,7.97
558239,14,Downstairs,57730582348000,4.37,2.15,1.5
558240,14,Downstairs,57730632336000,1.8,-1.61,0.15
558241,14,Downstairs,57730682323000,2.91,5.98,-1.42
558242,14,Downstairs,57730732342000,19.15,19.57,-1.46
558243,14,Downstairs,57730782330000,6.55,10.84,0.38
558244,14,Downstairs,57730832348000,5.63,0.5,-5.09
558245,14,Downstairs,57730882336000,15.4,5.18,2.15
558246,14,Downstairs,57730932324000,9.81,2.18,10.34
558247,14,Downstairs,57730982342000,4.52,5.63,3.26
558248,14,Downstairs,57731032330000,9.04,5.18,-6.13
558249,14,Downstairs,57731082348000,14.37,11.37,-9.47
558250,14,Downstairs,57731132336000,8.28,15.02,-6.24
558251,14,Downstairs,57731182323000,-2.49,14.18,9.53
558252,14,Downstairs,57731232342000,2.34,8.39,0.42
558253,14,Downstairs,57731282238000,10.23,8.01,10.65
558254,14,Downstairs,57731332348000,14.63,5.09,4.63
558255,14,Downstairs,57731382336000,9.04,1.18,1.12
558256,14,Downstairs,57731432324000,2.68,4.71,-0.57
558257,14,Downstairs,57731482372000,1.5,14.37,-0.91
