,user,label,timestamp,x,y,z
665311,23,Jogging,1394882396000,-18.24,3.91,13.91
665312,23,Jogging,1394932201000,-5.63,5.13,4.94
665313,23,Jogging,1394982341000,-5.71,17.27,-5.48
665315,23,Jogging,1395042277000,-0.84,19.57,-2.91
665314,23,Jogging,1395042277000,-0.84,19.57,-2.91
665316,23,Jogging,1395102367000,-2.26,14.9,-10.19
665317,23,Jogging,1395152354000,8.12,-10.31,-9.49
665318,23,Jogging,1395202342000,2.3,-10.69,-12.41
665319,23,Jogging,1395260417000,-2.79,10.8,12.3
665320,23,Jogging,1395322307000,4.25,15.05,-7.93
665321,23,Jogging,1395382335000,12.34,-0.34,-11.84
665322,23,Jogging,1395432323000,-12.37,19.57,-8.54
665323,23,Jogging,1395482341000,-3.26,16.36,-0.57
665324,23,Jogging,1395532298000,-2.83,11.26,6.93
665325,23,Jogging,1395582378000,-19.04,0.27,11.5
665326,23,Jogging,1395632365000,-3.21,8.24,3.11
665327,23,Jogging,1395682353000,-4.82,18.5,-4.02
665328,23,Jogging,1395732341000,3.87,19.57,-3.95
665329,23,Jogging,1395782329000,-3.26,16.59,-12.3
665330,23,Jogging,1395832255000,6.85,-9.96,-10.53
665331,23,Jogging,1395882274000,2.15,-12.07,-13.59
665332,23,Jogging,1395932231000,-3.91,10.53,13.44
665333,23,Jogging,1395982341000,1.38,19.15,3.72
665334,23,Jogging,1396042247000,3.45,1.5,-14.94
665335,23,Jogging,1396042247000,3.45,1.5,-14.94
665336,23,Jogging,1396102275000,1.14,16.13,-15.55
665337,23,Jogging,1396152354000,-15.43,17.05,1.46
665338,23,Jogging,1396202342000,3.87,13.14,4.75
665339,23,Jogging,1396252269000,-16.47,3.06,9.43
665340,23,Jogging,1396302348000,-7.93,5.86,8.35
665341,23,Jogging,1396352336000,-1.57,14.29,-2.83
665342,23,Jogging,1396402324000,-2.87,19.57,-2.26
665343,23,Jogging,1396452342000,-0.84,19.46,-12.03
665344,23,Jogging,1396512248000,4.29,-3.3,-12.15
665345,23,Jogging,1396562327000,3.72,-12.72,-11.95
665346,23,Jogging,1396612254000,-1.88,11.88,11.84
665347,23,Jogging,1396662364000,3.45,16.13,-6.28
665348,23,Jogging,1396722270000,5.48,9.72,-3.87
665349,23,Jogging,1396782359000,-5.86,16.93,-18.54
665350,23,Jogging,1396832378000,-3.57,19.5,6.02
665351,23,Jogging,1396882335000,-12.11,7.89,12.41
665352,23,Jogging,1396932292000,-13.76,-0.3,5.94
665353,23,Jogging,1396982341000,3.41,2.76,0.42
665354,23,Jogging,1397032329000,-0.95,19.57,0.53
665355,23,Jogging,1397092296000,-3.76,19.57,0.53
665356,23,Jogging,1397142222000,-3.41,17.67,-12.34
665357,23,Jogging,1397192424000,9.34,-10.99,-11.75
665358,23,Jogging,1397242259000,5.79,-10.27,-12.3
665359,23,Jogging,1397292277000,-0.84,-1.88,-2.68
665360,23,Jogging,1397292277000,-0.84,-1.88,-2.68
665361,23,Jogging,1397352336000,-4.71,12.98,4.52
665362,23,Jogging,1397405620000,-6.4,19.19,-3.15
665363,23,Jogging,1397462352000,10.88,-1.18,-8.69
665364,23,Jogging,1397512340000,-10.27,18.92,-5.13
665365,23,Jogging,1397562327000,1.18,13.91,2.11
665366,23,Jogging,1397612346000,-8.12,7.82,5.52
665367,23,Jogging,1397662334000,-16.74,1.23,10.23
665368,23,Jogging,1397722240000,-0.65,5.56,1.61
665369,23,Jogging,1397782329000,-5.56,16.13,-0.46
665370,23,Jogging,1397832347000,0.46,19.53,-4.02
665371,23,Jogging,1397891337000,2.18,2.22,-9.7
665373,23,Jogging,1397942210000,4.1,-7.7,-9.28
665372,23,Jogging,1397942210000,4.1,-7.7,-9.28
665374,23,Jogging,1398002544000,1.99,-5.41,-7.86
665375,23,Jogging,1398052409000,-0.27,8.43,1.65
665376,23,Jogging,1398102336000,-0.27,15.36,8.31
665377,23,Jogging,1398152324000,4.52,-1.04,-19.61
665378,23,Jogging,1398202281000,-4.99,13.59,-1.46
665379,23,Jogging,1398252391000,-7.04,12.37,-8.85
665380,23,Jogging,1398302348000,3.02,16.28,4.94
665381,23,Jogging,1398353831000,-14.82,5.05,11.73
665382,23,Jogging,1398412303000,-13.33,1.31,7.06
665383,23,Jogging,1398462321000,-4.86,17.88,-5.43
665384,23,Jogging,1398512340000,-1.61,19.57,-2.6
665385,23,Jogging,1398562327000,0.11,18.43,-9.43
665386,23,Jogging,1398622233000,-2.03,0.46,-11.84
665387,23,Jogging,1398682231000,2.98,-13.59,-13.21
665388,23,Jogging,1398732341000,-0.19,7.74,9.47
665390,23,Jogging,1398782329000,-3.17,19.27,8.54
665389,23,Jogging,1398782329000,-3.17,19.27,8.54
665391,23,Jogging,1398842296000,13.33,-10.72,-12.79
665392,23,Jogging,1398902324000,-2.64,14.1,-15.47
665393,23,Jogging,1398952342000,-11.65,15.6,-4.06
665394,23,Jogging,1399002360000,0.38,13.33,5.28
665395,23,Jogging,1399052348000,-17.5,2.56,12.57
665396,23,Jogging,1399102336000,-7.21,5.67,6.36
665397,23,Jogging,1399152324000,-0.57,11.88,-4.1
665398,23,Jogging,1399202342000,-7.4,19.57,-0.84
665399,23,Jogging,1399252330000,3.6,19.53,-10.76
665400,23,Jogging,1399304973000,-1.65,3.38,-11.37
665401,23,Jogging,1399362285000,7.12,-14.06,-11.33
665402,23,Jogging,1399412242000,0.19,1.08,-0.84
665403,23,Jogging,1399462321000,-2.87,16.63,12.53
665404,23,Jogging,1399512370000,-1.92,13.99,-14.29
665405,23,Jogging,1399562327000,10.57,-3.15,-11.37
665406,23,Jogging,1399612376000,-11.33,19.5,-8.39
665407,23,Jogging,1399662334000,-1.5,15.85,-1.23
665408,23,Jogging,1399712321000,-5.05,9.08,6.89
665409,23,Jogging,1399762340000,-19.38,1.8,12.34
665410,23,Jogging,1399812358000,-2.41,7.55,3.21
665411,23,Jogging,1399862376000,-6.47,17.73,-5.18
665412,23,Jogging,1399932323000,2.98,19.57,-6.05
665413,23,Jogging,1399982280000,-4.99,10.23,-11.18
665414,23,Jogging,1400032298000,8.77,-14.1,-10.19
665415,23,Jogging,1400091685000,0.76,-6.89,-13.14
665417,23,Jogging,1400142253000,-2.53,13.99,14.79
665416,23,Jogging,1400142253000,-2.53,13.99,14.79
665418,23,Jogging,1400202281000,0.15,18.62,-7.63
665419,23,Jogging,1400257243000,12.22,-5.75,-8.12
665420,23,Jogging,1400312358000,-10.34,19.57,-9.19
665421,23,Jogging,1400362346000,-0.15,15.7,-0.5
665422,23,Jogging,1400412334000,-7.63,8.58,8.24
665423,23,Jogging,1400462321000,-17.69,3.79,12.57
665424,23,Jogging,1400512340000,0.76,7.7,1.84
665425,23,Jogging,1400562327000,-7.97,18.77,-4.33
665426,23,Jogging,1400612376000,0.84,19.57,-3.76
665427,23,Jogging,1400662334000,-6.09,16.97,-12.37
665428,23,Jogging,1400725047000,9.08,-12.18,-11.14
665430,23,Jogging,1400782329000,1.8,-7.5,-11.8
665429,23,Jogging,1400782329000,1.8,-7.5,-11.8
665431,23,Jogging,1400842235000,-3.3,13.18,11.11
665432,23,Jogging,1400902263000,1.99,16.74,-10.15
665433,23,Jogging,1400952342000,9.77,-1.04,-7.25
665434,23,Jogging,1401002330000,-8.73,19.53,-9.3
665435,23,Jogging,1401052318000,-2.49,16.09,-1.27
665436,23,Jogging,1401102336000,-4.21,10.95,7.21
665437,23,Jogging,1401152293000,-18.81,2.07,13.18
665438,23,Jogging,1401202342000,-3.41,7.44,2.41
665439,23,Jogging,1401252391000,-5.82,18.81,-3.79
665440,23,Jogging,1401302348000,1.14,19.57,-3.21
665441,23,Jogging,1401352336000,-3.76,17.47,-13.48
665442,23,Jogging,1401402324000,6.93,-11.14,-11.37
665443,23,Jogging,1401462291000,1.65,-11.37,-13.48
665444,23,Jogging,1401512340000,0.42,10.08,12.79
665445,23,Jogging,1401562327000,1.46,19.5,2.79
665446,23,Jogging,1401612254000,7.63,-3.57,-15.36
665447,23,Jogging,1401662242000,1.61,13.14,-14.44
665448,23,Jogging,1401712321000,-17.01,18.85,3.06
665449,23,Jogging,1401762340000,7.4,12.3,2.83
665450,23,Jogging,1401812327000,-15.85,5.48,12.11
665451,23,Jogging,1401862346000,-12.03,5.37,8.89
665452,23,Jogging,1401912334000,-0.5,10.57,-4.37
665453,23,Jogging,1401962321000,-6.55,19.57,-1.14
665454,23,Jogging,1402012248000,3.06,19.57,-10.38
665455,23,Jogging,1402062327000,-3.36,6.93,-11.41
665456,23,Jogging,1402112346000,9.43,-16.44,-11.69
665457,23,Jogging,1402172313000,0.46,-0.27,-6.17
665458,23,Jogging,1402232341000,-5.09,16.78,12.98
665459,23,Jogging,1402282298000,5.83,12.11,-11.22
665461,23,Jogging,1402342235000,11.56,1.61,-8.39
665460,23,Jogging,1402342235000,11.56,1.61,-8.39
665462,23,Jogging,1402402354000,-12.72,19.57,-4.56
665463,23,Jogging,1402452281000,4.56,13.8,1.38
665464,23,Jogging,1402502330000,-12.87,7.25,11.26
665465,23,Jogging,1402552318000,-12.68,3.53,9.58
665466,23,Jogging,1402602336000,-1.8,8.5,-2.18
665467,23,Jogging,1402652324000,-7.82,19.57,-1.84
665468,23,Jogging,1402702312000,1.57,19.57,-7.35
665469,23,Jogging,1402752360000,-3.11,13.29,-10.23
665470,23,Jogging,1402802318000,8.81,-14.1,-10.38
665471,23,Jogging,1402853068000,1.27,-7.89,-10.84
665472,23,Jogging,1402902263000,0.11,9.53,10.27
665473,23,Jogging,1402952342000,-1.65,19.57,7.31
665474,23,Jogging,1403002330000,10.27,-6.7,-14.75
665475,23,Jogging,1403052379000,1.14,11.75,-12.68
665476,23,Jogging,1403102367000,-14.86,18.77,2.34
665477,23,Jogging,1403152324000,4.79,13.67,3.21
665478,23,Jogging,1403212260000,-15.75,5.75,12.68
665479,23,Jogging,1403262340000,-6.09,6.17,8.54
665480,23,Jogging,1403312297000,-3.79,13.18,-6.78
665481,23,Jogging,1403362346000,-4.67,19.57,-1.33
665482,23,Jogging,1403412303000,0.61,19.57,-10.88
665483,23,Jogging,1403462321000,-0.99,4.6,-10.5
665484,23,Jogging,1403512279000,8.54,-14.67,-9.62
665485,23,Jogging,1403562327000,1.08,-4.29,-7.97
665486,23,Jogging,1403612254000,-2.11,15.28,14.71
665487,23,Jogging,1403662242000,4.1,12.34,-9.11
665488,23,Jogging,1403712321000,1.27,7.21,-6.66
665489,23,Jogging,1403762248000,0.08,14.21,-14.79
665490,23,Jogging,1403812358000,-9.85,18.96,3.57
665491,23,Jogging,1403862346000,3.17,12.6,5.13
665492,23,Jogging,1403912334000,-17.67,3.91,12.41
665493,23,Jogging,1403962352000,-7.59,5.67,7.78
665494,23,Jogging,1404022227000,-1.73,11.8,-5.33
665495,23,Jogging,1404072337000,-3.34,19.57,-1.53
665496,23,Jogging,1404122295000,-1.53,19.53,-11.03
665497,23,Jogging,1404172343000,2.6,-1.73,-11.45
665498,23,Jogging,1404222240000,5.67,-12.91,-10.5
665499,23,Jogging,1404282268000,1.76,-1.18,-4.48
665500,23,Jogging,1404332347000,-5.98,17.24,13.82
665501,23,Jogging,1404382335000,5.52,11.56,-15.05
665502,23,Jogging,1404432323000,7.78,0.23,-7.01
665503,23,Jogging,1404492320000,-10.88,19.57,-7.01
665505,23,Jogging,1404542552000,1.92,15.98,0.57
665504,23,Jogging,1404542552000,1.92,15.98,0.57
665506,23,Jogging,1404595470000,-8.01,8.81,9.3
665507,23,Jogging,1404652263000,-16.97,2.98,10.15
665508,23,Jogging,1404702312000,0.72,8.58,-1.61
665509,23,Jogging,1404752330000,-8.5,19.57,-2.49
665510,23,Jogging,1404840343000,2.22,19.57,-7.27
