,user,label,timestamp,x,y,z
665511,23,Jogging,1404840343000,2.22,19.57,-7.27
665512,23,Jogging,1404902110000,9.11,-12.3,-10.42
665513,23,Jogging,1404952403000,2.6,-9.53,-11.95
665514,23,Jogging,1405002269000,-0.76,10.27,10.88
665515,23,Jogging,1405052318000,-2.79,19.57,5.48
665516,23,Jogging,1405102275000,10.34,-5.75,-12.87
665517,23,Jogging,1405152324000,2.41,12.45,-12.95
665518,23,Jogging,1405202342000,-16.13,18.28,2.26
665519,23,Jogging,1405256175000,6.02,15.09,2.15
665520,23,Jogging,1405312327000,-15.51,4.4,11.26
665521,23,Jogging,1405362346000,-7.89,6.36,8.89
665522,23,Jogging,1405412334000,-1.8,11.84,-5.37
665523,23,Jogging,1405462230000,-7.44,19.57,-1.23
665524,23,Jogging,1405512309000,2.87,19.57,-10.95
665525,23,Jogging,1405562327000,-1.69,6.78,-11.33
665526,23,Jogging,1405615092000,8.28,-15.6,-10.42
665527,23,Jogging,1405672313000,1.08,-3.21,-6.24
665528,23,Jogging,1405732371000,-4.21,15.66,11.75
665529,23,Jogging,1405782329000,6.85,12.68,-11.07
665530,23,Jogging,1405832347000,7.44,5.24,-7.5
665532,23,Jogging,1405882335000,-9.81,19.53,-11.69
665531,23,Jogging,1405882335000,-9.81,19.53,-11.69
665533,23,Jogging,1405942241000,-0.5,17.88,1.76
665534,23,Jogging,1406002513000,-12.3,7.82,10.76
665535,23,Jogging,1406052348000,-11.73,3.91,8.47
665536,23,Jogging,1406102336000,-1.14,11.96,-6.43
665537,23,Jogging,1406162211000,-5.09,19.57,-1.08
665538,23,Jogging,1406212291000,-0.27,19.57,-10.11
665539,23,Jogging,1406262248000,0.23,3.83,-11.37
665540,23,Jogging,1406322276000,6.24,-13.78,-9.28
665541,23,Jogging,1406372325000,3.11,-0.65,-4.37
665542,23,Jogging,1406422252000,-3.17,16.17,14.71
665543,23,Jogging,1406482249000,0.69,8.62,-15.94
665544,23,Jogging,1406482249000,0.69,8.62,-15.94
665545,23,Jogging,1406542277000,3.3,3.53,-9.92
665546,23,Jogging,1406602275000,-12.79,19.19,1.92
665547,23,Jogging,1406652324000,1.38,14.79,4.4
665548,23,Jogging,1406702342000,-17.01,5.09,14.06
665549,23,Jogging,1406752330000,-10.38,4.67,7.5
665550,23,Jogging,1406802348000,1.69,10.84,-3.76
665551,23,Jogging,1406852336000,-8.58,19.57,-1.84
665552,23,Jogging,1406902324000,2.34,19.57,-8.47
665553,23,Jogging,1406952342000,-4.1,7.63,-12.56
665554,23,Jogging,1407002696000,9.04,-16.44,-10.95
665555,23,Jogging,1407052348000,3.3,-4.14,-9.7
665556,23,Jogging,1407102275000,-2.91,13.18,13.59
665557,23,Jogging,1407152324000,-7.08,16.17,-6.13
665558,23,Jogging,1407202342000,12.34,-14.33,-5.28
665559,23,Jogging,1407252330000,-3.11,18.05,-11.3
665560,23,Jogging,1407302348000,-8.12,15.4,-3.17
665561,23,Jogging,1407352336000,-0.23,14.02,6.28
665562,23,Jogging,1407402324000,-19.04,4.79,14.21
665563,23,Jogging,1407452281000,-2.91,6.74,6.59
665564,23,Jogging,1407502330000,-4.1,16.02,-3.79
665565,23,Jogging,1407552348000,-7.16,19.57,-1.65
665566,23,Jogging,1407602336000,-3.26,19.46,-13.59
665567,23,Jogging,1407652354000,5.86,-7.31,-13.17
665568,23,Jogging,1407702342000,5.67,-13.78,-12.72
665569,23,Jogging,1407752269000,2.45,1.95,1.61
665570,23,Jogging,1407802348000,-6.32,18.62,14.41
665571,23,Jogging,1407852336000,3.68,7.4,-17.5
665572,23,Jogging,1407902324000,6.24,5.83,-5.28
665573,23,Jogging,1407952312000,-9.7,19.57,-8.77
665574,23,Jogging,1408012309000,2.83,16.7,0.76
665575,23,Jogging,1408062327000,-13.82,6.21,12.57
665576,23,Jogging,1408112346000,-11.8,5.28,10.99
665577,23,Jogging,1408162334000,1.12,10.65,-3.6
665578,23,Jogging,1408212321000,-6.7,19.57,-0.8
665579,23,Jogging,1408262309000,0.53,19.57,-6.59
665580,23,Jogging,1408312327000,-3.98,12.18,-13.02
665581,23,Jogging,1408362254000,10.04,-16.89,-10.84
665582,23,Jogging,1408412303000,1.84,-6.05,-11.3
665583,23,Jogging,1408472301000,-4.02,15.17,16.21
665584,23,Jogging,1408532329000,0.04,11.75,-10.76
665585,23,Jogging,1408582347000,5.56,-2.3,-8.05
665586,23,Jogging,1408632335000,-8.58,19.57,-3.83
665587,23,Jogging,1408682323000,-1.61,15.6,-1.53
665588,23,Jogging,1408732341000,-7.93,10.04,9.89
665589,23,Jogging,1408782329000,-17.67,3.21,13.33
665590,23,Jogging,1408832347000,1.14,8.92,0.34
665591,23,Jogging,1408882335000,-5.94,19.11,-2.45
665592,23,Jogging,1408932323000,-0.27,19.57,-3.02
665593,23,Jogging,1408982341000,-3.79,15.94,-12.98
665594,23,Jogging,1409032359000,7.63,-10.76,-10.5
665595,23,Jogging,1409032359000,7.63,-10.76,-10.5
665596,23,Jogging,1409092265000,2.07,-10.15,-11.33
665597,23,Jogging,1409152354000,-1.84,12.79,13.57
665598,23,Jogging,1409202373000,4.44,13.06,-12.03
665599,23,Jogging,1409254222000,4.06,-5.79,-7.5
665600,23,Jogging,1409312297000,-5.24,19.57,-9.72
665601,23,Jogging,1409362346000,0.04,16.78,-0.65
665602,23,Jogging,1409412334000,-7.12,10.31,9.34
665603,23,Jogging,1409462352000,-18.5,3.34,13.1
665604,23,Jogging,1409512340000,-0.46,8.77,0.46
665605,23,Jogging,1409572337000,-6.66,19.53,-2.26
665606,23,Jogging,1409622264000,1.42,19.57,-5.67
665607,23,Jogging,1409672343000,-4.63,13.4,-12.95
665608,23,Jogging,1409732371000,10.73,-16.89,-12.68
665609,23,Jogging,1409782237000,0.69,-2.3,-7.55
665610,23,Jogging,1409832347000,-3.45,14.6,13.72
665611,23,Jogging,1409882335000,1.8,15.79,-7.44
665612,23,Jogging,1409932323000,7.46,-1.5,-11.54
665613,23,Jogging,1409984538000,-3.3,17.54,-13.72
665615,23,Jogging,1410042247000,-3.76,18.35,-0.34
665614,23,Jogging,1410042247000,-3.76,18.35,-0.34
665616,23,Jogging,1410102367000,-5.56,10.95,8.43
665617,23,Jogging,1410152324000,-15.89,4.56,14.02
665618,23,Jogging,1410202342000,-0.61,9.66,-1.42
665619,23,Jogging,1410257365000,-5.13,19.53,-1.42
665620,23,Jogging,1410312327000,1.38,19.57,-6.74
665621,23,Jogging,1410362346000,-4.14,8.58,-12.49
665622,23,Jogging,1410412303000,9.11,-16.93,-10.69
665623,23,Jogging,1410462321000,2.87,-4.71,-9.53
665624,23,Jogging,1410512279000,-1.57,12.6,12.6
665625,23,Jogging,1410562327000,5.6,17.27,-1.92
665626,23,Jogging,1410612346000,-0.61,1.42,-13.63
665627,23,Jogging,1410662273000,0.72,16.25,-12.79
665628,23,Jogging,1410712321000,-10.57,18.62,1.84
665629,23,Jogging,1410772319000,1.12,11.18,6.63
665630,23,Jogging,1410822337000,-19.42,5.56,15.28
665631,23,Jogging,1410882335000,-2.34,6.36,3.3
665632,23,Jogging,1410932323000,-7.7,17.97,-3.68
665633,23,Jogging,1410982341000,-0.84,19.57,-3.41
665634,23,Jogging,1411032329000,-4.63,17.97,-13.02
665635,23,Jogging,1411082347000,6.97,-9.28,-11.54
665636,23,Jogging,1411132304000,4.21,-13.25,-12.56
665637,23,Jogging,1411182231000,2.64,6.44,3.53
665638,23,Jogging,1411232280000,-6.82,19.53,15.83
665639,23,Jogging,1411282268000,7.74,1.65,-19.19
665640,23,Jogging,1411332347000,4.99,5.52,-7.89
665641,23,Jogging,1411382335000,-10.76,19.57,-3.79
665643,23,Jogging,1411442271000,2.18,16.51,0.99
665642,23,Jogging,1411442271000,2.18,16.51,0.99
665644,23,Jogging,1411502330000,-14.56,6.97,12.03
665645,23,Jogging,1411552501000,-6.4,6.05,10.15
665646,23,Jogging,1411602336000,-1.8,11.45,-4.71
665647,23,Jogging,1411652324000,-8.69,19.57,-1.65
665648,23,Jogging,1411702342000,3.76,19.57,-9.58
665649,23,Jogging,1411752330000,-1.69,5.05,-11.73
665650,23,Jogging,1411802287000,8.2,-15.85,-10.34
665651,23,Jogging,1411855723000,1.23,-2.49,-8.31
665652,23,Jogging,1411912334000,-3.6,16.78,16.89
665653,23,Jogging,1411962260000,8.05,7.55,-11.07
665654,23,Jogging,1412012431000,3.38,7.67,-6.93
665655,23,Jogging,1412062297000,-7.78,19.57,-9.81
665656,23,Jogging,1412112346000,1.08,16.7,0.95
665657,23,Jogging,1412162334000,-6.55,10.31,9.08
665658,23,Jogging,1412212321000,-17.82,3.21,13.21
665659,23,Jogging,1412262340000,-0.69,7.5,0.31
665660,23,Jogging,1412312297000,-6.85,18.96,-3.98
665661,23,Jogging,1412362346000,1.99,19.57,-2.87
665662,23,Jogging,1412412334000,-3.15,16.51,-11.56
665663,23,Jogging,1412472301000,7.4,-11.88,-10.5
665664,23,Jogging,1412522258000,1.8,-8.24,-11.26
665665,23,Jogging,1412582255000,-0.65,11.56,10.12
665666,23,Jogging,1412632243000,2.03,16.66,-5.48
665667,23,Jogging,1412682323000,6.24,-7.04,-12.76
665668,23,Jogging,1412732341000,-1.65,18.77,-12.07
665669,23,Jogging,1412782237000,-5.71,19.0,-0.95
665670,23,Jogging,1412832347000,-0.95,13.59,7.31
665671,23,Jogging,1412832347000,-0.95,13.59,7.31
665672,23,Jogging,1412897136000,-19.23,5.43,15.05
665673,23,Jogging,1412962291000,-0.15,8.39,-2.56
665674,23,Jogging,1413012279000,-8.62,19.57,-2.07
665675,23,Jogging,1413062297000,0.93,19.57,-6.63
665676,23,Jogging,1413112346000,-3.06,9.58,-13.53
665677,23,Jogging,1413162242000,11.11,-15.75,-10.5
665678,23,Jogging,1413212321000,-0.46,-5.37,-11.73
665679,23,Jogging,1413262279000,-1.23,14.02,15.64
665680,23,Jogging,1413312297000,-1.12,17.35,-2.22
665681,23,Jogging,1413362346000,12.11,-13.4,-9.7
665682,23,Jogging,1413412303000,-0.3,17.5,-14.44
665683,23,Jogging,1413462352000,-9.77,18.31,-0.91
665684,23,Jogging,1413512340000,0.89,12.79,7.01
665685,23,Jogging,1413562297000,-19.23,5.24,15.85
665686,23,Jogging,1413612346000,-5.43,5.52,5.33
665687,23,Jogging,1413662334000,-3.17,14.67,-4.71
665688,23,Jogging,1413712321000,-8.2,19.57,-1.14
665689,23,Jogging,1413762340000,0.27,19.53,-13.14
665690,23,Jogging,1413815074000,3.99,-4.75,-13.1
665691,23,Jogging,1413872264000,4.94,-13.14,-11.5
665692,23,Jogging,1413932262000,2.15,5.94,4.94
665693,23,Jogging,1413992290000,-3.76,19.0,9.53
665694,23,Jogging,1413992290000,-3.76,19.0,9.53
665695,23,Jogging,1414052318000,3.41,-5.37,-16.17
665696,23,Jogging,1414112315000,1.84,19.53,-14.25
665697,23,Jogging,1414172282000,-0.3,18.96,1.18
665698,23,Jogging,1414222331000,-12.03,9.15,14.02
665699,23,Jogging,1414282329000,-16.59,2.07,9.72
665700,23,Jogging,1414332316000,1.54,11.69,-4.02
665701,23,Jogging,1414382335000,-7.21,19.57,-1.31
665703,23,Jogging,1414432292000,3.06,19.57,-7.93
665702,23,Jogging,1414432292000,3.06,19.57,-7.93
665704,23,Jogging,1414492229000,-4.99,7.31,-15.17
665705,23,Jogging,1414552348000,6.47,-14.25,-13.87
665706,23,Jogging,1414615031000,2.22,1.57,2.72
665707,23,Jogging,1414672343000,-0.8,19.57,9.89
665708,23,Jogging,1414722331000,2.07,-4.4,-17.43
665709,23,Jogging,1414772441000,4.18,14.71,-11.03
665710,23,Jogging,1414832378000,-12.18,19.42,0.93
