,user,label,timestamp,x,y,z
594306,24,Jogging,14473461466000,-1.18,7.82,7.86
594307,24,Jogging,14473501627000,-0.5,9.72,-0.31
594308,24,Jogging,14473581522000,10.92,4.6,3.49
594309,24,Jogging,14473621500000,-2.87,2.64,0.61
594310,24,Jogging,14473661630000,-16.63,16.32,1.73
594311,24,Jogging,14473701608000,-19.57,19.5,0.11
594312,24,Jogging,14473781503000,-13.59,-0.89,1.88
594313,24,Jogging,14473821634000,-7.74,-4.02,6.17
594314,24,Jogging,14473861521000,-3.53,-6.47,5.82
594315,24,Jogging,14473901621000,6.85,-10.53,9.58
594316,24,Jogging,14473981607000,0.89,14.33,-12.11
594317,24,Jogging,14474021494000,-3.49,9.43,2.14
594318,24,Jogging,14474061624000,-14.41,11.03,1.8
594319,24,Jogging,14474101480000,-19.53,9.28,7.4
594320,24,Jogging,14474181467000,-19.57,6.59,-8.81
594321,24,Jogging,14474221414000,-15.55,7.5,-4.21
594322,24,Jogging,14474261484000,-0.61,11.18,10.69
594323,24,Jogging,14474301645000,-4.21,12.76,-3.99
594324,24,Jogging,14474341532000,8.73,12.03,-2.26
594325,24,Jogging,14474421640000,-2.3,1.95,1.92
594326,24,Jogging,14474461496000,-16.25,15.28,2.07
594327,24,Jogging,14474501657000,-19.57,18.96,-0.53
594328,24,Jogging,14474581613000,-11.56,-1.76,2.68
594329,24,Jogging,14474621622000,-6.82,-6.66,4.86
594330,24,Jogging,14474661508000,-0.11,-10.08,3.36
594331,24,Jogging,14474701669000,11.14,-11.07,10.69
594332,24,Jogging,14474781564000,-4.79,15.05,-5.28
594333,24,Jogging,14474821512000,-12.22,6.36,1.38
594334,24,Jogging,14474861643000,-18.85,6.97,5.24
594335,24,Jogging,14474901529000,-19.57,5.75,-1.8
594336,24,Jogging,14474981516000,-19.08,7.67,-7.01
594337,24,Jogging,14475021646000,-6.85,8.58,3.83
594338,24,Jogging,14475061502000,-3.21,12.76,2.53
594339,24,Jogging,14475101541000,5.63,15.6,-1.38
594340,24,Jogging,14475141611000,11.11,1.99,2.56
594341,24,Jogging,14475221597000,-13.33,10.04,1.84
594342,24,Jogging,14475261636000,-19.57,19.19,-0.11
594343,24,Jogging,14475301523000,-19.57,9.7,-0.99
594344,24,Jogging,14475381632000,-8.43,-4.59,7.86
594345,24,Jogging,14475421518000,-4.48,-9.47,6.85
594346,24,Jogging,14475461496000,7.63,-7.78,11.11
594347,24,Jogging,14475501596000,5.05,-0.15,-9.28
594348,24,Jogging,14475581491000,-5.83,6.66,3.41
594349,24,Jogging,14475621805000,-13.95,2.49,2.37
594350,24,Jogging,14475661630000,-19.57,4.29,2.45
594351,24,Jogging,14475701639000,-19.57,5.52,0.61
594352,24,Jogging,14475741586000,-15.43,9.34,-7.4
594353,24,Jogging,14475821634000,-0.69,9.62,7.59
594354,24,Jogging,14475861521000,0.99,15.05,-4.25
594355,24,Jogging,14475901468000,9.15,12.64,0.11
594356,24,Jogging,14475981607000,-7.78,4.06,0.08
594357,24,Jogging,14476021646000,-19.31,14.6,1.61
594358,24,Jogging,14476061624000,-19.57,14.18,-0.65
594359,24,Jogging,14476101602000,-18.92,2.56,-5.83
594360,24,Jogging,14476181497000,-5.71,-7.86,4.67
594361,24,Jogging,14476221475000,2.22,-9.19,6.47
594362,24,Jogging,14476261514000,9.34,-7.31,2.53
594363,24,Jogging,14476301584000,1.84,5.13,-12.22
594364,24,Jogging,14476381632000,-16.02,6.02,-3.38
594365,24,Jogging,14476421518000,-19.57,2.45,9.19
594366,24,Jogging,14476461466000,-19.57,2.45,0.23
594367,24,Jogging,14476501474000,-19.57,3.87,-8.5
594368,24,Jogging,14476581644000,-1.27,10.46,7.97
594369,24,Jogging,14476621500000,-2.72,11.6,-5.79
594370,24,Jogging,14476661630000,0.8,10.95,0.3
594371,24,Jogging,14476701486000,8.58,11.99,1.18
594372,24,Jogging,14476781626000,-14.6,7.59,0.5
594373,24,Jogging,14476821665000,-19.57,13.63,-0.8
594374,24,Jogging,14476861490000,-19.57,6.78,-6.05
594375,24,Jogging,14476901621000,-14.52,0.8,-0.27
594376,24,Jogging,14476981516000,-3.6,-5.37,1.8
594377,24,Jogging,14477021646000,6.17,-10.27,6.7
594378,24,Jogging,14477061502000,7.74,-10.95,3.36
594379,24,Jogging,14477101633000,-3.95,4.21,-10.8
594380,24,Jogging,14477181619000,-17.35,4.9,4.94
594381,24,Jogging,14477221720000,-19.57,3.99,5.09
594382,24,Jogging,14477261484000,-19.42,-2.14,3.79
594383,24,Jogging,14477301645000,-19.57,0.84,-2.37
594384,24,Jogging,14477381510000,-1.69,8.85,9.3
594385,24,Jogging,14477421640000,-5.48,14.71,0.84
594386,24,Jogging,14477461496000,3.91,12.98,0.04
594387,24,Jogging,14477501505000,5.98,6.02,2.26
594388,24,Jogging,14477541544000,-3.11,6.89,1.31
594389,24,Jogging,14477621469000,-19.57,8.47,2.68
594390,24,Jogging,14477661600000,-19.57,0.15,-5.01
594391,24,Jogging,14477701517000,-13.4,-2.53,2.87
594392,24,Jogging,14477741770000,-8.35,-6.02,1.65
594393,24,Jogging,14477821512000,11.56,-9.62,13.02
594394,24,Jogging,14477861643000,7.12,-5.67,-4.25
594395,24,Jogging,14477901621000,-7.55,8.47,-11.07
594396,24,Jogging,14477981668000,-10.95,2.41,-1.5
594397,24,Jogging,14478021494000,-19.53,1.54,4.52
594398,24,Jogging,14478062692000,-17.58,-5.52,1.5
594399,24,Jogging,14478101480000,-19.11,-2.53,-1.23
594400,24,Jogging,14478181589000,-2.98,11.03,10.92
594401,24,Jogging,14478221475000,-5.43,13.1,-2.91
594402,24,Jogging,14478261514000,2.03,15.24,0.61
594403,24,Jogging,14478301523000,6.17,8.01,3.11
594404,24,Jogging,14478341532000,-4.4,1.18,0.04
594405,24,Jogging,14478421488000,-19.57,3.72,0.38
594406,24,Jogging,14478461618000,-18.12,-0.84,-4.86
594407,24,Jogging,14478501627000,-10.5,-1.46,1.53
594408,24,Jogging,14478581552000,-1.33,-7.16,0.04
594409,24,Jogging,14478621591000,15.66,-7.4,10.53
594410,24,Jogging,14478661539000,6.36,-1.04,-10.42
594411,24,Jogging,14478702005000,-11.99,12.68,-3.95
594412,24,Jogging,14478742014000,-12.11,1.99,0.72
594413,24,Jogging,14478821634000,-19.57,-9.66,1.5
594414,24,Jogging,14478861521000,-17.82,-10.27,-1.27
594415,24,Jogging,14478901651000,-19.15,-5.98,-10.04
594416,24,Jogging,14478981638000,-12.15,9.96,8.88
594417,24,Jogging,14479021524000,-5.86,16.36,-3.87
594418,24,Jogging,14479061624000,4.25,12.6,-0.08
594419,24,Jogging,14479101480000,-0.76,1.54,4.4
594420,24,Jogging,14479181619000,-19.11,-1.46,0.95
594421,24,Jogging,14479221506000,-19.57,-11.6,-0.42
594422,24,Jogging,14479261575000,-17.31,-11.54,-1.12
594423,24,Jogging,14479301645000,-6.17,-7.08,7.16
594424,24,Jogging,14479381479000,5.9,-4.79,11.03
594425,24,Jogging,14479421640000,6.74,-1.76,-4.56
594426,24,Jogging,14479464273000,-5.67,7.55,-10.69
594427,24,Jogging,14479502084000,-7.01,2.79,3.98
594428,24,Jogging,14479541727000,-6.82,-2.72,-3.76
594429,24,Jogging,14479621622000,-19.38,-11.22,1.76
594430,24,Jogging,14479661630000,-18.16,-4.33,-6.89
594431,24,Jogging,14479701547000,-19.57,-3.21,-14.75
594432,24,Jogging,14479741647000,-10.69,3.57,7.65
594433,24,Jogging,14479821634000,-4.52,12.11,-0.53
594434,24,Jogging,14479861643000,1.08,8.96,2.91
594435,24,Jogging,14479901499000,0.27,3.17,2.41
594436,24,Jogging,14479981607000,-17.43,-5.9,0.23
594437,24,Jogging,14480021524000,-19.57,-18.35,1.99
594438,24,Jogging,14480061624000,-17.12,-15.01,-4.94
594439,24,Jogging,14480101633000,-5.56,-9.38,4.18
594440,24,Jogging,14480181467000,7.12,-1.53,12.83
594441,24,Jogging,14480221475000,5.18,2.41,-3.79
594442,24,Jogging,14480261636000,-2.49,4.56,11.26
594443,24,Jogging,14480381479000,-19.57,-16.66,11.26
594444,24,Jogging,14480381479000,-19.57,-16.66,11.26
594445,24,Jogging,14480421915000,-16.32,-10.69,-0.89
594446,24,Jogging,14480461466000,-18.85,-12.64,-11.54
594447,24,Jogging,14480501505000,-17.69,-3.06,-7.55
594448,24,Jogging,14480581491000,-11.22,10.61,-5.43
594449,24,Jogging,14480621622000,-2.83,14.9,0.76
594450,24,Jogging,14480661508000,4.25,9.58,2.56
594451,24,Jogging,14480701486000,-2.87,0.04,0.08
594452,24,Jogging,14480781626000,-19.57,-16.44,4.52
594453,24,Jogging,14480821512000,-19.31,-15.43,-5.22
594454,24,Jogging,14480861643000,-8.54,-9.11,3.6
594455,24,Jogging,14480901651000,-1.99,-10.34,6.47
594456,24,Jogging,14480981516000,13.91,-1.46,12.95
594457,24,Jogging,14481021616000,4.99,0.19,-9.62
594458,24,Jogging,14481066324000,-10.73,7.5,-9.96
594459,24,Jogging,14481101877000,-5.48,0.53,3.02
594460,24,Jogging,14481143381000,-15.64,-15.47,4.82
594461,24,Jogging,14481221475000,-16.25,-14.18,-0.61
594462,24,Jogging,14481261667000,-17.97,-14.44,-4.1
594463,24,Jogging,14481301645000,-17.43,-6.78,-6.89
594464,24,Jogging,14481381479000,-11.35,8.81,-2.45
594465,24,Jogging,14481421488000,-4.75,12.26,3.6
594466,24,Jogging,14481461466000,1.76,9.28,5.24
594467,24,Jogging,14481501627000,-4.4,-1.38,2.45
594468,24,Jogging,14481541666000,-19.57,-19.27,0.53
594469,24,Jogging,14481621622000,-18.85,-19.19,-8.69
594470,24,Jogging,14481661630000,-11.73,-9.7,0.19
594471,24,Jogging,14481701486000,-6.05,-8.05,4.33
594472,24,Jogging,14481741495000,0.72,-0.53,1.61
594473,24,Jogging,14481821512000,11.73,5.94,0.42
594474,24,Jogging,14481862467000,-9.04,7.5,-9.43
594475,24,Jogging,14481901529000,-13.21,-1.27,3.72
594476,24,Jogging,14481981699000,-13.25,-15.28,3.68
594477,24,Jogging,14482021646000,-16.78,-19.61,0.69
594478,24,Jogging,14482061502000,-15.6,-17.46,-3.72
594479,24,Jogging,14482101541000,-19.08,-14.14,-11.18
594480,24,Jogging,14482181589000,-14.56,-0.23,6.89
594481,24,Jogging,14482221933000,-12.22,4.9,-1.23
594482,24,Jogging,14482261667000,-7.46,12.18,1.08
594483,24,Jogging,14482301523000,-2.6,8.69,1.57
594484,24,Jogging,14482341654000,-19.46,-18.85,4.37
594485,24,Jogging,14482421518000,-19.57,-19.61,1.61
594486,24,Jogging,14482461496000,-12.18,-18.5,-3.72
594487,24,Jogging,14482501627000,-1.08,-9.23,1.99
594488,24,Jogging,14482541666000,13.33,0.19,11.75
594489,24,Jogging,14482621622000,10.61,7.46,1.08
594490,24,Jogging,14482661508000,-4.82,-0.5,-6.63
594491,24,Jogging,14482701547000,-15.66,-6.59,-4.14
594492,24,Jogging,14482781534000,-14.14,-19.5,6.24
594493,24,Jogging,14482821634000,-12.91,-18.92,2.22
594494,24,Jogging,14482861521000,-7.86,-17.35,-1.38
594495,24,Jogging,14482901621000,-10.38,-15.6,-5.13
594496,24,Jogging,14482941660000,-13.72,1.46,5.33
594497,24,Jogging,14483021494000,-10.76,6.59,2.49
594498,24,Jogging,14483061502000,-6.44,11.6,3.41
594499,24,Jogging,14483101633000,-4.71,-0.5,2.53
594500,24,Jogging,14483141702000,-13.95,-19.61,2.11
594501,24,Jogging,14483221475000,-16.17,-18.28,-6.02
594502,24,Jogging,14483261667000,-7.74,-11.37,0.91
594503,24,Jogging,14483301676000,1.31,-10.53,7.78
594504,24,Jogging,14483381632000,8.96,5.52,8.58
594505,24,Jogging,14483421671000,4.67,8.69,-5.09
