,user,label,timestamp,x,y,z
596706,24,Jogging,14593441538000,3.79,10.38,0.53
596707,24,Jogging,14593521646000,-17.86,13.48,4.52
596708,24,Jogging,14593561502000,-19.46,9.92,7.08
596709,24,Jogging,14593601480000,-18.28,9.19,-0.84
596710,24,Jogging,14593641672000,-18.96,11.65,0.38
596711,24,Jogging,14593721628000,3.26,11.88,6.17
596712,24,Jogging,14593761514000,5.52,14.18,-0.46
596713,24,Jogging,14593801615000,6.32,7.16,0.23
596714,24,Jogging,14593841532000,4.25,7.01,-2.11
596715,24,Jogging,14593921518000,-19.53,18.92,1.8
596716,24,Jogging,14593961618000,-19.57,16.36,-2.3
596717,24,Jogging,14594001657000,-15.55,7.5,-4.4
596718,24,Jogging,14594041513000,-8.92,-6.36,5.48
596719,24,Jogging,14594121500000,3.87,-14.98,8.73
596720,24,Jogging,14594161630000,6.13,-6.59,-1.04
596721,24,Jogging,14594201547000,-1.42,9.66,-10.5
596722,24,Jogging,14594281656000,-10.31,5.75,-8.16
596723,24,Jogging,14594321634000,-19.57,16.17,2.41
596724,24,Jogging,14594361490000,-17.39,5.41,-2.11
596725,24,Jogging,14594401621000,-17.69,3.26,-1.38
596726,24,Jogging,14594441507000,-18.39,9.47,4.29
596727,24,Jogging,14594521646000,-0.76,12.83,1.23
596728,24,Jogging,14594561594000,3.53,17.01,-0.08
596729,24,Jogging,14594601633000,10.76,8.77,1.53
596730,24,Jogging,14594681619000,-9.58,6.55,-1.31
596731,24,Jogging,14594721628000,-19.57,19.08,3.64
596732,24,Jogging,14594761484000,-19.57,14.25,-1.88
596733,24,Jogging,14594804209000,-19.04,6.78,-3.83
596734,24,Jogging,14594841470000,-9.23,-4.4,4.82
596735,24,Jogging,14594921518000,0.34,-13.21,10.99
596736,24,Jogging,14594961618000,7.25,-8.73,0.61
596737,24,Jogging,14595001901000,2.6,4.44,-12.03
596738,24,Jogging,14595041666000,-4.52,5.22,-6.63
596739,24,Jogging,14595121469000,-19.5,13.29,0.46
596740,24,Jogging,14595161630000,-19.19,8.24,2.37
596741,24,Jogging,14595201669000,-18.2,5.52,-1.42
596742,24,Jogging,14595281595000,-6.13,7.25,3.3
596743,24,Jogging,14595321634000,-1.73,10.38,4.59
596744,24,Jogging,14595361643000,2.91,16.63,-1.38
596745,24,Jogging,14595401499000,10.46,12.18,0.89
596746,24,Jogging,14595441538000,1.69,6.21,-2.49
596747,24,Jogging,14595521829000,-19.53,17.27,1.95
596748,24,Jogging,14595562204000,-19.57,13.87,-2.72
596749,24,Jogging,14595601633000,-18.24,2.18,-3.79
596750,24,Jogging,14595681497000,-9.51,-3.49,3.45
596751,24,Jogging,14595721506000,0.11,-7.93,8.05
596752,24,Jogging,14595761514000,7.55,-7.82,3.87
596753,24,Jogging,14595801676000,3.64,-0.69,-10.23
596754,24,Jogging,14595881601000,-14.67,11.8,3.36
596755,24,Jogging,14595921640000,-19.46,8.89,-0.19
596756,24,Jogging,14595961557000,-19.53,2.34,5.18
596757,24,Jogging,14596001657000,-19.34,3.76,-2.98
596758,24,Jogging,14596081644000,-12.22,7.82,-0.57
596759,24,Jogging,14596121622000,-1.8,12.18,7.65
596760,24,Jogging,14596161508000,-1.33,14.63,-3.95
596761,24,Jogging,14596201517000,6.4,11.99,-0.99
596762,24,Jogging,14596281626000,-4.75,3.38,-2.11
596763,24,Jogging,14596321634000,-17.86,13.82,0.15
596764,24,Jogging,14596361948000,-19.57,17.05,-1.46
596765,24,Jogging,14596401621000,-19.31,1.84,-2.76
596766,24,Jogging,14596441568000,-12.03,-3.45,3.95
596767,24,Jogging,14596521494000,-1.33,-6.51,2.98
596768,24,Jogging,14596561502000,11.33,-10.08,11.33
596769,24,Jogging,14596601633000,2.22,-1.99,-13.48
596770,24,Jogging,14596681497000,-11.41,5.83,-1.12
596771,24,Jogging,14596721506000,-18.92,6.36,0.57
596772,24,Jogging,14596761545000,-19.23,0.93,4.9
596773,24,Jogging,14596801676000,-18.43,1.95,-0.23
596774,24,Jogging,14596881662000,-13.57,5.67,-1.88
596775,24,Jogging,14596921640000,-2.96,8.54,8.88
596776,24,Jogging,14596961618000,-4.33,11.03,-4.06
596777,24,Jogging,14597001505000,4.86,14.02,-1.38
596778,24,Jogging,14597041544000,-4.06,3.17,-0.46
596779,24,Jogging,14597121500000,-17.35,9.77,1.76
596780,24,Jogging,14597161630000,-19.57,12.64,-1.92
596781,24,Jogging,14597201700000,-19.57,2.3,-2.26
596782,24,Jogging,14597281595000,-7.93,-5.13,4.37
596783,24,Jogging,14597321512000,-0.42,-8.81,10.76
596784,24,Jogging,14597361673000,6.24,-2.37,9.58
596785,24,Jogging,14597401499000,3.3,0.76,-9.51
596786,24,Jogging,14597441660000,-7.74,3.99,1.38
596787,24,Jogging,14597521524000,-16.55,5.9,-3.87
596788,24,Jogging,14597561624000,-19.57,3.83,5.09
596789,24,Jogging,14597601511000,-17.31,-1.33,-0.76
596790,24,Jogging,14597681528000,-17.54,4.48,-4.86
596791,24,Jogging,14597721628000,-8.28,11.5,6.4
596792,24,Jogging,14597761484000,-6.97,13.21,0.27
596793,24,Jogging,14597881418000,-1.31,3.41,0.27
596794,24,Jogging,14597881418000,-1.31,3.41,0.27
596795,24,Jogging,14597921976000,-14.25,7.89,0.46
596796,24,Jogging,14597961496000,-19.57,12.98,-1.92
596797,24,Jogging,14598001535000,-19.57,6.24,-4.4
596798,24,Jogging,14598041666000,-8.62,-2.6,6.59
596799,24,Jogging,14598121622000,-6.55,-5.33,3.45
596800,24,Jogging,14598161508000,3.17,-5.37,5.9
596801,24,Jogging,14598201700000,8.08,-4.44,5.52
596802,24,Jogging,14598241647000,-6.74,9.51,-4.71
596803,24,Jogging,14598321512000,-16.32,5.43,3.17
596804,24,Jogging,14598361521000,-19.57,4.14,2.11
596805,24,Jogging,14598401651000,-19.57,-0.23,2.26
596806,24,Jogging,14598481668000,-17.47,3.6,-4.67
596807,24,Jogging,14598521646000,-5.71,6.85,6.63
596808,24,Jogging,14598561502000,-4.33,10.0,0.0
596809,24,Jogging,14598601480000,-0.53,12.95,-0.27
596810,24,Jogging,14598681467000,-0.61,2.68,1.61
596811,24,Jogging,14598721628000,-14.63,5.52,-0.69
596812,24,Jogging,14598761514000,-19.57,10.8,1.88
596813,24,Jogging,14598801523000,-19.57,3.72,-4.48
596814,24,Jogging,14598841623000,-14.82,0.34,-2.26
596815,24,Jogging,14598921488000,-5.94,-6.05,3.3
596816,24,Jogging,14598961496000,5.71,-6.74,8.27
596817,24,Jogging,14599001657000,7.89,-5.75,0.76
596818,24,Jogging,14599081491000,-6.32,7.78,0.27
596819,24,Jogging,14599121469000,-13.76,3.99,-4.21
596820,24,Jogging,14599161508000,-19.57,2.56,4.02
596821,24,Jogging,14599201547000,-19.38,-2.53,3.34
596822,24,Jogging,14599241464000,-18.54,0.19,-2.87
596823,24,Jogging,14599321634000,-9.96,6.7,2.83
596824,24,Jogging,14599361521000,-6.32,10.84,2.56
596825,24,Jogging,14599401499000,-1.84,13.72,-1.33
596826,24,Jogging,14599441538000,7.86,2.96,2.75
596827,24,Jogging,14599521524000,-10.65,2.98,-0.89
596828,24,Jogging,14599563608000,-19.57,7.06,1.33
596829,24,Jogging,14599601633000,-19.57,1.69,-1.95
596830,24,Jogging,14599681619000,-9.28,-1.69,2.68
596831,24,Jogging,14599721628000,-4.6,-5.67,4.56
596832,24,Jogging,14599761484000,2.3,-6.97,8.16
596833,24,Jogging,14599801523000,10.46,-6.24,5.86
596834,24,Jogging,14599841654000,-9.28,9.53,-5.71
596835,24,Jogging,14599921640000,-12.34,3.45,2.3
596836,24,Jogging,14599961466000,-17.86,1.88,1.73
596837,24,Jogging,14600001566000,-19.57,-1.57,3.79
596838,24,Jogging,14600041666000,-19.5,-1.69,-3.76
596839,24,Jogging,14600121622000,-11.37,3.53,1.65
596840,24,Jogging,14600161630000,-6.05,9.81,6.51
596841,24,Jogging,14600201547000,-4.44,12.64,0.42
596842,24,Jogging,14600241525000,5.33,2.49,3.79
596843,24,Jogging,14600321512000,-10.69,1.92,-2.22
596844,24,Jogging,14600363718000,-19.57,3.64,5.24
596845,24,Jogging,14600401651000,-19.57,-0.76,-1.5
596846,24,Jogging,14600481638000,-13.59,-0.89,-0.95
596847,24,Jogging,14600521524000,-7.25,-4.75,2.07
596848,24,Jogging,14600561502000,0.61,-7.44,10.57
596849,24,Jogging,14600601480000,8.31,-0.5,7.12
596850,24,Jogging,14600681619000,-3.68,6.09,-4.1
596851,24,Jogging,14600721628000,-10.99,5.86,2.72
596852,24,Jogging,14600761484000,-18.2,1.57,0.72
596853,24,Jogging,14600801462000,-19.57,-3.11,2.83
596854,24,Jogging,14600881449000,-19.42,-5.09,-3.57
596855,24,Jogging,14600924265000,-13.95,3.38,2.49
596856,24,Jogging,14600961618000,-4.37,9.23,8.54
596857,24,Jogging,14601001779000,-2.91,9.62,-2.72
596858,24,Jogging,14601041513000,2.87,8.69,2.41
596859,24,Jogging,14601121622000,-9.23,4.06,-2.15
596860,24,Jogging,14601161478000,-19.53,4.37,3.06
596861,24,Jogging,14601201669000,-19.57,0.8,-0.61
596862,24,Jogging,14601281595000,-17.08,-0.15,1.14
596863,24,Jogging,14601321512000,-7.12,-6.63,5.56
596864,24,Jogging,14601361643000,-0.15,-7.35,-0.27
596865,24,Jogging,14601401529000,10.76,-3.76,7.93
596866,24,Jogging,14601441660000,6.93,-0.46,-5.52
596867,24,Jogging,14601521524000,-11.92,5.33,1.53
596868,24,Jogging,14601561502000,-15.55,-6.97,5.82
596869,24,Jogging,14601601511000,-19.57,-6.28,-1.42
596870,24,Jogging,14601641550000,-19.57,-6.21,-8.43
596871,24,Jogging,14601721597000,-15.02,3.11,2.75
596872,24,Jogging,14601761514000,-10.84,11.54,8.77
596873,24,Jogging,14601801523000,-7.63,10.23,-6.28
596874,24,Jogging,14601843088000,1.04,14.02,2.14
596875,24,Jogging,14601921640000,-11.56,1.54,-1.57
596876,24,Jogging,14601961618000,-19.53,-1.18,-0.15
596877,24,Jogging,14602001657000,-19.57,-7.4,-1.23
596878,24,Jogging,14602041879000,-9.23,-2.72,4.86
596879,24,Jogging,14602121500000,-5.98,-9.3,4.63
596880,24,Jogging,14602161478000,-0.38,-5.43,0.15
596881,24,Jogging,14602201700000,14.21,0.0,11.33
596882,24,Jogging,14602281473000,-8.92,7.25,-2.07
596883,24,Jogging,14602321634000,-9.43,0.27,-2.87
596884,24,Jogging,14602361490000,-18.96,-10.15,3.87
596885,24,Jogging,14602401499000,-19.57,-7.16,-0.89
596886,24,Jogging,14602441660000,-19.57,-5.01,-5.05
596887,24,Jogging,14602521585000,-8.12,8.66,9.49
596888,24,Jogging,14602561502000,-10.8,10.15,-3.6
596889,24,Jogging,14602601663000,-3.95,14.06,0.8
596890,24,Jogging,14602641550000,3.95,11.45,1.23
596891,24,Jogging,14602721506000,-15.47,0.38,-1.8
596892,24,Jogging,14602761514000,-19.57,-7.78,0.3
596893,24,Jogging,14602801645000,-19.57,-13.25,-3.26
596894,24,Jogging,14602841532000,-14.9,-6.85,-3.45
596895,24,Jogging,14602922128000,-4.25,-8.5,2.03
596896,24,Jogging,14602962045000,13.78,-8.69,9.72
596897,24,Jogging,14603001962000,12.34,-6.51,0.15
596898,24,Jogging,14603041666000,-2.76,0.42,-5.41
596899,24,Jogging,14603121469000,-19.57,2.41,0.11
596900,24,Jogging,14603161630000,-19.57,-6.28,5.28
596901,24,Jogging,14603201547000,-19.57,-9.15,2.34
596902,24,Jogging,14603241647000,-14.6,-0.15,-3.34
596903,24,Jogging,14603321481000,-5.28,9.96,7.63
596904,24,Jogging,14603361521000,-6.85,12.6,1.12
596905,24,Jogging,14603401712000,0.04,9.81,0.34
