,user,label,timestamp,x,y,z
994861,25,Jogging,8544362348000,7.35,4.82,3.02
994862,25,Jogging,8544412336000,12.91,1.84,1.14
994863,25,Jogging,8544462354000,8.89,-0.19,8.24
994864,25,Jogging,8544512342000,-0.8,8.96,0.65
994865,25,Jogging,8544562330000,5.9,19.46,-0.99
994866,25,Jogging,8544612378000,2.22,17.73,-2.18
994867,25,Jogging,8544662336000,-2.11,16.59,-3.76
994868,25,Jogging,8544712385000,-17.58,-1.04,-6.36
994869,25,Jogging,8544762342000,-11.95,-7.97,-3.57
994870,25,Jogging,8544812330000,14.82,5.86,5.67
994871,25,Jogging,8544862348000,-0.38,-2.34,-0.34
994872,25,Jogging,8544912336000,-9.85,13.67,3.72
994873,25,Jogging,8544962354000,-4.33,15.36,-14.52
994874,25,Jogging,8545012281000,14.86,16.78,-4.67
994875,25,Jogging,8545062330000,9.28,12.6,6.66
994876,25,Jogging,8545112348000,8.73,4.67,1.84
994877,25,Jogging,8545162336000,10.92,-0.72,0.11
994878,25,Jogging,8545212324000,2.22,1.54,8.05
994879,25,Jogging,8545264631000,5.86,13.91,-0.8
994880,25,Jogging,8545322309000,-8.27,19.57,3.26
994881,25,Jogging,8545372327000,12.3,10.46,-6.21
994882,25,Jogging,8545422346000,-13.21,7.25,-5.24
994883,25,Jogging,8545472333000,-16.21,-7.55,-1.18
994884,25,Jogging,8545522321000,2.72,-5.28,3.11
994885,25,Jogging,8545572339000,12.91,9.89,-3.11
994886,25,Jogging,8545622327000,-9.7,16.86,6.78
994887,25,Jogging,8545672346000,-11.11,6.02,-11.18
994888,25,Jogging,8545722364000,9.85,16.97,-15.09
994889,25,Jogging,8545772291000,9.85,17.39,10.57
994890,25,Jogging,8545822339000,8.35,5.86,6.47
994891,25,Jogging,8545872327000,11.14,1.23,-1.04
994892,25,Jogging,8545922346000,8.01,-0.57,8.16
994893,25,Jogging,8545972333000,0.46,11.03,-1.57
994894,25,Jogging,8546022321000,0.34,19.15,1.95
994895,25,Jogging,8546072339000,11.96,16.17,-1.99
994896,25,Jogging,8546122327000,-12.91,11.88,-4.99
994897,25,Jogging,8546172346000,-15.7,-4.18,-4.82
994898,25,Jogging,8546222333000,-3.64,-7.93,-1.18
994899,25,Jogging,8546272230000,18.12,16.04,7.74
994900,25,Jogging,8546322339000,-8.12,3.6,-1.61
994901,25,Jogging,8546372327000,-9.81,2.98,5.86
994902,25,Jogging,8546422346000,-3.57,18.62,-19.0
994903,25,Jogging,8546472333000,15.09,17.69,5.9
994904,25,Jogging,8546522321000,7.63,9.34,5.71
994905,25,Jogging,8546572339000,9.11,4.21,1.46
994906,25,Jogging,8546622327000,9.96,-1.73,0.34
994907,25,Jogging,8546672346000,0.99,4.75,6.97
994908,25,Jogging,8546722303000,8.77,18.58,-1.04
994909,25,Jogging,8546772321000,-3.98,19.57,-2.75
994910,25,Jogging,8546842298000,-5.2,16.89,-2.75
994911,25,Jogging,8546892286000,-15.94,-3.02,-3.72
994912,25,Jogging,8546942365000,-10.08,-6.78,-2.53
994913,25,Jogging,8546992322000,16.09,8.01,7.25
994914,25,Jogging,8547042341000,-0.72,-1.95,-0.84
994915,25,Jogging,8547092328000,-8.05,11.26,5.71
994916,25,Jogging,8547142347000,-4.86,14.21,-18.05
994917,25,Jogging,8547192304000,13.76,17.77,-1.53
994918,25,Jogging,8547242353000,5.52,12.3,5.83
994919,25,Jogging,8547292341000,9.0,3.26,0.53
994920,25,Jogging,8547342328000,10.08,1.38,-0.08
994921,25,Jogging,8547392347000,4.9,1.76,10.69
994922,25,Jogging,8547442335000,5.33,17.73,-3.91
994923,25,Jogging,8547492322000,-6.05,18.73,2.22
994924,25,Jogging,8547542341000,13.99,15.24,-4.59
994925,25,Jogging,8547592328000,-10.38,8.85,-6.09
994926,25,Jogging,8547642347000,-13.95,-4.1,-4.02
994927,25,Jogging,8547692304000,-4.48,-7.82,-0.15
994928,25,Jogging,8547742322000,16.86,15.94,6.02
994929,25,Jogging,8547792341000,-6.02,9.19,-1.88
994930,25,Jogging,8547842328000,-16.02,2.45,-3.57
994931,25,Jogging,8547892347000,6.4,19.11,-16.24
994932,25,Jogging,8547942335000,12.87,17.97,9.53
994933,25,Jogging,8547992292000,8.73,6.24,4.21
994934,25,Jogging,8548042341000,7.82,3.57,2.07
994935,25,Jogging,8548092328000,9.58,-1.57,1.38
994936,25,Jogging,8548142347000,-0.3,6.78,6.51
994937,25,Jogging,8548192304000,8.28,19.08,-2.75
994938,25,Jogging,8548242322000,-4.33,19.38,1.65
994939,25,Jogging,8548292341000,7.46,15.55,-4.79
994940,25,Jogging,8548342328000,-13.53,1.65,-7.59
994941,25,Jogging,8548392347000,-12.37,-5.13,-2.37
994942,25,Jogging,8548442335000,5.9,-3.57,5.13
994943,25,Jogging,8548492322000,9.47,8.66,-1.33
994944,25,Jogging,8548542341000,-11.41,17.5,2.6
994945,25,Jogging,8548592328000,-14.25,7.27,-11.07
994946,25,Jogging,8548642347000,7.67,18.62,-14.67
994947,25,Jogging,8548692304000,12.3,16.17,10.73
994948,25,Jogging,8548742322000,7.31,4.33,2.45
994949,25,Jogging,8548792341000,10.84,3.68,0.84
994950,25,Jogging,8548842328000,7.25,-0.42,10.04
994951,25,Jogging,8548892316000,0.99,12.95,-3.11
994952,25,Jogging,8548942335000,0.34,19.42,-1.38
994953,25,Jogging,8548992322000,12.87,15.75,-1.84
994954,25,Jogging,8549042341000,-10.11,11.41,-6.4
994955,25,Jogging,8549092328000,-17.5,-3.83,-3.95
994956,25,Jogging,8549142347000,-6.97,-6.7,-1.99
994957,25,Jogging,8549192304000,18.05,15.94,7.7
994958,25,Jogging,8549242322000,-6.82,-4.99,-10.04
994959,25,Jogging,8549292341000,-6.32,6.66,9.3
994960,25,Jogging,8549342328000,-4.14,16.86,-18.05
994961,25,Jogging,8549392347000,15.51,17.54,-0.61
994962,25,Jogging,8549442335000,9.51,12.15,6.93
994963,25,Jogging,8549492322000,7.46,3.83,2.83
994964,25,Jogging,8549542341000,9.47,-0.11,0.84
994965,25,Jogging,8549592328000,6.4,0.19,5.24
994966,25,Jogging,8549642347000,6.59,17.16,-3.26
994967,25,Jogging,8549692304000,-6.21,18.96,2.37
994968,25,Jogging,8549742322000,14.86,15.55,-3.68
994969,25,Jogging,8549792341000,-12.98,6.85,-7.86
994970,25,Jogging,8549842512000,-13.21,-2.6,-3.17
994971,25,Jogging,8549892316000,-2.64,-7.93,-1.61
994972,25,Jogging,8549942335000,15.64,15.85,9.23
994973,25,Jogging,8549992292000,-11.41,2.68,-10.92
994974,25,Jogging,8550042341000,-7.44,2.26,4.6
994975,25,Jogging,8550092328000,3.17,19.57,-19.3
994976,25,Jogging,8550142347000,13.8,19.23,8.96
994977,25,Jogging,8550192304000,5.83,5.22,5.01
994978,25,Jogging,8550242322000,10.92,5.09,1.04
994979,25,Jogging,8550302289000,8.66,-2.34,5.9
994980,25,Jogging,8550352338000,1.14,8.96,-1.69
994981,25,Jogging,8550402295000,4.48,19.38,-2.07
994982,25,Jogging,8550452314000,7.97,15.85,-0.69
994983,25,Jogging,8550502302000,-7.12,15.43,-5.33
994984,25,Jogging,8550552289000,-16.82,-3.11,-5.86
994985,25,Jogging,8550602308000,-8.54,-6.97,-3.15
994986,25,Jogging,8550652295000,15.09,9.77,7.97
994987,25,Jogging,8550702344000,-0.95,-4.37,-3.68
994988,25,Jogging,8550752302000,-8.39,10.23,0.34
994989,25,Jogging,8550802289000,-4.9,15.66,-17.27
994990,25,Jogging,8550852308000,14.56,18.58,-3.06
994991,25,Jogging,8550902295000,8.12,11.65,7.08
994992,25,Jogging,8550952314000,8.24,4.37,2.41
994993,25,Jogging,8551002302000,10.23,-1.14,0.69
994994,25,Jogging,8551052289000,2.45,2.11,8.28
994995,25,Jogging,8551102308000,9.04,16.04,-3.53
994996,25,Jogging,8551152295000,-6.28,19.57,2.41
994997,25,Jogging,8551202314000,14.75,15.05,-5.52
994998,25,Jogging,8551252302000,-15.01,6.4,-8.24
994999,25,Jogging,8551302259000,-15.21,-4.1,-1.8
995000,25,Jogging,8551352308000,-3.21,-7.82,-1.76
995001,25,Jogging,8551402295000,17.58,15.05,4.99
995002,25,Jogging,8551452314000,-11.3,4.94,-5.28
995003,25,Jogging,8551502302000,-5.48,1.57,-1.38
995004,25,Jogging,8551552320000,12.76,19.53,-17.97
995005,25,Jogging,8551602308000,5.98,17.97,10.69
995006,25,Jogging,8551652295000,8.47,3.02,1.12
995007,25,Jogging,8551702314000,10.19,3.83,0.53
995008,25,Jogging,8551752302000,7.97,-0.69,8.24
995009,25,Jogging,8551802289000,0.65,11.18,-2.07
995010,25,Jogging,8551852308000,1.92,19.34,-0.76
995011,25,Jogging,8551852308000,1.92,19.34,-0.76
995012,25,Jogging,8551922346000,13.57,16.44,-3.98
995013,25,Jogging,8551972303000,-16.17,3.76,-7.63
995014,25,Jogging,8552022321000,-14.86,-4.86,-2.3
995015,25,Jogging,8552072339000,-0.46,-7.35,-1.8
995016,25,Jogging,8552122327000,14.9,10.95,5.43
995017,25,Jogging,8552172346000,-9.85,12.72,-3.49
995018,25,Jogging,8552222303000,-12.26,2.07,-7.01
995019,25,Jogging,8552272321000,3.3,19.19,-16.21
995020,25,Jogging,8552322339000,13.1,17.67,9.77
995021,25,Jogging,8552372327000,7.4,3.72,4.63
995022,25,Jogging,8552422346000,10.31,2.72,0.61
995023,25,Jogging,8552472333000,10.34,-2.72,3.15
995024,25,Jogging,8552522321000,-0.27,11.54,-2.64
995025,25,Jogging,8552572339000,-0.76,18.28,5.18
995026,25,Jogging,8552622327000,4.9,17.16,-5.09
995027,25,Jogging,8552672346000,-5.48,15.13,-2.41
995028,25,Jogging,8552722303000,-13.44,-5.09,-6.21
995029,25,Jogging,8552772321000,-7.7,-9.23,-4.59
995030,25,Jogging,8552822339000,14.94,6.32,9.47
995031,25,Jogging,8552872327000,-1.14,-1.73,-2.53
995032,25,Jogging,8552922346000,-6.78,8.5,3.53
995033,25,Jogging,8552972333000,-6.89,15.64,-17.62
995034,25,Jogging,8553022321000,14.29,17.82,-4.99
995035,25,Jogging,8553072339000,6.17,13.14,9.23
995036,25,Jogging,8553122327000,6.55,4.1,3.45
995037,25,Jogging,8553172346000,10.46,-1.04,-0.04
995038,25,Jogging,8553222303000,3.15,2.68,9.53
995039,25,Jogging,8553272321000,10.76,16.55,-4.48
995040,25,Jogging,8553322370000,-7.78,19.15,2.79
995041,25,Jogging,8553372327000,13.72,13.44,-3.87
995042,25,Jogging,8553422346000,-13.25,10.69,-6.93
995043,25,Jogging,8553472333000,-15.62,-5.79,-3.26
995044,25,Jogging,8553522321000,-4.21,-7.65,-2.07
995045,25,Jogging,8553572339000,17.86,15.51,6.7
995046,25,Jogging,8553622358000,-3.98,10.15,-2.68
995047,25,Jogging,8553672376000,-17.16,-1.95,-3.98
995048,25,Jogging,8553722333000,0.08,19.34,-13.78
995049,25,Jogging,8553772321000,16.51,18.81,3.68
995050,25,Jogging,8553822370000,6.13,7.06,1.69
995051,25,Jogging,8553872327000,10.34,4.02,1.27
995052,25,Jogging,8553922254000,9.66,-2.11,1.95
995053,25,Jogging,8553972333000,-2.26,5.83,5.75
995054,25,Jogging,8554022321000,11.6,19.23,-3.49
995055,25,Jogging,8554072339000,-2.14,19.46,2.6
995056,25,Jogging,8554122327000,4.82,15.83,-6.55
995057,25,Jogging,8554172346000,-15.01,0.95,-7.59
995058,25,Jogging,8554222333000,-13.1,-5.56,-1.46
995059,25,Jogging,8554272321000,2.72,-2.07,3.02
995060,25,Jogging,8554322339000,13.57,7.74,1.88
