,user,label,timestamp,x,y,z
479893,26,Jogging,733092296000,3.17,5.41,3.3
479895,26,Jogging,733142375000,-9.38,6.74,-0.34
479894,26,Jogging,733142375000,-9.38,6.74,-0.34
479896,26,Jogging,733212474000,-19.61,5.05,-10.99
479897,26,Jogging,733262828000,-14.25,-11.18,15.7
479898,26,Jogging,733312480000,-4.86,-1.42,-9.7
479899,26,Jogging,733363231000,11.92,-0.15,3.68
479900,26,Jogging,733412852000,7.06,6.13,-3.68
479901,26,Jogging,733462535000,-4.44,1.95,-9.3
479902,26,Jogging,733513164000,-7.21,-1.57,5.41
479903,26,Jogging,733562785000,-19.5,-4.18,-0.89
479904,26,Jogging,733612407000,-5.94,-0.69,-0.34
479905,26,Jogging,733663066000,-18.77,2.34,0.69
479906,26,Jogging,733712718000,-19.08,9.04,-16.63
479907,26,Jogging,733762340000,-10.19,12.41,12.91
479908,26,Jogging,733812877000,0.38,9.38,-1.04
479909,26,Jogging,733862559000,6.63,11.54,-0.76
479910,26,Jogging,733913219000,6.17,4.48,3.15
479911,26,Jogging,733972301000,-3.98,3.87,-3.6
479912,26,Jogging,734032298000,-19.61,6.63,-9.81
479913,26,Jogging,734082347000,-15.4,-8.2,18.77
479914,26,Jogging,734132335000,-9.08,-0.23,-3.06
479915,26,Jogging,734202342000,7.78,-0.23,-3.06
479916,26,Jogging,734252269000,8.35,4.4,-4.9
479917,26,Jogging,734302348000,-3.95,1.12,-6.28
479918,26,Jogging,734352245000,-13.67,0.53,-1.33
479919,26,Jogging,734402324000,-18.24,-4.33,5.6
479920,26,Jogging,734452312000,-6.47,-0.91,-1.27
479921,26,Jogging,734502299000,-19.61,4.06,-6.36
479922,26,Jogging,734552318000,-14.82,6.4,-11.99
479923,26,Jogging,734602306000,-8.27,12.76,10.84
479924,26,Jogging,734652293000,2.03,10.65,-0.99
479925,26,Jogging,734702312000,7.08,13.21,1.14
479926,26,Jogging,734752299000,3.49,2.96,1.27
479927,26,Jogging,734802318000,-10.72,9.85,-1.14
479928,26,Jogging,734852306000,-19.61,4.37,-8.66
479929,26,Jogging,734902293000,-15.85,-10.84,18.85
479931,26,Jogging,734952312000,-11.41,-1.73,-7.44
479930,26,Jogging,734952312000,-11.41,-1.73,-7.44
479932,26,Jogging,735012706000,5.43,-0.19,-7.04
479933,26,Jogging,735062266000,14.21,6.89,4.37
479934,26,Jogging,735122295000,-0.8,-0.38,-9.62
479935,26,Jogging,735182353000,-11.54,0.89,3.15
479936,26,Jogging,735232341000,-17.77,-3.95,-1.08
479937,26,Jogging,735282329000,-10.31,-0.15,1.33
479938,26,Jogging,735332347000,-19.61,6.13,-2.64
479939,26,Jogging,735382335000,-15.55,8.08,-6.78
479940,26,Jogging,735432323000,-7.08,10.69,9.77
479941,26,Jogging,735482371000,2.56,9.19,-1.42
479942,26,Jogging,735532329000,7.27,12.15,0.04
479943,26,Jogging,735582347000,3.57,3.34,0.99
479944,26,Jogging,735636088000,-7.93,6.28,-5.71
479945,26,Jogging,735692271000,-19.61,6.59,-4.75
479946,26,Jogging,735742320000,-11.56,-12.79,18.92
479947,26,Jogging,735792308000,-7.25,-1.08,-10.11
479948,26,Jogging,735842204000,9.04,-0.11,-0.76
479949,26,Jogging,735892345000,8.31,6.28,-0.19
479950,26,Jogging,735942302000,-1.46,0.27,-8.66
479951,26,Jogging,735992351000,-14.25,2.34,5.67
479952,26,Jogging,736042339000,-18.54,-7.01,1.5
479953,26,Jogging,736092326000,-12.98,-0.38,1.18
479954,26,Jogging,736142345000,-19.61,6.28,-5.05
479955,26,Jogging,736192149000,-16.28,8.96,-12.83
479956,26,Jogging,736242198000,-6.47,12.26,12.37
479957,26,Jogging,736292277000,1.23,9.0,-1.88
479958,26,Jogging,736342326000,7.06,10.34,-2.14
479959,26,Jogging,736392345000,4.94,5.37,2.68
479960,26,Jogging,736442332000,-2.83,4.37,-3.21
479961,26,Jogging,736492320000,-19.61,10.88,-9.15
479962,26,Jogging,736542369000,-11.75,-6.7,12.34
479963,26,Jogging,736592326000,-9.3,-3.49,3.21
479964,26,Jogging,736642314000,3.64,-0.27,-10.0
479965,26,Jogging,736692332000,14.33,4.82,5.71
479966,26,Jogging,736742320000,1.5,0.89,-9.62
479967,26,Jogging,736794627000,-7.82,0.0,-0.3
479968,26,Jogging,736852245000,-19.61,-3.57,1.88
479969,26,Jogging,736902293000,-8.47,-0.72,-1.42
479970,26,Jogging,736952312000,-19.61,2.83,-2.68
479971,26,Jogging,737002299000,-14.44,10.88,-4.02
479972,26,Jogging,737052318000,-7.21,11.65,4.75
479973,26,Jogging,737102306000,1.18,7.35,-0.46
479974,26,Jogging,737152324000,6.93,13.29,-0.23
479975,26,Jogging,737202312000,2.83,4.14,1.23
479976,26,Jogging,737252299000,-10.46,9.0,-1.73
479977,26,Jogging,737302318000,-19.61,4.44,-7.93
479978,26,Jogging,737352306000,-11.11,-14.67,18.66
479979,26,Jogging,737402293000,-8.69,-1.42,-7.65
479980,26,Jogging,737452312000,7.67,1.23,-9.08
479981,26,Jogging,737502299000,15.24,4.33,8.47
479982,26,Jogging,737552318000,-0.3,0.53,-9.92
479983,26,Jogging,737602306000,-9.28,-3.49,-2.96
479984,26,Jogging,737652293000,-19.61,0.0,6.66
479985,26,Jogging,737702312000,-7.31,-1.27,-2.72
479986,26,Jogging,737752299000,-19.15,3.41,2.15
479987,26,Jogging,737802318000,-15.79,7.97,-7.27
479988,26,Jogging,737852306000,-8.81,11.65,4.94
479989,26,Jogging,737902293000,0.31,7.08,0.19
479990,26,Jogging,737952312000,7.5,11.99,-0.89
479991,26,Jogging,738002544000,5.75,5.63,2.49
479992,26,Jogging,738052318000,-6.13,5.94,-3.76
479993,26,Jogging,738102306000,-19.61,9.53,-8.77
479994,26,Jogging,738152324000,-12.11,-9.23,15.17
479995,26,Jogging,738202312000,-10.11,-3.15,0.57
479996,26,Jogging,738252299000,3.68,-0.53,-11.14
479997,26,Jogging,738302318000,15.64,2.37,8.5
479998,26,Jogging,738352336000,0.8,1.14,-10.46
479999,26,Jogging,738402293000,-4.94,0.15,-5.48
480000,26,Jogging,738452251000,-19.34,-1.23,4.71
480001,26,Jogging,738502299000,-9.3,-2.34,2.79
480002,26,Jogging,738552318000,-17.16,1.42,1.14
480003,26,Jogging,738602306000,-19.57,7.74,-12.53
480004,26,Jogging,738652293000,-8.05,12.68,12.49
480005,26,Jogging,738702312000,-0.89,9.38,-0.15
480006,26,Jogging,738752299000,7.16,12.37,-1.14
480007,26,Jogging,738802318000,8.01,6.55,2.15
480008,26,Jogging,738852306000,-1.53,3.79,-2.56
480009,26,Jogging,738902293000,-19.61,12.26,-8.66
480010,26,Jogging,738952312000,-16.59,-2.68,8.62
480011,26,Jogging,739002299000,-12.68,-4.18,11.18
480012,26,Jogging,739052379000,-0.04,-0.61,-13.25
480013,26,Jogging,739102306000,14.29,-1.08,6.66
480014,26,Jogging,739152293000,4.67,1.69,-6.63
480015,26,Jogging,739202373000,-4.99,0.23,-7.65
480016,26,Jogging,739202373000,-4.99,0.23,-7.65
480017,26,Jogging,739263286000,-19.61,0.99,6.55
480018,26,Jogging,739322276000,-12.03,-3.11,0.61
480019,26,Jogging,739382304000,-19.0,1.57,3.21
480020,26,Jogging,739432353000,-16.63,10.23,-13.91
480021,26,Jogging,739482341000,-6.85,11.6,9.92
480022,26,Jogging,739532329000,0.57,9.53,-0.91
480023,26,Jogging,739582347000,5.79,8.31,-1.88
480024,26,Jogging,739632335000,6.59,5.9,2.41
480025,26,Jogging,739682323000,-3.15,4.4,-3.11
480026,26,Jogging,739732341000,-19.61,11.11,-6.4
480027,26,Jogging,739782298000,-14.18,-7.44,13.38
480028,26,Jogging,739832347000,-10.76,-5.09,3.99
480029,26,Jogging,739882335000,2.53,-1.04,-12.83
480030,26,Jogging,739932323000,15.98,0.72,11.07
480031,26,Jogging,739982341000,0.0,2.11,-10.88
480032,26,Jogging,740032329000,-3.87,0.34,-5.56
480033,26,Jogging,740082347000,-16.82,-2.49,2.3
480034,26,Jogging,740132335000,-12.64,-2.07,5.28
480035,26,Jogging,740182323000,-13.91,1.54,-6.21
480036,26,Jogging,740232341000,-19.61,7.08,-4.1
480037,26,Jogging,740292308000,-8.62,10.84,10.46
480038,26,Jogging,740342265000,0.46,8.05,-0.99
480039,26,Jogging,740392314000,6.13,12.6,-0.61
480040,26,Jogging,740442271000,6.55,6.66,2.96
480041,26,Jogging,740492259000,-2.11,2.34,-2.98
480042,26,Jogging,740542277000,-19.61,11.8,-5.9
480043,26,Jogging,740592296000,-16.63,-3.15,9.15
480044,26,Jogging,740642253000,-12.41,-5.75,9.53
480045,26,Jogging,740692271000,-0.65,-1.38,-13.76
480046,26,Jogging,740742259000,15.24,-1.53,8.58
480047,26,Jogging,740792308000,4.6,2.56,-8.08
480048,26,Jogging,740842296000,-5.18,0.08,-8.24
480049,26,Jogging,740892375000,-19.53,-0.23,5.01
480050,26,Jogging,740942516000,-14.18,-2.79,3.87
480051,26,Jogging,740992320000,-15.62,1.12,3.21
480052,26,Jogging,741042339000,-19.53,7.44,-13.02
480053,26,Jogging,741092235000,-8.43,8.01,6.05
480054,26,Jogging,741092235000,-8.43,8.01,6.05
480055,26,Jogging,741192516000,1.61,9.19,-1.31
480056,26,Jogging,741252299000,7.82,9.19,2.45
480057,26,Jogging,741302257000,0.0,2.83,-1.8
480058,26,Jogging,741352245000,-18.66,13.02,-5.13
480059,26,Jogging,741402293000,-17.46,1.08,3.95
480060,26,Jogging,741452342000,-10.99,-10.38,13.21
480061,26,Jogging,741502299000,-0.76,-0.8,-12.76
480062,26,Jogging,741552318000,13.33,0.65,4.21
480063,26,Jogging,741602336000,5.63,3.83,-6.13
480064,26,Jogging,741652293000,-5.28,2.11,-7.74
480065,26,Jogging,741702312000,-17.08,-0.8,2.34
480066,26,Jogging,741752299000,-14.14,-5.9,5.09
480067,26,Jogging,741802318000,-14.52,-0.46,0.72
480068,26,Jogging,741852367000,-19.61,5.22,-7.08
480069,26,Jogging,741902263000,-12.68,7.86,-5.9
480070,26,Jogging,741952251000,-5.41,11.35,3.49
480071,26,Jogging,742002330000,2.64,10.88,-1.31
480072,26,Jogging,742052318000,7.67,13.38,2.15
480073,26,Jogging,742102306000,2.64,2.83,0.65
480074,26,Jogging,742152293000,-13.72,12.11,1.31
480075,26,Jogging,742202312000,-19.61,3.21,-8.5
480076,26,Jogging,742252299000,-14.48,-14.25,19.38
480077,26,Jogging,742302318000,-8.24,-1.18,-8.05
480078,26,Jogging,742352245000,7.12,0.23,-6.55
480079,26,Jogging,742402293000,17.08,3.68,7.01
480080,26,Jogging,742452312000,-0.3,0.15,-11.33
480081,26,Jogging,742502483000,-12.49,-0.69,-2.79
480082,26,Jogging,742552318000,-19.61,-4.4,-0.04
480083,26,Jogging,742602885000,-9.38,-1.27,1.92
480084,26,Jogging,742652293000,-19.19,0.8,-0.53
480085,26,Jogging,742702312000,-19.04,8.08,-16.66
480086,26,Jogging,742752330000,-7.55,9.51,10.5
480087,26,Jogging,742802318000,-2.07,9.81,-1.5
480088,26,Jogging,742852306000,5.18,8.47,-3.06
480089,26,Jogging,742902293000,7.86,10.34,4.37
480090,26,Jogging,742952342000,-0.53,3.91,-1.69
480091,26,Jogging,743002299000,-18.66,12.49,-7.97
480092,26,Jogging,743052318000,-17.2,1.31,5.28
