,user,label,timestamp,x,y,z
493636,26,Jogging,1503042338000,-8.92,-2.41,-6.78
493637,26,Jogging,1503092326000,9.53,-1.8,-0.42
493638,26,Jogging,1503142345000,9.66,5.01,0.93
493639,26,Jogging,1503192302000,-1.84,-0.04,-9.77
493640,26,Jogging,1503242320000,-13.48,2.6,2.83
493641,26,Jogging,1503292338000,-18.16,-4.25,1.5
493642,26,Jogging,1503342326000,-7.44,-0.27,0.8
493643,26,Jogging,1503392345000,-19.61,2.96,2.6
493644,26,Jogging,1503442332000,-17.05,9.15,-14.98
493645,26,Jogging,1503492320000,-5.52,12.68,11.45
493646,26,Jogging,1503542339000,1.73,12.03,0.72
493647,26,Jogging,1503592326000,7.25,14.02,-0.42
493648,26,Jogging,1503642345000,2.34,1.65,1.46
493649,26,Jogging,1503692332000,-13.44,11.45,2.56
493650,26,Jogging,1503742320000,-19.61,4.14,-11.3
493651,26,Jogging,1503792338000,-13.78,-12.34,19.11
493652,26,Jogging,1503842326000,-9.23,-1.73,-8.66
493653,26,Jogging,1503892436000,8.08,-2.03,-1.76
493654,26,Jogging,1503942332000,9.96,5.13,3.3
493655,26,Jogging,1503992290000,-2.64,-0.23,-10.88
493656,26,Jogging,1504042338000,-14.18,2.79,2.98
493657,26,Jogging,1504092357000,-18.69,-4.52,-0.65
493658,26,Jogging,1504142345000,-7.35,-0.61,1.8
493659,26,Jogging,1504192302000,-19.57,2.22,2.96
493660,26,Jogging,1504242320000,-17.97,8.2,-16.51
493661,26,Jogging,1504292338000,-6.78,13.06,10.19
493662,26,Jogging,1504342326000,-0.57,11.8,1.27
493663,26,Jogging,1504392375000,6.24,14.1,-0.42
493664,26,Jogging,1504442332000,4.14,2.37,1.46
493665,26,Jogging,1504492320000,-8.85,7.12,-0.8
493666,26,Jogging,1504542338000,-19.61,5.67,-9.38
493667,26,Jogging,1504592326000,-16.21,-11.88,17.86
493668,26,Jogging,1504642345000,-10.38,-3.17,-5.05
493669,26,Jogging,1504692180000,5.75,-1.38,-6.7
493670,26,Jogging,1504742198000,14.02,6.7,10.69
493671,26,Jogging,1504792400000,-0.08,-1.14,-15.47
493672,26,Jogging,1504842326000,-7.46,1.57,-1.84
493673,26,Jogging,1504892345000,-19.61,-4.9,2.98
493674,26,Jogging,1504942332000,-8.01,-0.34,2.56
493675,26,Jogging,1504992320000,-17.43,0.27,1.65
493676,26,Jogging,1505042338000,-19.46,8.05,-17.67
493677,26,Jogging,1505092326000,-9.92,10.84,8.96
493678,26,Jogging,1505142345000,-1.95,9.51,0.38
493679,26,Jogging,1505192332000,7.12,16.09,-2.98
493680,26,Jogging,1505242320000,6.02,6.24,3.3
493681,26,Jogging,1505292369000,-2.53,2.6,-2.07
493682,26,Jogging,1505342326000,-19.61,11.22,-5.98
493683,26,Jogging,1505392345000,-16.17,-3.21,7.67
493684,26,Jogging,1505442393000,-10.95,-11.3,9.62
493685,26,Jogging,1505492320000,0.08,-1.42,-9.11
493686,26,Jogging,1505542339000,14.48,4.48,9.81
493687,26,Jogging,1505592357000,-1.23,0.61,-14.71
493688,26,Jogging,1505642345000,-12.26,2.22,0.84
493689,26,Jogging,1505710338000,-19.61,-2.79,1.08
493690,26,Jogging,1505762279000,-9.0,-0.69,0.08
493691,26,Jogging,1505812266000,-19.57,-0.08,-4.56
493692,26,Jogging,1505862315000,-19.19,5.37,-14.71
493693,26,Jogging,1505912303000,-9.43,14.63,10.15
493694,26,Jogging,1505962291000,-1.46,9.96,-1.69
493695,26,Jogging,1506012279000,5.94,11.54,-2.14
493696,26,Jogging,1506062297000,5.24,6.28,3.15
493697,26,Jogging,1506112315000,-3.06,2.41,-1.76
493698,26,Jogging,1506162303000,-19.61,11.88,-2.96
493699,26,Jogging,1506212321000,-17.58,-1.8,5.48
493700,26,Jogging,1506262401000,-11.95,-12.15,9.47
493701,26,Jogging,1506312297000,-0.11,-2.41,-9.49
493702,26,Jogging,1506362315000,16.93,2.91,13.33
493703,26,Jogging,1506412303000,1.14,0.0,-14.21
493704,26,Jogging,1506462321000,-9.0,2.07,-4.06
493705,26,Jogging,1506512309000,-19.61,-0.42,3.41
493706,26,Jogging,1506562297000,-10.0,-1.31,1.92
493707,26,Jogging,1506612315000,-17.97,0.31,2.07
493708,26,Jogging,1506662303000,-19.08,6.05,-8.27
493709,26,Jogging,1506712230000,-9.49,9.85,8.66
493710,26,Jogging,1506762309000,-5.24,10.69,0.04
493711,26,Jogging,1506812266000,3.91,11.35,-0.61
493712,26,Jogging,1506862346000,6.59,7.86,2.41
493713,26,Jogging,1506912334000,-2.07,3.26,-2.75
493714,26,Jogging,1506962230000,-19.57,12.91,-0.89
493715,26,Jogging,1507012309000,-19.57,0.72,-0.5
493716,26,Jogging,1507062328000,-15.62,-11.33,13.06
493717,26,Jogging,1507112315000,-1.42,-2.26,-10.04
493718,26,Jogging,1507162303000,13.82,-1.5,9.43
493719,26,Jogging,1507212321000,3.45,3.72,-5.2
493720,26,Jogging,1507262309000,-8.66,2.72,-10.27
493721,26,Jogging,1507312297000,-17.01,1.04,3.87
493722,26,Jogging,1507362315000,-18.77,-4.75,2.6
493723,26,Jogging,1507412334000,-13.91,-0.15,1.8
493724,26,Jogging,1507462291000,-19.61,3.6,-1.42
493725,26,Jogging,1507512340000,-17.16,7.06,-12.07
493726,26,Jogging,1507562297000,-9.47,12.03,8.16
493727,26,Jogging,1507612346000,3.38,10.46,-2.68
493728,26,Jogging,1507662334000,6.89,13.72,0.31
493729,26,Jogging,1507712321000,2.49,3.57,0.61
493730,26,Jogging,1507762309000,-11.75,7.44,0.99
493731,26,Jogging,1507812297000,-19.61,3.26,-9.53
493732,26,Jogging,1507862315000,-15.51,-11.8,17.5
493733,26,Jogging,1507912303000,-9.34,-4.59,-6.51
493734,26,Jogging,1507962291000,5.18,-2.49,-2.68
493735,26,Jogging,1508012309000,13.06,3.6,7.93
493736,26,Jogging,1508062297000,0.42,0.27,-13.17
493737,26,Jogging,1508112315000,-7.97,3.45,-2.11
493738,26,Jogging,1508162334000,-19.61,-0.15,3.64
493739,26,Jogging,1508212321000,-5.01,-1.8,2.83
493740,26,Jogging,1508262309000,-18.16,0.65,-3.98
493741,26,Jogging,1508312297000,-18.96,3.79,-7.27
493742,26,Jogging,1508362315000,-10.53,10.5,8.2
493743,26,Jogging,1508412303000,-0.65,6.47,-1.8
493744,26,Jogging,1508462352000,3.99,11.26,-0.38
493745,26,Jogging,1508512340000,7.08,9.23,3.53
493746,26,Jogging,1508562236000,-4.29,3.87,-3.36
493747,26,Jogging,1508612254000,-19.61,12.18,-8.62
493748,26,Jogging,1508662303000,-16.13,-4.18,9.96
493749,26,Jogging,1508712321000,-12.68,-7.46,6.93
493750,26,Jogging,1508762309000,0.0,-1.42,-9.72
493751,26,Jogging,1508812328000,15.66,1.27,10.38
493752,26,Jogging,1508862376000,4.56,2.68,-8.92
493753,26,Jogging,1508912303000,-2.91,0.8,-5.86
493754,26,Jogging,1508962291000,-18.77,2.83,0.8
493755,26,Jogging,1509012309000,-14.02,-3.15,5.67
493756,26,Jogging,1509062297000,-15.36,-0.04,1.04
493757,26,Jogging,1509112315000,-19.61,4.14,-2.22
493758,26,Jogging,1509162303000,-14.21,9.0,-3.98
493759,26,Jogging,1509212352000,-7.27,10.99,6.24
493761,26,Jogging,1509264262000,3.26,8.05,-2.49
493760,26,Jogging,1509264262000,3.26,8.05,-2.49
493762,26,Jogging,1509322795000,-2.72,4.48,-1.92
493763,26,Jogging,1509390422000,-2.72,4.48,-1.92
493764,26,Jogging,1509442149000,-19.61,12.87,-7.78
493765,26,Jogging,1509492198000,-16.78,-3.21,5.86
493766,26,Jogging,1509542308000,-11.84,-11.92,3.91
493767,26,Jogging,1509592296000,2.37,-2.41,-7.5
493768,26,Jogging,1509642345000,14.9,3.26,14.33
493769,26,Jogging,1509692332000,0.42,-0.27,-16.04
493770,26,Jogging,1509742290000,-9.58,2.98,-3.91
493771,26,Jogging,1509792277000,-19.61,-2.68,7.35
493772,26,Jogging,1509842326000,-7.93,-0.89,1.27
493773,26,Jogging,1509892314000,-17.27,0.5,3.72
493774,26,Jogging,1509942332000,-19.57,6.63,-14.14
493775,26,Jogging,1509992320000,-10.27,10.57,5.79
493776,26,Jogging,1510052287000,-3.72,8.89,2.07
493777,26,Jogging,1510102306000,5.86,16.78,-2.72
493778,26,Jogging,1510152293000,4.56,5.01,2.91
493779,26,Jogging,1510202312000,-4.21,2.76,-0.34
493780,26,Jogging,1510253276000,-19.61,9.28,-5.63
493781,26,Jogging,1510312266000,-16.63,-7.46,12.87
493782,26,Jogging,1510362315000,-10.61,-4.14,-4.94
493783,26,Jogging,1510412303000,3.02,-0.95,-8.54
493784,26,Jogging,1510462291000,13.38,5.01,9.47
493785,26,Jogging,1510512309000,0.53,-0.84,-13.59
493786,26,Jogging,1510562358000,-9.66,1.76,-0.08
493787,26,Jogging,1510612315000,-19.5,-3.68,6.59
493788,26,Jogging,1510662303000,-8.08,0.11,0.34
493789,26,Jogging,1510712321000,-18.89,2.68,2.07
493790,26,Jogging,1510762309000,-18.07,8.16,-14.06
493791,26,Jogging,1510812297000,-7.93,12.45,8.69
493792,26,Jogging,1510862315000,-1.42,10.88,5.18
493793,26,Jogging,1510912303000,5.79,14.52,-1.65
493794,26,Jogging,1510962291000,3.6,3.15,1.38
493795,26,Jogging,1511012248000,-8.43,5.9,-1.88
493796,26,Jogging,1511062297000,-19.61,6.66,-7.74
493797,26,Jogging,1511112346000,-15.89,-7.55,16.59
493798,26,Jogging,1511162303000,-11.69,-2.98,-1.31
493799,26,Jogging,1511212321000,2.18,-0.61,-10.19
493800,26,Jogging,1511262218000,15.4,4.67,11.6
493801,26,Jogging,1511312297000,1.08,0.11,-14.86
493802,26,Jogging,1511362315000,-7.04,2.3,-1.61
493803,26,Jogging,1511412303000,-19.61,-1.88,0.8
493804,26,Jogging,1511462291000,-8.88,-0.84,0.27
493805,26,Jogging,1511512309000,-16.32,-0.57,1.08
493806,26,Jogging,1511562297000,-19.61,5.41,-11.18
493807,26,Jogging,1511612315000,-11.45,11.73,2.15
493808,26,Jogging,1511662303000,-5.56,10.88,6.28
493809,26,Jogging,1511712413000,6.59,16.89,-2.56
493810,26,Jogging,1511762309000,5.71,6.32,1.84
493811,26,Jogging,1511812297000,0.11,0.34,-0.53
493812,26,Jogging,1511862315000,-19.61,12.76,-1.65
493813,26,Jogging,1511912303000,-18.81,-1.46,6.02
493814,26,Jogging,1511962291000,-14.25,-7.5,9.96
493815,26,Jogging,1512012248000,-1.8,-1.53,-11.56
493816,26,Jogging,1512062297000,13.87,0.46,7.55
493817,26,Jogging,1512112315000,5.94,4.18,-6.74
493818,26,Jogging,1512162334000,-4.48,1.18,-8.01
493819,26,Jogging,1512212321000,-19.04,1.33,2.64
493820,26,Jogging,1512262309000,-15.21,-2.34,7.01
493821,26,Jogging,1512312328000,-12.87,0.65,0.31
493822,26,Jogging,1512362346000,-19.61,5.18,-6.09
493823,26,Jogging,1512412334000,-14.94,7.25,-10.04
493824,26,Jogging,1512462291000,-5.98,11.5,10.84
493825,26,Jogging,1512512309000,2.76,14.18,-2.83
493826,26,Jogging,1512562297000,6.05,13.02,1.76
493827,26,Jogging,1512612315000,2.49,1.76,-0.04
493828,26,Jogging,1512662212000,-13.33,11.14,0.34
493829,26,Jogging,1512712291000,-19.61,2.49,-9.89
493830,26,Jogging,1512762309000,-14.25,-12.56,18.7
493831,26,Jogging,1512812297000,-7.44,-1.88,-7.63
493832,26,Jogging,1512862315000,11.54,-1.5,3.99
493833,26,Jogging,1512912334000,6.02,4.02,-3.68
493834,26,Jogging,1512962291000,-4.1,0.53,-10.11
493835,26,Jogging,1513012309000,-11.54,1.76,2.41
