,user,label,timestamp,x,y,z
493836,26,Jogging,1513062328000,-19.27,-4.67,5.75
493837,26,Jogging,1513112315000,-6.85,-0.69,-1.61
493838,26,Jogging,1513162303000,-19.46,0.65,-3.34
493839,26,Jogging,1513212291000,-19.34,7.27,-13.53
493840,26,Jogging,1513262309000,-9.34,15.4,11.84
493841,26,Jogging,1513312297000,0.27,8.77,-1.61
493842,26,Jogging,1513362315000,4.52,12.68,-1.04
493843,26,Jogging,1513412303000,4.02,4.86,3.02
493844,26,Jogging,1513462291000,-7.78,6.36,-0.89
493845,26,Jogging,1513512340000,-19.61,9.08,-10.95
493846,26,Jogging,1513562297000,-11.56,-8.73,12.72
493847,26,Jogging,1513612315000,-8.58,-6.7,1.04
493848,26,Jogging,1513662303000,4.82,-2.41,-6.74
493849,26,Jogging,1513712291000,13.63,2.11,4.14
493850,26,Jogging,1513762340000,0.76,0.31,-9.53
493851,26,Jogging,1513812297000,-11.45,2.72,-2.45
493852,26,Jogging,1513862315000,-18.89,-1.76,5.24
493853,26,Jogging,1513912303000,-4.14,-0.95,-1.27
493854,26,Jogging,1513962291000,-19.5,1.31,5.71
493855,26,Jogging,1514012279000,-17.08,7.82,-15.62
493856,26,Jogging,1514062297000,-8.47,11.54,11.75
493857,26,Jogging,1514112315000,2.26,9.62,-2.26
493858,26,Jogging,1514162303000,6.82,14.75,0.61
493859,26,Jogging,1514212291000,2.68,5.6,1.95
493860,26,Jogging,1514262462000,-12.03,6.89,-1.08
493861,26,Jogging,1514312297000,-19.61,7.27,-12.83
493862,26,Jogging,1514362315000,-13.57,-10.84,12.87
493863,26,Jogging,1514412303000,-9.43,-5.33,1.14
493864,26,Jogging,1514412303000,-9.43,-5.33,1.14
493865,26,Jogging,1514482280000,3.38,-1.31,-7.89
493866,26,Jogging,1514532268000,10.31,4.02,-2.22
493868,26,Jogging,1514582286000,-3.3,1.99,-9.34
493867,26,Jogging,1514582286000,-3.3,1.99,-9.34
493869,26,Jogging,1514680339000,-19.61,2.49,1.99
493870,26,Jogging,1514732494000,-16.32,-0.95,0.72
493871,26,Jogging,1514782329000,-19.61,3.95,-6.09
493872,26,Jogging,1514832408000,-15.66,8.12,-9.15
493873,26,Jogging,1514882274000,-8.39,12.18,10.73
493874,26,Jogging,1514932262000,0.65,8.85,-0.5
493875,26,Jogging,1514992320000,7.63,13.82,-2.49
493876,26,Jogging,1515042277000,0.27,3.45,0.31
493877,26,Jogging,1515092265000,-12.49,9.72,3.11
493878,26,Jogging,1515142345000,-19.61,3.6,-9.23
493879,26,Jogging,1515192302000,-9.81,-14.48,13.57
493880,26,Jogging,1515242259000,-6.43,-4.37,-6.74
493881,26,Jogging,1515292308000,10.73,-0.61,-0.15
493882,26,Jogging,1515342296000,9.85,4.02,0.53
493883,26,Jogging,1515392314000,-1.73,-0.89,-8.81
493884,26,Jogging,1515442271000,-16.04,2.64,0.5
493885,26,Jogging,1515492259000,-17.54,-4.75,4.21
493886,26,Jogging,1515542277000,-10.38,-0.61,-0.04
493887,26,Jogging,1515592265000,-19.61,2.22,3.11
493888,26,Jogging,1515642314000,-15.75,9.04,-14.75
493889,26,Jogging,1515692302000,-5.94,11.41,14.75
493890,26,Jogging,1515742259000,-0.34,7.46,-1.53
493891,26,Jogging,1515792277000,3.6,10.38,-3.17
493892,26,Jogging,1515842754000,2.03,7.01,0.8
493893,26,Jogging,1515895488000,-5.09,2.03,1.46
493894,26,Jogging,1515952342000,-19.61,10.15,-10.88
493895,26,Jogging,1516002483000,-13.72,-11.54,13.29
493896,26,Jogging,1516052348000,-7.5,-6.63,-3.34
493897,26,Jogging,1516102367000,6.55,-2.56,-7.59
493898,26,Jogging,1516152324000,15.55,2.49,11.5
493899,26,Jogging,1516202342000,0.34,-0.3,-12.76
493900,26,Jogging,1516252422000,-12.37,2.18,-5.13
493901,26,Jogging,1516302348000,-19.61,-2.68,2.26
493902,26,Jogging,1516352336000,-9.43,-1.31,4.21
493903,26,Jogging,1516402324000,-19.08,0.53,3.57
493904,26,Jogging,1516452342000,-19.27,6.4,-13.06
493905,26,Jogging,1516502330000,-11.45,11.96,4.44
493906,26,Jogging,1516552348000,-3.64,11.18,6.7
493907,26,Jogging,1516602336000,6.82,15.51,-2.37
493908,26,Jogging,1516652324000,6.28,6.74,1.14
493909,26,Jogging,1516702342000,-0.3,1.12,-1.65
493910,26,Jogging,1516752330000,-19.61,11.75,-4.1
493911,26,Jogging,1516802348000,-15.7,-2.03,8.43
493912,26,Jogging,1516852336000,-12.56,-8.12,10.69
493913,26,Jogging,1516902293000,-1.61,-0.8,-13.59
493914,26,Jogging,1516952342000,14.98,1.23,8.28
493915,26,Jogging,1517002330000,3.76,2.45,-9.89
493916,26,Jogging,1517052348000,-5.05,0.34,-7.44
493917,26,Jogging,1517102275000,-19.57,1.18,6.63
493918,26,Jogging,1517152324000,-12.07,-4.82,3.87
493919,26,Jogging,1517202312000,-14.48,-0.61,2.91
493920,26,Jogging,1517252330000,-19.61,4.52,-7.55
493921,26,Jogging,1517302348000,-15.13,11.22,-5.9
493922,26,Jogging,1517352336000,-6.13,11.8,8.89
493923,26,Jogging,1517402324000,4.21,14.21,-1.14
493924,26,Jogging,1517452342000,6.66,10.57,0.46
493925,26,Jogging,1517502330000,2.15,1.5,0.23
493926,26,Jogging,1517552348000,-12.6,11.14,4.86
493927,26,Jogging,1517602336000,-19.61,2.76,-6.09
493928,26,Jogging,1517652324000,-11.41,-14.48,17.86
493929,26,Jogging,1517702342000,-7.97,-2.87,-13.38
493930,26,Jogging,1517752330000,11.69,-3.02,1.04
493931,26,Jogging,1517802348000,7.97,5.75,-1.92
493932,26,Jogging,1517852336000,-0.69,-0.19,-8.05
493933,26,Jogging,1517902263000,-14.06,1.61,2.07
493934,26,Jogging,1517952342000,-16.51,-4.59,1.73
493935,26,Jogging,1518002605000,-7.04,0.76,1.33
493936,26,Jogging,1518052348000,-19.61,2.98,2.96
493937,26,Jogging,1518112346000,-12.87,8.85,-7.89
493938,26,Jogging,1518162242000,-6.05,10.53,6.02
493939,26,Jogging,1518212352000,3.06,13.59,-1.31
493940,26,Jogging,1518262279000,7.12,10.84,0.34
493941,26,Jogging,1518312297000,0.65,1.99,0.0
493942,26,Jogging,1518362315000,-16.04,12.6,5.18
493943,26,Jogging,1518412303000,-19.53,0.76,-4.56
493944,26,Jogging,1518462291000,-12.45,-13.78,15.89
493945,26,Jogging,1518512309000,-3.34,-3.41,-13.48
493946,26,Jogging,1518562297000,12.76,-1.69,5.86
493947,26,Jogging,1518612315000,5.9,5.83,-5.98
493948,26,Jogging,1518662303000,-2.22,-1.33,-8.47
493949,26,Jogging,1518712291000,-17.92,1.95,4.86
493950,26,Jogging,1518762309000,-15.85,-5.01,5.94
493951,26,Jogging,1518812297000,-17.12,0.31,2.22
493952,26,Jogging,1518862315000,-19.61,6.05,-6.43
493953,26,Jogging,1518912303000,-12.72,9.53,-7.63
493954,26,Jogging,1518962291000,-5.18,11.99,10.65
493955,26,Jogging,1519012248000,2.79,13.29,-0.76
493956,26,Jogging,1519062328000,5.98,10.99,-0.91
493957,26,Jogging,1519112315000,1.5,1.8,0.57
493958,26,Jogging,1519162303000,-14.98,12.49,6.4
493959,26,Jogging,1519212291000,-19.61,1.84,-8.5
493960,26,Jogging,1519262309000,-11.8,-14.4,18.2
493961,26,Jogging,1519312297000,-7.04,-3.02,-11.73
493962,26,Jogging,1519362315000,10.57,-1.88,-0.27
493963,26,Jogging,1519412303000,7.74,6.28,1.18
493964,26,Jogging,1519462291000,-2.22,-1.14,-10.57
493965,26,Jogging,1519512309000,-17.86,2.26,2.98
493966,26,Jogging,1519562297000,-15.89,-6.13,2.83
493967,26,Jogging,1519612315000,-10.84,-0.27,3.72
493968,26,Jogging,1519662242000,-19.61,4.18,-0.95
493970,26,Jogging,1519712291000,-16.28,8.85,-12.87
493969,26,Jogging,1519712291000,-16.28,8.85,-12.87
493971,26,Jogging,1519773082000,-8.08,12.22,12.26
493972,26,Jogging,1519822856000,1.95,10.34,-2.14
493973,26,Jogging,1519872325000,6.13,12.6,-0.91
493974,26,Jogging,1519922374000,2.76,3.34,1.88
493975,26,Jogging,1519972362000,-8.39,7.06,1.57
493976,26,Jogging,1520022807000,-19.61,4.48,-10.27
493977,26,Jogging,1520072398000,-13.38,-13.63,15.28
493978,26,Jogging,1520123057000,-8.43,-5.33,-5.75
493979,26,Jogging,1520172588000,7.25,-1.65,-6.32
493980,26,Jogging,1520222362000,12.34,5.75,7.16
493981,26,Jogging,1520272777000,-0.04,0.23,-11.65
493982,26,Jogging,1520322459000,-10.53,-0.08,-3.34
493983,26,Jogging,1520373057000,-18.66,-3.02,7.86
493984,26,Jogging,1520422649000,-7.12,-1.08,-1.95
493985,26,Jogging,1520472331000,-19.57,2.15,4.86
493986,26,Jogging,1520522838000,-17.24,9.51,-13.78
493987,26,Jogging,1520572459000,-4.52,13.1,11.18
493988,26,Jogging,1520623027000,-1.27,9.34,0.72
493989,26,Jogging,1520672710000,4.02,14.56,-1.76
493990,26,Jogging,1520722331000,4.52,4.06,1.57
493991,26,Jogging,1520772777000,-6.66,5.98,-0.57
493992,26,Jogging,1520822398000,-19.61,6.7,-8.92
493993,26,Jogging,1520872996000,-13.17,-12.15,15.43
493994,26,Jogging,1520922618000,-9.53,-3.41,-2.3
493995,26,Jogging,1520972331000,5.48,-0.65,-10.76
493996,26,Jogging,1521022746000,16.86,6.21,12.07
493997,26,Jogging,1521072337000,-0.08,-0.95,-14.1
493998,26,Jogging,1521132274000,-11.18,0.0,-3.64
493999,26,Jogging,1521192302000,-18.07,-6.24,4.18
494000,26,Jogging,1521242320000,-10.31,0.04,2.76
494001,26,Jogging,1521292338000,-19.61,3.34,-0.15
494002,26,Jogging,1521342326000,-16.51,9.11,-13.48
494003,26,Jogging,1521392345000,-6.55,13.53,12.79
494004,26,Jogging,1521442332000,2.83,12.57,-0.65
494005,26,Jogging,1521492320000,7.08,12.72,0.27
494006,26,Jogging,1521542338000,2.53,2.3,0.15
494007,26,Jogging,1521592326000,-12.18,9.66,1.57
494008,26,Jogging,1521642314000,-19.61,3.17,-8.96
494009,26,Jogging,1521692363000,-14.18,-14.14,18.81
494010,26,Jogging,1521742351000,-8.62,-3.11,-8.92
494011,26,Jogging,1521792338000,7.21,-1.31,-5.86
494012,26,Jogging,1521842326000,11.92,6.28,5.22
494013,26,Jogging,1521892314000,-0.34,-0.76,-11.92
494014,26,Jogging,1521942332000,-13.06,2.03,-0.8
494015,26,Jogging,1521992290000,-18.2,-6.85,6.82
494016,26,Jogging,1522042339000,-8.35,0.23,1.92
494017,26,Jogging,1522092326000,-19.61,3.02,2.15
494018,26,Jogging,1522142345000,-16.63,9.96,-15.17
494019,26,Jogging,1522192332000,-6.05,13.91,15.36
494020,26,Jogging,1522242320000,1.65,12.6,0.23
494021,26,Jogging,1522292308000,6.36,12.87,0.04
494022,26,Jogging,1522342326000,3.15,2.72,1.46
494023,26,Jogging,1522392345000,-10.92,8.01,0.23
494024,26,Jogging,1522452251000,-19.61,4.94,-10.04
494025,26,Jogging,1522502299000,-13.25,-13.99,18.77
494026,26,Jogging,1522552287000,-6.7,-3.06,-10.84
494027,26,Jogging,1522602275000,11.96,-1.57,2.22
494028,26,Jogging,1522652293000,10.23,6.47,1.18
494029,26,Jogging,1522702342000,-1.27,-0.38,-8.39
494030,26,Jogging,1522752299000,-16.32,2.49,3.91
494031,26,Jogging,1522802348000,-17.39,-6.17,4.14
494032,26,Jogging,1522852336000,-7.93,0.0,1.31
494033,26,Jogging,1522902293000,-19.61,3.76,-5.6
494034,26,Jogging,1522952342000,-17.46,9.43,-10.69
494035,26,Jogging,1523002330000,-7.74,13.48,8.08
