,user,label,timestamp,x,y,z
210021,27,Jogging,11489163739000,0.11,-3.26,-4.3312707
210023,27,Jogging,11489502301000,1.69,8.62,-1.3075534
210024,27,Jogging,11489552289000,2.07,-0.65,-4.7535014
210025,27,Jogging,11489552289000,2.07,-0.65,-4.7535014
210026,27,Jogging,11489662244000,-3.36,-6.66,17.079916
210027,27,Jogging,11489712201000,-1.76,-5.48,-9.234595
210028,27,Jogging,11489762372000,2.79,-2.98,-10.56939
210029,27,Jogging,11489812238000,9.96,0.61,-6.973617999999999
210030,27,Jogging,11489862317000,4.37,1.57,-0.8036005
210031,27,Jogging,11489912213000,0.65,0.27,5.366417
210032,27,Jogging,11489962293000,4.71,-6.28,2.3699405
210033,27,Jogging,11490012281000,-9.34,-19.61,-14.206022
210034,27,Jogging,11490062329000,-18.5,-11.65,11.876944
210035,27,Jogging,11490112226000,-15.13,4.29,11.264028
210036,27,Jogging,11490162274000,-3.68,3.76,-2.1383946
210037,27,Jogging,11490212232000,0.0,8.16,-0.5720546
210038,27,Jogging,11490264325000,0.34,3.87,-0.7627395
210039,27,Jogging,11490322309000,-3.3,3.76,-2.5333846
210040,27,Jogging,11490372235000,-19.61,-19.46,1.7570249
210041,27,Jogging,11490422315000,-5.9,-3.91,14.628252999999999
210042,27,Jogging,11490472241000,-4.75,-5.52,-6.66035
210043,27,Jogging,11490522290000,-0.15,-6.93,-11.372991
210044,27,Jogging,11490572248000,7.63,-5.01,-5.625203599999999
210045,27,Jogging,11490622388000,4.99,1.99,3.3778462
210046,27,Jogging,11490672559000,2.6,2.68,4.7535014
210047,27,Jogging,11490722241000,3.83,-5.13,-5.202973
210048,27,Jogging,11490772321000,-12.15,-17.35,-18.38747
210049,27,Jogging,11490822400000,-19.61,-14.75,4.372132
210050,27,Jogging,11490872266000,-17.58,9.96,10.310603
210051,27,Jogging,11490922284000,-3.68,4.44,-3.0645783
210052,27,Jogging,11490972333000,-2.26,4.33,-1.6889231
210053,27,Jogging,11491022229000,2.79,9.58,0.7627395
210054,27,Jogging,11491072309000,-1.69,5.43,-2.5606253
210055,27,Jogging,11491122235000,-13.67,-9.66,-6.2789803
210056,27,Jogging,11491172315000,-15.62,-13.82,7.6954966
210057,27,Jogging,11491222241000,0.11,-6.7,-0.42223078
210058,27,Jogging,11491272229000,0.65,-6.21,-9.697687
210059,27,Jogging,11491322431000,9.85,-5.67,-7.8861814
210060,27,Jogging,11491372266000,7.21,1.54,-1.4573771999999998
210061,27,Jogging,11491422315000,0.61,3.87,7.3549875999999985
210062,27,Jogging,11491472303000,2.64,-4.82,-1.4573771999999998
210063,27,Jogging,11491522290000,-6.89,-16.89,-9.765789
210064,27,Jogging,11491572339000,-19.61,-16.82,2.9556155
210065,27,Jogging,11491622113000,-14.79,4.18,4.8216033
210066,27,Jogging,11491672284000,-12.3,4.75,6.5922484
210067,27,Jogging,11491722272000,-1.88,5.22,4.903325
210068,27,Jogging,11491772229000,3.3,6.51,1.7978859
210069,27,Jogging,11491822614000,0.61,6.02,-3.1463002999999996
210070,27,Jogging,11491882245000,-9.81,-5.48,-9.615966
210071,27,Jogging,11491932202000,-12.64,-14.48,17.352324
210072,27,Jogging,11491982312000,-2.34,-6.89,2.4925237
210073,27,Jogging,11492032209000,-1.69,-4.52,-11.182305
210074,27,Jogging,11492082318000,9.34,-5.43,-11.032481
210075,27,Jogging,11492132245000,6.85,1.54,-1.607201
210076,27,Jogging,11492182263000,2.72,4.86,11.182305
210077,27,Jogging,11492232221000,1.18,-2.96,-3.1463002999999996
210078,27,Jogging,11492282300000,-7.78,-14.52,-10.310603
210079,27,Jogging,11492332318000,-19.61,-17.39,-1.7297841
210080,27,Jogging,11492382337000,-14.18,7.97,7.6954966
210081,27,Jogging,11492432202000,-6.36,7.21,-2.0294318
210082,27,Jogging,11492482282000,-3.15,3.64,-3.214402
210083,27,Jogging,11492532239000,2.64,6.05,5.325556
210084,27,Jogging,11492582288000,2.72,6.4,-0.6946376999999999
210085,27,Jogging,11492632306000,-9.47,-1.38,-3.6366330000000002
210086,27,Jogging,11492682294000,-19.61,-15.21,3.9499009
210087,27,Jogging,11492732251000,2.3,-6.51,9.847511
210088,27,Jogging,11492782270000,-0.08,-7.82,-11.413852
210089,27,Jogging,11492832257000,6.13,-11.14,-11.264028
210090,27,Jogging,11492882276000,8.96,-2.98,1.3756552
210091,27,Jogging,11492882276000,8.96,-2.98,1.3756552
210092,27,Jogging,11492882276000,8.96,-2.98,1.3756552
210093,27,Jogging,11492882276000,8.96,-2.98,1.3756552
210095,27,Jogging,11493072156000,-19.46,-19.61,-6.3198414000000005
210096,27,Jogging,11493122205000,-19.61,-6.63,4.3312707
210097,27,Jogging,11493172254000,-9.92,11.84,6.0474343
210098,27,Jogging,11493172254000,-9.92,11.84,6.0474343
210099,27,Jogging,11493172254000,-9.92,11.84,6.0474343
210100,27,Jogging,11493252393000,-1.33,2.87,-0.10896278
210102,27,Jogging,11493412549000,-10.19,2.98,-13.906375
210103,27,Jogging,11493462293000,-17.24,-14.75,16.167353
210104,27,Jogging,11493512342000,2.07,-5.79,3.4868089999999996
210105,27,Jogging,11493562238000,-0.5,-4.63,-9.152874
210106,27,Jogging,11493612348000,6.82,-1.42,-6.701211
210107,27,Jogging,11493662335000,9.0,2.64,-4.1814466
210108,27,Jogging,11493712354000,1.65,2.22,6.5513873
210110,27,Jogging,11493762891000,3.64,-0.99,2.4516625
210111,27,Jogging,11493762891000,3.64,-0.99,2.4516625
210112,27,Jogging,11493762891000,3.64,-0.99,2.4516625
210113,27,Jogging,11493762891000,3.64,-0.99,2.4516625
210109,27,Jogging,11493762891000,3.64,-0.99,2.4516625
210117,27,Jogging,11494092237000,3.15,8.31,-0.08172209
210118,27,Jogging,11494092237000,3.15,8.31,-0.08172209
210119,27,Jogging,11494157056000,-0.76,5.56,-5.366417
210122,27,Jogging,11494312574000,-1.53,-6.13,-4.903325
210123,27,Jogging,11494422315000,8.85,-1.73,-2.4925237
210124,27,Jogging,11494472180000,1.65,4.44,5.8976107
210125,27,Jogging,11494472180000,1.65,4.44,5.8976107
210126,27,Jogging,11494472180000,1.65,4.44,5.8976107
210128,27,Jogging,11494582654000,1.23,-6.59,-4.372132
210127,27,Jogging,11494582654000,1.23,-6.59,-4.372132
210130,27,Jogging,11494734174000,-14.02,7.35,2.9147543999999996
210131,27,Jogging,11494782209000,-3.06,2.96,2.5606253
210134,27,Jogging,11494993756000,-19.61,-11.07,4.290409599999999
210135,27,Jogging,11495042249000,3.11,-5.52,11.372991
210136,27,Jogging,11495092237000,-3.53,-6.28,-8.730642999999999
210137,27,Jogging,11495142346000,4.25,-6.89,-13.170876500000002
210138,27,Jogging,11495192243000,7.63,-0.89,-3.6366330000000002
210139,27,Jogging,11495242261000,4.67,8.01,9.193735
210140,27,Jogging,11495292249000,3.57,-1.99,-2.4516625
210141,27,Jogging,11495342267000,-0.61,-3.3,-0.0
210142,27,Jogging,11495392255000,-19.27,-17.77,-2.3699405
210143,27,Jogging,11495442304000,-19.61,-12.53,-0.7627395
210144,27,Jogging,11495492200000,-11.8,10.15,2.6832085
210145,27,Jogging,11495542310000,-5.82,4.21,7.8861814
210146,27,Jogging,11495592206000,-2.68,5.41,1.1168685
210147,27,Jogging,11495642285000,1.8,12.98,1.4982381999999999
210148,27,Jogging,11495692243000,0.57,-0.19,-6.238119
210149,27,Jogging,11495742261000,-14.6,1.65,-4.5628166
210150,27,Jogging,11495792218000,-9.62,-15.05,17.352324
210151,27,Jogging,11495842267000,-3.6,-5.13,-7.246025
210152,27,Jogging,11495892255000,1.33,-7.35,-15.935807
210153,27,Jogging,11495942304000,11.54,-4.86,-7.9679036
210154,27,Jogging,11495992230000,5.98,2.41,0.5720546
210155,27,Jogging,11496042310000,0.99,3.57,6.851035
210156,27,Jogging,11496092237000,4.18,-4.71,-2.2201166000000003
210157,27,Jogging,11496142346000,-8.01,-12.6,-5.7477865
210158,27,Jogging,11496192243000,-19.61,-17.08,-12.639683
210159,27,Jogging,11496242292000,-15.32,7.16,7.927042500000001
210160,27,Jogging,11496292249000,-7.08,4.25,2.152015
210161,27,Jogging,11496342267000,-0.99,3.72,4.7126402999999994
210162,27,Jogging,11496392255000,5.41,7.93,-1.56634
210163,27,Jogging,11496442304000,-1.08,5.22,-3.4459480000000005
210164,27,Jogging,11496492230000,-17.31,-6.93,-5.597963
210165,27,Jogging,11496542310000,-11.6,-10.27,10.651112
210166,27,Jogging,11496592237000,-5.41,-6.4,-0.7627395
210167,27,Jogging,11496642285000,-0.5,-6.13,-14.7916975
210168,27,Jogging,11496692273000,9.15,-6.66,-9.697687
210169,27,Jogging,11496742261000,7.25,1.46,1.9204689999999998
210170,27,Jogging,11496792157000,5.94,6.74,7.3141264999999995
210172,27,Jogging,11496843305000,2.91,-4.59,-1.1168685
210171,27,Jogging,11496843305000,2.91,-4.59,-1.1168685
210176,27,Jogging,11497012158000,-16.04,11.35,3.1463002999999996
210175,27,Jogging,11497012158000,-16.04,11.35,3.1463002999999996
210178,27,Jogging,11497252118000,-2.83,-8.73,-9.302697
210179,27,Jogging,11497302289000,-19.61,-11.11,8.894086999999999
210180,27,Jogging,11497352307000,1.57,-3.98,7.504811999999999
210181,27,Jogging,11497402265000,-1.88,-5.09,-10.310603
210182,27,Jogging,11497452252000,6.47,-3.11,-11.454713
210183,27,Jogging,11497502301000,9.28,1.23,-5.325556
210184,27,Jogging,11497552198000,2.15,2.53,5.9793324
210185,27,Jogging,11497602277000,1.84,1.88,4.440233
210186,27,Jogging,11497652234000,4.14,-4.25,-8.049625
210187,27,Jogging,11497702252000,-19.61,-19.61,0.27240697
210188,27,Jogging,11497752240000,-11.92,-2.22,3.5276701
210189,27,Jogging,11497802289000,-10.19,10.53,1.4165162
210190,27,Jogging,11497852307000,-2.11,4.79,-2.4516625
210191,27,Jogging,11497902265000,0.42,4.99,-2.6832085
210192,27,Jogging,11497952283000,1.73,2.53,5.284695
210193,27,Jogging,11498002271000,-13.99,-9.23,3.2552630000000002
210194,27,Jogging,11498052228000,-19.61,-12.95,-7.3141264999999995
210195,27,Jogging,11498102277000,-1.18,-2.6,6.851035
210196,27,Jogging,11498152265000,-1.65,-7.65,-12.489859
210197,27,Jogging,11498219495000,11.18,-8.69,-8.499097
210198,27,Jogging,11498272229000,4.82,6.74,8.19945
210199,27,Jogging,11498322370000,3.53,1.04,1.1441092
210200,27,Jogging,11498372205000,-1.08,-6.4,1.4982381999999999
210201,27,Jogging,11498422132000,-10.65,-14.48,-14.437569
210202,27,Jogging,11498473706000,-19.61,-19.61,2.4925237
210203,27,Jogging,11498473706000,-19.61,-19.61,2.4925237
210204,27,Jogging,11498473706000,-19.61,-19.61,2.4925237
210208,27,Jogging,11498693677000,0.65,8.31,-1.4982381999999999
210209,27,Jogging,11498693677000,0.65,8.31,-1.4982381999999999
210212,27,Jogging,11498922345000,-0.46,-5.67,-9.575105
210213,27,Jogging,11498972364000,6.51,-3.06,-11.604536
210214,27,Jogging,11499022260000,10.92,1.31,-5.597963
210215,27,Jogging,11499072309000,6.36,3.34,-1.2666923
210216,27,Jogging,11499122296000,1.18,-0.84,6.4015636
210217,27,Jogging,11499172284000,2.72,-8.92,1.7978859
210218,27,Jogging,11499222241000,-16.09,-18.39,-15.363751999999998
210219,27,Jogging,11499272260000,-19.61,-8.39,0.53119355
210220,27,Jogging,11499322217000,-15.75,7.5,7.8589406
210221,27,Jogging,11499322217000,-15.75,7.5,7.8589406
210222,27,Jogging,11499382855000,-3.02,3.41,-1.2666923
210223,27,Jogging,11499432874000,3.17,10.57,4.944186
210224,27,Jogging,11499482862000,1.88,5.37,-0.10896278
210225,27,Jogging,11499532819000,-8.31,-2.91,-5.407278
210226,27,Jogging,11499582898000,-19.61,-17.39,4.018002500000001
210227,27,Jogging,11499632917000,0.99,-4.67,11.372991
210228,27,Jogging,11499682874000,-2.79,-7.16,-8.921327999999999
210229,27,Jogging,11499732801000,4.86,-6.7,-11.264028
210230,27,Jogging,11499782849000,10.0,-0.3,-3.7592160000000003
210231,27,Jogging,11499832837000,0.99,6.44,8.471855999999999
210232,27,Jogging,11499882825000,3.79,-0.19,0.88532263
210233,27,Jogging,11499932904000,2.76,-4.9,0.23154591
210234,27,Jogging,11499982129000,-17.08,-17.5,-6.66035
210236,27,Jogging,11500034894000,-19.61,-13.38,-4.018002500000001
210235,27,Jogging,11500034894000,-19.61,-13.38,-4.018002500000001
210242,27,Jogging,11500442304000,-5.33,-7.4,-7.3549875999999985
210243,27,Jogging,11500492322000,3.64,-6.17,-14.941522
210244,27,Jogging,11500542310000,11.69,-0.69,-6.823794400000001
