,user,label,timestamp,x,y,z
213485,27,Jogging,11662622266000,-0.76,1.65,0.9942854
213486,27,Jogging,11662672284000,5.63,5.79,1.4982381999999999
213487,27,Jogging,11662722272000,-2.37,4.06,-4.099725
213488,27,Jogging,11662772260000,-18.54,-14.1,4.671779
213489,27,Jogging,11662822309000,-17.5,-13.33,6.742072
213490,27,Jogging,11662872266000,-6.05,0.08,-2.6832085
213491,27,Jogging,11662922284000,-1.65,-3.02,-7.504811999999999
213492,27,Jogging,11662972272000,1.8,-1.27,-5.47538
213493,27,Jogging,11663022260000,3.41,-0.76,-5.243834
213494,27,Jogging,11663072248000,2.68,-0.34,2.982856
213495,27,Jogging,11663072248000,2.68,-0.34,2.982856
213496,27,Jogging,11663072248000,2.68,-0.34,2.982856
213499,27,Jogging,11663262219000,-16.82,-4.75,4.5628166
213498,27,Jogging,11663262219000,-16.82,-4.75,4.5628166
213500,27,Jogging,11663312574000,-7.63,7.97,6.3607025
213502,27,Jogging,11663464368000,1.38,1.69,0.14982383
213503,27,Jogging,11663512189000,-11.14,-6.85,-0.10896278
213504,27,Jogging,11663562238000,-19.61,-19.61,-3.5957718
213505,27,Jogging,11663612378000,-12.53,-4.71,4.3312707
213506,27,Jogging,11663662397000,-5.33,-3.98,-6.3607025
213507,27,Jogging,11663712232000,1.54,-1.76,-6.742072
213509,27,Jogging,11663762311000,3.72,-0.19,-4.903325
213508,27,Jogging,11663762311000,3.72,-0.19,-4.903325
213511,27,Jogging,11663874066000,5.75,1.73,0.46309182
213510,27,Jogging,11663874066000,5.75,1.73,0.46309182
213514,27,Jogging,11664042218000,-15.28,-1.04,-1.9477096999999999
213515,27,Jogging,11664092298000,-12.41,9.19,9.466142
213516,27,Jogging,11664192304000,0.99,4.63,4.903325
213517,27,Jogging,11664192304000,0.99,4.63,4.903325
213518,27,Jogging,11664192304000,0.99,4.63,4.903325
213520,27,Jogging,11664352216000,-19.57,-18.81,-2.1111538
213521,27,Jogging,11664402295000,-10.61,-2.79,2.0294318
213522,27,Jogging,11664452222000,-3.02,-3.91,-5.597963
213523,27,Jogging,11664502271000,1.88,-1.27,-6.823794400000001
213524,27,Jogging,11664552198000,4.06,-0.08,-6.5922484
213525,27,Jogging,11664602277000,2.49,0.99,1.334794
213527,27,Jogging,11664652204000,3.87,-0.15,2.152015
213526,27,Jogging,11664652204000,3.87,-0.15,2.152015
213528,27,Jogging,11664723950000,1.31,-4.86,-3.8681788
213531,27,Jogging,11664843793000,-12.49,8.92,6.5105260000000005
213532,27,Jogging,11664843793000,-12.49,8.92,6.5105260000000005
213534,27,Jogging,11665052991000,-8.12,-1.69,-2.7513103
213535,27,Jogging,11665102155000,-19.61,-19.0,-6.823794400000001
213536,27,Jogging,11665152265000,-15.09,-5.82,5.284695
213537,27,Jogging,11665202313000,-5.94,-2.07,-4.1814466
213538,27,Jogging,11665252271000,-0.38,-3.36,-7.8861814
213539,27,Jogging,11665302259000,3.02,-1.46,-4.7943625
213540,27,Jogging,11665362256000,3.95,-0.3,-2.4108016
213541,27,Jogging,11665412244000,7.27,0.15,6.5513873
213542,27,Jogging,11665462323000,-0.19,-1.12,-8.390134
213543,27,Jogging,11665512128000,-11.92,-11.75,-12.108489
213544,27,Jogging,11665562207000,-19.61,-18.73,4.630918
213545,27,Jogging,11665613477000,-16.63,3.68,3.5276701
213546,27,Jogging,11665613477000,-16.63,3.68,3.5276701
213550,27,Jogging,11665823255000,-4.37,2.91,-7.3141264999999995
213552,27,Jogging,11665982190000,-6.4,-4.67,-4.5628166
213553,27,Jogging,11666032483000,-0.34,-4.59,-9.466142
213554,27,Jogging,11666082257000,3.87,-3.3,-7.5456724
213555,27,Jogging,11666132276000,5.75,-1.31,-3.4459480000000005
213556,27,Jogging,11666192243000,10.61,3.15,8.430995
213557,27,Jogging,11666242230000,1.57,0.69,-4.944186
213558,27,Jogging,11666292249000,-14.86,-11.92,-18.537292
213559,27,Jogging,11666342267000,-19.61,-16.21,3.8273177000000005
213560,27,Jogging,11666392316000,-12.91,8.24,-0.08172209
213561,27,Jogging,11666442212000,-12.3,7.7,3.7864565999999997
213562,27,Jogging,11666492292000,-3.6,3.17,-0.3405087
213563,27,Jogging,11666542218000,3.38,5.43,8.62168
213564,27,Jogging,11666592267000,-1.57,1.57,-5.09401
213565,27,Jogging,11666642285000,-18.73,-15.7,-1.4573771999999998
213566,27,Jogging,11666692304000,-18.58,-11.99,10.95076
213567,27,Jogging,11666742200000,-9.81,-0.76,-0.14982383
213568,27,Jogging,11666792310000,-2.91,-3.72,-8.662541000000001
213569,27,Jogging,11666842237000,3.11,-2.26,-8.771504
213570,27,Jogging,11666892346000,5.09,-1.53,-5.706926
213571,27,Jogging,11666942212000,4.82,1.14,0.61291564
213572,27,Jogging,11666992292000,5.09,1.23,8.921327999999999
213573,27,Jogging,11667042127000,4.14,-0.69,-3.8681788
213574,27,Jogging,11667042127000,4.14,-0.69,-3.8681788
213575,27,Jogging,11667103101000,-13.67,-17.88,-14.09706
213581,27,Jogging,11667202283000,-13.29,11.45,10.56939
213583,27,Jogging,11667512158000,-11.99,-1.76,6.2789803
213584,27,Jogging,11667562268000,-4.25,-3.45,-6.5922484
213585,27,Jogging,11667612226000,0.11,-2.68,-8.962189
213586,27,Jogging,11667662427000,4.44,-2.22,-6.0882955
213587,27,Jogging,11667712384000,5.01,0.15,-1.8796080000000002
213588,27,Jogging,11667762433000,7.74,2.15,7.8589406
213589,27,Jogging,11667812207000,2.49,0.27,-1.0351465
213590,27,Jogging,11667862256000,-2.45,-9.47,-14.859798999999999
213591,27,Jogging,11667912213000,-19.61,-18.89,8.730642999999999
213592,27,Jogging,11667962293000,-15.83,1.69,-0.7627395
213593,27,Jogging,11668012250000,-10.04,9.15,6.891896000000001
213594,27,Jogging,11668062299000,-4.99,3.45,0.040861044
213595,27,Jogging,11668112317000,0.65,5.01,2.3699405
213596,27,Jogging,11668162305000,0.93,1.12,-0.50395286
213597,27,Jogging,11668212293000,-11.07,-11.33,4.630918
213598,27,Jogging,11668262311000,-19.61,-18.07,-1.9204689999999998
213599,27,Jogging,11668312207000,-13.1,0.95,1.4165162
213600,27,Jogging,11668362256000,-6.7,-4.86,-6.823794400000001
213601,27,Jogging,11668412213000,1.99,-3.64,-8.962189
213602,27,Jogging,11668462293000,7.35,-4.1,-6.238119
213603,27,Jogging,11668512219000,4.63,2.03,4.7535014
213604,27,Jogging,11668562299000,3.91,7.55,0.92618364
213605,27,Jogging,11668612226000,0.61,-1.88,-7.6273947
213606,27,Jogging,11668662305000,-12.34,-10.99,-14.2877445
213607,27,Jogging,11668712232000,-19.61,-17.31,9.997335000000001
213608,27,Jogging,11668772321000,-9.11,5.83,7.6682559999999995
213609,27,Jogging,11668822248000,-13.91,5.86,1.8387468999999996
213610,27,Jogging,11668872266000,-5.67,3.64,-0.08172209
213611,27,Jogging,11668922254000,4.06,6.24,7.6682559999999995
213612,27,Jogging,11668972303000,-1.12,-3.06,-5.012288
213613,27,Jogging,11669023664000,-19.61,-14.33,1.6480621
213614,27,Jogging,11669072278000,-18.58,-12.45,7.4639505999999995
213615,27,Jogging,11669122296000,-8.01,0.15,-3.9771416
213616,27,Jogging,11669172254000,-1.65,-3.72,-10.269741999999999
213617,27,Jogging,11669222241000,5.22,-4.67,-11.604536
213618,27,Jogging,11669274091000,7.44,-1.38,-2.3018389
213619,27,Jogging,11669322278000,8.73,13.1,13.865514000000001
213620,27,Jogging,11669372296000,0.53,-0.19,-3.336985
213621,27,Jogging,11669422254000,-3.98,-3.76,-13.334320000000002
213622,27,Jogging,11669472272000,-19.61,-16.97,-13.715691
213623,27,Jogging,11669522260000,-19.61,-11.22,1.2258313
213624,27,Jogging,11669572370000,-17.86,10.19,3.3778462
213625,27,Jogging,11669622144000,-15.55,6.21,8.076866
213626,27,Jogging,11669682263000,1.12,6.66,4.018002500000001
213627,27,Jogging,11669732404000,3.3,6.47,-0.7218784
213628,27,Jogging,11669782209000,-2.14,1.73,-6.1291566
213629,27,Jogging,11669832318000,-15.94,-5.6,2.1111538
213630,27,Jogging,11669882245000,-17.35,-14.44,12.721405
213631,27,Jogging,11669932294000,-7.63,-3.41,0.19068487
213632,27,Jogging,11669982251000,-1.69,-2.37,-7.5456724
213633,27,Jogging,11670032270000,2.34,-2.11,-7.927042500000001
213634,27,Jogging,11670082257000,4.29,-1.31,-6.9327570000000005
213635,27,Jogging,11670082257000,4.29,-1.31,-6.9327570000000005
213636,27,Jogging,11670132276000,5.09,1.42,2.0294318
213637,27,Jogging,11670132276000,5.09,1.42,2.0294318
213638,27,Jogging,11670132276000,5.09,1.42,2.0294318
213642,27,Jogging,11670342267000,-13.4,2.98,2.9556155
213640,27,Jogging,11670342267000,-13.4,2.98,2.9556155
213641,27,Jogging,11670342267000,-13.4,2.98,2.9556155
213643,27,Jogging,11670392499000,-12.15,8.35,8.349273
213645,27,Jogging,11670542218000,0.5,2.11,0.95342433
213646,27,Jogging,11670592145000,-18.77,-9.04,3.6774937999999993
213647,27,Jogging,11670642377000,-19.46,-17.24,1.4165162
213648,27,Jogging,11670692304000,-7.65,-1.14,1.1441092
213649,27,Jogging,11670742292000,-4.94,-4.02,-7.8589406
213650,27,Jogging,11670792279000,1.95,-3.34,-9.193735
213651,27,Jogging,11670842298000,5.09,-3.21,-6.633109599999999
213652,27,Jogging,11670892285000,8.85,3.45,8.008764
213653,27,Jogging,11670942273000,3.26,1.31,-1.9477096999999999
213654,27,Jogging,11670992292000,0.31,-2.22,-8.19945
213655,27,Jogging,11671042279000,-14.86,-15.05,-16.739407
213656,27,Jogging,11671092267000,-19.61,-13.29,0.27240697
213657,27,Jogging,11671142316000,-13.14,10.46,6.2789803
213658,27,Jogging,11671192273000,-12.83,5.18,2.3426998
213659,27,Jogging,11671242322000,-2.68,4.06,3.2961242
213660,27,Jogging,11671292279000,4.79,8.31,2.2609777
213661,27,Jogging,11671342267000,-1.46,2.76,-6.428804
213662,27,Jogging,11671392285000,-13.06,-1.95,0.14982383
213663,27,Jogging,11671442304000,-19.34,-17.05,13.947235999999998
213664,27,Jogging,11671492292000,-9.58,-2.72,5.434519
213665,27,Jogging,11671542310000,-3.21,-3.41,-8.853226
213666,27,Jogging,11671592267000,2.56,-3.34,-8.19945
213667,27,Jogging,11671642316000,4.79,-2.72,-7.246025
213668,27,Jogging,11671692273000,4.82,1.38,4.018002500000001
213669,27,Jogging,11671742261000,4.33,0.0,-0.9125633
213670,27,Jogging,11671792279000,0.57,-1.57,-2.6014863999999998
213671,27,Jogging,11671842298000,-19.61,-15.79,-9.493382
213672,27,Jogging,11671892285000,-17.62,-2.53,-5.8567495
213673,27,Jogging,11671942304000,-9.96,0.15,15.554437
213674,27,Jogging,11671992261000,-9.62,2.18,8.730642999999999
213675,27,Jogging,11672092115000,3.53,2.18,8.730642999999999
213676,27,Jogging,11672092115000,3.53,2.18,8.730642999999999
213677,27,Jogging,11672142255000,-0.19,2.11,-4.3993720000000005
213678,27,Jogging,11672192426000,-19.19,-10.15,1.6480621
213679,27,Jogging,11672242261000,-18.31,-8.96,6.782933
213680,27,Jogging,11672292340000,-6.85,2.37,-0.9125633
213681,27,Jogging,11672342298000,-2.6,-3.72,-7.654635400000001
213682,27,Jogging,11672392346000,2.07,-1.65,-6.2789803
213683,27,Jogging,11672452283000,4.14,-0.61,-3.7183550000000003
213684,27,Jogging,11672502210000,5.05,0.27,5.5162406
213685,27,Jogging,11672552320000,1.38,-0.95,0.84446156
213686,27,Jogging,11672602124000,-0.76,-4.02,-7.205164
213687,27,Jogging,11672652814000,-19.61,-18.96,-13.525004999999998
213688,27,Jogging,11672702619000,-19.61,-8.66,1.1441092
213692,27,Jogging,11672812238000,-10.11,3.83,2.9147543999999996
213695,27,Jogging,11673033155000,-19.19,-5.09,-2.8738932999999998
213696,27,Jogging,11673082440000,-16.82,-10.23,10.61025
213697,27,Jogging,11673132428000,-5.86,-3.83,-3.1054392
213698,27,Jogging,11673182202000,0.15,-3.72,-8.076866
213699,27,Jogging,11673232251000,2.96,-3.15,-7.3958488
213700,27,Jogging,11673282300000,6.17,-1.53,-6.4015636
213701,27,Jogging,11673332288000,7.55,4.37,9.084772000000001
213702,27,Jogging,11673382245000,3.41,0.46,-0.6537767
213703,27,Jogging,11673432294000,-1.12,-5.9,-10.038197
213704,27,Jogging,11673482251000,-19.61,-19.19,2.9147543999999996
213705,27,Jogging,11673532239000,-16.09,-0.5,-1.7297841
213706,27,Jogging,11673582288000,-8.88,6.78,11.032481
213707,27,Jogging,11673632276000,-5.43,4.06,0.19068487
213708,27,Jogging,11673682263000,0.65,6.66,3.2961242
213709,27,Jogging,11673732282000,1.88,1.42,1.6889231
