,user,label,timestamp,x,y,z
74177,29,Jogging,7650652385000,13.95,2.64,-4.862464
74178,29,Jogging,7650702342000,8.89,-3.98,2.4516625
74179,29,Jogging,7650702342000,8.89,-3.98,2.4516625
74181,29,Jogging,7650852214000,17.86,19.57,-3.1463002999999996
74182,29,Jogging,7650903117000,12.83,14.21,9.888372
74183,29,Jogging,7650952251000,4.75,7.59,-5.325556
74184,29,Jogging,7651002269000,-2.6,-0.19,-8.730642999999999
74185,29,Jogging,7651052257000,-0.99,-2.34,-4.5219555
74186,29,Jogging,7651102305000,-2.18,-1.08,-5.243834
74188,29,Jogging,7651152232000,-3.45,6.13,3.0645783
74187,29,Jogging,7651152232000,-3.45,6.13,3.0645783
74189,29,Jogging,7651223247000,-4.59,19.08,-6.0474343
74192,29,Jogging,7651342357000,18.16,14.18,1.3075534
74191,29,Jogging,7651342357000,18.16,14.18,1.3075534
74193,29,Jogging,7651452190000,4.37,-4.02,-0.9942854
74194,29,Jogging,7651452190000,4.37,-4.02,-0.9942854
74195,29,Jogging,7651502269000,0.99,-5.01,-2.0294318
74198,29,Jogging,7651640300000,15.51,18.77,-2.982856
74199,29,Jogging,7651742259000,-3.68,-1.42,-3.9090397000000006
74200,29,Jogging,7651792216000,0.93,-4.25,-5.407278
74201,29,Jogging,7651842265000,1.54,-1.84,-3.6774937999999993
74202,29,Jogging,7651892589000,0.04,3.15,-4.5900574
74203,29,Jogging,7651942210000,10.31,19.57,-7.164303
74204,29,Jogging,7651992229000,13.4,19.5,-1.4982381999999999
74205,29,Jogging,7652042247000,15.66,14.9,-3.214402
74206,29,Jogging,7652092265000,13.21,7.01,0.3405087
74207,29,Jogging,7652142253000,8.05,0.04,1.6889231
74208,29,Jogging,7652192332000,1.84,-5.13,1.9885708
74209,29,Jogging,7652242229000,3.6,-2.6,-0.84446156
74210,29,Jogging,7652292277000,17.77,11.07,1.5390993
74211,29,Jogging,7652342265000,19.46,19.57,-1.4573771999999998
74212,29,Jogging,7652392284000,7.44,12.41,2.7649305
74213,29,Jogging,7652442241000,-0.8,5.41,-3.2552630000000002
74214,29,Jogging,7652492259000,-4.4,-1.46,-3.2552630000000002
74215,29,Jogging,7652542277000,-1.33,-2.03,-1.4573771999999998
74216,29,Jogging,7652592265000,-1.14,0.53,-2.3426998
74217,29,Jogging,7652642253000,0.34,5.13,-5.243834
74218,29,Jogging,7652692271000,6.66,19.53,-6.66035
74219,29,Jogging,7652742259000,15.47,19.57,-5.938472
74220,29,Jogging,7652792430000,17.54,17.12,-8.19945
74221,29,Jogging,7652842265000,16.59,9.47,-2.982856
74222,29,Jogging,7652892345000,9.66,-3.45,0.10896278
74223,29,Jogging,7652942271000,7.4,-8.77,8.349273
74224,29,Jogging,7652992534000,6.4,2.37,-2.4516625
74225,29,Jogging,7653042277000,19.53,17.54,-1.2258313
74226,29,Jogging,7653092265000,11.37,19.53,3.6366330000000002
74227,29,Jogging,7653142284000,9.15,7.35,1.5390993
74229,29,Jogging,7653192271000,-0.72,4.21,-6.851035
74228,29,Jogging,7653192271000,-0.72,4.21,-6.851035
74230,29,Jogging,7653292369000,-1.95,-0.69,-2.4925237
74231,29,Jogging,7653342204000,-1.88,4.02,-0.5720546
74232,29,Jogging,7653392375000,-3.53,12.11,-3.5276701
74233,29,Jogging,7653442119000,2.49,19.57,-8.267551
74234,29,Jogging,7653493114000,15.4,19.57,-5.938472
74236,29,Jogging,7653493114000,15.4,19.57,-5.938472
74235,29,Jogging,7653493114000,15.4,19.57,-5.938472
74238,29,Jogging,7653662120000,8.81,-7.46,-0.19068487
74239,29,Jogging,7653712413000,5.79,-6.43,0.53119355
74240,29,Jogging,7653762248000,16.04,9.92,2.152015
74241,29,Jogging,7653812388000,19.57,19.57,-5.5571017
74242,29,Jogging,7653862346000,5.33,15.85,9.888372
74243,29,Jogging,7653912395000,1.12,6.09,-3.9090397000000006
74244,29,Jogging,7653962260000,-3.34,1.18,-5.666064700000001
74245,29,Jogging,7654012462000,-1.5,-2.22,-3.4868089999999996
74246,29,Jogging,7654062205000,-1.5,0.08,-2.6014863999999998
74247,29,Jogging,7654112315000,-0.42,4.63,-2.4108016
74248,29,Jogging,7654162242000,5.56,19.57,-7.654635400000001
74249,29,Jogging,7654212321000,13.76,19.53,-2.4925237
74250,29,Jogging,7654272288000,18.43,17.82,-7.205164
74253,29,Jogging,7654322215000,14.94,1.8,5.2165932999999995
74252,29,Jogging,7654322215000,14.94,1.8,5.2165932999999995
74251,29,Jogging,7654322215000,14.94,1.8,5.2165932999999995
74256,29,Jogging,7654502299000,11.22,2.76,-1.525479
74255,29,Jogging,7654502299000,11.22,2.76,-1.525479
74257,29,Jogging,7654562694000,19.42,19.57,-3.5685309999999997
74258,29,Jogging,7654662303000,0.65,6.13,-4.5900574
74260,29,Jogging,7654712291000,-3.68,-0.95,-5.597963
74259,29,Jogging,7654712291000,-3.68,-0.95,-5.597963
74261,29,Jogging,7654772288000,-0.76,-1.95,-2.4108016
74262,29,Jogging,7654832316000,-1.31,2.68,-3.1463002999999996
74263,29,Jogging,7654882243000,0.76,15.98,-3.2552630000000002
74264,29,Jogging,7654932292000,12.34,19.57,-6.66035
74265,29,Jogging,7654982249000,15.6,17.62,-4.5219555
74266,29,Jogging,7655032298000,8.85,9.92,5.09401
74267,29,Jogging,7655082255000,15.09,5.13,-4.7943625
74268,29,Jogging,7655132304000,7.78,-3.57,1.4165162
74269,29,Jogging,7655182231000,4.1,-6.66,3.4868089999999996
74270,29,Jogging,7655232280000,12.83,6.05,-0.88532263
74271,29,Jogging,7655282329000,19.57,19.53,0.61291564
74272,29,Jogging,7655332439000,8.62,17.43,9.615966
74273,29,Jogging,7655382152000,6.24,5.28,-3.7592160000000003
74274,29,Jogging,7655432902000,-2.72,2.15,-5.8976107
74275,29,Jogging,7655432902000,-2.72,2.15,-5.8976107
74277,29,Jogging,7655562785000,-0.95,0.95,-1.56634
74278,29,Jogging,7655622142000,0.72,9.43,-3.1054392
74279,29,Jogging,7655672404000,5.48,19.57,-7.7363577
74280,29,Jogging,7655722240000,13.59,19.57,-5.5162406
74281,29,Jogging,7655772410000,18.62,17.69,-5.8567495
74282,29,Jogging,7655832255000,16.28,2.53,-2.8330324
74283,29,Jogging,7655892284000,6.63,-6.43,2.9556155
74284,29,Jogging,7655942271000,4.37,-6.47,-0.42223078
74285,29,Jogging,7655992290000,14.82,7.74,-1.607201
74286,29,Jogging,7656042247000,19.34,19.57,-2.3018389
74287,29,Jogging,7656092265000,10.65,14.94,10.61025
74288,29,Jogging,7656142253000,4.21,6.21,-3.6366330000000002
74289,29,Jogging,7656192302000,-3.76,0.95,-6.2789803
74290,29,Jogging,7656242229000,-2.68,-1.88,-3.336985
74291,29,Jogging,7656292399000,-1.88,-1.08,-4.944186
74292,29,Jogging,7656342265000,-1.33,2.3,-0.88532263
74293,29,Jogging,7656392284000,-0.84,16.7,-4.018002500000001
74294,29,Jogging,7656442241000,10.69,19.57,-5.8567495
74295,29,Jogging,7656492259000,19.11,19.11,-5.0531489999999994
74296,29,Jogging,7656542277000,18.96,4.75,10.079058
74297,29,Jogging,7656592296000,14.82,-1.27,0.040861044
74298,29,Jogging,7656642131000,5.56,-3.87,1.2258313
74299,29,Jogging,7656696483000,1.8,-4.02,-1.334794
74300,29,Jogging,7656696483000,1.8,-4.02,-1.334794
74303,29,Jogging,7656862895000,10.0,8.62,12.14935
74304,29,Jogging,7656912150000,1.04,7.16,-5.325556
74305,29,Jogging,7656962230000,-2.6,0.31,-4.7535014
74306,29,Jogging,7657012218000,-1.38,-1.84,-4.018002500000001
74307,29,Jogging,7657062266000,-0.65,0.99,-3.173541
74308,29,Jogging,7657113048000,0.11,9.72,-1.4573771999999998
74309,29,Jogging,7657113048000,0.11,9.72,-1.4573771999999998
74311,29,Jogging,7657293468000,13.91,8.5,5.706926
74312,29,Jogging,7657342174000,12.41,0.61,-0.46309182
74313,29,Jogging,7657342174000,12.41,0.61,-0.46309182
74316,29,Jogging,7657522227000,19.08,19.57,0.313268
74317,29,Jogging,7657522227000,19.08,19.57,0.313268
74318,29,Jogging,7657622172000,7.31,5.24,-2.9556155
74319,29,Jogging,7657622172000,7.31,5.24,-2.9556155
74320,29,Jogging,7657672282000,-1.88,4.71,-5.8158884
74323,29,Jogging,7657833110000,0.11,6.05,-2.982856
74322,29,Jogging,7657833110000,0.11,6.05,-2.982856
74324,29,Jogging,7657932170000,10.99,19.57,-6.428804
74325,29,Jogging,7657982402000,17.01,19.23,-4.440233
74326,29,Jogging,7658032237000,15.02,9.43,8.894086999999999
74329,29,Jogging,7658082286000,14.9,1.54,0.3405087
74327,29,Jogging,7658082286000,14.9,1.54,0.3405087
74328,29,Jogging,7658082286000,14.9,1.54,0.3405087
74331,29,Jogging,7658262248000,18.54,14.1,2.4108016
74332,29,Jogging,7658262248000,18.54,14.1,2.4108016
74333,29,Jogging,7658362224000,10.42,7.55,-0.46309182
74334,29,Jogging,7658412303000,3.41,6.74,-6.5513873
74335,29,Jogging,7658462535000,-2.87,1.95,-6.170017700000001
74336,29,Jogging,7658512218000,-1.95,-2.53,-1.8387468999999996
74337,29,Jogging,7658562663000,-0.89,-0.65,-0.46309182
74338,29,Jogging,7658612254000,-2.26,6.85,-1.7570249
74339,29,Jogging,7658662242000,0.95,18.16,-6.782933
74340,29,Jogging,7658712291000,13.59,19.57,-5.7886477
74341,29,Jogging,7658762218000,18.66,18.96,-5.5571017
74342,29,Jogging,7658812297000,19.5,7.67,3.3778462
74343,29,Jogging,7658862224000,11.99,-0.53,-2.0294318
74344,29,Jogging,7658912211000,3.91,-6.85,0.88532263
74345,29,Jogging,7658962230000,2.3,-3.79,0.040861044
74346,29,Jogging,7659012309000,16.04,9.38,-2.4516625
74347,29,Jogging,7659062205000,19.42,19.57,-3.4050870000000004
74348,29,Jogging,7659112315000,7.25,13.14,11.304889
74349,29,Jogging,7659162273000,0.15,4.18,-4.5628166
74350,29,Jogging,7659212291000,-3.15,-1.8,-3.9499009
74351,29,Jogging,7659262248000,0.57,-2.3,-4.140586
74352,29,Jogging,7659312266000,-0.04,0.93,-2.8330324
74353,29,Jogging,7659362224000,2.07,11.14,-3.336985
74354,29,Jogging,7659412273000,7.06,19.57,-6.633109599999999
74355,29,Jogging,7659462230000,10.73,16.55,-4.290409599999999
74356,29,Jogging,7659512279000,10.8,12.95,-3.9090397000000006
74357,29,Jogging,7659562205000,17.69,5.94,3.4459480000000005
74358,29,Jogging,7659612285000,9.15,-0.08,-0.84446156
74359,29,Jogging,7659662212000,4.02,-7.93,6.851035
74360,29,Jogging,7659712291000,8.77,2.49,-1.2666923
74361,29,Jogging,7659762248000,19.53,18.54,2.152015
74362,29,Jogging,7659812297000,13.72,18.92,6.3607025
74363,29,Jogging,7659862254000,7.74,5.18,-3.4459480000000005
74364,29,Jogging,7659912273000,-1.53,3.3,-6.0882955
74365,29,Jogging,7659962199000,-3.76,-1.33,-3.5276701
74366,29,Jogging,7660012309000,-1.95,-1.65,-0.46309182
74367,29,Jogging,7660062266000,-1.46,3.45,-1.8796080000000002
74368,29,Jogging,7660112315000,2.11,16.04,-5.434519
74369,29,Jogging,7660162212000,9.51,19.57,-7.246025
74370,29,Jogging,7660212260000,16.7,19.57,-3.7183550000000003
74372,29,Jogging,7660262218000,15.13,14.94,3.1054392
74371,29,Jogging,7660262218000,15.13,14.94,3.1054392
74373,29,Jogging,7660362132000,7.86,-4.71,0.7218784
74375,29,Jogging,7660412242000,4.94,-6.78,1.1849703
74374,29,Jogging,7660412242000,4.94,-6.78,1.1849703
74376,29,Jogging,7660512248000,17.54,17.62,0.46309182
74377,29,Jogging,7660562327000,15.32,18.43,3.4459480000000005
74378,29,Jogging,7660562327000,15.32,18.43,3.4459480000000005
74379,29,Jogging,7660622813000,2.18,6.74,-4.5219555
74380,29,Jogging,7660672862000,-3.57,-0.46,-4.9850473
74381,29,Jogging,7660722789000,-0.65,-2.87,-4.5900574
74382,29,Jogging,7660772838000,-0.91,0.57,-4.3993720000000005
74383,29,Jogging,7660822795000,-2.11,5.05,-0.9942854
74384,29,Jogging,7660872813000,-1.88,18.09,-5.597963
74385,29,Jogging,7660922801000,9.96,19.57,-7.3141264999999995
74386,29,Jogging,7660972880000,16.51,19.5,-5.012288
74387,29,Jogging,7661022838000,19.53,5.41,6.633109599999999
74388,29,Jogging,7661072856000,12.91,-1.84,-0.9942854
74389,29,Jogging,7661122783000,6.28,-7.46,2.0294318
74390,29,Jogging,7661172862000,4.75,-3.72,-1.2666923
