,user,label,timestamp,x,y,z
75524,29,Jogging,7717582286000,3.57,18.77,-4.3993720000000005
75525,29,Jogging,7717632274000,13.18,19.57,-7.4639505999999995
75526,29,Jogging,7717682384000,14.18,17.67,-6.633109599999999
75527,29,Jogging,7717732280000,17.73,9.38,3.0645783
75528,29,Jogging,7717782268000,7.46,-2.72,0.61291564
75529,29,Jogging,7717832255000,8.39,-12.87,7.6273947
75530,29,Jogging,7717882335000,7.35,1.46,-0.8036005
75532,29,Jogging,7718042308000,7.55,3.21,-0.38136974
75533,29,Jogging,7718172160000,-2.6,-1.38,-0.38136974
75535,29,Jogging,7718172160000,-2.6,-1.38,-0.38136974
75534,29,Jogging,7718172160000,-2.6,-1.38,-0.38136974
75538,29,Jogging,7718282237000,4.02,13.21,-10.18802
75539,29,Jogging,7718343669000,7.93,19.27,-8.267551
75540,29,Jogging,7718392222000,13.63,17.31,-2.5606253
75541,29,Jogging,7718442271000,14.63,10.61,7.5456724
75542,29,Jogging,7718492198000,12.37,4.67,-1.2666923
75543,29,Jogging,7718542247000,6.93,-1.84,-1.8796080000000002
75544,29,Jogging,7718592296000,2.6,-5.43,2.6014863999999998
75545,29,Jogging,7718642253000,10.34,1.54,-0.8036005
75546,29,Jogging,7718693736000,19.57,17.67,-0.040861044
75547,29,Jogging,7718742229000,14.18,19.38,1.1849703
75548,29,Jogging,7718792277000,3.87,6.59,5.243834
75549,29,Jogging,7718842235000,-0.99,3.57,-5.7886477
75550,29,Jogging,7718892253000,-2.91,-1.46,-2.7513103
75551,29,Jogging,7718942271000,-1.08,0.04,-2.6014863999999998
75552,29,Jogging,7718992229000,-1.08,3.15,-2.7240696
75553,29,Jogging,7719043681000,4.86,17.69,-5.284695
75554,29,Jogging,7719092204000,8.77,19.5,-4.290409599999999
75555,29,Jogging,7719142284000,14.18,19.0,-2.2609777
75556,29,Jogging,7719192241000,14.21,13.02,4.3993720000000005
75557,29,Jogging,7719242229000,12.91,5.83,-0.9942854
75558,29,Jogging,7719292247000,7.25,-0.95,-0.95342433
75559,29,Jogging,7719342265000,3.49,-6.05,5.0531489999999994
75560,29,Jogging,7719392131000,6.02,-0.08,-0.10896278
75562,29,Jogging,7719443400000,18.47,15.83,1.8796080000000002
75561,29,Jogging,7719443400000,18.47,15.83,1.8796080000000002
75563,29,Jogging,7719512248000,11.69,16.36,9.80665
75566,29,Jogging,7719672221000,-1.42,-2.87,-3.7183550000000003
75567,29,Jogging,7719772288000,2.15,11.96,-3.0237172
75569,29,Jogging,7719822185000,0.38,19.57,-3.214402
75568,29,Jogging,7719822185000,0.38,19.57,-3.214402
75570,29,Jogging,7719822185000,0.38,19.57,-3.214402
75573,29,Jogging,7719982127000,16.78,2.87,4.4810944
75574,29,Jogging,7720032146000,8.5,-1.23,-1.1849703
75577,29,Jogging,7720202708000,18.66,19.57,-2.8330324
75578,29,Jogging,7720302287000,4.14,8.81,-5.1348709999999995
75579,29,Jogging,7720352244000,-1.33,1.54,-7.504811999999999
75580,29,Jogging,7720402202000,-0.99,-0.8,-8.539958
75581,29,Jogging,7720402202000,-0.99,-0.8,-8.539958
75582,29,Jogging,7720502208000,-0.5,7.01,-3.4868089999999996
75583,29,Jogging,7720502208000,-0.5,7.01,-3.4868089999999996
75584,29,Jogging,7720602153000,9.38,18.77,-2.3018389
75585,29,Jogging,7720602153000,9.38,18.77,-2.3018389
75586,29,Jogging,7720654613000,19.53,19.57,-13.143635999999999
75589,29,Jogging,7720822246000,8.66,-9.62,3.3778462
75590,29,Jogging,7720872203000,11.35,3.99,-1.0760075
75591,29,Jogging,7720922160000,19.53,19.5,2.3426998
75592,29,Jogging,7720972270000,13.29,18.16,7.3141264999999995
75593,29,Jogging,7721022319000,4.21,4.6,-3.3642258999999997
75594,29,Jogging,7721072307000,-3.49,2.07,-6.66035
75595,29,Jogging,7721122325000,-3.83,-1.31,-3.7864565999999997
75596,29,Jogging,7721182262000,-1.53,1.31,-2.1111538
75597,29,Jogging,7721232249000,-3.91,10.38,-2.6014863999999998
75598,29,Jogging,7721282268000,-1.18,19.53,-4.944186
75599,29,Jogging,7721332255000,13.38,19.57,-5.012288
75600,29,Jogging,7721382335000,19.57,19.15,-5.7886477
75601,29,Jogging,7721432231000,17.73,-3.21,14.941522
75602,29,Jogging,7721432231000,17.73,-3.21,14.941522
75603,29,Jogging,7721503673000,8.58,-0.8,-1.56634
75605,29,Jogging,7721672160000,19.57,19.57,-1.9204689999999998
75606,29,Jogging,7721722636000,9.04,12.79,10.732834
75607,29,Jogging,7721772227000,3.02,7.46,-3.7183550000000003
75608,29,Jogging,7721822276000,-3.15,1.33,-4.7943625
75609,29,Jogging,7721872233000,-2.11,-2.34,-3.0237172
75610,29,Jogging,7721922282000,-1.04,1.33,-2.3699405
75611,29,Jogging,7721972240000,0.42,11.22,-4.7126402999999994
75612,29,Jogging,7722022288000,6.97,19.57,-4.1814466
75613,29,Jogging,7722072246000,14.63,19.53,-3.3642258999999997
75614,29,Jogging,7722122295000,10.34,14.56,2.5606253
75615,29,Jogging,7722172282000,13.18,10.27,-1.525479
75616,29,Jogging,7722222331000,10.57,-1.31,-0.7218784
75617,29,Jogging,7722272227000,9.81,-9.77,4.290409599999999
75618,29,Jogging,7722322276000,7.44,-2.07,-0.61291564
75619,29,Jogging,7722372233000,18.58,14.63,-0.53119355
75620,29,Jogging,7722422282000,18.62,19.57,-6.5105260000000005
75621,29,Jogging,7722472240000,4.29,11.35,9.112013000000001
75622,29,Jogging,7722522258000,-0.84,5.05,-5.5571017
75623,29,Jogging,7722572124000,-3.15,-2.3,-4.3312707
75624,29,Jogging,7722622539000,-0.42,-2.22,-2.8738932999999998
75625,29,Jogging,7722672771000,-0.46,0.76,-2.3426998
75628,29,Jogging,7722782329000,4.99,19.57,-4.7126402999999994
75627,29,Jogging,7722782329000,4.99,19.57,-4.7126402999999994
75629,29,Jogging,7722882365000,16.28,13.95,-4.862464
75630,29,Jogging,7722932262000,16.74,3.87,2.5606253
75631,29,Jogging,7722932262000,16.74,3.87,2.5606253
75632,29,Jogging,7723004802000,7.78,-2.41,-0.95342433
75634,29,Jogging,7723113170000,16.02,7.27,-1.7978859
75635,29,Jogging,7723163493000,18.66,19.57,0.50395286
75636,29,Jogging,7723222209000,11.88,13.59,9.80665
75637,29,Jogging,7723272227000,-0.23,4.9,-4.3993720000000005
75638,29,Jogging,7723322429000,-2.14,-2.07,-5.706926
75639,29,Jogging,7723382304000,0.89,-3.64,-6.2789803
75640,29,Jogging,7723442271000,-0.04,2.11,-3.1463002999999996
75641,29,Jogging,7723492198000,0.57,14.67,-2.6423476000000004
75642,29,Jogging,7723542277000,9.7,19.57,-4.7943625
75643,29,Jogging,7723592204000,14.75,18.81,-4.3993720000000005
75644,29,Jogging,7723642284000,16.4,10.65,3.4868089999999996
75645,29,Jogging,7723692210000,15.51,5.13,-3.5685309999999997
75646,29,Jogging,7723742290000,8.66,-4.21,-0.10896278
75647,29,Jogging,7723792583000,7.06,-6.59,5.8567495
75648,29,Jogging,7723842235000,11.69,5.01,-1.8387468999999996
75649,29,Jogging,7723892253000,17.62,19.42,0.27240697
75650,29,Jogging,7723942271000,8.5,17.97,11.182305
75651,29,Jogging,7723992198000,8.92,5.9,-3.7592160000000003
75654,29,Jogging,7724043132000,-1.53,3.99,-8.430995
75653,29,Jogging,7724043132000,-1.53,3.99,-8.430995
75652,29,Jogging,7724043132000,-1.53,3.99,-8.430995
75658,29,Jogging,7724253429000,-1.99,16.51,-3.7864565999999997
75657,29,Jogging,7724253429000,-1.99,16.51,-3.7864565999999997
75659,29,Jogging,7724352244000,16.51,19.04,-6.3198414000000005
75661,29,Jogging,7724402324000,18.81,10.46,-0.53119355
75660,29,Jogging,7724402324000,18.81,10.46,-0.53119355
75662,29,Jogging,7724462260000,13.82,-0.89,-4.372132
75664,29,Jogging,7724512218000,6.24,-5.41,2.1111538
75663,29,Jogging,7724512218000,6.24,-5.41,2.1111538
75665,29,Jogging,7724562327000,4.52,-1.84,-0.61291564
75668,29,Jogging,7724742290000,4.86,9.66,-1.8796080000000002
75669,29,Jogging,7724742290000,4.86,9.66,-1.8796080000000002
75671,29,Jogging,7724932384000,-0.89,1.61,-2.2609777
75672,29,Jogging,7724982249000,6.36,16.78,-5.597963
75673,29,Jogging,7725032207000,12.11,19.46,-6.3198414000000005
75674,29,Jogging,7725082316000,10.57,13.38,-2.3699405
75675,29,Jogging,7725132274000,14.48,11.8,4.903325
75676,29,Jogging,7725182292000,12.18,6.09,2.6423476000000004
75677,29,Jogging,7725232249000,9.08,-0.69,-2.3699405
75678,29,Jogging,7725282298000,19.46,19.57,-1.4165162
75680,29,Jogging,7725433543000,19.46,19.57,-1.4165162
75679,29,Jogging,7725433543000,19.46,19.57,-1.4165162
75681,29,Jogging,7725433543000,19.46,19.57,-1.4165162
75683,29,Jogging,7725482249000,11.11,9.53,7.4639505999999995
75682,29,Jogging,7725482249000,11.11,9.53,7.4639505999999995
75684,29,Jogging,7725533427000,2.96,8.01,-5.625203599999999
75686,29,Jogging,7725632152000,-2.83,-1.5,-3.7864565999999997
75687,29,Jogging,7725703136000,-2.41,2.07,0.8036005
75688,29,Jogging,7725703136000,-2.41,2.07,0.8036005
75691,29,Jogging,7725822185000,9.89,19.53,-6.3607025
75692,29,Jogging,7725922435000,18.54,9.28,4.4810944
75694,29,Jogging,7725922435000,18.54,9.28,4.4810944
75693,29,Jogging,7725922435000,18.54,9.28,4.4810944
75695,29,Jogging,7725972331000,16.02,-1.88,3.7864565999999997
75697,29,Jogging,7726152171000,19.53,17.01,-2.2609777
75698,29,Jogging,7726212138000,11.99,17.62,5.47538
75699,29,Jogging,7726262218000,4.44,7.74,-1.6480621
75700,29,Jogging,7726312358000,-2.03,1.84,-6.66035
75701,29,Jogging,7726362254000,-2.07,-1.88,-4.5900574
75702,29,Jogging,7726412334000,-1.31,-0.99,-2.8738932999999998
75703,29,Jogging,7726472240000,-0.8,10.34,-1.0760075
75704,29,Jogging,7726522288000,0.27,19.31,-1.9885708
75705,29,Jogging,7726572124000,14.44,19.57,-6.5922484
75706,29,Jogging,7726622172000,16.63,18.12,-3.0645783
75707,29,Jogging,7726622172000,16.63,18.12,-3.0645783
75712,29,Jogging,7726902141000,18.2,19.57,-3.7592160000000003
75713,29,Jogging,7726902141000,18.2,19.57,-3.7592160000000003
75715,29,Jogging,7726952281000,7.97,13.4,7.3141264999999995
75714,29,Jogging,7726952281000,7.97,13.4,7.3141264999999995
75717,29,Jogging,7727092113000,-3.26,-0.65,-5.284695
75718,29,Jogging,7727152141000,-0.34,-3.34,-2.3699405
75719,29,Jogging,7727202373000,0.46,4.75,-0.14982383
75720,29,Jogging,7727202373000,0.46,4.75,-0.14982383
75721,29,Jogging,7727302440000,10.19,19.15,-5.5162406
75722,29,Jogging,7727352275000,12.41,15.64,-4.372132
75723,29,Jogging,7727402324000,18.05,7.74,8.117727
75724,29,Jogging,7727402324000,18.05,7.74,8.117727
75727,29,Jogging,7727592601000,13.53,5.71,-1.1168685
75728,29,Jogging,7727642833000,17.39,19.57,0.313268
75730,29,Jogging,7727692241000,7.7,17.12,7.7363577
75729,29,Jogging,7727692241000,7.7,17.12,7.7363577
75731,29,Jogging,7727792125000,-2.64,2.49,-7.04172
75732,29,Jogging,7727848582000,-2.79,-2.64,-3.1054392
75734,29,Jogging,7727848582000,-2.79,-2.64,-3.1054392
75735,29,Jogging,7727848582000,-2.79,-2.64,-3.1054392
75733,29,Jogging,7727848582000,-2.79,-2.64,-3.1054392
75738,29,Jogging,7728112376000,16.17,15.75,-4.903325
75740,29,Jogging,7728112376000,16.17,15.75,-4.903325
75739,29,Jogging,7728112376000,16.17,15.75,-4.903325
75741,29,Jogging,7728112376000,16.17,15.75,-4.903325
75742,29,Jogging,7728162273000,16.32,5.79,7.246025
75745,29,Jogging,7728392192000,17.27,19.57,-3.8681788
75744,29,Jogging,7728392192000,17.27,19.57,-3.8681788
75746,29,Jogging,7728492198000,3.87,7.5,-5.5571017
75747,29,Jogging,7728542247000,-2.64,1.5,-6.66035
75748,29,Jogging,7728592509000,-2.26,-2.11,-2.2201166000000003
75749,29,Jogging,7728642314000,0.08,0.38,2.9147543999999996
75750,29,Jogging,7728692363000,-0.91,8.2,-0.9125633
75751,29,Jogging,7728742137000,2.34,19.57,-7.8589406
75752,29,Jogging,7728795390000,11.35,19.5,-3.6774937999999993
75753,29,Jogging,7728795390000,11.35,19.5,-3.6774937999999993
75755,29,Jogging,7728902293000,16.02,3.11,9.697687
75757,29,Jogging,7728952739000,12.03,-0.27,-0.38136974
75756,29,Jogging,7728952739000,12.03,-0.27,-0.38136974
