,user,label,timestamp,x,y,z
76653,29,Jogging,7773242381000,4.21,0.23,0.92618364
76656,29,Jogging,7773402537000,10.19,15.21,-1.0351465
76655,29,Jogging,7773402537000,10.19,15.21,-1.0351465
76657,29,Jogging,7773502299000,11.96,5.33,5.325556
76658,29,Jogging,7773552257000,7.46,-0.3,-0.9942854
76659,29,Jogging,7773602275000,4.86,-7.04,4.440233
76660,29,Jogging,7773662273000,12.76,7.46,-0.08172209
76661,29,Jogging,7773712199000,18.7,19.57,2.7240696
76662,29,Jogging,7773762248000,11.5,14.75,0.50395286
76663,29,Jogging,7773812205000,7.44,5.71,-1.56634
76664,29,Jogging,7773862254000,-0.23,5.13,-6.170017700000001
76665,29,Jogging,7773912242000,-4.02,-0.89,-5.202973
76666,29,Jogging,7773962230000,1.54,-1.08,2.8330324
76668,29,Jogging,7774012370000,-3.95,5.28,1.1849703
76667,29,Jogging,7774012370000,-3.95,5.28,1.1849703
76670,29,Jogging,7774112132000,11.99,19.19,-7.9679036
76669,29,Jogging,7774112132000,11.99,19.19,-7.9679036
76671,29,Jogging,7774172832000,12.76,15.83,-0.46309182
76675,29,Jogging,7774292125000,7.67,-0.99,-0.88532263
76674,29,Jogging,7774292125000,7.67,-0.99,-0.88532263
76679,29,Jogging,7774502177000,10.19,16.21,4.9850473
76680,29,Jogging,7774502177000,10.19,16.21,4.9850473
76678,29,Jogging,7774502177000,10.19,16.21,4.9850473
76682,29,Jogging,7774712993000,1.14,-2.91,-0.9125633
76684,29,Jogging,7774762370000,-1.88,8.05,0.8036005
76683,29,Jogging,7774762370000,-1.88,8.05,0.8036005
76685,29,Jogging,7774862346000,13.1,19.57,-5.7477865
76686,29,Jogging,7774912303000,16.17,19.11,-3.4868089999999996
76687,29,Jogging,7774962321000,16.66,5.71,13.443283
76689,29,Jogging,7775012248000,14.71,1.23,-0.6537767
76688,29,Jogging,7775012248000,14.71,1.23,-0.6537767
76690,29,Jogging,7775082744000,6.05,-5.24,3.1463002999999996
76692,29,Jogging,7775192241000,18.43,19.57,-3.1054392
76693,29,Jogging,7775242839000,6.4,16.36,8.662541000000001
76694,29,Jogging,7775292155000,1.18,6.24,-3.336985
76698,29,Jogging,7775353221000,-3.41,3.87,-6.823794400000001
76696,29,Jogging,7775353221000,-3.41,3.87,-6.823794400000001
76695,29,Jogging,7775353221000,-3.41,3.87,-6.823794400000001
76697,29,Jogging,7775353221000,-3.41,3.87,-6.823794400000001
76701,29,Jogging,7775612804000,19.0,19.57,-8.267551
76700,29,Jogging,7775612804000,19.0,19.57,-8.267551
76703,29,Jogging,7775712352000,17.73,-1.46,8.19945
76704,29,Jogging,7775712352000,17.73,-1.46,8.19945
76702,29,Jogging,7775712352000,17.73,-1.46,8.19945
76706,29,Jogging,7775873180000,9.53,3.87,-0.46309182
76707,29,Jogging,7775922954000,16.66,19.53,-0.53119355
76708,29,Jogging,7775972392000,12.87,15.51,5.829509
76709,29,Jogging,7776022258000,6.17,8.24,-4.7535014
76710,29,Jogging,7776072276000,-2.22,3.99,-5.5162406
76711,29,Jogging,7776122264000,-1.57,-3.34,-7.1234417
76712,29,Jogging,7776172282000,-0.3,-1.99,-5.407278
76713,29,Jogging,7776222270000,-2.49,4.99,-2.8738932999999998
76714,29,Jogging,7776272258000,-0.11,18.39,-2.5333846
76715,29,Jogging,7776322246000,9.51,19.57,-3.4868089999999996
76716,29,Jogging,7776373485000,19.42,19.46,-4.5219555
76721,29,Jogging,7776662456000,16.55,19.57,-1.1441092
76722,29,Jogging,7776712260000,5.24,14.33,9.697687
76723,29,Jogging,7776712260000,5.24,14.33,9.697687
76725,29,Jogging,7776872172000,-3.57,-4.99,1.2666923
76726,29,Jogging,7776872172000,-3.57,-4.99,1.2666923
76727,29,Jogging,7776972270000,1.65,11.41,-5.666064700000001
76728,29,Jogging,7777022288000,7.44,19.57,-9.765789
76729,29,Jogging,7777072246000,13.53,18.2,-2.4108016
76730,29,Jogging,7777122264000,15.75,13.63,-3.5957718
76732,29,Jogging,7777172221000,14.98,2.18,2.0294318
76733,29,Jogging,7777172221000,14.98,2.18,2.0294318
76731,29,Jogging,7777172221000,14.98,2.18,2.0294318
76735,29,Jogging,7777382243000,17.77,17.39,0.38136974
76736,29,Jogging,7777382243000,17.77,17.39,0.38136974
76737,29,Jogging,7777482310000,8.35,8.31,0.53119355
76738,29,Jogging,7777482310000,8.35,8.31,0.53119355
76739,29,Jogging,7777582286000,-4.48,-1.5,-3.0237172
76740,29,Jogging,7777632365000,-1.57,-2.83,-1.1168685
76741,29,Jogging,7777632365000,-1.57,-2.83,-1.1168685
76743,29,Jogging,7777742229000,0.27,18.66,-3.9771416
76742,29,Jogging,7777742229000,0.27,18.66,-3.9771416
76744,29,Jogging,7777842235000,17.54,18.85,-3.6366330000000002
76745,29,Jogging,7777842235000,17.54,18.85,-3.6366330000000002
76746,29,Jogging,7777942210000,11.45,0.23,-1.4165162
76747,29,Jogging,7777942210000,11.45,0.23,-1.4165162
76748,29,Jogging,7777992259000,6.21,-5.2,1.7978859
76750,29,Jogging,7778092204000,16.86,13.25,1.3756552
76749,29,Jogging,7778092204000,16.86,13.25,1.3756552
76751,29,Jogging,7778142314000,18.85,19.57,-7.2732660000000005
76752,29,Jogging,7778192241000,7.12,13.48,9.152874
76753,29,Jogging,7778252482000,1.31,7.59,-5.243834
76754,29,Jogging,7778302165000,-4.82,-0.76,-4.630918
76756,29,Jogging,7778302165000,-4.82,-0.76,-4.630918
76755,29,Jogging,7778302165000,-4.82,-0.76,-4.630918
76759,29,Jogging,7778522349000,10.38,19.57,-8.539958
76760,29,Jogging,7778592265000,16.59,19.53,-3.4050870000000004
76761,29,Jogging,7778642284000,15.21,10.08,11.34575
76762,29,Jogging,7778692699000,12.34,-4.63,0.6946376999999999
76763,29,Jogging,7778742198000,4.21,-4.63,0.6946376999999999
76765,29,Jogging,7778742198000,4.21,-4.63,0.6946376999999999
76764,29,Jogging,7778742198000,4.21,-4.63,0.6946376999999999
76768,29,Jogging,7778934184000,15.05,17.92,3.9499009
76770,29,Jogging,7778982524000,1.54,7.35,-4.018002500000001
76769,29,Jogging,7778982524000,1.54,7.35,-4.018002500000001
76771,29,Jogging,7779083568000,-3.36,-2.53,-4.944186
76772,29,Jogging,7779132426000,-1.31,-1.42,-3.8273177000000005
76773,29,Jogging,7779183024000,-1.61,7.08,-2.9556155
76774,29,Jogging,7779233501000,-2.3,18.58,-2.4108016
76775,29,Jogging,7779283061000,11.73,19.57,-8.771504
76776,29,Jogging,7779332530000,19.15,19.31,-3.9771416
76777,29,Jogging,7779382182000,18.28,2.26,10.56939
76778,29,Jogging,7779434581000,13.82,-1.42,-0.27240697
76779,29,Jogging,7779434581000,13.82,-1.42,-0.27240697
76780,29,Jogging,7779492534000,5.63,-5.05,2.4516625
76783,29,Jogging,7779672191000,3.79,13.59,11.372991
76784,29,Jogging,7779742259000,-3.76,2.56,-6.170017700000001
76786,29,Jogging,7779845775000,-0.08,-2.14,-1.525479
76787,29,Jogging,7779902202000,-0.3,6.09,-1.0351465
76788,29,Jogging,7779952220000,0.27,18.81,-3.5685309999999997
76789,29,Jogging,7780002238000,16.25,19.57,-8.662541000000001
76790,29,Jogging,7780052257000,13.8,18.09,-2.8738932999999998
76791,29,Jogging,7780102336000,14.71,4.63,10.760075
76792,29,Jogging,7780162273000,10.88,-4.48,1.6480621
76793,29,Jogging,7780162273000,10.88,-4.48,1.6480621
76794,29,Jogging,7780233562000,3.49,-3.68,0.14982383
76797,29,Jogging,7780402202000,7.25,11.8,0.23154591
76798,29,Jogging,7780452251000,0.0,4.82,-4.9850473
76799,29,Jogging,7780502238000,-4.29,-0.46,-3.9771416
76800,29,Jogging,7780552440000,-2.79,-5.79,1.1849703
76801,29,Jogging,7780612285000,-2.11,4.18,-1.3075534
76802,29,Jogging,7780672252000,1.76,17.97,-5.666064700000001
76803,29,Jogging,7780722209000,12.37,19.57,-7.927042500000001
76804,29,Jogging,7780772258000,12.11,16.74,-3.7592160000000003
76805,29,Jogging,7780822215000,14.02,9.23,7.5456724
76806,29,Jogging,7780872233000,14.9,2.22,-2.070293
76807,29,Jogging,7780922221000,8.85,-4.99,1.3075534
76808,29,Jogging,7780972270000,5.52,-3.45,1.1168685
76809,29,Jogging,7781022227000,14.86,7.5,-2.3018389
76810,29,Jogging,7781072276000,18.2,19.57,-1.1849703
76811,29,Jogging,7781122508000,9.53,12.72,10.923519
76812,29,Jogging,7781172282000,4.56,8.01,-3.2552630000000002
76813,29,Jogging,7781222240000,-2.26,2.53,-4.862464
76814,29,Jogging,7781272288000,-2.68,-3.53,-2.9147543999999996
76815,29,Jogging,7781322215000,0.27,-0.57,-1.3756552
76816,29,Jogging,7781372264000,-1.14,6.7,-3.7183550000000003
76817,29,Jogging,7781422221000,4.48,19.53,-6.851035
76818,29,Jogging,7781472270000,10.95,18.66,-4.440233
76819,29,Jogging,7781522197000,12.49,17.67,-1.4573771999999998
76820,29,Jogging,7781572276000,16.4,7.59,10.079058
76821,29,Jogging,7781622233000,11.18,0.93,1.9204689999999998
76822,29,Jogging,7781672282000,6.05,-6.47,2.7921712000000003
76823,29,Jogging,7781722240000,4.21,-3.6,-0.84446156
76824,29,Jogging,7781772227000,16.55,11.3,1.56634
76825,29,Jogging,7781822276000,19.38,19.57,-4.0588636
76826,29,Jogging,7781872264000,10.15,12.95,5.2165932999999995
76827,29,Jogging,7781922221000,1.69,5.79,-3.5276701
76828,29,Jogging,7781972240000,-4.4,0.8,-6.891896000000001
76829,29,Jogging,7782022227000,-2.64,-1.88,-5.175732
76830,29,Jogging,7782072307000,-1.33,0.23,-3.1463002999999996
76831,29,Jogging,7782122417000,0.15,9.28,0.313268
76832,29,Jogging,7782122417000,0.15,9.28,0.313268
76833,29,Jogging,7782222392000,14.37,19.57,-7.205164
76834,29,Jogging,7782222392000,14.37,19.57,-7.205164
76839,29,Jogging,7782287883000,15.05,16.21,-2.1383946
76838,29,Jogging,7782287883000,15.05,16.21,-2.1383946
76837,29,Jogging,7782287883000,15.05,16.21,-2.1383946
76836,29,Jogging,7782287883000,15.05,16.21,-2.1383946
76835,29,Jogging,7782287883000,15.05,16.21,-2.1383946
76842,29,Jogging,7782630290000,7.59,13.33,6.701211
76845,29,Jogging,7782802257000,0.46,-1.14,-3.214402
76847,29,Jogging,7782902354000,-0.38,17.82,-4.3993720000000005
76846,29,Jogging,7782902354000,-0.38,17.82,-4.3993720000000005
76848,29,Jogging,7783002208000,15.43,19.31,-4.0588636
76849,29,Jogging,7783002208000,15.43,19.31,-4.0588636
76850,29,Jogging,7783052379000,17.39,9.58,4.372132
76851,29,Jogging,7783102214000,17.62,-5.13,7.5456724
76852,29,Jogging,7783102214000,17.62,-5.13,7.5456724
76854,29,Jogging,7783282207000,16.82,19.34,1.0760075
76855,29,Jogging,7783282207000,16.82,19.34,1.0760075
76856,29,Jogging,7783382213000,8.24,8.85,-2.982856
76857,29,Jogging,7783432292000,-1.57,4.52,-5.706926
76858,29,Jogging,7783482249000,-4.9,-2.18,-2.4925237
76859,29,Jogging,7783532268000,-1.12,-4.29,-0.6537767
76860,29,Jogging,7783582255000,-0.95,2.49,-2.1792557
76861,29,Jogging,7783632213000,6.13,17.16,-7.3549875999999985
76862,29,Jogging,7783682231000,9.96,18.66,-8.390134
76863,29,Jogging,7783732310000,10.69,13.4,-2.2609777
76864,29,Jogging,7783782237000,16.36,5.67,11.141444
76865,29,Jogging,7783832286000,11.22,5.09,2.8738932999999998
76866,29,Jogging,7783882213000,7.78,-2.53,-1.334794
76867,29,Jogging,7783932292000,6.97,-6.78,3.6774937999999993
76868,29,Jogging,7783982249000,14.56,8.2,-1.2258313
76869,29,Jogging,7784032237000,18.73,19.57,-3.0645783
76870,29,Jogging,7784082225000,7.31,15.13,4.8216033
76871,29,Jogging,7784132304000,10.19,5.24,-0.95342433
76873,29,Jogging,7784182109000,-2.53,4.99,-4.0588636
76872,29,Jogging,7784182109000,-2.53,4.99,-4.0588636
76874,29,Jogging,7784243053000,-3.68,-1.84,-2.9147543999999996
76875,29,Jogging,7784243053000,-3.68,-1.84,-2.9147543999999996
76876,29,Jogging,7784312266000,0.46,2.34,-2.982856
76878,29,Jogging,7784423869000,10.19,19.53,-5.5162406
76879,29,Jogging,7784482493000,14.29,18.12,-1.607201
76880,29,Jogging,7784532237000,13.33,9.28,9.152874
76882,29,Jogging,7784582286000,11.8,1.69,0.38136974
76881,29,Jogging,7784582286000,11.8,1.69,0.38136974
