,user,label,timestamp,x,y,z
86697,29,Jogging,8355572215000,4.6,17.47,-5.407278
86698,29,Jogging,8355622233000,9.85,19.57,-4.3993720000000005
86699,29,Jogging,8355672252000,15.98,18.66,-3.1463002999999996
86700,29,Jogging,8355722270000,13.87,5.01,7.055340299999999
86701,29,Jogging,8355772197000,9.7,0.34,2.9556155
86702,29,Jogging,8355822276000,5.41,-2.56,2.9147543999999996
86703,29,Jogging,8355872233000,3.06,-0.11,0.8036005
86704,29,Jogging,8355922282000,15.51,14.25,3.1054392
86705,29,Jogging,8355972240000,17.62,19.57,4.440233
86706,29,Jogging,8356022288000,9.47,10.38,-3.2961242
86707,29,Jogging,8356072246000,0.89,4.29,-2.7240696
86708,29,Jogging,8356122264000,-3.91,1.33,-5.202973
86709,29,Jogging,8356172221000,0.99,-4.1,2.7921712000000003
86710,29,Jogging,8356222270000,3.06,0.99,-0.84446156
86711,29,Jogging,8356272197000,2.53,10.27,-4.099725
86712,29,Jogging,8356322276000,3.99,19.46,-5.8976107
86713,29,Jogging,8356372233000,8.31,16.36,-4.9850473
86714,29,Jogging,8356422282000,11.65,18.62,-2.3699405
86715,29,Jogging,8356472240000,16.36,6.02,5.706926
86716,29,Jogging,8356522227000,12.34,-0.08,3.0645783
86717,29,Jogging,8356572276000,5.52,-5.13,4.1814466
86718,29,Jogging,8356622233000,4.02,-0.61,-0.53119355
86719,29,Jogging,8356672252000,18.47,15.36,2.4108016
86720,29,Jogging,8356722270000,14.56,19.57,4.6036777
86721,29,Jogging,8356772197000,6.51,9.89,-3.4050870000000004
86722,29,Jogging,8356822276000,0.53,3.53,-3.7183550000000003
86723,29,Jogging,8356872203000,-4.48,0.0,-0.7218784
86724,29,Jogging,8356922282000,1.27,-3.41,1.9885708
86725,29,Jogging,8356972209000,4.37,0.19,-3.7183550000000003
86726,29,Jogging,8357022197000,5.56,14.44,-6.5105260000000005
86727,29,Jogging,8357072215000,8.58,19.57,-6.3198414000000005
86728,29,Jogging,8357122264000,7.44,15.6,-2.4516625
86729,29,Jogging,8357172221000,12.95,9.85,4.1814466
86730,29,Jogging,8357222270000,11.96,5.13,0.38136974
86731,29,Jogging,8357272197000,6.89,0.11,-1.9885708
86732,29,Jogging,8357323558000,5.75,-6.59,2.1111538
86733,29,Jogging,8357372203000,10.92,1.88,0.14982383
86734,29,Jogging,8357372203000,10.92,1.88,0.14982383
86735,29,Jogging,8357422313000,18.77,18.54,2.070293
86738,29,Jogging,8357482310000,9.11,17.35,9.466142
86737,29,Jogging,8357482310000,9.11,17.35,9.466142
86736,29,Jogging,8357482310000,9.11,17.35,9.466142
86740,29,Jogging,8357693156000,1.08,-1.23,-0.23154591
86741,29,Jogging,8357743327000,2.45,8.73,-4.1814466
86742,29,Jogging,8357792186000,5.48,19.57,-7.6273947
86743,29,Jogging,8357842296000,11.96,17.35,-4.3993720000000005
86744,29,Jogging,8357892314000,11.45,13.53,-0.9125633
86745,29,Jogging,8357942332000,13.72,5.6,-2.7921712000000003
86746,29,Jogging,8358002269000,7.31,-2.18,0.7627395
86747,29,Jogging,8358002269000,7.31,-2.18,0.7627395
86748,29,Jogging,8358073192000,2.98,-1.88,0.14982383
86751,29,Jogging,8358232829000,8.5,6.93,-3.1463002999999996
86752,29,Jogging,8358232829000,8.5,6.93,-3.1463002999999996
86753,29,Jogging,8358232829000,8.5,6.93,-3.1463002999999996
86754,29,Jogging,8358362163000,-1.69,-3.64,-0.61291564
86757,29,Jogging,8358482280000,1.04,14.06,-7.3141264999999995
86758,29,Jogging,8358533183000,10.0,19.57,-9.534244000000001
86759,29,Jogging,8358582316000,11.75,17.16,-3.7183550000000003
86760,29,Jogging,8358632274000,16.17,12.15,7.8589406
86761,29,Jogging,8358682231000,14.41,2.11,4.6036777
86762,29,Jogging,8358733836000,7.97,-2.68,0.14982383
86763,29,Jogging,8358782115000,3.3,-5.24,2.982856
86764,29,Jogging,8358835765000,11.99,8.47,-0.040861044
86765,29,Jogging,8358835765000,11.99,8.47,-0.040861044
86768,29,Jogging,8359062907000,-3.76,3.17,-4.3993720000000005
86769,29,Jogging,8359112285000,-1.8,-3.11,0.313268
86770,29,Jogging,8359162273000,0.8,-0.08,-0.8036005
86771,29,Jogging,8359212230000,1.18,9.3,-3.214402
86772,29,Jogging,8359262340000,4.56,19.57,-8.240311
86773,29,Jogging,8359322246000,14.48,18.66,-3.2961242
86774,29,Jogging,8359372203000,16.78,9.15,4.671779
86775,29,Jogging,8359422282000,12.83,1.5,4.290409599999999
86776,29,Jogging,8359472240000,8.12,-1.18,-0.08172209
86777,29,Jogging,8359522288000,2.49,-2.41,2.7240696
86778,29,Jogging,8359572276000,12.64,11.14,2.4516625
86779,29,Jogging,8359622295000,15.17,19.57,1.4982381999999999
86780,29,Jogging,8359672221000,8.16,14.06,-0.46309182
86781,29,Jogging,8359722270000,8.96,2.03,-2.1111538
86782,29,Jogging,8359772197000,-0.76,4.82,-9.152874
86783,29,Jogging,8359822276000,-1.5,-0.38,-5.5162406
86784,29,Jogging,8359872203000,0.99,-2.75,-0.7218784
86785,29,Jogging,8359922313000,-6.09,5.9,9.343558
86786,29,Jogging,8359972148000,2.6,12.49,-11.495573
86787,29,Jogging,8360022380000,5.52,19.57,-10.106297999999999
86788,29,Jogging,8360073161000,18.43,19.57,-7.586533500000001
86789,29,Jogging,8360073161000,18.43,19.57,-7.586533500000001
86790,29,Jogging,8360073161000,18.43,19.57,-7.586533500000001
86793,29,Jogging,8360253398000,3.06,-4.9,3.336985
86795,29,Jogging,8360402171000,14.9,18.54,-1.9204689999999998
86796,29,Jogging,8360402171000,14.9,18.54,-1.9204689999999998
86797,29,Jogging,8360502299000,-0.42,6.93,-3.4868089999999996
86798,29,Jogging,8360552318000,-4.14,-0.5,-2.3426998
86799,29,Jogging,8360602214000,-0.84,-2.53,-0.95342433
86800,29,Jogging,8360652293000,0.95,1.38,0.040861044
86801,29,Jogging,8360702220000,0.23,8.2,-2.9147543999999996
86802,29,Jogging,8360752269000,7.16,19.57,-9.575105
86803,29,Jogging,8360802226000,7.21,13.02,-4.3312707
86804,29,Jogging,8360802226000,7.21,13.02,-4.3312707
86805,29,Jogging,8360902202000,16.55,7.59,11.536434
86806,29,Jogging,8360952251000,14.37,0.0,2.5333846
86807,29,Jogging,8361002238000,6.02,-4.21,3.9499009
86808,29,Jogging,8361052287000,3.6,-0.61,-0.46309182
86809,29,Jogging,8361102214000,17.62,13.91,2.0294318
86810,29,Jogging,8361102214000,17.62,13.91,2.0294318
86812,29,Jogging,8361202251000,9.66,9.04,0.7218784
86811,29,Jogging,8361202251000,9.66,9.04,0.7218784
86813,29,Jogging,8361302257000,-4.1,2.64,-3.336985
86814,29,Jogging,8361352275000,-1.88,-2.53,-1.525479
86815,29,Jogging,8361402202000,0.46,1.92,-1.334794
86816,29,Jogging,8361452251000,-0.69,8.73,-4.2086873
86817,29,Jogging,8361502238000,4.06,19.5,-5.175732
86818,29,Jogging,8361502238000,4.06,19.5,-5.175732
86819,29,Jogging,8361602214000,12.53,15.75,-4.4810944
86820,29,Jogging,8361652354000,11.3,10.23,3.7183550000000003
86821,29,Jogging,8361702220000,11.03,-1.23,-0.27240697
86822,29,Jogging,8361752269000,5.98,-7.25,6.633109599999999
86823,29,Jogging,8361802287000,4.56,0.95,-1.1849703
86824,29,Jogging,8361802287000,4.56,0.95,-1.1849703
86825,29,Jogging,8361902232000,13.67,18.89,1.7570249
86826,29,Jogging,8361902232000,13.67,18.89,1.7570249
86827,29,Jogging,8362002208000,0.19,6.32,-3.8681788
86828,29,Jogging,8362052287000,-4.33,-0.99,-2.6423476000000004
86829,29,Jogging,8362102214000,-0.34,-2.18,-0.7627395
86830,29,Jogging,8362152263000,-0.23,2.83,-1.4573771999999998
86831,29,Jogging,8362202220000,0.76,12.49,-3.4050870000000004
86832,29,Jogging,8362252238000,6.51,19.57,-5.625203599999999
86833,29,Jogging,8362302226000,13.4,18.16,-4.018002500000001
86834,29,Jogging,8362302226000,13.4,18.16,-4.018002500000001
86835,29,Jogging,8362402324000,12.64,4.82,6.0474343
86836,29,Jogging,8362402324000,12.64,4.82,6.0474343
86839,29,Jogging,8362502299000,5.24,-7.31,5.47538
86840,29,Jogging,8362502299000,5.24,-7.31,5.47538
86837,29,Jogging,8362502299000,5.24,-7.31,5.47538
86838,29,Jogging,8362502299000,5.24,-7.31,5.47538
86841,29,Jogging,8362652843000,9.66,19.46,5.47538
86842,29,Jogging,8362652843000,9.66,19.46,5.47538
86844,29,Jogging,8362822154000,-2.98,-3.11,-0.27240697
86845,29,Jogging,8362872264000,1.12,-1.61,4.6036777
86846,29,Jogging,8362922252000,-1.57,3.41,-2.3018389
86847,29,Jogging,8362972362000,4.33,18.24,-9.00305
86848,29,Jogging,8363022258000,13.53,19.42,-5.5571017
86849,29,Jogging,8363072276000,12.45,16.44,-3.4050870000000004
86850,29,Jogging,8363122203000,6.05,12.22,10.991621
86851,29,Jogging,8363172282000,12.26,2.15,1.7297841
86852,29,Jogging,8363172282000,12.26,2.15,1.7297841
86853,29,Jogging,8363172282000,12.26,2.15,1.7297841
86855,29,Jogging,8363362193000,18.77,19.57,0.6537767
86856,29,Jogging,8363362193000,18.77,19.57,0.6537767
86857,29,Jogging,8363412395000,11.18,15.47,7.927042500000001
86858,29,Jogging,8363412395000,11.18,15.47,7.927042500000001
86861,29,Jogging,8363572185000,-3.53,-3.91,-0.84446156
86863,29,Jogging,8363622142000,1.42,-0.8,1.1441092
86862,29,Jogging,8363622142000,1.42,-0.8,1.1441092
86865,29,Jogging,8363792186000,12.91,16.17,-2.7240696
86866,29,Jogging,8363792186000,12.91,16.17,-2.7240696
86867,29,Jogging,8363892436000,13.14,4.94,4.903325
86868,29,Jogging,8363942302000,10.53,-0.42,-0.61291564
86869,29,Jogging,8363992320000,5.67,-5.24,5.9793324
86870,29,Jogging,8364042277000,7.35,2.45,-0.7627395
86871,29,Jogging,8364092296000,18.47,17.62,1.7297841
86872,29,Jogging,8364142253000,13.1,19.04,4.944186
86873,29,Jogging,8364192302000,7.21,6.55,-3.4868089999999996
86874,29,Jogging,8364242198000,0.19,5.9,-3.6774937999999993
86875,29,Jogging,8364292308000,-3.91,-0.76,-3.7864565999999997
86876,29,Jogging,8364342235000,-0.84,-2.37,-0.6946376999999999
86877,29,Jogging,8364392314000,-3.36,2.45,-1.1441092
86878,29,Jogging,8364442210000,2.64,13.25,-3.0645783
86879,29,Jogging,8364492290000,8.73,19.57,-7.7772183
86880,29,Jogging,8364542247000,16.02,18.58,-4.944186
86881,29,Jogging,8364592296000,15.05,8.85,0.10896278
86882,29,Jogging,8364642222000,14.1,1.08,0.23154591
86883,29,Jogging,8364692271000,7.63,-1.31,-1.4573771999999998
86884,29,Jogging,8364742198000,2.6,-4.18,4.440233
86885,29,Jogging,8364792308000,8.58,4.21,-0.9125633
86886,29,Jogging,8364842235000,19.57,19.15,0.42223078
86887,29,Jogging,8364892314000,7.63,15.98,8.62168
86888,29,Jogging,8364942149000,6.21,5.63,-2.3426998
86889,29,Jogging,8364942149000,6.21,5.63,-2.3426998
86890,29,Jogging,8364994975000,-0.84,4.06,-5.202973
86891,29,Jogging,8364994975000,-0.84,4.06,-5.202973
86893,29,Jogging,8365172313000,0.57,7.4,-4.018002500000001
86895,29,Jogging,8365172313000,0.57,7.4,-4.018002500000001
86894,29,Jogging,8365172313000,0.57,7.4,-4.018002500000001
86897,29,Jogging,8365352183000,16.44,3.21,5.625203599999999
86898,29,Jogging,8365402354000,9.28,-0.11,2.5333846
86899,29,Jogging,8365452251000,4.79,-3.57,0.08172209
86900,29,Jogging,8365502299000,3.76,-1.69,1.1168685
86901,29,Jogging,8365552257000,17.39,13.4,2.9147543999999996
86902,29,Jogging,8365602305000,16.78,19.57,5.829509
86903,29,Jogging,8365652202000,8.92,10.23,-2.0294318
86904,29,Jogging,8365702312000,2.64,6.09,-2.4108016
86905,29,Jogging,8365752208000,-3.64,3.17,-3.9771416
86906,29,Jogging,8365802318000,-1.57,-1.88,-1.7297841
86907,29,Jogging,8365852244000,2.18,1.65,-0.53119355
86908,29,Jogging,8365952373000,5.79,19.57,-4.8216033
86909,29,Jogging,8365952373000,5.79,19.57,-4.8216033
86910,29,Jogging,8366002391000,12.53,17.12,-2.8330324
86911,29,Jogging,8366052287000,17.27,14.79,3.6774937999999993
86912,29,Jogging,8366102367000,11.3,6.36,3.990762
86913,29,Jogging,8366162273000,6.74,-0.57,-1.9204689999999998
