,user,label,timestamp,x,y,z
818554,31,Jogging,24231381599000,3.3,1.61,-0.93
818555,31,Jogging,24231421608000,16.89,5.24,-3.41
818556,31,Jogging,24231461647000,19.95,18.09,9.85
818557,31,Jogging,24231501564000,8.24,18.35,13.78
818558,31,Jogging,24231581611000,-2.87,1.04,-9.04
818559,31,Jogging,24231621620000,-4.33,-0.72,-8.73
818560,31,Jogging,24231661659000,-3.76,0.57,-3.83
818561,31,Jogging,24231701576000,-3.17,4.52,0.91
818562,31,Jogging,24231741676000,0.53,7.86,-1.92
818563,31,Jogging,24231821724000,18.89,19.76,-10.69
818564,31,Jogging,24231861488000,19.95,13.91,-3.34
818565,31,Jogging,24231901558000,19.95,-1.61,3.79
818566,31,Jogging,24231981666000,12.95,-15.94,-0.08
818567,31,Jogging,24232021644000,6.43,-12.83,3.83
818568,31,Jogging,24232061928000,0.11,-4.94,0.27
818569,31,Jogging,24232103798000,2.53,4.94,-1.95
818570,31,Jogging,24232181648000,19.95,17.67,9.3
818571,31,Jogging,24232221687000,6.55,16.7,11.41
818572,31,Jogging,24232261665000,-0.5,6.09,-3.53
818573,31,Jogging,24232301674000,-5.43,4.94,-9.23
818574,31,Jogging,24232381477000,-5.6,0.69,-5.13
818575,31,Jogging,24232421669000,-4.02,2.45,0.34
818576,31,Jogging,24232461677000,-2.15,6.05,1.12
818577,31,Jogging,24232501594000,2.68,10.92,-6.05
818578,31,Jogging,24232581642000,19.95,19.0,-6.59
818579,31,Jogging,24232621467000,19.95,2.3,-2.49
818580,31,Jogging,24232661629000,17.16,-4.4,-1.88
818581,31,Jogging,24232701607000,18.24,-8.73,-0.93
818582,31,Jogging,24232751655000,11.69,-11.73,3.76
818583,31,Jogging,24232831489000,-0.38,1.73,0.57
818584,31,Jogging,24232871620000,7.63,11.5,-1.31
818585,31,Jogging,24232911751000,19.95,8.73,10.27
818586,31,Jogging,24232951668000,14.67,18.28,3.98
818587,31,Jogging,24232991524000,-1.57,12.95,1.57
818588,31,Jogging,24233071693000,-7.01,-0.11,-6.44
818589,31,Jogging,24233111793000,-5.52,-1.73,-3.38
818590,31,Jogging,24233151649000,-3.99,1.04,0.11
818591,31,Jogging,24233231636000,1.88,5.94,-4.25
818592,31,Jogging,24233271675000,13.38,17.27,-10.46
818593,31,Jogging,24233311745000,19.95,19.53,-5.18
818594,31,Jogging,24233351448000,19.95,5.18,-4.75
818595,31,Jogging,24233431618000,19.15,-14.29,0.04
818596,31,Jogging,24233471657000,8.58,-12.11,1.53
818597,31,Jogging,24233511604000,0.38,-9.7,1.57
818598,31,Jogging,24233551491000,-0.08,-2.18,-0.23
818599,31,Jogging,24233631630000,19.95,10.88,4.33
818600,31,Jogging,24233671669000,18.28,15.24,0.76
818601,31,Jogging,24233721687000,0.65,10.38,-1.54
818602,31,Jogging,24233761513000,-5.24,10.0,-9.28
818603,31,Jogging,24233801643000,-7.46,5.22,-9.51
818604,31,Jogging,24233881599000,-4.6,1.57,0.19
818605,31,Jogging,24233921638000,-3.3,3.15,2.56
818606,31,Jogging,24233961647000,-1.38,5.94,-3.34
818607,31,Jogging,24234001594000,4.14,15.36,-10.08
818608,31,Jogging,24234081489000,19.95,8.85,-4.21
818609,31,Jogging,24234121467000,19.34,-2.72,-3.38
818610,31,Jogging,24234161629000,16.28,-8.24,-4.44
818611,31,Jogging,24234201637000,14.63,-9.81,0.34
818612,31,Jogging,24234281471000,-0.23,-4.79,0.08
818613,31,Jogging,24234321693000,3.53,3.91,-0.76
818614,31,Jogging,24234361641000,19.15,11.88,5.94
818615,31,Jogging,24234401558000,17.16,19.46,4.29
818616,31,Jogging,24234481483000,-4.63,5.79,-4.79
818617,31,Jogging,24234521614000,-5.09,4.63,-10.69
818618,31,Jogging,24234561592000,-4.14,0.8,-8.96
818619,31,Jogging,24234601448000,-3.68,-0.53,-2.98
818620,31,Jogging,24234681465000,-0.8,6.05,0.08
818621,31,Jogging,24234721626000,10.8,16.44,-5.33
818622,31,Jogging,24234762581000,19.95,19.7,-8.43
818623,31,Jogging,24234801643000,19.95,4.06,3.64
818624,31,Jogging,24234881508000,10.95,-7.44,-0.34
818625,31,Jogging,24234921669000,4.9,-9.19,0.23
818626,31,Jogging,24234961616000,3.15,-6.24,0.65
818627,31,Jogging,24235001503000,1.99,-1.69,-0.84
818628,31,Jogging,24235081581000,19.15,7.93,0.57
818629,31,Jogging,24235121651000,19.08,18.28,10.69
818630,31,Jogging,24235161507000,3.57,14.82,12.56
818631,31,Jogging,24235201485000,-0.04,1.73,-3.02
818632,31,Jogging,24235281624000,-2.87,-0.5,-5.37
818633,31,Jogging,24235321541000,-2.37,0.34,-2.07
818634,31,Jogging,24235361610000,-2.49,3.21,-1.99
818635,31,Jogging,24235401558000,1.57,12.68,-4.9
818636,31,Jogging,24235441566000,14.37,19.76,-5.24
818637,31,Jogging,24235531776000,19.95,-8.58,7.01
818638,31,Jogging,24235571632000,14.06,-4.79,0.08
818639,31,Jogging,24235611732000,6.17,-10.31,4.52
818640,31,Jogging,24235651588000,3.02,-6.89,-0.08
818641,31,Jogging,24235731453000,2.37,-0.27,-0.93
818642,31,Jogging,24235771644000,11.8,5.43,-3.45
818643,31,Jogging,24235814735000,19.95,11.5,5.67
818644,31,Jogging,24235871498000,6.97,15.83,13.78
818645,31,Jogging,24235911507000,1.5,3.6,-1.38
818646,31,Jogging,24235951637000,-0.93,0.0,-5.94
818647,31,Jogging,24236031441000,-2.22,-1.18,-2.96
818648,31,Jogging,24236071510000,-2.18,0.46,-1.46
818649,31,Jogging,24236111763000,-0.5,6.32,-1.92
818650,31,Jogging,24236151558000,11.84,17.69,0.46
818651,31,Jogging,24236231605000,19.95,8.31,-1.57
818652,31,Jogging,24236271644000,19.53,-8.2,8.77
818653,31,Jogging,24236311714000,11.33,-4.44,1.08
818654,31,Jogging,24236355476000,5.82,-4.48,-0.34
818655,31,Jogging,24236431465000,4.21,-5.33,0.95
818656,31,Jogging,24236471626000,2.72,-0.3,-0.8
818657,31,Jogging,24236511757000,10.27,4.25,-5.28
818658,31,Jogging,24236551613000,19.95,11.92,6.51
818659,31,Jogging,24236631477000,3.26,9.72,6.21
818660,31,Jogging,24236671669000,-0.99,1.61,-6.59
818661,31,Jogging,24236711830000,-3.6,-0.19,-9.19
818662,31,Jogging,24236751655000,-3.15,0.0,-5.94
818663,31,Jogging,24236831489000,-3.72,7.93,1.14
818664,31,Jogging,24236871498000,0.72,11.07,-2.18
818665,31,Jogging,24236911781000,11.3,16.13,-12.11
818666,31,Jogging,24236951668000,19.95,19.19,-6.59
818667,31,Jogging,24237031654000,19.11,-7.27,4.02
818668,31,Jogging,24237071419000,13.1,-8.05,-0.72
818669,31,Jogging,24237111549000,7.55,-6.59,0.11
818670,31,Jogging,24237151649000,4.21,9.53,-6.7
818672,31,Jogging,24237271461000,14.6,9.53,-6.7
818671,31,Jogging,24237271461000,14.6,9.53,-6.7
818673,31,Jogging,24237311470000,19.95,16.44,13.59
818674,31,Jogging,24237351631000,4.4,16.28,13.99
818675,31,Jogging,24237391548000,0.04,2.79,-0.93
818676,31,Jogging,24237471535000,-2.68,-1.84,-5.71
818677,31,Jogging,24237511604000,-2.22,-0.27,-1.95
818678,31,Jogging,24237551521000,-1.8,1.12,-0.5
818679,31,Jogging,24237591499000,-0.31,5.63,-2.11
818680,31,Jogging,24237671608000,19.95,19.61,-3.45
818681,31,Jogging,24237711647000,19.95,8.28,0.95
818682,31,Jogging,24237751503000,19.34,-8.69,8.92
818683,31,Jogging,24237831642000,5.43,-2.53,-1.54
818684,31,Jogging,24237871620000,3.6,-5.56,1.14
818685,31,Jogging,24237911720000,3.95,-5.09,-0.95
818686,31,Jogging,24237951637000,2.96,-0.5,-1.23
818687,31,Jogging,24237991615000,8.77,2.37,-1.95
818688,31,Jogging,24238071724000,15.32,19.23,9.62
818689,31,Jogging,24238111732000,3.06,11.54,6.55
818690,31,Jogging,24238151619000,-1.65,1.73,-4.56
818691,31,Jogging,24238231605000,-3.64,1.23,-5.13
818692,31,Jogging,24238271644000,-3.34,0.84,-2.49
818693,31,Jogging,24238311745000,-2.83,4.67,-2.34
818694,31,Jogging,24238351601000,0.89,9.38,-2.07
818695,31,Jogging,24238391579000,13.57,18.85,-8.43
818696,31,Jogging,24238473030000,19.95,2.37,1.8
818697,31,Jogging,24238511757000,19.89,-8.96,8.96
818698,31,Jogging,24238551643000,13.29,-8.58,0.19
818699,31,Jogging,24238631630000,3.6,-7.27,-0.69
818700,31,Jogging,24238671547000,1.04,-3.6,-0.42
818701,31,Jogging,24238711769000,2.49,2.34,-1.04
818702,31,Jogging,24238751625000,18.2,9.3,-4.52
818703,31,Jogging,24238831489000,3.64,14.94,11.92
818704,31,Jogging,24238871498000,-0.27,0.93,-1.76
818705,31,Jogging,24238911751000,-2.18,-1.61,-6.89
818706,31,Jogging,24238951637000,-2.07,-2.26,-5.75
818707,31,Jogging,24239031410000,-1.88,2.22,-1.92
818708,31,Jogging,24239071663000,2.56,12.3,-4.02
818709,31,Jogging,24239111763000,18.77,19.76,-3.64
818710,31,Jogging,24239151619000,19.95,15.32,-3.3
818711,31,Jogging,24239231605000,13.48,-3.49,-1.14
818712,31,Jogging,24239271522000,4.29,-3.26,0.23
818713,31,Jogging,24239311775000,3.6,-3.76,-0.11
818714,31,Jogging,24239351570000,3.11,-4.06,0.65
818715,31,Jogging,24239431587000,10.08,2.87,-2.11
818716,31,Jogging,24239471626000,19.84,7.82,1.53
818717,31,Jogging,24239511757000,19.91,19.31,3.64
818718,31,Jogging,24239551430000,2.87,16.25,11.73
818719,31,Jogging,24239631630000,-3.91,0.15,-7.5
818720,31,Jogging,24239671608000,-4.18,-1.69,-6.89
818721,31,Jogging,24239711616000,-2.96,-0.69,-3.68
818722,31,Jogging,24239751625000,-2.22,2.22,-0.72
818723,31,Jogging,24239831611000,7.44,16.13,-5.24
818724,31,Jogging,24239873909000,19.8,19.76,-8.43
818725,31,Jogging,24239921608000,19.95,9.7,-2.49
818726,31,Jogging,24239961738000,19.95,-6.51,7.21
818727,31,Jogging,24240001625000,15.32,-7.82,1.12
818728,31,Jogging,24240081520000,4.21,-8.88,1.33
818729,31,Jogging,24240121620000,0.53,-5.2,-0.93
818730,31,Jogging,24240161629000,0.72,0.38,-0.93
818731,31,Jogging,24240201637000,11.56,9.04,-5.56
818732,31,Jogging,24240281624000,10.31,19.38,13.87
818733,31,Jogging,24240321632000,0.11,7.12,3.79
818734,31,Jogging,24240361641000,-1.18,-0.8,-2.83
818735,31,Jogging,24240401588000,-2.03,-2.98,-5.13
818736,31,Jogging,24240481514000,-1.31,0.46,-2.18
818737,31,Jogging,24240521644000,1.69,7.46,-5.75
818738,31,Jogging,24240561500000,17.5,19.57,-2.72
818739,31,Jogging,24240601601000,19.95,16.13,-1.04
818740,31,Jogging,24240681587000,18.01,-8.69,7.31
818741,31,Jogging,24240721474000,6.17,-2.6,-1.18
818742,31,Jogging,24240761635000,1.08,-3.91,-0.04
818743,31,Jogging,24240801582000,0.65,-4.25,1.38
818744,31,Jogging,24240881477000,7.31,1.84,-2.53
818745,31,Jogging,24240921608000,18.96,5.13,-0.99
818746,31,Jogging,24240961647000,19.95,15.89,3.06
818747,31,Jogging,24241001625000,4.9,15.55,13.78
818748,31,Jogging,24241081642000,-1.73,0.11,-4.18
818749,31,Jogging,24241121498000,-2.45,-1.42,-4.18
818750,31,Jogging,24241161629000,-2.22,-0.8,-1.84
818751,31,Jogging,24241201637000,-1.5,2.15,-0.23
818752,31,Jogging,24241281624000,18.81,19.34,-4.06
818753,31,Jogging,24241321480000,19.95,15.6,-0.95
