,user,label,timestamp,x,y,z
819154,31,Jogging,24261361488000,19.95,9.0,-1.99
819155,31,Jogging,24261401588000,19.23,11.22,-1.04
819156,31,Jogging,24261481605000,3.57,5.6,0.84
819157,31,Jogging,24261521675000,0.61,0.8,-3.06
819158,31,Jogging,24261561500000,-2.15,-1.69,-3.26
819159,31,Jogging,24261601478000,-3.49,-2.91,-2.34
819160,31,Jogging,24261681587000,-1.31,1.46,1.38
819161,31,Jogging,24261721626000,8.66,14.02,4.14
819162,31,Jogging,24261761696000,19.95,19.11,-2.3
819163,31,Jogging,24261801643000,13.59,7.4,0.42
819164,31,Jogging,24261881599000,19.27,-4.9,6.63
819165,31,Jogging,24261921516000,9.89,-7.25,5.63
819166,31,Jogging,24261961677000,3.49,-3.34,-0.08
819167,31,Jogging,24262001625000,1.95,-3.68,2.87
819168,31,Jogging,24262041542000,2.26,-2.34,-1.42
819169,31,Jogging,24262114326000,18.01,2.83,-0.46
819170,31,Jogging,24262151710000,19.95,12.79,0.76
819171,31,Jogging,24262231544000,1.08,5.33,-2.56
819172,31,Jogging,24262271644000,-2.91,3.38,-7.4
819173,31,Jogging,24262311714000,-3.57,-0.08,-6.32
819174,31,Jogging,24262351631000,-3.45,-0.04,-4.1
819175,31,Jogging,24262431434000,-0.72,5.22,-0.99
819176,31,Jogging,24262471565000,9.77,11.99,-5.98
819177,31,Jogging,24262511757000,19.91,19.76,-6.7
819178,31,Jogging,24262551643000,19.95,13.72,-3.11
819179,31,Jogging,24262591499000,19.95,-6.85,2.96
819180,31,Jogging,24262682228000,13.44,-9.7,0.76
819181,31,Jogging,24262724953000,7.08,-14.79,1.69
819182,31,Jogging,24262762245000,1.12,-10.65,1.53
819183,31,Jogging,24262801491000,0.34,-1.88,-1.27
819184,31,Jogging,24262891640000,19.95,12.34,9.72
819185,31,Jogging,24262931618000,7.97,17.12,11.11
819186,31,Jogging,24262971504000,1.12,6.51,1.92
819187,31,Jogging,24263011696000,-2.6,0.34,-5.9
819188,31,Jogging,24263051460000,-4.21,-1.23,-7.74
819189,31,Jogging,24263131599000,-2.6,3.91,-1.95
819190,31,Jogging,24263171516000,1.84,7.93,-2.45
819191,31,Jogging,24263212623000,16.02,18.58,-2.96
819192,31,Jogging,24263257271000,19.95,17.5,-5.41
819193,31,Jogging,24263331825000,19.95,-1.5,0.46
819194,31,Jogging,24263371620000,19.8,-4.59,1.18
819195,31,Jogging,24263411720000,11.54,-6.51,-1.27
819196,31,Jogging,24263452247000,5.86,-16.24,2.75
819197,31,Jogging,24263492256000,0.46,-9.38,-0.5
819198,31,Jogging,24263571632000,14.79,7.21,-1.73
819199,31,Jogging,24263612312000,19.95,13.63,8.24
819200,31,Jogging,24263651497000,8.96,16.36,8.54
819201,31,Jogging,24263731483000,-6.05,5.98,-9.19
819202,31,Jogging,24263771644000,-4.99,1.18,-8.43
819203,31,Jogging,24263811592000,-4.02,-0.91,-2.68
819204,31,Jogging,24263851631000,-3.76,2.03,0.65
819205,31,Jogging,24263931465000,9.3,17.69,-8.24
819206,31,Jogging,24263972084000,19.95,19.72,-6.85
819207,31,Jogging,24264011574000,19.95,10.57,-4.1
819208,31,Jogging,24264051521000,19.95,-2.53,1.31
819209,31,Jogging,24264131599000,13.76,-9.19,-1.12
819210,31,Jogging,24264171638000,8.85,-13.38,0.46
819211,31,Jogging,24264211586000,-1.04,-9.47,0.61
819212,31,Jogging,24264251472000,-0.61,0.69,0.57
819213,31,Jogging,24264291725000,8.62,13.48,1.04
819214,31,Jogging,24264371651000,13.4,15.55,5.33
819215,31,Jogging,24264411598000,0.53,7.63,-3.38
819216,31,Jogging,24264456032000,-4.14,6.47,-8.62
819217,31,Jogging,24264531471000,-5.37,-0.38,-6.4
819218,31,Jogging,24264571663000,-5.18,0.95,-1.04
819219,31,Jogging,24264611793000,0.0,4.67,-0.57
819220,31,Jogging,24264651497000,9.96,11.3,-6.63
819221,31,Jogging,24264731636000,18.81,12.64,1.8
819222,31,Jogging,24264771644000,19.8,-0.84,-5.56
819223,31,Jogging,24264811775000,19.95,-2.56,-2.07
819224,31,Jogging,24264851631000,16.17,-8.2,1.5
819225,31,Jogging,24264931434000,3.87,-10.84,3.21
819226,31,Jogging,24264971596000,-0.53,-2.11,2.26
819227,31,Jogging,24265011604000,3.91,7.97,1.04
819228,31,Jogging,24265055611000,19.11,5.67,5.82
819229,31,Jogging,24265131477000,4.1,9.62,1.27
819230,31,Jogging,24265171638000,-2.41,9.11,-7.06
819231,31,Jogging,24265211586000,-5.83,6.59,-11.6
819232,31,Jogging,24265251625000,-6.13,1.46,-10.46
819233,31,Jogging,24265331489000,-2.72,3.06,2.83
819234,31,Jogging,24265371437000,1.5,7.7,-1.92
819235,31,Jogging,24265411629000,16.59,18.12,-11.18
819236,31,Jogging,24265451668000,19.95,18.5,-1.84
819237,31,Jogging,24265491524000,19.95,6.09,-3.95
819238,31,Jogging,24265571632000,17.82,-6.51,-0.69
819239,31,Jogging,24265611793000,11.75,-9.85,0.19
819240,31,Jogging,24265651619000,5.52,-15.36,4.37
819241,31,Jogging,24265731636000,0.38,1.14,-0.31
819242,31,Jogging,24265771644000,14.21,7.59,1.8
819243,31,Jogging,24265811745000,19.95,15.13,6.32
819244,31,Jogging,24265851601000,6.66,17.82,9.04
819245,31,Jogging,24265891548000,-3.15,6.21,-1.88
819246,31,Jogging,24265971565000,-4.25,0.65,-7.27
819247,31,Jogging,24266011574000,-4.21,-0.76,-5.6
819248,31,Jogging,24266051643000,-2.91,1.95,-1.57
819249,31,Jogging,24266131630000,9.58,16.4,-4.6
819250,31,Jogging,24266171638000,19.95,19.76,-9.28
819251,31,Jogging,24266211586000,19.95,13.1,-4.82
819252,31,Jogging,24266251625000,19.95,0.61,-2.37
819253,31,Jogging,24266331550000,15.17,-11.99,0.57
819254,31,Jogging,24266371498000,5.71,-14.79,1.76
819255,31,Jogging,24266411751000,-1.84,-13.38,0.8
819256,31,Jogging,24266451515000,-1.95,-2.26,0.76
819257,31,Jogging,24266531929000,19.95,16.51,7.82
819258,31,Jogging,24266571632000,12.49,16.51,1.76
819259,31,Jogging,24266611671000,-1.38,6.05,-1.73
819260,31,Jogging,24266651497000,-6.47,6.4,-5.71
819261,31,Jogging,24266731453000,-4.48,0.99,-8.31
819262,31,Jogging,24266771644000,-3.11,2.26,-1.88
819263,31,Jogging,24266811745000,-1.65,6.44,0.19
819264,31,Jogging,24266851631000,3.68,13.91,-2.53
819265,31,Jogging,24266931648000,19.95,18.89,-4.6
819266,31,Jogging,24266971474000,19.95,4.86,-0.46
819267,31,Jogging,24267011726000,19.8,-2.72,-0.89
819268,31,Jogging,24267052772000,16.59,-11.54,-0.95
819269,31,Jogging,24267131508000,0.11,-10.46,2.37
819270,31,Jogging,24267171333000,-0.53,-1.46,0.61
819271,31,Jogging,24267211647000,8.43,7.89,-3.26
819272,31,Jogging,24267341347000,-0.69,7.89,-3.26
819273,31,Jogging,24267341347000,-0.69,7.89,-3.26
819274,31,Jogging,24267341347000,-0.69,7.89,-3.26
819275,31,Jogging,24267421730000,-4.29,3.15,-10.19
819276,31,Jogging,24267461677000,-4.86,0.23,-7.06
819277,31,Jogging,24267501594000,-3.68,1.23,-0.69
819278,31,Jogging,24267581673000,8.43,14.18,-4.67
819279,31,Jogging,24267621498000,19.34,19.76,-9.04
819280,31,Jogging,24267665321000,19.95,13.76,-0.69
819281,31,Jogging,24267701607000,19.95,0.84,-3.38
819282,31,Jogging,24267781624000,12.83,-12.22,0.46
819283,31,Jogging,24267821632000,5.6,-9.43,0.3
819284,31,Jogging,24267861488000,0.42,-7.97,1.31
819285,31,Jogging,24267901558000,-0.08,-2.03,-0.57
819286,31,Jogging,24267981697000,19.76,7.97,6.63
819287,31,Jogging,24268021522000,15.85,17.86,7.31
819288,31,Jogging,24268061653000,-2.03,12.79,9.15
819289,31,Jogging,24268101448000,-2.96,1.88,-3.26
819290,31,Jogging,24268181679000,-4.21,-1.57,-6.24
819291,31,Jogging,24268221474000,-2.15,-0.15,-2.07
819292,31,Jogging,24268261635000,-1.99,4.1,-1.04
819293,31,Jogging,24268301460000,2.83,13.53,-0.89
819294,31,Jogging,24268381508000,19.95,17.67,-7.93
819295,31,Jogging,24268421638000,19.95,0.19,4.79
819296,31,Jogging,24268461647000,18.77,-8.35,3.87
819297,31,Jogging,24268501625000,9.3,-6.4,-0.27
819298,31,Jogging,24268581520000,4.4,-7.31,0.84
819299,31,Jogging,24268621467000,1.38,-2.14,-0.57
819300,31,Jogging,24268661507000,2.68,3.83,-0.99
819301,31,Jogging,24268701576000,16.32,4.67,-0.42
819302,31,Jogging,24268741554000,19.95,17.31,10.88
819303,31,Jogging,24268781654000,5.67,15.6,13.82
819304,31,Jogging,24268854317000,-3.17,0.61,-5.71
819305,31,Jogging,24268931526000,-2.68,0.31,-3.95
819306,31,Jogging,24268971626000,-2.68,1.46,-2.37
819307,31,Jogging,24269011574000,-2.03,7.16,-2.18
819308,31,Jogging,24269051460000,3.64,14.33,-1.08
819309,31,Jogging,24269131630000,19.95,15.79,-7.12
819310,31,Jogging,24269171638000,19.95,-7.97,10.27
819311,31,Jogging,24269211464000,14.6,-4.82,-0.57
819312,31,Jogging,24269251472000,4.71,-6.05,-0.38
819313,31,Jogging,24269331611000,0.61,-6.93,0.19
819314,31,Jogging,24269371651000,2.98,-1.46,-0.5
819315,31,Jogging,24269411659000,16.36,4.94,2.11
819316,31,Jogging,24269451607000,19.95,17.86,1.92
819317,31,Jogging,24269531410000,0.46,5.75,1.5
819318,31,Jogging,24269571663000,-1.18,0.57,-2.53
819319,31,Jogging,24269611671000,-2.6,-1.23,-3.41
819320,31,Jogging,24269651649000,-2.41,-1.69,-1.65
819321,31,Jogging,24269731453000,-0.76,2.72,-1.04
819322,31,Jogging,24269771492000,13.21,16.4,-3.64
819323,31,Jogging,24269811622000,19.95,18.54,0.38
819324,31,Jogging,24269851478000,16.55,7.44,-1.76
819325,31,Jogging,24269931587000,16.93,-7.46,3.64
819326,31,Jogging,24269971474000,7.04,-3.83,-0.27
819327,31,Jogging,24270011543000,2.26,-4.37,1.76
819328,31,Jogging,24270051674000,0.8,-5.09,0.53
819329,31,Jogging,24270131630000,5.43,2.11,-0.95
819330,31,Jogging,24270171638000,17.67,4.1,-0.61
819331,31,Jogging,24270211555000,19.95,18.54,1.92
819332,31,Jogging,24270251625000,1.76,15.75,14.44
819333,31,Jogging,24270331581000,-1.5,-0.38,-2.79
819334,31,Jogging,24270371620000,-2.49,-2.41,-4.02
819335,31,Jogging,24270411476000,-1.54,-1.04,-2.45
819336,31,Jogging,24270451668000,-1.31,0.15,-1.61
819337,31,Jogging,24270531532000,19.84,19.72,1.69
819338,31,Jogging,24270571632000,19.27,13.14,-1.31
819339,31,Jogging,24270611519000,19.08,-1.12,7.16
819340,31,Jogging,24270651497000,17.08,-8.08,6.43
819341,31,Jogging,24270731422000,1.8,-3.57,-0.84
819342,31,Jogging,24270771675000,2.45,-7.63,2.37
819343,31,Jogging,24270811592000,2.72,-6.43,1.69
819344,31,Jogging,24270851631000,9.0,0.46,-0.89
819345,31,Jogging,24270891701000,19.76,10.12,1.33
819346,31,Jogging,24270971504000,1.57,9.7,10.95
819347,31,Jogging,24271011421000,0.89,2.26,-1.31
819348,31,Jogging,24271051491000,-1.27,0.61,-3.68
819349,31,Jogging,24271131569000,-2.22,-1.61,-3.15
819350,31,Jogging,24271171516000,-2.68,-0.72,-0.95
819351,31,Jogging,24271211555000,-1.46,1.65,0.23
819352,31,Jogging,24271251472000,6.59,8.24,-1.8
819353,31,Jogging,24271331581000,19.38,13.63,-5.13
