,user,label,timestamp,x,y,z
819354,31,Jogging,24271371467000,18.43,-4.06,8.88
819355,31,Jogging,24271411476000,15.98,-6.97,4.25
819356,31,Jogging,24271451485000,5.2,-2.34,-1.12
819357,31,Jogging,24271531746000,1.95,-7.21,1.65
819358,31,Jogging,24271571602000,4.52,-2.18,-0.65
819359,31,Jogging,24271611671000,15.7,2.91,1.5
819360,31,Jogging,24271651466000,19.95,14.18,-1.38
819361,31,Jogging,24271731422000,1.46,7.31,2.68
819362,31,Jogging,24271771492000,-0.53,1.99,-2.91
819363,31,Jogging,24271811470000,-1.95,0.8,-6.02
819364,31,Jogging,24271851631000,-1.69,-0.46,-7.16
819365,31,Jogging,24271891670000,-1.88,0.08,-3.15
819366,31,Jogging,24271971504000,2.34,10.57,-0.19
819367,31,Jogging,24272011543000,17.62,19.0,0.19
819368,31,Jogging,24272051643000,19.95,18.62,-6.74
819369,31,Jogging,24272091530000,19.95,3.21,3.34
819370,31,Jogging,24272171699000,9.04,-4.63,0.84
819371,31,Jogging,24272211586000,6.02,-6.93,0.65
819372,31,Jogging,24272251472000,4.25,-8.88,1.04
819373,31,Jogging,24272331459000,4.94,2.37,-1.54
819374,31,Jogging,24272331459000,4.94,2.37,-1.54
819375,31,Jogging,24272421791000,18.43,18.09,6.51
819376,31,Jogging,24272461647000,2.26,13.53,10.57
819377,31,Jogging,24272502357000,0.46,3.02,-4.4
819378,31,Jogging,24272581611000,-2.83,-0.57,-7.55
819379,31,Jogging,24272621742000,-2.96,0.04,-4.14
819380,31,Jogging,24272661629000,-3.21,3.91,1.38
819381,31,Jogging,24272701515000,-0.93,9.08,0.38
819382,31,Jogging,24272781624000,19.95,19.5,-8.47
819383,31,Jogging,24272821632000,19.95,8.69,-3.83
819384,31,Jogging,24272861641000,19.95,-7.35,7.82
819385,31,Jogging,24272907509000,14.02,-7.5,1.27
819386,31,Jogging,24272951179000,5.37,-8.92,-0.23
819387,31,Jogging,24273031410000,1.57,-1.65,-0.53
819388,31,Jogging,24273071632000,5.05,3.87,-2.68
819389,31,Jogging,24273111671000,19.42,9.47,2.14
819390,31,Jogging,24273151466000,15.66,18.85,13.95
819391,31,Jogging,24273231605000,0.19,0.11,-3.15
819392,31,Jogging,24273271644000,-1.76,-2.18,-6.4
819393,31,Jogging,24273311470000,-1.92,-3.34,-6.17
819394,31,Jogging,24273351601000,-1.5,-0.95,-1.69
819395,31,Jogging,24273431557000,-0.69,7.46,-1.38
819396,31,Jogging,24273472145000,14.4,19.34,-3.38
819397,31,Jogging,24273511574000,19.8,17.2,-5.56
819398,31,Jogging,24273551521000,19.57,-2.37,8.81
819399,31,Jogging,24273631569000,8.47,-3.21,-2.03
819400,31,Jogging,24273671638000,4.29,-5.82,2.14
819401,31,Jogging,24273711525000,3.45,-7.82,4.71
819402,31,Jogging,24273751625000,1.12,-3.53,-0.72
819403,31,Jogging,24273796455000,8.73,1.88,2.41
819404,31,Jogging,24273871498000,19.95,17.43,3.11
819405,31,Jogging,24273911598000,7.65,11.56,7.7
819406,31,Jogging,24273951485000,0.5,5.94,-1.88
819407,31,Jogging,24274031441000,-4.33,2.26,-5.33
819408,31,Jogging,24274071632000,-4.29,2.37,-1.04
819409,31,Jogging,24274111763000,-4.94,5.24,4.52
819410,31,Jogging,24274151619000,0.91,2.87,-3.02
819411,31,Jogging,24274231575000,16.04,18.43,-6.44
819412,31,Jogging,24274271492000,19.95,16.44,0.5
819413,31,Jogging,24274311470000,19.65,1.65,-2.03
819414,31,Jogging,24274351631000,19.95,-4.25,3.02
819415,31,Jogging,24274431557000,7.01,-12.83,1.38
819416,31,Jogging,24274471626000,-0.11,-10.31,1.73
819417,31,Jogging,24274512825000,-0.72,-1.61,-0.53
819418,31,Jogging,24274555885000,11.22,4.82,-2.6
819419,31,Jogging,24274593117000,19.95,10.73,8.58
819420,31,Jogging,24274673378000,-0.8,10.0,4.94
819421,31,Jogging,24274711616000,-3.45,3.91,-5.63
819422,31,Jogging,24274831428000,-2.6,0.69,-0.38
819423,31,Jogging,24274831428000,-2.6,0.69,-0.38
819424,31,Jogging,24274871498000,-1.88,3.68,1.14
819425,31,Jogging,24274911598000,2.03,7.86,-2.53
819426,31,Jogging,24274951454000,16.89,19.23,-9.72
819427,31,Jogging,24274991493000,19.95,16.63,-7.35
819428,31,Jogging,24275071632000,18.62,-8.73,5.33
819429,31,Jogging,24275112038000,7.89,-4.52,-1.33
819430,31,Jogging,24275151497000,2.64,-7.93,-1.84
819431,31,Jogging,24275191597000,2.53,-8.05,-1.84
819432,31,Jogging,24275274574000,10.11,4.63,-3.64
819433,31,Jogging,24275311714000,19.95,9.19,5.6
819434,31,Jogging,24275351601000,13.99,17.39,10.72
819435,31,Jogging,24275391548000,2.26,9.72,6.4
819436,31,Jogging,24275471504000,-3.57,0.61,-9.89
819437,31,Jogging,24275511482000,-3.17,1.69,-7.59
819438,31,Jogging,24275551613000,-3.64,2.6,-4.21
819439,31,Jogging,24275631569000,0.61,6.55,-0.23
819440,31,Jogging,24275671516000,13.17,15.66,-11.69
819441,31,Jogging,24275711647000,19.95,17.31,-7.31
819442,31,Jogging,24275751625000,19.8,-4.71,5.82
819443,31,Jogging,24275791603000,19.42,-8.24,1.57
819444,31,Jogging,24275871620000,3.72,-6.7,0.11
819445,31,Jogging,24275911476000,1.92,-6.47,0.04
819446,31,Jogging,24275951485000,0.8,-3.11,-0.19
819447,31,Jogging,24276031532000,14.98,4.48,-3.11
819448,31,Jogging,24276071663000,19.95,15.89,10.42
819449,31,Jogging,24276112099000,4.59,15.64,12.76
819450,31,Jogging,24276151619000,0.34,1.92,-1.04
819451,31,Jogging,24276231422000,-3.17,-1.8,-4.67
819452,31,Jogging,24276271522000,-2.53,-0.34,-2.64
819453,31,Jogging,24276311622000,-2.91,1.65,-3.38
819454,31,Jogging,24276351478000,2.75,8.01,-3.6
819455,31,Jogging,24276431434000,19.95,18.16,-3.02
819456,31,Jogging,24276471626000,19.95,-2.26,7.08
819457,31,Jogging,24276511604000,17.67,-5.82,1.12
819458,31,Jogging,24276551643000,8.69,-4.25,-0.11
819459,31,Jogging,24276631630000,2.68,-6.63,1.61
819460,31,Jogging,24276671516000,3.02,-2.03,-0.31
819461,31,Jogging,24276711616000,7.12,2.83,-1.38
819462,31,Jogging,24276751655000,19.23,4.48,1.53
819463,31,Jogging,24276831581000,3.49,15.94,11.69
819464,31,Jogging,24276871590000,0.08,4.18,-2.76
819465,31,Jogging,24276911598000,-4.06,1.23,-8.43
819466,31,Jogging,24276951607000,-4.18,-0.61,-8.28
819467,31,Jogging,24277031593000,-3.02,1.33,-0.69
819468,31,Jogging,24277071510000,-2.45,3.57,2.75
819469,31,Jogging,24277111641000,2.49,7.67,-3.95
819470,31,Jogging,24277151649000,18.81,19.42,-15.6
819471,31,Jogging,24277231575000,18.43,-15.4,15.13
819472,31,Jogging,24277271492000,11.11,-4.14,-0.99
819473,31,Jogging,24277311622000,5.48,-6.21,-0.72
819474,31,Jogging,24277351478000,2.18,-6.78,1.33
819475,31,Jogging,24277431587000,5.05,0.8,-1.76
819476,31,Jogging,24277471626000,16.51,2.03,-1.14
819477,31,Jogging,24277511482000,19.95,16.13,4.99
819478,31,Jogging,24277551582000,7.86,13.99,10.27
819479,31,Jogging,24277596809000,0.53,6.66,0.76
819480,31,Jogging,24277671547000,-5.41,-1.08,-8.28
819481,31,Jogging,24277711738000,-3.45,-0.72,-3.79
819482,31,Jogging,24277751747000,-2.22,2.34,-0.99
819483,31,Jogging,24277791756000,-1.38,8.08,-0.19
819484,31,Jogging,24277871773000,19.84,19.76,-5.24
819485,31,Jogging,24277911720000,19.95,16.28,-5.52
819486,31,Jogging,24277951759000,19.95,-0.95,4.75
819487,31,Jogging,24278031441000,9.28,-7.7,-0.19
819488,31,Jogging,24278071602000,6.28,-10.04,0.34
819489,31,Jogging,24278111610000,3.06,-7.16,1.27
819490,31,Jogging,24278151497000,2.11,-1.76,-0.53
819491,31,Jogging,24278231544000,19.95,6.66,5.86
819492,31,Jogging,24278271522000,17.82,17.67,9.53
819493,31,Jogging,24278311622000,5.18,13.02,7.59
819494,31,Jogging,24278351601000,-3.21,4.75,-6.24
819495,31,Jogging,24278431587000,-5.05,1.8,-6.32
819496,31,Jogging,24278471504000,-4.63,5.52,-1.8
819497,31,Jogging,24278511482000,-1.69,9.11,-0.34
819498,31,Jogging,24278551582000,2.3,10.0,-4.33
819499,31,Jogging,24278631569000,19.95,18.62,-10.23
819500,31,Jogging,24278671638000,19.95,4.21,-1.95
819501,31,Jogging,24278711647000,19.11,-5.05,1.73
819502,31,Jogging,24278751625000,13.38,-10.99,0.19
819503,31,Jogging,24278831581000,2.96,-10.08,-0.34
819504,31,Jogging,24278871467000,-0.19,-3.34,-0.42
819505,31,Jogging,24278911476000,3.26,5.86,-1.5
819506,31,Jogging,24278951637000,18.54,5.75,5.01
819507,31,Jogging,24279031563000,1.8,13.82,8.47
819508,31,Jogging,24279071510000,-3.11,5.94,-5.22
819509,31,Jogging,24279111641000,-7.74,3.38,-9.38
819510,31,Jogging,24279151649000,-7.01,-0.08,-8.43
819511,31,Jogging,24279231575000,-2.37,1.18,5.13
819512,31,Jogging,24279271675000,-1.31,1.95,1.8
819513,31,Jogging,24279311622000,3.57,11.92,-11.45
819514,31,Jogging,24279351662000,19.76,19.72,-8.39
819515,31,Jogging,24279431434000,19.89,-2.56,-3.06
819516,31,Jogging,24279471657000,18.96,-5.48,1.27
819517,31,Jogging,24279511635000,11.26,-7.12,-0.72
819518,31,Jogging,24279551643000,5.56,-10.34,0.34
819519,31,Jogging,24279631569000,1.23,0.42,-0.93
819520,31,Jogging,24279681618000,13.76,3.79,-2.34
819521,31,Jogging,24279721596000,19.95,14.71,9.92
819522,31,Jogging,24279761482000,8.43,18.16,12.15
819523,31,Jogging,24279801521000,0.23,7.25,-0.34
819524,31,Jogging,24279841682000,-3.68,3.26,-6.59
819525,31,Jogging,24279921730000,-5.67,-1.88,-3.21
819526,31,Jogging,24279961738000,-4.29,0.31,0.38
819527,31,Jogging,24279961738000,-4.29,0.31,0.38
819528,31,Jogging,24280051613000,5.75,8.47,-7.67
819529,31,Jogging,24280131630000,19.95,13.48,-0.34
819530,31,Jogging,24280171486000,19.95,0.19,-2.72
819531,31,Jogging,24280211616000,19.95,-6.59,2.68
819532,31,Jogging,24280251564000,12.49,-10.15,-0.53
819533,31,Jogging,24280291542000,3.36,-8.43,0.08
819534,31,Jogging,24280371376000,-7.01,-1.73,-3.72
819535,31,Jogging,24280411659000,11.54,7.25,0.57
819536,31,Jogging,24280459267000,19.95,14.71,0.65
819537,31,Jogging,24280501655000,11.14,16.21,12.37
819538,31,Jogging,24280581611000,-0.5,1.12,-0.57
819539,31,Jogging,24280621437000,-1.65,0.8,-2.03
819540,31,Jogging,24280661598000,-1.57,-0.34,-1.76
819541,31,Jogging,24280701637000,0.61,0.76,-0.89
819542,31,Jogging,24280781624000,17.43,12.79,-2.76
819543,31,Jogging,24280821541000,9.19,8.73,1.69
819544,31,Jogging,24280861641000,5.05,10.46,4.29
819545,31,Jogging,24280901588000,1.12,10.65,4.86
819546,31,Jogging,24280981605000,-11.03,2.41,6.13
819547,31,Jogging,24281021614000,-0.34,3.06,1.08
819548,31,Jogging,24281061470000,-0.34,2.07,3.57
819549,31,Jogging,24281101631000,6.78,10.04,4.86
819550,31,Jogging,24281181496000,13.38,7.5,8.54
819551,31,Jogging,24281221504000,2.53,2.3,5.86
819552,31,Jogging,24281261482000,0.69,3.99,3.41
819553,31,Jogging,24281301613000,3.72,3.99,2.6
