,user,label,timestamp,x,y,z
313454,18,Downstairs,33249142260000,7.08,11.41,-2.982856
313455,18,Downstairs,33249192278000,5.75,5.75,2.6423476000000004
313456,18,Downstairs,33249242266000,3.15,13.53,3.2552630000000002
313457,18,Downstairs,33249292285000,0.72,17.5,-0.7218784
313458,18,Downstairs,33249342272000,1.04,12.95,-5.407278
313459,18,Downstairs,33249392260000,-0.61,10.27,-1.334794
313460,18,Downstairs,33249442278000,2.96,7.78,-1.7978859
313461,18,Downstairs,33249492266000,9.0,6.4,-0.14982383
313462,18,Downstairs,33249542285000,9.77,3.38,11.413852
313463,18,Downstairs,33249592272000,1.33,14.25,-0.95342433
313464,18,Downstairs,33249642260000,-2.26,18.12,-9.724928
313465,18,Downstairs,33249692278000,-3.91,9.72,-1.9204689999999998
313466,18,Downstairs,33249742266000,2.41,12.07,12.026767
313467,18,Downstairs,33249792285000,3.99,8.96,0.5720546
313468,18,Downstairs,33249842272000,6.09,12.79,-2.7921712000000003
313469,18,Downstairs,33249892260000,8.16,6.7,0.19068487
313470,18,Downstairs,33249942309000,3.95,10.99,0.27240697
313471,18,Downstairs,33249992266000,0.31,14.48,2.070293
313472,18,Downstairs,33250042285000,-1.57,16.51,-3.0237172
313473,18,Downstairs,33250092272000,1.04,7.5,-2.3426998
313474,18,Downstairs,33250142260000,3.11,8.66,-2.1383946
313475,18,Downstairs,33250192309000,5.22,6.89,-2.3699405
313476,18,Downstairs,33250242266000,8.62,8.39,4.3312707
313477,18,Downstairs,33250292285000,5.43,4.94,7.504811999999999
313478,18,Downstairs,33250342272000,1.61,15.09,-0.9942854
313479,18,Downstairs,33250392291000,-3.06,17.73,-9.112013000000001
313480,18,Downstairs,33250442278000,-2.68,12.68,-1.3756552
313481,18,Downstairs,33250492266000,5.6,9.77,11.34575
313482,18,Downstairs,33250542285000,4.44,8.58,0.27240697
313483,18,Downstairs,33250592303000,6.17,11.22,-0.10896278
313484,18,Downstairs,33250642260000,5.01,8.43,0.313268
313485,18,Downstairs,33250692278000,2.83,7.74,1.6889231
313486,18,Downstairs,33250742266000,1.73,12.64,0.50395286
313487,18,Downstairs,33250792285000,-2.07,14.21,-0.50395286
313488,18,Downstairs,33250842272000,0.76,14.56,-1.6480621
313489,18,Downstairs,33250892260000,1.88,7.27,0.10896278
313490,18,Downstairs,33250942278000,1.73,7.55,0.08172209
313491,18,Downstairs,33250992266000,2.15,7.27,0.9942854
313492,18,Downstairs,33251042254000,4.9,6.63,0.9942854
313493,18,Downstairs,33251092333000,7.82,10.0,4.3993720000000005
313494,18,Downstairs,33251142291000,8.35,16.47,2.9556155
313495,18,Downstairs,33251192431000,3.11,19.57,-8.812365
313496,18,Downstairs,33251242938000,-2.87,16.93,-9.00305
313497,18,Downstairs,33251292376000,-3.91,13.67,-2.9147543999999996
313498,18,Downstairs,33251342272000,-4.29,12.57,6.3607025
313499,18,Downstairs,33251392260000,4.94,6.97,9.343558
313500,18,Downstairs,33251442340000,5.43,5.18,-2.2609777
313501,18,Downstairs,33251502276000,5.94,7.21,-1.9885708
313502,18,Downstairs,33251552203000,9.11,9.7,-3.3642258999999997
313503,18,Downstairs,33251602313000,6.74,12.34,0.19068487
313504,18,Downstairs,33251652209000,4.4,14.41,-1.607201
313505,18,Downstairs,33251712329000,-0.69,9.77,3.5957718
313506,18,Downstairs,33251762255000,-2.64,11.5,-0.27240697
313507,18,Downstairs,33251812274000,-0.11,11.69,-4.3993720000000005
313508,18,Downstairs,33251862231000,3.21,7.5,-2.7513103
313509,18,Downstairs,33251912280000,4.06,8.35,-1.1168685
313510,18,Downstairs,33251962206000,3.79,9.34,-0.19068487
313511,18,Downstairs,33252012286000,4.25,9.96,0.88532263
313512,18,Downstairs,33252062243000,4.06,9.38,1.0760075
313513,18,Downstairs,33252112261000,3.57,11.03,0.88532263
313514,18,Downstairs,33252172473000,6.7,10.57,0.27240697
313515,18,Downstairs,33252222399000,8.43,9.92,0.95342433
313516,18,Downstairs,33252222399000,8.43,9.92,0.95342433
313517,18,Downstairs,33252322253000,-1.04,18.96,-7.3141264999999995
313518,18,Downstairs,33252372271000,-1.69,9.19,-4.5628166
313519,18,Downstairs,33252422228000,1.18,8.16,7.504811999999999
313520,18,Downstairs,33252472277000,-1.5,4.14,3.2961242
313521,18,Downstairs,33252522235000,-0.84,3.06,-0.42223078
313522,18,Downstairs,33252572314000,0.42,6.13,-0.08172209
313523,18,Downstairs,33252622241000,6.7,12.49,-0.84446156
313524,18,Downstairs,33252672259000,7.82,13.72,0.53119355
313525,18,Downstairs,33252722216000,3.6,5.37,2.9147543999999996
313526,18,Downstairs,33252772265000,4.33,12.64,0.8036005
313527,18,Downstairs,33252822253000,1.46,17.82,-0.7627395
313528,18,Downstairs,33252872271000,2.98,11.07,-1.8796080000000002
313529,18,Downstairs,33252922228000,3.15,4.4,-0.46309182
313530,18,Downstairs,33252972277000,0.89,8.92,-1.7570249
313531,18,Downstairs,33253022204000,5.28,6.32,-1.334794
313532,18,Downstairs,33253072314000,6.74,6.4,0.6537767
313533,18,Downstairs,33253122210000,5.9,6.7,1.9477096999999999
313534,18,Downstairs,33253172259000,6.66,10.12,5.325556
313535,18,Downstairs,33253222216000,3.53,19.08,3.2961242
313536,18,Downstairs,33253272265000,-3.79,17.01,-9.112013000000001
313537,18,Downstairs,33253322253000,-2.03,9.11,2.7649305
313538,18,Downstairs,33253372271000,4.75,7.59,6.5513873
313539,18,Downstairs,33253422198000,6.05,5.94,-0.0
313540,18,Downstairs,33253472308000,5.28,7.67,-0.88532263
313541,18,Downstairs,33253522235000,4.79,12.91,-1.6889231
313542,18,Downstairs,33253572314000,4.75,7.86,0.9942854
313543,18,Downstairs,33253622241000,1.33,16.78,1.9885708
313544,18,Downstairs,33253672259000,0.11,15.09,-3.7183550000000003
313545,18,Downstairs,33253722216000,0.93,10.38,-0.84446156
313546,18,Downstairs,33253772265000,1.5,8.39,-1.525479
313547,18,Downstairs,33253822222000,3.64,7.12,-1.0351465
313548,18,Downstairs,33253872302000,5.75,6.51,-0.29964766
313549,18,Downstairs,33253922198000,5.71,7.35,6.1291566
313550,18,Downstairs,33253972277000,5.01,3.72,8.430995
313551,18,Downstairs,33254022235000,5.09,16.7,-2.1111538
313552,18,Downstairs,33254072283000,-3.87,17.39,-7.3549875999999985
313553,18,Downstairs,33254122210000,-2.96,11.69,4.140586
313554,18,Downstairs,33254172259000,0.95,10.73,7.3549875999999985
313555,18,Downstairs,33254222247000,3.95,9.34,-0.7218784
313556,18,Downstairs,33254272265000,5.41,10.34,-0.19068487
313557,18,Downstairs,33254322222000,6.28,6.32,1.6889231
313558,18,Downstairs,33254372271000,5.05,13.59,2.982856
313559,18,Downstairs,33254422198000,1.76,16.74,-0.46309182
313560,18,Downstairs,33254472277000,0.72,14.14,-3.2961242
313561,18,Downstairs,33254522235000,-1.27,7.31,-1.334794
313562,18,Downstairs,33254572314000,-2.11,7.27,-1.1849703
313563,18,Downstairs,33254622882000,2.64,6.47,-0.0
313564,18,Downstairs,33254672259000,6.85,6.4,0.8036005
313565,18,Downstairs,33254722277000,8.69,7.25,12.067628
313566,18,Downstairs,33254772235000,4.63,17.97,0.19068487
313567,18,Downstairs,33254822283000,0.72,19.53,-8.771504
313568,18,Downstairs,33254872210000,-1.5,13.82,-2.982856
313569,18,Downstairs,33254922289000,2.64,8.85,11.563675
313570,18,Downstairs,33254972216000,-0.04,6.51,2.5333846
313571,18,Downstairs,33255022265000,2.26,8.47,-0.27240697
313572,18,Downstairs,33255072222000,7.82,10.38,0.9942854
313573,18,Downstairs,33255122271000,10.57,7.74,2.982856
313574,18,Downstairs,33255172228000,8.47,10.34,-0.46309182
313575,18,Downstairs,33255222277000,3.76,8.28,-1.0760075
313576,18,Downstairs,33255272204000,2.34,8.2,-0.3405087
313577,18,Downstairs,33255322283000,-1.08,16.47,-1.56634
313578,18,Downstairs,33255372210000,-6.28,19.57,-9.043911
313579,18,Downstairs,33255422259000,-2.45,17.12,-5.5162406
313580,18,Downstairs,33255472247000,1.65,6.93,1.0760075
313581,18,Downstairs,33255522265000,0.38,5.98,1.7570249
313582,18,Downstairs,33255572253000,-0.89,5.48,0.88532263
313583,18,Downstairs,33255622302000,0.95,6.97,3.8681788
313584,18,Downstairs,33255672228000,1.42,11.37,0.84446156
313585,18,Downstairs,33255722277000,4.21,14.63,0.27240697
313586,18,Downstairs,33255772204000,5.79,15.17,1.2258313
313587,18,Downstairs,33255822314000,6.02,15.13,-0.6946376999999999
313588,18,Downstairs,33255872210000,6.51,16.09,-6.5513873
313589,18,Downstairs,33255922259000,-1.08,16.36,-4.5628166
313590,18,Downstairs,33255972216000,-1.73,9.19,-4.630918
313591,18,Downstairs,33256022265000,-1.12,7.35,-3.5685309999999997
313592,18,Downstairs,33256072253000,-7.35,4.79,5.012288
313593,18,Downstairs,33256122271000,-3.53,2.56,4.2086873
313594,18,Downstairs,33256172534000,1.61,4.48,1.3075534
313595,18,Downstairs,33256222277000,3.72,13.14,0.5720546
313596,18,Downstairs,33256272204000,6.47,9.28,0.23154591
313597,18,Downstairs,33256322283000,4.56,11.37,0.61291564
313598,18,Downstairs,33256372210000,2.53,19.53,-1.4573771999999998
313599,18,Downstairs,33256422259000,0.53,11.41,-1.4982381999999999
313600,18,Downstairs,33256472216000,-0.89,9.77,0.27240697
313601,18,Downstairs,33256522265000,-0.27,7.44,-0.46309182
313602,18,Downstairs,33256572253000,5.83,5.9,-1.0760075
313603,18,Downstairs,33256622271000,10.38,5.33,5.938472
313604,18,Downstairs,33256672228000,4.52,4.48,8.117727
313605,18,Downstairs,33256722277000,1.23,16.7,-4.140586
313606,18,Downstairs,33256772204000,-5.82,18.35,-4.3993720000000005
313607,18,Downstairs,33256822283000,-1.18,10.61,9.915613
313608,18,Downstairs,33256872210000,4.6,8.62,-0.84446156
313609,18,Downstairs,33256922259000,2.15,10.12,1.5390993
313610,18,Downstairs,33256972216000,8.05,8.08,-0.3405087
313611,18,Downstairs,33257022296000,4.18,7.08,2.8330324
313612,18,Downstairs,33257072222000,0.89,14.98,2.070293
313613,18,Downstairs,33257122271000,2.49,18.16,-5.8567495
313614,18,Downstairs,33257172412000,1.8,10.99,-0.84446156
313615,18,Downstairs,33257222308000,1.54,9.04,-1.1849703
313616,18,Downstairs,33257272326000,6.78,6.74,-1.8796080000000002
313617,18,Downstairs,33257322283000,5.37,6.4,8.812365
313618,18,Downstairs,33257372210000,2.34,3.26,8.281172
313619,18,Downstairs,33257422259000,-0.38,12.53,-6.170017700000001
313620,18,Downstairs,33257472216000,-4.94,15.89,-5.366417
313621,18,Downstairs,33257522265000,-0.69,16.04,5.829509
313622,18,Downstairs,33257572253000,7.35,11.69,2.6423476000000004
313623,18,Downstairs,33257622271000,3.45,11.8,2.152015
313624,18,Downstairs,33257672228000,5.22,6.47,1.6889231
313625,18,Downstairs,33257722308000,4.67,9.3,1.6889231
313626,18,Downstairs,33257772631000,2.15,16.78,0.3405087
313627,18,Downstairs,33257772631000,2.15,16.78,0.3405087
313628,18,Downstairs,33257872210000,0.84,11.45,-2.6014863999999998
313629,18,Downstairs,33257922259000,0.89,8.43,-1.607201
313630,18,Downstairs,33257972216000,3.11,7.16,0.19068487
313631,18,Downstairs,33258022296000,6.78,6.85,5.7477865
313632,18,Downstairs,33258072222000,7.06,6.13,6.3198414000000005
313633,18,Downstairs,33258122271000,3.53,10.38,-1.6480621
313634,18,Downstairs,33258172259000,1.8,18.58,-5.5571017
313635,18,Downstairs,33258222399000,-1.88,12.6,-2.7240696
313636,18,Downstairs,33258272204000,1.12,10.99,6.3198414000000005
313637,18,Downstairs,33258322283000,0.57,5.56,0.08172209
313638,18,Downstairs,33258372241000,3.26,8.28,2.2201166000000003
313639,18,Downstairs,33258422289000,7.01,8.66,4.2086873
313640,18,Downstairs,33258472247000,5.86,9.43,0.95342433
313641,18,Downstairs,33258522265000,5.71,11.54,0.08172209
313642,18,Downstairs,33258572253000,3.11,14.48,2.6832085
313643,18,Downstairs,33258622271000,-1.42,17.88,-2.6832085
313644,18,Downstairs,33258672198000,1.69,13.72,-4.290409599999999
313645,18,Downstairs,33258722277000,1.92,8.16,-4.290409599999999
313646,18,Downstairs,33258772204000,-0.8,6.85,-2.1792557
313647,18,Downstairs,33258822283000,1.88,7.44,1.9477096999999999
313648,18,Downstairs,33258872241000,4.99,10.08,4.3312707
313649,18,Downstairs,33258922259000,9.47,8.69,12.830366999999999
313650,18,Downstairs,33258972247000,5.18,15.51,0.7627395
313651,18,Downstairs,33259022296000,5.43,19.57,-6.0474343
313652,18,Downstairs,33259072222000,3.68,18.58,-15.513576500000001
313653,18,Downstairs,33259122271000,-2.79,14.75,-2.9147543999999996
