,user,label,timestamp,x,y,z
291185,32,Jogging,23942032210000,-12.68,19.57,-5.706926
291189,32,Jogging,23942262221000,10.5,13.29,9.466142
291190,32,Jogging,23942312148000,-2.75,8.24,-5.284695
291191,32,Jogging,23942362410000,-14.98,18.2,-12.721405
291192,32,Jogging,23942412520000,-10.88,4.86,-5.5571017
291193,32,Jogging,23942462233000,-14.14,19.53,-2.2609777
291194,32,Jogging,23942512252000,11.54,18.73,2.3699405
291195,32,Jogging,23942562301000,2.07,4.82,-1.9204689999999998
291196,32,Jogging,23942612319000,13.44,3.49,3.214402
291197,32,Jogging,23942662276000,9.19,-0.34,3.0237172
291198,32,Jogging,23942712111000,-2.68,4.21,2.1111538
291200,32,Jogging,23942762313000,-1.61,17.97,-0.9942854
291199,32,Jogging,23942762313000,-1.61,17.97,-0.9942854
291204,32,Jogging,23943032119000,-0.99,-11.03,0.7218784
291205,32,Jogging,23943032119000,-0.99,-11.03,0.7218784
291206,32,Jogging,23943132308000,-8.66,6.28,2.9147543999999996
291207,32,Jogging,23943182326000,-14.18,17.16,-14.750835999999998
291208,32,Jogging,23943232223000,-9.23,9.72,-2.9556155
291209,32,Jogging,23943282302000,-4.79,19.57,-7.164303
291210,32,Jogging,23943332229000,6.63,15.17,12.217452
291211,32,Jogging,23943382216000,2.34,-1.84,1.1168685
291212,32,Jogging,23943432296000,13.18,4.9,3.3778462
291213,32,Jogging,23943482284000,3.87,1.88,4.2495484
291215,32,Jogging,23943532210000,-1.38,4.29,-0.50395286
291214,32,Jogging,23943532210000,-1.38,4.29,-0.50395286
291216,32,Jogging,23943600753000,4.02,19.19,-3.2552630000000002
291217,32,Jogging,23943652327000,-14.86,18.89,-6.1291566
291218,32,Jogging,23943702376000,-3.02,5.79,-2.9556155
291219,32,Jogging,23943752273000,-8.96,-5.09,-6.238119
291220,32,Jogging,23943802291000,-4.56,-16.44,-5.175732
291221,32,Jogging,23943852279000,3.3,3.64,10.800936
291222,32,Jogging,23943902266000,5.98,15.47,-2.3426998
291223,32,Jogging,23943952285000,-14.86,11.03,-4.630918
291224,32,Jogging,23944002303000,-10.61,8.39,-7.246025
291225,32,Jogging,23944052260000,-14.21,15.98,-5.706926
291226,32,Jogging,23944102309000,0.27,19.57,-9.575105
291227,32,Jogging,23944152266000,5.24,14.6,7.7772183
291228,32,Jogging,23944202315000,6.85,-3.36,4.5628166
291229,32,Jogging,23944252120000,14.06,3.38,2.6014863999999998
291230,32,Jogging,23944302108000,-1.31,1.76,5.012288
291232,32,Jogging,23944352706000,-2.18,6.4,-3.8681788
291231,32,Jogging,23944352706000,-2.18,6.4,-3.8681788
291233,32,Jogging,23944442122000,-12.91,19.57,-6.3198414000000005
291240,32,Jogging,23944812270000,-14.48,18.96,-11.413852
291241,32,Jogging,23944812270000,-14.48,18.96,-11.413852
291242,32,Jogging,23944912368000,5.24,19.57,-9.765789
291243,32,Jogging,23944962630000,0.15,12.41,4.7126402999999994
291246,32,Jogging,23945012343000,8.12,0.5,4.018002500000001
291245,32,Jogging,23945012343000,8.12,0.5,4.018002500000001
291244,32,Jogging,23945012343000,8.12,0.5,4.018002500000001
291249,32,Jogging,23945172652000,-0.53,15.89,-3.2552630000000002
291250,32,Jogging,23945172652000,-0.53,15.89,-3.2552630000000002
291248,32,Jogging,23945172652000,-0.53,15.89,-3.2552630000000002
291253,32,Jogging,23945412459000,-6.82,-17.05,-10.691972999999999
291254,32,Jogging,23945462142000,0.89,0.34,5.938472
291255,32,Jogging,23945512160000,9.51,17.47,-0.42223078
291256,32,Jogging,23945562453000,-16.74,16.55,-3.8273177000000005
291257,32,Jogging,23945612197000,-11.99,3.95,-8.771504
291258,32,Jogging,23945662307000,-14.18,18.28,-3.336985
291259,32,Jogging,23945722304000,9.81,19.5,-1.7978859
291260,32,Jogging,23945772231000,1.23,5.09,-0.8036005
291261,32,Jogging,23945822280000,14.56,2.3,2.7240696
291262,32,Jogging,23945872207000,9.58,0.38,3.2552630000000002
291263,32,Jogging,23945928176000,-3.26,2.68,2.6423476000000004
291266,32,Jogging,23945982863000,0.27,16.17,-2.3018389
291264,32,Jogging,23945982863000,0.27,16.17,-2.3018389
291265,32,Jogging,23945982863000,0.27,16.17,-2.3018389
291267,32,Jogging,23946052504000,-13.76,19.57,-9.084772000000001
291268,32,Jogging,23946052504000,-13.76,19.57,-9.084772000000001
291269,32,Jogging,23946052504000,-13.76,19.57,-9.084772000000001
291271,32,Jogging,23946272109000,1.99,1.73,10.800936
291272,32,Jogging,23946332381000,-0.19,12.07,-1.2666923
291274,32,Jogging,23946382308000,-14.21,18.35,-11.3321295
291273,32,Jogging,23946382308000,-14.21,18.35,-11.3321295
291275,32,Jogging,23946482345000,-12.95,19.53,-2.5333846
291276,32,Jogging,23946532332000,11.84,19.15,1.4165162
291277,32,Jogging,23946582290000,0.61,5.22,-1.1441092
291278,32,Jogging,23946632247000,13.14,3.6,3.9090397000000006
291279,32,Jogging,23946632247000,13.14,3.6,3.9090397000000006
291280,32,Jogging,23946703292000,5.9,-0.04,3.9090397000000006
291281,32,Jogging,23946703292000,5.9,-0.04,3.9090397000000006
291285,32,Jogging,23946882400000,-11.18,18.89,-3.3642258999999997
291287,32,Jogging,23947052230000,-3.45,-19.34,-5.5162406
291288,32,Jogging,23947102218000,10.12,14.63,6.851035
291289,32,Jogging,23947152327000,-8.24,12.34,2.3426998
291290,32,Jogging,23947202285000,-10.42,10.65,-15.132206
291291,32,Jogging,23947252212000,-13.1,11.41,-5.5571017
291292,32,Jogging,23947302321000,-10.38,19.57,-3.0237172
291293,32,Jogging,23947362227000,8.2,15.51,13.021052000000001
291294,32,Jogging,23947412246000,3.15,-3.83,0.14982383
291295,32,Jogging,23947412246000,3.15,-3.83,0.14982383
291296,32,Jogging,23947512587000,4.06,1.69,5.47538
291297,32,Jogging,23947562240000,-1.46,7.01,-3.4868089999999996
291298,32,Jogging,23947612197000,-3.21,19.57,1.4573771999999998
291299,32,Jogging,23947662246000,-12.07,19.57,-4.9850473
291300,32,Jogging,23947712264000,-7.25,11.8,-3.1054392
291301,32,Jogging,23947762252000,-5.6,-1.99,-6.9327570000000005
291302,32,Jogging,23947812301000,-6.28,-16.59,-10.038197
291303,32,Jogging,23947862197000,-0.38,-6.02,1.3756552
291304,32,Jogging,23947912307000,11.3,17.69,3.4868089999999996
291305,32,Jogging,23947962203000,-10.34,9.08,1.4982381999999999
291306,32,Jogging,23948012282000,-12.76,10.61,-11.985906
291307,32,Jogging,23948062270000,-14.14,10.88,-6.891896000000001
291308,32,Jogging,23948112258000,-5.01,19.57,-9.00305
291309,32,Jogging,23948162246000,4.25,16.32,9.084772000000001
291310,32,Jogging,23948212264000,6.4,-2.45,3.4868089999999996
291311,32,Jogging,23948262221000,15.98,3.72,3.5685309999999997
291314,32,Jogging,23948314345000,2.76,2.11,5.09401
291312,32,Jogging,23948314345000,2.76,2.11,5.09401
291313,32,Jogging,23948314345000,2.76,2.11,5.09401
291318,32,Jogging,23948562575000,-5.05,0.38,-8.962189
291319,32,Jogging,23948562575000,-5.05,0.38,-8.962189
291320,32,Jogging,23948612166000,-7.08,-17.73,-9.466142
291322,32,Jogging,23948772872000,-10.46,11.6,-0.42223078
291323,32,Jogging,23948822280000,-11.18,7.12,-12.367275999999999
291324,32,Jogging,23948872268000,-14.14,14.1,-6.170017700000001
291325,32,Jogging,23948922408000,-3.41,19.57,-7.7363577
291326,32,Jogging,23948972274000,7.67,13.59,9.152874
291330,32,Jogging,23949022231000,6.17,-3.15,4.1814466
291328,32,Jogging,23949022231000,6.17,-3.15,4.1814466
291327,32,Jogging,23949022231000,6.17,-3.15,4.1814466
291329,32,Jogging,23949022231000,6.17,-3.15,4.1814466
291334,32,Jogging,23949212478000,0.89,17.97,-0.53119355
291333,32,Jogging,23949212478000,0.89,17.97,-0.53119355
291332,32,Jogging,23949212478000,0.89,17.97,-0.53119355
291337,32,Jogging,23949452163000,-4.99,-16.28,-1.56634
291336,32,Jogging,23949452163000,-4.99,-16.28,-1.56634
291338,32,Jogging,23949511031000,8.5,12.41,8.158588
291339,32,Jogging,23949562301000,-2.37,7.78,-3.0645783
291340,32,Jogging,23949612288000,-12.56,13.33,-14.056199
291341,32,Jogging,23949662276000,-16.97,7.63,-4.3312707
291342,32,Jogging,23949712295000,-14.56,19.57,-1.3756552
291343,32,Jogging,23949762282000,12.72,19.34,-0.27240697
291344,32,Jogging,23949812301000,2.03,5.67,-2.8330324
291345,32,Jogging,23949862258000,14.67,1.5,5.47538
291346,32,Jogging,23949912368000,8.43,0.38,2.3699405
291347,32,Jogging,23949962111000,-3.79,4.82,3.5685309999999997
291348,32,Jogging,23950012374000,1.76,14.82,-3.173541
291349,32,Jogging,23950012374000,1.76,14.82,-3.173541
291357,32,Jogging,23950422469000,-16.82,14.1,-6.170017700000001
291356,32,Jogging,23950422469000,-16.82,14.1,-6.170017700000001
291358,32,Jogging,23950472274000,-13.29,9.66,-6.633109599999999
291359,32,Jogging,23950472274000,-13.29,9.66,-6.633109599999999
291360,32,Jogging,23950572249000,4.9,19.57,-9.384419
291361,32,Jogging,23950622268000,6.28,9.85,3.5685309999999997
291362,32,Jogging,23950672255000,7.89,-0.46,5.829509
291363,32,Jogging,23950672255000,7.89,-0.46,5.829509
291364,32,Jogging,23950672255000,7.89,-0.46,5.829509
291366,32,Jogging,23950672255000,7.89,-0.46,5.829509
291365,32,Jogging,23950672255000,7.89,-0.46,5.829509
291367,32,Jogging,23950743697000,8.39,0.19,3.2552630000000002
291370,32,Jogging,23951122878000,5.13,6.05,9.956474
291371,32,Jogging,23951122878000,5.13,6.05,9.956474
291372,32,Jogging,23951222213000,-15.24,14.06,-5.938472
291373,32,Jogging,23951272231000,-10.23,9.47,-6.3198414000000005
291374,32,Jogging,23951272231000,-10.23,9.47,-6.3198414000000005
291375,32,Jogging,23951332290000,-13.67,19.08,-1.9477096999999999
291376,32,Jogging,23951392287000,8.35,17.88,8.499097
291377,32,Jogging,23951442214000,0.11,3.15,-2.7921712000000003
291378,32,Jogging,23951492263000,15.43,4.79,1.5390993
291379,32,Jogging,23951542251000,9.23,-0.3,3.8273177000000005
291380,32,Jogging,23951592269000,-2.64,4.1,-0.19068487
291381,32,Jogging,23951642135000,0.04,18.47,-0.3405087
291382,32,Jogging,23951692611000,-12.53,19.57,-8.730642999999999
291383,32,Jogging,23951692611000,-12.53,19.57,-8.730642999999999
291389,32,Jogging,23952012404000,-14.21,14.52,-0.23154591
291390,32,Jogging,23952062240000,-9.77,2.3,-11.9450445
291391,32,Jogging,23952112349000,-14.94,14.79,-6.0882955
291392,32,Jogging,23952162246000,-3.64,19.57,-7.586533500000001
291393,32,Jogging,23952212325000,7.7,15.66,12.571581
291396,32,Jogging,23952272231000,6.32,-0.89,4.440233
291395,32,Jogging,23952272231000,6.32,-0.89,4.440233
291394,32,Jogging,23952272231000,6.32,-0.89,4.440233
291397,32,Jogging,23952333571000,10.38,1.18,3.1463002999999996
291399,32,Jogging,23952462142000,-6.32,19.57,2.3699405
291402,32,Jogging,23952512771000,-8.62,19.57,-9.00305
291400,32,Jogging,23952512771000,-8.62,19.57,-9.00305
291401,32,Jogging,23952512771000,-8.62,19.57,-9.00305
291404,32,Jogging,23952712172000,-4.33,-8.96,1.0351465
291405,32,Jogging,23952772628000,8.16,12.72,6.2789803
291406,32,Jogging,23952822280000,-11.54,12.79,-2.4925237
291407,32,Jogging,23952872298000,-10.95,9.28,-7.3141264999999995
291408,32,Jogging,23952922255000,-12.45,12.49,-6.973617999999999
291409,32,Jogging,23952972304000,0.76,19.57,-6.469665
291410,32,Jogging,23953022231000,0.53,13.4,5.175732
291411,32,Jogging,23953072310000,4.37,-0.19,3.4868089999999996
291412,32,Jogging,23953122146000,14.6,3.6,2.1111538
291414,32,Jogging,23953173903000,4.4,1.8,6.2108784
291413,32,Jogging,23953173903000,4.4,1.8,6.2108784
291417,32,Jogging,23953292220000,-14.21,19.57,-3.9771416
291416,32,Jogging,23953292220000,-14.21,19.57,-3.9771416
291420,32,Jogging,23953342147000,-14.71,18.39,-4.7126402999999994
291419,32,Jogging,23953342147000,-14.71,18.39,-4.7126402999999994
291418,32,Jogging,23953342147000,-14.71,18.39,-4.7126402999999994
291422,32,Jogging,23953602218000,-1.12,10.12,-3.4459480000000005
291423,32,Jogging,23953652419000,-16.04,17.82,-9.043911
291424,32,Jogging,23953702224000,-12.56,2.91,-5.09401
291425,32,Jogging,23953752303000,-14.06,19.53,-2.3018389
291426,32,Jogging,23953802230000,12.34,19.46,-2.6832085
291429,32,Jogging,23954142775000,-13.59,19.53,-5.7477865
