,user,label,timestamp,x,y,z
315312,18,Downstairs,33550042285000,3.76,12.11,-4.862464
315313,18,Downstairs,33550092211000,5.79,2.91,15.826844
315314,18,Downstairs,33550142291000,-6.93,8.77,-3.7183550000000003
315315,18,Downstairs,33550192218000,-13.06,13.53,-6.428804
315316,18,Downstairs,33550242266000,-6.82,11.56,0.7218784
315317,18,Downstairs,33550292346000,-1.31,13.1,2.3018389
315318,18,Downstairs,33550342272000,0.95,16.25,-0.42223078
315319,18,Downstairs,33550392199000,3.15,12.3,2.9147543999999996
315320,18,Downstairs,33550442279000,-1.14,9.96,2.4516625
315321,18,Downstairs,33550492236000,-9.19,16.4,-2.9147543999999996
315322,18,Downstairs,33550542285000,-10.23,12.11,-6.66035
315323,18,Downstairs,33550592211000,-2.68,3.6,-0.5720546
315324,18,Downstairs,33550642352000,-1.76,7.4,-0.08172209
315325,18,Downstairs,33550692218000,1.46,11.99,-2.7240696
315326,18,Downstairs,33550742266000,2.96,12.18,-1.334794
315327,18,Downstairs,33550792315000,4.94,2.68,5.175732
315328,18,Downstairs,33550792315000,4.94,2.68,5.175732
315329,18,Downstairs,33550892291000,-15.24,17.67,-4.0588636
315330,18,Downstairs,33550942340000,-7.89,6.97,-0.84446156
315331,18,Downstairs,33550942340000,-7.89,6.97,-0.84446156
315332,18,Downstairs,33551002246000,-1.88,9.04,1.7570249
315333,18,Downstairs,33551102221000,1.95,10.23,0.61291564
315334,18,Downstairs,33551102221000,1.95,10.23,0.61291564
315335,18,Downstairs,33551152270000,3.3,6.85,2.070293
315336,18,Downstairs,33551252246000,-10.34,18.31,1.0351465
315337,18,Downstairs,33551252246000,-10.34,18.31,1.0351465
315338,18,Downstairs,33551302233000,-5.43,6.82,-1.6889231
315339,18,Downstairs,33551402209000,4.67,6.32,-4.2086873
315340,18,Downstairs,33551452319000,2.6,9.72,-4.2086873
315342,18,Downstairs,33551502307000,3.21,13.67,8.499097
315341,18,Downstairs,33551502307000,3.21,13.67,8.499097
315343,18,Downstairs,33551602252000,-16.44,17.47,-3.7864565999999997
315344,18,Downstairs,33551652301000,-5.82,4.94,-0.53119355
315345,18,Downstairs,33551652301000,-5.82,4.94,-0.53119355
315346,18,Downstairs,33551712298000,-8.2,3.11,3.3778462
315347,18,Downstairs,33551762286000,-4.56,1.73,7.055340299999999
315348,18,Downstairs,33551812609000,-0.8,9.81,1.4573771999999998
315349,18,Downstairs,33551862261000,6.51,17.77,-3.6774937999999993
315350,18,Downstairs,33551912310000,1.12,12.22,-2.3018389
315351,18,Downstairs,33551962268000,-5.48,14.79,-0.0
315352,18,Downstairs,33552012316000,-5.86,8.73,-0.61291564
315353,18,Downstairs,33552062274000,-5.63,7.55,-0.46309182
315354,18,Downstairs,33552112292000,-9.58,12.37,-2.7513103
315355,18,Downstairs,33552162371000,-2.45,6.17,-4.862464
315356,18,Downstairs,33552212268000,-1.92,7.5,-1.6480621
315357,18,Downstairs,33552262286000,-2.91,10.53,-0.9942854
315358,18,Downstairs,33552312304000,-3.6,9.62,-0.08172209
315359,18,Downstairs,33552362261000,-2.68,9.92,0.23154591
315360,18,Downstairs,33552412280000,-0.91,10.69,2.6014863999999998
315361,18,Downstairs,33552462268000,-0.61,11.96,-3.4868089999999996
315362,18,Downstairs,33552512286000,0.84,11.22,-0.84446156
315363,18,Downstairs,33552562274000,2.91,9.04,-0.8036005
315364,18,Downstairs,33552612261000,-2.03,15.47,1.0760075
315365,18,Downstairs,33552662280000,-13.95,19.34,-3.3642258999999997
315366,18,Downstairs,33552712298000,-8.16,9.28,-2.1383946
315367,18,Downstairs,33552762286000,-4.59,4.94,1.7297841
315368,18,Downstairs,33552812274000,-5.86,3.21,1.7978859
315369,18,Downstairs,33552862261000,-3.53,0.84,1.334794
315370,18,Downstairs,33552912310000,-0.23,3.95,2.7921712000000003
315371,18,Downstairs,33552962268000,-1.38,10.15,1.1441092
315372,18,Downstairs,33553012316000,-1.08,18.5,-4.140586
315373,18,Downstairs,33553062274000,-1.14,8.39,0.7218784
315374,18,Downstairs,33553112261000,-2.72,12.26,1.2258313
315375,18,Downstairs,33553162280000,-4.67,12.22,-0.88532263
315376,18,Downstairs,33553212298000,-5.28,15.94,-0.46309182
315377,18,Downstairs,33553262316000,-2.18,8.35,-1.4165162
315378,18,Downstairs,33553312304000,-2.64,5.28,-1.6889231
315379,18,Downstairs,33553362261000,-1.76,6.4,-1.1168685
315380,18,Downstairs,33553412310000,-1.27,6.36,-1.334794
315381,18,Downstairs,33553462268000,-0.23,9.19,-0.9942854
315382,18,Downstairs,33553512316000,6.82,8.16,0.23154591
315383,18,Downstairs,33553562274000,0.72,16.25,0.27240697
315384,18,Downstairs,33553612292000,-16.47,19.27,-0.9942854
315385,18,Downstairs,33553662280000,-8.88,3.53,11.795221000000002
315386,18,Downstairs,33553712268000,-0.69,7.86,3.4868089999999996
315387,18,Downstairs,33553762286000,2.18,8.81,-2.2201166000000003
315388,18,Downstairs,33553812274000,3.15,13.8,-2.9556155
315389,18,Downstairs,33553862261000,1.27,7.12,-1.525479
315390,18,Downstairs,33553912280000,-0.99,7.93,0.92618364
315391,18,Downstairs,33553962268000,-10.19,18.47,-0.0
315392,18,Downstairs,33554012286000,-6.97,14.98,-1.3756552
315393,18,Downstairs,33554062274000,-0.99,6.09,-0.88532263
315394,18,Downstairs,33554112292000,7.46,10.0,-3.8681788
315395,18,Downstairs,33554162280000,2.87,6.51,-0.3405087
315396,18,Downstairs,33554212298000,1.31,2.6,4.1814466
315397,18,Downstairs,33554262286000,-4.99,6.55,1.4573771999999998
315398,18,Downstairs,33554312304000,-17.24,19.31,-0.0
315399,18,Downstairs,33554362261000,-3.49,8.58,3.6366330000000002
315400,18,Downstairs,33554412280000,0.65,11.26,-0.08172209
315401,18,Downstairs,33554462268000,-1.99,13.21,-1.1849703
315402,18,Downstairs,33554512316000,3.68,3.57,-2.1111538
315403,18,Downstairs,33554562274000,3.72,7.63,-0.29964766
315404,18,Downstairs,33554612292000,-10.8,19.27,-2.5333846
315405,18,Downstairs,33554662280000,-5.63,11.11,0.8036005
315406,18,Downstairs,33554712268000,-0.61,4.79,1.6480621
315407,18,Downstairs,33554762286000,5.52,10.65,-6.5105260000000005
315408,18,Downstairs,33554812304000,3.91,7.25,-3.4050870000000004
315409,18,Downstairs,33554862261000,-1.57,8.85,1.1849703
315410,18,Downstairs,33554912310000,-9.96,16.4,2.9147543999999996
315411,18,Downstairs,33554962268000,-14.29,16.89,-2.9556155
315412,18,Downstairs,33555012286000,-2.98,7.31,3.4050870000000004
315413,18,Downstairs,33555062274000,-1.18,7.89,3.6366330000000002
315414,18,Downstairs,33555112292000,1.31,9.15,-4.1814466
315415,18,Downstairs,33555162280000,-1.61,11.14,1.1441092
315416,18,Downstairs,33555212268000,2.87,11.5,1.5390993
315417,18,Downstairs,33555262286000,5.05,6.17,-0.040861044
315418,18,Downstairs,33555312304000,-4.99,13.95,-1.0351465
315419,18,Downstairs,33555362292000,-17.16,19.53,-3.4868089999999996
315420,18,Downstairs,33555412310000,-6.89,7.5,-1.0760075
315421,18,Downstairs,33555462298000,-6.59,4.94,-6.0201936
315422,18,Downstairs,33555512316000,-5.71,6.05,0.27240697
315423,18,Downstairs,33555562274000,-0.46,4.52,6.823794400000001
315424,18,Downstairs,33555612261000,-0.5,10.42,1.7978859
315425,18,Downstairs,33555662280000,-1.18,12.15,-0.46309182
315426,18,Downstairs,33555712268000,0.93,14.86,-1.4982381999999999
315427,18,Downstairs,33555762286000,6.44,11.92,-0.10896278
315428,18,Downstairs,33555812274000,0.19,14.82,1.7978859
315429,18,Downstairs,33555862261000,-16.59,19.53,-6.428804
315430,18,Downstairs,33555912280000,-7.97,9.0,-3.1054392
315431,18,Downstairs,33555962268000,-4.59,6.21,-2.3699405
315432,18,Downstairs,33556012316000,-3.68,5.05,0.46309182
315433,18,Downstairs,33556062274000,-6.4,4.14,-0.6537767
315434,18,Downstairs,33556112292000,-8.73,8.39,-1.1168685
315435,18,Downstairs,33556162280000,-2.79,10.04,0.7627395
315436,18,Downstairs,33556212268000,1.65,10.53,-1.525479
315437,18,Downstairs,33556262286000,4.18,11.99,-0.9125633
315438,18,Downstairs,33556312274000,0.46,18.7,-3.4459480000000005
315439,18,Downstairs,33556362261000,-4.4,11.14,3.214402
315440,18,Downstairs,33556412280000,-3.68,3.64,1.7978859
315441,18,Downstairs,33556462268000,-4.99,6.63,-0.84446156
315442,18,Downstairs,33556512286000,-10.04,14.02,-8.853226
315443,18,Downstairs,33556562274000,-3.34,6.4,-1.334794
315444,18,Downstairs,33556612323000,-2.83,9.0,0.14982383
315445,18,Downstairs,33556672229000,-1.42,9.38,-0.38136974
315446,18,Downstairs,33556722216000,-0.11,6.85,0.38136974
315447,18,Downstairs,33556772265000,0.8,6.74,2.152015
315448,18,Downstairs,33556822253000,-3.02,13.25,1.4165162
315449,18,Downstairs,33556872271000,-2.49,8.89,0.313268
315450,18,Downstairs,33556922137000,5.43,5.43,-4.7535014
315451,18,Downstairs,33556972247000,1.04,14.41,-4.9850473
315452,18,Downstairs,33557022265000,-10.84,19.5,1.5390993
315453,18,Downstairs,33557072253000,-12.37,12.37,4.5219555
315454,18,Downstairs,33557122302000,-3.49,9.19,6.4015636
315455,18,Downstairs,33557172198000,1.65,8.43,2.7649305
315456,18,Downstairs,33557222308000,2.6,6.59,-2.7513103
315457,18,Downstairs,33557272204000,1.69,8.24,-2.6423476000000004
315458,18,Downstairs,33557322314000,-2.03,11.99,-3.8273177000000005
315459,18,Downstairs,33557372210000,-2.03,10.5,-1.525479
315460,18,Downstairs,33557422259000,-6.36,16.28,2.2201166000000003
315461,18,Downstairs,33557472216000,-5.9,11.18,1.1168685
315462,18,Downstairs,33557522296000,-5.86,13.59,0.19068487
315463,18,Downstairs,33557572222000,-2.45,9.08,-3.5957718
315464,18,Downstairs,33557622302000,-3.3,7.01,-0.7627395
315465,18,Downstairs,33557672198000,-2.96,5.01,0.3405087
315466,18,Downstairs,33557722308000,4.6,2.68,-1.525479
315467,18,Downstairs,33557772235000,4.21,12.34,-4.671779
315468,18,Downstairs,33557822314000,7.89,7.86,2.8330324
315469,18,Downstairs,33557872210000,-1.46,16.82,2.6423476000000004
315470,18,Downstairs,33557922290000,-13.72,18.28,-0.61291564
315471,18,Downstairs,33557972216000,-8.77,7.25,1.0760075
315472,18,Downstairs,33558022265000,-1.38,8.73,5.9793324
315473,18,Downstairs,33558072222000,-0.04,9.19,-1.2666923
315474,18,Downstairs,33558122271000,-0.04,13.48,-3.0645783
315475,18,Downstairs,33558172229000,2.96,7.89,-1.525479
315476,18,Downstairs,33558222277000,1.14,7.55,-0.84446156
315477,18,Downstairs,33558272235000,-6.55,17.69,0.84446156
315478,18,Downstairs,33558322314000,-5.24,13.4,-1.6889231
315479,18,Downstairs,33558372241000,-2.53,6.74,0.92618364
315480,18,Downstairs,33558422290000,-1.12,10.27,-3.6366330000000002
315481,18,Downstairs,33558472216000,3.17,6.24,-6.973617999999999
315482,18,Downstairs,33558522326000,1.88,5.18,1.6889231
315483,18,Downstairs,33558572222000,-1.69,10.95,4.2495484
315484,18,Downstairs,33558622302000,-12.41,18.73,0.61291564
315485,18,Downstairs,33558672198000,-6.13,10.04,0.7218784
315486,18,Downstairs,33558722277000,-0.53,7.08,0.6946376999999999
315487,18,Downstairs,33558772204000,-0.15,11.3,-0.38136974
315488,18,Downstairs,33558822314000,-0.99,12.79,0.42223078
315489,18,Downstairs,33558872729000,4.44,6.51,-0.42223078
315490,18,Downstairs,33558922259000,-1.33,9.3,-0.27240697
315491,18,Downstairs,33558972216000,-10.04,18.54,-4.3312707
315492,18,Downstairs,33559022296000,-6.59,11.37,0.53119355
315493,18,Downstairs,33559072222000,-2.83,3.53,0.53119355
315494,18,Downstairs,33559122302000,-0.38,7.89,-3.214402
315495,18,Downstairs,33559172198000,5.71,8.28,-3.214402
315496,18,Downstairs,33559222308000,3.26,6.44,1.56634
315497,18,Downstairs,33559272906000,-1.84,14.9,2.4108016
315498,18,Downstairs,33559322283000,-11.65,17.58,-1.1441092
315499,18,Downstairs,33559372271000,-8.31,9.51,0.19068487
315500,18,Downstairs,33559422198000,-3.95,6.78,5.175732
315501,18,Downstairs,33559472277000,-0.99,9.66,0.10896278
315502,18,Downstairs,33559522235000,1.42,12.95,-0.84446156
315503,18,Downstairs,33559572314000,5.43,9.77,-1.3756552
315504,18,Downstairs,33559622241000,1.42,6.59,1.1849703
315505,18,Downstairs,33559672290000,-4.86,15.89,1.9204689999999998
315506,18,Downstairs,33559722247000,-13.21,19.53,-3.9499009
315507,18,Downstairs,33559772296000,-6.02,9.85,-4.5219555
315508,18,Downstairs,33559822253000,-5.18,7.74,-10.460427000000001
315509,18,Downstairs,33559872302000,-4.44,5.24,1.56634
315510,18,Downstairs,33559922198000,-0.19,7.46,8.076866
315511,18,Downstairs,33559972338000,-0.99,8.58,2.3699405
