,user,label,timestamp,x,y,z
300795,32,Jogging,24504772139000,5.98,2.53,5.284695
300796,32,Jogging,24504772139000,5.98,2.53,5.284695
300797,32,Jogging,24504828811000,-1.61,11.14,-4.0588636
300802,32,Jogging,24505112441000,-0.42,-13.72,-0.14982383
300803,32,Jogging,24505212203000,-6.4,7.97,0.23154591
300804,32,Jogging,24505212203000,-6.4,7.97,0.23154591
300805,32,Jogging,24505312240000,-12.3,10.23,-4.372132
300806,32,Jogging,24505362227000,-12.76,19.31,-7.586533500000001
300811,32,Jogging,24505472152000,3.06,4.4,-7.586533500000001
300810,32,Jogging,24505472152000,3.06,4.4,-7.586533500000001
300807,32,Jogging,24505472152000,3.06,4.4,-7.586533500000001
300809,32,Jogging,24505472152000,3.06,4.4,-7.586533500000001
300808,32,Jogging,24505472152000,3.06,4.4,-7.586533500000001
300813,32,Jogging,24505602401000,0.23,3.34,4.8216033
300812,32,Jogging,24505602401000,0.23,3.34,4.8216033
300816,32,Jogging,24505822158000,-4.4,8.28,-4.903325
300817,32,Jogging,24505872115000,-6.36,-10.46,-10.841797
300818,32,Jogging,24505922347000,-2.79,-18.05,3.6366330000000002
300819,32,Jogging,24505972274000,8.73,9.53,8.281172
300820,32,Jogging,24506022353000,-1.57,10.27,-5.625203599999999
300821,32,Jogging,24506082534000,-16.7,17.54,-14.437569
300822,32,Jogging,24506132186000,-11.22,9.51,-7.2732660000000005
300823,32,Jogging,24506182296000,-12.72,19.53,-3.4459480000000005
300824,32,Jogging,24506232223000,11.84,18.43,8.19945
300825,32,Jogging,24506282302000,2.87,3.57,-2.1111538
300826,32,Jogging,24506332259000,15.6,2.68,2.9147543999999996
300827,32,Jogging,24506382461000,9.85,0.84,4.2086873
300828,32,Jogging,24506432113000,-3.02,7.82,1.6480621
300830,32,Jogging,24506485976000,-6.17,19.53,-1.8387468999999996
300831,32,Jogging,24506485976000,-6.17,19.53,-1.8387468999999996
300829,32,Jogging,24506485976000,-6.17,19.53,-1.8387468999999996
300832,32,Jogging,24506549056000,-7.63,19.57,-5.7477865
300834,32,Jogging,24506602279000,-2.26,15.32,-0.19068487
300833,32,Jogging,24506602279000,-2.26,15.32,-0.19068487
300836,32,Jogging,24506832137000,-1.88,10.27,-4.440233
300837,32,Jogging,24506832137000,-1.88,10.27,-4.440233
300838,32,Jogging,24506932265000,-11.5,7.5,-8.921327999999999
300839,32,Jogging,24506982345000,-12.15,19.53,-3.2552630000000002
300840,32,Jogging,24507032332000,11.5,18.35,9.302697
300841,32,Jogging,24507082229000,-0.53,-1.33,-4.140586
300843,32,Jogging,24507132613000,14.18,3.34,3.9499009
300842,32,Jogging,24507132613000,14.18,3.34,3.9499009
300845,32,Jogging,24507213363000,-0.34,5.22,5.09401
300844,32,Jogging,24507213363000,-0.34,5.22,5.09401
300848,32,Jogging,24507502486000,-3.3,-18.66,-0.42223078
300849,32,Jogging,24507552413000,3.91,0.42,8.812365
300850,32,Jogging,24507652236000,-15.83,15.13,-4.290409599999999
300851,32,Jogging,24507702254000,-14.71,6.97,-8.267551
300852,32,Jogging,24507752242000,-14.37,17.5,-2.8738932999999998
300853,32,Jogging,24507752242000,-14.37,17.5,-2.8738932999999998
300854,32,Jogging,24507852218000,7.89,12.95,10.991621
300856,32,Jogging,24507902297000,4.82,-3.76,0.88532263
300855,32,Jogging,24507902297000,4.82,-3.76,0.88532263
300857,32,Jogging,24507962295000,11.69,2.53,3.4868089999999996
300858,32,Jogging,24508012465000,-0.46,4.1,4.3312707
300859,32,Jogging,24508062118000,-1.12,13.8,-3.2961242
300860,32,Jogging,24508112258000,-13.76,19.57,0.14982383
300862,32,Jogging,24508232253000,-3.21,7.5,-5.706926
300863,32,Jogging,24508232253000,-3.21,7.5,-5.706926
300864,32,Jogging,24508232253000,-3.21,7.5,-5.706926
300866,32,Jogging,24508402327000,2.87,15.43,0.42223078
300867,32,Jogging,24508452987000,-17.24,8.96,-6.9327570000000005
300868,32,Jogging,24508512252000,-10.42,8.96,-6.9327570000000005
300869,32,Jogging,24508562148000,-13.91,18.05,-4.0588636
300870,32,Jogging,24508622268000,8.39,19.57,-5.5571017
300871,32,Jogging,24508672255000,4.56,7.27,-5.7886477
300872,32,Jogging,24508722274000,13.53,-1.08,4.5219555
300874,32,Jogging,24508722274000,13.53,-1.08,4.5219555
300873,32,Jogging,24508722274000,13.53,-1.08,4.5219555
300876,32,Jogging,24508793410000,-0.34,3.68,5.243834
300875,32,Jogging,24508793410000,-0.34,3.68,5.243834
300879,32,Jogging,24509012130000,-3.26,10.8,-3.7592160000000003
300880,32,Jogging,24509112288000,-2.56,-17.05,-1.7978859
300881,32,Jogging,24509163161000,5.41,3.83,10.337844
300882,32,Jogging,24509212203000,0.5,14.25,-3.336985
300883,32,Jogging,24509262252000,-16.7,15.85,-4.671779
300884,32,Jogging,24509312240000,-13.95,7.74,-8.689782000000001
300885,32,Jogging,24509362319000,-15.85,18.89,-2.6423476000000004
300886,32,Jogging,24509412215000,9.72,19.53,-4.018002500000001
300887,32,Jogging,24509462295000,4.75,8.89,-0.0
300888,32,Jogging,24509512282000,10.04,-1.04,3.4459480000000005
300889,32,Jogging,24509562331000,9.81,0.93,2.6014863999999998
300890,32,Jogging,24509612136000,-0.84,4.86,4.2495484
300891,32,Jogging,24509662307000,-1.04,15.4,-3.2961242
300892,32,Jogging,24509662307000,-1.04,15.4,-3.2961242
300893,32,Jogging,24509662307000,-1.04,15.4,-3.2961242
300894,32,Jogging,24509732650000,-14.37,19.57,-7.654635400000001
300896,32,Jogging,24509782454000,-9.43,18.09,-1.4573771999999998
300895,32,Jogging,24509782454000,-9.43,18.09,-1.4573771999999998
300898,32,Jogging,24509980239000,7.01,2.98,9.915613
300899,32,Jogging,24510032485000,-4.02,8.47,-6.66035
300900,32,Jogging,24510082290000,-15.83,13.59,-10.419566
300901,32,Jogging,24510132277000,-12.98,6.7,-8.349273
300902,32,Jogging,24510182296000,-13.72,19.57,-4.8216033
300903,32,Jogging,24510232436000,14.6,19.34,5.625203599999999
300904,32,Jogging,24510282210000,2.64,2.72,-6.742072
300905,32,Jogging,24510282210000,2.64,2.72,-6.742072
300906,32,Jogging,24510332381000,14.52,2.11,2.0294318
300911,32,Jogging,24510512160000,-16.4,19.57,-7.3958488
300910,32,Jogging,24510512160000,-16.4,19.57,-7.3958488
300909,32,Jogging,24510512160000,-16.4,19.57,-7.3958488
300914,32,Jogging,24510772475000,9.47,12.03,11.182305
300913,32,Jogging,24510772475000,9.47,12.03,11.182305
300915,32,Jogging,24510872207000,-18.07,16.86,-7.8861814
300916,32,Jogging,24510922286000,-13.14,11.35,-5.7886477
300917,32,Jogging,24510972274000,-13.67,18.5,-4.140586
300918,32,Jogging,24511022231000,8.47,19.53,-5.8158884
300919,32,Jogging,24511072280000,5.83,6.66,4.440233
300920,32,Jogging,24511122268000,13.18,0.31,2.982856
300921,32,Jogging,24511172316000,9.47,0.38,3.4050870000000004
300923,32,Jogging,24511222121000,-2.03,6.97,2.1792557
300922,32,Jogging,24511222121000,-2.03,6.97,2.1792557
300925,32,Jogging,24511282546000,-4.18,19.19,-0.38136974
300924,32,Jogging,24511282546000,-4.18,19.19,-0.38136974
300930,32,Jogging,24511632155000,-4.56,16.86,-2.3699405
300931,32,Jogging,24511682387000,-13.95,7.12,-11.182305
300932,32,Jogging,24511732284000,-14.33,9.77,-9.193735
300933,32,Jogging,24511782454000,-15.05,19.57,0.53119355
300934,32,Jogging,24511832473000,15.21,17.54,9.915613
300935,32,Jogging,24511882277000,3.95,-2.3,-3.8681788
300936,32,Jogging,24511932326000,15.13,2.76,3.2552630000000002
300937,32,Jogging,24511932326000,15.13,2.76,3.2552630000000002
300938,32,Jogging,24511932326000,15.13,2.76,3.2552630000000002
300945,32,Jogging,24512352645000,2.68,-5.28,9.112013000000001
300944,32,Jogging,24512352645000,2.68,-5.28,9.112013000000001
300946,32,Jogging,24512452254000,-15.17,15.43,-2.2609777
300947,32,Jogging,24512502303000,-13.57,4.06,-10.038197
300948,32,Jogging,24512552260000,-16.51,15.7,-6.428804
300949,32,Jogging,24512602340000,-2.03,19.57,-11.686258
300950,32,Jogging,24512652297000,10.38,17.24,8.117727
300951,32,Jogging,24512702315000,6.93,-6.74,3.6366330000000002
300952,32,Jogging,24512752334000,13.18,3.3,2.9147543999999996
300953,32,Jogging,24512802260000,-2.3,4.21,4.630918
300955,32,Jogging,24512859115000,-0.8,13.72,-1.607201
300954,32,Jogging,24512859115000,-0.8,13.72,-1.607201
300956,32,Jogging,24512859115000,-0.8,13.72,-1.607201
300960,32,Jogging,24513103103000,-3.34,-18.12,-3.2961242
300961,32,Jogging,24513152236000,8.05,6.21,8.076866
300962,32,Jogging,24513202346000,3.99,15.13,-0.08172209
300963,32,Jogging,24513252395000,-16.82,15.09,-5.434519
300964,32,Jogging,24513302352000,-12.87,5.52,-7.2732660000000005
300965,32,Jogging,24513352279000,-14.9,16.86,-5.9793324
300966,32,Jogging,24513402297000,3.91,19.57,-5.09401
300967,32,Jogging,24513452285000,4.48,12.53,3.8273177000000005
300968,32,Jogging,24513502273000,6.74,-3.76,3.5957718
300970,32,Jogging,24513562392000,11.22,2.34,2.7921712000000003
300969,32,Jogging,24513562392000,11.22,2.34,2.7921712000000003
300971,32,Jogging,24513622176000,-2.87,5.28,1.8387468999999996
300975,32,Jogging,24513872146000,-7.89,-13.53,-9.956474
300976,32,Jogging,24513872146000,-7.89,-13.53,-9.956474
300977,32,Jogging,24513972213000,8.31,12.87,9.084772000000001
300978,32,Jogging,24513972213000,8.31,12.87,9.084772000000001
300979,32,Jogging,24514082320000,-18.24,19.04,-11.795221000000002
300980,32,Jogging,24514082320000,-18.24,19.04,-11.795221000000002
300981,32,Jogging,24514182326000,-11.11,19.57,-7.246025
300982,32,Jogging,24514232345000,13.44,18.09,10.310603
300983,32,Jogging,24514232345000,13.44,18.09,10.310603
300984,32,Jogging,24514292312000,3.91,-1.99,-5.407278
300985,32,Jogging,24514352309000,14.1,3.02,2.982856
300986,32,Jogging,24514402175000,1.92,3.26,4.862464
300987,32,Jogging,24514457198000,-0.95,10.57,-5.9793324
300988,32,Jogging,24514457198000,-0.95,10.57,-5.9793324
300989,32,Jogging,24514457198000,-0.95,10.57,-5.9793324
300990,32,Jogging,24514457198000,-0.95,10.57,-5.9793324
300992,32,Jogging,24514842238000,-14.6,8.66,-2.2609777
300993,32,Jogging,24514842238000,-14.6,8.66,-2.2609777
300994,32,Jogging,24514942306000,-10.27,11.99,-5.284695
300995,32,Jogging,24514992293000,-8.27,19.57,-4.1814466
300996,32,Jogging,24515042251000,13.29,15.7,13.021052000000001
300997,32,Jogging,24515092208000,2.98,-1.5,-5.325556
300998,32,Jogging,24515142257000,14.37,2.41,3.990762
300999,32,Jogging,24515142257000,14.37,2.41,3.990762
301001,32,Jogging,24515142257000,14.37,2.41,3.990762
301000,32,Jogging,24515142257000,14.37,2.41,3.990762
301006,32,Jogging,24515572188000,7.5,3.17,11.413852
301007,32,Jogging,24515572188000,7.5,3.17,11.413852
301008,32,Jogging,24515672255000,-13.59,13.44,-7.8589406
301009,32,Jogging,24515722274000,-13.1,5.13,-10.337844
301010,32,Jogging,24515772658000,-14.94,17.92,-7.504811999999999
301011,32,Jogging,24515822341000,0.84,19.57,-7.04172
301012,32,Jogging,24515872268000,7.01,11.69,4.440233
301013,32,Jogging,24515922225000,7.5,-5.56,7.436710000000001
301014,32,Jogging,24515972274000,9.85,2.87,3.5957718
301015,32,Jogging,24516022139000,-3.72,5.43,2.7240696
301016,32,Jogging,24516076674000,-0.76,16.02,-1.0351465
301017,32,Jogging,24516076674000,-0.76,16.02,-1.0351465
301018,32,Jogging,24516076674000,-0.76,16.02,-1.0351465
301022,32,Jogging,24516352218000,1.31,-12.07,7.4639505999999995
301023,32,Jogging,24516402236000,6.59,18.16,4.903325
301024,32,Jogging,24516453231000,-10.84,0.61,-2.8738932999999998
301025,32,Jogging,24516502303000,-18.54,18.58,-8.962189
301026,32,Jogging,24516552352000,-11.07,12.41,-7.8180795
301027,32,Jogging,24516602218000,-5.2,19.57,-9.234595
301028,32,Jogging,24516652236000,11.41,17.86,13.947235999999998
301029,32,Jogging,24516702224000,4.21,-2.83,-2.4516625
301030,32,Jogging,24516752273000,14.25,2.15,2.3018389
301032,32,Jogging,24516752273000,14.25,2.15,2.3018389
301031,32,Jogging,24516752273000,14.25,2.15,2.3018389
301035,32,Jogging,24516952956000,-9.66,19.57,-6.428804
301038,32,Jogging,24517112136000,-6.59,-16.63,-4.8216033
