,user,label,timestamp,x,y,z
303956,32,Jogging,24664942428000,1.57,12.15,0.9942854
303955,32,Jogging,24664942428000,1.57,12.15,0.9942854
303957,32,Jogging,24665052230000,-11.73,9.62,-4.5900574
303958,32,Jogging,24665052230000,-11.73,9.62,-4.5900574
303959,32,Jogging,24665052230000,-11.73,9.62,-4.5900574
303960,32,Jogging,24665202346000,2.26,4.9,-4.944186
303961,32,Jogging,24665252303000,15.47,3.38,2.9147543999999996
303963,32,Jogging,24665252303000,15.47,3.38,2.9147543999999996
303962,32,Jogging,24665252303000,15.47,3.38,2.9147543999999996
303966,32,Jogging,24665722274000,9.89,13.25,-1.7297841
303967,32,Jogging,24665722274000,9.89,13.25,-1.7297841
303968,32,Jogging,24665822219000,-12.79,5.01,-8.662541000000001
303969,32,Jogging,24665872359000,-13.02,13.06,-6.4015636
303970,32,Jogging,24665922317000,-0.89,19.57,-10.460427000000001
303971,32,Jogging,24665972274000,5.98,13.53,7.927042500000001
303972,32,Jogging,24666022201000,6.97,-0.89,2.6014863999999998
303973,32,Jogging,24666072310000,17.16,1.99,5.175732
303974,32,Jogging,24666122146000,0.53,4.25,4.671779
303977,32,Jogging,24666182418000,-5.6,18.28,-0.46309182
303976,32,Jogging,24666182418000,-5.6,18.28,-0.46309182
303975,32,Jogging,24666182418000,-5.6,18.28,-0.46309182
303978,32,Jogging,24666252730000,-11.69,19.57,-9.343558
303980,32,Jogging,24666302627000,-4.99,17.54,0.38136974
303979,32,Jogging,24666302627000,-4.99,17.54,0.38136974
303983,32,Jogging,24666522231000,5.22,14.94,-0.0
303984,32,Jogging,24666572249000,-16.93,14.63,-5.706926
303985,32,Jogging,24666672194000,-11.5,16.59,-4.7943625
303986,32,Jogging,24666722274000,6.21,19.57,-10.719213499999999
303987,32,Jogging,24666772231000,5.94,11.5,7.586533500000001
303990,32,Jogging,24666822280000,5.98,-3.41,2.5333846
303991,32,Jogging,24666822280000,5.98,-3.41,2.5333846
303988,32,Jogging,24666822280000,5.98,-3.41,2.5333846
303989,32,Jogging,24666822280000,5.98,-3.41,2.5333846
303995,32,Jogging,24667052138000,-12.87,19.57,-8.308413
303998,32,Jogging,24667222304000,-4.79,-19.53,-2.7513103
303999,32,Jogging,24667322646000,-0.38,13.06,-1.7978859
304000,32,Jogging,24667373122000,-17.31,18.62,-9.193735
304001,32,Jogging,24667422317000,-12.07,8.62,-6.469665
304002,32,Jogging,24667472365000,-13.95,17.77,-4.0588636
304003,32,Jogging,24667522262000,13.14,19.38,-3.1054392
304004,32,Jogging,24667572219000,3.11,6.93,-3.9090397000000006
304005,32,Jogging,24667632247000,13.99,2.34,2.7240696
304006,32,Jogging,24667682235000,8.92,1.18,3.6774937999999993
304008,32,Jogging,24667737594000,-3.26,5.52,-0.27240697
304007,32,Jogging,24667737594000,-3.26,5.52,-0.27240697
304009,32,Jogging,24667737594000,-3.26,5.52,-0.27240697
304012,32,Jogging,24667818435000,-6.93,19.57,0.5720546
304011,32,Jogging,24667818435000,-6.93,19.57,0.5720546
304010,32,Jogging,24667818435000,-6.93,19.57,0.5720546
304014,32,Jogging,24668032210000,-2.3,-17.58,1.1849703
304015,32,Jogging,24668082625000,11.65,12.11,5.175732
304016,32,Jogging,24668133162000,-5.86,8.85,1.1168685
304017,32,Jogging,24668133162000,-5.86,8.85,1.1168685
304018,32,Jogging,24668232284000,-10.53,7.4,-5.8567495
304019,32,Jogging,24668282943000,-13.76,18.96,-4.290409599999999
304020,32,Jogging,24668332686000,11.8,18.35,-0.3405087
304021,32,Jogging,24668382400000,2.18,7.01,-5.284695
304022,32,Jogging,24668432937000,13.59,2.03,2.9556155
304023,32,Jogging,24668432937000,13.59,2.03,2.9556155
304024,32,Jogging,24668503829000,7.31,1.38,4.6036777
304025,32,Jogging,24668503829000,7.31,1.38,4.6036777
304031,32,Jogging,24668852218000,1.5,-9.08,6.633109599999999
304030,32,Jogging,24668852218000,1.5,-9.08,6.633109599999999
304032,32,Jogging,24668952315000,-13.91,14.48,-3.6774937999999993
304034,32,Jogging,24669002273000,-15.17,10.53,-8.267551
304033,32,Jogging,24669002273000,-15.17,10.53,-8.267551
304035,32,Jogging,24669102401000,-8.62,19.57,-7.436710000000001
304036,32,Jogging,24669152266000,13.48,16.02,13.143635999999999
304037,32,Jogging,24669202254000,0.89,-0.89,-4.4810944
304038,32,Jogging,24669252273000,17.24,4.48,4.018002500000001
304040,32,Jogging,24669302138000,6.74,1.08,2.982856
304039,32,Jogging,24669302138000,6.74,1.08,2.982856
304041,32,Jogging,24669354629000,-2.07,8.31,-4.671779
304042,32,Jogging,24669354629000,-2.07,8.31,-4.671779
304047,32,Jogging,24669632155000,-1.99,-19.11,1.4573771999999998
304048,32,Jogging,24669732161000,-4.9,9.3,1.9477096999999999
304049,32,Jogging,24669782332000,-15.83,18.73,-9.697687
304051,32,Jogging,24669832229000,-10.76,8.5,-6.3607025
304050,32,Jogging,24669832229000,-10.76,8.5,-6.3607025
304053,32,Jogging,24669942244000,13.91,19.46,3.214402
304052,32,Jogging,24669942244000,13.91,19.46,3.214402
304054,32,Jogging,24670002303000,4.9,-1.73,-3.1463002999999996
304055,32,Jogging,24670052260000,16.25,3.38,4.2086873
304058,32,Jogging,24670113418000,-5.2,6.44,0.10896278
304056,32,Jogging,24670113418000,-5.2,6.44,0.10896278
304057,32,Jogging,24670113418000,-5.2,6.44,0.10896278
304060,32,Jogging,24670302230000,-2.45,9.15,-4.630918
304061,32,Jogging,24670352462000,-8.81,-8.27,-12.108489
304062,32,Jogging,24670402663000,-8.31,-19.11,-4.099725
304063,32,Jogging,24670452224000,6.09,3.76,8.430995
304064,32,Jogging,24670502212000,0.5,10.61,1.1441092
304065,32,Jogging,24670552321000,-16.28,19.23,-8.539958
304066,32,Jogging,24670612227000,-10.88,7.7,-4.5219555
304067,32,Jogging,24670662246000,-12.83,19.08,-4.5628166
304068,32,Jogging,24670712264000,12.68,19.0,0.61291564
304069,32,Jogging,24670762252000,2.18,4.63,-6.1291566
304070,32,Jogging,24670812301000,13.21,2.11,4.7535014
304071,32,Jogging,24670862258000,8.28,0.95,4.5219555
304073,32,Jogging,24670914565000,-5.56,5.6,0.5720546
304072,32,Jogging,24670914565000,-5.56,5.6,0.5720546
304074,32,Jogging,24670914565000,-5.56,5.6,0.5720546
304075,32,Jogging,24670914565000,-5.56,5.6,0.5720546
304077,32,Jogging,24671192183000,-4.33,-19.42,-0.9942854
304078,32,Jogging,24671192183000,-4.33,-19.42,-0.9942854
304080,32,Jogging,24671292281000,2.83,14.71,-1.607201
304079,32,Jogging,24671292281000,2.83,14.71,-1.607201
304081,32,Jogging,24671392287000,-12.79,10.99,-7.3141264999999995
304082,32,Jogging,24671442367000,-13.33,16.89,-3.4050870000000004
304083,32,Jogging,24671442367000,-13.33,16.89,-3.4050870000000004
304084,32,Jogging,24671502242000,11.65,19.23,-3.4868089999999996
304085,32,Jogging,24671552352000,2.11,5.48,-4.5900574
304087,32,Jogging,24671612258000,14.21,3.21,2.5333846
304088,32,Jogging,24671612258000,14.21,3.21,2.5333846
304089,32,Jogging,24671612258000,14.21,3.21,2.5333846
304086,32,Jogging,24671612258000,14.21,3.21,2.5333846
304090,32,Jogging,24671837935000,-11.84,19.57,-4.5628166
304091,32,Jogging,24671837935000,-11.84,19.57,-4.5628166
304093,32,Jogging,24671992171000,-4.4,-19.46,-1.9885708
304094,32,Jogging,24672042830000,3.91,5.22,11.686258
304095,32,Jogging,24672092360000,1.84,15.05,-6.3607025
304096,32,Jogging,24672142257000,-15.17,16.93,-6.891896000000001
304098,32,Jogging,24672192244000,-13.17,7.7,-7.3549875999999985
304097,32,Jogging,24672192244000,-13.17,7.7,-7.3549875999999985
304099,32,Jogging,24672262557000,-11.8,19.57,-3.5957718
304100,32,Jogging,24672312270000,11.75,17.86,11.495573
304101,32,Jogging,24672362533000,1.38,-2.03,-2.982856
304102,32,Jogging,24672412307000,16.21,3.91,4.140586
304103,32,Jogging,24672462264000,5.33,1.46,4.7126402999999994
304105,32,Jogging,24672519057000,-3.64,7.27,-2.6832085
304104,32,Jogging,24672519057000,-3.64,7.27,-2.6832085
304111,32,Jogging,24672852157000,11.5,13.02,6.238119
304112,32,Jogging,24672902633000,-7.25,7.25,0.88532263
304113,32,Jogging,24672952407000,-17.69,19.0,-13.988097
304114,32,Jogging,24673002456000,-9.77,9.72,-5.7886477
304115,32,Jogging,24673052321000,-9.89,19.57,-6.238119
304116,32,Jogging,24673102401000,11.75,17.67,8.812365
304117,32,Jogging,24673152266000,2.18,1.57,-3.3642258999999997
304118,32,Jogging,24673202346000,14.41,2.11,4.2086873
304119,32,Jogging,24673202346000,14.41,2.11,4.2086873
304120,32,Jogging,24673202346000,14.41,2.11,4.2086873
304123,32,Jogging,24673382552000,-13.76,19.57,-5.7477865
304122,32,Jogging,24673382552000,-13.76,19.57,-5.7477865
304126,32,Jogging,24673582198000,-1.53,-18.2,0.95342433
304127,32,Jogging,24673633193000,7.35,9.92,10.419566
304128,32,Jogging,24673682326000,-1.14,10.88,-6.469665
304129,32,Jogging,24673682326000,-1.14,10.88,-6.469665
304130,32,Jogging,24673792312000,-10.72,9.15,-5.202973
304131,32,Jogging,24673842330000,-10.08,19.57,-10.841797
304132,32,Jogging,24673892226000,11.54,18.24,7.246025
304133,32,Jogging,24673942306000,0.95,2.11,-4.7126402999999994
304134,32,Jogging,24673992202000,13.95,4.14,3.1054392
304135,32,Jogging,24674042434000,8.69,0.93,4.2086873
304136,32,Jogging,24674092116000,-3.95,5.6,-0.50395286
304137,32,Jogging,24674152236000,-7.31,19.57,2.3426998
304138,32,Jogging,24674152236000,-7.31,19.57,2.3426998
304139,32,Jogging,24674152236000,-7.31,19.57,2.3426998
304141,32,Jogging,24674227706000,-9.47,19.57,-6.5922484
304140,32,Jogging,24674227706000,-9.47,19.57,-6.5922484
304144,32,Jogging,24674502273000,-15.17,8.81,-1.0351465
304145,32,Jogging,24674552749000,-12.87,10.31,-8.308413
304147,32,Jogging,24674602248000,-10.15,10.57,-7.586533500000001
304146,32,Jogging,24674602248000,-10.15,10.57,-7.586533500000001
304148,32,Jogging,24674702376000,8.12,17.77,11.536434
304151,32,Jogging,24674752364000,3.21,-1.92,0.38136974
304150,32,Jogging,24674752364000,3.21,-1.92,0.38136974
304149,32,Jogging,24674752364000,3.21,-1.92,0.38136974
304155,32,Jogging,24675012191000,-10.65,19.57,-6.170017700000001
304158,32,Jogging,24675162246000,-4.44,-15.83,-7.164303
304157,32,Jogging,24675162246000,-4.44,-15.83,-7.164303
304159,32,Jogging,24675212142000,2.96,-12.6,7.3141264999999995
304160,32,Jogging,24675312270000,-11.54,4.67,-3.8681788
304161,32,Jogging,24675362197000,-18.77,18.47,-10.460427000000001
304162,32,Jogging,24675412398000,-10.5,12.26,-5.7477865
304163,32,Jogging,24675472335000,2.3,19.57,-13.783792000000002
304164,32,Jogging,24675522201000,6.74,14.63,7.055340299999999
304165,32,Jogging,24675572432000,4.02,-4.59,4.1814466
304166,32,Jogging,24675622268000,13.99,2.64,2.6423476000000004
304167,32,Jogging,24675622268000,13.99,2.64,2.6423476000000004
304168,32,Jogging,24675722121000,0.08,13.53,-5.202973
304170,32,Jogging,24675773604000,-11.99,19.57,-0.50395286
304169,32,Jogging,24675773604000,-11.99,19.57,-0.50395286
304171,32,Jogging,24675835433000,-10.15,19.53,-4.290409599999999
304172,32,Jogging,24675835433000,-10.15,19.53,-4.290409599999999
304173,32,Jogging,24675835433000,-10.15,19.53,-4.290409599999999
304176,32,Jogging,24676102218000,-7.63,9.62,0.7218784
304177,32,Jogging,24676152144000,-18.39,17.82,-9.615966
304178,32,Jogging,24676203078000,-10.88,9.11,-7.8861814
304179,32,Jogging,24676252303000,-6.21,19.57,-8.076866
304180,32,Jogging,24676302230000,11.14,16.13,12.367275999999999
304181,32,Jogging,24676352248000,1.23,-1.18,-7.164303
304182,32,Jogging,24676402297000,16.04,3.26,1.9204689999999998
304183,32,Jogging,24676402297000,16.04,3.26,1.9204689999999998
304185,32,Jogging,24676472762000,1.76,1.99,2.9147543999999996
304186,32,Jogging,24676472762000,1.76,1.99,2.9147543999999996
304184,32,Jogging,24676472762000,1.76,1.99,2.9147543999999996
304188,32,Jogging,24676762221000,-5.67,-17.05,-7.586533500000001
304189,32,Jogging,24676812362000,3.11,-6.47,9.275456
304191,32,Jogging,24676862227000,6.09,15.85,2.1792557
304190,32,Jogging,24676862227000,6.09,15.85,2.1792557
304192,32,Jogging,24676962386000,-13.21,11.88,-7.164303
