,user,label,timestamp,x,y,z
6697,33,Jogging,55539322343000,0.7627395,10.501288,1.8387468999999996
6698,33,Jogging,55539432298000,0.9942854,8.662541000000001,1.7297841
6699,33,Jogging,55539482652000,0.23154591,9.615966,1.7978859
6700,33,Jogging,55539582414000,1.1168685,9.302697,1.8387468999999996
6701,33,Jogging,55539692308000,0.7218784,9.302697,2.0294318
6702,33,Jogging,55539802293000,0.53119355,10.378705,3.2552630000000002
6703,33,Jogging,55539912309000,1.4573771999999998,8.962189,2.5606253
6704,33,Jogging,55540012285000,1.607201,8.689782000000001,3.6366330000000002
6705,33,Jogging,55540122331000,1.0351465,8.308413,3.336985
6706,33,Jogging,55540232347000,0.38136974,8.390134,3.1463002999999996
6707,33,Jogging,55540282976000,1.0351465,7.6682559999999995,4.290409599999999
6708,33,Jogging,55540392290000,1.2666923,8.580819,5.0531489999999994
6709,33,Jogging,55540492265000,2.070293,6.9327570000000005,5.2165932999999995
6710,33,Jogging,55540592241000,-0.84446156,3.9499009,2.3018389
6711,33,Jogging,55540702318000,-0.7627395,11.182305,1.7297841
6712,33,Jogging,55540812303000,7.504811999999999,14.328606,4.5219555
6713,33,Jogging,55540922288000,1.2258313,13.0619135,3.2961242
6714,33,Jogging,55541022264000,-0.88532263,2.9147543999999996,0.42223078
6715,33,Jogging,55541132310000,0.040861044,19.381754,1.4982381999999999
6716,33,Jogging,55541242326000,1.3756552,4.3993720000000005,2.1111538
6717,33,Jogging,55541352373000,-3.1463002999999996,0.08172209,-2.1383946
6718,33,Jogging,55541412858000,1.3075534,8.894086999999999,-1.1168685
6719,33,Jogging,55541512315000,4.5628166,15.173067000000001,3.6366330000000002
6720,33,Jogging,55541622301000,-2.8738932999999998,10.079058,4.3312707
6721,33,Jogging,55541732347000,0.7627395,0.92618364,1.4165162
6722,33,Jogging,55541842332000,-0.23154591,19.57244,5.47538
6723,33,Jogging,55541952318000,-1.7978859,1.0351465,-0.9942854
6724,33,Jogging,55542062303000,-0.88532263,9.534244000000001,8.962189
6725,33,Jogging,55542172288000,11.372991,18.346610000000002,3.0645783
6726,33,Jogging,55542282304000,-1.0351465,12.299174,4.903325
6727,33,Jogging,55542392290000,0.53119355,1.9477096999999999,1.4573771999999998
6728,33,Jogging,55542492265000,-4.630918,19.57244,-0.0
6729,33,Jogging,55542592271000,3.9090397000000006,3.4868089999999996,3.0237172
6730,33,Jogging,55542702318000,-5.666064700000001,-0.7218784,-3.336985
6731,33,Jogging,55542812303000,-3.9499009,12.367275999999999,-8.076866
6732,33,Jogging,55542922288000,6.5105260000000005,19.531578,7.3958488
6733,33,Jogging,55543022294000,5.47538,3.9499009,0.53119355
6734,33,Jogging,55543132310000,1.4982381999999999,13.906375,-3.1054392
6735,33,Jogging,55543242296000,9.343558,9.507003,3.990762
6736,33,Jogging,55543352312000,-7.04172,-5.1348709999999995,-9.615966
6737,33,Jogging,55543462358000,-10.106297999999999,10.419566,-11.495573
6738,33,Jogging,55543572313000,3.990762,18.659876,5.407278
6739,33,Jogging,55543682298000,5.8567495,5.7477865,1.7978859
6740,33,Jogging,55543792314000,1.4165162,10.56939,-2.8330324
6741,33,Jogging,55543902299000,12.340035,12.830366999999999,4.0588636
6742,33,Jogging,55544002275000,-9.888372,-6.5922484,-11.686258
6743,33,Jogging,55544112291000,-6.5922484,15.282029999999999,-10.378705
6744,33,Jogging,55544222307000,6.0474343,19.000385,3.7592160000000003
6745,33,Jogging,55544332292000,5.666064700000001,3.7592160000000003,2.9556155
6746,33,Jogging,55544382829000,2.982856,1.4573771999999998,3.5957718
6747,33,Jogging,55544482286000,-4.140586,19.57244,1.8796080000000002
6748,33,Jogging,55544582262000,-0.10896278,2.4108016,0.27240697
6749,33,Jogging,55544692308000,-1.9477096999999999,4.440233,3.0645783
6750,33,Jogging,55544802293000,1.1441092,14.328606,-7.6273947
6751,33,Jogging,55544912309000,6.823794400000001,18.891422,5.706926
6752,33,Jogging,55545012254000,3.4459480000000005,5.09401,2.7649305
6753,33,Jogging,55545122301000,0.7627395,19.531578,-4.5628166
6754,33,Jogging,55545232316000,2.9147543999999996,0.040861044,0.84446156
6755,33,Jogging,55545432390000,1.9885708,12.408136,-6.823794400000001
6756,33,Jogging,55545532304000,4.9850473,19.082107999999998,7.1234417
6757,33,Jogging,55545702165000,0.14982383,2.9556155,0.14982383
6758,33,Jogging,55545802202000,-2.1383946,19.57244,7.3549875999999985
6759,33,Jogging,55545912309000,-5.9793324,-3.8273177000000005,-5.1348709999999995
6760,33,Jogging,55546012315000,5.2165932999999995,12.367275999999999,11.604536
6761,33,Jogging,55546122301000,12.53072,15.6634,1.1849703
6762,33,Jogging,55546232316000,0.23154591,13.797412,5.47538
6763,33,Jogging,55546282274000,8.812365,2.1792557,2.6832085
6764,33,Jogging,55546382127000,1.2258313,9.043911,-0.19068487
6765,33,Jogging,55546442399000,-1.525479,19.57244,2.8330324
6766,33,Jogging,55546652116000,0.50395286,6.973617999999999,7.436710000000001
6767,33,Jogging,55546712266000,-3.7183550000000003,11.727119,-6.0201936
6768,33,Jogging,55546812211000,1.8387468999999996,16.657684,-0.9942854
6769,33,Jogging,55546922288000,1.5390993,3.173541,5.1348709999999995
6770,33,Jogging,55547032304000,-1.4573771999999998,4.018002500000001,1.5390993
6771,33,Jogging,55547082262000,0.7627395,19.381754,-4.140586
6772,33,Jogging,55547182268000,7.9679036,9.997335000000001,3.5957718
6773,33,Jogging,55547292314000,-4.018002500000001,-4.2495484,-6.973617999999999
6774,33,Jogging,55547402299000,-6.0474343,15.050485,-9.697687
6775,33,Jogging,55547502305000,3.336985,18.537292,4.2086873
6776,33,Jogging,55547602281000,8.662541000000001,1.7570249,2.9147543999999996
6777,33,Jogging,55547702165000,0.92618364,5.7886477,0.53119355
6778,33,Jogging,55547763048000,-0.53119355,19.531578,-1.1849703
6779,33,Jogging,55548032365000,-3.1463002999999996,12.721405,-5.325556
6780,33,Jogging,55548082292000,10.841797,14.015338,-3.4868089999999996
6781,33,Jogging,55548132188000,1.8796080000000002,17.2025,1.0760075
6782,33,Jogging,55548232255000,-1.3756552,5.7886477,5.2165932999999995
6783,33,Jogging,55548542619000,-0.14982383,-0.42223078,-1.8796080000000002
6784,33,Jogging,55548652269000,2.5333846,9.302697,11.372991
6785,33,Jogging,55548762315000,12.108489,18.891422,3.6366330000000002
6786,33,Jogging,55548862260000,2.9147543999999996,15.554437,5.366417
6787,33,Jogging,55548912279000,8.076866,1.1441092,3.173541
6788,33,Jogging,55549012132000,1.8796080000000002,8.662541000000001,0.46309182
6789,33,Jogging,55549072526000,-4.372132,19.57244,-2.2609777
6790,33,Jogging,55549125078000,10.991621,19.15021,3.1463002999999996
6791,33,Jogging,55549312578000,1.607201,7.5456724,8.662541000000001
6792,33,Jogging,55549422258000,9.956474,16.08563,4.2086873
6793,33,Jogging,55549522325000,-1.1849703,11.795221000000002,5.0531489999999994
6794,33,Jogging,55549683366000,1.607201,11.563675,-2.2609777
6795,33,Jogging,55549732347000,-2.4516625,19.57244,-0.9125633
6796,33,Jogging,55549912218000,-7.04172,-11.223166,-13.170876500000002
6797,33,Jogging,55550012285000,-4.2086873,12.258313000000001,-6.0882955
6798,33,Jogging,55550122301000,6.782933,18.537292,-0.5720546
6799,33,Jogging,55550172136000,-2.0294318,16.358038,4.7943625
6800,33,Jogging,55550272233000,8.689782000000001,1.4573771999999998,0.53119355
6801,33,Jogging,55550372117000,-3.2552630000000002,19.272793,-6.2108784
6802,33,Jogging,55550477739000,12.53072,11.304889,3.336985
6803,33,Jogging,55550732530000,14.09706,18.428331,2.3699405
6804,33,Jogging,55550832200000,3.214402,17.815414,4.671779
6805,33,Jogging,55550942308000,7.164303,0.8036005,0.19068487
6806,33,Jogging,55551132493000,12.258313000000001,15.322891,4.671779
6807,33,Jogging,55551332262000,5.012288,10.95076,2.6832085
6808,33,Jogging,55551432298000,8.62168,17.120777,2.4108016
6809,33,Jogging,55551532335000,-3.4050870000000004,12.9529505,2.5333846
6810,33,Jogging,55551642290000,1.4573771999999998,3.0645783,3.6366330000000002
6811,33,Jogging,55551742265000,-1.6480621,19.57244,-1.9204689999999998
6812,33,Jogging,55551852342000,5.625203599999999,1.9885708,3.1463002999999996
6813,33,Jogging,55551952135000,-2.8330324,0.84446156,2.7921712000000003
6814,33,Jogging,55552272142000,7.1234417,2.4516625,0.53119355
6815,33,Jogging,55552372209000,0.88532263,16.43976,-4.7943625
6816,33,Jogging,55552472276000,12.067628,11.413852,3.0237172
6817,33,Jogging,55552582353000,-7.9679036,-9.697687,-13.824653
6818,33,Jogging,55552682207000,-4.9850473,10.651112,-8.008764
6819,33,Jogging,55552782304000,1.2258313,13.674829500000001,-0.7627395
6820,33,Jogging,55552892320000,-0.9125633,5.175732,3.7183550000000003
6821,33,Jogging,55552992265000,-1.3756552,5.0531489999999994,0.92618364
6822,33,Jogging,55553052324000,-3.0237172,19.57244,-4.099725
6823,33,Jogging,55553152269000,4.9850473,5.666064700000001,2.982856
6824,33,Jogging,55553212266000,-5.706926,-8.853226,-5.938472
6825,33,Jogging,55553322313000,4.372132,11.536434,1.4165162
6826,33,Jogging,55553432298000,5.434519,16.930092000000002,-0.8036005
6827,33,Jogging,55553532274000,-4.018002500000001,7.082580999999999,2.9556155
6828,33,Jogging,55553582200000,6.5105260000000005,2.3426998,3.0237172
6829,33,Jogging,55553682115000,6.9327570000000005,17.311462,-3.0645783
6830,33,Jogging,55553742113000,-2.7240696,19.531578,5.284695
6831,33,Jogging,55553823015000,0.27240697,2.070293,2.3699405
6832,33,Jogging,55554062242000,3.4050870000000004,6.5922484,-5.202973
6833,33,Jogging,55554162370000,-9.193735,8.730642999999999,3.7183550000000003
6834,33,Jogging,55554212327000,6.973617999999999,3.4868089999999996,1.8387468999999996
6835,33,Jogging,55554312334000,5.706926,11.645397,-0.9942854
6836,33,Jogging,55554422288000,9.80665,18.768839,3.214402
6837,33,Jogging,55554522294000,-7.3958488,-11.75436,-14.206022
6838,33,Jogging,55554632310000,2.3426998,19.15021,-4.862464
6839,33,Jogging,55554742296000,17.079916,18.305748,3.4459480000000005
6840,33,Jogging,55554842302000,0.23154591,4.2086873,3.6366330000000002
6841,33,Jogging,55554952379000,2.8738932999999998,5.625203599999999,-0.9942854
6842,33,Jogging,55555052293000,8.580819,19.231932,3.5957718
6843,33,Jogging,55555162340000,-6.2789803,-8.499097,-7.082580999999999
6844,33,Jogging,55555262315000,4.3993720000000005,16.167353,2.4925237
6845,33,Jogging,55555372331000,8.240311,15.745122,-1.9477096999999999
6846,33,Jogging,55555482316000,-4.5219555,9.765789,3.5685309999999997
6847,33,Jogging,55555582292000,-0.040861044,2.8330324,3.7592160000000003
6848,33,Jogging,55555692308000,-2.4108016,19.531578,5.8976107
6849,33,Jogging,55555802293000,-5.202973,-4.630918,-3.1054392
6850,33,Jogging,55555912309000,7.055340299999999,16.657684,11.413852
6851,33,Jogging,55556022294000,2.9556155,11.34575,-4.903325
6852,33,Jogging,55556122117000,-5.8976107,11.073342,2.8330324
6853,33,Jogging,55556172288000,7.6954966,3.1463002999999996,2.9556155
6854,33,Jogging,55556322526000,-2.5333846,19.15021,-3.2552630000000002
6855,33,Jogging,55556392290000,13.484144,14.328606,1.9477096999999999
6856,33,Jogging,55556572587000,6.5922484,17.2025,12.176591
6857,33,Jogging,55556672197000,7.5456724,11.141444,-3.9771416
6858,33,Jogging,55556722307000,12.489859,16.126492000000002,5.175732
6859,33,Jogging,55556882310000,4.0588636,0.84446156,1.6889231
6860,33,Jogging,55557182146000,-5.706926,-9.384419,-12.108489
6861,33,Jogging,55557282457000,-7.2732660000000005,12.217452,-6.0201936
6862,33,Jogging,55557392290000,11.34575,19.531578,1.2666923
6863,33,Jogging,55557452318000,-7.6273947,11.264028,3.4459480000000005
6864,33,Jogging,55557552324000,1.607201,1.9204689999999998,2.8738932999999998
6865,33,Jogging,55557662309000,-6.633109599999999,19.57244,-2.2201166000000003
6866,33,Jogging,55557772294000,4.2495484,9.043911,4.018002500000001
6867,33,Jogging,55557882310000,-5.938472,1.4982381999999999,-0.53119355
6868,33,Jogging,55557982316000,-0.27240697,7.014479,-7.04172
6869,33,Jogging,55558092332000,11.032481,14.246882999999999,7.055340299999999
6870,33,Jogging,55558202318000,9.112013000000001,1.56634,0.7218784
6871,33,Jogging,55558302171000,3.7183550000000003,12.762266,-3.0237172
6872,33,Jogging,55558352952000,-7.3141264999999995,19.57244,4.5628166
6873,33,Jogging,55558412675000,12.871228,15.704260999999999,3.8681788
6874,33,Jogging,55558633226000,-5.625203599999999,14.669114000000002,-6.701211
6875,33,Jogging,55558732347000,16.467001,18.155924,1.9885708
6876,33,Jogging,55558842302000,-0.08172209,4.140586,3.173541
6877,33,Jogging,55558952623000,4.2086873,4.7943625,-1.3075534
6878,33,Jogging,55559052263000,7.3549875999999985,19.57244,3.2552630000000002
6879,33,Jogging,55559162309000,-3.0645783,-8.689782000000001,-5.407278
6880,33,Jogging,55559272294000,9.152874,13.021052000000001,4.7535014
6881,33,Jogging,55559382310000,3.5957718,10.419566,-0.88532263
6882,33,Jogging,55559492296000,-2.4516625,4.7126402999999994,2.4516625
6883,33,Jogging,55559592271000,1.1849703,4.1814466,-0.88532263
6884,33,Jogging,55559702318000,1.7978859,18.659876,2.4108016
6885,33,Jogging,55559812334000,-5.706926,-7.504811999999999,-7.586533500000001
6886,33,Jogging,55559922319000,2.3426998,15.050485,1.607201
6887,33,Jogging,55560022264000,10.691972999999999,18.196785000000002,-0.42223078
6888,33,Jogging,55560132341000,1.6889231,4.4810944,3.4459480000000005
6889,33,Jogging,55560242326000,3.6774937999999993,3.6366330000000002,-1.7297841
6890,33,Jogging,55560352312000,5.8567495,19.57244,3.5957718
6891,33,Jogging,55560462297000,-0.5720546,-9.234595,-6.170017700000001
6892,33,Jogging,55560562334000,5.597963,14.09706,4.862464
6893,33,Jogging,55560662340000,4.018002500000001,11.686258,-2.4516625
6894,33,Jogging,55560762315000,-7.04172,12.408136,3.9090397000000006
6895,33,Jogging,55560872362000,0.7218784,1.4165162,3.0237172
6896,33,Jogging,55560932329000,4.7943625,12.299174,-2.1383946
