,user,label,timestamp,x,y,z
719278,34,Jogging,717682292000,12.03,19.57,-2.87
719279,34,Jogging,717732280000,-7.31,19.57,1.95
719280,34,Jogging,717782298000,5.33,12.03,-0.15
719281,34,Jogging,717832317000,-2.41,6.66,-3.15
719282,34,Jogging,717882304000,-6.85,-6.24,-2.03
719283,34,Jogging,717932292000,-2.91,-7.31,3.91
719284,34,Jogging,717982310000,15.09,11.26,-9.47
719285,34,Jogging,718032298000,-3.06,15.4,6.78
719286,34,Jogging,718082316000,-7.93,7.55,-5.98
719287,34,Jogging,718132304000,-3.68,19.15,-0.76
719288,34,Jogging,718182292000,9.23,19.5,-9.04
719289,34,Jogging,718232310000,15.79,17.05,0.38
719290,34,Jogging,718282298000,10.65,3.6,4.33
719291,34,Jogging,718332317000,7.5,-5.01,1.04
719292,34,Jogging,718382304000,9.15,0.61,3.21
719293,34,Jogging,718432292000,10.42,18.24,-1.18
719294,34,Jogging,718482310000,0.84,19.57,-6.13
719296,34,Jogging,718539683000,-1.04,14.56,2.56
719295,34,Jogging,718539683000,-1.04,14.56,2.56
719297,34,Jogging,718592326000,2.22,8.96,-1.57
719298,34,Jogging,718642345000,-6.4,-2.37,-2.14
719299,34,Jogging,718692332000,-3.87,-9.47,1.88
719300,34,Jogging,718742320000,9.53,9.15,-5.48
719301,34,Jogging,718792338000,2.56,17.97,3.87
719302,34,Jogging,718842326000,-7.7,8.81,-3.83
719303,34,Jogging,718892345000,-1.14,19.27,-1.76
719304,34,Jogging,718942332000,11.18,19.15,-7.63
719305,34,Jogging,718992290000,14.63,15.66,-0.08
719306,34,Jogging,719042338000,10.8,4.02,6.66
719307,34,Jogging,719092326000,7.55,-5.52,0.38
719308,34,Jogging,719142345000,8.96,-1.65,4.02
719309,34,Jogging,719192332000,10.34,15.6,-0.61
719310,34,Jogging,719262340000,-3.06,19.57,-1.84
719311,34,Jogging,719312266000,5.63,12.49,0.11
719312,34,Jogging,719362407000,0.46,8.08,-2.34
719313,34,Jogging,719412334000,-6.17,-3.72,-1.92
719314,34,Jogging,719462352000,-3.34,-9.11,2.98
719315,34,Jogging,719512309000,8.24,7.74,-7.97
719316,34,Jogging,719562327000,4.14,18.58,7.97
719317,34,Jogging,719612376000,-6.02,11.3,-4.67
719318,34,Jogging,719662334000,0.69,19.19,-3.02
719319,34,Jogging,719712321000,9.92,18.85,-8.16
719320,34,Jogging,719762340000,11.84,14.33,-1.18
719321,34,Jogging,719812327000,9.77,6.63,1.46
719322,34,Jogging,719862346000,6.09,-5.09,1.38
719323,34,Jogging,719912334000,11.65,-2.79,4.4
719324,34,Jogging,719962321000,10.73,14.94,-0.65
719325,34,Jogging,720012279000,3.34,19.57,-8.24
719326,34,Jogging,720062358000,-1.76,16.02,4.52
719327,34,Jogging,720112346000,5.01,10.08,-0.08
719328,34,Jogging,720162334000,-6.24,1.54,-1.84
719329,34,Jogging,720212321000,-2.83,-9.85,-0.72
719330,34,Jogging,720262340000,3.21,4.21,-2.91
719331,34,Jogging,720312327000,11.8,16.17,0.04
719332,34,Jogging,720362346000,-7.04,8.24,-0.61
719333,34,Jogging,720412334000,-4.21,15.13,-2.91
719334,34,Jogging,720462321000,5.33,19.57,-5.24
719335,34,Jogging,720512309000,14.37,16.32,-7.74
719336,34,Jogging,720562327000,9.77,9.96,11.92
719337,34,Jogging,720612437000,5.67,0.27,-0.99
719338,34,Jogging,720662334000,12.15,-5.13,4.29
719339,34,Jogging,720712321000,8.35,8.08,1.73
719340,34,Jogging,720762340000,9.53,19.57,-4.99
719341,34,Jogging,720812327000,-7.44,19.11,4.94
719342,34,Jogging,720862346000,6.51,11.41,0.46
719343,34,Jogging,720912334000,-1.92,5.56,-2.96
719344,34,Jogging,720962321000,-4.75,-5.98,-1.92
719345,34,Jogging,721012340000,-3.98,-5.37,-5.75
719346,34,Jogging,721082347000,9.15,9.08,-5.75
719347,34,Jogging,721132274000,-5.43,9.66,-0.08
719348,34,Jogging,721182292000,-5.43,13.57,-2.37
719349,34,Jogging,721232249000,3.15,19.57,-3.34
719350,34,Jogging,721282298000,13.67,17.35,-10.11
719351,34,Jogging,721332317000,10.8,11.6,9.7
719352,34,Jogging,721382304000,7.55,1.57,-0.19
719353,34,Jogging,721432292000,11.84,-4.79,4.21
719354,34,Jogging,721482310000,6.85,6.59,1.69
719355,34,Jogging,721532634000,9.58,19.57,-3.3
719356,34,Jogging,721582316000,-8.05,19.0,2.68
719357,34,Jogging,721632304000,7.27,11.92,0.89
719358,34,Jogging,721682292000,-0.04,5.94,-3.57
719359,34,Jogging,721732310000,-5.18,-6.02,-2.49
719360,34,Jogging,721782298000,-5.71,-5.71,1.8
719361,34,Jogging,721832286000,14.44,11.56,-3.26
719362,34,Jogging,721882304000,-3.6,14.98,2.76
719363,34,Jogging,721932292000,-7.12,8.89,-4.94
719364,34,Jogging,721982310000,-0.08,19.53,-2.3
719365,34,Jogging,722032298000,12.22,18.92,-8.62
719366,34,Jogging,722082316000,15.09,11.92,9.43
719367,34,Jogging,722132304000,8.5,3.06,-0.89
719368,34,Jogging,722182292000,8.66,-5.6,3.38
719369,34,Jogging,722232310000,8.43,3.72,1.57
719370,34,Jogging,722282298000,9.38,19.34,-2.98
719371,34,Jogging,722332255000,-5.37,19.57,0.11
719372,34,Jogging,722382304000,6.89,11.84,0.53
719373,34,Jogging,722432292000,0.15,6.89,-3.06
719374,34,Jogging,722482310000,-7.7,-5.86,-3.21
719375,34,Jogging,722532329000,-5.86,-7.7,2.83
719376,34,Jogging,722582316000,11.22,9.89,-7.04
719377,34,Jogging,722632884000,1.54,18.01,5.22
719378,34,Jogging,722682201000,-8.12,6.85,-4.25
719379,34,Jogging,722732310000,-2.14,19.38,-1.95
719380,34,Jogging,722782298000,11.88,19.42,-8.01
719381,34,Jogging,722832317000,15.43,14.1,3.99
719382,34,Jogging,722882304000,10.27,3.87,4.18
719383,34,Jogging,722932292000,6.32,-4.59,1.69
719384,34,Jogging,722982310000,8.69,-0.23,2.79
719385,34,Jogging,723032298000,11.07,17.77,-0.76
719386,34,Jogging,723082255000,1.31,19.57,-6.82
719387,34,Jogging,723132304000,0.93,13.99,3.64
719388,34,Jogging,723182323000,2.26,8.58,-2.34
719389,34,Jogging,723232310000,-6.4,-2.03,-2.18
719390,34,Jogging,723282298000,-5.2,-11.41,2.3
719391,34,Jogging,723332317000,5.63,7.4,-6.13
719392,34,Jogging,723382304000,8.08,18.54,5.52
719393,34,Jogging,723432292000,-7.65,4.79,-3.3
719394,34,Jogging,723482310000,-1.12,18.54,-2.83
719395,34,Jogging,723532268000,9.38,18.54,-9.89
719396,34,Jogging,723582316000,13.95,14.18,0.04
719397,34,Jogging,723632304000,10.31,6.17,0.23
719398,34,Jogging,723682353000,8.24,-5.2,3.3
719399,34,Jogging,723732310000,12.15,2.18,4.67
719400,34,Jogging,723782298000,10.5,18.81,-3.34
719401,34,Jogging,723832317000,-2.79,19.57,-1.31
719402,34,Jogging,723882304000,5.22,11.69,-0.65
719403,34,Jogging,723932292000,1.12,7.74,-3.21
719404,34,Jogging,723982310000,-7.89,-2.96,-5.37
719405,34,Jogging,724032298000,-6.43,-11.18,6.13
719406,34,Jogging,724082316000,8.05,8.05,-6.63
719407,34,Jogging,724132304000,9.58,15.09,3.06
719408,34,Jogging,724182323000,-8.01,7.31,-2.41
719409,34,Jogging,724182323000,-8.01,7.31,-2.41
719410,34,Jogging,724182323000,-8.01,7.31,-2.41
719411,34,Jogging,724292155000,6.51,19.57,-4.25
719412,34,Jogging,724342143000,14.41,13.91,-5.52
719413,34,Jogging,724392345000,8.35,5.6,12.83
719414,34,Jogging,724442363000,6.55,-2.83,0.69
719415,34,Jogging,724492320000,11.22,-0.95,4.4
719416,34,Jogging,724542338000,10.61,17.35,-0.27
719417,34,Jogging,724592326000,2.98,19.57,-6.78
719418,34,Jogging,724642345000,-1.18,14.67,2.22
719419,34,Jogging,724692332000,4.6,8.92,-1.53
719420,34,Jogging,724742320000,-6.66,-0.84,-3.87
719421,34,Jogging,724792338000,-7.27,-12.72,2.34
719422,34,Jogging,724792338000,-7.27,-12.72,2.34
719423,34,Jogging,724892284000,10.12,9.66,-5.52
719424,34,Jogging,724942332000,-9.47,9.53,-4.4
719425,34,Jogging,724992320000,-4.25,17.01,-1.5
719426,34,Jogging,725042338000,8.5,19.57,-5.6
719427,34,Jogging,725092326000,18.77,16.89,-0.15
719428,34,Jogging,725142345000,10.61,3.26,6.32
719429,34,Jogging,725192332000,8.08,-4.48,1.31
719430,34,Jogging,725243022000,10.19,0.27,4.06
719431,34,Jogging,725302379000,10.65,18.24,-1.14
719432,34,Jogging,725362315000,-5.41,19.57,-0.19
719433,34,Jogging,725412334000,7.86,12.15,-0.15
719434,34,Jogging,725462321000,-1.27,6.24,-3.91
719435,34,Jogging,725512309000,-8.58,-6.05,-2.64
719436,34,Jogging,725562327000,-4.94,-6.13,4.99
719437,34,Jogging,725612346000,11.37,9.34,-8.47
719438,34,Jogging,725662334000,2.07,17.31,5.86
719439,34,Jogging,725712321000,-6.78,7.55,-5.52
719440,34,Jogging,725762340000,-0.53,19.53,-2.72
719441,34,Jogging,725812327000,11.14,19.04,-7.04
719442,34,Jogging,725862346000,15.32,12.87,7.7
719443,34,Jogging,725912334000,7.67,2.87,-0.08
719444,34,Jogging,725962321000,8.39,-6.13,2.83
719445,34,Jogging,726012248000,9.89,1.18,4.25
719446,34,Jogging,726062327000,11.03,18.01,-1.46
719447,34,Jogging,726129008000,-2.6,19.57,-2.75
719448,34,Jogging,726182292000,7.21,11.69,0.04
719449,34,Jogging,726232280000,-1.46,6.05,-3.41
719450,34,Jogging,726282298000,-7.21,-7.16,-1.08
719451,34,Jogging,726332316000,-3.91,-4.33,2.11
719452,34,Jogging,726382304000,11.69,10.15,-6.89
719453,34,Jogging,726432292000,0.95,15.79,7.08
719454,34,Jogging,726482310000,-7.59,8.01,-5.05
719455,34,Jogging,726532298000,-0.27,19.57,-3.21
719456,34,Jogging,726582316000,11.92,19.08,-8.85
719457,34,Jogging,726632304000,14.48,14.52,6.09
719458,34,Jogging,726682292000,8.69,3.57,-0.19
719459,34,Jogging,726732310000,7.59,-6.09,1.88
719460,34,Jogging,726782298000,10.57,0.27,4.14
719461,34,Jogging,726832317000,10.84,17.86,-0.95
719462,34,Jogging,726882304000,-0.84,19.57,-3.21
719463,34,Jogging,726932292000,3.11,12.57,0.57
719464,34,Jogging,726982310000,3.15,8.35,-1.76
719465,34,Jogging,727032298000,-6.7,-1.61,-2.34
719466,34,Jogging,727082347000,-5.82,-10.95,0.72
719467,34,Jogging,727132304000,6.63,6.24,-5.13
719468,34,Jogging,727182292000,8.54,17.12,5.43
719469,34,Jogging,727232310000,-7.86,9.3,-4.29
719470,34,Jogging,727282298000,-2.75,17.69,-1.76
719471,34,Jogging,727332347000,8.89,19.53,-5.37
719472,34,Jogging,727382365000,15.79,15.05,-6.47
719473,34,Jogging,727432292000,12.49,5.86,10.34
719474,34,Jogging,727482310000,6.02,-2.49,0.04
719475,34,Jogging,727532298000,11.41,-3.41,5.37
719476,34,Jogging,727582316000,8.73,10.92,0.0
719477,34,Jogging,727632304000,6.97,19.57,-6.59
