,user,label,timestamp,x,y,z
721078,34,Jogging,807642345000,15.6,16.51,-1.95
721079,34,Jogging,807692332000,10.8,3.06,5.01
721080,34,Jogging,807742625000,9.23,-5.05,1.27
721081,34,Jogging,807792338000,9.0,1.38,3.99
721082,34,Jogging,807842326000,9.19,18.85,-0.8
721083,34,Jogging,807892345000,-3.72,19.57,-4.18
721084,34,Jogging,807942332000,3.02,14.29,-1.33
721085,34,Jogging,807992290000,3.11,8.96,-0.04
721086,34,Jogging,808042338000,-5.37,-1.57,-1.65
721087,34,Jogging,808092326000,-3.41,-11.54,-0.19
721088,34,Jogging,808142345000,4.71,5.98,-4.99
721089,34,Jogging,808192332000,11.73,18.7,6.05
721090,34,Jogging,808242351000,-7.74,5.28,-4.1
721091,34,Jogging,808292369000,-2.45,17.35,-1.53
721092,34,Jogging,808342326000,5.79,19.53,-5.79
721093,34,Jogging,808392345000,15.55,17.24,-8.58
721094,34,Jogging,808442332000,11.96,7.01,10.27
721095,34,Jogging,808492320000,7.01,-3.98,0.72
721096,34,Jogging,808542338000,11.37,-1.53,6.66
721097,34,Jogging,808592326000,11.3,15.24,-1.84
721098,34,Jogging,808644878000,3.15,19.57,-7.82
721099,34,Jogging,808702373000,-2.96,16.86,4.25
721100,34,Jogging,808762309000,4.71,8.92,-0.27
721101,34,Jogging,808812266000,-5.71,-1.76,-1.14
721102,34,Jogging,808862376000,-2.83,-9.7,0.42
721103,34,Jogging,808912334000,4.63,6.44,-4.99
721104,34,Jogging,808962321000,11.73,17.77,5.13
721105,34,Jogging,809012340000,-7.74,5.98,-3.68
721106,34,Jogging,809062327000,-1.23,17.01,-2.18
721107,34,Jogging,809112346000,7.97,19.5,-6.05
721108,34,Jogging,809162334000,13.95,14.86,-7.12
721109,34,Jogging,809212321000,12.07,9.23,8.2
721110,34,Jogging,809272258000,5.6,-3.91,-0.3
721111,34,Jogging,809322276000,12.95,-0.95,4.99
721112,34,Jogging,809372233000,11.41,14.79,-1.38
721113,34,Jogging,809422343000,1.76,19.57,-8.08
721114,34,Jogging,809472331000,-2.56,16.82,1.88
721115,34,Jogging,809522319000,6.97,10.12,0.42
721116,34,Jogging,809572307000,-5.01,2.3,-2.03
721117,34,Jogging,809622325000,-3.83,-9.11,1.65
721118,34,Jogging,809672343000,-0.38,2.91,-3.79
721119,34,Jogging,809722362000,12.64,12.34,-0.08
721120,34,Jogging,809772319000,-3.87,11.75,1.31
721121,34,Jogging,809822337000,-5.09,14.6,-3.45
721122,34,Jogging,809872325000,3.45,19.57,-3.64
721123,34,Jogging,809922343000,14.48,17.31,-9.11
721124,34,Jogging,809972331000,11.07,10.73,14.44
721125,34,Jogging,810022319000,6.36,0.69,-1.14
721126,34,Jogging,810072337000,12.87,-5.98,5.71
721127,34,Jogging,810122325000,7.7,5.98,1.04
721128,34,Jogging,810172343000,9.58,19.53,-2.22
721129,34,Jogging,810222362000,-7.44,19.46,2.22
721130,34,Jogging,810272319000,8.5,12.45,0.65
721131,34,Jogging,810322337000,1.04,5.9,-1.69
721132,34,Jogging,810372325000,-4.56,-4.71,-2.96
721133,34,Jogging,810422343000,-7.21,-8.43,0.8
721134,34,Jogging,810472331000,7.06,6.59,-5.63
721135,34,Jogging,810522319000,12.34,18.7,5.75
721136,34,Jogging,810572337000,-7.74,5.79,-3.36
721137,34,Jogging,810632365000,0.38,18.96,-2.22
721138,34,Jogging,810682262000,11.37,18.66,-8.54
721139,34,Jogging,810732310000,10.31,12.57,4.21
721140,34,Jogging,810782298000,9.28,4.21,1.95
721141,34,Jogging,810832317000,7.55,-5.37,2.49
721142,34,Jogging,810882304000,9.89,0.84,4.1
721143,34,Jogging,810932292000,10.76,17.5,-1.46
721144,34,Jogging,810982310000,2.15,19.57,-6.93
721145,34,Jogging,811032329000,2.11,16.47,1.04
721146,34,Jogging,811082317000,4.18,9.66,0.57
721147,34,Jogging,811132304000,-6.05,0.65,-1.73
721148,34,Jogging,811182292000,-4.48,-9.38,-1.69
721149,34,Jogging,811232310000,1.95,4.75,-2.03
721150,34,Jogging,811282298000,14.02,17.43,4.63
721151,34,Jogging,811332317000,-7.04,7.44,-4.14
721152,34,Jogging,811382304000,-2.83,16.4,-3.34
721153,34,Jogging,811432292000,5.13,19.57,-4.21
721154,34,Jogging,811482310000,14.48,16.82,-8.73
721155,34,Jogging,811532329000,10.73,9.04,12.45
721156,34,Jogging,811582317000,6.44,-2.3,-1.65
721157,34,Jogging,811632304000,15.98,-3.36,7.21
721158,34,Jogging,811682292000,10.31,13.14,-0.23
721159,34,Jogging,811732310000,7.44,19.57,-6.59
721160,34,Jogging,811782298000,-7.04,18.31,6.21
721161,34,Jogging,811832317000,8.69,8.77,0.84
721162,34,Jogging,811882304000,-3.06,4.14,-3.83
721163,34,Jogging,811932292000,-6.47,-8.01,-0.27
721164,34,Jogging,811982310000,-1.99,0.95,-0.23
721165,34,Jogging,812032298000,16.04,13.21,-2.75
721167,34,Jogging,812082317000,-5.9,10.76,1.42
721166,34,Jogging,812082317000,-5.9,10.76,1.42
721168,34,Jogging,812142314000,-4.33,15.09,-4.1
721169,34,Jogging,812192271000,4.67,19.57,-3.98
721170,34,Jogging,812242320000,15.89,17.88,-8.39
721171,34,Jogging,812292338000,10.23,8.39,13.53
721172,34,Jogging,812342326000,4.6,-1.57,-1.69
721173,34,Jogging,812392345000,12.98,-3.15,7.63
721174,34,Jogging,812442332000,10.69,11.96,-0.08
721175,34,Jogging,812492320000,8.01,19.57,-4.1
721176,34,Jogging,812542338000,-7.7,19.31,3.6
721177,34,Jogging,812592326000,7.82,10.46,-0.27
721178,34,Jogging,812642345000,-1.31,4.99,-2.91
721179,34,Jogging,812692332000,-5.94,-5.79,-0.99
721180,34,Jogging,812742320000,-5.48,-3.6,0.11
721181,34,Jogging,812792369000,11.54,9.34,-2.37
721182,34,Jogging,812842326000,0.8,16.28,1.42
721183,34,Jogging,812892345000,-5.75,9.38,-3.17
721184,34,Jogging,812942332000,1.46,19.53,-2.72
721185,34,Jogging,812992320000,11.14,18.54,-8.77
721186,34,Jogging,813042338000,13.67,12.57,5.71
721187,34,Jogging,813092326000,9.72,3.79,0.84
721188,34,Jogging,813142345000,9.3,19.57,-2.37
721189,34,Jogging,813252147000,10.8,19.57,-2.37
721190,34,Jogging,813252147000,10.8,19.57,-2.37
721191,34,Jogging,813302257000,-7.44,19.53,1.23
721192,34,Jogging,813352397000,7.78,11.65,-0.91
721193,34,Jogging,813402293000,0.61,7.67,-1.99
721194,34,Jogging,813452342000,-6.51,-3.57,-1.76
721195,34,Jogging,813512309000,-5.67,-8.85,1.14
721196,34,Jogging,813562327000,13.44,11.26,-3.76
721197,34,Jogging,813612437000,-2.64,13.48,3.38
721198,34,Jogging,813662334000,-6.4,12.53,-4.1
721199,34,Jogging,813712352000,0.95,19.57,-3.17
721200,34,Jogging,813762370000,12.6,18.28,-8.16
721201,34,Jogging,813812327000,14.75,12.53,10.8
721202,34,Jogging,813862346000,7.93,2.11,-0.04
721203,34,Jogging,813912395000,10.15,-5.52,3.6
721204,34,Jogging,813962321000,9.08,5.41,2.07
721205,34,Jogging,814012248000,9.96,19.46,-2.14
721206,34,Jogging,814062358000,-3.79,19.57,-1.84
721207,34,Jogging,814112346000,6.55,11.35,0.27
721208,34,Jogging,814162334000,1.12,7.4,-1.99
721209,34,Jogging,814212321000,-6.85,-3.79,-3.36
721210,34,Jogging,814262340000,-6.89,-7.93,2.68
721211,34,Jogging,814312327000,12.26,9.89,-4.56
721212,34,Jogging,814362315000,0.89,16.86,2.64
721213,34,Jogging,814412334000,-6.7,10.5,-4.02
721214,34,Jogging,814462291000,0.31,19.5,-2.53
721215,34,Jogging,814512340000,10.73,18.54,-7.35
721216,34,Jogging,814562327000,13.87,13.38,4.33
721217,34,Jogging,814612346000,8.89,3.95,2.45
721218,34,Jogging,814662334000,9.96,-5.24,3.3
721219,34,Jogging,814712321000,9.38,2.96,2.83
721220,34,Jogging,814762340000,9.04,19.08,-1.61
721221,34,Jogging,814812327000,-4.02,19.57,-2.68
721222,34,Jogging,814862376000,5.13,13.06,-1.38
721223,34,Jogging,814912334000,2.72,8.54,-1.23
721224,34,Jogging,814962321000,-5.94,-1.84,-1.65
721225,34,Jogging,815012248000,-5.05,-10.95,0.57
721226,34,Jogging,815062327000,6.82,7.06,-4.99
721227,34,Jogging,815112346000,9.51,18.28,3.99
721228,34,Jogging,815162334000,-7.82,7.31,-2.96
721229,34,Jogging,815212291000,-1.92,18.77,-2.14
721230,34,Jogging,815262340000,9.3,19.57,-6.55
721231,34,Jogging,815312327000,14.94,15.4,-4.18
721232,34,Jogging,815362346000,12.37,7.08,4.82
721233,34,Jogging,815412364000,5.94,-4.44,1.84
721234,34,Jogging,815462291000,12.34,-1.27,4.14
721235,34,Jogging,815512340000,10.57,16.4,-0.53
721236,34,Jogging,815562327000,3.45,19.57,-7.97
721237,34,Jogging,815612346000,-0.04,16.02,3.17
721238,34,Jogging,815662334000,6.09,10.61,-0.46
721239,34,Jogging,815712321000,-5.41,-0.46,-3.02
721240,34,Jogging,815762340000,-5.52,-10.53,-1.46
721241,34,Jogging,815812327000,7.59,8.69,-2.26
721242,34,Jogging,815862346000,4.52,17.77,6.47
721243,34,Jogging,815912334000,-9.0,5.71,-4.82
721244,34,Jogging,815962321000,-5.37,15.55,-1.76
721245,34,Jogging,816012248000,6.78,19.57,-4.14
721246,34,Jogging,816062327000,19.04,19.0,-8.01
721247,34,Jogging,816112346000,12.15,6.93,14.1
721248,34,Jogging,816162334000,6.7,-2.56,-2.11
721249,34,Jogging,816212321000,12.6,-3.36,5.98
721250,34,Jogging,816262340000,9.08,11.56,0.11
721251,34,Jogging,816312297000,7.06,19.57,-5.86
721252,34,Jogging,816362346000,-6.7,17.92,6.09
721253,34,Jogging,816412334000,7.5,10.92,0.0
721254,34,Jogging,816462321000,-2.64,4.1,-2.64
721255,34,Jogging,816512370000,-4.48,-8.5,-0.91
721256,34,Jogging,816562327000,0.31,2.53,-2.14
721257,34,Jogging,816612346000,12.98,14.14,1.31
721258,34,Jogging,816662334000,-7.82,13.87,-2.18
721259,34,Jogging,816712291000,-4.4,14.94,-2.26
721260,34,Jogging,816762340000,4.82,19.57,-3.83
721261,34,Jogging,816812327000,16.04,16.17,-8.96
721262,34,Jogging,816862346000,10.92,6.05,16.25
721263,34,Jogging,816912334000,6.82,-0.65,-0.3
721264,34,Jogging,816962352000,11.99,-3.95,4.52
721265,34,Jogging,816962352000,11.99,-3.95,4.52
721266,34,Jogging,817073009000,9.53,13.4,0.61
721267,34,Jogging,817124004000,1.69,12.34,0.08
721268,34,Jogging,817172191000,5.05,8.69,-1.12
721269,34,Jogging,817222270000,-4.52,-2.6,-2.11
721270,34,Jogging,817272319000,-3.72,-10.04,-0.11
721271,34,Jogging,817322337000,5.86,7.44,-4.63
721272,34,Jogging,817372325000,6.28,17.54,6.63
721273,34,Jogging,817422343000,-9.11,6.28,-6.85
721274,34,Jogging,817472301000,-3.34,18.5,-2.87
721275,34,Jogging,817522319000,7.67,19.57,-4.79
721276,34,Jogging,817572307000,16.02,16.04,-0.99
721277,34,Jogging,817622295000,10.57,5.22,6.02
