,user,label,timestamp,x,y,z
723878,34,Jogging,947662334000,7.06,13.99,-2.07
723879,34,Jogging,947712443000,4.29,8.73,0.04
723880,34,Jogging,947762340000,-6.21,-0.53,-1.38
723881,34,Jogging,947812327000,-3.26,-10.42,-2.6
723882,34,Jogging,947862346000,4.79,9.23,-0.19
723883,34,Jogging,947912364000,15.05,18.2,1.46
723884,34,Jogging,947962321000,-7.5,6.17,-4.1
723885,34,Jogging,948012279000,-1.31,17.01,-3.83
723886,34,Jogging,948062327000,5.56,19.31,-5.37
723887,34,Jogging,948112346000,13.48,15.43,-6.02
723888,34,Jogging,948162334000,11.45,10.15,13.8
723889,34,Jogging,948212321000,8.66,-0.53,-0.19
723890,34,Jogging,948262340000,12.87,-2.45,6.32
723891,34,Jogging,948312327000,8.54,13.63,-1.42
723892,34,Jogging,948372295000,4.99,19.57,-3.98
723893,34,Jogging,948422343000,2.79,16.09,0.8
723894,34,Jogging,948472362000,7.97,11.88,0.84
723895,34,Jogging,948522319000,-5.05,1.23,-3.06
723896,34,Jogging,948572368000,-4.94,-8.54,-1.65
723897,34,Jogging,948622325000,1.61,5.05,1.57
723898,34,Jogging,948672343000,8.01,10.5,-0.72
723899,34,Jogging,948722331000,4.44,14.41,-4.29
723900,34,Jogging,948772288000,-6.51,11.65,-2.83
723901,34,Jogging,948822337000,1.14,19.53,-3.15
723902,34,Jogging,948872325000,10.23,18.73,-7.21
723903,34,Jogging,948922343000,14.02,13.57,-0.95
723904,34,Jogging,948972331000,10.99,3.34,9.53
723905,34,Jogging,949022319000,11.96,-5.33,2.03
723906,34,Jogging,949072337000,7.46,3.41,1.92
723907,34,Jogging,949122325000,6.97,19.04,-0.38
723908,34,Jogging,949122325000,6.97,19.04,-0.38
723909,34,Jogging,949192363000,-0.15,19.57,-4.33
723910,34,Jogging,949242229000,9.58,12.68,-0.61
723911,34,Jogging,949292369000,-1.18,5.6,-3.64
723912,34,Jogging,949342326000,-8.77,-6.36,-2.37
723913,34,Jogging,949392345000,-0.61,-0.65,0.42
723914,34,Jogging,949442332000,8.81,10.57,-0.15
723915,34,Jogging,949492320000,3.68,15.32,-1.84
723916,34,Jogging,949542338000,-6.4,6.24,-5.13
723917,34,Jogging,949592326000,1.65,19.46,-3.53
723918,34,Jogging,949642345000,13.06,18.24,-9.11
723919,34,Jogging,949692332000,13.44,11.14,10.15
723920,34,Jogging,949742381000,9.19,5.01,-2.75
723921,34,Jogging,949792338000,11.5,-8.01,5.13
723922,34,Jogging,949842326000,6.74,5.41,0.57
723923,34,Jogging,949892345000,7.31,15.43,-0.61
723925,34,Jogging,950002147000,6.93,15.43,-0.61
723924,34,Jogging,950002147000,6.93,15.43,-0.61
723926,34,Jogging,950052287000,0.15,6.47,-2.07
723927,34,Jogging,950102397000,-8.47,-4.9,-1.04
723928,34,Jogging,950152293000,-2.91,-6.55,-2.64
723929,34,Jogging,950202373000,10.73,9.85,-2.96
723930,34,Jogging,950262279000,6.51,16.17,3.68
723931,34,Jogging,950312327000,-8.05,10.42,-4.82
723932,34,Jogging,950362315000,0.42,19.57,-1.99
723933,34,Jogging,950412334000,13.53,18.89,-8.85
723934,34,Jogging,950462321000,14.18,11.99,6.66
723935,34,Jogging,950512340000,8.89,2.49,5.56
723936,34,Jogging,950562327000,11.92,-6.74,3.87
723937,34,Jogging,950612346000,6.28,4.44,0.5
723938,34,Jogging,950662334000,7.82,19.5,-0.46
723939,34,Jogging,950712352000,-2.79,19.57,-3.36
723940,34,Jogging,950762309000,9.72,14.44,-0.57
723941,34,Jogging,950812327000,3.68,9.23,-1.92
723942,34,Jogging,950862346000,-7.97,-2.11,-1.61
723943,34,Jogging,950912334000,-5.13,-9.34,-3.11
723944,34,Jogging,950962321000,9.47,9.34,-3.34
723945,34,Jogging,951012279000,9.28,16.36,5.6
723946,34,Jogging,951062327000,-7.08,9.15,-6.13
723947,34,Jogging,951112346000,-1.04,18.96,-2.49
723948,34,Jogging,951162334000,9.15,19.5,-6.43
723949,34,Jogging,951212321000,14.14,12.79,-0.61
723950,34,Jogging,951262248000,11.45,5.86,6.47
723951,34,Jogging,951312327000,10.0,-5.98,2.83
723952,34,Jogging,951362346000,8.58,1.8,3.26
723953,34,Jogging,951412334000,9.58,17.88,-1.14
723954,34,Jogging,951462321000,-0.46,19.57,-7.74
723955,34,Jogging,951512340000,4.71,16.86,1.88
723956,34,Jogging,951562327000,5.75,10.38,-0.3
723957,34,Jogging,951612346000,-8.08,0.89,-3.3
723958,34,Jogging,951662334000,-5.9,-9.89,0.23
723959,34,Jogging,951712321000,4.94,9.7,-1.04
723960,34,Jogging,951762309000,15.75,16.25,0.04
723961,34,Jogging,951812327000,-9.34,7.31,-4.71
723962,34,Jogging,951862346000,-3.83,16.32,-2.96
723963,34,Jogging,951912334000,3.49,19.57,-4.67
723964,34,Jogging,951962321000,14.75,16.82,-8.01
723965,34,Jogging,952012279000,12.15,9.89,14.02
723966,34,Jogging,952062327000,9.15,-0.38,-1.5
723967,34,Jogging,952112346000,13.67,-3.64,6.85
723968,34,Jogging,952162334000,8.31,11.37,-2.07
723969,34,Jogging,952212321000,7.55,19.57,-2.79
723970,34,Jogging,952262340000,-3.15,18.85,2.76
723971,34,Jogging,952312327000,9.81,12.79,-0.15
723972,34,Jogging,952362346000,-2.79,4.06,-2.79
723973,34,Jogging,952412334000,-6.02,-4.82,-2.64
723974,34,Jogging,952462291000,-2.91,-0.15,2.87
723975,34,Jogging,952512370000,13.48,11.26,-4.9
723976,34,Jogging,952562327000,-0.38,12.68,2.6
723977,34,Jogging,952612346000,-5.79,12.3,-4.59
723978,34,Jogging,952662334000,2.26,19.57,-4.33
723979,34,Jogging,952712321000,12.15,18.66,-6.66
723980,34,Jogging,952762340000,12.76,12.41,6.89
723981,34,Jogging,952812327000,10.31,3.87,1.57
723982,34,Jogging,952862346000,13.67,-8.24,6.05
723983,34,Jogging,952912334000,5.43,4.82,0.19
723984,34,Jogging,952962291000,9.3,19.46,0.08
723985,34,Jogging,953012340000,-6.36,19.53,-1.14
723986,34,Jogging,953062327000,10.99,13.82,-2.37
723987,34,Jogging,953112346000,3.45,7.97,-2.03
723988,34,Jogging,953162334000,-7.16,-2.34,-2.07
723989,34,Jogging,953212321000,-5.2,-9.43,-2.14
723990,34,Jogging,953262340000,8.54,9.04,-2.83
723991,34,Jogging,953312327000,12.49,18.77,4.6
723992,34,Jogging,953362346000,-8.58,6.82,-4.4
723993,34,Jogging,953412334000,-1.69,18.81,-2.6
723994,34,Jogging,953462321000,8.35,19.57,-6.05
723995,34,Jogging,953512340000,15.4,14.48,-3.36
723996,34,Jogging,953562327000,12.22,5.41,10.84
723997,34,Jogging,953612346000,9.19,-4.4,0.27
723998,34,Jogging,953662303000,9.19,-0.3,5.22
723999,34,Jogging,953712352000,10.27,16.21,-1.69
724000,34,Jogging,953762309000,1.12,19.57,-6.93
724001,34,Jogging,953812327000,4.63,16.47,0.76
724002,34,Jogging,953862376000,5.43,10.88,0.23
724003,34,Jogging,953912334000,-5.94,0.76,-2.14
724004,34,Jogging,953962321000,-4.25,-9.28,-1.8
724005,34,Jogging,954012279000,2.83,8.12,-0.84
724006,34,Jogging,954062327000,16.04,15.98,0.11
724007,34,Jogging,954112346000,-8.81,6.97,-3.41
724008,34,Jogging,954182323000,-4.75,16.97,-4.21
724009,34,Jogging,954232371000,9.47,19.57,-6.28
724010,34,Jogging,954282207000,14.52,13.99,-0.38
724011,34,Jogging,954332347000,11.07,5.75,8.28
724012,34,Jogging,954382304000,8.16,-5.52,1.14
724013,34,Jogging,954432292000,9.23,1.27,4.52
724014,34,Jogging,954482310000,7.4,17.69,-0.76
724015,34,Jogging,954532298000,0.0,19.57,-5.05
724016,34,Jogging,954582317000,6.85,15.64,-1.76
724017,34,Jogging,954632304000,5.22,9.85,0.08
724018,34,Jogging,954682292000,-6.43,0.89,-4.56
724019,34,Jogging,954732310000,-8.77,-11.18,-1.23
724020,34,Jogging,954782329000,6.4,8.69,-1.99
724021,34,Jogging,954832317000,11.65,17.62,8.24
724022,34,Jogging,954882304000,-8.92,8.24,-6.7
724023,34,Jogging,954932292000,-4.44,16.74,-2.56
724024,34,Jogging,954982310000,5.48,19.57,-3.34
724025,34,Jogging,954982310000,5.48,19.57,-3.34
724026,34,Jogging,955052348000,18.43,16.55,-8.96
724027,34,Jogging,955102306000,11.37,2.41,8.39
724028,34,Jogging,955152324000,10.65,-5.98,1.33
724029,34,Jogging,955212321000,5.56,3.87,1.73
724030,34,Jogging,955262340000,7.44,19.57,-0.38
724031,34,Jogging,955312327000,-6.47,19.38,-0.84
724032,34,Jogging,955362346000,10.15,13.4,-1.69
724033,34,Jogging,955412334000,0.76,7.5,-2.11
724034,34,Jogging,955462321000,-7.97,-3.11,-2.18
724035,34,Jogging,955512340000,-1.38,-8.92,0.15
724036,34,Jogging,955562327000,10.5,9.38,-6.51
724037,34,Jogging,955612346000,6.28,17.82,8.28
724038,34,Jogging,955672252000,-8.88,11.3,-6.09
724039,34,Jogging,955722331000,-0.11,19.42,-3.91
724041,34,Jogging,955772410000,11.8,18.92,-8.92
724040,34,Jogging,955772410000,11.8,18.92,-8.92
724042,34,Jogging,955882121000,10.0,5.98,5.52
724043,34,Jogging,955932384000,12.87,-6.55,5.48
724044,34,Jogging,955982188000,5.01,5.05,0.19
724045,34,Jogging,956032268000,7.12,19.15,-0.69
724046,34,Jogging,956082316000,-3.41,19.53,-1.73
724047,34,Jogging,956132335000,9.77,14.94,-1.53
724048,34,Jogging,956182292000,2.07,8.66,-1.42
724049,34,Jogging,956232280000,-8.31,-2.72,-1.76
724050,34,Jogging,956282298000,-4.86,-8.77,-1.65
724051,34,Jogging,956332317000,8.73,9.3,-4.99
724052,34,Jogging,956382304000,12.95,17.86,5.75
724053,34,Jogging,956432292000,-7.7,5.75,-4.37
724054,34,Jogging,956482310000,-2.11,19.15,-4.14
724055,34,Jogging,956532298000,8.12,19.27,-7.16
724056,34,Jogging,956582316000,14.41,13.76,-3.83
724057,34,Jogging,956632304000,9.66,6.63,8.62
724058,34,Jogging,956682323000,9.51,-4.82,0.57
724060,34,Jogging,956734904000,8.5,1.54,6.24
724059,34,Jogging,956734904000,8.5,1.54,6.24
724061,34,Jogging,956792338000,7.25,15.75,-1.08
724062,34,Jogging,956842326000,-0.08,19.57,-3.57
724063,34,Jogging,956892345000,8.85,15.79,-1.18
724064,34,Jogging,956942332000,5.83,10.5,-0.8
724065,34,Jogging,956992320000,-7.4,0.46,-2.87
724066,34,Jogging,957042338000,-7.82,-10.19,-4.06
724067,34,Jogging,957092326000,6.82,7.25,1.38
724068,34,Jogging,957142345000,15.7,16.51,-0.34
724069,34,Jogging,957192332000,-7.44,6.93,-0.46
724070,34,Jogging,957242320000,-7.12,15.17,-4.9
724071,34,Jogging,957292338000,2.91,19.57,-4.82
724072,34,Jogging,957342326000,17.5,18.01,-7.5
724073,34,Jogging,957392345000,11.07,10.19,11.75
724074,34,Jogging,957442332000,8.01,0.95,0.61
724075,34,Jogging,957492320000,14.25,-5.09,6.21
724076,34,Jogging,957542338000,6.55,11.03,-0.65
724077,34,Jogging,957652110000,-2.53,17.62,-1.12
