,user,label,timestamp,x,y,z
724278,34,Jogging,967662334000,-3.02,19.57,-3.57
724279,34,Jogging,967712321000,6.78,14.52,-1.92
724280,34,Jogging,967762340000,3.26,9.53,-0.84
724281,34,Jogging,967812236000,-7.89,-0.61,-2.37
724282,34,Jogging,967862407000,-3.45,-9.92,-1.8
724283,34,Jogging,967912334000,8.66,9.3,-2.14
724284,34,Jogging,967962291000,11.18,18.35,5.94
724285,34,Jogging,968012248000,-8.66,6.55,-5.82
724286,34,Jogging,968062327000,-2.64,16.86,-2.41
724287,34,Jogging,968112346000,8.31,19.57,-6.47
724288,34,Jogging,968162334000,14.75,15.4,-3.02
724289,34,Jogging,968212321000,11.65,6.21,7.25
724290,34,Jogging,968262340000,8.39,-5.37,1.5
724291,34,Jogging,968312327000,9.77,1.33,4.63
724292,34,Jogging,968362346000,9.58,17.77,-0.65
724293,34,Jogging,968422374000,-0.61,19.57,-6.85
724294,34,Jogging,968472331000,6.51,15.32,-1.5
724295,34,Jogging,968522319000,1.31,7.93,-1.69
724296,34,Jogging,968572337000,-7.7,-1.73,-2.83
724297,34,Jogging,968622325000,-5.52,-10.38,0.72
724298,34,Jogging,968672343000,8.43,9.85,-4.21
724299,34,Jogging,968722331000,13.44,18.66,7.46
724300,34,Jogging,968772319000,-10.0,5.94,-8.12
724301,34,Jogging,968822307000,-4.48,17.77,-2.22
724302,34,Jogging,968872325000,5.9,19.57,-4.18
724303,34,Jogging,968922343000,16.28,17.62,-9.15
724304,34,Jogging,968972362000,13.57,7.27,12.49
724305,34,Jogging,969022349000,8.77,-4.9,0.04
724306,34,Jogging,969072368000,9.62,-0.91,4.63
724307,34,Jogging,969122325000,9.43,14.18,-1.8
724308,34,Jogging,969172343000,3.57,19.57,-4.18
724309,34,Jogging,969222331000,1.92,17.62,0.08
724310,34,Jogging,969272319000,7.35,13.06,0.84
724311,34,Jogging,969322307000,-5.63,2.11,-2.75
724312,34,Jogging,969372325000,-5.86,-8.31,-1.76
724313,34,Jogging,969422343000,0.15,3.41,1.08
724314,34,Jogging,969472331000,12.18,12.34,-3.11
724315,34,Jogging,969522288000,-1.61,11.37,1.08
724316,34,Jogging,969572337000,-7.04,13.76,-4.75
724317,34,Jogging,969622325000,2.96,19.57,-3.6
724318,34,Jogging,969672343000,14.75,18.39,-7.78
724319,34,Jogging,969722331000,10.73,9.66,13.59
724320,34,Jogging,969772319000,8.85,2.07,-0.69
724321,34,Jogging,969822337000,14.14,-7.08,7.16
724322,34,Jogging,969872325000,6.85,6.78,-1.18
724323,34,Jogging,969922343000,8.2,19.57,-0.95
724324,34,Jogging,969972301000,-5.43,19.46,-2.53
724325,34,Jogging,970022319000,9.7,14.86,-0.46
724326,34,Jogging,970072337000,-0.46,6.89,-2.07
724327,34,Jogging,970122325000,-6.85,-4.29,-0.99
724328,34,Jogging,970172343000,-3.34,-6.36,-1.33
724329,34,Jogging,970222362000,8.92,9.23,-4.4
724330,34,Jogging,970282268000,9.53,17.31,2.6
724331,34,Jogging,970282268000,9.53,17.31,2.6
724332,34,Jogging,970342296000,-7.31,11.56,-3.68
724333,34,Jogging,970392345000,4.25,19.57,-4.75
724334,34,Jogging,970442332000,13.4,17.58,-6.55
724335,34,Jogging,970492320000,9.47,9.11,11.75
724336,34,Jogging,970542338000,8.47,1.95,-0.53
724337,34,Jogging,970592326000,14.6,-6.85,7.55
724338,34,Jogging,970642375000,7.78,8.39,-0.8
724339,34,Jogging,970692332000,7.67,19.57,-1.5
724340,34,Jogging,970742259000,-6.32,19.42,-0.76
724341,34,Jogging,970792338000,9.3,13.87,-0.89
724342,34,Jogging,970850810000,-1.33,5.52,-2.6
724343,34,Jogging,970902354000,-5.71,-6.82,-0.91
724344,34,Jogging,970962291000,-2.49,1.73,-0.08
724345,34,Jogging,971012340000,17.82,15.94,0.31
724346,34,Jogging,971062327000,-9.81,6.93,-4.1
724347,34,Jogging,971112315000,-6.13,15.17,-4.67
724348,34,Jogging,971162364000,3.3,19.57,-2.87
724349,34,Jogging,971212321000,14.29,17.35,-7.89
724350,34,Jogging,971262340000,11.75,9.08,13.99
724351,34,Jogging,971312327000,8.28,1.46,-0.95
724352,34,Jogging,971362346000,14.63,-6.17,7.31
724353,34,Jogging,971412334000,7.89,8.85,-1.14
724354,34,Jogging,971462291000,7.78,19.57,-1.76
724355,34,Jogging,971512340000,-6.59,18.7,0.23
724356,34,Jogging,971562327000,11.41,14.21,-0.57
724357,34,Jogging,971612346000,-0.89,6.21,-2.6
724358,34,Jogging,971662334000,-7.27,-5.2,-1.57
724359,34,Jogging,971712352000,-4.33,-4.48,1.23
724360,34,Jogging,971712352000,-4.33,-4.48,1.23
724361,34,Jogging,971802379000,15.51,16.82,2.07
724362,34,Jogging,971852794000,-9.08,6.63,-6.24
724363,34,Jogging,971902202000,-2.03,19.27,-3.6
724364,34,Jogging,971952312000,8.69,19.57,-6.4
724365,34,Jogging,972002605000,14.41,13.1,3.3
724366,34,Jogging,972062297000,8.77,6.24,7.12
724367,34,Jogging,972112346000,10.15,-7.04,2.45
724368,34,Jogging,972162334000,7.4,3.21,1.57
724369,34,Jogging,972212321000,8.12,19.15,-0.3
724370,34,Jogging,972262340000,-2.96,19.57,-5.98
724371,34,Jogging,972312327000,8.81,15.66,-0.27
724372,34,Jogging,972362346000,2.45,9.11,-1.38
724373,34,Jogging,972412334000,-6.66,-1.65,-3.17
724374,34,Jogging,972462291000,-4.71,-10.42,-1.5
724375,34,Jogging,972512340000,6.66,10.15,-1.57
724376,34,Jogging,972562327000,12.79,17.47,1.23
724377,34,Jogging,972612346000,-8.35,5.41,-2.18
724378,34,Jogging,972662334000,-3.41,17.58,-2.87
724379,34,Jogging,972712321000,6.05,19.53,-5.01
724380,34,Jogging,972762340000,14.63,14.9,-6.24
724381,34,Jogging,972812389000,8.89,-1.27,-1.18
724382,34,Jogging,972882335000,8.89,-1.27,-1.18
724383,34,Jogging,972932262000,6.78,1.61,2.68
724384,34,Jogging,972982371000,8.12,17.82,-0.19
724385,34,Jogging,973032237000,0.0,19.57,-7.01
724386,34,Jogging,973082316000,7.21,16.21,1.27
724387,34,Jogging,973132304000,5.48,9.92,0.5
724388,34,Jogging,973182292000,-6.43,-0.38,-2.26
724389,34,Jogging,973232310000,-5.28,-9.19,-4.21
724390,34,Jogging,973282298000,4.9,7.7,0.5
724391,34,Jogging,973332316000,15.66,16.28,1.5
724392,34,Jogging,973382335000,-8.81,7.5,-3.57
724393,34,Jogging,973432292000,-5.52,16.55,-2.98
724394,34,Jogging,973482341000,3.87,19.57,-3.26
724395,34,Jogging,973532298000,15.32,17.12,-8.24
724396,34,Jogging,973582316000,12.57,9.72,11.26
724397,34,Jogging,973632304000,8.66,1.31,2.41
724398,34,Jogging,973682292000,11.45,-5.67,3.45
724399,34,Jogging,973732310000,7.25,9.11,1.27
724400,34,Jogging,973782298000,7.59,19.53,-1.99
724401,34,Jogging,973832317000,-2.79,19.31,-1.61
724402,34,Jogging,973882304000,8.43,13.02,-0.34
724403,34,Jogging,973932323000,-2.22,5.67,-2.96
724404,34,Jogging,973982310000,-7.08,-5.41,-0.95
724405,34,Jogging,974032298000,-2.41,-5.52,-0.27
724406,34,Jogging,974082316000,13.21,12.34,-4.9
724407,34,Jogging,974132304000,1.65,13.87,5.52
724409,34,Jogging,974185161000,-8.2,10.15,-7.27
724408,34,Jogging,974185161000,-8.2,10.15,-7.27
724410,34,Jogging,974242320000,-0.99,19.46,-1.88
724411,34,Jogging,974292308000,10.34,19.15,-7.21
724412,34,Jogging,974342326000,15.28,14.14,5.37
724413,34,Jogging,974392345000,10.12,1.42,4.94
724414,34,Jogging,974442332000,11.22,-6.28,3.15
724415,34,Jogging,974492320000,3.83,2.49,1.23
724416,34,Jogging,974542338000,9.38,17.73,-1.65
724417,34,Jogging,974592326000,-0.89,19.57,-4.37
724418,34,Jogging,974642345000,7.67,15.4,-0.5
724419,34,Jogging,974692332000,5.67,11.8,-0.3
724420,34,Jogging,974742320000,-7.21,0.11,-1.08
724421,34,Jogging,974792430000,-2.53,-8.2,-2.03
724422,34,Jogging,974842326000,6.09,7.89,0.11
724423,34,Jogging,974892345000,10.42,12.91,-3.3
724424,34,Jogging,974942332000,-5.56,9.66,2.79
724425,34,Jogging,974992290000,-4.33,16.55,-5.41
724426,34,Jogging,975042369000,3.41,19.57,-4.02
724427,34,Jogging,975092326000,13.91,17.5,-6.55
724429,34,Jogging,975142345000,10.84,12.68,8.69
724428,34,Jogging,975142345000,10.84,12.68,8.69
724430,34,Jogging,975252391000,9.11,2.72,1.31
724431,34,Jogging,975312297000,7.27,8.5,-0.89
724432,34,Jogging,975362346000,6.05,19.57,-3.79
724433,34,Jogging,975412334000,-0.65,18.62,1.61
724434,34,Jogging,975462291000,8.58,13.33,0.53
724435,34,Jogging,975512340000,-3.83,3.76,-2.96
724436,34,Jogging,975562327000,-7.63,-5.71,-1.5
724437,34,Jogging,975612346000,-1.92,-1.12,2.56
724438,34,Jogging,975662334000,11.35,11.11,-7.4
724439,34,Jogging,975712321000,4.37,15.24,5.79
724440,34,Jogging,975762340000,-7.82,10.95,-4.48
724441,34,Jogging,975812327000,-0.19,19.53,-2.11
724442,34,Jogging,975862346000,10.53,19.19,-7.59
724443,34,Jogging,975912334000,13.29,13.53,1.5
724444,34,Jogging,975962291000,11.3,3.3,8.05
724445,34,Jogging,976012248000,9.7,-5.71,0.34
724446,34,Jogging,976062327000,7.27,1.42,4.21
724447,34,Jogging,976112346000,8.77,17.73,-0.8
724448,34,Jogging,976162334000,-0.61,19.57,-6.85
724449,34,Jogging,976212321000,7.01,15.43,0.04
724450,34,Jogging,976262248000,4.67,10.73,-0.04
724451,34,Jogging,976312327000,-7.25,0.57,-3.26
724452,34,Jogging,976362346000,-5.82,-10.38,-0.38
724453,34,Jogging,976412334000,6.63,7.97,-0.42
724454,34,Jogging,976462291000,15.55,17.47,4.29
724455,34,Jogging,976512340000,-8.81,8.62,-6.55
724456,34,Jogging,976562327000,-4.63,16.17,-3.64
724457,34,Jogging,976612437000,3.17,19.57,-2.22
724458,34,Jogging,976662334000,15.43,18.16,-11.07
724459,34,Jogging,976712321000,13.25,9.72,14.71
724460,34,Jogging,976762309000,9.72,-0.84,-1.08
724461,34,Jogging,976812327000,10.69,-4.44,4.86
724462,34,Jogging,976862346000,8.28,11.54,-0.76
724463,34,Jogging,976912334000,6.55,19.57,-3.45
724464,34,Jogging,976962291000,-2.11,18.5,1.46
724465,34,Jogging,977012370000,8.54,13.1,0.89
724466,34,Jogging,977062327000,-3.45,3.57,-3.21
724467,34,Jogging,977112346000,-6.74,-6.55,-0.8
724468,34,Jogging,977162303000,0.15,-0.04,1.57
724469,34,Jogging,977212352000,12.83,12.87,-6.36
724470,34,Jogging,977262340000,-3.11,11.96,5.75
724471,34,Jogging,977312327000,-7.21,13.38,-6.28
724472,34,Jogging,977362346000,1.8,19.57,-2.41
724473,34,Jogging,977412334000,12.41,18.96,-8.12
724474,34,Jogging,977462291000,11.8,11.92,7.25
724475,34,Jogging,977512340000,9.62,3.68,3.15
724476,34,Jogging,977562327000,10.65,-7.12,3.79
724477,34,Jogging,977612346000,5.33,2.64,1.73
