,user,label,timestamp,x,y,z
731957,34,Jogging,1560092326000,0.0,19.23,-0.91
731958,34,Jogging,1560142314000,15.83,19.57,-5.18
731959,34,Jogging,1560192332000,6.59,13.29,0.95
731961,34,Jogging,1560249339000,-0.76,6.74,-1.53
731960,34,Jogging,1560249339000,-0.76,6.74,-1.53
731962,34,Jogging,1560313151000,5.13,-6.51,-3.45
731963,34,Jogging,1560363017000,3.83,2.34,2.22
731964,34,Jogging,1560413035000,0.34,8.31,1.54
731965,34,Jogging,1560462993000,12.45,17.97,-6.78
731966,34,Jogging,1560513042000,4.71,6.02,-5.05
731967,34,Jogging,1560563029000,4.67,19.53,-8.66
731968,34,Jogging,1560612956000,-3.64,19.31,0.57
731969,34,Jogging,1560663005000,-0.89,14.02,10.34
731970,34,Jogging,1560713023000,-7.93,4.1,5.48
731971,34,Jogging,1560762981000,-7.55,3.17,3.26
731972,34,Jogging,1560812999000,-0.95,12.45,0.27
731973,34,Jogging,1560863048000,5.67,19.57,-2.45
731974,34,Jogging,1560913035000,15.94,19.04,3.87
731975,34,Jogging,1560963054000,0.65,12.03,-4.14
731976,34,Jogging,1561013011000,4.33,-0.11,-2.18
731977,34,Jogging,1561062968000,4.44,-7.31,-4.02
731978,34,Jogging,1561113017000,2.6,2.68,2.37
731979,34,Jogging,1561222118000,12.45,11.35,-4.02
731980,34,Jogging,1561222118000,12.45,11.35,-4.02
731981,34,Jogging,1561272227000,8.5,12.26,-6.17
731982,34,Jogging,1561322398000,2.45,19.57,-6.85
731983,34,Jogging,1561372325000,-3.11,16.36,8.92
731984,34,Jogging,1561422343000,-3.3,15.28,2.18
731985,34,Jogging,1561472331000,-8.24,1.57,6.63
731986,34,Jogging,1561522319000,-6.59,3.79,1.31
731987,34,Jogging,1561572368000,-1.18,17.2,0.38
731988,34,Jogging,1561622325000,12.34,19.57,-4.86
731989,34,Jogging,1561672343000,10.73,16.44,5.43
731990,34,Jogging,1561722331000,-0.57,7.46,-3.06
731991,34,Jogging,1561772349000,6.4,-4.82,-2.14
731992,34,Jogging,1561822337000,-2.41,-8.2,-0.76
731993,34,Jogging,1561872325000,1.04,13.02,3.53
731994,34,Jogging,1561922343000,7.08,17.01,-0.61
731995,34,Jogging,1561972331000,8.47,1.8,-1.53
731996,34,Jogging,1562022319000,11.22,14.18,-4.59
731997,34,Jogging,1562072337000,4.33,19.57,-7.86
731998,34,Jogging,1562122325000,-6.05,17.82,11.14
731999,34,Jogging,1562172343000,-6.17,14.67,2.53
732000,34,Jogging,1562222331000,-6.24,1.14,6.7
732001,34,Jogging,1562272319000,-4.44,2.96,1.42
732002,34,Jogging,1562322337000,-0.5,15.98,-0.69
732003,34,Jogging,1562372325000,11.14,19.57,-2.87
732004,34,Jogging,1562422343000,12.76,16.74,3.99
732005,34,Jogging,1562472331000,-3.95,10.08,-1.65
732006,34,Jogging,1562522319000,6.78,-4.33,-1.88
732007,34,Jogging,1562572337000,-0.95,-7.31,-1.76
732008,34,Jogging,1562622325000,3.64,11.11,2.15
732009,34,Jogging,1562672343000,1.69,11.26,2.56
732010,34,Jogging,1562722331000,9.04,9.96,-2.91
732011,34,Jogging,1562772319000,9.62,9.77,-3.79
732012,34,Jogging,1562822337000,4.21,19.57,-8.88
732013,34,Jogging,1562872356000,-6.59,17.01,11.3
732014,34,Jogging,1562922343000,-2.45,11.96,1.38
732015,34,Jogging,1562972331000,-7.65,3.68,6.44
732016,34,Jogging,1563022319000,-5.71,4.25,2.03
732017,34,Jogging,1563072337000,0.69,17.27,0.8
732018,34,Jogging,1563122325000,13.8,19.57,-4.79
732019,34,Jogging,1563172343000,9.85,15.28,3.53
732020,34,Jogging,1563222331000,-1.95,9.23,-3.36
732021,34,Jogging,1563272319000,3.95,-3.79,-2.56
732022,34,Jogging,1563322337000,-1.14,-9.49,-1.14
732023,34,Jogging,1563372325000,2.68,10.34,3.41
732024,34,Jogging,1563422313000,5.83,13.33,3.41
732025,34,Jogging,1563472331000,6.55,8.62,-7.16
732026,34,Jogging,1563522319000,10.57,12.11,-3.76
732027,34,Jogging,1563572337000,-3.6,19.57,-2.14
732028,34,Jogging,1563622325000,-1.5,11.75,8.81
732029,34,Jogging,1563672343000,0.76,10.23,1.88
732030,34,Jogging,1563722331000,-10.08,4.56,6.05
732031,34,Jogging,1563772319000,-3.21,3.53,2.76
732032,34,Jogging,1563822337000,0.89,15.66,-2.75
732033,34,Jogging,1563872325000,13.25,19.57,-2.18
732034,34,Jogging,1563922374000,7.67,15.21,1.5
732035,34,Jogging,1563972362000,-1.99,9.77,-3.26
732036,34,Jogging,1564022319000,4.52,-2.45,-1.38
732037,34,Jogging,1564072337000,-0.91,-7.7,-0.34
732038,34,Jogging,1564122325000,1.76,9.51,0.76
732039,34,Jogging,1564172343000,6.36,16.74,2.79
732040,34,Jogging,1564222331000,7.93,4.37,-3.68
732041,34,Jogging,1564272319000,10.92,13.63,-4.18
732042,34,Jogging,1564322520000,2.3,19.57,-4.99
732043,34,Jogging,1564372325000,-4.33,15.36,7.44
732044,34,Jogging,1564422343000,-2.18,11.45,1.69
732045,34,Jogging,1564472331000,-7.01,2.3,7.5
732046,34,Jogging,1564522319000,-5.75,3.87,1.8
732047,34,Jogging,1564572337000,-0.72,17.05,-0.91
732048,34,Jogging,1564622325000,11.73,19.57,-3.91
732049,34,Jogging,1564672343000,13.38,15.4,3.99
732050,34,Jogging,1564742290000,0.99,5.98,-0.84
732051,34,Jogging,1564792308000,6.63,-5.9,-1.14
732052,34,Jogging,1564842326000,-2.64,-4.14,0.99
732053,34,Jogging,1564892345000,-1.42,10.19,2.6
732054,34,Jogging,1564942332000,9.72,17.54,-0.53
732055,34,Jogging,1564992320000,7.06,1.84,-5.41
732056,34,Jogging,1565042338000,5.9,18.92,-8.81
732057,34,Jogging,1565092326000,-1.14,18.01,3.15
732058,34,Jogging,1565142467000,0.42,13.57,10.34
732059,34,Jogging,1565192332000,-4.33,4.6,1.5
732060,34,Jogging,1565244365000,-8.73,3.21,4.75
732061,34,Jogging,1565302287000,-3.36,13.99,0.31
732062,34,Jogging,1565352336000,10.38,19.57,-4.99
732063,34,Jogging,1565402324000,14.33,16.59,4.33
732064,34,Jogging,1565452312000,0.27,9.04,-4.59
732065,34,Jogging,1565502330000,3.76,-1.46,-1.38
732066,34,Jogging,1565552348000,-0.15,-8.31,-3.6
732067,34,Jogging,1565602306000,0.34,6.32,1.57
732068,34,Jogging,1565652324000,-0.65,10.95,7.82
732069,34,Jogging,1565702342000,10.84,11.99,-5.56
732070,34,Jogging,1565752330000,8.92,7.89,-5.2
732071,34,Jogging,1565802348000,5.18,19.57,-8.96
732072,34,Jogging,1565852336000,-2.87,18.16,7.27
732073,34,Jogging,1565902324000,-0.34,13.8,7.82
732074,34,Jogging,1565952342000,-6.13,3.6,6.55
732075,34,Jogging,1566002513000,-8.39,1.95,2.34
732076,34,Jogging,1566052318000,-1.5,13.21,-0.61
732077,34,Jogging,1566102336000,7.7,19.57,-3.68
732078,34,Jogging,1566152293000,15.51,17.31,5.09
732079,34,Jogging,1566202342000,0.0,10.5,-4.14
732080,34,Jogging,1566202342000,0.0,10.5,-4.14
732081,34,Jogging,1566263164000,5.28,-1.12,-0.91
732082,34,Jogging,1566312968000,-1.84,-6.4,0.15
732083,34,Jogging,1566362987000,1.84,11.45,1.76
732084,34,Jogging,1566413035000,6.55,17.58,0.08
732085,34,Jogging,1566462993000,9.53,0.69,-10.11
732086,34,Jogging,1566512950000,9.96,17.24,-8.77
732087,34,Jogging,1566562938000,0.34,19.57,-5.2
732088,34,Jogging,1566612987000,-4.21,18.96,16.21
732089,34,Jogging,1566663035000,-1.88,6.17,1.73
732090,34,Jogging,1566713023000,-6.13,3.06,3.72
732091,34,Jogging,1566762981000,-6.05,3.21,1.33
732092,34,Jogging,1566813029000,-0.91,16.28,-0.72
732093,34,Jogging,1566863017000,13.4,19.57,-4.63
732094,34,Jogging,1566912974000,10.69,13.95,4.33
732095,34,Jogging,1566963023000,-1.57,8.28,-2.22
732096,34,Jogging,1567012889000,7.7,-3.91,-1.53
732097,34,Jogging,1567063487000,-1.42,-6.66,1.76
732098,34,Jogging,1567122325000,0.57,11.92,2.87
732099,34,Jogging,1567172343000,9.7,17.31,1.42
732100,34,Jogging,1567222331000,8.96,0.69,-8.39
732101,34,Jogging,1567272319000,8.58,18.77,-9.62
732102,34,Jogging,1567322368000,-1.95,19.57,1.88
732103,34,Jogging,1567372325000,-1.8,15.43,12.3
732104,34,Jogging,1567422343000,-3.98,5.83,1.33
732105,34,Jogging,1567476634000,-7.5,3.72,4.56
732106,34,Jogging,1567532359000,-2.26,8.62,0.89
732107,34,Jogging,1567592235000,8.58,19.57,-3.11
732108,34,Jogging,1567642345000,14.56,17.2,4.4
732109,34,Jogging,1567692332000,-0.38,9.53,-4.1
732110,34,Jogging,1567742320000,5.43,-2.18,-1.73
732111,34,Jogging,1567792338000,1.04,-8.54,-4.02
732112,34,Jogging,1567842326000,2.98,7.46,3.06
732113,34,Jogging,1567892345000,-1.23,13.14,3.76
732114,34,Jogging,1567942241000,11.65,9.28,-3.3
732115,34,Jogging,1567992320000,9.81,10.08,-6.85
732116,34,Jogging,1568042369000,3.87,19.57,-8.31
732117,34,Jogging,1568102275000,-2.98,17.2,9.72
732118,34,Jogging,1568152324000,-3.34,11.73,-0.15
732119,34,Jogging,1568203807000,-7.16,3.53,6.74
732120,34,Jogging,1568203807000,-7.16,3.53,6.74
732121,34,Jogging,1568263194000,-5.09,3.11,1.69
732122,34,Jogging,1568312968000,0.93,19.46,-1.27
732123,34,Jogging,1568362956000,17.47,19.57,-1.88
732124,34,Jogging,1568412974000,5.9,11.35,-2.68
732125,34,Jogging,1568462993000,-0.76,6.09,-1.12
732126,34,Jogging,1568522258000,6.78,-5.09,-2.64
732127,34,Jogging,1568572337000,-0.04,-3.41,0.99
732128,34,Jogging,1568622325000,-3.34,9.53,3.87
732129,34,Jogging,1568672343000,11.5,18.35,0.08
732130,34,Jogging,1568722331000,6.47,3.68,-5.98
732131,34,Jogging,1568772319000,7.4,18.89,-8.24
732132,34,Jogging,1568822642000,-1.76,19.5,2.49
732133,34,Jogging,1568872325000,-1.08,11.99,9.72
732134,34,Jogging,1568922343000,-4.06,6.66,5.48
732135,34,Jogging,1568972331000,-6.05,4.02,1.69
732136,34,Jogging,1569022319000,-4.48,2.45,2.68
732137,34,Jogging,1569072337000,-0.34,19.11,-1.57
732138,34,Jogging,1569122325000,17.77,19.57,1.23
732139,34,Jogging,1569172343000,4.48,11.22,-3.45
732140,34,Jogging,1569282146000,5.71,-5.98,-4.06
732141,34,Jogging,1569282146000,5.71,-5.98,-4.06
732142,34,Jogging,1569332255000,-2.3,-1.12,2.6
732143,34,Jogging,1569382396000,-4.99,12.95,7.78
732144,34,Jogging,1569432323000,12.95,15.6,-3.53
732145,34,Jogging,1569482371000,8.89,2.64,-5.56
732146,34,Jogging,1569532329000,10.19,19.5,-10.23
732147,34,Jogging,1569582347000,-2.79,19.5,7.25
732148,34,Jogging,1569632335000,-3.3,14.37,8.73
732149,34,Jogging,1569682323000,-3.98,2.18,5.98
732150,34,Jogging,1569732341000,-8.69,3.99,1.38
732151,34,Jogging,1569802318000,-2.41,13.02,0.8
732152,34,Jogging,1569852336000,10.15,19.57,-5.13
732153,34,Jogging,1569902324000,15.4,15.85,6.7
732154,34,Jogging,1569952342000,-2.34,8.28,-3.6
732155,34,Jogging,1570002513000,5.63,-2.83,-2.37
732156,34,Jogging,1570052348000,1.08,-7.31,-4.9
