,user,label,timestamp,x,y,z
736157,34,Jogging,1770063029000,-1.88,19.04,2.45
736158,34,Jogging,1770113017000,0.69,13.21,5.48
736159,34,Jogging,1770162974000,-5.71,4.56,6.17
736160,34,Jogging,1770213023000,-7.55,4.14,5.75
736161,34,Jogging,1770263133000,0.65,11.14,-1.08
736162,34,Jogging,1770312999000,5.56,19.57,-1.61
736163,34,Jogging,1770362956000,14.14,19.08,2.96
736164,34,Jogging,1770413005000,2.37,11.18,-5.56
736165,34,Jogging,1770463023000,2.76,0.95,-1.73
736166,34,Jogging,1770513011000,6.09,-8.81,-3.72
736167,34,Jogging,1770563029000,1.69,3.6,1.92
736168,34,Jogging,1770613017000,-2.37,17.67,8.08
736169,34,Jogging,1770662974000,10.8,7.63,-2.37
736170,34,Jogging,1770713023000,9.04,7.86,-7.44
736171,34,Jogging,1770762981000,4.71,19.57,-8.66
736172,34,Jogging,1770812968000,-4.4,18.73,8.92
736173,34,Jogging,1770862926000,-0.3,13.67,3.21
736174,34,Jogging,1770913005000,-7.86,3.17,8.73
736175,34,Jogging,1770962962000,-5.98,5.18,2.3
736176,34,Jogging,1771013042000,0.95,14.6,-1.23
736178,34,Jogging,1771122111000,8.58,15.02,3.87
736177,34,Jogging,1771122111000,8.58,15.02,3.87
736179,34,Jogging,1771172221000,-1.38,9.23,-3.36
736180,34,Jogging,1771222392000,7.55,-5.82,-3.11
736181,34,Jogging,1771272258000,0.53,-9.81,-0.27
736182,34,Jogging,1771322337000,-1.38,14.86,8.62
736183,34,Jogging,1771372325000,7.25,14.48,-3.91
736184,34,Jogging,1771422313000,9.04,2.15,-3.91
736185,34,Jogging,1771472331000,10.65,14.75,-6.51
736186,34,Jogging,1771522319000,-1.76,19.57,-4.21
736187,34,Jogging,1771572337000,-4.29,15.89,5.05
736188,34,Jogging,1771622325000,2.53,6.59,3.26
736189,34,Jogging,1771672374000,-9.08,7.55,11.35
736190,34,Jogging,1771722362000,-0.04,3.99,1.12
736191,34,Jogging,1771772319000,3.49,19.15,-0.69
736192,34,Jogging,1771822337000,9.19,18.12,-3.91
736193,34,Jogging,1771872325000,7.7,16.32,2.72
736194,34,Jogging,1771922343000,0.19,7.59,-3.21
736195,34,Jogging,1771972331000,5.79,-5.79,-3.36
736196,34,Jogging,1772022319000,0.42,-9.15,-3.17
736197,34,Jogging,1772072337000,1.18,13.18,7.5
736198,34,Jogging,1772122325000,6.4,9.51,2.3
736199,34,Jogging,1772172343000,7.97,11.8,-10.08
736200,34,Jogging,1772222331000,7.4,14.75,-4.59
736201,34,Jogging,1772272319000,-3.26,19.57,-2.14
736202,34,Jogging,1772322337000,0.04,17.39,3.34
736203,34,Jogging,1772372325000,-0.72,5.18,4.18
736204,34,Jogging,1772422343000,-8.47,6.17,8.16
736205,34,Jogging,1772472331000,-0.19,3.11,3.87
736206,34,Jogging,1772522319000,0.53,17.16,-3.3
736207,34,Jogging,1772572337000,10.15,19.57,-2.72
736208,34,Jogging,1772622325000,6.7,16.4,3.95
736209,34,Jogging,1772672343000,-0.15,9.7,-3.21
736210,34,Jogging,1772722331000,7.06,-5.28,-1.69
736211,34,Jogging,1772772349000,-1.61,-8.08,-1.18
736212,34,Jogging,1772822337000,0.93,13.99,5.28
736213,34,Jogging,1772872325000,6.66,10.27,1.65
736214,34,Jogging,1772922343000,6.93,9.58,-6.17
736215,34,Jogging,1772972331000,9.38,14.52,-6.66
736216,34,Jogging,1773022319000,-0.99,19.57,-2.07
736217,34,Jogging,1773072337000,-1.12,17.43,4.6
736218,34,Jogging,1773122325000,0.23,8.47,5.6
736219,34,Jogging,1773172343000,-8.05,6.05,8.35
736220,34,Jogging,1773222331000,-4.52,2.64,0.53
736221,34,Jogging,1773272319000,0.76,18.62,-0.57
736222,34,Jogging,1773322337000,10.08,18.92,-4.52
736223,34,Jogging,1773372325000,7.16,15.4,4.25
736224,34,Jogging,1773422343000,1.23,9.38,-3.53
736225,34,Jogging,1773472331000,7.25,-4.06,-2.37
736226,34,Jogging,1773522319000,2.07,-8.96,-3.15
736227,34,Jogging,1773572337000,-0.15,10.95,6.28
736228,34,Jogging,1773622325000,4.14,12.87,0.19
736229,34,Jogging,1773672343000,5.94,8.31,-4.67
736230,34,Jogging,1773722331000,9.53,12.68,-6.82
736231,34,Jogging,1773772319000,0.08,19.57,-2.56
736232,34,Jogging,1773822337000,-2.07,17.5,4.44
736233,34,Jogging,1773872325000,-0.61,10.04,1.31
736234,34,Jogging,1773922404000,-7.08,2.6,8.69
736235,34,Jogging,1773972331000,-5.52,5.22,4.67
736236,34,Jogging,1774022319000,-0.38,15.66,-3.15
736237,34,Jogging,1774072368000,9.66,19.57,-3.11
736238,34,Jogging,1774122325000,11.03,16.55,5.6
736239,34,Jogging,1774172343000,1.23,10.04,-4.48
736240,34,Jogging,1774222331000,5.18,-3.21,-0.8
736241,34,Jogging,1774272319000,0.08,-7.86,-0.95
736242,34,Jogging,1774322337000,1.65,11.26,3.02
736243,34,Jogging,1774372325000,3.45,12.64,2.53
736244,34,Jogging,1774422343000,7.67,6.51,-2.75
736245,34,Jogging,1774472331000,8.39,13.76,-8.2
736246,34,Jogging,1774522319000,0.15,19.5,-2.41
736247,34,Jogging,1774572337000,-1.99,18.16,3.02
736248,34,Jogging,1774622325000,1.33,12.11,5.24
736249,34,Jogging,1774672343000,-8.31,6.05,8.89
736250,34,Jogging,1774722331000,-3.26,2.49,3.99
736251,34,Jogging,1774772319000,-0.27,11.65,-2.56
736252,34,Jogging,1774822337000,5.63,19.57,-1.5
736253,34,Jogging,1774872325000,11.88,18.2,3.76
736254,34,Jogging,1774922343000,2.03,10.38,-4.1
736255,34,Jogging,1774972331000,3.95,-0.42,-0.72
736256,34,Jogging,1775022319000,3.64,-5.9,-1.04
736257,34,Jogging,1775072337000,2.91,5.94,1.84
736258,34,Jogging,1775122325000,0.11,7.7,2.6
736259,34,Jogging,1775172343000,8.47,17.24,-5.2
736260,34,Jogging,1775222331000,6.09,9.11,-6.32
736261,34,Jogging,1775282329000,0.11,19.53,-4.25
736262,34,Jogging,1775332378000,0.0,17.97,4.1
736263,34,Jogging,1775382335000,-0.84,10.38,6.89
736264,34,Jogging,1775432353000,-7.5,5.75,6.93
736265,34,Jogging,1775482341000,-4.37,1.69,2.34
736266,34,Jogging,1775532329000,1.18,17.77,-1.42
736267,34,Jogging,1775582347000,10.76,19.57,-3.53
736268,34,Jogging,1775632335000,8.16,16.02,5.01
736269,34,Jogging,1775682292000,-1.14,9.19,-3.21
736270,34,Jogging,1775732341000,7.12,-4.37,-3.15
736271,34,Jogging,1775782329000,2.37,-10.72,-3.79
736272,34,Jogging,1775832347000,-1.61,13.63,7.74
736273,34,Jogging,1775882335000,5.83,14.02,-2.72
736274,34,Jogging,1775932323000,8.12,5.05,-4.25
736275,34,Jogging,1775982341000,9.0,14.94,-8.24
736276,34,Jogging,1776032329000,-3.49,19.53,-0.46
736277,34,Jogging,1776082347000,-1.33,17.47,5.37
736278,34,Jogging,1776142375000,0.23,6.82,5.41
736279,34,Jogging,1776142375000,0.23,6.82,5.41
736280,34,Jogging,1776212138000,-6.43,3.34,3.15
736281,34,Jogging,1776262370000,-1.53,13.02,1.33
736282,34,Jogging,1776313151000,4.29,19.57,-3.45
736283,34,Jogging,1776363078000,13.8,18.66,5.9
736284,34,Jogging,1776413035000,4.02,9.15,-5.28
736285,34,Jogging,1776462993000,1.92,1.04,-2.18
736286,34,Jogging,1776512981000,6.36,-8.81,-3.64
736287,34,Jogging,1776562968000,-0.34,6.17,3.72
736288,34,Jogging,1776613048000,-1.31,8.35,2.22
736289,34,Jogging,1776663035000,9.96,15.43,-5.67
736290,34,Jogging,1776713023000,6.47,6.78,-7.59
736291,34,Jogging,1776763011000,2.03,18.77,-4.63
736292,34,Jogging,1776812968000,0.42,18.2,2.11
736293,34,Jogging,1776863017000,-0.95,14.44,4.56
736294,34,Jogging,1776913035000,-4.06,3.49,7.59
736295,34,Jogging,1776963023000,-9.53,5.24,4.02
736296,34,Jogging,1777013011000,-0.42,11.37,-0.27
736297,34,Jogging,1777063029000,5.79,19.57,-2.91
736298,34,Jogging,1777113078000,14.41,18.85,4.6
736299,34,Jogging,1777163035000,2.76,10.92,-5.56
736300,34,Jogging,1777212962000,2.26,1.84,-1.99
736301,34,Jogging,1777263042000,5.18,-9.3,-2.98
736302,34,Jogging,1777312938000,0.08,7.5,2.72
736303,34,Jogging,1777363170000,-0.42,14.79,5.22
736304,34,Jogging,1777413035000,9.81,6.7,-2.98
736305,34,Jogging,1777462962000,9.08,10.5,-9.34
736306,34,Jogging,1777513011000,-0.3,19.31,-1.95
736307,34,Jogging,1777563029000,-1.73,19.53,2.03
736308,34,Jogging,1777613017000,-2.22,11.37,4.21
736309,34,Jogging,1777663646000,-5.41,6.28,8.92
736310,34,Jogging,1777722331000,-5.82,3.02,3.34
736311,34,Jogging,1777772319000,0.8,13.59,-2.83
736312,34,Jogging,1777822337000,11.11,19.57,-3.21
736313,34,Jogging,1777872325000,8.12,16.55,6.09
736314,34,Jogging,1777922343000,0.08,9.72,-4.94
736315,34,Jogging,1777972362000,5.94,-2.91,-1.8
736316,34,Jogging,1778022349000,1.57,-7.89,0.99
736317,34,Jogging,1778072398000,2.03,10.99,3.41
736318,34,Jogging,1778122386000,3.68,8.69,2.07
736319,34,Jogging,1778172374000,6.51,13.63,-5.52
736320,34,Jogging,1778222331000,7.82,11.6,-5.98
736321,34,Jogging,1778272319000,1.46,19.57,-4.02
736322,34,Jogging,1778322337000,-0.34,18.31,3.57
736323,34,Jogging,1778372325000,-0.89,11.88,6.55
736324,34,Jogging,1778422343000,-6.43,4.99,7.27
736325,34,Jogging,1778472331000,-6.59,2.34,2.45
736326,34,Jogging,1778522319000,-0.65,16.02,-1.57
736327,34,Jogging,1778572337000,7.44,19.57,-4.63
736328,34,Jogging,1778622325000,12.22,17.05,7.21
736329,34,Jogging,1778672343000,0.57,8.58,-4.25
736330,34,Jogging,1778722331000,5.43,-3.11,-1.38
736331,34,Jogging,1778772319000,1.04,-8.35,-1.88
736332,34,Jogging,1778822337000,2.53,10.38,2.72
736333,34,Jogging,1778872325000,1.92,11.03,3.45
736334,34,Jogging,1778922343000,7.21,11.07,-4.82
736335,34,Jogging,1778972392000,8.01,10.46,-5.28
736336,34,Jogging,1779022319000,1.14,19.57,-4.33
736337,34,Jogging,1779072337000,-2.91,18.39,3.57
736338,34,Jogging,1779122325000,-0.08,11.26,5.75
736339,34,Jogging,1779172343000,-6.43,2.64,-2.64
736341,34,Jogging,1779282146000,0.72,17.27,-2.64
736340,34,Jogging,1779282146000,0.72,17.27,-2.64
736342,34,Jogging,1779332286000,10.27,19.57,-3.06
736343,34,Jogging,1779382365000,8.92,15.83,3.49
736344,34,Jogging,1779432262000,-0.42,8.89,-3.17
736345,34,Jogging,1779482341000,7.16,-5.56,-2.37
736346,34,Jogging,1779532359000,0.08,-8.27,-0.95
736347,34,Jogging,1779582347000,0.27,13.38,4.63
736348,34,Jogging,1779632335000,5.48,10.15,2.26
736349,34,Jogging,1779682353000,7.63,8.69,-6.28
736350,34,Jogging,1779732341000,8.12,11.14,-7.12
736351,34,Jogging,1779782329000,-0.65,19.57,-3.53
736352,34,Jogging,1779832347000,-0.95,17.77,4.63
736353,34,Jogging,1779882335000,0.5,10.42,3.91
736354,34,Jogging,1779932323000,-6.13,3.64,7.27
736355,34,Jogging,1779982341000,-7.08,4.99,3.53
736356,34,Jogging,1780032329000,-0.11,15.02,-2.22
