,user,label,timestamp,x,y,z
321614,35,Jogging,619482280000,0.38,5.63,0.88532263
321615,35,Jogging,619532268000,-0.89,-3.21,-1.8387468999999996
321616,35,Jogging,619582286000,-2.91,15.75,-2.9147543999999996
321617,35,Jogging,619632243000,-18.28,11.18,1.7978859
321618,35,Jogging,619682292000,-9.15,12.49,8.62168
321619,35,Jogging,619732249000,-8.96,8.58,4.140586
321620,35,Jogging,619782298000,-5.71,-3.3,-0.9942854
321621,35,Jogging,619832255000,4.52,-1.12,-0.19068487
321622,35,Jogging,619882304000,-2.03,6.93,7.6954966
321623,35,Jogging,619932231000,-12.68,11.35,-7.3958488
321624,35,Jogging,619982341000,-6.21,6.7,5.9793324
321625,35,Jogging,620032237000,-4.67,12.79,-0.38136974
321626,35,Jogging,620082347000,-8.05,13.06,14.015338
321627,35,Jogging,620132213000,-7.78,6.47,3.8273177000000005
321628,35,Jogging,620182262000,-0.76,7.67,3.5957718
321629,35,Jogging,620232249000,0.53,3.15,-1.4982381999999999
321630,35,Jogging,620282298000,-2.87,-4.4,-2.3018389
321631,35,Jogging,620332255000,-1.33,16.02,-4.2495484
321632,35,Jogging,620382304000,-18.5,8.31,2.5333846
321633,35,Jogging,620432231000,-4.4,13.44,10.800936
321634,35,Jogging,620482341000,-10.04,5.33,3.4459480000000005
321635,35,Jogging,620532268000,-2.3,-2.98,-1.6889231
321636,35,Jogging,620582286000,8.2,-1.95,-0.19068487
321637,35,Jogging,620632365000,-6.36,11.37,7.6273947
321638,35,Jogging,620682414000,-15.75,9.92,-6.428804
321639,35,Jogging,620732280000,0.93,8.92,1.7297841
321640,35,Jogging,620782329000,-12.03,17.73,2.3426998
321641,35,Jogging,620842235000,-3.26,11.41,4.2495484
321642,35,Jogging,620892253000,-7.59,5.05,1.4982381999999999
321643,35,Jogging,620942271000,-0.46,6.21,4.3993720000000005
321644,35,Jogging,620992229000,-0.57,-2.53,-1.7978859
321645,35,Jogging,621042277000,0.42,9.38,-6.0474343
321646,35,Jogging,621092235000,-17.67,10.42,0.7627395
321647,35,Jogging,621142314000,-9.62,16.17,3.8681788
321648,35,Jogging,621192241000,-8.69,10.76,6.4424243
321649,35,Jogging,621242259000,-9.47,-0.15,1.1441092
321650,35,Jogging,621292277000,8.28,-5.13,-1.1441092
321651,35,Jogging,621342296000,-0.3,3.3,4.2086873
321652,35,Jogging,621442363000,-16.74,12.37,-3.6366330000000002
321653,35,Jogging,621442363000,-16.74,12.37,-3.6366330000000002
321654,35,Jogging,621492198000,1.65,5.83,1.2258313
321655,35,Jogging,621542369000,-11.22,17.69,7.8861814
321656,35,Jogging,621592265000,-0.84,10.31,4.372132
321657,35,Jogging,621642345000,-10.5,5.71,4.671779
321658,35,Jogging,621702281000,3.17,7.16,-0.61291564
321659,35,Jogging,621752208000,-4.48,-5.05,-2.070293
321660,35,Jogging,621802318000,-6.21,17.73,-3.214402
321661,35,Jogging,621852336000,-17.24,10.19,1.2666923
321662,35,Jogging,621902293000,-7.5,11.96,7.6954966
321663,35,Jogging,621952251000,-9.19,4.1,2.7649305
321664,35,Jogging,622002269000,-0.08,-1.31,-1.0760075
321665,35,Jogging,622052226000,6.36,-1.69,2.4108016
321666,35,Jogging,622102305000,-7.78,10.46,7.3141264999999995
321667,35,Jogging,622152202000,-13.1,10.04,-5.434519
321668,35,Jogging,622202312000,3.64,5.75,-2.3426998
321669,35,Jogging,622252269000,-15.62,17.73,4.9850473
321670,35,Jogging,622302318000,-4.21,8.2,3.7864565999999997
321671,35,Jogging,622352244000,-7.82,7.86,3.4868089999999996
321672,35,Jogging,622402293000,1.5,6.85,4.290409599999999
321673,35,Jogging,622452220000,-1.46,-2.56,-2.4925237
321674,35,Jogging,622502269000,-0.38,9.34,-7.164303
321675,35,Jogging,622552257000,-18.28,9.19,1.0351465
321676,35,Jogging,622602275000,-10.38,17.16,4.9850473
321677,35,Jogging,622652232000,-7.63,11.07,7.6273947
321678,35,Jogging,622702281000,-7.63,-0.34,0.6946376999999999
321679,35,Jogging,622752269000,8.69,-2.03,-1.1849703
321680,35,Jogging,622802287000,-1.73,3.3,4.0588636
321681,35,Jogging,622852214000,-9.77,9.7,1.1441092
321682,35,Jogging,622902293000,-11.84,10.69,3.7864565999999997
321683,35,Jogging,622952251000,5.09,8.16,-1.7297841
321684,35,Jogging,623002544000,-16.4,17.24,12.4489975
321685,35,Jogging,623052226000,-2.22,8.12,3.4868089999999996
321686,35,Jogging,623102275000,-7.82,3.64,-0.9942854
321687,35,Jogging,623152232000,1.54,6.55,3.336985
321688,35,Jogging,623202281000,0.15,-3.36,-2.3426998
321689,35,Jogging,623252238000,1.95,12.57,-4.099725
321690,35,Jogging,623302287000,-19.27,9.08,2.3018389
321691,35,Jogging,623352244000,-6.28,13.76,8.049625
321692,35,Jogging,623402293000,-8.47,6.85,4.903325
321693,35,Jogging,623452251000,-7.4,-0.19,-3.4868089999999996
321694,35,Jogging,623502269000,5.33,-0.95,0.3405087
321695,35,Jogging,623552257000,-4.1,10.84,11.032481
321696,35,Jogging,623602305000,-12.76,4.71,-4.290409599999999
321697,35,Jogging,623652202000,-3.6,13.33,-5.407278
321698,35,Jogging,623702281000,-11.3,14.6,10.269741999999999
321699,35,Jogging,623752238000,-6.85,12.98,5.829509
321700,35,Jogging,623802287000,-5.05,4.9,1.9477096999999999
321701,35,Jogging,623852214000,-1.18,8.08,4.630918
321702,35,Jogging,623902263000,-0.72,-2.53,-2.9147543999999996
321703,35,Jogging,623952251000,1.95,2.11,-3.5276701
321704,35,Jogging,624002299000,-11.33,17.08,-0.23154591
321705,35,Jogging,624052257000,-12.22,8.2,2.1792557
321706,35,Jogging,624102305000,-5.52,12.3,12.067628
321707,35,Jogging,624152263000,-14.56,2.15,2.9147543999999996
321708,35,Jogging,624202281000,-2.22,0.8,-2.7921712000000003
321709,35,Jogging,624252238000,3.34,1.95,0.38136974
321710,35,Jogging,624302318000,-4.21,7.78,1.7978859
321711,35,Jogging,624352244000,-14.06,9.66,3.4050870000000004
321712,35,Jogging,624402293000,4.06,9.11,-2.1792557
321713,35,Jogging,624452251000,-13.67,17.24,8.539958
321714,35,Jogging,624502330000,-4.99,13.06,3.4868089999999996
321715,35,Jogging,624552257000,-7.59,5.48,3.9499009
321716,35,Jogging,624602305000,2.03,9.04,4.0588636
321717,35,Jogging,624652232000,0.53,-1.5,-2.7921712000000003
321718,35,Jogging,624702281000,0.5,4.75,-4.630918
321719,35,Jogging,624752208000,-13.63,14.98,-1.4982381999999999
321720,35,Jogging,624802287000,-15.43,14.44,3.8273177000000005
321721,35,Jogging,624852244000,-8.43,10.84,8.158588
321722,35,Jogging,624902263000,-9.77,-0.95,-1.7978859
321723,35,Jogging,624952281000,5.41,-0.72,-1.1168685
321724,35,Jogging,625002269000,0.08,2.41,2.4925237
321725,35,Jogging,625052226000,-6.4,7.46,3.5957718
321726,35,Jogging,625102305000,-15.75,12.68,-6.633109599999999
321727,35,Jogging,625152202000,-0.72,5.56,0.6537767
321728,35,Jogging,625202281000,-8.16,18.73,9.915613
321729,35,Jogging,625252238000,0.0,12.6,8.117727
321730,35,Jogging,625302318000,-11.65,1.42,-2.070293
321731,35,Jogging,625352214000,0.53,9.62,2.9556155
321732,35,Jogging,625402263000,0.76,-2.6,-2.7240696
321733,35,Jogging,625452251000,2.87,9.08,-4.290409599999999
321734,35,Jogging,625502330000,-16.66,13.29,-1.1849703
321735,35,Jogging,625552318000,-13.76,12.26,4.099725
321736,35,Jogging,625602367000,-7.86,8.2,6.170017700000001
321737,35,Jogging,625652263000,-4.02,-1.18,-1.9204689999999998
321738,35,Jogging,625702312000,6.97,-1.23,1.607201
321739,35,Jogging,625752269000,-3.83,7.86,6.742072
321740,35,Jogging,625802287000,-3.68,-1.14,-5.5162406
321741,35,Jogging,625852275000,-13.33,16.66,1.7570249
321742,35,Jogging,625902263000,6.4,-1.12,-1.3075534
321743,35,Jogging,625952251000,-13.91,17.86,14.206022
321744,35,Jogging,626002299000,-3.11,2.37,3.173541
321745,35,Jogging,626052287000,-3.21,6.44,2.6423476000000004
321746,35,Jogging,626102336000,0.93,6.02,-1.8796080000000002
321747,35,Jogging,626152202000,-0.89,-0.84,-2.982856
321748,35,Jogging,626202312000,-7.25,16.51,-1.8796080000000002
321749,35,Jogging,626252238000,-16.97,12.45,2.2201166000000003
321750,35,Jogging,626302318000,-8.35,12.37,10.079058
321751,35,Jogging,626352244000,-10.92,1.65,2.5333846
321752,35,Jogging,626402263000,0.46,-0.95,-2.3018389
321754,35,Jogging,626452220000,3.45,-1.08,1.3075534
321753,35,Jogging,626452220000,3.45,-1.08,1.3075534
321756,35,Jogging,626562266000,-17.31,16.21,-0.42223078
321755,35,Jogging,626562266000,-17.31,16.21,-0.42223078
321757,35,Jogging,626612285000,1.23,2.53,-0.84446156
321758,35,Jogging,626672313000,-13.63,18.7,10.691972999999999
321759,35,Jogging,626722270000,-4.79,5.71,2.6832085
321760,35,Jogging,626772288000,-4.99,7.7,3.214402
321761,35,Jogging,626822307000,2.68,5.52,-1.7978859
321762,35,Jogging,626872295000,-2.75,-5.2,-1.0760075
321763,35,Jogging,626922282000,-2.14,13.48,-2.5333846
321764,35,Jogging,626972301000,-19.5,12.03,2.6014863999999998
321765,35,Jogging,627022258000,-7.21,9.72,9.997335000000001
321766,35,Jogging,627072307000,-11.41,3.21,1.7978859
321767,35,Jogging,627122264000,1.61,-0.46,-2.2609777
321768,35,Jogging,627172313000,3.11,-1.14,2.3426998
321770,35,Jogging,627272258000,-15.05,13.21,-5.47538
321769,35,Jogging,627272258000,-15.05,13.21,-5.47538
321771,35,Jogging,627322246000,1.31,7.27,2.6423476000000004
321772,35,Jogging,627372356000,-5.41,10.92,1.7570249
321773,35,Jogging,627422282000,-1.69,13.76,11.223166
321774,35,Jogging,627472331000,-8.66,5.37,2.6832085
321775,35,Jogging,627532268000,1.18,6.74,1.4982381999999999
321776,35,Jogging,627582225000,-1.57,-4.06,-1.4573771999999998
321777,35,Jogging,627632274000,1.14,11.45,-5.175732
321778,35,Jogging,627682201000,-17.86,7.31,1.1168685
321779,35,Jogging,627732310000,-10.27,12.41,6.66035
321780,35,Jogging,627782207000,-5.79,8.89,9.575105
321781,35,Jogging,627832286000,-3.21,-1.12,-1.2258313
321782,35,Jogging,627882213000,2.03,-0.95,-0.88532263
321783,35,Jogging,627932292000,-3.91,7.12,5.706926
321784,35,Jogging,627982249000,-12.45,9.96,-6.891896000000001
321785,35,Jogging,628032298000,-5.18,9.08,1.9477096999999999
321786,35,Jogging,628082225000,-9.66,14.48,-0.7218784
321787,35,Jogging,628132304000,-7.86,10.99,11.917805
321788,35,Jogging,628182201000,-4.52,6.4,6.5513873
321789,35,Jogging,628232280000,0.84,7.35,1.4165162
321790,35,Jogging,628282237000,0.08,4.37,-1.7297841
321791,35,Jogging,628332286000,-3.49,0.27,-4.5628166
321792,35,Jogging,628382213000,-9.85,14.18,-1.0760075
321793,35,Jogging,628432292000,-16.32,12.3,2.0294318
321794,35,Jogging,628482249000,-7.7,12.64,8.349273
321795,35,Jogging,628532268000,-10.27,0.61,1.8796080000000002
321796,35,Jogging,628582255000,3.34,-1.5,-2.7513103
321797,35,Jogging,628632304000,-5.67,1.33,2.070293
321798,35,Jogging,628682231000,-3.76,6.63,1.8387468999999996
321799,35,Jogging,628732310000,-9.77,12.98,-5.5162406
321800,35,Jogging,628782207000,-4.52,6.82,0.27240697
321801,35,Jogging,628832286000,-15.75,16.86,9.275456
321802,35,Jogging,628882213000,-3.3,11.96,7.7772183
321803,35,Jogging,628932292000,-9.58,6.36,2.070293
321804,35,Jogging,628982249000,6.44,6.82,3.0237172
321805,35,Jogging,629032268000,-2.64,-1.5,-1.1168685
321806,35,Jogging,629082225000,0.84,3.57,-4.372132
321807,35,Jogging,629132274000,-11.5,14.82,-0.7627395
321808,35,Jogging,629182231000,-13.14,14.33,4.3312707
321809,35,Jogging,629232310000,-10.8,10.84,6.0201936
321810,35,Jogging,629282207000,-14.75,0.69,2.5606253
321811,35,Jogging,629332286000,2.87,0.46,-2.4925237
321812,35,Jogging,629382243000,-0.15,1.8,3.5957718
321813,35,Jogging,629432292000,-3.6,5.48,1.0351465
