,user,label,timestamp,x,y,z
322414,35,Jogging,659512279000,-12.26,14.6,4.440233
322415,35,Jogging,659512279000,-12.26,14.6,4.440233
322416,35,Jogging,659612254000,-10.69,5.52,1.4165162
322417,35,Jogging,659612254000,-10.69,5.52,1.4165162
322419,35,Jogging,659712199000,-5.18,-2.11,-4.3993720000000005
322418,35,Jogging,659712199000,-5.18,-2.11,-4.3993720000000005
322420,35,Jogging,659812236000,-14.71,12.15,-0.19068487
322421,35,Jogging,659812236000,-14.71,12.15,-0.19068487
322422,35,Jogging,659912242000,-5.67,4.1,3.173541
322423,35,Jogging,659912242000,-5.67,4.1,3.173541
322424,35,Jogging,660012248000,2.37,-0.76,-0.46309182
322425,35,Jogging,660012248000,2.37,-0.76,-0.46309182
322426,35,Jogging,660112254000,-13.53,14.1,-3.9771416
322427,35,Jogging,660112254000,-13.53,14.1,-3.9771416
322429,35,Jogging,660212230000,-11.92,18.2,6.0882955
322428,35,Jogging,660212230000,-11.92,18.2,6.0882955
322431,35,Jogging,660312205000,-8.5,3.38,1.0351465
322430,35,Jogging,660312205000,-8.5,3.38,1.0351465
322433,35,Jogging,660412211000,-4.33,-3.21,-2.5333846
322432,35,Jogging,660412211000,-4.33,-3.21,-2.5333846
322434,35,Jogging,660512248000,-18.39,7.89,1.0351465
322435,35,Jogging,660512248000,-18.39,7.89,1.0351465
322437,35,Jogging,660612254000,-9.38,9.28,5.243834
322436,35,Jogging,660612254000,-9.38,9.28,5.243834
322438,35,Jogging,660712230000,5.6,-2.3,-1.1441092
322439,35,Jogging,660762248000,-0.72,5.22,6.891896000000001
322440,35,Jogging,660812266000,-10.69,11.3,-5.7886477
322441,35,Jogging,660812266000,-10.69,11.3,-5.7886477
322443,35,Jogging,660912242000,-4.75,10.08,-2.2201166000000003
322442,35,Jogging,660912242000,-4.75,10.08,-2.2201166000000003
322444,35,Jogging,661012248000,-2.64,7.12,4.2495484
322445,35,Jogging,661062236000,-3.3,5.28,0.8036005
322447,35,Jogging,661112254000,-2.45,4.4,-1.0760075
322446,35,Jogging,661112254000,-2.45,4.4,-1.0760075
322448,35,Jogging,661212260000,-10.27,15.94,-2.3018389
322449,35,Jogging,661212260000,-10.27,15.94,-2.3018389
322450,35,Jogging,661312236000,-10.53,12.3,7.8180795
322451,35,Jogging,661312236000,-10.53,12.3,7.8180795
322452,35,Jogging,661412242000,2.79,-1.99,-0.9125633
322453,35,Jogging,661412242000,2.79,-1.99,-0.9125633
322454,35,Jogging,661462291000,1.65,-0.23,1.7978859
322455,35,Jogging,661522319000,-5.2,7.35,-0.42223078
322456,35,Jogging,661572307000,-13.59,13.29,0.10896278
322457,35,Jogging,661622325000,-2.45,6.78,-0.6537767
322458,35,Jogging,661682231000,-11.69,15.28,13.021052000000001
322459,35,Jogging,661732249000,-3.87,8.69,4.5219555
322460,35,Jogging,661782298000,-2.79,6.09,4.290409599999999
322461,35,Jogging,661832225000,0.76,6.55,-0.6946376999999999
322462,35,Jogging,661882243000,-3.79,-2.68,-1.7978859
322463,35,Jogging,661932201000,-9.66,18.54,-4.5900574
322464,35,Jogging,661982310000,-11.99,4.4,-1.9477096999999999
322465,35,Jogging,662032237000,-7.65,13.87,10.079058
322466,35,Jogging,662082316000,-11.07,6.02,4.018002500000001
322467,35,Jogging,662132213000,-0.34,-3.68,1.2258313
322468,35,Jogging,662182323000,3.34,-1.88,-2.1383946
322469,35,Jogging,662232127000,-8.08,5.37,2.8330324
322470,35,Jogging,662282237000,-15.17,11.75,2.3699405
322471,35,Jogging,662332286000,3.68,12.22,-1.1168685
322472,35,Jogging,662382243000,-9.15,11.56,-0.040861044
322473,35,Jogging,662432262000,-4.99,13.67,7.205164
322474,35,Jogging,662482249000,-5.6,5.94,5.829509
322475,35,Jogging,662532268000,-1.46,5.18,1.7297841
322476,35,Jogging,662582225000,-2.18,1.38,-0.61291564
322477,35,Jogging,662632335000,1.73,5.48,-5.597963
322478,35,Jogging,662682231000,-15.85,12.26,-1.6480621
322479,35,Jogging,662732310000,-13.72,12.45,1.1441092
322480,35,Jogging,662782237000,-9.38,15.17,9.00305
322481,35,Jogging,662832286000,-4.44,1.99,1.1168685
322482,35,Jogging,662882243000,2.18,-3.11,-0.88532263
322483,35,Jogging,662932262000,1.12,0.19,3.5957718
322484,35,Jogging,662982219000,-5.24,6.74,2.5606253
322485,35,Jogging,663032298000,-15.47,17.2,-1.607201
322486,35,Jogging,663082225000,4.25,1.65,-1.4165162
322487,35,Jogging,663132304000,-16.51,17.77,9.80665
322488,35,Jogging,663182201000,-0.11,8.05,6.0474343
322489,35,Jogging,663232280000,-9.19,2.87,-3.2961242
322490,35,Jogging,663282207000,-1.08,4.21,2.7649305
322491,35,Jogging,663332316000,0.69,-1.31,-3.6774937999999993
322492,35,Jogging,663382213000,-1.33,15.98,-4.944186
322493,35,Jogging,663432292000,-17.69,9.43,1.4982381999999999
322494,35,Jogging,663482249000,-6.63,13.14,4.7943625
322495,35,Jogging,663532298000,-9.81,10.15,4.7126402999999994
322496,35,Jogging,663582225000,-5.71,-0.76,3.8273177000000005
322497,35,Jogging,663632304000,5.43,-2.91,-1.525479
322498,35,Jogging,663682201000,-3.79,3.83,6.66035
322499,35,Jogging,663732310000,-5.24,5.79,-6.1291566
322500,35,Jogging,663782237000,-13.78,16.09,1.9477096999999999
322501,35,Jogging,663832286000,-0.15,8.89,-2.982856
322502,35,Jogging,663882335000,-11.92,18.12,12.871228
322503,35,Jogging,663932262000,-2.75,8.89,5.0531489999999994
322504,35,Jogging,663982249000,-6.51,7.86,2.4516625
322505,35,Jogging,664032268000,0.38,5.24,0.3405087
322506,35,Jogging,664082225000,-5.71,-3.34,-2.8738932999999998
322507,35,Jogging,664132274000,-1.18,15.64,-5.366417
322508,35,Jogging,664182201000,-17.58,8.96,2.5333846
322509,35,Jogging,664232310000,-8.12,12.64,8.390134
322510,35,Jogging,664282237000,-9.43,3.17,4.290409599999999
322511,35,Jogging,664332286000,0.31,-2.11,-2.070293
322512,35,Jogging,664382243000,-0.69,1.18,4.140586
322513,35,Jogging,664432262000,1.23,7.01,1.56634
322514,35,Jogging,664482219000,-14.98,13.1,1.0760075
322515,35,Jogging,664532268000,-1.92,8.92,1.6480621
322516,35,Jogging,664582225000,-8.01,15.05,1.9477096999999999
322517,35,Jogging,664632304000,-5.18,11.5,4.944186
322518,35,Jogging,664682262000,-8.31,6.09,3.4868089999999996
322519,35,Jogging,664732280000,0.19,5.94,2.6423476000000004
322520,35,Jogging,664782237000,-0.19,-0.95,-1.1168685
322521,35,Jogging,664832347000,0.99,8.47,-4.7943625
322522,35,Jogging,664882274000,-18.07,10.8,0.8036005
322523,35,Jogging,664932292000,-6.74,13.18,4.018002500000001
322524,35,Jogging,664982249000,-9.3,9.04,5.407278
322525,35,Jogging,665032268000,-8.73,-0.46,1.4982381999999999
322526,35,Jogging,665082255000,3.99,-2.45,-1.6480621
322527,35,Jogging,665132304000,-0.72,5.33,8.662541000000001
322528,35,Jogging,665182231000,-12.76,14.79,-7.8861814
322529,35,Jogging,665232280000,-4.4,6.13,3.5276701
322530,35,Jogging,665282207000,-7.59,16.28,-4.2086873
322531,35,Jogging,665332316000,-8.5,11.11,11.604536
322532,35,Jogging,665382213000,-5.28,10.19,4.3312707
322533,35,Jogging,665432262000,-0.38,4.33,2.9147543999999996
322534,35,Jogging,665482219000,0.15,2.79,-1.0351465
322535,35,Jogging,665532268000,0.8,0.89,-4.440233
322536,35,Jogging,665582225000,-15.17,14.82,-0.10896278
322537,35,Jogging,665632304000,-9.58,12.83,1.9477096999999999
322538,35,Jogging,665682201000,-7.89,13.59,8.240311
322539,35,Jogging,665732310000,-9.72,1.92,0.10896278
322540,35,Jogging,665782207000,0.27,-0.53,-1.3075534
322541,35,Jogging,665832286000,0.5,1.04,2.3699405
322542,35,Jogging,665882274000,-1.99,2.83,-1.2666923
322543,35,Jogging,665932292000,-14.37,17.69,3.4459480000000005
322544,35,Jogging,665982219000,3.57,3.64,1.1849703
322545,35,Jogging,666032298000,-16.44,17.05,9.275456
322546,35,Jogging,666082225000,1.99,8.43,1.1849703
322547,35,Jogging,666132304000,-5.56,3.38,1.56634
322548,35,Jogging,666182201000,0.04,7.97,1.7297841
322549,35,Jogging,666232280000,-1.5,-2.68,-3.1463002999999996
322550,35,Jogging,666282207000,-1.8,11.92,-4.7126402999999994
322551,35,Jogging,666332316000,-18.12,8.73,0.5720546
322552,35,Jogging,666382213000,-9.23,16.51,7.436710000000001
322553,35,Jogging,666432262000,-9.23,9.28,4.0588636
322554,35,Jogging,666482219000,-7.12,-1.04,1.7570249
322555,35,Jogging,666532298000,4.14,-1.53,-0.88532263
322556,35,Jogging,666582255000,-3.06,2.34,4.372132
322557,35,Jogging,666632335000,-6.13,8.5,-3.8681788
322558,35,Jogging,666682201000,-9.66,13.33,1.4165162
322559,35,Jogging,666732280000,-4.52,6.24,-0.9942854
322560,35,Jogging,666782207000,-11.6,17.35,14.628252999999999
322561,35,Jogging,666832286000,1.27,6.13,3.6366330000000002
322562,35,Jogging,666882243000,-6.32,4.63,-0.0
322563,35,Jogging,666932262000,-0.19,5.94,-0.46309182
322564,35,Jogging,666982219000,-2.14,-5.43,-2.4108016
322565,35,Jogging,667032298000,-1.12,16.36,-4.4810944
322566,35,Jogging,667082255000,-16.85,8.28,1.3756552
322567,35,Jogging,667132304000,-7.65,14.37,7.7363577
322568,35,Jogging,667182201000,-12.64,7.31,1.3756552
322569,35,Jogging,667232310000,-2.83,0.46,-3.173541
322570,35,Jogging,667282298000,2.03,-0.99,1.7570249
322571,35,Jogging,667332439000,0.72,3.91,4.630918
322572,35,Jogging,667382274000,-11.65,12.57,-6.3607025
322573,35,Jogging,667432323000,-3.98,7.89,4.1814466
322574,35,Jogging,667492259000,-11.99,15.47,3.5685309999999997
322575,35,Jogging,667542216000,0.15,9.58,5.706926
322576,35,Jogging,667592265000,-6.4,5.56,0.46309182
322577,35,Jogging,667642222000,-0.95,5.86,2.7649305
322578,35,Jogging,667692271000,0.11,-3.49,-1.4165162
322579,35,Jogging,667742229000,2.98,7.4,-4.018002500000001
322580,35,Jogging,667792308000,-16.13,15.13,0.95342433
322581,35,Jogging,667842235000,-8.96,10.57,4.0588636
322582,35,Jogging,667892284000,-6.78,9.72,5.2165932999999995
322583,35,Jogging,667942210000,-8.2,-1.65,-0.6946376999999999
322584,35,Jogging,667992259000,4.48,-2.64,-0.42223078
322586,35,Jogging,668042277000,-2.18,6.63,6.782933
322585,35,Jogging,668042277000,-2.18,6.63,6.782933
322587,35,Jogging,668142161000,-7.55,9.28,3.4459480000000005
322588,35,Jogging,668192210000,-5.6,9.47,-2.982856
322589,35,Jogging,668242381000,-7.86,14.63,14.246882999999999
322590,35,Jogging,668292277000,-1.99,6.24,2.7921712000000003
322591,35,Jogging,668342265000,-4.1,5.48,3.9090397000000006
322592,35,Jogging,668392222000,1.33,1.04,-1.6480621
322593,35,Jogging,668442302000,0.95,1.69,-4.099725
322594,35,Jogging,668492229000,-12.3,15.36,-2.0294318
322595,35,Jogging,668542277000,-11.84,11.88,-0.8036005
322596,35,Jogging,668592265000,-9.49,11.14,6.238119
322597,35,Jogging,668642284000,-10.84,2.6,0.3405087
322598,35,Jogging,668692210000,7.12,-0.8,-0.42223078
322599,35,Jogging,668742259000,-0.89,1.46,4.671779
322600,35,Jogging,668792216000,-4.82,5.71,-0.6946376999999999
322601,35,Jogging,668842265000,-17.46,15.64,-1.8796080000000002
322602,35,Jogging,668892222000,0.89,5.41,-0.9125633
322603,35,Jogging,668942302000,-13.48,17.12,9.193735
322604,35,Jogging,668992198000,-1.33,9.11,2.6014863999999998
322605,35,Jogging,669042277000,-5.75,7.59,2.5606253
322606,35,Jogging,669092235000,-0.84,6.02,1.5390993
322607,35,Jogging,669142284000,-0.3,-4.18,-1.7297841
322608,35,Jogging,669192210000,0.46,11.99,-6.469665
322609,35,Jogging,669242259000,-18.85,11.6,0.38136974
322610,35,Jogging,669292216000,-9.23,13.76,5.666064700000001
322611,35,Jogging,669342265000,-6.17,7.4,4.372132
322612,35,Jogging,669392253000,-4.48,-1.33,-0.88532263
322613,35,Jogging,669442302000,6.74,-3.11,-2.6014863999999998
