,user,label,timestamp,x,y,z
333092,35,Jogging,1290422221000,1.92,13.21,3.7183550000000003
333093,35,Jogging,1290472270000,-1.5,-0.57,0.6537767
333094,35,Jogging,1290522197000,-2.64,-8.58,-1.334794
333095,35,Jogging,1290572307000,4.25,3.72,2.4925237
333096,35,Jogging,1290622203000,-2.6,17.16,2.4108016
333097,35,Jogging,1290672252000,3.45,-0.91,0.6946376999999999
333098,35,Jogging,1290722209000,-3.57,18.24,2.070293
333099,35,Jogging,1290772258000,10.0,12.79,3.0645783
333100,35,Jogging,1290822215000,4.14,6.17,4.944186
333101,35,Jogging,1290872295000,3.99,3.3,0.84446156
333102,35,Jogging,1290922221000,1.04,1.84,-1.3075534
333103,35,Jogging,1290972240000,1.42,2.03,-1.7570249
333104,35,Jogging,1291022227000,-10.88,19.42,0.53119355
333105,35,Jogging,1291072246000,3.06,10.53,5.5162406
333106,35,Jogging,1291122233000,10.12,17.16,6.0474343
333107,35,Jogging,1291172282000,1.5,9.92,5.47538
333108,35,Jogging,1291222209000,2.68,-2.56,0.19068487
333109,35,Jogging,1291272258000,-7.08,-7.74,-1.9204689999999998
333110,35,Jogging,1291322215000,3.95,12.18,6.891896000000001
333111,35,Jogging,1291372233000,-2.03,12.53,-0.27240697
333112,35,Jogging,1291422221000,5.13,14.21,2.3699405
333113,35,Jogging,1291472240000,1.08,14.67,2.3426998
333114,35,Jogging,1291522227000,9.85,13.57,3.1054392
333115,35,Jogging,1291572246000,7.67,2.68,2.4925237
333116,35,Jogging,1291622233000,3.87,4.1,-1.7297841
333117,35,Jogging,1291672252000,-0.38,-0.23,-1.8387468999999996
333118,35,Jogging,1291722240000,-3.72,5.98,0.27240697
333119,35,Jogging,1291772258000,-13.02,18.2,0.7218784
333120,35,Jogging,1291822215000,13.57,14.21,7.4639505999999995
333121,35,Jogging,1291872264000,7.44,17.31,6.4424243
333122,35,Jogging,1291922221000,-1.69,9.04,3.0237172
333123,35,Jogging,1291972240000,-6.43,-12.11,-6.238119
333124,35,Jogging,1292022227000,2.22,2.18,-1.607201
333125,35,Jogging,1292072246000,-0.57,16.25,7.164303
333126,35,Jogging,1292122233000,3.26,4.21,0.38136974
333127,35,Jogging,1292172252000,6.47,16.89,1.6480621
333128,35,Jogging,1292222209000,7.46,14.82,4.4810944
333129,35,Jogging,1292272258000,5.71,8.05,3.9090397000000006
333130,35,Jogging,1292322246000,2.07,3.64,1.4982381999999999
333131,35,Jogging,1292372233000,-0.76,2.22,-2.4516625
333132,35,Jogging,1292422221000,-2.45,0.46,-3.2961242
333133,35,Jogging,1292472270000,-1.65,15.85,2.7649305
333134,35,Jogging,1292522258000,-6.85,13.99,4.862464
333135,35,Jogging,1292572276000,14.52,14.52,6.1291566
333136,35,Jogging,1292622233000,1.04,13.57,5.666064700000001
333137,35,Jogging,1292672282000,-1.08,-0.15,0.5720546
333138,35,Jogging,1292722270000,2.11,-10.04,-3.1463002999999996
333139,35,Jogging,1292772288000,3.72,4.33,1.6480621
333140,35,Jogging,1292822215000,-3.68,17.73,1.607201
333141,35,Jogging,1292872233000,4.99,2.76,3.336985
333142,35,Jogging,1292922252000,2.72,18.54,3.0645783
333143,35,Jogging,1292972240000,8.05,12.57,2.0294318
333144,35,Jogging,1293022258000,4.71,9.89,4.630918
333145,35,Jogging,1293072246000,0.46,2.76,0.23154591
333146,35,Jogging,1293122233000,-0.65,0.19,-3.4050870000000004
333147,35,Jogging,1293172252000,-4.1,1.54,-2.5333846
333148,35,Jogging,1293222209000,-4.71,16.89,2.9147543999999996
333149,35,Jogging,1293272227000,0.08,18.39,5.47538
333150,35,Jogging,1293322276000,13.53,16.55,7.436710000000001
333151,35,Jogging,1293372233000,1.33,10.0,6.0201936
333152,35,Jogging,1293422221000,3.21,-0.72,0.27240697
333153,35,Jogging,1293472240000,-6.43,-9.23,-2.6423476000000004
333154,35,Jogging,1293522227000,6.32,7.12,4.630918
333155,35,Jogging,1293572246000,0.46,13.25,-0.88532263
333157,35,Jogging,1293622203000,2.91,6.47,2.3699405
333156,35,Jogging,1293622203000,2.91,6.47,2.3699405
333158,35,Jogging,1293682292000,0.53,15.75,3.0645783
333159,35,Jogging,1293732280000,8.28,14.94,3.0645783
333160,35,Jogging,1293782359000,6.32,8.16,6.0882955
333161,35,Jogging,1293842265000,3.15,-0.38,-5.666064700000001
333162,35,Jogging,1293892314000,-6.05,0.5,-1.2258313
333163,35,Jogging,1293942363000,3.3,7.82,0.14982383
333164,35,Jogging,1293992259000,-10.84,19.11,3.173541
333165,35,Jogging,1294042308000,3.41,15.66,7.2732660000000005
333166,35,Jogging,1294092265000,9.28,14.86,5.8567495
333167,35,Jogging,1294142314000,1.27,1.31,1.0351465
333168,35,Jogging,1294192271000,-6.24,-7.82,-1.9204689999999998
333169,35,Jogging,1294242320000,3.99,3.38,0.46309182
333170,35,Jogging,1294292247000,0.95,11.26,5.706926
333171,35,Jogging,1294355510000,-0.69,9.34,-1.1441092
333172,35,Jogging,1294412181000,6.55,19.11,2.6832085
333173,35,Jogging,1294462260000,5.01,13.1,2.4925237
333174,35,Jogging,1294512370000,2.41,8.05,5.284695
333175,35,Jogging,1294562236000,0.38,-1.18,-1.7978859
333176,35,Jogging,1294612346000,-1.69,-0.91,1.0760075
333177,35,Jogging,1294672252000,3.17,7.5,-1.2258313
333178,35,Jogging,1294722209000,-10.31,19.57,4.671779
333179,35,Jogging,1294772258000,8.2,11.03,6.3198414000000005
333180,35,Jogging,1294822215000,8.16,15.47,4.7535014
333181,35,Jogging,1294872233000,-2.14,6.17,1.9885708
333182,35,Jogging,1294922252000,-3.3,-8.5,-4.140586
333183,35,Jogging,1294972240000,2.15,-1.38,0.8036005
333184,35,Jogging,1295022227000,0.5,16.78,5.012288
333185,35,Jogging,1295072246000,3.87,0.27,1.9477096999999999
333186,35,Jogging,1295122203000,3.17,18.7,2.2609777
333187,35,Jogging,1295172252000,4.94,13.38,3.4050870000000004
333188,35,Jogging,1295222240000,4.14,10.5,5.829509
333189,35,Jogging,1295272258000,2.96,4.63,0.27240697
333190,35,Jogging,1295322215000,1.95,-1.69,-2.2201166000000003
333191,35,Jogging,1295372233000,-1.42,-0.61,-4.140586
333192,35,Jogging,1295422252000,-5.33,17.97,3.7183550000000003
333193,35,Jogging,1295472240000,-3.26,13.8,5.0531489999999994
333194,35,Jogging,1295522197000,12.72,16.32,5.0531489999999994
333195,35,Jogging,1295572276000,1.76,8.92,4.018002500000001
333196,35,Jogging,1295622203000,-0.46,-2.75,-1.6889231
333197,35,Jogging,1295672252000,0.65,-7.35,-0.7627395
333198,35,Jogging,1295722240000,3.21,6.74,9.466142
333199,35,Jogging,1295772227000,3.21,2.53,-0.7218784
333200,35,Jogging,1295822215000,2.53,15.98,1.8387468999999996
333201,35,Jogging,1295872233000,4.75,13.48,4.3993720000000005
333202,35,Jogging,1295922282000,-0.46,11.18,2.3699405
333203,35,Jogging,1295972270000,1.76,4.82,4.372132
333204,35,Jogging,1296022227000,5.79,3.49,-0.84446156
333205,35,Jogging,1296072246000,-1.14,-1.42,-5.202973
333206,35,Jogging,1296122233000,-1.88,11.99,2.4925237
333207,35,Jogging,1296172252000,-9.96,16.4,2.3018389
333208,35,Jogging,1296222209000,12.41,15.47,5.829509
333209,35,Jogging,1296272258000,1.18,13.95,6.9327570000000005
333210,35,Jogging,1296322307000,2.98,0.08,-2.6423476000000004
333211,35,Jogging,1296372264000,0.93,-4.82,0.10896278
333212,35,Jogging,1296422343000,1.31,-1.04,2.6832085
333213,35,Jogging,1296472240000,1.88,17.27,3.3778462
333214,35,Jogging,1296522227000,6.74,10.19,3.214402
333215,35,Jogging,1296572246000,1.33,16.93,2.3699405
333216,35,Jogging,1296622203000,4.44,13.63,2.1111538
333217,35,Jogging,1296672252000,1.76,6.21,5.09401
333218,35,Jogging,1296722209000,4.21,1.27,-2.4925237
333219,35,Jogging,1296772258000,-2.22,-2.07,-1.0351465
333220,35,Jogging,1296822215000,0.23,4.1,-2.6423476000000004
333221,35,Jogging,1296872233000,-10.61,19.53,3.7183550000000003
333222,35,Jogging,1296922252000,10.65,12.26,6.0201936
333223,35,Jogging,1296972270000,7.16,15.09,4.862464
333224,35,Jogging,1297022227000,-2.91,2.83,1.1441092
333225,35,Jogging,1297072246000,-1.65,-5.79,-2.6014863999999998
333226,35,Jogging,1297122233000,2.18,-3.15,0.42223078
333227,35,Jogging,1297172282000,-1.14,16.21,4.0588636
333228,35,Jogging,1297222240000,1.38,-3.49,1.607201
333229,35,Jogging,1297272258000,5.79,18.89,2.2609777
333230,35,Jogging,1297322276000,7.74,10.31,4.290409599999999
333231,35,Jogging,1297372264000,3.68,8.47,5.706926
333232,35,Jogging,1297422252000,1.12,1.95,-0.9125633
333233,35,Jogging,1297472240000,-1.5,0.11,-1.525479
333234,35,Jogging,1297522197000,2.3,0.53,-2.6832085
333235,35,Jogging,1297572307000,-9.47,19.31,3.9090397000000006
333236,35,Jogging,1297622233000,5.09,11.41,5.0531489999999994
333237,35,Jogging,1297672282000,7.55,16.21,4.3993720000000005
333238,35,Jogging,1297722209000,0.0,5.9,1.2258313
333239,35,Jogging,1297772258000,-2.6,-3.98,-1.525479
333240,35,Jogging,1297822215000,2.68,-4.48,1.2666923
333241,35,Jogging,1297872233000,0.84,15.7,4.140586
333242,35,Jogging,1297922252000,0.76,0.46,3.173541
333243,35,Jogging,1297972240000,0.95,18.77,1.5390993
333244,35,Jogging,1298022227000,8.89,14.18,3.7592160000000003
333245,35,Jogging,1298072276000,6.32,7.16,6.0882955
333246,35,Jogging,1298122203000,3.99,2.96,-2.1792557
333247,35,Jogging,1298172252000,-3.76,-0.95,-3.1054392
333248,35,Jogging,1298222209000,-0.04,-0.57,-2.7513103
333249,35,Jogging,1298272258000,0.23,13.53,5.012288
333250,35,Jogging,1298322215000,-5.67,16.32,5.47538
333251,35,Jogging,1298372233000,13.99,16.32,6.66035
333252,35,Jogging,1298422252000,3.45,11.5,3.5276701
333253,35,Jogging,1298472240000,-2.83,0.65,0.040861044
333254,35,Jogging,1298522227000,-4.75,-8.73,-1.8796080000000002
333255,35,Jogging,1298572246000,7.01,5.18,4.290409599999999
333256,35,Jogging,1298622203000,-1.04,17.39,0.08172209
333257,35,Jogging,1298672252000,-0.27,2.37,1.6480621
333258,35,Jogging,1298722240000,5.09,18.31,2.0294318
333259,35,Jogging,1298772227000,11.35,12.15,4.6036777
333260,35,Jogging,1298822246000,2.91,8.01,5.597963
333261,35,Jogging,1298872264000,-0.42,2.56,-2.1111538
333262,35,Jogging,1298922252000,-2.3,-2.64,-0.08172209
333263,35,Jogging,1298972270000,2.03,3.57,-1.607201
333264,35,Jogging,1299022227000,-9.62,19.27,2.5606253
333265,35,Jogging,1299072276000,7.35,12.45,5.597963
333266,35,Jogging,1299122233000,6.13,18.35,5.7477865
333267,35,Jogging,1299172282000,0.69,7.31,3.336985
333268,35,Jogging,1299222209000,2.41,-3.95,-2.4925237
333269,35,Jogging,1299272258000,-0.61,-4.14,0.42223078
333270,35,Jogging,1299322215000,-3.95,11.37,4.018002500000001
333271,35,Jogging,1299372264000,5.67,4.4,2.2201166000000003
333273,35,Jogging,1299422252000,2.34,18.47,0.92618364
333272,35,Jogging,1299422252000,2.34,18.47,0.92618364
333274,35,Jogging,1299522197000,6.47,13.91,3.7864565999999997
333275,35,Jogging,1299572276000,4.25,5.18,5.1348709999999995
333276,35,Jogging,1299572276000,4.25,5.18,5.1348709999999995
333277,35,Jogging,1299632304000,-0.23,0.69,-4.7126402999999994
333278,35,Jogging,1299682262000,-2.79,-2.79,-1.8387468999999996
333279,35,Jogging,1299732341000,2.22,11.5,2.9556155
333280,35,Jogging,1299782268000,-6.63,17.39,5.175732
333281,35,Jogging,1299832316000,11.45,14.79,7.014479
333282,35,Jogging,1299882274000,2.79,14.63,4.7535014
333283,35,Jogging,1299932262000,-0.5,1.42,0.23154591
333284,35,Jogging,1299982280000,-1.95,-9.77,-2.3018389
333285,35,Jogging,1300032268000,4.52,2.91,1.7297841
333286,35,Jogging,1300082286000,-3.64,18.35,0.88532263
333287,35,Jogging,1300132365000,1.88,1.57,2.4108016
333288,35,Jogging,1300182262000,2.15,18.12,5.012288
333289,35,Jogging,1300292186000,5.86,3.53,5.012288
333290,35,Jogging,1300292186000,5.86,3.53,5.012288
333291,35,Jogging,1300342235000,-1.46,2.79,-1.607201
