,user,label,timestamp,x,y,z
334692,35,Jogging,1370402324000,-2.49,-5.33,-2.7921712000000003
334693,35,Jogging,1370452251000,-2.18,-5.24,0.38136974
334694,35,Jogging,1370502269000,3.26,10.38,4.2495484
334695,35,Jogging,1370552257000,1.04,8.77,-1.9885708
334696,35,Jogging,1370602305000,1.95,13.02,1.6480621
334697,35,Jogging,1370652263000,7.74,17.73,4.2086873
334698,35,Jogging,1370702312000,9.58,12.95,3.1054392
334699,35,Jogging,1370752208000,3.38,6.17,3.8681788
334700,35,Jogging,1370802318000,5.33,-1.04,-4.671779
334701,35,Jogging,1370852244000,-3.98,-2.14,-0.8036005
334702,35,Jogging,1370902263000,0.53,11.84,1.8387468999999996
334703,35,Jogging,1370952251000,-8.85,19.34,3.7183550000000003
334704,35,Jogging,1371002299000,13.48,16.28,7.7772183
334705,35,Jogging,1371052287000,4.1,14.25,3.2961242
334706,35,Jogging,1371102275000,-5.28,-1.18,-3.1054392
334707,35,Jogging,1371152263000,-4.02,-10.72,-1.7570249
334708,35,Jogging,1371202312000,10.42,8.47,1.7570249
334709,35,Jogging,1371252238000,-8.88,15.7,3.8681788
334710,35,Jogging,1371302318000,0.19,-3.21,-1.1168685
334711,35,Jogging,1371352275000,9.23,18.24,3.4050870000000004
334712,35,Jogging,1371402324000,6.24,8.89,5.47538
334713,35,Jogging,1371452251000,5.6,10.15,4.9850473
334714,35,Jogging,1371502269000,0.15,1.46,-4.630918
334715,35,Jogging,1371552257000,-2.72,-2.83,0.040861044
334716,35,Jogging,1371602275000,0.34,7.93,1.0351465
334717,35,Jogging,1371652232000,-3.98,19.11,1.9204689999999998
334718,35,Jogging,1371702342000,6.66,18.24,7.3958488
334719,35,Jogging,1371752238000,3.53,14.9,5.2165932999999995
334720,35,Jogging,1371802318000,-0.27,2.98,1.334794
334721,35,Jogging,1371852275000,-3.21,-10.31,-4.944186
334722,35,Jogging,1371902293000,1.46,0.53,3.8681788
334723,35,Jogging,1371952220000,-1.42,18.39,4.3312707
334724,35,Jogging,1372002269000,6.24,-4.37,0.6946376999999999
334725,35,Jogging,1372052257000,-4.18,18.2,1.8387468999999996
334726,35,Jogging,1372102305000,8.77,13.33,3.0645783
334727,35,Jogging,1372152263000,8.39,13.59,6.238119
334728,35,Jogging,1372202281000,5.52,2.26,-2.7240696
334729,35,Jogging,1372252238000,0.76,-4.79,-2.1383946
334730,35,Jogging,1372302318000,-1.88,0.23,-3.0237172
334731,35,Jogging,1372352214000,0.0,15.13,5.8567495
334732,35,Jogging,1372402293000,-1.95,13.14,5.175732
334733,35,Jogging,1372452281000,14.25,16.89,7.8861814
334734,35,Jogging,1372502269000,-0.46,13.59,5.243834
334735,35,Jogging,1372552287000,0.42,0.27,1.3075534
334736,35,Jogging,1372602275000,-3.3,-8.2,-4.4810944
334737,35,Jogging,1372652263000,1.54,0.95,1.2666923
334738,35,Jogging,1372702281000,1.42,14.02,-0.08172209
334739,35,Jogging,1372752269000,3.76,5.67,2.3018389
334740,35,Jogging,1372802287000,0.99,19.04,3.0237172
334741,35,Jogging,1372852244000,12.53,15.4,3.9499009
334742,35,Jogging,1372902293000,4.56,6.59,5.1348709999999995
334743,35,Jogging,1372952251000,2.56,-0.08,-5.47538
334744,35,Jogging,1373002299000,-3.11,-1.88,0.313268
334745,35,Jogging,1373052226000,2.72,10.69,-0.040861044
334746,35,Jogging,1373102305000,-8.43,19.11,4.3993720000000005
334747,35,Jogging,1373152263000,9.85,14.18,7.4639505999999995
334748,35,Jogging,1373202312000,4.75,14.06,5.706926
334749,35,Jogging,1373252208000,-2.56,1.65,-0.8036005
334750,35,Jogging,1373302318000,-2.11,-7.46,-1.1168685
334751,35,Jogging,1373352214000,5.6,-0.27,1.9885708
334752,35,Jogging,1373402263000,-2.75,17.47,3.3778462
334753,35,Jogging,1373452251000,0.8,0.42,0.95342433
334754,35,Jogging,1373502299000,4.79,19.19,4.140586
334755,35,Jogging,1373552226000,9.23,9.3,3.0645783
334756,35,Jogging,1373602275000,5.43,8.35,6.170017700000001
334757,35,Jogging,1373652202000,1.54,1.42,-5.284695
334758,35,Jogging,1373702281000,-3.26,-1.53,-0.08172209
334759,35,Jogging,1373752208000,-0.89,6.44,-0.23154591
334760,35,Jogging,1373802318000,-6.89,19.27,2.4925237
334761,35,Jogging,1373852275000,10.04,18.39,7.6682559999999995
334762,35,Jogging,1373902324000,5.48,13.87,5.5571017
334763,35,Jogging,1373952281000,-1.31,3.68,1.56634
334764,35,Jogging,1374002269000,-2.87,-10.76,-4.862464
334765,35,Jogging,1374052287000,2.45,-0.19,3.2961242
334766,35,Jogging,1374102305000,-1.8,15.24,7.205164
334767,35,Jogging,1374152232000,1.27,-0.3,-1.7570249
334768,35,Jogging,1374202281000,-1.65,13.82,1.5390993
334769,35,Jogging,1374252208000,12.72,12.68,4.5628166
334770,35,Jogging,1374302318000,7.97,10.46,4.4810944
334771,35,Jogging,1374352244000,-0.95,2.15,-1.9477096999999999
334772,35,Jogging,1374402293000,-3.79,0.69,-0.95342433
334773,35,Jogging,1374452251000,0.72,1.27,-3.0645783
334774,35,Jogging,1374502269000,-4.25,18.89,3.6774937999999993
334775,35,Jogging,1374552257000,0.95,18.62,6.742072
334776,35,Jogging,1374602305000,8.2,14.44,5.325556
334777,35,Jogging,1374652232000,-0.8,5.41,0.10896278
334778,35,Jogging,1374702281000,-3.36,-7.97,-4.3993720000000005
334779,35,Jogging,1374752208000,3.91,-2.49,3.9090397000000006
334780,35,Jogging,1374802287000,2.07,13.72,5.5162406
334781,35,Jogging,1374852275000,-4.94,2.15,-3.5957718
334782,35,Jogging,1374902263000,3.06,12.72,4.3312707
334783,35,Jogging,1374952251000,8.43,12.79,5.7886477
334784,35,Jogging,1375002299000,9.04,11.99,5.1348709999999995
334785,35,Jogging,1375052287000,1.84,6.55,1.3075534
334786,35,Jogging,1375102275000,1.31,-2.56,-4.4810944
334787,35,Jogging,1375152263000,-4.79,-1.92,-2.1111538
334788,35,Jogging,1375202312000,2.22,13.67,3.2552630000000002
334789,35,Jogging,1375252269000,-7.08,17.47,3.4459480000000005
334790,35,Jogging,1375302318000,14.79,17.86,7.246025
334791,35,Jogging,1375352244000,0.89,13.06,5.09401
334792,35,Jogging,1375402263000,0.27,-2.64,0.23154591
334793,35,Jogging,1375452251000,-1.88,-11.73,-2.2201166000000003
334794,35,Jogging,1375502269000,3.06,9.85,2.4925237
334795,35,Jogging,1375552287000,-5.79,0.84,0.7627395
334796,35,Jogging,1375602336000,2.07,0.84,0.7627395
334797,35,Jogging,1375652751000,-2.87,18.05,1.7297841
334798,35,Jogging,1375702373000,17.97,15.4,4.862464
334799,35,Jogging,1375752269000,3.68,8.73,4.372132
334800,35,Jogging,1375802348000,-2.75,0.38,-3.7183550000000003
334801,35,Jogging,1375862285000,-3.72,-1.14,-0.46309182
334802,35,Jogging,1375912242000,1.76,8.39,3.4050870000000004
334803,35,Jogging,1375962260000,-7.89,18.77,1.3075534
334804,35,Jogging,1376012279000,11.14,16.97,7.3549875999999985
334805,35,Jogging,1376062297000,2.98,11.37,4.440233
334806,35,Jogging,1376112224000,-0.15,-1.12,-1.607201
334807,35,Jogging,1376162273000,0.38,-10.95,-4.671779
334808,35,Jogging,1376212199000,6.44,1.14,4.140586
334809,35,Jogging,1376262279000,-1.8,16.25,1.8387468999999996
334810,35,Jogging,1376312205000,-0.19,-4.06,-0.0
334811,35,Jogging,1376362285000,4.82,19.5,0.92618364
334812,35,Jogging,1376412211000,7.67,10.84,2.6423476000000004
334813,35,Jogging,1376462260000,4.63,10.08,7.205164
334814,35,Jogging,1376512218000,3.11,1.99,-3.9499009
334815,35,Jogging,1376562266000,-4.06,-1.69,-0.84446156
334816,35,Jogging,1376612224000,-1.92,3.91,-1.1168685
334817,35,Jogging,1376662273000,-6.05,19.53,2.7240696
334818,35,Jogging,1376712199000,10.19,18.24,8.62168
334819,35,Jogging,1376762279000,7.67,13.4,6.5513873
334820,35,Jogging,1376812205000,1.5,3.6,0.42223078
334821,35,Jogging,1376862285000,-8.05,-14.6,-4.290409599999999
334822,35,Jogging,1376912211000,4.37,4.94,1.7570249
334823,35,Jogging,1376962291000,-1.14,18.05,4.372132
334824,35,Jogging,1377012248000,1.14,-1.92,1.6480621
334825,35,Jogging,1377062297000,3.49,17.31,2.9147543999999996
334826,35,Jogging,1377112254000,7.5,11.11,1.7978859
334827,35,Jogging,1377162303000,3.83,16.32,6.4015636
334828,35,Jogging,1377212230000,2.15,3.49,-0.29964766
334829,35,Jogging,1377262279000,3.41,-0.04,-1.7297841
334830,35,Jogging,1377312266000,-0.72,-2.87,-3.0645783
334831,35,Jogging,1377362285000,-5.01,15.17,3.4050870000000004
334832,35,Jogging,1377412211000,-2.96,19.04,6.633109599999999
334833,35,Jogging,1377462260000,15.6,17.88,5.434519
334834,35,Jogging,1377512218000,1.31,8.89,5.243834
334835,35,Jogging,1377562297000,-4.33,-3.3,-2.3426998
334836,35,Jogging,1377612254000,0.5,-5.01,-1.525479
334837,35,Jogging,1377662303000,3.49,9.28,3.7592160000000003
334838,35,Jogging,1377712199000,-5.98,7.4,-2.3018389
334839,35,Jogging,1377762279000,0.65,7.7,4.372132
334840,35,Jogging,1377812266000,14.56,14.67,3.7592160000000003
334841,35,Jogging,1377862315000,5.56,13.67,5.325556
334842,35,Jogging,1377912242000,1.23,6.97,1.7978859
334843,35,Jogging,1377962260000,4.4,-1.57,-4.440233
334844,35,Jogging,1378012279000,-1.23,-4.94,-1.8796080000000002
334845,35,Jogging,1378062266000,0.0,9.28,1.1849703
334846,35,Jogging,1378112224000,-10.61,19.5,2.7921712000000003
334847,35,Jogging,1378162303000,13.48,19.31,8.240311
334848,35,Jogging,1378212230000,2.37,14.63,6.5513873
334849,35,Jogging,1378262309000,-0.27,0.93,-0.29964766
334850,35,Jogging,1378312205000,-5.01,-11.8,-2.6832085
334851,35,Jogging,1378362315000,7.06,7.89,2.982856
334852,35,Jogging,1378412242000,-1.61,6.17,5.666064700000001
334853,35,Jogging,1378462260000,-1.65,7.55,-4.9850473
334854,35,Jogging,1378512218000,5.18,12.18,2.6832085
334855,35,Jogging,1378562297000,13.33,14.1,4.7943625
334856,35,Jogging,1378612285000,7.12,7.16,5.175732
334857,35,Jogging,1378662273000,-3.26,3.95,-0.46309182
334858,35,Jogging,1378712230000,1.46,-2.26,-4.7126402999999994
334859,35,Jogging,1378762279000,-3.91,-0.8,-4.372132
334860,35,Jogging,1378812205000,-2.18,16.47,5.175732
334861,35,Jogging,1378862285000,-1.65,18.5,6.633109599999999
334862,35,Jogging,1378912211000,9.96,19.42,6.973617999999999
334863,35,Jogging,1378962260000,-3.26,8.16,2.6832085
334864,35,Jogging,1379012218000,-5.24,-13.25,-6.823794400000001
334865,35,Jogging,1379062266000,5.13,-1.04,1.1168685
334866,35,Jogging,1379112224000,6.24,15.47,4.099725
334867,35,Jogging,1379162273000,-12.26,15.79,-0.19068487
334868,35,Jogging,1379212230000,4.48,9.04,2.8738932999999998
334869,35,Jogging,1379262309000,14.21,17.47,5.09401
334870,35,Jogging,1379312236000,8.24,12.57,4.1814466
334871,35,Jogging,1379362285000,-2.75,6.97,2.6832085
334872,35,Jogging,1379412242000,3.95,-0.04,-4.3312707
334873,35,Jogging,1379462260000,-2.22,-6.36,-1.8387468999999996
334874,35,Jogging,1379512248000,-0.69,8.24,2.3699405
334875,35,Jogging,1379562297000,-7.35,19.57,3.8273177000000005
334876,35,Jogging,1379612224000,16.25,19.57,7.014479
334877,35,Jogging,1379662273000,0.76,15.43,5.706926
334878,35,Jogging,1379712199000,-2.3,1.23,-2.7240696
334879,35,Jogging,1379762279000,-4.4,-10.72,-4.7943625
334880,35,Jogging,1379812236000,9.23,8.05,1.334794
334881,35,Jogging,1379862346000,-7.31,13.18,3.9499009
334882,35,Jogging,1379922832000,1.8,-2.22,1.3075534
334883,35,Jogging,1379972240000,13.95,16.21,4.099725
334884,35,Jogging,1380022258000,9.15,14.21,3.2961242
334885,35,Jogging,1380072246000,-2.26,8.5,6.0882955
334886,35,Jogging,1380122233000,0.57,-0.08,-5.666064700000001
334887,35,Jogging,1380172221000,-0.42,-5.9,0.42223078
334888,35,Jogging,1380222240000,3.02,4.71,-1.334794
334889,35,Jogging,1380272227000,-6.78,19.57,3.3778462
334890,35,Jogging,1380322246000,5.28,19.19,8.308413
334891,35,Jogging,1380372233000,5.9,15.98,5.175732
