,user,label,timestamp,x,y,z
335892,35,Jogging,1430412211000,-6.82,18.43,9.00305
335893,35,Jogging,1430462260000,7.93,7.21,7.055340299999999
335894,35,Jogging,1430512248000,13.95,18.89,6.5513873
335895,35,Jogging,1430562266000,-3.45,7.82,3.6366330000000002
335896,35,Jogging,1430612224000,-0.61,-8.81,-5.09401
335897,35,Jogging,1430662303000,-3.3,-2.83,-0.3405087
335898,35,Jogging,1430712260000,7.89,15.4,5.938472
335899,35,Jogging,1430762279000,-2.53,10.46,0.23154591
335900,35,Jogging,1430812205000,2.79,7.67,2.0294318
335901,35,Jogging,1430862346000,12.03,17.82,5.407278
335902,35,Jogging,1430912242000,5.43,7.25,2.2201166000000003
335903,35,Jogging,1430962260000,-2.37,4.75,2.1792557
335904,35,Jogging,1431012248000,-0.08,1.27,-2.8330324
335905,35,Jogging,1431062266000,-1.84,-1.88,-0.0
335906,35,Jogging,1431112224000,3.06,3.79,-3.4050870000000004
335907,35,Jogging,1431162273000,-10.46,19.53,6.633109599999999
335908,35,Jogging,1431212199000,13.8,8.31,5.625203599999999
335909,35,Jogging,1431262279000,7.21,14.41,5.706926
335910,35,Jogging,1431312205000,-4.4,1.8,0.23154591
335911,35,Jogging,1431362285000,-1.95,-14.44,-2.1792557
335912,35,Jogging,1431412303000,4.29,5.37,0.27240697
335913,35,Jogging,1431462260000,-5.79,15.83,6.170017700000001
335914,35,Jogging,1431512248000,8.35,2.22,1.7978859
335915,35,Jogging,1431562266000,2.11,16.51,2.9147543999999996
335916,35,Jogging,1431612254000,2.15,10.5,0.84446156
335917,35,Jogging,1431662273000,-0.5,10.53,5.366417
335918,35,Jogging,1431712260000,4.82,3.79,1.1168685
335919,35,Jogging,1431762279000,-0.38,-0.27,-0.7627395
335920,35,Jogging,1431812236000,1.73,-0.46,-4.140586
335921,35,Jogging,1431862285000,-0.61,16.97,7.6682559999999995
335922,35,Jogging,1431912211000,2.37,8.66,5.9793324
335923,35,Jogging,1431962291000,13.8,12.76,6.5922484
335924,35,Jogging,1432012309000,1.04,7.01,2.7921712000000003
335925,35,Jogging,1432062297000,-4.25,-0.53,-1.56634
335926,35,Jogging,1432112224000,-9.96,-5.48,-0.23154591
335927,35,Jogging,1432162273000,4.1,13.02,3.7592160000000003
335928,35,Jogging,1432212199000,7.63,3.34,3.173541
335929,35,Jogging,1432262279000,0.93,14.56,3.2552630000000002
335930,35,Jogging,1432312236000,12.49,13.44,3.2961242
335931,35,Jogging,1432362285000,1.73,6.97,3.6366330000000002
335932,35,Jogging,1432412211000,3.53,5.41,-0.88532263
335933,35,Jogging,1432462260000,-1.53,-0.27,-0.5720546
335934,35,Jogging,1432512248000,-2.07,0.53,-4.5900574
335935,35,Jogging,1432562266000,0.99,13.25,9.084772000000001
335937,35,Jogging,1432612224000,-4.33,11.37,5.012288
335936,35,Jogging,1432612224000,-4.33,11.37,5.012288
335938,35,Jogging,1432712260000,2.45,11.54,2.8330324
335939,35,Jogging,1432762279000,-4.82,-5.94,-2.9556155
335940,35,Jogging,1432812236000,-2.64,-6.89,-1.2258313
335941,35,Jogging,1432862285000,5.56,15.43,8.008764
335942,35,Jogging,1432912211000,6.85,3.11,1.1168685
335943,35,Jogging,1432962260000,1.08,8.77,0.08172209
335944,35,Jogging,1433012248000,10.19,18.01,1.7297841
335945,35,Jogging,1433062266000,-5.33,14.1,5.8567495
335946,35,Jogging,1433112254000,2.37,2.87,1.1168685
335947,35,Jogging,1433162273000,6.28,-3.53,-1.9204689999999998
335948,35,Jogging,1433212230000,-1.95,1.12,1.1441092
335949,35,Jogging,1433262309000,-0.53,8.89,-0.08172209
335950,35,Jogging,1433312205000,-10.53,19.5,2.7921712000000003
335951,35,Jogging,1433362315000,14.02,15.79,7.6273947
335952,35,Jogging,1433412242000,7.67,11.26,4.4810944
335953,35,Jogging,1433412242000,7.67,11.26,4.4810944
335954,35,Jogging,1433512157000,-4.67,-10.23,-8.158588
335955,35,Jogging,1433562205000,6.47,0.0,1.3756552
335956,35,Jogging,1433612407000,-0.89,17.01,8.62168
335957,35,Jogging,1433662273000,1.14,-5.94,-4.903325
335958,35,Jogging,1433712291000,9.19,16.32,4.5628166
335959,35,Jogging,1433762218000,4.82,8.89,3.8681788
335960,35,Jogging,1433812297000,-2.68,9.89,8.240311
335961,35,Jogging,1433862285000,0.95,3.91,-5.202973
335962,35,Jogging,1433912303000,3.99,-7.7,-0.53119355
335963,35,Jogging,1433962199000,1.46,1.76,-5.7477865
335964,35,Jogging,1434012279000,-3.21,18.43,9.084772000000001
335965,35,Jogging,1434062205000,-0.99,13.57,6.1291566
335966,35,Jogging,1434112315000,13.33,16.59,3.9499009
335967,35,Jogging,1434162242000,-2.26,8.08,4.018002500000001
335968,35,Jogging,1434212260000,-1.84,-5.56,-2.1792557
335969,35,Jogging,1434262218000,5.75,-7.16,0.53119355
335970,35,Jogging,1434312297000,6.36,12.57,7.1234417
335971,35,Jogging,1434362224000,-6.05,6.89,-2.070293
335972,35,Jogging,1434412273000,-2.14,14.44,1.9477096999999999
335973,35,Jogging,1434462199000,12.64,15.28,3.1463002999999996
335974,35,Jogging,1434512279000,2.91,10.19,4.9850473
335975,35,Jogging,1434562236000,2.41,2.22,1.4573771999999998
335976,35,Jogging,1434612285000,-0.72,1.92,-2.6423476000000004
335977,35,Jogging,1434662212000,-2.75,0.42,-1.525479
335978,35,Jogging,1434712230000,2.15,7.08,2.0294318
335979,35,Jogging,1434762218000,-9.3,16.7,4.372132
335980,35,Jogging,1434812297000,14.86,13.95,6.823794400000001
335981,35,Jogging,1434862315000,2.18,12.22,7.1234417
335982,35,Jogging,1434912303000,0.84,2.79,2.0294318
335983,35,Jogging,1434962199000,0.27,-5.63,-1.9204689999999998
335984,35,Jogging,1435012309000,2.56,-4.48,0.040861044
335985,35,Jogging,1435062205000,1.88,16.93,1.9204689999999998
335986,35,Jogging,1435112285000,-5.71,-1.92,0.8036005
335987,35,Jogging,1435162211000,10.42,19.38,3.5957718
335988,35,Jogging,1435212291000,7.55,7.55,2.2201166000000003
335989,35,Jogging,1435262248000,-1.27,6.74,5.7886477
335990,35,Jogging,1435312266000,4.71,2.3,-2.4108016
335991,35,Jogging,1435362254000,-1.18,-3.02,-0.10896278
335992,35,Jogging,1435412273000,-1.12,5.63,-2.6832085
335993,35,Jogging,1435462230000,-9.43,19.57,3.1054392
335994,35,Jogging,1435512279000,8.85,15.66,7.6273947
335995,35,Jogging,1435562266000,9.15,15.24,5.829509
335996,35,Jogging,1435612285000,0.23,5.28,0.7218784
335997,35,Jogging,1435662212000,-3.49,-12.64,-3.7864565999999997
335998,35,Jogging,1435712230000,7.12,0.93,1.7297841
335999,35,Jogging,1435762218000,-2.75,14.94,6.4424243
336000,35,Jogging,1435812297000,-2.07,1.5,-0.29964766
336001,35,Jogging,1435862254000,5.94,17.27,3.1054392
336002,35,Jogging,1435912303000,8.2,13.4,4.2495484
336003,35,Jogging,1435962199000,4.48,9.89,5.5571017
336004,35,Jogging,1436012279000,2.83,2.98,-0.7218784
336005,35,Jogging,1436062205000,0.76,0.76,-3.2961242
336006,35,Jogging,1436112315000,-4.67,-0.42,-3.214402
336007,35,Jogging,1436162212000,-1.42,14.63,5.325556
336008,35,Jogging,1436212260000,-1.95,17.05,5.366417
336009,35,Jogging,1436262248000,14.82,17.82,7.586533500000001
336010,35,Jogging,1436312297000,-2.26,10.19,5.09401
336011,35,Jogging,1436362254000,-0.46,-4.29,-2.9556155
336012,35,Jogging,1436412273000,-2.72,-9.47,-2.3699405
336013,35,Jogging,1436462199000,8.35,9.38,3.9499009
336014,35,Jogging,1436512279000,-3.72,15.85,3.1463002999999996
336015,35,Jogging,1436562236000,-1.31,1.27,0.14982383
336016,35,Jogging,1436612315000,12.83,18.96,2.2201166000000003
336017,35,Jogging,1436662212000,5.98,11.69,4.3993720000000005
336018,35,Jogging,1436712230000,3.34,4.63,7.055340299999999
336019,35,Jogging,1436762218000,2.98,0.53,-3.173541
336020,35,Jogging,1436812266000,-2.6,-2.6,0.08172209
336021,35,Jogging,1436862254000,1.08,4.63,-3.6366330000000002
336022,35,Jogging,1436912273000,-10.99,19.57,3.1463002999999996
336023,35,Jogging,1436962260000,6.93,13.48,5.7477865
336024,35,Jogging,1437012279000,11.6,18.01,6.238119
336025,35,Jogging,1437062205000,-0.11,6.21,4.099725
336026,35,Jogging,1437112315000,-1.08,-6.93,-2.4516625
336027,35,Jogging,1437162303000,-2.87,-5.2,0.313268
336028,35,Jogging,1437212291000,7.01,9.19,5.666064700000001
336029,35,Jogging,1437262218000,-3.02,13.87,-1.0760075
336030,35,Jogging,1437312266000,4.67,-0.3,-0.040861044
336031,35,Jogging,1437362254000,8.54,18.09,4.099725
336032,35,Jogging,1437412303000,7.97,7.27,2.3426998
336033,35,Jogging,1437462199000,1.31,2.96,1.6889231
336034,35,Jogging,1437512279000,-0.5,3.26,-2.1383946
336035,35,Jogging,1437562205000,-2.3,-1.61,-2.2609777
336036,35,Jogging,1437612285000,2.15,9.38,4.440233
336037,35,Jogging,1437662212000,-13.4,16.51,1.9477096999999999
336038,35,Jogging,1437712230000,17.47,11.99,7.205164
336039,35,Jogging,1437762218000,4.67,13.29,5.5162406
336040,35,Jogging,1437812266000,-2.03,0.46,1.4165162
336041,35,Jogging,1437862224000,1.23,-13.57,-4.5900574
336042,35,Jogging,1437912273000,1.08,0.42,-0.50395286
336043,35,Jogging,1437962199000,2.83,17.39,3.4459480000000005
336044,35,Jogging,1438012309000,-0.23,0.11,1.0351465
336045,35,Jogging,1438062205000,9.85,19.15,2.8738932999999998
336046,35,Jogging,1438112315000,7.06,11.22,2.2609777
336047,35,Jogging,1438162211000,1.92,7.12,6.5105260000000005
336048,35,Jogging,1438212321000,3.53,0.95,-1.9477096999999999
336049,35,Jogging,1438262218000,0.04,-0.84,-0.9942854
336050,35,Jogging,1438312297000,-2.41,4.29,-1.1441092
336051,35,Jogging,1438362254000,-4.4,19.53,0.95342433
336052,35,Jogging,1438412303000,7.25,17.77,8.471855999999999
336053,35,Jogging,1438462199000,10.0,14.82,6.238119
336054,35,Jogging,1438512279000,2.22,6.13,2.4925237
336055,35,Jogging,1438562297000,-5.01,-10.34,-3.2961242
336056,35,Jogging,1438612407000,0.89,-2.96,1.3756552
336057,35,Jogging,1438662273000,1.61,15.79,3.5685309999999997
336058,35,Jogging,1438712321000,2.83,-6.97,1.7978859
336059,35,Jogging,1438772258000,3.41,18.39,2.070293
336060,35,Jogging,1438822215000,13.06,10.57,3.2552630000000002
336061,35,Jogging,1438872233000,0.95,10.42,6.238119
336062,35,Jogging,1438922252000,1.08,1.54,-4.018002500000001
336063,35,Jogging,1438972240000,-2.03,-0.72,-0.38136974
336064,35,Jogging,1439022197000,-3.83,0.65,-4.1814466
336065,35,Jogging,1439072246000,2.79,13.87,6.633109599999999
336066,35,Jogging,1439122233000,-3.26,14.94,4.5628166
336067,35,Jogging,1439172282000,18.12,15.7,6.469665
336068,35,Jogging,1439222209000,1.33,7.86,3.1463002999999996
336070,35,Jogging,1439222209000,1.33,7.86,3.1463002999999996
336069,35,Jogging,1439222209000,1.33,7.86,3.1463002999999996
336071,35,Jogging,1439372203000,5.43,9.08,6.238119
336072,35,Jogging,1439422374000,-1.33,8.01,-2.1792557
336073,35,Jogging,1439472240000,3.91,9.89,1.6480621
336074,35,Jogging,1439522258000,10.31,17.27,4.1814466
336075,35,Jogging,1439572215000,4.25,9.58,2.9147543999999996
336076,35,Jogging,1439622264000,2.41,4.71,3.9090397000000006
336077,35,Jogging,1439672252000,2.72,0.57,-4.440233
336078,35,Jogging,1439722240000,-6.43,-1.18,-0.3405087
336079,35,Jogging,1439772227000,2.83,8.58,-1.56634
336080,35,Jogging,1439822246000,-13.57,18.85,2.982856
336081,35,Jogging,1439872233000,15.66,10.57,6.742072
336082,35,Jogging,1439922282000,7.46,12.79,5.284695
336083,35,Jogging,1439972209000,-3.34,-0.5,0.61291564
336084,35,Jogging,1440022227000,-2.49,-14.67,-5.8567495
336085,35,Jogging,1440072246000,3.49,5.48,1.1168685
336086,35,Jogging,1440122233000,1.88,18.96,6.238119
336087,35,Jogging,1440172221000,-0.15,-4.63,-1.1849703
336088,35,Jogging,1440222270000,4.48,19.38,3.336985
336089,35,Jogging,1440272258000,10.15,7.63,1.6480621
336090,35,Jogging,1440322276000,2.37,5.52,5.666064700000001
336091,35,Jogging,1440372203000,0.95,3.91,-0.3405087
