,user,label,timestamp,x,y,z
231869,36,Jogging,13443082257000,-11.41,13.95,4.944186
231870,36,Jogging,13443132276000,5.18,8.85,0.6946376999999999
231871,36,Jogging,13443182233000,0.38,5.9,2.6014863999999998
231872,36,Jogging,13443232282000,-4.02,1.08,-0.7627395
231873,36,Jogging,13443282270000,2.41,-0.53,-1.9885708
231874,36,Jogging,13443332288000,-1.33,12.45,-0.88532263
231875,36,Jogging,13443382245000,3.91,19.57,-2.6423476000000004
231876,36,Jogging,13443432294000,-0.84,16.86,5.7886477
231877,36,Jogging,13443482282000,-3.91,15.13,12.53072
231878,36,Jogging,13443532300000,2.98,4.25,1.6480621
231879,36,Jogging,13443582257000,-3.02,-7.21,-6.5922484
231880,36,Jogging,13443632276000,3.6,1.31,1.0351465
231881,36,Jogging,13443692151000,-9.58,9.19,-2.3018389
231882,36,Jogging,13443742109000,-0.15,11.8,7.1234417
231883,36,Jogging,13443742109000,-0.15,11.8,7.1234417
231884,36,Jogging,13443742109000,-0.15,11.8,7.1234417
231888,36,Jogging,13443800183000,-0.72,12.95,-4.8216033
231887,36,Jogging,13443800183000,-0.72,12.95,-4.8216033
231885,36,Jogging,13443800183000,-0.72,12.95,-4.8216033
231886,36,Jogging,13443800183000,-0.72,12.95,-4.8216033
231890,36,Jogging,13444112928000,2.64,2.49,-3.0237172
231891,36,Jogging,13444162885000,-0.5,19.23,0.8036005
231892,36,Jogging,13444212293000,2.64,15.79,0.6946376999999999
231893,36,Jogging,13444262372000,-6.59,17.86,12.108489
231894,36,Jogging,13444312329000,2.56,8.5,6.3198414000000005
231895,36,Jogging,13444362287000,0.8,-5.48,-4.671779
231896,36,Jogging,13444412549000,0.19,-3.15,-3.9771416
231897,36,Jogging,13444462384000,0.27,10.53,6.891896000000001
231898,36,Jogging,13444512281000,-0.65,11.99,-7.8180795
231899,36,Jogging,13444562268000,-2.56,6.02,3.7864565999999997
231900,36,Jogging,13444612348000,-3.87,15.89,-1.6480621
231901,36,Jogging,13444662275000,-6.63,15.66,7.436710000000001
231902,36,Jogging,13444712293000,-8.88,14.14,-1.7570249
231903,36,Jogging,13444762281000,10.34,8.2,7.246025
231904,36,Jogging,13444812299000,-8.43,3.76,-0.6946376999999999
231905,36,Jogging,13444862287000,0.19,0.11,0.3405087
231906,36,Jogging,13444912305000,2.83,4.21,-1.8387468999999996
231907,36,Jogging,13444962262000,-4.71,19.23,-2.1792557
231908,36,Jogging,13445012311000,6.05,19.34,-0.23154591
231909,36,Jogging,13445062268000,-4.48,15.66,13.143635999999999
231910,36,Jogging,13445112714000,-0.57,9.92,5.1348709999999995
231911,36,Jogging,13445162275000,2.56,-6.21,-4.671779
231912,36,Jogging,13445212262000,-1.12,-4.21,-3.1463002999999996
231913,36,Jogging,13445262952000,0.65,10.23,7.2732660000000005
231914,36,Jogging,13445312268000,-3.06,11.07,-8.689782000000001
231915,36,Jogging,13445362317000,0.08,5.67,4.944186
231916,36,Jogging,13445412275000,-3.06,14.48,-3.5276701
231917,36,Jogging,13445462293000,-6.89,15.55,8.19945
231918,36,Jogging,13445512281000,-8.5,12.37,-2.9147543999999996
231919,36,Jogging,13445562299000,11.22,8.77,8.580819
231920,36,Jogging,13445612287000,-11.75,2.45,-0.61291564
231921,36,Jogging,13445662305000,1.88,-0.19,-0.84446156
231922,36,Jogging,13445712262000,0.76,7.82,-2.4925237
231923,36,Jogging,13445762311000,4.82,19.57,-0.8036005
231924,36,Jogging,13445812268000,-1.46,18.31,3.173541
231925,36,Jogging,13445862317000,-5.9,18.24,11.563675
231926,36,Jogging,13445912275000,3.6,5.63,3.7592160000000003
231927,36,Jogging,13445962323000,-1.04,-7.97,-5.366417
231928,36,Jogging,13446012281000,0.04,-3.02,-3.9499009
231929,36,Jogging,13446062299000,-1.42,14.06,7.246025
231930,36,Jogging,13446112287000,5.41,7.55,-9.193735
231931,36,Jogging,13446162305000,-5.43,4.21,3.1054392
231932,36,Jogging,13446212232000,-5.63,15.89,0.6537767
231933,36,Jogging,13446272351000,-9.43,13.57,4.7535014
231934,36,Jogging,13446322278000,1.27,11.84,-0.46309182
231935,36,Jogging,13446372327000,3.45,7.27,6.469665
231936,36,Jogging,13446432264000,-10.11,-0.04,-1.9204689999999998
231937,36,Jogging,13446492231000,5.37,0.23,-2.5606253
231938,36,Jogging,13446542218000,-4.44,17.35,-2.3018389
231939,36,Jogging,13446592267000,7.67,18.58,-1.4982381999999999
231940,36,Jogging,13446642286000,-8.35,18.85,12.026767
231941,36,Jogging,13446692304000,2.83,10.73,7.246025
231942,36,Jogging,13446742231000,3.21,-3.45,-3.9771416
231943,36,Jogging,13446792249000,-4.06,-7.65,-7.927042500000001
231944,36,Jogging,13446842237000,3.53,8.24,7.164303
231945,36,Jogging,13446892316000,-4.52,7.35,-6.0201936
231946,36,Jogging,13446942243000,-3.06,14.1,4.862464
231947,36,Jogging,13446992261000,2.98,8.35,-6.0882955
231948,36,Jogging,13447042218000,-9.72,17.5,7.504811999999999
231949,36,Jogging,13447092267000,-11.03,14.44,0.92618364
231950,36,Jogging,13447142224000,7.06,9.77,5.1348709999999995
231951,36,Jogging,13447192273000,-6.89,3.91,0.9942854
231952,36,Jogging,13447242200000,-4.02,-0.53,-0.84446156
231953,36,Jogging,13447292340000,3.72,1.38,-3.1463002999999996
231954,36,Jogging,13447342237000,0.19,18.01,1.607201
231955,36,Jogging,13447392316000,3.68,17.92,-1.9477096999999999
231956,36,Jogging,13447442273000,-8.73,18.58,14.410328
231957,36,Jogging,13447492292000,3.11,8.39,4.3993720000000005
231958,36,Jogging,13447542279000,0.76,-7.16,-5.7886477
231959,36,Jogging,13447592267000,-0.5,-4.94,-3.9499009
231960,36,Jogging,13447642286000,1.57,12.49,7.7363577
231961,36,Jogging,13447692273000,0.08,2.96,-10.923519
231962,36,Jogging,13447742231000,-4.75,12.07,4.8216033
231963,36,Jogging,13447792279000,-0.27,10.46,-2.1792557
231964,36,Jogging,13447842237000,-10.08,18.01,7.3958488
231965,36,Jogging,13447892316000,-5.13,12.98,-1.7978859
231966,36,Jogging,13447942243000,7.21,7.27,7.586533500000001
231967,36,Jogging,13447992261000,-7.35,4.02,0.92618364
231968,36,Jogging,13448042249000,-4.48,-3.57,-1.607201
231969,36,Jogging,13448092298000,5.28,3.95,-4.7943625
231970,36,Jogging,13448142255000,2.22,19.57,-1.1168685
231971,36,Jogging,13448192273000,1.54,19.27,-0.08172209
231972,36,Jogging,13448242200000,-10.15,17.47,11.032481
231973,36,Jogging,13448292310000,4.94,5.63,1.9204689999999998
231974,36,Jogging,13448342206000,1.23,-8.77,-7.246025
231975,36,Jogging,13448392316000,1.46,-3.98,-3.6366330000000002
231976,36,Jogging,13448442212000,-4.25,16.04,10.079058
231977,36,Jogging,13448492261000,3.11,13.14,-6.170017700000001
231978,36,Jogging,13448542218000,-3.41,7.7,-1.9885708
231979,36,Jogging,13448592267000,-3.02,17.27,-0.0
231980,36,Jogging,13448642286000,-9.58,15.24,2.3426998
231981,36,Jogging,13448692304000,4.14,10.88,3.2961242
231982,36,Jogging,13448742200000,-3.64,5.98,4.099725
231983,36,Jogging,13448792249000,-8.2,-0.34,-1.1849703
231984,36,Jogging,13448842237000,3.6,0.46,-4.4810944
231985,36,Jogging,13448892316000,3.95,18.12,1.1441092
231986,36,Jogging,13448942273000,5.71,18.85,-3.8273177000000005
231987,36,Jogging,13448992292000,-11.41,17.31,10.378705
231988,36,Jogging,13449050367000,1.57,7.12,3.990762
231989,36,Jogging,13449102338000,0.19,-8.01,4.862464
231990,36,Jogging,13449202161000,-3.45,13.14,4.862464
231991,36,Jogging,13449202161000,-3.45,13.14,4.862464
231992,36,Jogging,13449252271000,-2.56,14.75,0.46309182
231993,36,Jogging,13449252271000,-2.56,14.75,0.46309182
231994,36,Jogging,13449352277000,-4.48,18.73,2.3018389
231995,36,Jogging,13449402295000,-9.15,11.96,0.50395286
231996,36,Jogging,13449402295000,-9.15,11.96,0.50395286
231997,36,Jogging,13449462293000,9.15,9.53,7.7772183
231998,36,Jogging,13449512281000,-10.84,3.3,0.5720546
231999,36,Jogging,13449562299000,-0.95,0.38,-0.9942854
232000,36,Jogging,13449612287000,-1.65,10.46,-6.2789803
232001,36,Jogging,13449662305000,13.8,19.53,-1.56634
232002,36,Jogging,13449712262000,-6.89,19.0,6.9327570000000005
232003,36,Jogging,13449762311000,-2.87,14.67,9.575105
232004,36,Jogging,13449812268000,2.91,-0.04,-0.19068487
232005,36,Jogging,13449884961000,0.27,-7.82,-6.851035
232006,36,Jogging,13449884961000,0.27,-7.82,-6.851035
232010,36,Jogging,13450152173000,-11.54,13.76,-1.7297841
232011,36,Jogging,13450202161000,11.54,10.15,8.281172
232012,36,Jogging,13450252362000,-9.89,4.14,-0.53119355
232013,36,Jogging,13450252362000,-9.89,4.14,-0.53119355
232014,36,Jogging,13450352369000,-1.95,9.23,-4.3993720000000005
232015,36,Jogging,13450402356000,11.03,19.57,-2.6832085
232016,36,Jogging,13450452283000,-5.63,14.67,4.2086873
232017,36,Jogging,13450502240000,-3.72,17.54,13.102775
232018,36,Jogging,13450552289000,4.25,3.34,-0.84446156
232019,36,Jogging,13450602246000,-4.56,-10.34,-9.152874
232020,36,Jogging,13450652326000,3.91,2.6,3.0645783
232021,36,Jogging,13450702253000,-2.91,12.49,0.5720546
232022,36,Jogging,13450752271000,-1.27,14.6,-3.5685309999999997
232023,36,Jogging,13450802228000,-0.65,9.19,-2.7513103
232024,36,Jogging,13450852277000,-3.95,17.62,5.8976107
232025,36,Jogging,13450902234000,-13.48,13.21,0.50395286
232026,36,Jogging,13450952283000,10.08,9.34,3.7592160000000003
232027,36,Jogging,13451002271000,-5.33,5.41,2.3699405
232028,36,Jogging,13451052259000,-5.56,0.61,0.23154591
232029,36,Jogging,13451102246000,1.92,2.91,-6.469665
232030,36,Jogging,13451152295000,3.91,19.5,-0.7218784
232031,36,Jogging,13451202253000,3.68,19.08,-3.0237172
232032,36,Jogging,13451202253000,3.68,19.08,-3.0237172
232033,36,Jogging,13451312268000,4.71,3.17,-2.3018389
232034,36,Jogging,13451312268000,4.71,3.17,-2.3018389
232035,36,Jogging,13451412305000,2.22,-2.91,-1.2258313
232036,36,Jogging,13451462323000,-2.64,17.86,9.466142
232037,36,Jogging,13451462323000,-2.64,17.86,9.466142
232039,36,Jogging,13451572217000,-0.42,12.6,-2.9147543999999996
232038,36,Jogging,13451572217000,-0.42,12.6,-2.9147543999999996
232040,36,Jogging,13451672223000,-13.29,15.66,-0.5720546
232041,36,Jogging,13451672223000,-13.29,15.66,-0.5720546
232042,36,Jogging,13451772199000,-4.14,4.71,0.42223078
232043,36,Jogging,13451772199000,-4.14,4.71,0.42223078
232044,36,Jogging,13451872266000,1.69,0.89,-2.8738932999999998
232045,36,Jogging,13451872266000,1.69,0.89,-2.8738932999999998
232046,36,Jogging,13451922254000,-1.46,16.89,1.0351465
232047,36,Jogging,13452022229000,-5.75,12.87,13.211738
232048,36,Jogging,13452072248000,0.93,11.56,7.082580999999999
232049,36,Jogging,13452122235000,1.88,-6.59,-6.238119
232050,36,Jogging,13452122235000,1.88,-6.59,-6.238119
232052,36,Jogging,13452222150000,3.53,11.73,8.894086999999999
232051,36,Jogging,13452222150000,3.53,11.73,8.894086999999999
232053,36,Jogging,13452322187000,-3.68,10.61,5.8567495
232054,36,Jogging,13452322187000,-3.68,10.61,5.8567495
232055,36,Jogging,13452422284000,-8.27,18.66,9.193735
232056,36,Jogging,13452422284000,-8.27,18.66,9.193735
232057,36,Jogging,13452482282000,-9.28,8.05,-1.334794
232058,36,Jogging,13452542279000,6.55,7.89,5.2165932999999995
232059,36,Jogging,13452592206000,-5.98,2.03,-0.46309182
232060,36,Jogging,13452642316000,-0.19,-2.72,-3.4459480000000005
232061,36,Jogging,13452692212000,1.5,11.84,0.19068487
232062,36,Jogging,13452742292000,5.05,19.57,-3.7864565999999997
232063,36,Jogging,13452792249000,-3.95,16.7,6.3198414000000005
232064,36,Jogging,13452842298000,-2.64,13.02,13.0619135
232065,36,Jogging,13452892255000,1.57,2.53,0.313268
232066,36,Jogging,13452942304000,-3.3,-8.92,-6.851035
232067,36,Jogging,13452992231000,4.29,2.37,3.1054392
232068,36,Jogging,13453042310000,-4.4,11.37,0.040861044
232069,36,Jogging,13453092237000,0.19,13.63,3.2552630000000002
232070,36,Jogging,13453142286000,1.18,8.08,-3.9771416
232071,36,Jogging,13453192243000,-7.78,19.38,2.8738932999999998
232072,36,Jogging,13453242292000,-6.17,11.6,1.7978859
