,user,label,timestamp,x,y,z
232279,36,Jogging,13463622327000,5.01,0.08,-1.607201
232280,36,Jogging,13463682264000,-5.71,17.47,-1.2666923
232281,36,Jogging,13463732251000,8.39,18.24,-1.7978859
232282,36,Jogging,13463782270000,-7.82,18.05,11.304889
232283,36,Jogging,13463832318000,2.11,9.81,5.8567495
232284,36,Jogging,13463882276000,2.79,-4.29,-4.7535014
232285,36,Jogging,13463932233000,-1.65,-7.78,-4.671779
232286,36,Jogging,13463982282000,0.99,9.62,7.7363577
232287,36,Jogging,13464032209000,-2.75,7.89,-7.3958488
232288,36,Jogging,13464082257000,0.27,10.34,7.3549875999999985
232289,36,Jogging,13464132245000,-0.91,11.6,-5.202973
232290,36,Jogging,13464182233000,-7.97,17.92,9.302697
232291,36,Jogging,13464232282000,-9.08,13.57,-1.607201
232292,36,Jogging,13464282270000,7.5,7.78,4.944186
232293,36,Jogging,13464332288000,-4.02,6.7,0.92618364
232294,36,Jogging,13464382215000,-4.63,0.99,0.14982383
232295,36,Jogging,13464432233000,1.04,-0.19,-3.3642258999999997
232296,36,Jogging,13464482251000,-1.23,18.09,-1.1168685
232297,36,Jogging,13464532239000,6.21,18.85,-1.0351465
232298,36,Jogging,13464582288000,-8.35,18.35,9.956474
232299,36,Jogging,13464632276000,0.57,11.5,5.366417
232300,36,Jogging,13464682264000,4.56,-3.87,-4.099725
232301,36,Jogging,13464732282000,-0.89,-7.78,-6.2789803
232302,36,Jogging,13464782270000,-0.15,11.45,9.724928
232303,36,Jogging,13464832257000,-2.03,3.91,-10.147159
232304,36,Jogging,13464882276000,-3.83,12.95,5.597963
232305,36,Jogging,13464932233000,-0.69,11.45,-4.5219555
232306,36,Jogging,13464982251000,-6.09,17.35,8.812365
232307,36,Jogging,13465032239000,-8.69,12.87,-0.42223078
232308,36,Jogging,13465082257000,7.27,8.85,6.469665
232309,36,Jogging,13465132306000,-7.35,4.67,0.6946376999999999
232310,36,Jogging,13465182233000,0.04,-0.69,-0.29964766
232311,36,Jogging,13465232282000,1.8,2.6,-2.4108016
232312,36,Jogging,13465282239000,0.31,19.27,-0.5720546
232313,36,Jogging,13465332257000,1.88,15.05,2.2609777
232314,36,Jogging,13465382276000,-6.97,19.11,13.402422
232315,36,Jogging,13465432264000,4.52,7.78,2.6423476000000004
232316,36,Jogging,13465482282000,-1.88,-6.82,-6.2108784
232317,36,Jogging,13465532270000,0.57,-2.64,-1.9477096999999999
232318,36,Jogging,13465582257000,0.99,11.96,6.4424243
232319,36,Jogging,13465632276000,-0.95,7.12,-8.19945
232320,36,Jogging,13465682264000,-3.49,12.41,6.0474343
232321,36,Jogging,13465732282000,-2.6,13.44,-1.0760075
232322,36,Jogging,13465782239000,-10.99,17.31,8.117727
232323,36,Jogging,13465832257000,-2.14,11.26,-2.9147543999999996
232324,36,Jogging,13465882245000,8.35,9.51,6.1291566
232325,36,Jogging,13465932233000,-7.46,2.26,-0.10896278
232326,36,Jogging,13465982221000,-1.65,-3.41,-1.6889231
232327,36,Jogging,13466032300000,-1.12,12.72,-2.0294318
232328,36,Jogging,13466082257000,8.05,19.23,-3.3642258999999997
232329,36,Jogging,13466132276000,-5.9,18.81,9.615966
232330,36,Jogging,13466182264000,-1.73,13.06,10.147159
232331,36,Jogging,13466232282000,4.48,0.15,-2.982856
232332,36,Jogging,13466282270000,-2.72,-9.19,-8.880466
232333,36,Jogging,13466332288000,2.56,5.79,4.290409599999999
232334,36,Jogging,13466382276000,-4.37,5.6,-2.4516625
232335,36,Jogging,13466432264000,-3.06,16.28,3.8681788
232336,36,Jogging,13466482251000,-0.76,7.78,-1.56634
232337,36,Jogging,13466532270000,-6.28,19.15,7.7772183
232338,36,Jogging,13466582318000,-13.63,12.72,-0.42223078
232339,36,Jogging,13466632276000,11.11,10.12,3.9499009
232340,36,Jogging,13466682264000,-4.1,3.87,0.88532263
232341,36,Jogging,13466732282000,-5.71,-1.31,-0.14982383
232342,36,Jogging,13466782239000,1.08,1.33,-3.4459480000000005
232343,36,Jogging,13466832288000,-2.41,18.47,-1.9204689999999998
232344,36,Jogging,13466882245000,10.31,19.5,-2.4516625
232345,36,Jogging,13466932264000,-8.96,16.13,12.258313000000001
232346,36,Jogging,13466982251000,0.42,9.81,6.701211
232347,36,Jogging,13467032270000,3.17,-3.41,-4.018002500000001
232348,36,Jogging,13467082257000,-4.79,-8.01,-5.9793324
232349,36,Jogging,13467132245000,3.49,10.15,10.269741999999999
232350,36,Jogging,13467182233000,-4.71,1.65,-11.372991
232351,36,Jogging,13467232282000,-3.34,9.0,7.205164
232352,36,Jogging,13467282270000,0.61,10.61,-2.6423476000000004
232353,36,Jogging,13467332257000,-8.31,18.2,8.962189
232354,36,Jogging,13467382245000,-3.17,6.51,-3.214402
232355,36,Jogging,13467432264000,7.63,9.66,7.082580999999999
232356,36,Jogging,13467482282000,-10.04,5.33,2.6832085
232357,36,Jogging,13467532300000,-4.33,-3.79,-2.6832085
232358,36,Jogging,13467582257000,3.06,6.55,-4.7535014
232359,36,Jogging,13467632276000,6.97,19.57,-0.95342433
232360,36,Jogging,13467692334000,-3.26,17.47,5.47538
232361,36,Jogging,13467742505000,-5.18,15.36,10.228881
232362,36,Jogging,13467792371000,5.37,0.5,-3.1463002999999996
232363,36,Jogging,13467842267000,-1.92,-8.47,-7.7772183
232364,36,Jogging,13467902234000,4.67,7.67,4.630918
232365,36,Jogging,13467952253000,-5.79,7.35,-6.428804
232366,36,Jogging,13468002271000,-5.33,14.33,4.630918
232367,36,Jogging,13468052228000,0.65,9.7,-2.7240696
232368,36,Jogging,13468102307000,-8.92,17.92,7.6273947
232369,36,Jogging,13468152204000,-7.86,13.72,-2.7240696
232370,36,Jogging,13468202283000,7.67,9.62,9.275456
232371,36,Jogging,13468252271000,-6.82,0.69,-0.88532263
232372,36,Jogging,13468302289000,-3.45,-2.3,-2.8330324
232373,36,Jogging,13468352246000,4.21,5.05,-3.1463002999999996
232374,36,Jogging,13468402295000,5.71,19.57,0.10896278
232375,36,Jogging,13468452344000,-3.21,13.21,3.990762
232376,36,Jogging,13468502301000,-6.28,18.77,13.525004999999998
232377,36,Jogging,13468552198000,4.86,3.53,-0.14982383
232378,36,Jogging,13468602216000,-2.75,-8.39,-6.782933
232379,36,Jogging,13468602216000,-2.75,-8.39,-6.782933
232380,36,Jogging,13468652326000,2.49,-1.27,0.08172209
232381,36,Jogging,13468652326000,2.49,-1.27,0.08172209
232384,36,Jogging,13468882947000,-10.57,18.81,6.973617999999999
232385,36,Jogging,13468882947000,-10.57,18.81,6.973617999999999
232386,36,Jogging,13468882947000,-10.57,18.81,6.973617999999999
232387,36,Jogging,13468882947000,-10.57,18.81,6.973617999999999
232389,36,Jogging,13469143567000,1.23,8.96,-1.8796080000000002
232390,36,Jogging,13469143567000,1.23,8.96,-1.8796080000000002
232391,36,Jogging,13469242139000,-3.95,15.64,6.701211
232392,36,Jogging,13469242139000,-3.95,15.64,6.701211
232393,36,Jogging,13469342206000,5.71,2.98,-0.95342433
232394,36,Jogging,13469392316000,0.23,-10.08,-8.880466
232395,36,Jogging,13469442243000,-1.33,0.15,0.19068487
232396,36,Jogging,13469492231000,-4.59,14.18,7.7772183
232397,36,Jogging,13469542218000,1.65,13.38,-0.23154591
232398,36,Jogging,13469592267000,1.08,5.41,-3.9090397000000006
232399,36,Jogging,13469642255000,-7.4,18.5,3.336985
232400,36,Jogging,13469692304000,-8.88,11.5,1.8796080000000002
232401,36,Jogging,13469742231000,4.79,10.95,2.7240696
232402,36,Jogging,13469792279000,-3.36,7.01,3.2961242
232403,36,Jogging,13469842298000,-6.21,0.46,-0.88532263
232404,36,Jogging,13469892286000,4.18,-0.5,-1.2666923
232405,36,Jogging,13469942243000,-5.52,15.21,-5.243834
232406,36,Jogging,13469992261000,10.84,19.15,0.10896278
232407,36,Jogging,13470042279000,-8.31,18.73,7.3549875999999985
232408,36,Jogging,13470092267000,-0.27,12.26,9.80665
232409,36,Jogging,13470142255000,5.09,-0.53,-4.3312707
232410,36,Jogging,13470192304000,-5.09,-7.59,-3.7592160000000003
232411,36,Jogging,13470242231000,4.56,4.1,2.070293
232412,36,Jogging,13470292279000,-2.98,13.76,-1.9477096999999999
232413,36,Jogging,13470342237000,-6.51,8.77,-0.88532263
232414,36,Jogging,13470392286000,0.72,13.14,0.61291564
232415,36,Jogging,13470442273000,-8.96,17.54,6.238119
232416,36,Jogging,13470492292000,-4.99,9.28,-2.7921712000000003
232417,36,Jogging,13470542249000,9.19,10.38,7.9679036
232418,36,Jogging,13470592267000,-8.2,2.11,1.0351465
232419,36,Jogging,13470642224000,-2.68,-2.79,-0.9942854
232420,36,Jogging,13470692273000,-0.89,10.15,-3.336985
232421,36,Jogging,13470742231000,10.19,19.57,-2.4516625
232422,36,Jogging,13470792279000,-5.24,15.64,7.5456724
232423,36,Jogging,13470842237000,-4.79,15.05,11.75436
232424,36,Jogging,13470892286000,5.13,1.92,-2.4516625
232425,36,Jogging,13470942212000,-2.79,-9.53,-7.8589406
232426,36,Jogging,13470992261000,2.37,3.38,2.982856
232427,36,Jogging,13471042249000,-5.75,8.62,0.84446156
232428,36,Jogging,13471092267000,0.89,15.7,0.6537767
232429,36,Jogging,13471142316000,1.61,7.01,-1.3075534
232430,36,Jogging,13471192304000,-7.93,19.11,4.372132
232431,36,Jogging,13471242109000,-9.77,9.43,-0.10896278
232432,36,Jogging,13471292249000,7.46,10.69,2.1792557
232433,36,Jogging,13471342206000,-1.69,7.06,5.366417
232434,36,Jogging,13471392408000,-9.81,-1.23,-1.7570249
232435,36,Jogging,13471452253000,4.21,2.22,-4.4810944
232436,36,Jogging,13471452253000,4.21,2.22,-4.4810944
232437,36,Jogging,13471512311000,6.05,19.57,-0.50395286
232438,36,Jogging,13471562268000,-1.84,18.43,2.9556155
232439,36,Jogging,13471612317000,-8.24,17.97,12.340035
232440,36,Jogging,13471662275000,6.02,4.82,-0.88532263
232441,36,Jogging,13471712293000,-0.5,-9.43,-8.349273
232442,36,Jogging,13471762281000,1.27,-1.8,-0.88532263
232443,36,Jogging,13471812299000,-3.68,14.9,6.2789803
232444,36,Jogging,13471862287000,4.25,9.38,-5.597963
232445,36,Jogging,13471912305000,-4.86,7.4,0.61291564
232446,36,Jogging,13471962262000,-4.67,16.47,1.9204689999999998
232447,36,Jogging,13472012311000,-10.72,14.48,2.4516625
232448,36,Jogging,13472062268000,3.3,11.37,0.14982383
232449,36,Jogging,13472112317000,1.04,8.47,5.706926
232450,36,Jogging,13472162275000,-7.46,0.46,-1.3075534
232451,36,Jogging,13472212293000,2.03,-2.56,-3.173541
232452,36,Jogging,13472262281000,-2.49,14.63,1.6480621
232453,36,Jogging,13472312299000,6.51,19.0,-3.6774937999999993
232454,36,Jogging,13472362287000,-7.74,13.67,11.604536
232455,36,Jogging,13472412305000,1.99,12.72,8.049625
232456,36,Jogging,13472462262000,5.67,-1.73,-3.1054392
232457,36,Jogging,13472512311000,-4.48,-8.54,-6.2789803
232458,36,Jogging,13472562268000,2.53,9.19,6.2789803
232459,36,Jogging,13472612317000,-2.75,5.05,-6.170017700000001
232460,36,Jogging,13472662275000,-3.64,13.25,4.7535014
232461,36,Jogging,13472712262000,-0.69,10.57,-1.9477096999999999
232462,36,Jogging,13472762281000,-10.0,18.73,6.66035
232463,36,Jogging,13472812299000,-7.27,11.37,-1.9204689999999998
232464,36,Jogging,13472862287000,10.61,11.14,6.469665
232465,36,Jogging,13472912305000,-7.93,3.26,2.3018389
232466,36,Jogging,13472962262000,-6.02,-3.34,-1.9885708
232467,36,Jogging,13473012281000,5.13,3.87,-2.6423476000000004
232468,36,Jogging,13473062238000,0.89,19.57,-0.95342433
232469,36,Jogging,13473112317000,0.53,15.09,2.1111538
232470,36,Jogging,13473162275000,-9.04,18.7,13.484144
232471,36,Jogging,13473212293000,5.18,4.67,0.53119355
232472,36,Jogging,13473262281000,-0.27,-8.05,-7.246025
232473,36,Jogging,13473312299000,0.34,-3.57,-1.9477096999999999
232474,36,Jogging,13473362317000,-1.12,15.79,7.6273947
232475,36,Jogging,13473412305000,3.87,6.13,-9.043911
232476,36,Jogging,13473462262000,-6.43,5.9,2.3699405
232477,36,Jogging,13473512281000,-4.25,15.32,-1.607201
232478,36,Jogging,13473562268000,-8.62,15.64,5.7477865
232479,36,Jogging,13473612317000,0.15,13.25,-0.95342433
232480,36,Jogging,13473662275000,4.6,7.97,7.4639505999999995
232481,36,Jogging,13473712262000,-11.26,1.73,-0.61291564
