,user,label,timestamp,x,y,z
233701,36,Jogging,13535022290000,-6.43,3.95,1.8796080000000002
233702,36,Jogging,13535072217000,-0.72,0.99,0.313268
233703,36,Jogging,13535122327000,-2.96,7.5,-4.140586
233704,36,Jogging,13535172254000,1.33,19.57,2.0294318
233705,36,Jogging,13535222303000,-8.12,13.67,4.903325
233706,36,Jogging,13535272260000,-7.78,15.36,10.882658000000001
233707,36,Jogging,13535322309000,4.33,6.02,1.6889231
233708,36,Jogging,13535372205000,-1.18,-6.74,-5.5162406
233709,36,Jogging,13535422345000,0.46,-0.08,1.4573771999999998
233710,36,Jogging,13535472242000,-3.53,10.42,3.5685309999999997
233711,36,Jogging,13535522290000,-4.44,13.67,0.08172209
233712,36,Jogging,13535572217000,-4.06,8.96,-0.23154591
233713,36,Jogging,13535572217000,-4.06,8.96,-0.23154591
233714,36,Jogging,13535672132000,-10.95,11.54,3.4868089999999996
233715,36,Jogging,13535722211000,-3.36,7.44,0.040861044
233716,36,Jogging,13535772443000,3.79,8.89,5.829509
233717,36,Jogging,13535822217000,-8.69,0.76,-0.0
233718,36,Jogging,13535872327000,0.08,2.37,-5.202973
233719,36,Jogging,13535922223000,0.8,18.31,1.56634
233720,36,Jogging,13535972303000,-2.98,18.01,-4.1814466
233721,36,Jogging,13536022229000,-11.84,17.27,10.419566
233722,36,Jogging,13536072309000,1.23,12.3,5.325556
233723,36,Jogging,13536122205000,4.44,-1.04,-3.214402
233724,36,Jogging,13536172284000,-0.99,-8.2,-2.9556155
233725,36,Jogging,13536222242000,0.95,5.13,3.8273177000000005
233726,36,Jogging,13536272229000,-8.58,13.99,-2.6832085
233727,36,Jogging,13536322217000,-2.98,5.22,3.0237172
233728,36,Jogging,13536372296000,-5.52,14.41,0.5720546
233729,36,Jogging,13536422254000,-7.7,11.56,6.3198414000000005
233730,36,Jogging,13536472303000,-9.89,11.5,-2.6423476000000004
233731,36,Jogging,13536522229000,8.92,9.77,6.5922484
233732,36,Jogging,13536572278000,-10.5,0.99,1.8387468999999996
233733,36,Jogging,13536622235000,-3.87,-0.38,-1.56634
233734,36,Jogging,13536672315000,-4.52,11.37,-5.366417
233735,36,Jogging,13536722211000,6.17,19.46,-3.5957718
233736,36,Jogging,13536772290000,-11.54,15.64,5.0531489999999994
233737,36,Jogging,13536822217000,-4.63,14.94,10.419566
233738,36,Jogging,13536872296000,4.6,5.28,-1.7978859
233739,36,Jogging,13536932264000,-2.49,-9.62,-5.5571017
233740,36,Jogging,13536982282000,2.68,3.64,5.243834
233741,36,Jogging,13537032331000,-6.74,7.12,-1.2258313
233742,36,Jogging,13537082257000,-5.98,11.88,5.7886477
233743,36,Jogging,13537132276000,-2.79,9.85,-2.8738932999999998
233744,36,Jogging,13537182233000,-10.19,16.28,6.9327570000000005
233745,36,Jogging,13537232312000,-9.11,8.66,1.4573771999999998
233746,36,Jogging,13537282300000,0.19,10.04,3.5685309999999997
233747,36,Jogging,13537332318000,-3.98,4.52,4.4810944
233748,36,Jogging,13537382276000,-2.11,-0.57,-2.1111538
233749,36,Jogging,13537432294000,1.23,4.56,-2.7513103
233750,36,Jogging,13537482251000,-4.52,18.85,1.4982381999999999
233751,36,Jogging,13537532270000,-1.42,17.77,-0.7218784
233752,36,Jogging,13537582288000,-8.08,13.44,13.021052000000001
233753,36,Jogging,13537632306000,1.33,8.08,3.173541
233754,36,Jogging,13537682233000,-3.3,-8.01,-4.440233
233755,36,Jogging,13537732282000,5.6,1.23,1.3075534
233756,36,Jogging,13537732282000,5.6,1.23,1.3075534
233757,36,Jogging,13537732282000,5.6,1.23,1.3075534
233758,36,Jogging,13537732282000,5.6,1.23,1.3075534
233763,36,Jogging,13538152112000,-1.8,-0.04,-1.525479
233764,36,Jogging,13538203321000,-0.08,3.87,-2.6832085
233766,36,Jogging,13538252301000,-2.41,19.46,-0.29964766
233765,36,Jogging,13538252301000,-2.41,19.46,-0.29964766
233767,36,Jogging,13538352277000,-12.37,15.98,11.454713
233768,36,Jogging,13538402326000,4.44,7.01,4.7126402999999994
233769,36,Jogging,13538402326000,4.44,7.01,4.7126402999999994
233770,36,Jogging,13538462262000,-2.3,-5.9,-4.0588636
233771,36,Jogging,13538522290000,3.02,2.22,2.4516625
233772,36,Jogging,13538572278000,-3.34,4.63,0.61291564
233773,36,Jogging,13538622297000,-8.31,14.75,2.5333846
233774,36,Jogging,13538672284000,0.11,4.6,-0.9125633
233775,36,Jogging,13538722303000,-9.43,18.01,3.5685309999999997
233776,36,Jogging,13538772260000,-6.51,8.96,3.9499009
233777,36,Jogging,13538822309000,-5.98,11.6,0.5720546
233778,36,Jogging,13538872266000,5.24,7.74,6.3198414000000005
233779,36,Jogging,13538922284000,-8.96,1.88,-0.53119355
233780,36,Jogging,13538972272000,-0.53,0.5,1.0760075
233781,36,Jogging,13539022290000,-9.0,10.69,-5.09401
233782,36,Jogging,13539072278000,6.17,18.5,-3.173541
233783,36,Jogging,13539122297000,-10.19,14.98,4.9850473
233784,36,Jogging,13539172284000,-4.52,16.82,8.812365
233785,36,Jogging,13539222272000,5.43,4.14,-0.040861044
233786,36,Jogging,13539272290000,-2.68,-7.65,-5.175732
233787,36,Jogging,13539322309000,3.6,0.65,3.173541
233788,36,Jogging,13539372235000,-4.63,10.92,3.7592160000000003
233789,36,Jogging,13539423352000,-6.32,10.27,1.3756552
233790,36,Jogging,13539423352000,-6.32,10.27,1.3756552
233791,36,Jogging,13539423352000,-6.32,10.27,1.3756552
233792,36,Jogging,13539507184000,-4.94,14.44,-2.2201166000000003
233795,36,Jogging,13539694287000,-6.78,4.86,4.903325
233794,36,Jogging,13539694287000,-6.78,4.86,4.903325
233796,36,Jogging,13539792524000,-5.09,8.96,-6.851035
233797,36,Jogging,13539842267000,4.18,19.53,1.607201
233798,36,Jogging,13539892255000,-5.86,18.66,2.2609777
233799,36,Jogging,13539892255000,-5.86,18.66,2.2609777
233800,36,Jogging,13539942456000,-7.01,14.79,10.651112
233801,36,Jogging,13540003888000,3.26,0.89,0.10896278
233802,36,Jogging,13540062329000,-2.03,-8.01,-2.3699405
233803,36,Jogging,13540112287000,3.83,5.75,4.5628166
233804,36,Jogging,13540162275000,-6.28,14.6,-1.7978859
233805,36,Jogging,13540212262000,-4.56,3.76,-0.3405087
233806,36,Jogging,13540266858000,-3.49,14.63,1.0351465
233807,36,Jogging,13540322309000,-8.66,12.07,5.0531489999999994
233808,36,Jogging,13540372205000,-3.06,7.4,-0.9942854
233809,36,Jogging,13540422315000,-1.53,6.32,6.5105260000000005
233810,36,Jogging,13540472242000,-3.83,-0.89,-0.5720546
233811,36,Jogging,13540522290000,1.31,1.14,-1.7978859
233812,36,Jogging,13540572217000,-7.93,18.05,-1.7978859
233813,36,Jogging,13540622266000,-1.99,17.35,-0.040861044
233814,36,Jogging,13540672284000,-8.47,18.39,11.75436
233815,36,Jogging,13540722303000,3.21,10.42,4.2495484
233816,36,Jogging,13540772229000,1.33,-6.55,-7.246025
233817,36,Jogging,13540822278000,0.11,-6.55,-1.3075534
233818,36,Jogging,13540872235000,-0.69,12.18,5.0531489999999994
233819,36,Jogging,13540922315000,-5.71,14.29,-5.938472
233820,36,Jogging,13540972242000,-3.6,4.56,4.630918
233821,36,Jogging,13541022260000,-7.63,15.47,0.88532263
233822,36,Jogging,13541072248000,-6.93,10.57,7.6273947
233823,36,Jogging,13541122297000,-9.3,12.98,-2.5333846
233824,36,Jogging,13541172437000,8.58,10.08,8.19945
233825,36,Jogging,13541222211000,-12.18,-0.38,-0.95342433
233826,36,Jogging,13541272290000,-0.61,-1.92,-1.7297841
233827,36,Jogging,13541322217000,-4.4,11.6,-3.2552630000000002
233828,36,Jogging,13541372266000,4.29,18.89,-3.4868089999999996
233829,36,Jogging,13541422254000,-11.3,14.21,7.8180795
233830,36,Jogging,13541472303000,-3.15,15.47,9.80665
233831,36,Jogging,13541522199000,6.4,1.99,-1.0760075
233832,36,Jogging,13541572278000,-2.37,-9.34,-4.9850473
233833,36,Jogging,13541622266000,3.15,4.86,2.6014863999999998
233834,36,Jogging,13541672284000,-3.98,7.01,-2.1383946
233835,36,Jogging,13541722272000,-10.27,11.92,2.5606253
233836,36,Jogging,13541774366000,-1.61,8.5,-0.23154591
233837,36,Jogging,13541822217000,-10.34,15.64,6.742072
233838,36,Jogging,13541872327000,-11.14,9.72,-1.4982381999999999
233839,36,Jogging,13541932264000,9.08,9.85,5.407278
233840,36,Jogging,13541992231000,-9.96,0.95,1.4573771999999998
233841,36,Jogging,13542042218000,-2.56,-1.08,-1.7978859
233842,36,Jogging,13542092267000,-3.98,11.84,-2.7240696
233843,36,Jogging,13542142255000,1.84,19.57,-3.1054392
233844,36,Jogging,13542192304000,-7.55,13.53,9.575105
233845,36,Jogging,13542242292000,-4.63,15.64,11.795221000000002
233846,36,Jogging,13542292279000,5.01,2.18,-1.8387468999999996
233847,36,Jogging,13542342206000,-1.92,-9.3,-5.366417
233848,36,Jogging,13542392286000,3.17,3.11,0.7627395
233849,36,Jogging,13542442212000,-6.17,12.11,0.88532263
233850,36,Jogging,13542492261000,-6.63,12.18,1.607201
233851,36,Jogging,13542542218000,-3.72,10.19,0.10896278
233852,36,Jogging,13542592267000,-9.08,16.09,7.3958488
233853,36,Jogging,13542642286000,-11.56,9.51,-0.14982383
233854,36,Jogging,13542692304000,8.01,11.18,5.8976107
233855,36,Jogging,13542742200000,-9.38,0.65,2.2201166000000003
233856,36,Jogging,13542792279000,-4.06,-2.07,-2.4516625
233857,36,Jogging,13542842206000,0.76,5.33,-3.4868089999999996
233858,36,Jogging,13542892255000,-0.34,19.57,0.23154591
233859,36,Jogging,13542942212000,-5.75,13.8,2.4516625
233860,36,Jogging,13542942212000,-5.75,13.8,2.4516625
233861,36,Jogging,13543042218000,5.83,8.28,2.4108016
233862,36,Jogging,13543092328000,0.27,-9.23,-6.851035
233863,36,Jogging,13543092328000,0.27,-9.23,-6.851035
233864,36,Jogging,13543152265000,0.0,0.19,0.6946376999999999
233865,36,Jogging,13543203260000,-6.82,14.37,4.7943625
233866,36,Jogging,13543253675000,0.57,13.76,-6.0882955
233867,36,Jogging,13543303174000,-4.79,6.17,-2.0294318
233868,36,Jogging,13543353589000,-8.5,16.74,3.5957718
233869,36,Jogging,13543402234000,-7.21,11.03,4.3312707
233870,36,Jogging,13543453473000,-4.59,9.7,0.53119355
233871,36,Jogging,13543502240000,0.27,7.25,4.5628166
233872,36,Jogging,13543553357000,-7.93,-0.04,0.14982383
233873,36,Jogging,13543602246000,2.79,-0.11,-1.4982381999999999
233874,36,Jogging,13543653455000,-7.27,11.73,-0.46309182
233875,36,Jogging,13543702283000,-0.8,18.73,-0.46309182
233876,36,Jogging,13543753400000,-7.93,14.79,11.34575
233877,36,Jogging,13543802259000,-1.23,14.79,8.962189
233878,36,Jogging,13543853376000,3.21,1.54,-2.1792557
233879,36,Jogging,13543903638000,-1.42,-8.05,-5.47538
233880,36,Jogging,13543953199000,0.42,3.15,2.6423476000000004
233881,36,Jogging,13544003644000,-5.33,11.56,1.7978859
233882,36,Jogging,13544053144000,-4.14,15.79,2.9147543999999996
233883,36,Jogging,13544103559000,-3.41,10.31,0.14982383
233884,36,Jogging,13544152204000,-6.89,15.43,7.3141264999999995
233885,36,Jogging,13544203443000,-14.63,10.73,0.88532263
233886,36,Jogging,13544252271000,2.15,9.15,3.0645783
233887,36,Jogging,13544303388000,3.26,7.93,5.5162406
233888,36,Jogging,13544352277000,-7.82,0.11,-0.7218784
233889,36,Jogging,13544403394000,0.89,-0.72,-3.8681788
233890,36,Jogging,13544453656000,-7.21,15.64,-0.46309182
233891,36,Jogging,13544503247000,2.18,19.57,-3.0237172
233892,36,Jogging,13544553662000,-12.18,15.17,9.507003
233893,36,Jogging,13544603162000,-2.41,12.37,7.504811999999999
233894,36,Jogging,13544653547000,3.41,0.8,-1.607201
233895,36,Jogging,13544702283000,-1.38,-7.25,-3.6366330000000002
233896,36,Jogging,13544753370000,3.45,5.01,2.8738932999999998
233897,36,Jogging,13544812299000,-6.17,4.75,-5.47538
233898,36,Jogging,13544862287000,-6.66,12.11,5.5571017
233899,36,Jogging,13544912275000,-3.57,11.07,1.0760075
233900,36,Jogging,13544962293000,-12.07,15.17,8.62168
233901,36,Jogging,13545012281000,-9.58,8.58,-1.2666923
233902,36,Jogging,13545062299000,6.85,11.41,4.0588636
233903,36,Jogging,13545122297000,-8.35,0.95,0.42223078
233904,36,Jogging,13545172254000,-1.61,-2.34,-2.1111538
233905,36,Jogging,13545222242000,-5.24,8.89,-4.099725
