,user,label,timestamp,x,y,z
237958,36,Jogging,13807792340000,0.23,7.06,2.6014863999999998
237959,36,Jogging,13807842237000,-4.71,14.71,1.1441092
237960,36,Jogging,13807892316000,-5.28,3.02,-2.6832085
237961,36,Jogging,13807942273000,-8.54,17.73,5.012288
237962,36,Jogging,13807992261000,-7.82,8.92,0.88532263
237963,36,Jogging,13808042279000,-4.56,7.86,1.56634
237964,36,Jogging,13808092298000,1.84,7.46,4.7126402999999994
237965,36,Jogging,13808142286000,-4.02,-0.04,-0.10896278
237966,36,Jogging,13808192304000,3.3,2.56,-2.982856
237967,36,Jogging,13808242231000,-4.52,17.08,3.1463002999999996
237968,36,Jogging,13808292310000,-2.03,17.62,-4.0588636
237969,36,Jogging,13808342237000,-13.21,15.55,13.0619135
237970,36,Jogging,13808392316000,1.95,9.28,5.09401
237971,36,Jogging,13808442243000,3.45,-2.68,-4.2086873
237972,36,Jogging,13808492292000,-0.99,-3.41,-1.9204689999999998
237973,36,Jogging,13808542279000,0.04,7.27,5.2165932999999995
237974,36,Jogging,13808592298000,-1.5,12.83,-2.9147543999999996
237975,36,Jogging,13808642255000,-8.27,3.68,-1.6480621
237976,36,Jogging,13808692304000,-7.5,16.63,2.152015
237977,36,Jogging,13808742231000,-6.4,8.66,4.2495484
237978,36,Jogging,13808792310000,-3.95,9.96,-0.42223078
237979,36,Jogging,13808842267000,3.95,7.16,5.8976107
237980,36,Jogging,13808892316000,-6.63,2.03,0.88532263
237981,36,Jogging,13808942273000,3.38,1.57,-0.42223078
237982,36,Jogging,13808992292000,-10.11,15.02,-1.8796080000000002
237983,36,Jogging,13809042279000,5.01,18.81,-2.0294318
237984,36,Jogging,13809092298000,-11.26,16.55,6.2789803
237985,36,Jogging,13809142286000,-4.02,12.6,7.6273947
237986,36,Jogging,13809192304000,5.33,-1.04,-1.607201
237987,36,Jogging,13809242231000,-2.45,-5.24,-3.9771416
237988,36,Jogging,13809292310000,3.45,5.18,3.8681788
237989,36,Jogging,13809342237000,-4.18,13.76,-0.95342433
237990,36,Jogging,13809392316000,-10.46,7.06,0.38136974
237991,36,Jogging,13809442243000,-1.99,13.33,1.334794
237992,36,Jogging,13809492292000,-7.78,13.02,4.372132
237993,36,Jogging,13809542249000,-6.28,8.58,-0.84446156
237994,36,Jogging,13809592237000,4.4,8.69,6.823794400000001
237995,36,Jogging,13809642255000,-11.69,0.23,-0.6537767
237996,36,Jogging,13809692304000,1.92,3.06,-4.018002500000001
237997,36,Jogging,13809742231000,0.34,18.47,1.7570249
237998,36,Jogging,13809792310000,-1.61,19.08,-7.8589406
237999,36,Jogging,13809842267000,-13.33,16.93,10.460427000000001
238000,36,Jogging,13809892316000,-0.27,7.5,3.5957718
238001,36,Jogging,13809942273000,5.43,-1.23,-1.9204689999999998
238002,36,Jogging,13809992261000,-1.92,-6.17,-3.8681788
238003,36,Jogging,13810042279000,0.31,7.4,6.823794400000001
238004,36,Jogging,13810092359000,-5.2,13.91,-4.372132
238005,36,Jogging,13810142316000,-6.59,4.52,0.6946376999999999
238006,36,Jogging,13810192304000,-5.13,15.75,1.56634
238007,36,Jogging,13810242231000,-7.74,9.89,4.440233
238008,36,Jogging,13810292310000,-4.02,7.82,-0.88532263
238009,36,Jogging,13810342206000,5.13,7.82,7.082580999999999
238010,36,Jogging,13810392316000,-11.88,1.33,-0.53119355
238011,36,Jogging,13810442243000,-0.34,5.79,-5.243834
238012,36,Jogging,13810492292000,3.53,19.19,3.990762
238013,36,Jogging,13810542249000,-5.37,19.57,-6.0882955
238014,36,Jogging,13810592298000,-11.11,16.17,9.302697
238015,36,Jogging,13810642255000,1.61,8.05,2.6014863999999998
238016,36,Jogging,13810692273000,2.68,-5.09,-4.3312707
238017,36,Jogging,13810742200000,0.11,-5.71,-3.214402
238018,36,Jogging,13810792279000,-2.22,9.85,5.1348709999999995
238019,36,Jogging,13810842328000,-2.6,16.36,-0.61291564
238020,36,Jogging,13810892286000,-7.55,3.91,-2.6832085
238021,36,Jogging,13810942273000,-7.27,17.62,4.018002500000001
238022,36,Jogging,13810992261000,-7.08,10.15,1.7570249
238023,36,Jogging,13811042279000,-2.41,8.24,3.2552630000000002
238024,36,Jogging,13811092206000,-1.08,5.05,4.6036777
238025,36,Jogging,13811142286000,-5.9,0.42,-0.3405087
238026,36,Jogging,13811192273000,2.45,3.6,-6.4015636
238027,36,Jogging,13811242292000,-2.49,19.08,4.290409599999999
238028,36,Jogging,13811292279000,-3.83,17.2,-3.1463002999999996
238029,36,Jogging,13811342298000,-11.14,17.08,10.95076
238030,36,Jogging,13811392286000,1.99,8.35,4.0588636
238031,36,Jogging,13811442273000,3.68,-3.95,-4.440233
238032,36,Jogging,13811492231000,0.11,-5.71,-1.8387468999999996
238033,36,Jogging,13811542463000,2.11,10.31,4.290409599999999
238034,36,Jogging,13811592267000,-10.76,12.07,0.38136974
238035,36,Jogging,13811642286000,-4.02,-0.04,-5.366417
238036,36,Jogging,13811692243000,-8.88,18.7,3.2552630000000002
238037,36,Jogging,13811692243000,-8.88,18.7,3.2552630000000002
238038,36,Jogging,13811792249000,-4.29,10.19,0.08172209
238039,36,Jogging,13811842328000,-1.65,5.28,4.7943625
238040,36,Jogging,13811902234000,-4.14,0.8,0.6946376999999999
238042,36,Jogging,13811952283000,-3.72,7.44,-6.5922484
238041,36,Jogging,13811952283000,-3.72,7.44,-6.5922484
238044,36,Jogging,13812052228000,-8.35,18.66,0.50395286
238043,36,Jogging,13812052228000,-8.35,18.66,0.50395286
238045,36,Jogging,13812152265000,2.56,7.7,2.1792557
238046,36,Jogging,13812152265000,2.56,7.7,2.1792557
238048,36,Jogging,13812252210000,-0.11,-5.56,-0.95342433
238047,36,Jogging,13812252210000,-0.11,-5.56,-0.95342433
238049,36,Jogging,13812352246000,-5.37,16.04,2.5606253
238050,36,Jogging,13812352246000,-5.37,16.04,2.5606253
238051,36,Jogging,13812452222000,-7.16,16.97,3.5957718
238052,36,Jogging,13812452222000,-7.16,16.97,3.5957718
238053,36,Jogging,13812552228000,-5.33,7.35,6.5105260000000005
238054,36,Jogging,13812602338000,5.56,7.78,6.5105260000000005
238055,36,Jogging,13812602338000,5.56,7.78,6.5105260000000005
238056,36,Jogging,13812662397000,-6.13,1.61,-0.50395286
238057,36,Jogging,13812712384000,-5.94,8.24,-7.2732660000000005
238058,36,Jogging,13812762281000,4.9,19.57,3.5957718
238059,36,Jogging,13812812329000,-10.34,16.25,1.4165162
238060,36,Jogging,13812872235000,-2.68,12.34,7.6682559999999995
238061,36,Jogging,13812922223000,5.05,0.0,-3.4050870000000004
238062,36,Jogging,13812972333000,0.04,-10.08,-4.3312707
238063,36,Jogging,13813022229000,0.99,6.51,4.7943625
238064,36,Jogging,13813072309000,-4.86,18.12,-1.525479
238065,36,Jogging,13813122205000,-5.41,0.72,2.6014863999999998
238066,36,Jogging,13813172284000,-5.63,11.18,-2.6832085
238067,36,Jogging,13813222211000,-6.09,15.05,9.384419
238068,36,Jogging,13813272290000,-10.19,9.15,-3.2961242
238069,36,Jogging,13813322217000,6.47,9.0,6.5105260000000005
238070,36,Jogging,13813372266000,-5.67,3.02,1.3075534
238071,36,Jogging,13813422223000,-1.38,0.46,0.38136974
238072,36,Jogging,13813472303000,-7.86,7.16,-7.8589406
238073,36,Jogging,13813522229000,7.59,19.57,-1.0351465
238074,36,Jogging,13813572309000,-7.25,16.59,0.14982383
238075,36,Jogging,13813622205000,-10.57,17.27,11.563675
238076,36,Jogging,13813672345000,5.52,6.02,1.56634
238077,36,Jogging,13813722242000,0.84,-6.78,-6.973617999999999
238078,36,Jogging,13813772290000,-0.72,-0.69,0.040861044
238079,36,Jogging,13813822217000,-5.43,8.01,6.5513873
238080,36,Jogging,13813872266000,4.44,6.47,-8.008764
238081,36,Jogging,13813922223000,-13.33,8.16,3.1054392
238082,36,Jogging,13813972303000,-5.01,12.3,0.6537767
238083,36,Jogging,13814022229000,-10.04,14.29,7.8180795
238084,36,Jogging,13814072278000,-2.83,7.63,-1.3756552
238085,36,Jogging,13814122235000,5.41,8.85,5.284695
238086,36,Jogging,13814172284000,-7.55,1.61,0.14982383
238087,36,Jogging,13814222211000,-4.59,4.82,-5.5162406
238088,36,Jogging,13814272260000,3.6,18.7,2.2609777
238089,36,Jogging,13814322248000,-4.52,19.19,-2.3426998
238090,36,Jogging,13814372297000,-10.04,16.21,8.921327999999999
238091,36,Jogging,13814422223000,1.95,7.21,1.3075534
238092,36,Jogging,13814472303000,1.99,-5.94,-5.7477865
238093,36,Jogging,13814522199000,1.14,-4.37,-1.56634
238094,36,Jogging,13814572278000,-0.95,12.76,5.175732
238095,36,Jogging,13814622205000,-10.31,9.19,-1.3756552
238096,36,Jogging,13814672498000,-4.52,6.4,0.6946376999999999
238097,36,Jogging,13814722211000,-8.47,17.39,7.164303
238098,36,Jogging,13814772290000,-9.04,7.08,-1.334794
238099,36,Jogging,13814822248000,5.37,7.12,4.2086873
238100,36,Jogging,13814872297000,-6.17,0.89,-0.27240697
238101,36,Jogging,13814922223000,1.69,0.89,-1.2666923
238102,36,Jogging,13814972303000,-8.24,12.18,-2.982856
238103,36,Jogging,13815022229000,6.36,19.15,-2.5606253
238104,36,Jogging,13815072309000,-10.65,16.44,8.471855999999999
238105,36,Jogging,13815122205000,-5.2,14.41,8.921327999999999
238106,36,Jogging,13815172315000,5.67,1.99,-0.3405087
238107,36,Jogging,13815222211000,-1.31,-9.38,-6.428804
238108,36,Jogging,13815272260000,-0.3,3.38,3.9499009
238109,36,Jogging,13815322217000,-3.76,11.26,-3.1463002999999996
238110,36,Jogging,13815372297000,-8.5,9.7,3.0237172
238111,36,Jogging,13815422223000,-2.72,11.69,1.2666923
238112,36,Jogging,13815472303000,-7.35,15.55,7.436710000000001
238113,36,Jogging,13815522229000,-8.43,9.04,-2.3426998
238114,36,Jogging,13815572309000,4.56,7.67,6.742072
238115,36,Jogging,13815622205000,-10.72,0.61,0.23154591
238116,36,Jogging,13815672376000,2.26,1.38,-2.6832085
238117,36,Jogging,13815722211000,-2.14,14.63,1.7978859
238118,36,Jogging,13815772260000,-0.84,19.27,-5.5162406
238119,36,Jogging,13815822248000,-10.88,16.17,8.580819
238120,36,Jogging,13815872297000,-1.65,12.22,8.076866
238121,36,Jogging,13815922223000,3.45,0.89,-2.1792557
238122,36,Jogging,13815972303000,-1.23,-7.08,-3.5276701
238123,36,Jogging,13816022229000,2.6,3.76,3.5276701
238124,36,Jogging,13816072309000,-8.58,18.5,1.0760075
238125,36,Jogging,13816122205000,-4.9,2.56,-0.7218784
238126,36,Jogging,13816172284000,-4.02,15.36,0.88532263
238127,36,Jogging,13816222211000,-6.82,12.34,6.238119
238128,36,Jogging,13816272229000,-7.65,6.13,-3.0645783
238129,36,Jogging,13816322248000,5.71,9.3,8.117727
238130,36,Jogging,13816372266000,-7.55,1.33,-0.040861044
238131,36,Jogging,13816422284000,0.65,0.69,-1.8387468999999996
238132,36,Jogging,13816472303000,-5.48,15.85,0.88532263
238133,36,Jogging,13816522199000,2.3,18.89,-5.434519
238134,36,Jogging,13816572309000,-14.48,16.47,11.223166
238135,36,Jogging,13816622235000,-1.65,9.96,6.823794400000001
238136,36,Jogging,13816672284000,4.02,-0.99,-4.5628166
238137,36,Jogging,13816722211000,-0.27,-6.4,-2.7240696
238138,36,Jogging,13816772290000,1.65,7.67,4.9850473
238139,36,Jogging,13816822217000,-6.85,4.6,-6.3607025
238140,36,Jogging,13816872297000,-8.62,7.97,5.243834
238141,36,Jogging,13816922223000,-2.64,12.07,-1.4165162
238142,36,Jogging,13816972303000,-8.31,12.34,7.436710000000001
238143,36,Jogging,13817022199000,-10.53,10.23,-2.7921712000000003
238144,36,Jogging,13817072309000,8.77,10.34,6.5513873
238145,36,Jogging,13817122205000,-8.27,1.38,0.7218784
238146,36,Jogging,13817172284000,-0.42,-0.46,-0.040861044
238147,36,Jogging,13817222242000,-9.04,11.5,-6.891896000000001
238148,36,Jogging,13817272260000,7.78,18.43,-0.040861044
238149,36,Jogging,13817322248000,-8.77,18.81,2.7921712000000003
238150,36,Jogging,13817372297000,-6.93,11.8,7.504811999999999
238151,36,Jogging,13817422254000,4.37,2.22,1.2258313
238152,36,Jogging,13817472272000,-0.91,-7.21,-4.5219555
238153,36,Jogging,13817522199000,2.98,2.83,1.3075534
238154,36,Jogging,13817572309000,-2.03,11.99,1.7570249
238155,36,Jogging,13817622205000,-12.95,10.84,-0.27240697
238156,36,Jogging,13817672315000,-1.53,9.81,1.607201
238157,36,Jogging,13817722211000,-7.5,16.74,5.9793324
