,user,label,timestamp,x,y,z
684888,4,Sitting,3618172283000,-7.16,-0.84,-6.74
684889,4,Sitting,3618222301000,-7.16,-0.69,-6.78
684890,4,Sitting,3618272319000,-7.08,-0.65,-6.85
684891,4,Sitting,3618322307000,-7.16,-0.61,-6.85
684892,4,Sitting,3618372295000,-7.16,-0.65,-6.89
684893,4,Sitting,3618422374000,-7.25,-0.72,-6.78
684894,4,Sitting,3618472301000,-7.25,-0.69,-6.74
684895,4,Sitting,3618522319000,-7.27,-0.72,-6.78
684896,4,Sitting,3618572276000,-7.25,-0.72,-6.78
684897,4,Sitting,3618622325000,-7.16,-0.69,-6.82
684898,4,Sitting,3618672313000,-7.12,-0.69,-6.85
684900,4,Sitting,3618732372000,-7.16,-0.69,-6.89
684899,4,Sitting,3618732372000,-7.16,-0.69,-6.89
684901,4,Sitting,3618832256000,-7.16,-0.69,-6.85
684902,4,Sitting,3618882304000,-7.21,-0.69,-6.82
684903,4,Sitting,3618932262000,-7.16,-0.69,-6.82
684904,4,Sitting,3618982280000,-7.12,-0.69,-6.85
684905,4,Sitting,3619032298000,-7.08,-0.72,-6.89
684906,4,Sitting,3619082317000,-7.16,-0.72,-6.85
684907,4,Sitting,3619132274000,-7.21,-0.69,-6.85
684908,4,Sitting,3619182262000,-7.16,-0.69,-6.82
684909,4,Sitting,3619232311000,-7.21,-0.72,-6.85
684910,4,Sitting,3619282268000,-7.16,-0.69,-6.85
684911,4,Sitting,3619332347000,-7.21,-0.72,-6.82
684912,4,Sitting,3619382274000,-7.16,-0.72,-6.82
684913,4,Sitting,3619432262000,-7.16,-0.72,-6.89
684914,4,Sitting,3619482280000,-7.16,-0.69,-6.89
684915,4,Sitting,3619532298000,-7.16,-0.72,-6.85
684916,4,Sitting,3619532298000,-7.16,-0.72,-6.85
684917,4,Sitting,3619532298000,-7.16,-0.72,-6.85
684918,4,Sitting,3619682262000,-7.12,-0.65,-6.85
684919,4,Sitting,3619732311000,-7.21,-0.69,-6.85
684920,4,Sitting,3619732311000,-7.21,-0.69,-6.85
684921,4,Sitting,3619832347000,-7.16,-0.72,-6.78
684922,4,Sitting,3619882304000,-7.12,-0.72,-6.82
684923,4,Sitting,3619932292000,-7.12,-0.69,-6.85
684924,4,Sitting,3619982311000,-7.16,-0.72,-6.82
684925,4,Sitting,3620032298000,-7.12,-0.65,-6.89
684926,4,Sitting,3620082317000,-7.12,-0.72,-6.85
684927,4,Sitting,3620132274000,-7.08,-0.72,-6.89
684928,4,Sitting,3620182292000,-7.12,-0.65,-6.85
684929,4,Sitting,3620232311000,-7.16,-0.69,-6.89
684930,4,Sitting,3620282268000,-7.16,-0.72,-6.78
684931,4,Sitting,3620332317000,-7.16,-0.72,-6.82
684932,4,Sitting,3620382304000,-7.12,-0.69,-6.82
684933,4,Sitting,3620432323000,-7.16,-0.72,-6.89
684934,4,Sitting,3620482311000,-7.16,-0.69,-6.85
684935,4,Sitting,3620532268000,-7.12,-0.69,-6.85
684936,4,Sitting,3620582317000,-7.12,-0.72,-6.89
684937,4,Sitting,3620632274000,-7.08,-0.65,-6.89
684938,4,Sitting,3620682262000,-7.08,-0.72,-6.82
684939,4,Sitting,3620732311000,-7.12,-0.72,-6.78
684940,4,Sitting,3620782298000,-7.21,-0.69,-6.78
684941,4,Sitting,3620832317000,-7.31,-0.72,-6.63
684942,4,Sitting,3620882304000,-7.16,-0.76,-6.74
684943,4,Sitting,3620932933000,-7.04,-0.61,-6.85
684944,4,Sitting,3620982402000,-7.31,-0.69,-7.01
684945,4,Sitting,3621032298000,-7.04,-0.57,-7.21
684946,4,Sitting,3621082225000,-6.93,-0.65,-6.93
684947,4,Sitting,3621132335000,-6.89,-0.69,-7.01
684948,4,Sitting,3621182262000,-6.89,-0.61,-7.12
684949,4,Sitting,3621232311000,-6.97,-0.84,-6.97
684950,4,Sitting,3621282329000,-6.93,-0.72,-7.04
684951,4,Sitting,3621332347000,-6.97,-0.95,-6.89
684952,4,Sitting,3621382304000,-7.12,-0.61,-6.97
684953,4,Sitting,3621432292000,-7.27,-0.42,-7.04
684954,4,Sitting,3621482311000,-7.01,-0.76,-6.89
684955,4,Sitting,3621532268000,-6.93,-0.76,-6.97
684956,4,Sitting,3621582347000,-7.25,-0.84,-6.78
684957,4,Sitting,3621632274000,-7.25,-0.89,-6.78
684958,4,Sitting,3621682292000,-7.08,-0.72,-6.82
684959,4,Sitting,3621732311000,-7.31,-0.84,-6.66
684960,4,Sitting,3621782268000,-7.44,-0.76,-6.66
684961,4,Sitting,3621832347000,-7.31,-0.72,-6.78
684962,4,Sitting,3621882243000,-7.21,-0.69,-6.85
684963,4,Sitting,3621932292000,-7.25,-0.76,-6.74
684964,4,Sitting,3621982311000,-7.31,-0.84,-6.66
684965,4,Sitting,3622032329000,-7.27,-0.76,-6.74
684966,4,Sitting,3622082317000,-7.21,-0.72,-6.78
684967,4,Sitting,3622132304000,-7.12,-0.76,-6.82
684968,4,Sitting,3622182292000,-7.16,-0.76,-6.78
684969,4,Sitting,3622232311000,-7.21,-0.72,-6.82
684970,4,Sitting,3622282268000,-7.25,-0.84,-6.82
684971,4,Sitting,3622332378000,-7.08,-0.84,-6.78
684972,4,Sitting,3622382304000,-7.12,-0.69,-6.89
684973,4,Sitting,3622382304000,-7.12,-0.69,-6.89
684974,4,Sitting,3622442363000,-7.16,-0.72,-6.85
684975,4,Sitting,3622492320000,-7.12,-0.76,-6.82
684976,4,Sitting,3622542369000,-7.21,-0.8,-6.78
684977,4,Sitting,3622592357000,-7.16,-0.72,-6.89
684978,4,Sitting,3622642345000,-7.12,-0.76,-6.85
684979,4,Sitting,3622692302000,-7.16,-0.84,-6.85
684980,4,Sitting,3622742320000,-7.12,-0.76,-6.82
684981,4,Sitting,3622792339000,-7.21,-0.8,-6.82
684982,4,Sitting,3622842296000,-7.21,-0.76,-6.85
684984,4,Sitting,3622892345000,-7.21,-0.8,-6.78
684983,4,Sitting,3622892345000,-7.21,-0.8,-6.78
684985,4,Sitting,3622992290000,-7.16,-0.76,-6.85
684986,4,Sitting,3623042339000,-7.12,-0.72,-6.85
684987,4,Sitting,3623092326000,-7.12,-0.76,-6.89
684988,4,Sitting,3623142619000,-7.12,-0.8,-6.78
684989,4,Sitting,3623192333000,-7.12,-0.76,-6.82
684990,4,Sitting,3623242290000,-7.12,-0.8,-6.85
684991,4,Sitting,3623292369000,-7.12,-0.76,-6.82
684992,4,Sitting,3623342326000,-7.16,-0.8,-6.85
684993,4,Sitting,3623392314000,-7.16,-0.8,-6.78
684994,4,Sitting,3623442333000,-7.21,-0.76,-6.82
684995,4,Sitting,3623492320000,-7.16,-0.8,-6.85
684996,4,Sitting,3623542339000,-7.08,-0.76,-6.89
684997,4,Sitting,3623592357000,-7.04,-0.72,-6.85
684998,4,Sitting,3623642314000,-7.12,-0.76,-6.85
684999,4,Sitting,3623692302000,-7.12,-0.76,-6.82
685000,4,Sitting,3623742290000,-7.08,-0.76,-6.85
685001,4,Sitting,3623742290000,-7.08,-0.76,-6.85
685002,4,Sitting,3623842326000,-7.25,-0.8,-6.82
685003,4,Sitting,3623892314000,-7.27,-0.8,-6.78
685004,4,Sitting,3623942302000,-7.25,-0.8,-6.82
685005,4,Sitting,3623992290000,-7.27,-0.84,-6.78
685006,4,Sitting,3624042308000,-7.12,-0.84,-6.78
685007,4,Sitting,3624092326000,-7.08,-0.8,-6.85
685008,4,Sitting,3624142314000,-7.04,-0.84,-6.85
685009,4,Sitting,3624192333000,-7.08,-0.8,-6.89
685010,4,Sitting,3624242290000,-7.04,-0.89,-6.89
685011,4,Sitting,3624292369000,-6.97,-0.8,-6.89
685012,4,Sitting,3624342326000,-7.01,-0.76,-6.97
685013,4,Sitting,3624392314000,-7.01,-0.76,-7.01
685014,4,Sitting,3624442302000,-7.12,-0.76,-6.93
685015,4,Sitting,3624492290000,-7.12,-0.89,-6.82
685016,4,Sitting,3624542339000,-7.16,-0.8,-6.89
685017,4,Sitting,3624592326000,-7.12,-0.76,-6.82
685018,4,Sitting,3624702129000,-7.21,-0.76,-6.82
685019,4,Sitting,3624702129000,-7.21,-0.76,-6.82
685020,4,Sitting,3624752208000,-7.01,-0.8,-6.85
685021,4,Sitting,3624802348000,-7.01,-0.8,-6.89
685022,4,Sitting,3624852306000,-7.04,-0.72,-6.97
685023,4,Sitting,3624902355000,-7.12,-0.69,-6.93
685024,4,Sitting,3624952342000,-7.01,-0.76,-6.93
685025,4,Sitting,3625002300000,-7.12,-0.76,-6.85
685026,4,Sitting,3625062297000,-7.21,-0.76,-6.85
685027,4,Sitting,3625112315000,-7.12,-0.76,-6.89
685028,4,Sitting,3625162303000,-7.08,-0.72,-6.89
685029,4,Sitting,3625212291000,-7.12,-0.76,-6.89
685030,4,Sitting,3625262279000,-7.16,-0.8,-6.85
685031,4,Sitting,3625312328000,-7.12,-0.84,-6.82
685032,4,Sitting,3625362315000,-7.21,-0.84,-6.78
685033,4,Sitting,3625412303000,-7.27,-0.8,-6.78
685034,4,Sitting,3625462322000,-7.25,-0.84,-6.82
685035,4,Sitting,3625512340000,-7.16,-0.76,-6.78
685036,4,Sitting,3625562297000,-7.12,-0.76,-6.85
685037,4,Sitting,3625612346000,-7.08,-0.72,-6.82
685038,4,Sitting,3625662334000,-7.21,-0.76,-6.85
685039,4,Sitting,3625712291000,-7.21,-0.8,-6.78
685040,4,Sitting,3625762340000,-7.16,-0.84,-6.85
685041,4,Sitting,3625812297000,-7.27,-0.84,-6.78
685042,4,Sitting,3625862407000,-7.21,-0.8,-6.74
685043,4,Sitting,3625912334000,-7.27,-0.69,-6.78
685044,4,Sitting,3625962291000,-7.31,-0.76,-6.78
685045,4,Sitting,3626012248000,-7.4,-1.08,-6.51
685046,4,Sitting,3626072307000,-7.46,-0.95,-6.63
685047,4,Sitting,3626122264000,-7.35,-0.8,-6.82
685048,4,Sitting,3626172344000,-7.08,-0.72,-7.01
685049,4,Sitting,3626222331000,-6.93,-0.76,-6.93
685050,4,Sitting,3626272319000,-7.01,-0.84,-6.89
685051,4,Sitting,3626322368000,-7.08,-0.89,-6.78
685052,4,Sitting,3626372295000,-7.25,-0.95,-6.66
685053,4,Sitting,3626422344000,-7.16,-1.08,-6.66
685054,4,Sitting,3626472331000,-7.08,-0.95,-6.78
685055,4,Sitting,3626522319000,-7.12,-0.84,-6.89
685056,4,Sitting,3626572337000,-7.04,-0.76,-7.01
685057,4,Sitting,3626622325000,-6.93,-0.8,-7.04
685058,4,Sitting,3626672374000,-6.89,-0.69,-7.08
685059,4,Sitting,3626722331000,-6.93,-0.57,-7.21
685060,4,Sitting,3626772319000,-7.01,-0.5,-7.27
685061,4,Sitting,3626822307000,-6.78,-0.5,-7.12
685062,4,Sitting,3626872295000,-6.82,-0.61,-7.04
685063,4,Sitting,3626922344000,-6.97,-0.57,-7.08
685064,4,Sitting,3626972331000,-6.93,-0.69,-7.04
685065,4,Sitting,3627022319000,-7.01,-0.65,-6.97
685066,4,Sitting,3627072368000,-7.12,-0.61,-7.01
685067,4,Sitting,3627122325000,-7.16,-0.69,-6.93
685068,4,Sitting,3627172313000,-7.08,-0.69,-6.89
685069,4,Sitting,3627222301000,-7.04,-0.69,-6.93
685071,4,Sitting,3627272289000,-7.08,-0.65,-6.93
685070,4,Sitting,3627272289000,-7.08,-0.65,-6.93
685072,4,Sitting,3627372295000,-7.04,-0.61,-6.93
685073,4,Sitting,3627422313000,-7.08,-0.65,-6.93
685074,4,Sitting,3627472331000,-7.04,-0.65,-6.89
685075,4,Sitting,3627522319000,-7.01,-0.57,-7.01
685076,4,Sitting,3627572246000,-6.97,-0.57,-7.01
685077,4,Sitting,3627622234000,-6.97,-0.57,-7.04
685078,4,Sitting,3627672344000,-6.97,-0.53,-7.08
685079,4,Sitting,3627722362000,-7.01,-0.57,-7.04
685080,4,Sitting,3627772289000,-7.04,-0.57,-6.85
685081,4,Sitting,3627822337000,-7.12,-0.61,-6.93
685082,4,Sitting,3627872295000,-7.12,-0.65,-6.89
685083,4,Sitting,3627922313000,-7.08,-0.57,-7.01
685084,4,Sitting,3627972331000,-6.97,-0.61,-6.93
685085,4,Sitting,3628022319000,-7.01,-0.53,-7.04
685086,4,Sitting,3628072337000,-6.97,-0.5,-7.08
685087,4,Sitting,3628122325000,-6.97,-0.57,-7.04
