,user,label,timestamp,x,y,z
507972,6,Sitting,58826382335000,6.44,2.45,6.36
507973,6,Sitting,58826432353000,6.4,2.53,6.44
507974,6,Sitting,58826482372000,6.36,2.6,6.47
507975,6,Sitting,58826532360000,6.44,2.56,6.51
507976,6,Sitting,58826582378000,6.55,2.49,6.55
507977,6,Sitting,58826632305000,6.55,2.56,6.44
507978,6,Sitting,58826682262000,6.44,2.6,6.44
507979,6,Sitting,58826732372000,6.36,2.56,6.47
507980,6,Sitting,58826782329000,6.28,2.53,6.47
507981,6,Sitting,58826832378000,6.36,2.49,6.44
507982,6,Sitting,58826882335000,6.36,2.45,6.55
507983,6,Sitting,58826932353000,6.44,2.6,6.51
507984,6,Sitting,58826982372000,6.51,2.64,6.47
507985,6,Sitting,58827032360000,6.47,2.6,6.51
507986,6,Sitting,58827082408000,6.44,2.49,6.47
507987,6,Sitting,58827132366000,6.36,2.45,6.51
507988,6,Sitting,58827192333000,6.36,2.45,6.47
507989,6,Sitting,58827242321000,6.4,2.49,6.47
507990,6,Sitting,58827292308000,6.36,2.56,6.4
507991,6,Sitting,58827342388000,6.44,2.53,6.51
507993,6,Sitting,58827392314000,6.47,2.53,6.51
507992,6,Sitting,58827392314000,6.47,2.53,6.51
507994,6,Sitting,58827492321000,6.44,2.53,6.47
507996,6,Sitting,58827542308000,6.44,2.49,6.47
507995,6,Sitting,58827542308000,6.44,2.49,6.47
507997,6,Sitting,58827642345000,6.4,2.53,6.47
507998,6,Sitting,58827692333000,6.44,2.53,6.51
507999,6,Sitting,58827742321000,6.4,2.53,6.47
508000,6,Sitting,58827792308000,6.47,2.53,6.47
508001,6,Sitting,58827842327000,6.4,2.49,6.47
508002,6,Sitting,58827892345000,6.44,2.53,6.47
508003,6,Sitting,58827892345000,6.44,2.53,6.47
508004,6,Sitting,58827892345000,6.44,2.53,6.47
508005,6,Sitting,58828042308000,6.44,2.53,6.44
508006,6,Sitting,58828092296000,6.47,2.53,6.44
508007,6,Sitting,58828142345000,6.44,2.53,6.47
508008,6,Sitting,58828212322000,6.47,2.49,6.44
508009,6,Sitting,58828262279000,6.47,2.53,6.47
508010,6,Sitting,58828312297000,6.51,2.53,6.47
508011,6,Sitting,58828362285000,6.51,2.56,6.47
508012,6,Sitting,58828412334000,6.44,2.6,6.44
508013,6,Sitting,58828462322000,6.47,2.56,6.47
508014,6,Sitting,58828512340000,6.4,2.56,6.32
508015,6,Sitting,58828562328000,6.51,2.56,6.47
508016,6,Sitting,58828612346000,6.4,2.6,6.36
508017,6,Sitting,58828662395000,6.51,2.56,6.47
508018,6,Sitting,58828712322000,6.44,2.6,6.4
508019,6,Sitting,58828762340000,6.47,2.53,6.47
508020,6,Sitting,58828812297000,6.51,2.56,6.47
508023,6,Sitting,58828862346000,6.47,2.53,6.44
508022,6,Sitting,58828862346000,6.47,2.53,6.44
508021,6,Sitting,58828862346000,6.47,2.53,6.44
508024,6,Sitting,58829012279000,6.47,2.53,6.47
508025,6,Sitting,58829062297000,6.44,2.53,6.47
508026,6,Sitting,58829112316000,6.44,2.53,6.44
508027,6,Sitting,58829162273000,6.44,2.53,6.4
508028,6,Sitting,58829212322000,6.51,2.53,6.44
508029,6,Sitting,58829262340000,6.44,2.56,6.47
508030,6,Sitting,58829312267000,6.51,2.56,6.47
508031,6,Sitting,58829362316000,6.44,2.56,6.47
508032,6,Sitting,58829412334000,6.44,2.53,6.44
508033,6,Sitting,58829462322000,6.44,2.49,6.47
508034,6,Sitting,58829512920000,6.47,2.53,6.44
508035,6,Sitting,58829562297000,6.47,2.56,6.44
508036,6,Sitting,58829612316000,6.47,2.56,6.4
508037,6,Sitting,58829662334000,6.51,2.56,6.47
508038,6,Sitting,58829712322000,6.47,2.53,6.44
508039,6,Sitting,58829762310000,6.47,2.53,6.47
508040,6,Sitting,58829812297000,6.4,2.49,6.47
508041,6,Sitting,58829862346000,6.44,2.49,6.44
508042,6,Sitting,58829862346000,6.44,2.49,6.44
508043,6,Sitting,58829862346000,6.44,2.49,6.44
508044,6,Sitting,58830012248000,6.47,2.53,6.44
508045,6,Sitting,58830062297000,6.44,2.53,6.44
508046,6,Sitting,58830112346000,6.44,2.53,6.47
508047,6,Sitting,58830162425000,6.44,2.56,6.44
508048,6,Sitting,58830212322000,6.44,2.53,6.47
508049,6,Sitting,58830262248000,6.44,2.49,6.47
508050,6,Sitting,58830312267000,6.44,2.49,6.44
508051,6,Sitting,58830312267000,6.44,2.49,6.44
508052,6,Sitting,58830412334000,6.44,2.56,6.47
508053,6,Sitting,58830462322000,6.44,2.53,6.51
508054,6,Sitting,58830512340000,6.4,2.53,6.44
508055,6,Sitting,58830562297000,6.47,2.53,6.44
508056,6,Sitting,58830612377000,6.44,2.53,6.47
508057,6,Sitting,58830662303000,6.47,2.53,6.47
508058,6,Sitting,58830712322000,6.44,2.53,6.44
508059,6,Sitting,58830762340000,6.44,2.49,6.47
508060,6,Sitting,58830812297000,6.47,2.53,6.47
508061,6,Sitting,58830862316000,6.44,2.53,6.47
508062,6,Sitting,58830912364000,6.47,2.53,6.51
508063,6,Sitting,58830962322000,6.44,2.49,6.51
508064,6,Sitting,58831012248000,6.44,2.53,6.44
508065,6,Sitting,58831062328000,6.47,2.53,6.47
508066,6,Sitting,58831112346000,6.44,2.49,6.44
508067,6,Sitting,58831162334000,6.47,2.49,6.51
508068,6,Sitting,58831212322000,6.4,2.45,6.47
508069,6,Sitting,58831262248000,6.44,2.56,6.44
508070,6,Sitting,58831312297000,6.36,2.49,6.47
508071,6,Sitting,58831362377000,6.4,2.53,6.44
508072,6,Sitting,58831412334000,6.4,2.49,6.51
508073,6,Sitting,58831462291000,6.4,2.49,6.47
508074,6,Sitting,58831512310000,6.4,2.53,6.47
508075,6,Sitting,58831562328000,6.44,2.53,6.47
508076,6,Sitting,58831612316000,6.44,2.49,6.55
508077,6,Sitting,58831662334000,6.44,2.45,6.51
508078,6,Sitting,58831712291000,6.44,2.49,6.51
508079,6,Sitting,58831762340000,6.47,2.53,6.51
508080,6,Sitting,58831812297000,6.44,2.49,6.44
508081,6,Sitting,58831862346000,6.44,2.53,6.51
508082,6,Sitting,58831912853000,6.44,2.53,6.47
508083,6,Sitting,58831962291000,6.4,2.53,6.47
508084,6,Sitting,58832012371000,6.4,2.49,6.44
508085,6,Sitting,58832062328000,6.47,2.53,6.44
508086,6,Sitting,58832112346000,6.44,2.49,6.47
508087,6,Sitting,58832112346000,6.44,2.49,6.47
508088,6,Sitting,58832200389000,6.4,2.49,6.47
508089,6,Sitting,58832252117000,6.44,2.53,6.47
508090,6,Sitting,58832252117000,6.44,2.53,6.47
508091,6,Sitting,58832352214000,6.44,2.49,6.47
508092,6,Sitting,58832402324000,6.4,2.49,6.47
508093,6,Sitting,58832452312000,6.47,2.49,6.47
508094,6,Sitting,58832502330000,6.47,2.53,6.44
508095,6,Sitting,58832552349000,6.44,2.45,6.47
508096,6,Sitting,58832602367000,6.47,2.53,6.51
508097,6,Sitting,58832652324000,6.44,2.53,6.44
508098,6,Sitting,58832702342000,6.44,2.49,6.47
508099,6,Sitting,58832752300000,6.47,2.49,6.47
508100,6,Sitting,58832802318000,6.44,2.49,6.47
508101,6,Sitting,58832852336000,6.44,2.53,6.44
508102,6,Sitting,58832902294000,6.44,2.49,6.44
508103,6,Sitting,58832952373000,6.44,2.53,6.47
508104,6,Sitting,58833002666000,6.4,2.49,6.44
508105,6,Sitting,58833052318000,6.4,2.49,6.47
508106,6,Sitting,58833102336000,6.44,2.53,6.47
508107,6,Sitting,58833152355000,6.47,2.56,6.47
508108,6,Sitting,58833202312000,6.47,2.53,6.47
508109,6,Sitting,58833260356000,6.44,2.53,6.51
508110,6,Sitting,58833312267000,6.44,2.53,6.47
508111,6,Sitting,58833362316000,6.44,2.49,6.4
508112,6,Sitting,58833412334000,6.4,2.49,6.47
508113,6,Sitting,58833462322000,6.44,2.53,6.47
508114,6,Sitting,58833512340000,6.47,2.53,6.44
508115,6,Sitting,58833562328000,6.44,2.49,6.47
508116,6,Sitting,58833612316000,6.44,2.49,6.51
508117,6,Sitting,58833662334000,6.47,2.49,6.44
508118,6,Sitting,58833712322000,6.4,2.45,6.44
508119,6,Sitting,58833762340000,6.4,2.49,6.47
508120,6,Sitting,58833812328000,6.44,2.49,6.51
508121,6,Sitting,58833862346000,6.4,2.53,6.47
508122,6,Sitting,58833912395000,6.47,2.53,6.47
508123,6,Sitting,58833962352000,6.4,2.49,6.51
508124,6,Sitting,58834012279000,6.32,2.45,6.51
508125,6,Sitting,58834062328000,6.32,2.41,6.47
508126,6,Sitting,58834062328000,6.32,2.41,6.47
508127,6,Sitting,58834162273000,6.36,2.45,6.55
508128,6,Sitting,58834212352000,6.4,2.53,6.59
508129,6,Sitting,58834262310000,6.32,2.45,6.51
508130,6,Sitting,58834312297000,6.36,2.45,6.51
508131,6,Sitting,58834362346000,6.4,2.49,6.51
508132,6,Sitting,58834412364000,6.36,2.49,6.47
508133,6,Sitting,58834462291000,6.36,2.49,6.55
508134,6,Sitting,58834512340000,6.4,2.49,6.51
508135,6,Sitting,58834562297000,6.4,2.45,6.47
508136,6,Sitting,58834612346000,6.36,2.49,6.51
508137,6,Sitting,58834662303000,6.36,2.49,6.55
508138,6,Sitting,58834712291000,6.36,2.49,6.51
508139,6,Sitting,58834762310000,6.36,2.45,6.51
508140,6,Sitting,58834812328000,6.32,2.49,6.47
508141,6,Sitting,58834862346000,6.4,2.49,6.51
508142,6,Sitting,58834912334000,6.32,2.49,6.47
508143,6,Sitting,58834962322000,6.4,2.45,6.51
508144,6,Sitting,58835012248000,6.36,2.45,6.44
508145,6,Sitting,58835062297000,6.32,2.45,6.44
508146,6,Sitting,58835112346000,6.4,2.49,6.47
508147,6,Sitting,58835162303000,6.36,2.49,6.51
508148,6,Sitting,58835212322000,6.4,2.53,6.51
508149,6,Sitting,58835262279000,6.36,2.49,6.55
508150,6,Sitting,58835312358000,6.44,2.53,6.47
508151,6,Sitting,58835362346000,6.4,2.49,6.47
508152,6,Sitting,58835412334000,6.36,2.49,6.4
508153,6,Sitting,58835462322000,6.4,2.49,6.51
508154,6,Sitting,58835512310000,6.36,2.49,6.51
508155,6,Sitting,58835562328000,6.32,2.45,6.47
508156,6,Sitting,58835612285000,6.36,2.49,6.47
508158,6,Sitting,58835662242000,6.4,2.49,6.51
508157,6,Sitting,58835662242000,6.4,2.49,6.51
508159,6,Sitting,58835662242000,6.4,2.49,6.51
508160,6,Sitting,58835812297000,6.36,2.49,6.51
508161,6,Sitting,58835862377000,6.4,2.49,6.51
508162,6,Sitting,58835912334000,6.36,2.45,6.51
508163,6,Sitting,58835962322000,6.4,2.49,6.47
508164,6,Sitting,58836012340000,6.36,2.45,6.51
508165,6,Sitting,58836062328000,6.36,2.49,6.47
508166,6,Sitting,58836112316000,6.36,2.49,6.55
508167,6,Sitting,58836162273000,6.36,2.49,6.47
508168,6,Sitting,58836212291000,6.36,2.49,6.55
508169,6,Sitting,58836262310000,6.36,2.49,6.51
508170,6,Sitting,58836312297000,6.4,2.49,6.51
508171,6,Sitting,58836362346000,6.36,2.53,6.47
