,user,label,timestamp,x,y,z
1050892,7,Sitting,209300942567000,-6.66,-3.6,6.47
1050893,7,Sitting,209301021516000,-6.66,-3.68,6.47
1050894,7,Sitting,209301061524000,-6.63,-3.64,6.51
1050895,7,Sitting,209301101502000,-6.59,-3.64,6.51
1050896,7,Sitting,209301141603000,-6.55,-3.53,6.47
1050897,7,Sitting,209301221559000,-6.66,-3.6,6.51
1050898,7,Sitting,209301261476000,-6.63,-3.53,6.4
1050899,7,Sitting,209301301637000,-6.63,-3.64,6.43
1050900,7,Sitting,209301341493000,-6.66,-3.68,6.51
1050901,7,Sitting,209301421601000,-6.66,-3.53,6.51
1050902,7,Sitting,209301465516000,-6.66,-3.6,6.51
1050903,7,Sitting,209301504396000,-6.59,-3.64,6.47
1050904,7,Sitting,209301541566000,-6.63,-3.68,6.51
1050905,7,Sitting,209301621644000,-6.63,-3.6,6.55
1050906,7,Sitting,209301662904000,-6.66,-3.6,6.55
1050907,7,Sitting,209301701509000,-6.63,-3.64,6.51
1050908,7,Sitting,209301741548000,-6.66,-3.6,6.47
1050909,7,Sitting,209301821534000,-6.66,-3.53,6.51
1050910,7,Sitting,209301861543000,-6.7,-3.72,6.51
1050911,7,Sitting,209301901521000,-6.7,-3.64,6.43
1050912,7,Sitting,209301901521000,-6.7,-3.64,6.43
1050913,7,Sitting,209302021668000,-6.63,-3.64,6.51
1050914,7,Sitting,209302061585000,-6.59,-3.68,6.59
1050915,7,Sitting,209302101502000,-6.59,-3.6,6.51
1050916,7,Sitting,209302141480000,-6.63,-3.57,6.55
1050917,7,Sitting,209302221711000,-6.63,-3.6,6.55
1050918,7,Sitting,209302261476000,-6.66,-3.64,6.47
1050919,7,Sitting,209302301484000,-6.7,-3.6,6.51
1050920,7,Sitting,209302357759000,-6.74,-3.64,6.47
1050921,7,Sitting,209302393312000,-6.66,-3.57,6.47
1050922,7,Sitting,209302471589000,-6.7,-3.64,6.47
1050923,7,Sitting,209302511903000,-6.59,-3.6,6.47
1050924,7,Sitting,209302551972000,-6.63,-3.64,6.51
1050925,7,Sitting,209302591462000,-6.59,-3.6,6.55
1050926,7,Sitting,209302671479000,-6.66,-3.6,6.55
1050927,7,Sitting,209302711427000,-6.63,-3.64,6.55
1050928,7,Sitting,209302751466000,-6.66,-3.64,6.43
1050929,7,Sitting,209302791535000,-6.74,-3.64,6.47
1050930,7,Sitting,209302871430000,-6.74,-3.64,6.43
1050931,7,Sitting,209302911469000,-6.66,-3.68,6.51
1050932,7,Sitting,209302951509000,-6.63,-3.6,6.47
1050933,7,Sitting,209302991609000,-6.66,-3.68,6.51
1050934,7,Sitting,209303031617000,-6.66,-3.6,6.51
1050935,7,Sitting,209303111451000,-6.63,-3.64,6.55
1050936,7,Sitting,209303151490000,-6.66,-3.6,6.55
1050937,7,Sitting,209303191560000,-6.63,-3.64,6.55
1050938,7,Sitting,209303271791000,-6.59,-3.64,6.47
1050939,7,Sitting,209303311646000,-6.63,-3.72,6.47
1050940,7,Sitting,209303351777000,-6.66,-3.68,6.47
1050941,7,Sitting,209303391511000,-6.7,-3.64,6.47
1050942,7,Sitting,209303471467000,-6.66,-3.57,6.51
1050943,7,Sitting,209303512696000,-6.63,-3.64,6.51
1050944,7,Sitting,209303554505000,-6.66,-3.68,6.47
1050945,7,Sitting,209303591828000,-6.66,-3.6,6.47
1050946,7,Sitting,209303671693000,-6.63,-3.6,6.55
1050947,7,Sitting,209303711457000,-6.63,-3.6,6.47
1050948,7,Sitting,209303751588000,-6.63,-3.6,6.55
1050949,7,Sitting,209303791505000,-6.66,-3.6,6.51
1050950,7,Sitting,209303871430000,-6.7,-3.6,6.47
1050951,7,Sitting,209303911469000,-6.7,-3.6,6.43
1050952,7,Sitting,209303951539000,-6.7,-3.64,6.51
1050953,7,Sitting,209303991456000,-6.74,-3.68,6.47
1050954,7,Sitting,209304071473000,-6.66,-3.68,6.47
1050955,7,Sitting,209304111451000,-6.63,-3.6,6.47
1050956,7,Sitting,209304151490000,-6.66,-3.6,6.47
1050957,7,Sitting,209304191560000,-6.66,-3.53,6.47
1050958,7,Sitting,209304271516000,-6.66,-3.53,6.4
1050959,7,Sitting,209304311646000,-6.66,-3.6,6.47
1050960,7,Sitting,209304351563000,-6.66,-3.68,6.47
1050961,7,Sitting,209304401643000,-6.63,-3.68,6.51
1050962,7,Sitting,209304441590000,-6.59,-3.57,6.59
1050963,7,Sitting,209304521577000,-6.63,-3.57,6.55
1050964,7,Sitting,209304561494000,-6.63,-3.57,6.59
1050965,7,Sitting,209304561494000,-6.63,-3.57,6.59
1050966,7,Sitting,209304641480000,-6.55,-3.68,6.51
1050967,7,Sitting,209304721589000,-6.66,-3.6,6.55
1050968,7,Sitting,209304761476000,-6.66,-3.6,6.43
1050969,7,Sitting,209304801515000,-6.59,-3.6,6.51
1050970,7,Sitting,209304841615000,-6.63,-3.64,6.47
1050971,7,Sitting,209304921601000,-6.66,-3.64,6.51
1050972,7,Sitting,209304961488000,-6.59,-3.6,6.51
1050973,7,Sitting,209305001527000,-6.66,-3.6,6.51
1050974,7,Sitting,209305041474000,-6.63,-3.64,6.47
1050975,7,Sitting,209305121705000,-6.66,-3.6,6.55
1050976,7,Sitting,209305161500000,-6.63,-3.6,6.43
1050977,7,Sitting,209305201539000,-6.7,-3.72,6.43
1050978,7,Sitting,209305241487000,-6.7,-3.64,6.43
1050979,7,Sitting,209305321656000,-6.63,-3.68,6.43
1050980,7,Sitting,209305361482000,-6.63,-3.64,6.43
1050981,7,Sitting,209305401704000,-6.66,-3.64,6.51
1050982,7,Sitting,209305441529000,-6.66,-3.6,6.47
1050983,7,Sitting,209305521699000,-6.63,-3.64,6.51
1050984,7,Sitting,209305561524000,-6.63,-3.64,6.43
1050985,7,Sitting,209305601502000,-6.7,-3.6,6.4
1050986,7,Sitting,209305641511000,-6.7,-3.68,6.55
1050987,7,Sitting,209305700471000,-6.74,-3.57,6.43
1050988,7,Sitting,209305741670000,-6.66,-3.68,6.51
1050989,7,Sitting,209305821565000,-6.59,-3.6,6.47
1050990,7,Sitting,209305861543000,-6.63,-3.68,6.55
1050991,7,Sitting,209305901521000,-6.63,-3.64,6.47
1050992,7,Sitting,209305943177000,-6.66,-3.64,6.55
1050993,7,Sitting,209305991548000,-6.63,-3.6,6.51
1050994,7,Sitting,209306071595000,-6.7,-3.64,6.47
1050995,7,Sitting,209306111573000,-6.74,-3.6,6.47
1050996,7,Sitting,209306151490000,-6.7,-3.64,6.47
1050997,7,Sitting,209306191590000,-6.66,-3.57,6.51
1050998,7,Sitting,209306271485000,-6.66,-3.68,6.51
1050999,7,Sitting,209306311677000,-6.7,-3.6,6.47
1051000,7,Sitting,209306351625000,-6.66,-3.64,6.47
1051001,7,Sitting,209306437409000,-6.63,-3.64,6.51
1051002,7,Sitting,209306473268000,-6.66,-3.64,6.51
1051003,7,Sitting,209306473268000,-6.66,-3.64,6.51
1051004,7,Sitting,209306551545000,-6.66,-3.6,6.51
1051005,7,Sitting,209306551545000,-6.66,-3.6,6.51
1051006,7,Sitting,209306672364000,-6.7,-3.64,6.51
1051007,7,Sitting,209306711488000,-6.66,-3.57,6.51
1051008,7,Sitting,209306751466000,-6.66,-3.64,6.47
1051009,7,Sitting,209306791505000,-6.66,-3.68,6.47
1051010,7,Sitting,209306871430000,-6.63,-3.57,6.47
1051011,7,Sitting,209306911500000,-6.66,-3.64,6.51
1051012,7,Sitting,209306951570000,-6.66,-3.64,6.47
1051013,7,Sitting,209306991548000,-6.66,-3.64,6.51
1051014,7,Sitting,209307071473000,-6.66,-3.64,6.51
1051015,7,Sitting,209307111512000,-6.74,-3.6,6.51
1051016,7,Sitting,209307151490000,-6.7,-3.57,6.47
1051017,7,Sitting,209307191529000,-6.74,-3.6,6.47
1051018,7,Sitting,209307271485000,-6.66,-3.6,6.51
1051019,7,Sitting,209307311585000,-6.7,-3.72,6.47
1051020,7,Sitting,209307352052000,-6.7,-3.6,6.43
1051021,7,Sitting,209307391511000,-6.7,-3.6,6.51
1051022,7,Sitting,209307471498000,-6.59,-3.6,6.51
1051023,7,Sitting,209307511842000,-6.66,-3.64,6.47
1051024,7,Sitting,209307552674000,-6.66,-3.64,6.55
1051025,7,Sitting,209307591584000,-6.63,-3.64,6.51
1051026,7,Sitting,209307672639000,-6.63,-3.72,6.55
1051027,7,Sitting,209307711518000,-6.7,-3.6,6.47
1051028,7,Sitting,209307751466000,-6.66,-3.72,6.51
1051029,7,Sitting,209307791505000,-6.63,-3.53,6.51
1051030,7,Sitting,209307871430000,-6.66,-3.6,6.43
1051031,7,Sitting,209307871430000,-6.66,-3.6,6.43
1051032,7,Sitting,209307964173000,-6.59,-3.72,6.55
1051033,7,Sitting,209308001802000,-6.63,-3.68,6.55
1051034,7,Sitting,209308041505000,-6.63,-3.64,6.51
1051035,7,Sitting,209308121461000,-6.63,-3.57,6.47
1051036,7,Sitting,209308161592000,-6.7,-3.64,6.51
1051038,7,Sitting,209308281282000,-6.66,-3.6,6.55
1051037,7,Sitting,209308281282000,-6.66,-3.6,6.55
1051039,7,Sitting,209308321900000,-6.63,-3.6,6.47
1051040,7,Sitting,209308361543000,-6.7,-3.68,6.51
1051041,7,Sitting,209308401521000,-6.66,-3.6,6.43
1051042,7,Sitting,209308441499000,-6.63,-3.6,6.47
1051043,7,Sitting,209308491822000,-6.7,-3.53,6.43
1051044,7,Sitting,209308571565000,-6.66,-3.64,6.47
1051045,7,Sitting,209308611482000,-6.66,-3.68,6.47
1051046,7,Sitting,209308651521000,-6.66,-3.6,6.47
1051047,7,Sitting,209308691621000,-6.66,-3.6,6.43
1051048,7,Sitting,209308771485000,-6.7,-3.57,6.47
1051049,7,Sitting,209308811616000,-6.74,-3.6,6.47
1051050,7,Sitting,209308851411000,-6.66,-3.6,6.4
1051051,7,Sitting,209308891511000,-6.63,-3.72,6.43
1051052,7,Sitting,209308971559000,-6.66,-3.57,6.43
1051053,7,Sitting,209309011445000,-6.66,-3.6,6.47
1051054,7,Sitting,209309051484000,-6.63,-3.64,6.43
1051055,7,Sitting,209309091493000,-6.66,-3.64,6.51
1051056,7,Sitting,209309173097000,-6.63,-3.68,6.47
1051058,7,Sitting,209309211488000,-6.66,-3.6,6.51
1051057,7,Sitting,209309211488000,-6.66,-3.6,6.51
1051059,7,Sitting,209309291596000,-6.63,-3.64,6.55
1051060,7,Sitting,209309371522000,-6.63,-3.53,6.55
1051061,7,Sitting,209309411500000,-6.66,-3.72,6.43
1051062,7,Sitting,209309451478000,-6.7,-3.68,6.47
1051063,7,Sitting,209309491548000,-6.63,-3.57,6.55
1051064,7,Sitting,209309571412000,-6.63,-3.53,6.55
1051065,7,Sitting,209309611482000,-6.66,-3.6,6.47
1051066,7,Sitting,209309651551000,-6.7,-3.6,6.55
1051067,7,Sitting,209309691560000,-6.63,-3.68,6.43
1051068,7,Sitting,209309771455000,-6.7,-3.6,6.47
1051069,7,Sitting,209309811494000,-6.7,-3.6,6.51
1051070,7,Sitting,209309851502000,-6.66,-3.64,6.51
1051071,7,Sitting,209309891480000,-6.63,-3.49,6.59
1051072,7,Sitting,209309971528000,-6.66,-3.57,6.47
1051073,7,Sitting,209310011567000,-6.66,-3.6,6.47
1051074,7,Sitting,209310051484000,-6.63,-3.64,6.47
1051075,7,Sitting,209310091615000,-6.59,-3.6,6.55
1051076,7,Sitting,209310131684000,-6.59,-3.64,6.47
1051077,7,Sitting,209310192109000,-6.63,-3.6,6.55
1051078,7,Sitting,209310271485000,-6.63,-3.6,6.55
1051079,7,Sitting,209310311555000,-6.63,-3.6,6.51
1051080,7,Sitting,209310351594000,-6.63,-3.57,6.55
1051081,7,Sitting,209310391511000,-6.59,-3.57,6.59
1051082,7,Sitting,209310471406000,-6.63,-3.68,6.47
1051083,7,Sitting,209310513520000,-6.66,-3.57,6.47
1051084,7,Sitting,209310551423000,-6.63,-3.57,6.47
1051085,7,Sitting,209310591615000,-6.59,-3.64,6.47
1051086,7,Sitting,209310631745000,-6.59,-3.6,6.51
1051087,7,Sitting,209310711854000,-6.63,-3.6,6.51
1051088,7,Sitting,209310751466000,-6.63,-3.57,6.51
1051089,7,Sitting,209310791474000,-6.66,-3.6,6.47
1051090,7,Sitting,209310871461000,-6.63,-3.6,6.43
1051091,7,Sitting,209310911531000,-6.66,-3.68,6.47
