,user,label,timestamp,x,y,z
783647,8,Sitting,112474911506000,-0.8,-1.61,9.47
783648,8,Sitting,112474951515000,-0.8,-1.57,9.49
783649,8,Sitting,112475031471000,-0.8,-1.57,9.47
783650,8,Sitting,112475071510000,-0.8,-1.61,9.49
783651,8,Sitting,112475111366000,-0.8,-1.57,9.49
783652,8,Sitting,112475151466000,-0.76,-1.53,9.49
783653,8,Sitting,112475231544000,-0.8,-1.5,9.49
783654,8,Sitting,112475271553000,-0.8,-1.57,9.49
783655,8,Sitting,112475311470000,-0.76,-1.61,9.49
783656,8,Sitting,112475351448000,-0.76,-1.57,9.53
783658,8,Sitting,112475391548000,-0.76,-1.57,9.47
783657,8,Sitting,112475391548000,-0.76,-1.57,9.49
783659,8,Sitting,112475501808000,-0.76,-1.57,9.47
783660,8,Sitting,112475581459000,-0.76,-1.57,9.49
783661,8,Sitting,112475621467000,-0.8,-1.57,9.47
783662,8,Sitting,112475661842000,-0.76,-1.61,9.49
783663,8,Sitting,112475701545000,-0.8,-1.53,9.53
783664,8,Sitting,112475781501000,-0.76,-1.57,9.49
783665,8,Sitting,112475821479000,-0.8,-1.57,9.49
783666,8,Sitting,112475861488000,-0.8,-1.61,9.49
783667,8,Sitting,112475901497000,-0.76,-1.53,9.49
783668,8,Sitting,112475981483000,-0.72,-1.61,9.49
783669,8,Sitting,112476021522000,-0.8,-1.57,9.47
783670,8,Sitting,112476061439000,-0.8,-1.42,9.47
783671,8,Sitting,112476101631000,-0.8,-1.53,9.47
783672,8,Sitting,112476181495000,-0.69,-1.61,9.49
783673,8,Sitting,112476221473000,-0.76,-1.61,9.58
783674,8,Sitting,112476261512000,-0.8,-1.5,9.47
783675,8,Sitting,112476301490000,-0.8,-1.53,9.47
783676,8,Sitting,112476382118000,-0.76,-1.61,9.49
783677,8,Sitting,112476421486000,-0.8,-1.53,9.49
783678,8,Sitting,112476461494000,-0.84,-1.5,9.43
783679,8,Sitting,112476501503000,-0.76,-1.57,9.49
783680,8,Sitting,112476581459000,-0.72,-1.65,9.53
783681,8,Sitting,112476621467000,-0.8,-1.57,9.53
783682,8,Sitting,112476661689000,-0.8,-1.53,9.47
783683,8,Sitting,112476701545000,-0.84,-1.53,9.47
783684,8,Sitting,112476782966000,-0.76,-1.57,9.53
783685,8,Sitting,112476831489000,-0.8,-1.61,9.49
783686,8,Sitting,112476871467000,-0.8,-1.57,9.47
783687,8,Sitting,112476911506000,-0.8,-1.53,9.47
783688,8,Sitting,112476951484000,-0.8,-1.53,9.49
783689,8,Sitting,112476991554000,-0.8,-1.57,9.49
783690,8,Sitting,112476991554000,-0.8,-1.57,9.49
783691,8,Sitting,112477111549000,-0.76,-1.61,9.49
783692,8,Sitting,112477161812000,-0.76,-1.57,9.47
783693,8,Sitting,112477201484000,-0.8,-1.61,9.53
783695,8,Sitting,112477281440000,-0.76,-1.57,9.49
783694,8,Sitting,112477281440000,-0.76,-1.57,9.49
783696,8,Sitting,112477361488000,-0.8,-1.57,9.47
783697,8,Sitting,112477401466000,-0.76,-1.53,9.47
783698,8,Sitting,112477481483000,-0.84,-1.61,9.47
783699,8,Sitting,112477521492000,-0.8,-1.57,9.47
783700,8,Sitting,112477561500000,-0.76,-1.53,9.49
783701,8,Sitting,112477601539000,-0.8,-1.57,9.53
783702,8,Sitting,112477681526000,-0.72,-1.53,9.49
783703,8,Sitting,112477721443000,-0.76,-1.53,9.49
783704,8,Sitting,112477761512000,-0.8,-1.57,9.43
783705,8,Sitting,112477801521000,-0.8,-1.57,9.49
783706,8,Sitting,112477881569000,-0.8,-1.53,9.49
783707,8,Sitting,112477921486000,-0.76,-1.57,9.53
783708,8,Sitting,112477921486000,-0.76,-1.57,9.53
783709,8,Sitting,112478001625000,-0.8,-1.53,9.49
783710,8,Sitting,112478081489000,-0.76,-1.57,9.49
783711,8,Sitting,112478121467000,-0.72,-1.57,9.47
783712,8,Sitting,112478162697000,-0.8,-1.57,9.53
783713,8,Sitting,112478201545000,-0.84,-1.61,9.49
783714,8,Sitting,112478281471000,-0.89,-1.53,9.49
783717,8,Sitting,112478401283000,-0.72,-1.57,9.47
783715,8,Sitting,112478401283000,-0.72,-1.57,9.47
783716,8,Sitting,112478401283000,-0.72,-1.57,9.47
783718,8,Sitting,112478481483000,-0.69,-1.61,9.49
783720,8,Sitting,112478521553000,-0.72,-1.53,9.47
783719,8,Sitting,112478521553000,-0.72,-1.53,9.47
783721,8,Sitting,112478601478000,-0.76,-1.57,9.49
783722,8,Sitting,112478681495000,-0.76,-1.57,9.49
783723,8,Sitting,112478721473000,-0.8,-1.57,9.47
783724,8,Sitting,112478761482000,-0.76,-1.5,9.49
783725,8,Sitting,112478802375000,-0.8,-1.5,9.49
783726,8,Sitting,112478881599000,-0.8,-1.5,9.47
783727,8,Sitting,112478921486000,-0.76,-1.5,9.53
783728,8,Sitting,112478961494000,-0.72,-1.53,9.53
783729,8,Sitting,112479001503000,-0.76,-1.53,9.58
783730,8,Sitting,112479081611000,-0.93,-1.61,9.49
783731,8,Sitting,112479121498000,-0.76,-1.5,9.47
783732,8,Sitting,112479165565000,-0.61,-1.57,9.49
783733,8,Sitting,112479202644000,-0.53,-1.46,9.53
783734,8,Sitting,112479281440000,-0.65,-1.38,9.47
783735,8,Sitting,112479321479000,-0.57,-1.31,9.47
783736,8,Sitting,112479361488000,-0.61,-1.57,9.49
783737,8,Sitting,112479401497000,-0.93,-1.53,9.49
783738,8,Sitting,112479481483000,-0.89,-1.76,9.58
783739,8,Sitting,112479521492000,-0.42,-1.76,9.53
783740,8,Sitting,112479561500000,-0.34,-1.73,9.58
783741,8,Sitting,112479601478000,-0.27,-1.33,9.49
783742,8,Sitting,112479681709000,-0.65,-1.46,9.53
783743,8,Sitting,112479721443000,-0.72,-1.33,9.47
783744,8,Sitting,112479761512000,-0.65,-1.38,9.47
783745,8,Sitting,112479801552000,-0.69,-1.42,9.47
783746,8,Sitting,112479881538000,-0.65,-1.61,9.49
783747,8,Sitting,112479921486000,-0.65,-1.57,9.49
783748,8,Sitting,112479961494000,-0.69,-1.5,9.47
783749,8,Sitting,112480001503000,-0.65,-1.5,9.53
783750,8,Sitting,112480081489000,-0.53,-1.5,9.49
783751,8,Sitting,112480121467000,-0.5,-1.46,9.53
783752,8,Sitting,112480161445000,-0.65,-1.46,9.53
783753,8,Sitting,112480201606000,-0.8,-1.5,9.53
783754,8,Sitting,112480281501000,-0.8,-1.57,9.49
783755,8,Sitting,112480321479000,-0.8,-1.61,9.49
783756,8,Sitting,112480361488000,-0.69,-1.61,9.53
783757,8,Sitting,112480401466000,-0.65,-1.53,9.49
783758,8,Sitting,112480481483000,-0.69,-1.53,9.53
783759,8,Sitting,112480522438000,-0.76,-1.46,9.49
783760,8,Sitting,112480561317000,-0.72,-1.5,9.53
783761,8,Sitting,112480601295000,-0.76,-1.53,9.49
783762,8,Sitting,112480681526000,-0.65,-1.5,9.49
783763,8,Sitting,112480721443000,-0.69,-1.46,9.53
783764,8,Sitting,112480762886000,-0.72,-1.46,9.49
783765,8,Sitting,112480801582000,-0.72,-1.5,9.53
783766,8,Sitting,112480881569000,-0.53,-1.53,9.49
783767,8,Sitting,112480921486000,-0.46,-1.53,9.49
783768,8,Sitting,112480961494000,-0.5,-1.46,9.49
783769,8,Sitting,112481001594000,-0.53,-1.42,9.53
783770,8,Sitting,112481081489000,-0.53,-1.38,9.49
783771,8,Sitting,112481121498000,-0.53,-1.53,9.58
783772,8,Sitting,112481161598000,-0.5,-1.57,9.53
783773,8,Sitting,112481202552000,-0.5,-1.5,9.53
783774,8,Sitting,112481281471000,-0.69,-1.38,9.49
783775,8,Sitting,112481321479000,-0.65,-1.38,9.47
783776,8,Sitting,112481361488000,-0.61,-1.46,9.47
783777,8,Sitting,112481401497000,-0.57,-1.53,9.49
783778,8,Sitting,112481481514000,-0.53,-1.5,9.47
783779,8,Sitting,112481521522000,-0.65,-1.46,9.53
783780,8,Sitting,112481561470000,-0.69,-1.46,9.49
783781,8,Sitting,112481601509000,-0.69,-1.5,9.49
783782,8,Sitting,112481681556000,-0.65,-1.57,9.53
783783,8,Sitting,112481721565000,-0.5,-1.53,9.47
783784,8,Sitting,112481761512000,-0.61,-1.42,9.53
783785,8,Sitting,112481803810000,-0.69,-1.46,9.49
783786,8,Sitting,112481881569000,-0.69,-1.5,9.49
783787,8,Sitting,112481921486000,-0.57,-1.5,9.49
783789,8,Sitting,112481961494000,-0.53,-1.5,9.49
783788,8,Sitting,112481961494000,-0.53,-1.5,9.49
783790,8,Sitting,112482081489000,-0.65,-1.5,9.58
783791,8,Sitting,112482121467000,-0.69,-1.53,9.49
783792,8,Sitting,112482161720000,-0.72,-1.5,9.53
783793,8,Sitting,112482161720000,-0.72,-1.5,9.53
783794,8,Sitting,112482281501000,-0.61,-1.46,9.58
783795,8,Sitting,112482321479000,-0.61,-1.46,9.53
783796,8,Sitting,112482361488000,-0.69,-1.53,9.47
783797,8,Sitting,112482401466000,-0.76,-1.38,9.49
783798,8,Sitting,112482481483000,-0.61,-1.5,9.53
783799,8,Sitting,112482521492000,-0.53,-1.53,9.53
783800,8,Sitting,112482561470000,-0.46,-1.42,9.49
783801,8,Sitting,112482601478000,-0.61,-1.46,9.49
783802,8,Sitting,112482681465000,-0.69,-1.5,9.49
783803,8,Sitting,112482721443000,-0.72,-1.57,9.53
783804,8,Sitting,112482761512000,-0.57,-1.57,9.47
783805,8,Sitting,112482802070000,-0.57,-1.42,9.47
783806,8,Sitting,112482881538000,-0.72,-1.42,9.49
783807,8,Sitting,112482921516000,-0.65,-1.5,9.49
783808,8,Sitting,112482961494000,-0.61,-1.57,9.47
783809,8,Sitting,112483001533000,-0.65,-1.53,9.49
783810,8,Sitting,112483081489000,-0.65,-1.5,9.58
783811,8,Sitting,112483121498000,-0.61,-1.53,9.53
783812,8,Sitting,112483161476000,-0.65,-1.5,9.53
783813,8,Sitting,112483201545000,-0.69,-1.53,9.47
783814,8,Sitting,112483241707000,-0.69,-1.53,9.49
783815,8,Sitting,112483241707000,-0.69,-1.53,9.49
783816,8,Sitting,112483361458000,-0.65,-1.57,9.49
783818,8,Sitting,112483401466000,-0.65,-1.53,9.49
783817,8,Sitting,112483401466000,-0.65,-1.53,9.49
783819,8,Sitting,112483521583000,-0.69,-1.53,9.53
783820,8,Sitting,112483561470000,-0.65,-1.5,9.53
783821,8,Sitting,112483601509000,-0.61,-1.5,9.47
783822,8,Sitting,112483681556000,-0.72,-1.57,9.49
783823,8,Sitting,112483721443000,-0.65,-1.53,9.49
783824,8,Sitting,112483761635000,-0.61,-1.53,9.47
783825,8,Sitting,112483801521000,-0.69,-1.53,9.49
783826,8,Sitting,112483881569000,-0.61,-1.5,9.53
783827,8,Sitting,112483921516000,-0.61,-1.53,9.49
783829,8,Sitting,112483961464000,-0.65,-1.53,9.49
783828,8,Sitting,112483961464000,-0.65,-1.53,9.49
783830,8,Sitting,112484081459000,-0.65,-1.5,9.53
783831,8,Sitting,112484121467000,-0.72,-1.53,9.49
783832,8,Sitting,112484161476000,-0.69,-1.57,9.49
783833,8,Sitting,112484201515000,-0.69,-1.53,9.49
783834,8,Sitting,112484281532000,-0.65,-1.53,9.53
783835,8,Sitting,112484321479000,-0.65,-1.53,9.49
783836,8,Sitting,112484361488000,-0.72,-1.61,9.49
783837,8,Sitting,112484401466000,-0.72,-1.53,9.47
783838,8,Sitting,112484481483000,-0.53,-1.42,9.53
783839,8,Sitting,112484521522000,-0.65,-1.46,9.43
783840,8,Sitting,112484521522000,-0.65,-1.46,9.43
783841,8,Sitting,112484601478000,-0.76,-1.65,9.53
783842,8,Sitting,112484682228000,-0.61,-1.46,9.49
783843,8,Sitting,112484722084000,-0.69,-1.42,9.49
783844,8,Sitting,112484761512000,-0.76,-1.57,9.58
783845,8,Sitting,112484802437000,-0.69,-1.57,9.47
783846,8,Sitting,112484881599000,-0.5,-1.61,9.53
