,user,label,timestamp,x,y,z
640618,12,Sitting,18695381539000,8.2,-2.14,3.91
640619,12,Sitting,18695461495000,8.12,-2.22,3.91
640620,12,Sitting,18695501504000,8.16,-2.18,4.02
640621,12,Sitting,18695541634000,8.16,-2.14,4.02
640622,12,Sitting,18695581551000,8.2,-2.18,3.91
640623,12,Sitting,18695661507000,8.12,-2.14,3.98
640624,12,Sitting,18695701516000,8.16,-2.14,3.98
640625,12,Sitting,18695741524000,8.2,-2.14,3.95
640626,12,Sitting,18695781533000,8.16,-2.18,4.06
640628,12,Sitting,18695862557000,8.2,-2.14,3.95
640627,12,Sitting,18695862557000,8.2,-2.14,3.95
640629,12,Sitting,18695941476000,8.16,-2.14,3.98
640630,12,Sitting,18695981667000,8.12,-2.14,3.98
640631,12,Sitting,18696064095000,8.12,-2.14,3.98
640632,12,Sitting,18696101571000,8.2,-2.14,3.98
640633,12,Sitting,18696141518000,8.16,-2.18,3.98
640634,12,Sitting,18696181557000,8.12,-2.22,4.06
640635,12,Sitting,18696261514000,8.16,-2.14,3.98
640636,12,Sitting,18696302804000,8.16,-2.14,4.02
640637,12,Sitting,18696341714000,8.16,-2.14,3.95
640638,12,Sitting,18696381600000,8.2,-2.11,3.91
640639,12,Sitting,18696461495000,8.16,-2.14,4.02
640641,12,Sitting,18696501504000,8.16,-2.18,3.98
640640,12,Sitting,18696501504000,8.16,-2.18,3.98
640642,12,Sitting,18696581643000,8.16,-2.14,3.98
640643,12,Sitting,18696661629000,8.12,-2.14,3.98
640644,12,Sitting,18696701516000,8.12,-2.18,3.95
640645,12,Sitting,18696741524000,8.2,-2.18,3.95
640646,12,Sitting,18696781594000,8.12,-2.11,4.02
640647,12,Sitting,18696861520000,8.12,-2.18,4.02
640648,12,Sitting,18696901650000,8.16,-2.14,3.98
640649,12,Sitting,18696941506000,8.2,-2.18,3.98
640650,12,Sitting,18696981576000,8.2,-2.18,3.91
640651,12,Sitting,18697061501000,8.2,-2.14,3.98
640652,12,Sitting,18697101693000,8.2,-2.14,3.95
640653,12,Sitting,18697141549000,8.24,-2.11,3.95
640654,12,Sitting,18697181527000,8.16,-2.14,3.98
640655,12,Sitting,18697261514000,8.16,-2.18,3.95
640656,12,Sitting,18697301583000,8.24,-2.14,3.91
640657,12,Sitting,18697341531000,8.27,-2.14,3.91
640658,12,Sitting,18697381539000,8.27,-2.11,3.87
640659,12,Sitting,18697461526000,8.08,-2.3,4.02
640660,12,Sitting,18697501534000,8.2,-2.26,3.98
640661,12,Sitting,18697541512000,8.2,-2.11,3.87
640662,12,Sitting,18697581551000,8.12,-1.99,4.18
640663,12,Sitting,18697661507000,8.16,-2.11,4.02
640664,12,Sitting,18697701516000,8.2,-2.22,3.95
640665,12,Sitting,18697741555000,8.08,-2.14,4.06
640666,12,Sitting,18697781564000,8.16,-2.11,3.98
640667,12,Sitting,18697861520000,8.12,-2.14,3.95
640668,12,Sitting,18697901498000,8.12,-2.11,4.06
640669,12,Sitting,18697941506000,8.16,-2.07,4.02
640670,12,Sitting,18697981667000,8.2,-2.14,3.98
640671,12,Sitting,18698061501000,8.12,-2.22,3.98
640672,12,Sitting,18698103158000,8.2,-2.14,3.98
640673,12,Sitting,18698141457000,8.2,-2.11,3.95
640674,12,Sitting,18698181649000,8.2,-2.18,4.06
640675,12,Sitting,18698261544000,8.16,-2.14,4.06
640676,12,Sitting,18698301522000,8.12,-2.11,3.95
640677,12,Sitting,18698431283000,8.16,-2.11,3.95
640678,12,Sitting,18698431283000,8.16,-2.11,3.95
640679,12,Sitting,18698471383000,8.2,-2.11,3.98
640680,12,Sitting,18698511452000,8.16,-2.11,4.06
640681,12,Sitting,18698552102000,8.08,-2.14,4.06
640682,12,Sitting,18698591500000,8.12,-2.14,4.02
640683,12,Sitting,18698631509000,8.16,-2.14,4.02
640685,12,Sitting,18698711495000,8.16,-2.11,4.06
640684,12,Sitting,18698711495000,8.16,-2.11,4.06
640686,12,Sitting,18698791512000,8.2,-2.11,4.06
640687,12,Sitting,18698832253000,8.01,-2.11,4.02
640688,12,Sitting,18698911507000,8.2,-2.11,3.98
640689,12,Sitting,18698951516000,8.2,-2.14,3.98
640690,12,Sitting,18698991555000,8.16,-2.18,3.98
640691,12,Sitting,18699031655000,8.12,-2.14,4.06
640692,12,Sitting,18699112191000,8.12,-2.14,4.02
640693,12,Sitting,18699151559000,8.2,-2.14,3.98
640694,12,Sitting,18699191506000,8.16,-2.14,4.06
640695,12,Sitting,18699231545000,8.16,-2.22,3.98
640696,12,Sitting,18699311471000,8.16,-2.22,3.98
640697,12,Sitting,18699351296000,8.16,-2.11,3.98
640698,12,Sitting,18699391305000,8.16,-2.07,4.06
640699,12,Sitting,18699431618000,8.16,-2.14,4.1
640700,12,Sitting,18699511514000,8.16,-2.07,3.98
640701,12,Sitting,18699551522000,8.12,-2.18,4.02
640702,12,Sitting,18699591500000,8.08,-2.22,4.1
640703,12,Sitting,18699631448000,8.12,-2.14,4.06
640704,12,Sitting,18699711495000,8.16,-2.18,3.95
640705,12,Sitting,18699752114000,8.16,-2.18,4.02
640706,12,Sitting,18699791482000,8.16,-2.14,4.06
640707,12,Sitting,18699833657000,8.16,-2.07,4.02
640708,12,Sitting,18699871682000,8.2,-2.07,3.98
640709,12,Sitting,18699951516000,8.12,-2.11,4.02
640710,12,Sitting,18699991494000,8.16,-2.14,4.06
640711,12,Sitting,18700031838000,8.16,-2.22,3.98
640712,12,Sitting,18700111550000,8.05,-2.22,4.06
640713,12,Sitting,18700153695000,8.12,-2.11,4.06
640714,12,Sitting,18700191537000,8.16,-2.07,4.06
640715,12,Sitting,18700231545000,8.16,-2.14,3.98
640716,12,Sitting,18700311532000,8.2,-2.11,4.02
640717,12,Sitting,18700351937000,8.2,-2.14,3.98
640718,12,Sitting,18700391549000,8.2,-2.14,4.02
640719,12,Sitting,18700431496000,8.12,-2.18,4.06
640720,12,Sitting,18700511514000,8.16,-2.11,4.06
640721,12,Sitting,18700551522000,8.12,-2.14,4.06
640722,12,Sitting,18700591500000,8.16,-2.14,4.02
640723,12,Sitting,18700631478000,8.2,-2.11,4.02
640724,12,Sitting,18700711495000,8.16,-2.07,4.02
640725,12,Sitting,18700751504000,8.16,-2.11,3.98
640726,12,Sitting,18700791543000,8.12,-2.18,4.06
640727,12,Sitting,18700833962000,8.08,-2.14,4.02
640728,12,Sitting,18700911507000,8.2,-2.07,4.02
640729,12,Sitting,18700952096000,8.16,-2.03,4.06
640730,12,Sitting,18700991494000,8.16,-2.18,4.02
640731,12,Sitting,18701031625000,8.16,-2.14,3.95
640732,12,Sitting,18701111520000,8.01,-2.14,3.98
640733,12,Sitting,18701151528000,8.12,-2.11,3.98
640734,12,Sitting,18701191476000,8.2,-2.11,4.02
640735,12,Sitting,18701231484000,8.2,-2.11,3.98
640736,12,Sitting,18701311501000,8.16,-2.14,3.98
640737,12,Sitting,18701351540000,8.16,-2.11,3.95
640738,12,Sitting,18701391488000,8.12,-2.14,4.02
640739,12,Sitting,18701431527000,8.16,-2.07,3.95
640740,12,Sitting,18701511483000,8.24,-2.03,3.98
640741,12,Sitting,18701552163000,8.2,-2.11,4.02
640742,12,Sitting,18701591531000,8.16,-2.11,4.02
640743,12,Sitting,18701631478000,8.16,-2.07,3.98
640744,12,Sitting,18701711495000,8.2,-2.11,4.02
640745,12,Sitting,18701751504000,8.2,-2.11,3.98
640746,12,Sitting,18701791512000,8.2,-2.18,3.87
640747,12,Sitting,18701831521000,8.16,-2.14,3.91
640748,12,Sitting,18701911538000,8.16,-2.07,3.95
640749,12,Sitting,18701951852000,8.2,-2.07,3.98
640750,12,Sitting,18701991524000,8.16,-2.11,3.87
640751,12,Sitting,18702031808000,8.16,-2.11,3.91
640752,12,Sitting,18702111520000,8.16,-2.14,3.91
640753,12,Sitting,18702151742000,8.16,-2.07,3.95
640754,12,Sitting,18702191506000,8.2,-2.07,3.95
640755,12,Sitting,18702231515000,8.2,-2.14,3.98
640756,12,Sitting,18702311532000,8.16,-2.11,3.98
640757,12,Sitting,18702352212000,8.2,-2.11,3.98
640758,12,Sitting,18702403054000,8.16,-2.11,3.98
640759,12,Sitting,18702441506000,8.16,-2.14,3.98
640760,12,Sitting,18702481515000,8.16,-2.07,3.98
640761,12,Sitting,18702561501000,8.2,-2.11,3.98
640762,12,Sitting,18702601540000,8.2,-2.14,3.91
640763,12,Sitting,18702643655000,8.16,-2.18,3.95
640764,12,Sitting,18702681527000,8.2,-2.11,3.98
640765,12,Sitting,18702721688000,8.2,-2.11,3.95
640766,12,Sitting,18702801492000,8.16,-2.14,3.98
640767,12,Sitting,18702841592000,8.2,-2.11,3.95
640768,12,Sitting,18702881692000,8.2,-2.03,3.98
640769,12,Sitting,18702961495000,8.2,-2.07,3.95
640771,12,Sitting,18703001504000,8.2,-2.11,3.95
640770,12,Sitting,18703001504000,8.2,-2.11,3.95
640772,12,Sitting,18703081582000,8.16,-2.18,3.95
640773,12,Sitting,18703161507000,8.16,-2.07,3.98
640774,12,Sitting,18703201516000,8.2,-2.07,3.98
640775,12,Sitting,18703241524000,8.16,-2.11,3.98
640776,12,Sitting,18703281533000,8.2,-2.14,3.95
640777,12,Sitting,18703361550000,8.16,-2.07,3.98
640778,12,Sitting,18703401742000,8.16,-2.03,3.98
640779,12,Sitting,18703482186000,8.2,-2.07,3.91
640780,12,Sitting,18703482186000,8.2,-2.07,3.91
640781,12,Sitting,18703561440000,8.16,-2.07,3.98
640782,12,Sitting,18703601510000,8.16,-2.11,3.98
640783,12,Sitting,18703643655000,8.16,-2.07,3.98
640784,12,Sitting,18703681527000,8.16,-2.03,3.98
640785,12,Sitting,18703766152000,8.16,-2.14,3.95
640786,12,Sitting,18703803384000,8.2,-2.14,3.98
640787,12,Sitting,18703841836000,8.2,-2.11,3.95
640788,12,Sitting,18703881570000,8.2,-2.14,3.98
640789,12,Sitting,18703961465000,8.2,-2.14,3.95
640790,12,Sitting,18704001809000,8.2,-2.11,3.98
640791,12,Sitting,18704042123000,8.2,-2.14,3.95
640792,12,Sitting,18704081612000,8.16,-2.11,3.98
640793,12,Sitting,18704161599000,8.2,-2.07,4.02
640794,12,Sitting,18704202493000,8.2,-2.07,3.98
640795,12,Sitting,18704241524000,8.2,-2.14,3.95
640796,12,Sitting,18704281503000,8.2,-2.11,3.95
640797,12,Sitting,18704361550000,8.2,-2.11,3.91
640798,12,Sitting,18704401498000,8.16,-2.14,3.98
640800,12,Sitting,18704451424000,8.2,-2.11,3.95
640799,12,Sitting,18704451424000,8.2,-2.11,3.95
640801,12,Sitting,18704531564000,8.16,-2.07,3.98
640802,12,Sitting,18704611520000,8.2,-2.11,3.95
640803,12,Sitting,18704651498000,8.2,-2.11,3.98
640804,12,Sitting,18704691506000,8.2,-2.11,3.95
640805,12,Sitting,18704731545000,8.2,-2.14,3.98
640806,12,Sitting,18704771859000,8.2,-2.14,3.98
640807,12,Sitting,18704851510000,8.16,-2.11,3.91
640808,12,Sitting,18704891518000,8.16,-2.11,3.98
640809,12,Sitting,18704931466000,8.2,-2.11,3.98
640810,12,Sitting,18705011452000,8.16,-2.11,3.95
640811,12,Sitting,18705051522000,8.16,-2.11,3.91
640812,12,Sitting,18705091531000,8.2,-2.11,3.98
640813,12,Sitting,18705131509000,8.16,-2.07,3.98
640814,12,Sitting,18705211465000,8.16,-2.07,3.95
640815,12,Sitting,18705252175000,8.16,-2.11,3.91
640816,12,Sitting,18705291512000,8.16,-2.07,3.98
640817,12,Sitting,18705331521000,8.2,-2.07,3.95
