,user,label,timestamp,x,y,z
468628,16,Sitting,983272319000,5.48,2.64,8.31
468629,16,Sitting,983322337000,5.37,2.56,8.28
468630,16,Sitting,983372295000,5.43,2.53,8.28
468631,16,Sitting,983422343000,5.41,2.56,8.2
468632,16,Sitting,983472301000,5.43,2.56,8.28
468633,16,Sitting,983522319000,5.41,2.53,8.24
468634,16,Sitting,983572307000,5.48,2.53,8.24
468635,16,Sitting,983622325000,5.41,2.53,8.28
468636,16,Sitting,983672343000,5.43,2.56,8.24
468637,16,Sitting,983742259000,5.41,2.56,8.24
468638,16,Sitting,983792278000,5.41,2.53,8.2
468639,16,Sitting,983842326000,5.37,2.53,8.2
468640,16,Sitting,983892284000,5.41,2.53,8.28
468641,16,Sitting,983942302000,5.33,2.56,8.28
468642,16,Sitting,983992320000,5.41,2.6,8.31
468643,16,Sitting,984042278000,5.41,2.6,8.24
468644,16,Sitting,984092326000,5.41,2.56,8.28
468645,16,Sitting,984142375000,5.43,2.49,8.2
468646,16,Sitting,984192333000,5.41,2.53,8.24
468647,16,Sitting,984242290000,5.37,2.56,8.24
468648,16,Sitting,984292308000,5.37,2.53,8.24
468649,16,Sitting,984342296000,5.37,2.53,8.28
468650,16,Sitting,984392375000,5.41,2.56,8.24
468651,16,Sitting,984442333000,5.48,2.6,8.24
468652,16,Sitting,984492320000,5.43,2.53,8.2
468653,16,Sitting,984542369000,5.48,2.64,8.28
468654,16,Sitting,984592326000,5.41,2.56,8.24
468655,16,Sitting,984642314000,5.37,2.56,8.28
468656,16,Sitting,984692302000,5.37,2.53,8.28
468657,16,Sitting,984742320000,5.41,2.56,8.24
468658,16,Sitting,984792308000,5.48,2.56,8.28
468659,16,Sitting,984842296000,5.48,2.53,8.24
468660,16,Sitting,984892345000,5.43,2.49,8.28
468661,16,Sitting,984942302000,5.41,2.53,8.28
468662,16,Sitting,984992259000,5.48,2.53,8.28
468663,16,Sitting,985042278000,5.43,2.56,8.28
468664,16,Sitting,985092296000,5.43,2.56,8.2
468665,16,Sitting,985142314000,5.43,2.56,8.24
468666,16,Sitting,985192271000,5.37,2.56,8.24
468667,16,Sitting,985243083000,5.41,2.56,8.24
468668,16,Sitting,985292308000,5.37,2.56,8.28
468669,16,Sitting,985342296000,5.41,2.49,8.28
468670,16,Sitting,985392284000,5.41,2.53,8.28
468671,16,Sitting,985442302000,5.41,2.53,8.24
468672,16,Sitting,985492290000,5.43,2.56,8.24
468673,16,Sitting,985542308000,5.41,2.53,8.16
468674,16,Sitting,985592326000,5.48,2.53,8.24
468675,16,Sitting,985642284000,5.48,2.49,8.24
468676,16,Sitting,985692302000,5.48,2.56,8.31
468677,16,Sitting,985742290000,5.48,2.53,8.28
468678,16,Sitting,985792308000,5.43,2.53,8.28
468679,16,Sitting,985842296000,5.43,2.53,8.2
468681,16,Sitting,985892314000,5.43,2.56,8.28
468680,16,Sitting,985892314000,5.43,2.56,8.28
468682,16,Sitting,985992320000,5.37,2.53,8.24
468683,16,Sitting,986042308000,5.41,2.53,8.31
468684,16,Sitting,986092326000,5.37,2.49,8.35
468685,16,Sitting,986142345000,5.37,2.56,8.31
468686,16,Sitting,986142345000,5.37,2.56,8.31
468687,16,Sitting,986242381000,5.28,2.53,8.28
468688,16,Sitting,986292339000,5.37,2.56,8.31
468689,16,Sitting,986342326000,5.33,2.53,8.35
468690,16,Sitting,986392345000,5.37,2.56,8.31
468691,16,Sitting,986442302000,5.37,2.53,8.31
468692,16,Sitting,986492290000,5.41,2.53,8.28
468693,16,Sitting,986542308000,5.37,2.53,8.31
468694,16,Sitting,986592296000,5.37,2.56,8.28
468695,16,Sitting,986642314000,5.41,2.6,8.28
468696,16,Sitting,986692333000,5.41,2.56,8.35
468697,16,Sitting,986742290000,5.41,2.53,8.31
468698,16,Sitting,986792278000,5.41,2.56,8.31
468699,16,Sitting,986842296000,5.43,2.56,8.24
468700,16,Sitting,986892314000,5.37,2.53,8.28
468701,16,Sitting,986942271000,5.37,2.53,8.24
468702,16,Sitting,986992290000,5.37,2.6,8.24
468703,16,Sitting,987042308000,5.41,2.56,8.31
468704,16,Sitting,987092296000,5.41,2.6,8.35
468705,16,Sitting,987142375000,5.43,2.53,8.31
468706,16,Sitting,987192302000,5.43,2.6,8.28
468707,16,Sitting,987242320000,5.37,2.53,8.24
468708,16,Sitting,987292308000,5.37,2.53,8.31
468709,16,Sitting,987342296000,5.41,2.56,8.31
468710,16,Sitting,987392314000,5.41,2.56,8.28
468711,16,Sitting,987442302000,5.37,2.56,8.31
468712,16,Sitting,987492259000,5.43,2.56,8.31
468713,16,Sitting,987542278000,5.43,2.56,8.28
468714,16,Sitting,987592296000,5.41,2.56,8.31
468715,16,Sitting,987642314000,5.37,2.56,8.28
468716,16,Sitting,987692302000,5.41,2.6,8.28
468717,16,Sitting,987692302000,5.41,2.6,8.28
468718,16,Sitting,987792308000,5.43,2.53,8.28
468719,16,Sitting,987792308000,5.43,2.53,8.28
468720,16,Sitting,987892314000,5.41,2.56,8.28
468721,16,Sitting,987942302000,5.43,2.6,8.28
468722,16,Sitting,987992290000,5.41,2.53,8.31
468723,16,Sitting,988042308000,5.43,2.49,8.28
468724,16,Sitting,988092326000,5.41,2.56,8.24
468725,16,Sitting,988142314000,5.43,2.56,8.28
468726,16,Sitting,988192302000,5.48,2.56,8.28
468728,16,Sitting,988242290000,5.41,2.56,8.24
468727,16,Sitting,988242290000,5.41,2.56,8.24
468729,16,Sitting,988342387000,5.37,2.56,8.28
468730,16,Sitting,988392345000,5.41,2.56,8.31
468731,16,Sitting,988442302000,5.43,2.56,8.28
468732,16,Sitting,988492290000,5.41,2.53,8.28
468733,16,Sitting,988542308000,5.43,2.6,8.28
468734,16,Sitting,988592326000,5.41,2.56,8.31
468735,16,Sitting,988642314000,5.37,2.56,8.28
468736,16,Sitting,988692333000,5.43,2.6,8.31
468737,16,Sitting,988742290000,5.43,2.56,8.24
468738,16,Sitting,988742290000,5.43,2.56,8.24
468739,16,Sitting,988812267000,5.41,2.56,8.28
468740,16,Sitting,988862285000,5.43,2.6,8.28
468741,16,Sitting,988912303000,5.43,2.56,8.28
468742,16,Sitting,988962291000,5.43,2.56,8.31
468743,16,Sitting,989012340000,5.41,2.53,8.28
468744,16,Sitting,989062328000,5.43,2.56,8.24
468745,16,Sitting,989112315000,5.41,2.56,8.24
468746,16,Sitting,989162334000,5.43,2.6,8.31
468747,16,Sitting,989212322000,5.41,2.53,8.28
468748,16,Sitting,989262309000,5.43,2.53,8.28
468749,16,Sitting,989312297000,5.41,2.53,8.31
468750,16,Sitting,989362346000,5.41,2.56,8.28
468751,16,Sitting,989412303000,5.52,2.56,8.31
468752,16,Sitting,989462291000,5.48,2.56,8.28
468753,16,Sitting,989512340000,5.43,2.6,8.28
468754,16,Sitting,989562328000,5.43,2.56,8.24
468755,16,Sitting,989612315000,5.37,2.53,8.24
468756,16,Sitting,989662334000,5.41,2.49,8.28
468757,16,Sitting,989712291000,5.41,2.53,8.28
468758,16,Sitting,989762309000,5.41,2.56,8.24
468759,16,Sitting,989812328000,5.43,2.56,8.31
468760,16,Sitting,989862346000,5.41,2.56,8.28
468761,16,Sitting,989912303000,5.37,2.56,8.28
468763,16,Sitting,989962322000,5.41,2.56,8.28
468762,16,Sitting,989962322000,5.41,2.56,8.28
468764,16,Sitting,990062297000,5.43,2.56,8.24
468765,16,Sitting,990112346000,5.41,2.53,8.28
468766,16,Sitting,990112346000,5.41,2.53,8.28
468767,16,Sitting,990212322000,5.43,2.56,8.31
468768,16,Sitting,990262340000,5.43,2.6,8.24
468769,16,Sitting,990312297000,5.43,2.53,8.24
468770,16,Sitting,990362315000,5.43,2.53,8.28
468771,16,Sitting,990412303000,5.43,2.53,8.2
468772,16,Sitting,990462291000,5.43,2.56,8.24
468773,16,Sitting,990512309000,5.43,2.49,8.24
468774,16,Sitting,990562358000,5.48,2.53,8.2
468775,16,Sitting,990612315000,5.48,2.53,8.24
468776,16,Sitting,990662303000,5.52,2.53,8.2
468777,16,Sitting,990712322000,5.52,2.56,8.28
468778,16,Sitting,990762309000,5.52,2.6,8.28
468779,16,Sitting,990812328000,5.56,2.56,8.31
468780,16,Sitting,990862346000,5.52,2.53,8.2
468781,16,Sitting,990912334000,5.56,2.56,8.28
468782,16,Sitting,990962322000,5.56,2.53,8.2
468783,16,Sitting,991012279000,5.52,2.53,8.24
468784,16,Sitting,991062297000,5.52,2.53,8.2
468785,16,Sitting,991062297000,5.52,2.53,8.2
468786,16,Sitting,991162303000,5.52,2.56,8.28
468787,16,Sitting,991212322000,5.48,2.56,8.24
468788,16,Sitting,991262340000,5.52,2.6,8.2
468790,16,Sitting,991312328000,5.48,2.56,8.24
468789,16,Sitting,991312328000,5.48,2.56,8.24
468791,16,Sitting,991412303000,5.48,2.56,8.28
468792,16,Sitting,991462291000,5.52,2.56,8.28
468793,16,Sitting,991512309000,5.43,2.56,8.24
468794,16,Sitting,991562297000,5.48,2.56,8.24
468795,16,Sitting,991612315000,5.52,2.56,8.2
468797,16,Sitting,991722118000,5.52,2.56,8.2
468796,16,Sitting,991722118000,5.52,2.56,8.2
468798,16,Sitting,991772228000,5.52,2.56,8.16
468799,16,Sitting,991822368000,5.52,2.53,8.24
468800,16,Sitting,991872386000,5.48,2.56,8.24
468801,16,Sitting,991922374000,5.48,2.53,8.2
468802,16,Sitting,991972331000,5.52,2.53,8.24
468803,16,Sitting,992022319000,5.48,2.56,8.2
468804,16,Sitting,992072337000,5.56,2.53,8.24
468806,16,Sitting,992122295000,5.56,2.56,8.24
468805,16,Sitting,992122295000,5.56,2.56,8.24
468807,16,Sitting,992222301000,5.52,2.49,8.24
468808,16,Sitting,992272289000,5.56,2.56,8.24
468809,16,Sitting,992322337000,5.52,2.53,8.16
468810,16,Sitting,992372325000,5.48,2.56,8.2
468811,16,Sitting,992422313000,5.43,2.49,8.2
468812,16,Sitting,992472331000,5.41,2.53,8.24
468813,16,Sitting,992522319000,5.43,2.56,8.2
468814,16,Sitting,992572307000,5.52,2.56,8.24
468815,16,Sitting,992622295000,5.48,2.53,8.24
468816,16,Sitting,992672313000,5.48,2.53,8.28
468817,16,Sitting,992722301000,5.41,2.53,8.24
468818,16,Sitting,992772289000,5.41,2.56,8.2
468819,16,Sitting,992822337000,5.37,2.53,8.24
468820,16,Sitting,992872295000,5.41,2.53,8.24
468821,16,Sitting,992922374000,5.43,2.56,8.28
468822,16,Sitting,992972301000,5.43,2.56,8.24
468823,16,Sitting,993022289000,5.48,2.56,8.28
468824,16,Sitting,993072307000,5.43,2.56,8.28
468825,16,Sitting,993122295000,5.43,2.53,8.24
468826,16,Sitting,993172343000,5.48,2.56,8.35
468827,16,Sitting,993222301000,5.48,2.56,8.24
