,user,label,timestamp,x,y,z
570891,20,Sitting,58711952313000,0.76,4.82,8.73
570892,20,Sitting,58712002575000,0.89,4.9,8.77
570893,20,Sitting,58712052319000,0.89,4.99,8.62
570894,20,Sitting,58712102306000,1.12,5.05,8.54
570895,20,Sitting,58712152294000,1.14,5.01,8.62
570896,20,Sitting,58712202282000,1.14,4.94,8.54
570897,20,Sitting,58712252300000,1.08,5.05,8.62
570898,20,Sitting,58712302288000,0.84,4.99,8.62
570899,20,Sitting,58712352276000,0.99,5.05,8.62
570900,20,Sitting,58712402294000,1.08,5.09,8.54
570901,20,Sitting,58712452282000,1.08,5.01,8.58
570902,20,Sitting,58712502300000,1.12,5.05,8.58
570903,20,Sitting,58712552319000,0.99,5.05,8.62
570904,20,Sitting,58712602276000,0.93,5.05,8.62
570905,20,Sitting,58712652294000,0.89,5.01,8.66
570906,20,Sitting,58712702313000,0.89,5.05,8.58
570907,20,Sitting,58712752300000,0.99,5.01,8.62
570908,20,Sitting,58712802288000,0.99,5.01,8.58
570909,20,Sitting,58712852276000,0.99,5.05,8.58
570910,20,Sitting,58712902264000,1.04,5.05,8.58
570911,20,Sitting,58712952313000,0.99,4.99,8.62
570912,20,Sitting,58713002300000,0.89,5.01,8.66
570913,20,Sitting,58713052319000,0.93,5.01,8.58
570914,20,Sitting,58713102306000,0.95,4.99,8.62
570915,20,Sitting,58713152264000,0.93,4.94,8.62
570916,20,Sitting,58713202313000,0.93,4.99,8.66
570917,20,Sitting,58713252270000,0.84,4.9,8.66
570918,20,Sitting,58713302288000,0.84,4.94,8.69
570919,20,Sitting,58713352276000,0.8,4.94,8.66
570920,20,Sitting,58713402294000,0.84,4.94,8.73
570921,20,Sitting,58713452282000,0.84,4.94,8.62
570922,20,Sitting,58713502331000,0.89,4.99,8.62
570923,20,Sitting,58713552319000,0.95,4.94,8.54
570924,20,Sitting,58713602306000,0.89,4.99,8.58
570925,20,Sitting,58713652294000,0.84,4.94,8.66
570926,20,Sitting,58713702313000,0.72,4.86,8.69
570927,20,Sitting,58713752270000,0.69,4.86,8.69
570928,20,Sitting,58713802319000,0.8,4.9,8.62
570929,20,Sitting,58713852306000,0.72,4.86,8.66
570930,20,Sitting,58713902294000,0.84,4.94,8.62
570931,20,Sitting,58713952252000,0.84,4.99,8.62
570932,20,Sitting,58714002544000,0.8,4.99,8.62
570933,20,Sitting,58714052319000,0.72,4.86,8.62
570934,20,Sitting,58714102276000,0.76,4.9,8.62
570935,20,Sitting,58714152264000,0.76,4.86,8.66
570936,20,Sitting,58714202282000,0.76,4.99,8.62
570937,20,Sitting,58714252300000,0.69,4.9,8.66
570938,20,Sitting,58714302288000,0.76,4.9,8.69
570939,20,Sitting,58714352276000,0.69,4.9,8.58
570940,20,Sitting,58714402294000,0.8,4.94,8.69
570941,20,Sitting,58714452313000,0.69,4.9,8.73
570942,20,Sitting,58714502300000,0.57,4.86,8.69
570943,20,Sitting,58714552319000,0.57,4.82,8.73
570944,20,Sitting,58714602306000,0.61,4.82,8.69
570945,20,Sitting,58714652264000,0.61,4.82,8.73
570946,20,Sitting,58714702282000,0.69,4.82,8.73
570947,20,Sitting,58714752300000,0.65,4.82,8.77
570948,20,Sitting,58714802319000,0.61,4.79,8.69
570949,20,Sitting,58714852306000,0.53,4.75,8.77
570950,20,Sitting,58714902294000,0.5,4.75,8.85
570951,20,Sitting,58714952313000,0.57,4.82,8.69
570952,20,Sitting,58715002300000,0.69,4.86,8.66
570953,20,Sitting,58715052288000,0.69,4.9,8.66
570954,20,Sitting,58715102306000,0.57,4.86,8.69
570955,20,Sitting,58715152264000,0.57,4.9,8.62
570956,20,Sitting,58715202313000,0.65,4.79,8.73
570957,20,Sitting,58715252270000,0.65,4.86,8.73
570958,20,Sitting,58715302319000,0.42,4.75,8.69
570959,20,Sitting,58715352276000,0.34,4.75,8.77
570960,20,Sitting,58715402264000,0.38,4.75,8.81
570961,20,Sitting,58715452282000,0.34,4.75,8.81
570962,20,Sitting,58715502300000,0.27,4.6,8.89
570963,20,Sitting,58715502300000,0.27,4.6,8.89
570964,20,Sitting,58715602276000,0.15,4.6,8.92
570966,20,Sitting,58715652264000,0.19,4.56,8.92
570965,20,Sitting,58715652264000,0.19,4.56,8.92
570967,20,Sitting,58715722332000,0.23,4.63,8.85
570968,20,Sitting,58715772289000,0.19,4.67,8.89
570969,20,Sitting,58715822338000,0.42,4.63,8.89
570970,20,Sitting,58715882305000,0.23,4.63,8.92
570971,20,Sitting,58715932324000,0.08,4.67,9.0
570972,20,Sitting,58715982342000,0.19,4.63,8.77
570973,20,Sitting,58716032299000,0.5,4.75,8.77
570974,20,Sitting,58716082317000,0.61,4.75,8.73
570975,20,Sitting,58716132305000,0.53,4.71,8.73
570976,20,Sitting,58716182293000,0.31,4.71,8.85
570977,20,Sitting,58716232311000,0.31,4.75,8.77
570978,20,Sitting,58716282330000,0.5,4.9,8.73
570979,20,Sitting,58716332317000,0.53,4.94,8.73
570980,20,Sitting,58716382336000,0.61,4.9,8.66
570981,20,Sitting,58716432324000,0.65,4.82,8.77
570982,20,Sitting,58716482281000,0.5,4.82,8.77
570983,20,Sitting,58716532299000,0.42,4.82,8.73
570984,20,Sitting,58716582317000,0.46,4.82,8.69
570985,20,Sitting,58716632336000,0.5,4.79,8.77
570986,20,Sitting,58716682293000,0.46,4.79,8.73
570987,20,Sitting,58716732311000,0.46,4.79,8.77
570988,20,Sitting,58716782299000,0.38,4.79,8.81
570989,20,Sitting,58716832348000,0.46,4.75,8.73
570990,20,Sitting,58716882305000,0.53,4.79,8.73
570991,20,Sitting,58716882305000,0.53,4.79,8.73
570992,20,Sitting,58716982311000,0.5,4.79,8.77
570993,20,Sitting,58717032421000,0.42,4.79,8.77
570994,20,Sitting,58717082348000,0.46,4.82,8.81
570995,20,Sitting,58717132336000,0.42,4.79,8.73
570996,20,Sitting,58717182293000,0.5,4.82,8.73
570997,20,Sitting,58717232311000,0.57,4.79,8.73
570998,20,Sitting,58717282330000,0.53,4.82,8.81
570999,20,Sitting,58717332348000,0.38,4.86,8.77
571000,20,Sitting,58717382305000,0.38,4.82,8.77
571001,20,Sitting,58717432324000,0.57,4.79,8.73
571002,20,Sitting,58717482372000,0.5,4.71,8.77
571003,20,Sitting,58717532330000,0.38,4.75,8.69
571004,20,Sitting,58717582378000,0.42,4.82,8.73
571005,20,Sitting,58717632305000,0.57,4.82,8.73
571006,20,Sitting,58717682293000,0.61,4.82,8.77
571007,20,Sitting,58717732311000,0.5,4.75,8.77
571008,20,Sitting,58717782330000,0.38,4.82,8.81
571009,20,Sitting,58717832317000,0.34,4.79,8.81
571010,20,Sitting,58717882336000,0.19,4.63,8.92
571011,20,Sitting,58717932324000,0.34,4.71,8.85
571012,20,Sitting,58717982342000,0.53,4.9,8.66
571013,20,Sitting,58718032299000,0.61,4.82,8.66
571014,20,Sitting,58718082348000,0.5,4.71,8.77
571015,20,Sitting,58718132305000,0.5,4.67,8.73
571016,20,Sitting,58718182293000,0.38,4.67,8.85
571017,20,Sitting,58718232342000,0.27,4.75,8.85
571018,20,Sitting,58718282330000,0.31,4.71,8.77
571019,20,Sitting,58718332348000,0.38,4.63,8.81
571020,20,Sitting,58718382336000,0.34,4.71,8.92
571021,20,Sitting,58718432293000,0.31,4.56,8.92
571022,20,Sitting,58718482342000,0.34,4.6,8.85
571023,20,Sitting,58718552349000,0.34,4.6,8.85
571024,20,Sitting,58718602276000,0.31,4.6,8.92
571025,20,Sitting,58718652294000,0.31,4.52,9.0
571026,20,Sitting,58718702252000,0.31,4.6,8.96
571027,20,Sitting,58718752239000,0.31,4.56,8.96
571028,20,Sitting,58718802319000,0.42,4.4,8.81
571029,20,Sitting,58718852306000,0.57,4.44,8.92
571030,20,Sitting,58718902264000,0.34,4.44,8.92
571031,20,Sitting,58718952313000,-0.11,4.29,9.08
571032,20,Sitting,58719002300000,-0.42,4.06,9.3
571033,20,Sitting,58719052319000,-0.34,4.02,9.47
571034,20,Sitting,58719102306000,-0.04,4.14,9.15
571035,20,Sitting,58719152294000,-0.08,4.18,9.23
571036,20,Sitting,58719202282000,-0.08,4.02,9.23
571037,20,Sitting,58719252270000,-0.04,3.99,9.23
571038,20,Sitting,58719302319000,-0.38,3.83,9.34
571039,20,Sitting,58719352306000,-0.46,3.72,9.43
571040,20,Sitting,58719402386000,-0.38,3.83,9.47
571041,20,Sitting,58719452313000,-0.19,3.87,9.34
571042,20,Sitting,58719502331000,-0.19,3.95,9.28
571043,20,Sitting,58719552319000,-0.11,3.87,9.28
571044,20,Sitting,58719602306000,-0.19,3.83,9.34
571045,20,Sitting,58719652294000,-0.5,3.68,9.47
571046,20,Sitting,58719702282000,-0.53,3.68,9.47
571047,20,Sitting,58719752300000,-0.46,3.72,9.38
571048,20,Sitting,58719802319000,-0.42,3.79,9.43
571049,20,Sitting,58719852276000,-0.34,3.79,9.47
571050,20,Sitting,58719902294000,-0.46,3.68,9.47
571051,20,Sitting,58719952282000,-0.46,3.57,9.51
571052,20,Sitting,58720002514000,-0.34,3.68,9.47
571053,20,Sitting,58720052319000,-0.38,3.76,9.38
571054,20,Sitting,58720102306000,-0.5,3.68,9.47
571055,20,Sitting,58720152264000,-0.38,3.68,9.43
571056,20,Sitting,58720202313000,-0.42,3.6,9.53
571057,20,Sitting,58720252300000,-0.46,3.68,9.51
571058,20,Sitting,58720302319000,-0.38,3.76,9.43
571059,20,Sitting,58720352276000,-0.27,3.76,9.38
571060,20,Sitting,58720402294000,-0.23,3.68,9.34
571061,20,Sitting,58720452282000,-0.19,3.83,9.34
571062,20,Sitting,58720502300000,-0.08,3.91,9.3
571063,20,Sitting,58720552319000,-0.08,3.95,9.28
571064,20,Sitting,58720602306000,-0.15,3.91,9.28
571065,20,Sitting,58720652264000,-0.19,3.91,9.3
571066,20,Sitting,58720702282000,-0.19,3.95,9.38
571067,20,Sitting,58720752300000,-0.19,3.99,9.3
571068,20,Sitting,58720802319000,-0.19,3.95,9.38
571069,20,Sitting,58720852367000,-0.08,3.99,9.3
571070,20,Sitting,58720902294000,-0.23,3.91,9.34
571071,20,Sitting,58720902294000,-0.23,3.91,9.34
571072,20,Sitting,58721002300000,-0.15,3.95,9.28
571073,20,Sitting,58721052349000,-0.11,3.87,9.3
571074,20,Sitting,58721102337000,-0.08,3.91,9.34
571075,20,Sitting,58721152294000,-0.19,3.83,9.38
571076,20,Sitting,58721202343000,-0.34,3.76,9.43
571077,20,Sitting,58721252270000,-0.34,3.72,9.47
571078,20,Sitting,58721302349000,-0.27,3.79,9.47
571079,20,Sitting,58721352306000,-0.27,3.76,9.34
571080,20,Sitting,58721402294000,-0.38,3.53,9.47
571081,20,Sitting,58721452313000,-0.23,3.72,9.28
571082,20,Sitting,58721502300000,-0.34,3.57,9.43
571083,20,Sitting,58721552380000,-0.57,3.45,9.77
571084,20,Sitting,58721602306000,-0.42,3.45,9.43
571085,20,Sitting,58721652294000,-0.38,3.64,9.43
571086,20,Sitting,58721702923000,-0.3,3.72,9.51
571087,20,Sitting,58721752667000,-0.38,3.68,9.47
571088,20,Sitting,58721802349000,-0.46,3.6,9.53
571089,20,Sitting,58721852306000,-0.3,3.49,9.38
571090,20,Sitting,58721902294000,-0.34,3.57,9.47
