,user,label,timestamp,x,y,z
574491,20,Sitting,58891932324000,-0.8,3.72,9.38
574492,20,Sitting,58891982311000,-0.84,3.72,9.38
574493,20,Sitting,58892032299000,-0.8,3.72,9.43
574494,20,Sitting,58892082317000,-0.8,3.72,9.38
574495,20,Sitting,58892132305000,-0.8,3.72,9.43
574496,20,Sitting,58892182293000,-0.8,3.72,9.38
574497,20,Sitting,58892232311000,-0.72,3.76,9.38
574498,20,Sitting,58892282299000,-0.8,3.72,9.38
574499,20,Sitting,58892332287000,-0.8,3.76,9.38
574500,20,Sitting,58892382305000,-0.8,3.72,9.38
574501,20,Sitting,58892432293000,-0.84,3.72,9.47
574502,20,Sitting,58892482311000,-0.8,3.72,9.34
574503,20,Sitting,58892532269000,-0.8,3.72,9.38
574504,20,Sitting,58892582317000,-0.8,3.72,9.43
574505,20,Sitting,58892632305000,-0.8,3.76,9.38
574506,20,Sitting,58892682293000,-0.8,3.72,9.43
574507,20,Sitting,58892732281000,-0.8,3.76,9.43
574508,20,Sitting,58892782299000,-0.8,3.72,9.38
574509,20,Sitting,58892832317000,-0.84,3.72,9.43
574510,20,Sitting,58892882305000,-0.76,3.72,9.43
574511,20,Sitting,58892932293000,-0.8,3.72,9.38
574512,20,Sitting,58892982311000,-0.8,3.76,9.43
574513,20,Sitting,58893032299000,-0.8,3.72,9.47
574514,20,Sitting,58893082317000,-0.8,3.72,9.38
574515,20,Sitting,58893132305000,-0.8,3.68,9.38
574516,20,Sitting,58893182293000,-0.8,3.72,9.38
574517,20,Sitting,58893232311000,-0.8,3.76,9.34
574519,20,Sitting,58893282330000,-0.8,3.72,9.38
574518,20,Sitting,58893282330000,-0.8,3.72,9.38
574520,20,Sitting,58893382275000,-0.84,3.72,9.38
574521,20,Sitting,58893450115000,-0.8,3.72,9.38
574522,20,Sitting,58893502270000,-0.84,3.72,9.38
574524,20,Sitting,58893552288000,-0.8,3.72,9.34
574523,20,Sitting,58893552288000,-0.8,3.72,9.34
574525,20,Sitting,58893652538000,-0.84,3.72,9.34
574526,20,Sitting,58893702313000,-0.84,3.68,9.38
574527,20,Sitting,58893752270000,-0.8,3.68,9.38
574528,20,Sitting,58893802319000,-0.76,3.72,9.34
574529,20,Sitting,58893852276000,-0.8,3.72,9.38
574530,20,Sitting,58893902294000,-0.84,3.76,9.34
574531,20,Sitting,58893952282000,-0.8,3.76,9.38
574532,20,Sitting,58894002575000,-0.84,3.72,9.38
574533,20,Sitting,58894052288000,-0.84,3.76,9.43
574534,20,Sitting,58894102276000,-0.84,3.72,9.47
574535,20,Sitting,58894152325000,-0.8,3.76,9.34
574536,20,Sitting,58894202282000,-0.84,3.72,9.34
574537,20,Sitting,58894252270000,-0.84,3.72,9.38
574538,20,Sitting,58894302319000,-0.89,3.68,9.34
574539,20,Sitting,58894352306000,-0.89,3.72,9.43
574541,20,Sitting,58894402294000,-0.84,3.72,9.43
574540,20,Sitting,58894402294000,-0.84,3.72,9.43
574542,20,Sitting,58894502270000,-0.84,3.76,9.43
574543,20,Sitting,58894552288000,-0.89,3.76,9.38
574544,20,Sitting,58894552288000,-0.89,3.76,9.38
574545,20,Sitting,58894652264000,-0.89,3.76,9.43
574546,20,Sitting,58894702313000,-0.84,3.72,9.3
574547,20,Sitting,58894752300000,-0.89,3.72,9.38
574548,20,Sitting,58894802288000,-0.89,3.72,9.43
574549,20,Sitting,58894852276000,-0.89,3.76,9.38
574550,20,Sitting,58894902294000,-0.89,3.76,9.43
574551,20,Sitting,58894952313000,-0.8,3.72,9.38
574552,20,Sitting,58895002331000,-0.89,3.76,9.43
574553,20,Sitting,58895052288000,-0.84,3.72,9.43
574554,20,Sitting,58895052288000,-0.84,3.72,9.43
574555,20,Sitting,58895142315000,-0.91,3.72,9.38
574556,20,Sitting,58895192303000,-0.89,3.72,9.47
574557,20,Sitting,58895242260000,-0.89,3.72,9.34
574558,20,Sitting,58895292309000,-0.89,3.72,9.43
574559,20,Sitting,58895342266000,-0.89,3.76,9.43
574560,20,Sitting,58895392376000,-0.84,3.72,9.38
574561,20,Sitting,58895442272000,-0.84,3.72,9.43
574562,20,Sitting,58895442272000,-0.84,3.72,9.43
574563,20,Sitting,58895542278000,-0.84,3.72,9.38
574564,20,Sitting,58895592297000,-0.84,3.76,9.43
574565,20,Sitting,58895642346000,-0.89,3.72,9.43
574566,20,Sitting,58895692303000,-0.89,3.76,9.38
574567,20,Sitting,58895742321000,-0.8,3.72,9.43
574568,20,Sitting,58895792309000,-0.89,3.72,9.43
574569,20,Sitting,58895842327000,-0.84,3.76,9.38
574570,20,Sitting,58895892315000,-0.91,3.76,9.43
574571,20,Sitting,58895942364000,-0.8,3.72,9.38
574572,20,Sitting,58895992260000,-0.8,3.76,9.38
574573,20,Sitting,58896042339000,-0.89,3.72,9.47
574574,20,Sitting,58896102337000,-0.89,3.72,9.47
574575,20,Sitting,58896152233000,-0.84,3.72,9.38
574576,20,Sitting,58896202313000,-0.84,3.76,9.38
574577,20,Sitting,58896252239000,-0.8,3.76,9.38
574578,20,Sitting,58896302288000,-0.89,3.72,9.43
574579,20,Sitting,58896352276000,-0.89,3.76,9.43
574580,20,Sitting,58896402294000,-0.8,3.76,9.38
574581,20,Sitting,58896452282000,-0.89,3.72,9.38
574582,20,Sitting,58896502300000,-0.84,3.76,9.38
574583,20,Sitting,58896502300000,-0.84,3.76,9.38
574584,20,Sitting,58896602276000,-0.91,3.76,9.43
574585,20,Sitting,58896652294000,-0.89,3.72,9.38
574586,20,Sitting,58896702282000,-0.91,3.72,9.47
574587,20,Sitting,58896752300000,-0.84,3.76,9.43
574588,20,Sitting,58896802319000,-0.89,3.68,9.38
574589,20,Sitting,58896852276000,-0.89,3.72,9.43
574590,20,Sitting,58896902294000,-0.84,3.76,9.38
574591,20,Sitting,58896952313000,-0.89,3.87,9.34
574592,20,Sitting,58897002300000,-0.84,3.79,9.38
574593,20,Sitting,58897052319000,-0.91,3.72,9.47
574594,20,Sitting,58897102337000,-0.89,3.72,9.43
574595,20,Sitting,58897152294000,-0.84,3.72,9.34
574596,20,Sitting,58897202435000,-0.89,3.68,9.38
574597,20,Sitting,58897252331000,-0.91,3.72,9.51
574598,20,Sitting,58897302319000,-0.84,3.79,9.43
574599,20,Sitting,58897352306000,-0.76,3.87,9.38
574600,20,Sitting,58897402325000,-0.76,3.83,9.34
574601,20,Sitting,58897452313000,-0.95,3.64,9.38
574602,20,Sitting,58897502300000,-0.91,3.57,9.51
574603,20,Sitting,58897552319000,-0.8,3.68,9.38
574604,20,Sitting,58897602245000,-0.8,3.87,9.38
574605,20,Sitting,58897652294000,-0.84,3.95,9.3
574606,20,Sitting,58897702313000,-0.8,3.76,9.43
574607,20,Sitting,58897752300000,-0.89,3.64,9.51
574608,20,Sitting,58897802319000,-0.89,3.6,9.47
574609,20,Sitting,58897852306000,-0.84,3.64,9.43
574610,20,Sitting,58897902325000,-0.89,3.79,9.47
574611,20,Sitting,58897952282000,-0.8,3.79,9.47
574612,20,Sitting,58898002483000,-0.8,3.76,9.38
574613,20,Sitting,58898052319000,-0.84,3.68,9.43
574614,20,Sitting,58898102276000,-0.84,3.6,9.43
574615,20,Sitting,58898152264000,-0.91,3.68,9.43
574616,20,Sitting,58898202313000,-0.84,3.76,9.38
574617,20,Sitting,58898252270000,-0.72,3.76,9.34
574618,20,Sitting,58898302319000,-0.8,3.79,9.47
574619,20,Sitting,58898352306000,-0.84,3.68,9.38
574620,20,Sitting,58898402264000,-0.91,3.68,9.47
574621,20,Sitting,58898452282000,-0.99,3.64,9.47
574622,20,Sitting,58898502300000,-0.95,3.68,9.34
574623,20,Sitting,58898552319000,-0.84,3.76,9.38
574624,20,Sitting,58898602306000,-0.84,3.72,9.38
574625,20,Sitting,58898652294000,-0.89,3.68,9.34
574626,20,Sitting,58898702282000,-0.84,3.68,9.43
574627,20,Sitting,58898752300000,-0.89,3.64,9.43
574628,20,Sitting,58898802349000,-0.84,3.72,9.38
574629,20,Sitting,58898852276000,-0.95,3.64,9.38
574630,20,Sitting,58898902294000,-1.04,3.6,9.43
574631,20,Sitting,58898952282000,-1.04,3.64,9.38
574632,20,Sitting,58899002300000,-1.08,3.6,9.43
574633,20,Sitting,58899052319000,-0.95,3.64,9.38
574634,20,Sitting,58899102276000,-0.95,3.64,9.43
574635,20,Sitting,58899152264000,-0.95,3.64,9.38
574636,20,Sitting,58899202313000,-0.91,3.68,9.38
574637,20,Sitting,58899252270000,-0.84,3.68,9.38
574638,20,Sitting,58899302288000,-0.84,3.72,9.38
574639,20,Sitting,58899352306000,-0.89,3.76,9.38
574640,20,Sitting,58899402294000,-0.95,3.68,9.43
574641,20,Sitting,58899452709000,-0.99,3.6,9.47
574642,20,Sitting,58899502270000,-0.99,3.64,9.43
574643,20,Sitting,58899552288000,-0.89,3.72,9.43
574644,20,Sitting,58899602306000,-0.72,3.57,9.53
574645,20,Sitting,58899652294000,-0.84,3.72,9.38
574646,20,Sitting,58899702313000,-0.95,3.91,9.3
574647,20,Sitting,58899752300000,-0.65,3.87,9.43
574648,20,Sitting,58899802288000,-0.84,3.72,9.43
574649,20,Sitting,58899852276000,-0.84,3.64,9.43
574650,20,Sitting,58899902325000,-0.84,3.79,9.38
574651,20,Sitting,58899952282000,-0.69,3.87,9.38
574652,20,Sitting,58900002606000,-0.8,3.79,9.34
574653,20,Sitting,58900052319000,-0.84,3.72,9.43
574654,20,Sitting,58900102276000,-0.91,3.72,9.43
574655,20,Sitting,58900152264000,-0.8,3.76,9.43
574656,20,Sitting,58900202282000,-0.84,3.76,9.43
574657,20,Sitting,58900252270000,-0.76,3.76,9.43
574658,20,Sitting,58900302288000,-0.72,3.76,9.43
574659,20,Sitting,58900352306000,-0.76,3.72,9.47
574660,20,Sitting,58900402294000,-0.84,3.72,9.43
574661,20,Sitting,58900452282000,-0.84,3.72,9.47
574662,20,Sitting,58900502270000,-0.76,3.72,9.51
574663,20,Sitting,58900552258000,-0.76,3.72,9.43
574664,20,Sitting,58900602276000,-0.8,3.76,9.43
574665,20,Sitting,58900652294000,-0.76,3.79,9.43
574666,20,Sitting,58900702313000,-0.8,3.72,9.47
574667,20,Sitting,58900752270000,-0.8,3.68,9.51
574668,20,Sitting,58900802288000,-0.8,3.72,9.47
574669,20,Sitting,58900852337000,-0.76,3.76,9.51
574670,20,Sitting,58900902264000,-0.76,3.76,9.43
574671,20,Sitting,58900952282000,-0.8,3.76,9.47
574672,20,Sitting,58901002270000,-0.91,3.72,9.47
574673,20,Sitting,58901052319000,-0.84,3.83,9.43
574675,20,Sitting,58901102306000,-0.69,3.79,9.47
574674,20,Sitting,58901102306000,-0.69,3.79,9.47
574676,20,Sitting,58901172344000,-0.76,3.72,9.51
574677,20,Sitting,58901222271000,-0.89,3.72,9.43
574678,20,Sitting,58901272411000,-0.84,3.79,9.47
574679,20,Sitting,58901332287000,-0.76,3.72,9.47
574680,20,Sitting,58901382336000,-0.99,3.57,9.51
574681,20,Sitting,58901432324000,-0.84,3.68,9.47
574682,20,Sitting,58901482342000,-0.95,3.76,9.43
574683,20,Sitting,58901532299000,-0.69,3.83,9.43
574684,20,Sitting,58901582348000,-0.89,3.68,9.38
574685,20,Sitting,58901632336000,-0.99,3.57,9.47
574686,20,Sitting,58901682293000,-0.99,3.72,9.47
574687,20,Sitting,58901732342000,-0.89,3.95,9.3
574688,20,Sitting,58901782330000,-0.76,4.02,9.19
574689,20,Sitting,58901832348000,-0.72,3.87,9.43
574690,20,Sitting,58901882336000,-0.84,3.64,9.47
