,user,label,timestamp,x,y,z
577491,20,Sitting,59041932324000,-0.53,3.38,8.85
577492,20,Sitting,59041982342000,-0.5,3.53,9.15
577493,20,Sitting,59042032330000,-0.27,3.72,9.51
577494,20,Sitting,59042082287000,-0.38,3.6,9.77
577495,20,Sitting,59042132336000,-0.34,4.37,9.66
577496,20,Sitting,59042182324000,-0.11,4.1,9.38
577497,20,Sitting,59042232311000,0.0,3.91,9.34
577498,20,Sitting,59042282299000,0.0,4.33,9.53
577499,20,Sitting,59042332348000,0.27,4.79,9.62
577500,20,Sitting,59042382336000,0.42,4.14,8.85
577501,20,Sitting,59042432324000,0.38,4.06,9.0
577502,20,Sitting,59042482311000,1.18,4.06,9.43
577503,20,Sitting,59042532330000,1.61,3.91,8.92
577504,20,Sitting,59042602337000,1.88,3.79,8.69
577505,20,Sitting,59042652264000,1.57,3.49,8.81
577506,20,Sitting,59042702343000,1.33,2.96,8.92
577507,20,Sitting,59042752270000,0.76,1.92,9.23
577508,20,Sitting,59042802319000,0.04,0.89,10.34
577509,20,Sitting,59042852337000,0.11,0.27,10.46
577510,20,Sitting,59042902264000,0.11,0.61,10.23
577511,20,Sitting,59042952313000,-0.3,1.42,9.85
577512,20,Sitting,59043002300000,-2.14,2.07,9.92
577513,20,Sitting,59043052319000,-3.02,2.18,9.58
577514,20,Sitting,59043102306000,-3.79,2.07,9.58
577515,20,Sitting,59043152294000,-3.11,2.49,9.89
577516,20,Sitting,59043202313000,-2.68,3.34,9.7
577517,20,Sitting,59043252300000,-2.37,3.21,9.7
577518,20,Sitting,59043302319000,-1.99,2.87,9.66
577519,20,Sitting,59043352276000,-1.8,2.87,9.43
577520,20,Sitting,59043402294000,-1.69,2.91,9.58
577521,20,Sitting,59043452313000,-2.14,2.15,9.23
577522,20,Sitting,59043502300000,-1.95,2.07,9.66
577523,20,Sitting,59043552319000,-2.07,2.6,9.81
577524,20,Sitting,59043602306000,-2.22,2.87,9.47
577525,20,Sitting,59043652294000,-2.34,2.91,9.77
577526,20,Sitting,59043702313000,-1.76,3.06,9.43
577527,20,Sitting,59043752300000,-1.92,3.02,9.53
577528,20,Sitting,59043802319000,-1.73,2.83,9.15
577529,20,Sitting,59043852306000,-2.14,2.3,9.62
577530,20,Sitting,59043902294000,-1.99,2.3,9.53
577531,20,Sitting,59043952313000,-1.5,3.11,9.11
577532,20,Sitting,59044002575000,-1.73,4.1,9.08
577533,20,Sitting,59044052319000,-1.8,3.68,9.23
577534,20,Sitting,59044102306000,-1.08,3.06,8.58
577535,20,Sitting,59044152294000,-1.53,2.3,9.15
577536,20,Sitting,59044202313000,-3.57,2.68,10.8
577537,20,Sitting,59044252331000,-0.95,1.92,7.97
577538,20,Sitting,59044302319000,-3.95,4.1,10.31
577539,20,Sitting,59044352306000,-1.99,3.38,8.58
577540,20,Sitting,59044402294000,-3.11,3.6,9.0
577541,20,Sitting,59044452343000,-3.26,4.4,9.38
577542,20,Sitting,59044502300000,-3.06,3.68,9.3
577543,20,Sitting,59044552319000,-3.11,3.45,9.38
577544,20,Sitting,59044602306000,-2.68,2.76,9.11
577545,20,Sitting,59044652355000,-3.11,2.07,9.34
577546,20,Sitting,59044702343000,-2.75,2.56,9.53
577547,20,Sitting,59044752361000,-2.79,2.22,9.19
577548,20,Sitting,59044802319000,-2.98,2.6,9.11
577549,20,Sitting,59044852337000,-2.87,3.06,9.3
577550,20,Sitting,59044902294000,-2.64,2.96,8.96
577551,20,Sitting,59044952374000,-2.87,3.17,9.23
577552,20,Sitting,59045002331000,-2.53,3.3,9.28
577553,20,Sitting,59045052319000,-2.64,3.26,8.92
577554,20,Sitting,59045102306000,-2.79,3.38,9.0
577555,20,Sitting,59045152325000,-2.64,3.26,8.92
577558,20,Sitting,59045202313000,-2.87,3.3,9.23
577556,20,Sitting,59045202313000,-2.87,3.3,9.23
577557,20,Sitting,59045202313000,-2.87,3.3,9.23
577559,20,Sitting,59045311138000,-2.64,3.02,8.92
577560,20,Sitting,59045362286000,-3.06,2.87,9.15
577561,20,Sitting,59045412365000,-3.15,2.87,9.15
577562,20,Sitting,59045462994000,-3.02,2.96,9.15
577563,20,Sitting,59045512341000,-2.87,3.17,9.11
577564,20,Sitting,59045562328000,-2.91,3.17,9.11
577565,20,Sitting,59045612347000,-3.06,2.83,9.23
577566,20,Sitting,59045662335000,-3.11,2.87,9.19
577567,20,Sitting,59045712322000,-2.91,3.02,9.15
577568,20,Sitting,59045762310000,-2.64,3.11,9.15
577569,20,Sitting,59045812328000,-2.68,3.06,9.19
577570,20,Sitting,59045862347000,-2.83,2.98,9.11
577571,20,Sitting,59045912304000,-2.83,3.06,9.08
577572,20,Sitting,59045962322000,-3.06,3.06,9.28
577573,20,Sitting,59046012280000,-2.83,3.02,9.0
577574,20,Sitting,59046062359000,-2.98,3.11,9.19
577575,20,Sitting,59046112347000,-2.87,2.98,9.08
577576,20,Sitting,59046162335000,-2.96,3.06,9.15
577577,20,Sitting,59046212292000,-2.96,3.11,9.08
577578,20,Sitting,59046262280000,-2.96,3.06,9.08
577579,20,Sitting,59046312328000,-2.96,3.02,9.11
577580,20,Sitting,59046362316000,-2.96,3.06,9.11
577581,20,Sitting,59046412304000,-2.87,3.02,9.11
577582,20,Sitting,59046462322000,-2.96,3.11,9.15
577583,20,Sitting,59046512341000,-2.96,3.02,9.15
577584,20,Sitting,59046562328000,-2.87,3.06,9.08
577585,20,Sitting,59046612347000,-2.83,3.15,9.11
577586,20,Sitting,59046662335000,-2.91,3.06,9.08
577587,20,Sitting,59046712292000,-2.96,3.11,9.08
577588,20,Sitting,59046762341000,-2.91,3.02,9.11
577589,20,Sitting,59046812328000,-2.91,3.11,9.15
577590,20,Sitting,59046862316000,-2.83,3.06,9.15
577591,20,Sitting,59046912304000,-2.91,3.06,9.19
577592,20,Sitting,59046962292000,-2.98,3.06,9.19
577593,20,Sitting,59047012249000,-2.87,3.06,9.11
577594,20,Sitting,59047062328000,-2.83,3.15,9.11
577595,20,Sitting,59047112347000,-2.87,3.06,9.19
577596,20,Sitting,59047162304000,-2.91,3.06,9.15
577597,20,Sitting,59047212292000,-2.87,3.11,9.15
577598,20,Sitting,59047262341000,-2.91,3.02,9.23
577599,20,Sitting,59047312298000,-2.91,3.02,9.11
577600,20,Sitting,59047362316000,-2.91,3.06,9.11
577601,20,Sitting,59047412335000,-2.91,3.11,9.15
577602,20,Sitting,59047462322000,-2.87,3.06,9.19
577603,20,Sitting,59047512310000,-2.87,3.06,9.11
577604,20,Sitting,59047562328000,-2.87,3.11,9.08
577605,20,Sitting,59047612316000,-2.87,3.02,9.19
577606,20,Sitting,59047672375000,-2.96,3.06,9.11
577607,20,Sitting,59047732281000,-2.91,3.06,9.11
577608,20,Sitting,59047782299000,-2.87,3.06,9.15
577609,20,Sitting,59047832317000,-2.96,3.02,9.15
577610,20,Sitting,59047882275000,-2.96,3.02,9.11
577611,20,Sitting,59047932324000,-2.87,3.06,9.15
577612,20,Sitting,59047982342000,-2.87,3.11,9.11
577613,20,Sitting,59048032299000,-2.91,3.11,9.11
577614,20,Sitting,59048082348000,-2.96,3.06,9.08
577615,20,Sitting,59048132305000,-2.91,3.06,9.11
577616,20,Sitting,59048182293000,-2.96,3.06,9.15
577617,20,Sitting,59048232342000,-2.91,3.15,9.11
577618,20,Sitting,59048282299000,-2.91,3.21,9.04
577619,20,Sitting,59048332348000,-2.98,3.11,9.15
577620,20,Sitting,59048382305000,-2.91,3.11,9.08
577621,20,Sitting,59048432293000,-2.96,3.11,9.15
577622,20,Sitting,59048482342000,-2.91,3.02,9.08
577623,20,Sitting,59048532299000,-2.91,2.98,9.15
577624,20,Sitting,59048582317000,-2.98,2.98,9.15
577625,20,Sitting,59048632305000,-3.02,3.02,9.15
577626,20,Sitting,59048682324000,-2.96,2.98,9.08
577627,20,Sitting,59048732372000,-3.11,3.02,9.11
577628,20,Sitting,59048782299000,-3.06,3.02,9.08
577629,20,Sitting,59048832317000,-3.06,3.11,9.15
577630,20,Sitting,59048882336000,-2.96,3.15,9.11
577631,20,Sitting,59048932293000,-2.96,3.11,9.19
577632,20,Sitting,59048982342000,-2.75,3.17,9.11
577633,20,Sitting,59049032299000,-3.11,3.11,9.08
577634,20,Sitting,59049082317000,-3.11,2.91,9.08
577635,20,Sitting,59049132336000,-3.02,3.15,9.28
577636,20,Sitting,59049182324000,-2.98,2.96,9.08
577637,20,Sitting,59049232311000,-3.17,2.96,9.11
577638,20,Sitting,59049282330000,-2.91,3.17,9.04
577639,20,Sitting,59049332317000,-3.11,2.91,9.04
577640,20,Sitting,59049382336000,-3.02,3.02,9.08
577641,20,Sitting,59049432263000,-3.02,3.02,9.04
577642,20,Sitting,59049482311000,-3.11,2.98,9.04
577643,20,Sitting,59049532330000,-3.06,3.17,9.08
577644,20,Sitting,59049582348000,-3.17,3.11,9.04
577645,20,Sitting,59049632305000,-3.26,3.21,9.04
577646,20,Sitting,59049682324000,-3.17,3.21,9.08
577647,20,Sitting,59049732342000,-3.11,3.06,9.04
577648,20,Sitting,59049782330000,-2.83,2.98,8.96
577649,20,Sitting,59049832378000,-2.87,2.79,8.92
577650,20,Sitting,59049882336000,-3.11,2.68,9.11
577651,20,Sitting,59049932324000,-3.45,3.17,9.51
577652,20,Sitting,59049982342000,-3.11,3.06,8.92
577653,20,Sitting,59050032330000,-3.83,2.98,9.15
577654,20,Sitting,59050082317000,-3.15,2.98,9.3
577655,20,Sitting,59050132305000,-2.96,2.98,9.19
577656,20,Sitting,59050182354000,-2.91,3.15,9.28
577657,20,Sitting,59050252392000,-2.83,3.15,9.28
577658,20,Sitting,59050302349000,-2.45,3.06,9.11
577659,20,Sitting,59050352367000,-2.49,3.02,9.28
577660,20,Sitting,59050402233000,-2.56,3.02,9.11
577661,20,Sitting,59050452282000,-2.56,3.15,9.23
577662,20,Sitting,59050502300000,-2.37,3.3,9.3
577663,20,Sitting,59050552319000,-2.18,3.45,9.04
577664,20,Sitting,59050602306000,-2.26,3.57,9.23
577665,20,Sitting,59050652264000,-2.26,3.49,9.19
577666,20,Sitting,59050702313000,-2.41,3.68,9.34
577667,20,Sitting,59050752300000,-2.34,3.57,9.28
577668,20,Sitting,59050802319000,-2.18,3.53,9.04
577669,20,Sitting,59050852306000,-2.14,3.64,9.28
577670,20,Sitting,59050902294000,-1.92,3.72,9.19
577671,20,Sitting,59050952313000,-2.11,3.68,9.15
577672,20,Sitting,59051002300000,-1.88,3.95,9.19
577673,20,Sitting,59051052319000,-1.92,3.83,9.0
577674,20,Sitting,59051102337000,-1.8,4.1,9.23
577675,20,Sitting,59051152294000,-1.46,4.29,9.15
577676,20,Sitting,59051202313000,-1.33,4.18,9.0
577677,20,Sitting,59051252300000,-1.31,4.25,9.15
577678,20,Sitting,59051302288000,-1.23,4.25,9.0
577679,20,Sitting,59051352367000,-1.27,4.29,9.11
577680,20,Sitting,59051402264000,-1.27,4.1,9.15
577681,20,Sitting,59051452313000,-1.33,4.25,9.15
577682,20,Sitting,59051502300000,-1.18,4.18,9.11
577683,20,Sitting,59051552288000,-1.23,4.25,9.11
577684,20,Sitting,59051602306000,-1.27,4.21,9.19
577685,20,Sitting,59051652294000,-0.95,4.4,9.0
577686,20,Sitting,59051702313000,-1.23,4.29,9.15
577687,20,Sitting,59051752300000,-1.27,4.29,9.19
577688,20,Sitting,59051802319000,-1.23,4.18,9.15
577689,20,Sitting,59051852306000,-1.08,4.14,9.19
577690,20,Sitting,59051902294000,-1.04,4.18,9.11
