,user,label,timestamp,x,y,z
580491,20,Sitting,59191932293000,-3.49,3.49,8.62
580492,20,Sitting,59191982342000,-3.76,3.3,8.58
580493,20,Sitting,59192032299000,-4.06,3.17,8.58
580494,20,Sitting,59192082348000,-4.02,3.17,8.62
580495,20,Sitting,59192132336000,-3.98,3.21,8.58
580496,20,Sitting,59192182324000,-3.79,3.3,8.62
580497,20,Sitting,59192232311000,-3.72,3.3,8.66
580498,20,Sitting,59192282330000,-3.76,3.38,8.58
580499,20,Sitting,59192332378000,-3.91,3.17,8.62
580500,20,Sitting,59192382336000,-3.76,3.3,8.69
580501,20,Sitting,59192432324000,-3.83,3.34,8.58
580502,20,Sitting,59192482342000,-3.91,3.49,8.54
580503,20,Sitting,59192532330000,-3.95,3.3,8.5
580504,20,Sitting,59192582317000,-3.95,3.34,8.66
580505,20,Sitting,59192632336000,-4.02,3.21,8.58
580506,20,Sitting,59192682354000,-4.06,3.38,8.54
580507,20,Sitting,59192732342000,-3.87,3.53,8.5
580508,20,Sitting,59192782330000,-3.79,3.34,8.58
580509,20,Sitting,59192832317000,-3.87,3.3,8.58
580510,20,Sitting,59192882305000,-3.87,3.34,8.5
580511,20,Sitting,59192932293000,-3.95,3.34,8.5
580512,20,Sitting,59192982342000,-3.87,3.17,8.47
580513,20,Sitting,59193032330000,-3.98,3.26,8.73
580514,20,Sitting,59193082348000,-4.18,3.17,8.5
580515,20,Sitting,59193132336000,-4.02,3.21,8.62
580516,20,Sitting,59193182293000,-3.95,3.11,8.62
580517,20,Sitting,59193232342000,-4.02,3.21,8.54
580518,20,Sitting,59193282330000,-4.18,3.17,8.47
580519,20,Sitting,59193332317000,-4.14,3.26,8.5
580520,20,Sitting,59193382336000,-3.76,3.38,8.66
580521,20,Sitting,59193432324000,-3.91,3.34,8.62
580522,20,Sitting,59193482617000,-4.1,3.06,8.5
580523,20,Sitting,59193532421000,-4.06,2.83,8.66
580524,20,Sitting,59193582348000,-4.14,2.96,8.58
580525,20,Sitting,59193632305000,-4.18,3.17,8.58
580526,20,Sitting,59193682293000,-4.25,3.26,8.58
580527,20,Sitting,59193732342000,-4.1,3.11,8.5
580528,20,Sitting,59193782330000,-4.06,3.06,8.62
580529,20,Sitting,59193832348000,-3.98,3.17,8.58
580530,20,Sitting,59193882336000,-3.91,3.21,8.54
580531,20,Sitting,59193932171000,-3.91,3.21,8.62
580532,20,Sitting,59193982342000,-4.18,3.15,8.58
580533,20,Sitting,59194032330000,-3.87,3.06,8.62
580534,20,Sitting,59194082348000,-3.91,3.02,8.73
580535,20,Sitting,59194132336000,-3.83,2.98,8.66
580536,20,Sitting,59194192303000,-3.91,3.02,8.58
580537,20,Sitting,59194242260000,-4.29,2.79,8.66
580538,20,Sitting,59194292309000,-4.37,2.72,8.66
580539,20,Sitting,59194342358000,-4.18,3.38,8.35
580540,20,Sitting,59194392346000,-3.45,3.68,8.73
580541,20,Sitting,59194442333000,-3.91,3.34,8.58
580542,20,Sitting,59194492321000,-4.06,2.79,8.62
580543,20,Sitting,59194542309000,-4.29,2.83,8.62
580544,20,Sitting,59194592327000,-4.25,2.98,8.54
580545,20,Sitting,59194642315000,-4.14,3.17,8.54
580546,20,Sitting,59194692303000,-4.14,3.02,8.54
580547,20,Sitting,59194742321000,-3.98,3.06,8.58
580548,20,Sitting,59194792339000,-3.76,3.38,8.66
580549,20,Sitting,59194842327000,-3.98,3.26,8.54
580550,20,Sitting,59194892346000,-4.14,3.02,8.58
580551,20,Sitting,59194942333000,-3.98,2.96,8.66
580552,20,Sitting,59194992291000,-3.98,3.06,8.62
580553,20,Sitting,59195042370000,-4.02,3.02,8.66
580554,20,Sitting,59195092327000,-3.95,2.96,8.58
580555,20,Sitting,59195142346000,-4.18,2.76,8.62
580556,20,Sitting,59195192333000,-4.25,3.02,8.54
580557,20,Sitting,59195242321000,-4.18,3.49,8.5
580558,20,Sitting,59195302258000,-3.87,3.21,8.5
580559,20,Sitting,59195352306000,-3.72,3.06,8.66
580561,20,Sitting,59195402294000,-3.79,2.98,8.69
580560,20,Sitting,59195402294000,-3.79,2.98,8.69
580562,20,Sitting,59195504437000,-4.21,2.98,8.5
580563,20,Sitting,59195504437000,-4.21,2.98,8.5
580564,20,Sitting,59195562237000,-4.18,2.98,8.62
580565,20,Sitting,59195612347000,-4.14,2.91,8.58
580566,20,Sitting,59195662335000,-3.79,2.96,8.66
580567,20,Sitting,59195712292000,-3.72,3.02,8.66
580568,20,Sitting,59195762341000,-3.91,3.06,8.58
580569,20,Sitting,59195812298000,-4.14,3.17,8.58
580570,20,Sitting,59195862377000,-4.1,3.15,8.62
580571,20,Sitting,59195912335000,-4.06,3.15,8.62
580572,20,Sitting,59195962353000,-3.95,3.17,8.54
580573,20,Sitting,59196012310000,-3.83,3.34,8.62
580574,20,Sitting,59196062328000,-3.83,3.41,8.47
580575,20,Sitting,59196112316000,-3.64,3.68,8.47
580576,20,Sitting,59196162304000,-3.64,3.68,8.5
580577,20,Sitting,59196212322000,-3.79,3.57,8.5
580578,20,Sitting,59196262341000,-3.95,3.41,8.5
580579,20,Sitting,59196312298000,-3.87,3.49,8.5
580580,20,Sitting,59196362316000,-3.83,3.64,8.5
580581,20,Sitting,59196412335000,-3.68,3.76,8.58
580582,20,Sitting,59196462322000,-3.64,3.68,8.58
580583,20,Sitting,59196512341000,-3.68,3.72,8.54
580584,20,Sitting,59196562328000,-3.72,3.83,8.47
580585,20,Sitting,59196612316000,-3.57,3.83,8.43
580586,20,Sitting,59196662304000,-3.45,3.83,8.5
580587,20,Sitting,59196712383000,-3.57,3.87,8.54
580588,20,Sitting,59196762341000,-3.49,3.91,8.5
580589,20,Sitting,59196812328000,-3.45,3.95,8.54
580590,20,Sitting,59196862347000,-3.36,4.06,8.39
580591,20,Sitting,59196912304000,-3.36,4.14,8.39
580592,20,Sitting,59196962322000,-3.45,3.91,8.54
580593,20,Sitting,59197030346000,-3.3,3.91,8.54
580594,20,Sitting,59197082287000,-3.45,3.95,8.43
580595,20,Sitting,59197132275000,-3.49,3.91,8.5
580596,20,Sitting,59197182354000,-3.57,3.83,8.58
580597,20,Sitting,59197232342000,-3.45,3.87,8.5
580598,20,Sitting,59197282330000,-3.36,3.95,8.58
580599,20,Sitting,59197332378000,-3.41,3.91,8.5
580600,20,Sitting,59197382305000,-3.45,3.91,8.5
580601,20,Sitting,59197432324000,-3.41,3.95,8.54
580602,20,Sitting,59197482311000,-3.53,3.83,8.54
580603,20,Sitting,59197532299000,-3.45,3.91,8.54
580604,20,Sitting,59197582348000,-3.41,3.87,8.58
580605,20,Sitting,59197632305000,-3.45,3.87,8.58
580606,20,Sitting,59197682293000,-3.45,3.83,8.54
580607,20,Sitting,59197732311000,-3.41,3.91,8.54
580608,20,Sitting,59197782330000,-3.45,3.91,8.54
580609,20,Sitting,59197832317000,-3.49,3.91,8.5
580610,20,Sitting,59197882366000,-3.45,3.95,8.58
580611,20,Sitting,59197932293000,-3.45,3.87,8.54
580612,20,Sitting,59197982342000,-3.45,3.83,8.58
580613,20,Sitting,59198032330000,-3.34,3.95,8.47
580614,20,Sitting,59198082348000,-3.45,3.87,8.54
580615,20,Sitting,59198132305000,-3.45,3.83,8.58
580616,20,Sitting,59198182324000,-3.49,3.87,8.54
580617,20,Sitting,59198232311000,-3.53,3.87,8.54
580618,20,Sitting,59198282299000,-3.45,3.87,8.54
580619,20,Sitting,59198332470000,-3.41,3.83,8.54
580620,20,Sitting,59198382336000,-3.49,3.87,8.5
580621,20,Sitting,59198432293000,-3.45,3.87,8.62
580622,20,Sitting,59198482342000,-3.49,3.79,8.58
580623,20,Sitting,59198532330000,-3.53,3.91,8.54
580624,20,Sitting,59198582348000,-3.45,3.87,8.5
580625,20,Sitting,59198632305000,-3.45,3.83,8.58
580626,20,Sitting,59198682293000,-3.49,3.83,8.62
580627,20,Sitting,59198732311000,-3.49,3.79,8.54
580628,20,Sitting,59198782330000,-3.45,3.87,8.54
580629,20,Sitting,59198832317000,-3.45,3.91,8.5
580630,20,Sitting,59198882336000,-3.53,3.83,8.43
580631,20,Sitting,59198932324000,-3.57,3.87,8.58
580632,20,Sitting,59198982342000,-3.6,3.72,8.58
580633,20,Sitting,59199032330000,-3.68,3.64,8.66
580634,20,Sitting,59199082317000,-3.6,3.64,8.58
580635,20,Sitting,59199132336000,-3.64,3.72,8.5
580636,20,Sitting,59199132336000,-3.64,3.72,8.5
580637,20,Sitting,59199232281000,-3.64,3.72,8.54
580638,20,Sitting,59199282330000,-3.53,3.76,8.58
580639,20,Sitting,59199332317000,-3.6,3.68,8.58
580640,20,Sitting,59199382366000,-3.68,3.64,8.54
580641,20,Sitting,59199432293000,-3.64,3.64,8.58
580642,20,Sitting,59199482281000,-3.64,3.57,8.58
580643,20,Sitting,59199532330000,-3.57,3.76,8.5
580644,20,Sitting,59199582378000,-3.45,3.91,8.54
580645,20,Sitting,59199632305000,-3.6,3.72,8.54
580646,20,Sitting,59199682293000,-3.72,3.6,8.54
580647,20,Sitting,59199732342000,-3.79,3.64,8.58
580648,20,Sitting,59199782330000,-3.72,3.72,8.5
580649,20,Sitting,59199832287000,-3.72,3.76,8.5
580650,20,Sitting,59199882305000,-3.68,3.79,8.5
580651,20,Sitting,59199932293000,-3.68,3.68,8.54
580652,20,Sitting,59199982342000,-3.68,3.64,8.47
580653,20,Sitting,59200032299000,-3.72,3.64,8.54
580654,20,Sitting,59200082317000,-3.64,3.64,8.54
580655,20,Sitting,59200132336000,-3.64,3.72,8.5
580656,20,Sitting,59200182293000,-3.64,3.76,8.54
580657,20,Sitting,59200232342000,-3.6,3.64,8.47
580658,20,Sitting,59200282269000,-3.76,3.49,8.62
580659,20,Sitting,59200332317000,-3.72,3.34,8.5
580660,20,Sitting,59200382336000,-3.87,3.3,8.62
580661,20,Sitting,59200432324000,-3.91,3.34,8.54
580662,20,Sitting,59200482342000,-3.91,3.38,8.62
580663,20,Sitting,59200532299000,-3.91,3.34,8.5
580664,20,Sitting,59200582348000,-3.79,3.45,8.58
580665,20,Sitting,59200582348000,-3.79,3.45,8.58
580666,20,Sitting,59200682263000,-3.79,3.45,8.62
580667,20,Sitting,59200732311000,-3.79,3.49,8.5
580668,20,Sitting,59200782299000,-3.79,3.45,8.54
580669,20,Sitting,59200832317000,-3.83,3.41,8.62
580670,20,Sitting,59200882336000,-3.79,3.34,8.5
580671,20,Sitting,59200932324000,-3.83,3.26,8.54
580672,20,Sitting,59200982342000,-3.83,3.3,8.62
580673,20,Sitting,59201032299000,-3.87,3.41,8.62
580674,20,Sitting,59201082348000,-3.79,3.38,8.47
580675,20,Sitting,59201132336000,-3.76,3.45,8.5
580676,20,Sitting,59201182324000,-3.79,3.3,8.58
580677,20,Sitting,59201232342000,-3.87,3.38,8.54
580678,20,Sitting,59201282208000,-3.83,3.34,8.54
580679,20,Sitting,59201332317000,-3.91,3.21,8.62
580680,20,Sitting,59201382305000,-3.95,3.21,8.54
580681,20,Sitting,59201432324000,-3.87,3.34,8.58
580682,20,Sitting,59201482311000,-3.76,3.34,8.58
580683,20,Sitting,59201532330000,-3.72,3.38,8.62
580684,20,Sitting,59201582348000,-3.79,3.41,8.58
580685,20,Sitting,59201632336000,-3.87,3.21,8.54
580686,20,Sitting,59201682324000,-3.83,3.17,8.62
580687,20,Sitting,59201732586000,-3.95,3.3,8.69
580688,20,Sitting,59201782330000,-3.91,3.38,8.54
580689,20,Sitting,59201832317000,-3.87,3.38,8.58
580690,20,Sitting,59201882336000,-3.79,3.3,8.66
