,user,label,timestamp,x,y,z
580891,20,Sitting,59211912335000,-3.98,3.38,8.39
580892,20,Sitting,59211962353000,-4.06,3.41,8.47
580893,20,Sitting,59211962353000,-4.06,3.41,8.47
580894,20,Sitting,59212062328000,-4.1,3.38,8.43
580895,20,Sitting,59212112316000,-4.02,3.38,8.47
580896,20,Sitting,59212162335000,-4.06,3.45,8.39
580897,20,Sitting,59212212322000,-4.1,3.41,8.47
580898,20,Sitting,59212262310000,-4.1,3.38,8.47
580899,20,Sitting,59212312420000,-4.06,3.41,8.43
580900,20,Sitting,59212362316000,-4.02,3.45,8.43
580902,20,Sitting,59212412335000,-4.14,3.41,8.43
580901,20,Sitting,59212412335000,-4.14,3.41,8.43
580903,20,Sitting,59212512280000,-4.1,3.41,8.43
580904,20,Sitting,59212562328000,-4.02,3.45,8.47
580905,20,Sitting,59212612316000,-4.06,3.45,8.39
580906,20,Sitting,59212662396000,-4.02,3.41,8.47
580907,20,Sitting,59212712292000,-4.1,3.41,8.39
580908,20,Sitting,59212762341000,-4.06,3.45,8.43
580909,20,Sitting,59212812298000,-4.06,3.41,8.47
580910,20,Sitting,59212862347000,-4.02,3.38,8.43
580911,20,Sitting,59212912396000,-4.06,3.38,8.39
580912,20,Sitting,59212980389000,-4.06,3.38,8.39
580913,20,Sitting,59213032269000,-3.98,3.41,8.39
580914,20,Sitting,59213082256000,-4.06,3.41,8.47
580915,20,Sitting,59213132336000,-4.1,3.41,8.47
580916,20,Sitting,59213182293000,-4.06,3.41,8.43
580917,20,Sitting,59213232311000,-4.02,3.41,8.43
580918,20,Sitting,59213282299000,-4.02,3.38,8.43
580919,20,Sitting,59213332348000,-4.06,3.45,8.47
580920,20,Sitting,59213382336000,-4.14,3.34,8.39
580921,20,Sitting,59213432324000,-4.02,3.38,8.43
580922,20,Sitting,59213482342000,-4.06,3.41,8.47
580923,20,Sitting,59213532299000,-4.06,3.38,8.43
580924,20,Sitting,59213582317000,-4.06,3.41,8.43
580925,20,Sitting,59213632305000,-4.14,3.41,8.35
580926,20,Sitting,59213682293000,-4.06,3.41,8.47
580927,20,Sitting,59213732342000,-4.1,3.38,8.39
580928,20,Sitting,59213782299000,-4.14,3.41,8.39
580929,20,Sitting,59213832317000,-4.1,3.34,8.39
580930,20,Sitting,59213882305000,-4.1,3.41,8.43
580931,20,Sitting,59213932293000,-4.06,3.41,8.39
580932,20,Sitting,59213932293000,-4.06,3.41,8.39
580933,20,Sitting,59214032299000,-4.14,3.38,8.39
580934,20,Sitting,59214082317000,-4.1,3.38,8.43
580935,20,Sitting,59214132305000,-4.14,3.38,8.43
580936,20,Sitting,59214182293000,-4.06,3.38,8.43
580937,20,Sitting,59214232342000,-4.02,3.41,8.47
580938,20,Sitting,59214282330000,-4.1,3.38,8.43
580939,20,Sitting,59214332317000,-4.1,3.41,8.5
580940,20,Sitting,59214382336000,-4.02,3.41,8.43
580941,20,Sitting,59214432293000,-3.98,3.38,8.43
580942,20,Sitting,59214482311000,-3.98,3.41,8.47
580943,20,Sitting,59214532330000,-4.02,3.38,8.43
580944,20,Sitting,59214582317000,-4.1,3.38,8.39
580945,20,Sitting,59214632305000,-4.14,3.38,8.47
580946,20,Sitting,59214682293000,-4.1,3.38,8.47
580947,20,Sitting,59214732311000,-4.1,3.38,8.39
580948,20,Sitting,59214782299000,-4.06,3.45,8.39
580949,20,Sitting,59214832317000,-4.14,3.45,8.5
580950,20,Sitting,59214882305000,-4.14,3.41,8.39
580951,20,Sitting,59214932324000,-4.1,3.38,8.43
580952,20,Sitting,59214982372000,-4.06,3.38,8.39
580953,20,Sitting,59215032330000,-4.1,3.34,8.35
580954,20,Sitting,59215082317000,-4.1,3.45,8.31
580955,20,Sitting,59215132336000,-4.18,3.49,8.43
580956,20,Sitting,59215182324000,-4.02,3.38,8.47
580957,20,Sitting,59215232311000,-4.06,3.38,8.43
580958,20,Sitting,59215282238000,-3.98,3.38,8.47
580959,20,Sitting,59215332378000,-4.1,3.57,8.35
580960,20,Sitting,59215382336000,-4.1,3.49,8.39
580961,20,Sitting,59215432293000,-4.1,3.34,8.43
580962,20,Sitting,59215482372000,-4.25,3.06,8.5
580963,20,Sitting,59215532360000,-4.21,3.21,8.47
580964,20,Sitting,59215582348000,-4.06,3.53,8.39
580965,20,Sitting,59215632336000,-3.91,3.49,8.54
580966,20,Sitting,59215682354000,-4.14,3.21,8.35
580967,20,Sitting,59215732342000,-4.33,3.06,8.5
580968,20,Sitting,59215782330000,-4.29,3.17,8.47
580969,20,Sitting,59215832317000,-4.18,3.17,8.39
580970,20,Sitting,59215882336000,-3.98,3.26,8.58
580971,20,Sitting,59215932263000,-3.98,3.45,8.58
580972,20,Sitting,59215982342000,-4.25,3.45,8.31
580973,20,Sitting,59216032330000,-4.21,3.49,8.35
580974,20,Sitting,59216082317000,-4.18,3.34,8.35
580975,20,Sitting,59216132336000,-4.1,3.41,8.39
580976,20,Sitting,59216182293000,-4.06,3.41,8.43
580977,20,Sitting,59216232311000,-4.06,3.41,8.39
580978,20,Sitting,59216282238000,-4.21,3.38,8.35
580979,20,Sitting,59216332317000,-4.21,3.3,8.35
580980,20,Sitting,59216382305000,-4.18,3.34,8.35
580981,20,Sitting,59216432324000,-4.25,3.45,8.54
580982,20,Sitting,59216482342000,-4.02,3.34,8.31
580983,20,Sitting,59216532330000,-4.1,3.49,8.47
580984,20,Sitting,59216582348000,-4.06,3.3,8.35
580985,20,Sitting,59216632336000,-4.18,3.34,8.43
580986,20,Sitting,59216682324000,-4.14,3.3,8.39
580987,20,Sitting,59216732342000,-4.06,3.41,8.43
580988,20,Sitting,59216782330000,-4.14,3.3,8.47
580989,20,Sitting,59216832317000,-4.21,3.15,8.47
580990,20,Sitting,59216882305000,-4.21,3.15,8.5
580991,20,Sitting,59216932324000,-4.14,3.38,8.39
580992,20,Sitting,59216982342000,-4.1,3.76,8.39
580993,20,Sitting,59217032543000,-4.1,3.6,8.35
580994,20,Sitting,59217082348000,-3.91,3.26,8.62
580995,20,Sitting,59217132336000,-3.95,3.11,8.47
580996,20,Sitting,59217182324000,-4.18,3.26,8.47
580997,20,Sitting,59217232311000,-4.33,3.38,8.47
580998,20,Sitting,59217282360000,-4.29,3.41,8.54
580999,20,Sitting,59217332348000,-4.14,3.38,8.39
581000,20,Sitting,59217382305000,-3.91,3.38,8.62
581001,20,Sitting,59217432324000,-3.95,3.3,8.39
581002,20,Sitting,59217482342000,-4.25,3.41,8.47
581003,20,Sitting,59217532299000,-4.21,3.41,8.43
581004,20,Sitting,59217582348000,-4.14,3.34,8.47
581005,20,Sitting,59217632336000,-4.1,3.21,8.5
581006,20,Sitting,59217682354000,-4.14,3.38,8.43
581007,20,Sitting,59217732311000,-4.25,3.38,8.39
581008,20,Sitting,59217782299000,-4.14,3.38,8.47
581009,20,Sitting,59217832317000,-4.1,3.38,8.47
581010,20,Sitting,59217882336000,-4.06,3.34,8.5
581011,20,Sitting,59217932324000,-4.18,3.26,8.47
581012,20,Sitting,59217932324000,-4.18,3.26,8.47
581013,20,Sitting,59218050274000,-4.18,3.3,8.5
581014,20,Sitting,59218102337000,-4.02,3.41,8.43
581015,20,Sitting,59218152264000,-4.14,3.34,8.43
581016,20,Sitting,59218202343000,-4.14,3.3,8.47
581017,20,Sitting,59218252331000,-4.14,3.38,8.39
581018,20,Sitting,59218302349000,-4.1,3.3,8.43
581019,20,Sitting,59218352367000,-4.06,3.26,8.54
581020,20,Sitting,59218402325000,-4.1,3.34,8.35
581021,20,Sitting,59218452343000,-4.14,3.45,8.43
581022,20,Sitting,59218502331000,-4.25,3.45,8.35
581023,20,Sitting,59218552319000,-4.14,3.26,8.5
581024,20,Sitting,59218602306000,-4.25,3.26,8.5
581025,20,Sitting,59218652355000,-4.21,3.21,8.43
581026,20,Sitting,59218702343000,-4.1,3.3,8.5
581027,20,Sitting,59218752300000,-4.1,3.34,8.5
581028,20,Sitting,59218802349000,-4.1,3.38,8.43
581029,20,Sitting,59218852306000,-3.95,3.34,8.43
581030,20,Sitting,59218902294000,-4.02,3.34,8.47
581031,20,Sitting,59218952343000,-4.1,3.17,8.54
581032,20,Sitting,59219002270000,-4.06,3.17,8.54
581033,20,Sitting,59219052319000,-4.02,3.21,8.5
581034,20,Sitting,59219102337000,-3.98,3.3,8.58
581035,20,Sitting,59219152325000,-4.06,3.21,8.47
581036,20,Sitting,59219202343000,-4.06,3.26,8.54
581037,20,Sitting,59219252331000,-4.14,3.3,8.5
581038,20,Sitting,59219302288000,-4.02,3.3,8.5
581039,20,Sitting,59219352306000,-3.95,3.34,8.5
581040,20,Sitting,59219402325000,-4.1,3.34,8.5
581041,20,Sitting,59219452282000,-4.1,3.34,8.58
581042,20,Sitting,59219502300000,-4.1,3.57,8.39
581043,20,Sitting,59219552349000,-4.02,3.68,8.47
581044,20,Sitting,59219602276000,-3.79,3.64,8.47
581045,20,Sitting,59219652294000,-3.98,3.49,8.47
581046,20,Sitting,59219702343000,-4.06,3.49,8.54
581047,20,Sitting,59219752300000,-3.83,3.6,8.5
581048,20,Sitting,59219802319000,-3.68,3.79,8.47
581049,20,Sitting,59219852337000,-3.68,3.83,8.43
581050,20,Sitting,59219902294000,-3.45,3.76,8.43
581051,20,Sitting,59219952282000,-3.45,3.95,8.54
581052,20,Sitting,59220002911000,-3.57,3.99,8.5
581053,20,Sitting,59220052319000,-3.36,4.02,8.5
581054,20,Sitting,59220102306000,-3.45,4.02,8.47
581055,20,Sitting,59220152294000,-3.26,4.1,8.43
581056,20,Sitting,59220202374000,-3.3,4.06,8.58
581058,20,Sitting,59220252300000,-3.11,4.02,8.43
581057,20,Sitting,59220252300000,-3.11,4.02,8.43
581059,20,Sitting,59220312328000,-3.3,4.18,8.54
581060,20,Sitting,59220362347000,-3.34,4.14,8.5
581061,20,Sitting,59220412335000,-3.21,4.18,8.47
581062,20,Sitting,59220462322000,-3.26,4.14,8.47
581063,20,Sitting,59220512341000,-3.3,4.02,8.54
581064,20,Sitting,59220562328000,-3.36,3.91,8.54
581065,20,Sitting,59220612347000,-3.34,4.06,8.54
581066,20,Sitting,59220662335000,-3.34,4.02,8.58
581067,20,Sitting,59220712322000,-3.3,4.02,8.54
581068,20,Sitting,59220762341000,-3.26,4.14,8.5
581069,20,Sitting,59220812328000,-3.41,3.99,8.54
581070,20,Sitting,59220862316000,-3.3,4.02,8.47
581071,20,Sitting,59220930370000,-3.3,4.02,8.47
581072,20,Sitting,59220982311000,-3.34,3.95,8.58
581073,20,Sitting,59221032238000,-3.34,3.91,8.62
581074,20,Sitting,59221082378000,-3.41,3.95,8.54
581075,20,Sitting,59221132336000,-3.26,4.02,8.5
581076,20,Sitting,59221182293000,-3.26,4.02,8.47
581077,20,Sitting,59221232311000,-3.17,4.02,8.5
581078,20,Sitting,59221282391000,-3.41,4.06,8.54
581079,20,Sitting,59221332348000,-3.36,4.02,8.5
581081,20,Sitting,59221382336000,-3.41,3.99,8.58
581080,20,Sitting,59221382336000,-3.41,3.99,8.58
581082,20,Sitting,59221482311000,-3.45,4.06,8.58
581083,20,Sitting,59221532330000,-3.41,3.95,8.47
581084,20,Sitting,59221582348000,-3.36,4.02,8.54
581085,20,Sitting,59221632336000,-3.41,3.99,8.47
581086,20,Sitting,59221682324000,-3.49,3.91,8.58
581087,20,Sitting,59221732342000,-3.49,3.91,8.47
581088,20,Sitting,59221782330000,-3.45,3.83,8.5
581089,20,Sitting,59221832317000,-3.49,3.83,8.5
581090,20,Sitting,59221882336000,-3.57,3.72,8.47
