,user,label,timestamp,x,y,z
581491,20,Sitting,59241912304000,-4.02,3.45,8.5
581492,20,Sitting,59241962353000,-3.98,3.3,8.54
581493,20,Sitting,59242012249000,-3.98,3.34,8.54
581494,20,Sitting,59242062298000,-3.98,3.3,8.58
581495,20,Sitting,59242112316000,-4.02,3.3,8.58
581496,20,Sitting,59242162304000,-3.98,3.3,8.5
581497,20,Sitting,59242212322000,-4.06,3.3,8.54
581498,20,Sitting,59242262310000,-3.98,3.34,8.54
581499,20,Sitting,59242312298000,-3.98,3.26,8.54
581500,20,Sitting,59242362347000,-3.95,3.38,8.5
581501,20,Sitting,59242412335000,-4.02,3.34,8.58
581502,20,Sitting,59242462322000,-4.06,3.26,8.54
581503,20,Sitting,59242512341000,-3.98,3.3,8.5
581505,20,Sitting,59242562298000,-3.98,3.3,8.54
581504,20,Sitting,59242562298000,-3.98,3.3,8.54
581507,20,Sitting,59242662518000,-3.98,3.38,8.54
581506,20,Sitting,59242662518000,-3.98,3.38,8.54
581508,20,Sitting,59242762310000,-4.02,3.3,8.54
581509,20,Sitting,59242812359000,-4.02,3.34,8.54
581510,20,Sitting,59242862316000,-4.02,3.3,8.54
581511,20,Sitting,59242912365000,-3.98,3.3,8.62
581512,20,Sitting,59242962292000,-4.06,3.3,8.58
581513,20,Sitting,59243012341000,-4.02,3.3,8.5
581514,20,Sitting,59243062298000,-4.02,3.3,8.54
581515,20,Sitting,59243062298000,-4.02,3.3,8.54
581516,20,Sitting,59243162304000,-4.06,3.3,8.5
581517,20,Sitting,59243212292000,-4.02,3.3,8.5
581518,20,Sitting,59243262310000,-3.98,3.3,8.62
581519,20,Sitting,59243312298000,-4.02,3.3,8.58
581520,20,Sitting,59243362316000,-4.02,3.26,8.58
581521,20,Sitting,59243412304000,-4.06,3.3,8.58
581522,20,Sitting,59243462292000,-4.02,3.3,8.54
581523,20,Sitting,59243512310000,-3.98,3.3,8.58
581524,20,Sitting,59243562420000,-4.02,3.26,8.58
581525,20,Sitting,59243612316000,-4.06,3.26,8.54
581526,20,Sitting,59243662335000,-4.02,3.34,8.54
581528,20,Sitting,59243712292000,-4.02,3.26,8.54
581527,20,Sitting,59243712292000,-4.02,3.26,8.54
581529,20,Sitting,59243812267000,-4.02,3.26,8.5
581530,20,Sitting,59243862347000,-4.02,3.3,8.58
581531,20,Sitting,59243912304000,-4.02,3.3,8.54
581532,20,Sitting,59243962322000,-3.98,3.3,8.58
581533,20,Sitting,59244012249000,-3.98,3.3,8.54
581534,20,Sitting,59244062298000,-4.06,3.34,8.54
581536,20,Sitting,59244112377000,-4.02,3.26,8.54
581535,20,Sitting,59244112377000,-4.02,3.26,8.54
581537,20,Sitting,59244212292000,-4.02,3.34,8.5
581538,20,Sitting,59244262341000,-3.98,3.3,8.47
581539,20,Sitting,59244312328000,-4.06,3.21,8.5
581540,20,Sitting,59244362530000,-4.02,3.3,8.54
581542,20,Sitting,59244412304000,-3.98,3.3,8.54
581541,20,Sitting,59244412304000,-3.98,3.3,8.54
581543,20,Sitting,59244512310000,-4.06,3.3,8.47
581544,20,Sitting,59244580395000,-4.06,3.3,8.47
581545,20,Sitting,59244632275000,-3.95,3.38,8.5
581546,20,Sitting,59244682232000,-4.06,3.3,8.5
581547,20,Sitting,59244732372000,-4.02,3.34,8.54
581548,20,Sitting,59244782299000,-3.98,3.38,8.54
581549,20,Sitting,59244832317000,-4.06,3.3,8.54
581550,20,Sitting,59244882305000,-4.1,3.3,8.47
581551,20,Sitting,59244932324000,-4.02,3.38,8.54
581552,20,Sitting,59244982311000,-4.02,3.3,8.47
581553,20,Sitting,59245032299000,-4.06,3.34,8.47
581554,20,Sitting,59245082348000,-4.02,3.34,8.5
581555,20,Sitting,59245132305000,-4.02,3.38,8.5
581556,20,Sitting,59245182293000,-4.02,3.34,8.5
581557,20,Sitting,59245232311000,-4.02,3.3,8.47
581558,20,Sitting,59245286785000,-4.1,3.34,8.5
581559,20,Sitting,59245342327000,-3.98,3.38,8.47
581560,20,Sitting,59245392346000,-4.06,3.3,8.58
581561,20,Sitting,59245442303000,-3.98,3.3,8.5
581563,20,Sitting,59245492291000,-4.06,3.3,8.47
581562,20,Sitting,59245492291000,-4.06,3.3,8.47
581564,20,Sitting,59245592297000,-4.02,3.34,8.47
581565,20,Sitting,59245642315000,-3.98,3.34,8.5
581566,20,Sitting,59245692272000,-4.06,3.34,8.5
581567,20,Sitting,59245742291000,-4.02,3.34,8.5
581568,20,Sitting,59245792278000,-4.02,3.3,8.5
581569,20,Sitting,59245842266000,-4.02,3.3,8.54
581570,20,Sitting,59245892315000,-4.02,3.3,8.5
581571,20,Sitting,59245892315000,-4.02,3.3,8.5
581572,20,Sitting,59245992291000,-4.06,3.34,8.47
581573,20,Sitting,59246042309000,-3.98,3.34,8.43
581574,20,Sitting,59246092358000,-4.06,3.3,8.54
581575,20,Sitting,59246142315000,-4.02,3.21,8.54
581576,20,Sitting,59246192303000,-4.06,3.21,8.54
581577,20,Sitting,59246242291000,-3.98,3.26,8.54
581578,20,Sitting,59246292248000,-3.91,3.3,8.58
581579,20,Sitting,59246342327000,-3.95,3.21,8.54
581580,20,Sitting,59246392346000,-4.06,3.3,8.5
581581,20,Sitting,59246442303000,-3.98,3.3,8.5
581582,20,Sitting,59246492321000,-3.95,3.21,8.54
581583,20,Sitting,59246542339000,-4.02,3.26,8.58
581584,20,Sitting,59246592297000,-4.02,3.3,8.58
581585,20,Sitting,59246642346000,-4.06,3.34,8.66
581586,20,Sitting,59246692333000,-3.95,3.38,8.47
581587,20,Sitting,59246742352000,-3.83,3.34,8.54
581588,20,Sitting,59246792339000,-3.95,3.17,8.58
581589,20,Sitting,59246842297000,-4.06,3.17,8.58
581590,20,Sitting,59246892346000,-4.06,3.34,8.54
581591,20,Sitting,59246942303000,-3.87,3.34,8.58
581592,20,Sitting,59246992291000,-3.91,3.3,8.58
581593,20,Sitting,59247042339000,-4.06,3.21,8.54
581594,20,Sitting,59247092327000,-4.1,3.3,8.5
581595,20,Sitting,59247142346000,-3.98,3.3,8.62
581596,20,Sitting,59247192303000,-3.98,3.3,8.54
581597,20,Sitting,59247242321000,-3.95,3.38,8.43
581598,20,Sitting,59247292370000,-3.91,3.34,8.58
581599,20,Sitting,59247342297000,-3.91,3.38,8.54
581600,20,Sitting,59247392346000,-4.02,3.3,8.5
581601,20,Sitting,59247442303000,-4.02,3.26,8.58
581602,20,Sitting,59247492291000,-3.98,3.26,8.62
581603,20,Sitting,59247542309000,-4.02,3.26,8.62
581604,20,Sitting,59247592327000,-4.06,3.21,8.58
581605,20,Sitting,59247642376000,-4.06,3.34,8.58
581606,20,Sitting,59247692303000,-4.1,3.34,8.62
581607,20,Sitting,59247742321000,-4.02,3.3,8.54
581608,20,Sitting,59247792309000,-3.87,3.34,8.54
581609,20,Sitting,59247842327000,-3.98,3.26,8.66
581610,20,Sitting,59247892346000,-4.14,3.21,8.62
581611,20,Sitting,59247942364000,-4.1,3.38,8.54
581612,20,Sitting,59247992291000,-3.91,3.57,8.47
581613,20,Sitting,59248042339000,-3.83,3.45,8.58
581614,20,Sitting,59248092327000,-3.87,3.41,8.39
581615,20,Sitting,59248142346000,-4.02,3.3,8.62
581616,20,Sitting,59248192303000,-4.02,3.3,8.58
581617,20,Sitting,59248242291000,-3.98,3.17,8.58
581618,20,Sitting,59248292339000,-4.02,3.11,8.62
581619,20,Sitting,59248342266000,-4.18,3.11,8.62
581620,20,Sitting,59248392346000,-4.18,3.21,8.54
581621,20,Sitting,59248442303000,-4.18,3.3,8.58
581622,20,Sitting,59248492321000,-4.06,3.17,8.54
581623,20,Sitting,59248542339000,-4.02,3.26,8.62
581624,20,Sitting,59248592297000,-4.02,3.21,8.5
581625,20,Sitting,59248642315000,-4.02,3.26,8.58
581626,20,Sitting,59248692303000,-4.02,3.26,8.54
581627,20,Sitting,59248742321000,-4.1,3.21,8.58
581628,20,Sitting,59248792309000,-4.06,3.21,8.47
581629,20,Sitting,59248842327000,-3.98,3.26,8.54
581630,20,Sitting,59248892346000,-3.91,3.21,8.58
581631,20,Sitting,59248942303000,-3.95,3.21,8.54
581632,20,Sitting,59248992291000,-4.1,3.17,8.69
581633,20,Sitting,59249042339000,-4.29,3.02,8.58
581634,20,Sitting,59249092297000,-4.29,3.11,8.62
581635,20,Sitting,59249142346000,-4.1,3.38,8.43
581636,20,Sitting,59249192333000,-3.76,3.45,8.54
581637,20,Sitting,59249242321000,-3.68,3.38,8.58
581638,20,Sitting,59249292309000,-4.14,3.3,8.58
581639,20,Sitting,59249342327000,-4.44,3.15,8.54
581640,20,Sitting,59249392346000,-4.21,3.11,8.62
581641,20,Sitting,59249442333000,-3.98,3.26,8.58
581642,20,Sitting,59249492321000,-3.83,3.3,8.54
581643,20,Sitting,59249542278000,-3.83,3.34,8.54
581645,20,Sitting,59249592297000,-4.14,3.26,8.54
581644,20,Sitting,59249592297000,-4.14,3.26,8.54
581646,20,Sitting,59249662304000,-4.18,3.26,8.5
581647,20,Sitting,59249712292000,-3.95,3.21,8.66
581648,20,Sitting,59249762310000,-4.1,3.21,8.5
581649,20,Sitting,59249812298000,-4.1,3.3,8.54
581650,20,Sitting,59249862347000,-4.02,3.26,8.58
581651,20,Sitting,59249942333000,-4.02,3.3,8.58
581652,20,Sitting,59249992291000,-4.02,3.26,8.58
581653,20,Sitting,59250042309000,-4.02,3.26,8.54
581654,20,Sitting,59250092327000,-4.21,3.21,8.5
581655,20,Sitting,59250142315000,-4.18,3.21,8.58
581656,20,Sitting,59250192303000,-3.95,3.21,8.5
581657,20,Sitting,59250242321000,-3.87,3.38,8.66
581658,20,Sitting,59250292339000,-4.02,3.3,8.47
581659,20,Sitting,59250342327000,-3.98,3.26,8.54
581660,20,Sitting,59250392346000,-4.1,3.15,8.62
581661,20,Sitting,59250442303000,-4.1,3.21,8.5
581662,20,Sitting,59250492321000,-4.02,3.26,8.54
581663,20,Sitting,59250542339000,-3.87,3.3,8.58
581664,20,Sitting,59250592297000,-3.91,3.26,8.58
581665,20,Sitting,59250642315000,-4.02,3.21,8.58
581666,20,Sitting,59250692333000,-4.1,3.17,8.5
581667,20,Sitting,59250742321000,-4.02,3.3,8.58
581668,20,Sitting,59250792339000,-3.95,3.34,8.54
581669,20,Sitting,59250842297000,-3.95,3.21,8.58
581670,20,Sitting,59250892346000,-4.02,3.21,8.54
581671,20,Sitting,59250942303000,-4.02,3.3,8.5
581672,20,Sitting,59250992321000,-3.98,3.26,8.58
581673,20,Sitting,59251042309000,-3.95,3.17,8.58
581674,20,Sitting,59251092297000,-3.95,3.26,8.66
581675,20,Sitting,59251142315000,-4.02,3.26,8.54
581676,20,Sitting,59251192303000,-3.95,3.34,8.54
581677,20,Sitting,59251242321000,-3.95,3.3,8.58
581678,20,Sitting,59251292309000,-3.95,3.3,8.54
581679,20,Sitting,59251342327000,-3.98,3.15,8.62
581680,20,Sitting,59251392346000,-4.02,3.06,8.54
581681,20,Sitting,59251442303000,-4.06,3.15,8.54
581682,20,Sitting,59251492291000,-3.98,3.26,8.54
581683,20,Sitting,59251542309000,-4.02,3.38,8.54
581684,20,Sitting,59251592266000,-4.02,3.21,8.54
581685,20,Sitting,59251642346000,-3.95,3.15,8.69
581686,20,Sitting,59251692303000,-3.95,3.21,8.43
581687,20,Sitting,59251742321000,-4.02,3.26,8.54
581688,20,Sitting,59251792309000,-4.02,3.34,8.5
581689,20,Sitting,59251842297000,-3.98,3.53,8.5
581690,20,Sitting,59251892315000,-3.98,3.38,8.5
