,user,label,timestamp,x,y,z
860705,21,Downstairs,119019211615000,-3.15,8.66,1.8
860706,21,Downstairs,119019251501000,4.14,15.64,5.2
860707,21,Downstairs,119019291541000,5.9,9.85,1.92
860708,21,Downstairs,119019371558000,2.18,11.07,5.71
860709,21,Downstairs,119019411749000,2.87,12.37,1.88
860710,21,Downstairs,119019451514000,1.99,7.55,0.84
860711,21,Downstairs,119019491553000,-0.65,2.41,3.72
860712,21,Downstairs,119019571509000,-0.46,14.56,9.43
860713,21,Downstairs,119019611639000,-0.11,8.35,7.65
860714,21,Downstairs,119019652991000,-4.52,6.47,9.53
860715,21,Downstairs,119019692419000,4.14,12.3,6.28
860716,21,Downstairs,119019771613000,-1.08,6.63,1.95
860717,21,Downstairs,119019821509000,-0.8,-2.83,-1.42
860718,21,Downstairs,119019861609000,1.53,-5.09,0.27
860719,21,Downstairs,119019901678000,-4.67,9.7,2.96
860720,21,Downstairs,119019941657000,3.15,8.89,2.26
860721,21,Downstairs,119020021552000,5.56,11.45,3.98
860722,21,Downstairs,119020061652000,-0.65,7.93,5.18
860723,21,Downstairs,119020101630000,0.27,10.19,4.52
860724,21,Downstairs,119020141699000,2.11,9.89,0.23
860725,21,Downstairs,119020203680000,-1.27,10.27,3.76
860726,21,Downstairs,119020241614000,-0.93,9.85,4.29
860727,21,Downstairs,119020321509000,-4.56,14.86,6.36
860728,21,Downstairs,119020361548000,-0.31,9.08,7.31
860729,21,Downstairs,119020401556000,1.31,5.18,4.44
860730,21,Downstairs,119020441687000,-0.46,4.25,5.09
860731,21,Downstairs,119020521582000,3.3,7.31,4.86
860732,21,Downstairs,119020561652000,2.34,9.34,6.59
860733,21,Downstairs,119020601538000,1.27,7.67,6.51
860734,21,Downstairs,119020662726000,-0.15,9.0,5.48
860735,21,Downstairs,119020701575000,-2.11,9.15,5.79
860736,21,Downstairs,119020741644000,-1.57,9.28,5.33
860737,21,Downstairs,119020821539000,-1.12,11.65,3.95
860738,21,Downstairs,119020861609000,0.0,9.58,3.91
860739,21,Downstairs,119020901831000,0.65,5.94,1.57
860740,21,Downstairs,119020941565000,0.84,9.89,0.53
860741,21,Downstairs,119021021490000,-0.08,8.62,-0.61
860742,21,Downstairs,119021061621000,0.72,10.69,0.04
860743,21,Downstairs,119021101752000,0.72,9.04,-1.08
860744,21,Downstairs,119021141669000,2.53,9.47,0.8
860745,21,Downstairs,119021221594000,3.49,8.47,1.04
860746,21,Downstairs,119021261664000,1.92,8.16,1.8
860747,21,Downstairs,119021301672000,1.92,8.85,2.07
860748,21,Downstairs,119021341681000,2.45,7.21,0.99
860749,21,Downstairs,119021421698000,4.59,9.47,0.89
860750,21,Downstairs,119021463843000,-0.57,10.73,-0.53
860751,21,Downstairs,119021501471000,-0.15,11.88,-0.99
860752,21,Downstairs,119021581641000,-3.41,9.81,2.56
860753,21,Downstairs,119021621558000,-1.38,9.15,2.72
860754,21,Downstairs,119021661658000,6.63,12.07,3.45
860755,21,Downstairs,119021707373000,0.34,7.31,5.05
860756,21,Downstairs,119021743262000,-2.11,5.37,3.57
860757,21,Downstairs,119021821631000,3.02,6.32,4.9
860758,21,Downstairs,119021861639000,3.21,7.44,5.41
860759,21,Downstairs,119021901526000,3.6,7.4,5.52
860760,21,Downstairs,119021981665000,-0.08,9.7,4.79
860761,21,Downstairs,119022021521000,-0.38,11.37,4.52
860762,21,Downstairs,119022061591000,-0.38,10.23,3.41
860763,21,Downstairs,119022101660000,-0.8,6.51,0.5
860764,21,Downstairs,119022141577000,0.8,-6.55,-0.84
860765,21,Downstairs,119022221594000,1.76,-2.72,2.87
860766,21,Downstairs,119022261542000,-1.88,13.59,0.15
860767,21,Downstairs,119022301672000,-0.08,14.67,6.02
860768,21,Downstairs,119022381567000,6.93,12.87,3.34
860769,21,Downstairs,119022421698000,3.45,10.76,6.78
860770,21,Downstairs,119022464087000,2.14,10.38,1.38
860771,21,Downstairs,119022501501000,-2.45,5.13,0.8
860772,21,Downstairs,119022541693000,-1.5,11.73,7.27
860773,21,Downstairs,119022621649000,1.23,10.38,8.12
860774,21,Downstairs,119022661536000,-0.8,6.89,8.58
860775,21,Downstairs,119022701758000,-1.57,8.31,9.34
860776,21,Downstairs,119022741614000,6.55,8.24,5.41
860777,21,Downstairs,119022821631000,-2.15,8.35,2.41
860778,21,Downstairs,119022861639000,-2.91,2.68,-1.42
860779,21,Downstairs,119022901587000,3.06,-3.17,-0.38
860780,21,Downstairs,119022941657000,-0.42,2.37,0.23
860781,21,Downstairs,119023022437000,5.9,12.68,3.26
860782,21,Downstairs,119023061652000,3.98,11.11,3.41
860783,21,Downstairs,119023101538000,2.98,10.8,5.37
860784,21,Downstairs,119023181555000,1.61,9.81,0.08
860785,21,Downstairs,119023221503000,-1.54,4.25,0.0
860786,21,Downstairs,119023261542000,-2.07,0.57,2.41
860787,21,Downstairs,119023301642000,2.22,4.33,5.18
860788,21,Downstairs,119023381689000,-0.11,7.55,5.28
860789,21,Downstairs,119023421637000,-4.06,8.43,11.3
860790,21,Downstairs,119023463812000,3.91,9.34,7.55
860791,21,Downstairs,119023581305000,-4.1,7.01,-0.38
860792,21,Downstairs,119023581305000,-4.1,7.01,-0.38
860793,21,Downstairs,119023621405000,-0.27,-0.46,-0.76
860794,21,Downstairs,119023661566000,4.4,-4.44,0.3
860795,21,Downstairs,119023701636000,-1.27,8.54,3.26
860796,21,Downstairs,119023760840000,3.34,13.29,2.49
860797,21,Downstairs,119023801611000,7.27,11.6,2.34
860798,21,Downstairs,119023841559000,2.87,13.4,4.14
860799,21,Downstairs,119023921667000,2.56,9.28,1.8
860800,21,Downstairs,119023961676000,-2.11,5.18,-1.04
860801,21,Downstairs,119024002020000,0.11,5.09,1.23
860802,21,Downstairs,119024081671000,1.57,10.73,6.93
860803,21,Downstairs,119024121558000,1.12,9.53,7.25
860804,21,Downstairs,119024166602000,-5.67,9.23,9.47
860805,21,Downstairs,119024204016000,-0.93,8.16,8.66
860806,21,Downstairs,119024281653000,4.25,8.01,6.24
860807,21,Downstairs,119024321570000,0.42,10.53,3.79
860808,21,Downstairs,119024361639000,-1.69,3.02,-0.08
860809,21,Downstairs,119024401617000,1.69,-4.18,0.69
860810,21,Downstairs,119024481512000,-0.93,18.62,0.84
860811,21,Downstairs,119024521643000,5.98,8.12,5.28
860812,21,Downstairs,119024561530000,6.59,10.38,2.72
860813,21,Downstairs,119024601508000,4.02,11.5,5.9
860814,21,Downstairs,119024681555000,1.33,8.01,0.91
860815,21,Downstairs,119024721625000,0.3,4.82,-2.68
860816,21,Downstairs,119024761664000,0.0,3.57,1.27
860817,21,Downstairs,119024806219000,-1.04,5.05,5.71
860818,21,Downstairs,119024844855000,0.99,12.53,7.01
860819,21,Downstairs,119024922644000,-1.61,5.98,7.08
860820,21,Downstairs,119024961554000,-2.22,9.85,9.08
860821,21,Downstairs,119025001654000,3.68,10.61,5.86
860822,21,Downstairs,119025041571000,1.04,-0.34,-1.69
860823,21,Downstairs,119025139838000,1.8,-3.3,0.72
860824,21,Downstairs,119025139838000,1.8,-3.3,0.72
860825,21,Downstairs,119025221503000,6.55,11.69,-0.53
860826,21,Downstairs,119025261542000,8.01,14.18,4.29
860827,21,Downstairs,119025301642000,2.3,9.58,4.48
860828,21,Downstairs,119025381567000,1.92,13.1,2.87
860829,21,Downstairs,119025421881000,0.69,6.47,-0.34
860830,21,Downstairs,119025463782000,-0.5,2.34,0.23
860831,21,Downstairs,119025501532000,-1.38,0.53,4.33
860832,21,Downstairs,119025541602000,2.72,5.98,7.25
860833,21,Downstairs,119025621558000,-2.56,8.2,6.36
860834,21,Downstairs,119025661658000,-1.04,8.5,9.96
860835,21,Downstairs,119025701636000,5.28,9.19,7.08
860836,21,Downstairs,119025741675000,-0.65,7.12,3.98
860837,21,Downstairs,119025781561000,-0.65,7.12,3.98
860838,21,Downstairs,119025851447000,-2.64,7.12,0.3
860839,21,Downstairs,119025891638000,-0.38,5.86,-1.04
860840,21,Downstairs,119025971991000,2.79,-5.2,-0.38
860841,21,Downstairs,119026011572000,-0.15,17.01,4.79
860842,21,Downstairs,119026051642000,1.69,8.39,3.34
860843,21,Downstairs,119026131628000,2.07,6.93,1.8
860844,21,Downstairs,119026171545000,-0.42,10.69,4.37
860845,21,Downstairs,119026211462000,0.99,10.99,4.18
860846,21,Downstairs,119026251532000,2.79,7.16,2.11
860847,21,Downstairs,119026291663000,1.57,8.2,-0.57
860848,21,Downstairs,119026372229000,-3.68,13.06,4.33
860849,21,Downstairs,119026411627000,-3.17,12.83,5.2
860850,21,Downstairs,119026451575000,1.18,12.87,4.56
860851,21,Downstairs,119026531470000,0.19,6.47,6.47
860852,21,Downstairs,119026571509000,0.72,5.05,4.52
860853,21,Downstairs,119026611517000,-1.18,3.3,4.1
860854,21,Downstairs,119026651617000,-0.27,3.91,3.02
860855,21,Downstairs,119026731665000,-0.34,8.92,5.56
860856,21,Downstairs,119026771521000,1.33,11.45,6.55
860857,21,Downstairs,119026811560000,3.11,11.65,5.82
860858,21,Downstairs,119026851599000,0.38,10.88,6.51
860859,21,Downstairs,119026891669000,-0.61,11.73,1.14
860860,21,Downstairs,119026973517000,-0.34,6.51,1.31
860861,21,Downstairs,119027011542000,0.61,7.44,-0.34
860862,21,Downstairs,119027051581000,0.53,13.25,0.69
860863,21,Downstairs,119027091559000,-1.33,9.23,-1.76
860864,21,Downstairs,119027171606000,1.99,9.08,0.57
860865,21,Downstairs,119027211462000,4.67,8.66,-0.23
860866,21,Downstairs,119027251593000,3.95,8.62,1.88
860867,21,Downstairs,119027331519000,1.76,8.24,1.31
860868,21,Downstairs,119027371558000,1.04,9.04,1.65
860869,21,Downstairs,119027411505000,1.08,8.81,1.76
860870,21,Downstairs,119027451941000,2.03,8.08,0.72
860871,21,Downstairs,119027491553000,1.88,11.41,1.5
860872,21,Downstairs,119027571539000,1.08,11.35,0.91
860873,21,Downstairs,119027611517000,1.65,12.22,-2.34
860874,21,Downstairs,119027651556000,0.89,10.08,-2.68
860875,21,Downstairs,119027691657000,-4.71,11.26,2.14
860876,21,Downstairs,119027771460000,4.4,12.18,1.12
860877,21,Downstairs,119027811591000,2.14,9.19,3.79
860878,21,Downstairs,119027853644000,0.15,4.9,3.53
860879,21,Downstairs,119027891669000,-0.53,6.13,3.68
860880,21,Downstairs,119027971564000,1.38,7.16,4.59
860881,21,Downstairs,119028011572000,1.27,7.25,4.99
860882,21,Downstairs,119028051672000,1.88,7.01,5.01
860883,21,Downstairs,119028091559000,2.11,11.22,4.52
860884,21,Downstairs,119028171637000,0.46,11.26,4.25
860885,21,Downstairs,119028211554000,-0.84,8.58,2.22
860886,21,Downstairs,119028251624000,-1.5,2.96,-1.33
860887,21,Downstairs,119028291632000,1.5,-7.5,0.42
860888,21,Downstairs,119028371588000,-1.88,9.47,3.6
860889,21,Downstairs,119028411505000,1.31,17.47,1.65
860890,21,Downstairs,119028452338000,8.01,9.81,5.43
860891,21,Downstairs,119028531500000,2.26,8.58,5.71
860892,21,Downstairs,119028571661000,3.06,13.76,3.76
860893,21,Downstairs,119028611609000,0.61,6.59,0.23
860894,21,Downstairs,119028651953000,-1.31,0.42,0.89
860895,21,Downstairs,119028731543000,-0.8,14.37,8.16
860896,21,Downstairs,119028771643000,-0.27,5.83,5.71
860897,21,Downstairs,119028811621000,-1.92,6.44,9.49
860898,21,Downstairs,119028851599000,4.21,9.04,6.97
860899,21,Downstairs,119028891669000,3.64,9.51,5.05
860900,21,Downstairs,119028974493000,-0.84,0.15,-1.65
860901,21,Downstairs,119029011450000,4.02,-3.76,1.08
860902,21,Downstairs,119029051611000,-1.95,10.95,3.68
860903,21,Downstairs,119029131659000,10.04,11.18,2.3
860904,21,Downstairs,119029171515000,2.34,7.74,5.43
