,user,label,timestamp,x,y,z
584891,20,Sitting,59411932324000,-3.95,3.45,8.47
584892,20,Sitting,59411982342000,-3.91,3.41,8.43
584893,20,Sitting,59412032330000,-3.95,3.45,8.43
584894,20,Sitting,59412082348000,-3.98,3.41,8.39
584895,20,Sitting,59412132336000,-3.87,3.38,8.47
584896,20,Sitting,59412182324000,-3.95,3.45,8.39
584897,20,Sitting,59412232311000,-3.95,3.45,8.43
584898,20,Sitting,59412282299000,-3.91,3.45,8.35
584899,20,Sitting,59412332317000,-3.95,3.41,8.35
584900,20,Sitting,59412382305000,-3.95,3.41,8.39
584901,20,Sitting,59412432293000,-3.95,3.49,8.39
584902,20,Sitting,59412482311000,-4.02,3.64,8.39
584903,20,Sitting,59412532330000,-4.1,3.6,8.43
584904,20,Sitting,59412582317000,-4.02,3.6,8.35
584905,20,Sitting,59412632336000,-4.06,3.68,8.31
584906,20,Sitting,59412682293000,-4.06,3.6,8.35
584907,20,Sitting,59412732342000,-3.91,3.57,8.43
584908,20,Sitting,59412782330000,-3.76,3.79,8.35
584909,20,Sitting,59412832348000,-3.87,3.57,8.5
584910,20,Sitting,59412882305000,-3.83,3.68,8.5
584911,20,Sitting,59412932324000,-3.68,3.87,8.66
584912,20,Sitting,59412982464000,-3.72,3.64,8.5
584913,20,Sitting,59413032299000,-3.6,3.53,8.5
584914,20,Sitting,59413082348000,-3.3,3.49,8.47
584915,20,Sitting,59413132244000,-3.26,3.45,8.58
584916,20,Sitting,59413182354000,-3.21,3.15,8.62
584917,20,Sitting,59413232311000,-3.21,3.11,8.77
584918,20,Sitting,59413282330000,-3.26,3.49,9.04
584919,20,Sitting,59413332348000,-3.21,3.21,8.89
584920,20,Sitting,59413382336000,-3.11,3.49,8.85
584921,20,Sitting,59413432324000,-3.02,3.64,8.81
584922,20,Sitting,59413482647000,-2.91,3.68,8.92
584923,20,Sitting,59413532299000,-2.68,3.68,9.0
584924,20,Sitting,59413582317000,-2.3,3.68,9.0
584925,20,Sitting,59413632336000,-1.99,3.79,9.11
584926,20,Sitting,59413682324000,-2.07,3.72,9.23
584927,20,Sitting,59413732311000,-2.34,3.72,8.96
584928,20,Sitting,59413782360000,-1.73,3.6,8.62
584929,20,Sitting,59413832348000,-1.65,3.02,8.73
584930,20,Sitting,59413882336000,-1.38,2.6,9.23
584931,20,Sitting,59413932293000,-1.5,2.41,9.47
584932,20,Sitting,59413982372000,-1.38,3.34,8.89
584933,20,Sitting,59414032330000,-2.45,3.91,8.81
584934,20,Sitting,59414082348000,-3.26,4.4,8.85
584935,20,Sitting,59414132336000,-3.34,4.79,8.73
584936,20,Sitting,59414182324000,-3.21,4.56,8.39
584937,20,Sitting,59414232342000,-3.26,4.37,8.58
584938,20,Sitting,59414282330000,-3.36,4.06,8.62
584939,20,Sitting,59414332348000,-3.6,3.72,8.58
584940,20,Sitting,59414382336000,-3.64,3.68,8.54
584941,20,Sitting,59414432324000,-3.57,3.79,8.5
584942,20,Sitting,59414482342000,-3.68,3.57,8.54
584943,20,Sitting,59414532299000,-3.68,3.79,8.54
584944,20,Sitting,59414582348000,-3.02,4.18,8.43
584945,20,Sitting,59414632305000,-3.36,3.79,8.43
584946,20,Sitting,59414682324000,-3.72,3.76,8.31
584947,20,Sitting,59414732342000,-3.45,3.87,8.39
584948,20,Sitting,59414782330000,-3.6,3.72,8.24
584949,20,Sitting,59414832378000,-3.57,3.91,8.47
584950,20,Sitting,59414882305000,-3.57,3.57,8.58
584951,20,Sitting,59414932324000,-3.53,3.76,8.47
584952,20,Sitting,59414982494000,-3.6,4.02,8.54
584953,20,Sitting,59415032330000,-3.49,3.95,8.43
584954,20,Sitting,59415082348000,-3.53,4.02,8.39
584955,20,Sitting,59415132336000,-3.57,3.95,8.35
584956,20,Sitting,59415182263000,-3.57,3.95,8.43
584957,20,Sitting,59415232311000,-3.53,3.95,8.39
584958,20,Sitting,59415284496000,-3.45,3.95,8.39
584959,20,Sitting,59415342327000,-3.41,4.02,8.35
584960,20,Sitting,59415392315000,-3.45,4.06,8.39
584961,20,Sitting,59415442303000,-3.45,4.06,8.35
584962,20,Sitting,59415492291000,-3.57,4.02,8.39
584963,20,Sitting,59415542278000,-3.57,3.99,8.39
584964,20,Sitting,59415592297000,-3.57,3.95,8.35
584965,20,Sitting,59415642346000,-3.53,4.02,8.39
584966,20,Sitting,59415692303000,-3.45,4.02,8.35
584967,20,Sitting,59415742291000,-3.53,4.02,8.28
584968,20,Sitting,59415792370000,-3.49,3.99,8.39
584969,20,Sitting,59415792370000,-3.49,3.99,8.39
584970,20,Sitting,59415862286000,-3.49,4.02,8.43
584971,20,Sitting,59415912274000,-3.49,4.06,8.31
584972,20,Sitting,59415962292000,-3.49,4.06,8.43
584973,20,Sitting,59416012280000,-3.49,4.02,8.39
584974,20,Sitting,59416062328000,-3.53,3.99,8.35
584975,20,Sitting,59416112347000,-3.49,4.02,8.43
584976,20,Sitting,59416162304000,-3.45,4.02,8.39
584977,20,Sitting,59416212322000,-3.45,4.06,8.43
584978,20,Sitting,59416262341000,-3.53,4.06,8.39
584979,20,Sitting,59416312359000,-3.49,3.99,8.43
584980,20,Sitting,59416362347000,-3.41,4.02,8.35
584981,20,Sitting,59416412335000,-3.45,4.06,8.35
584982,20,Sitting,59416462292000,-3.45,4.06,8.43
584983,20,Sitting,59416512341000,-3.49,3.99,8.39
584984,20,Sitting,59416562328000,-3.45,4.02,8.43
584985,20,Sitting,59416612316000,-3.45,4.02,8.39
584986,20,Sitting,59416662304000,-3.45,4.06,8.39
584987,20,Sitting,59416712322000,-3.41,4.1,8.35
584988,20,Sitting,59416762341000,-3.49,4.02,8.43
584989,20,Sitting,59416812359000,-3.45,4.06,8.43
584990,20,Sitting,59416862316000,-3.45,4.02,8.43
584991,20,Sitting,59416912304000,-3.53,4.02,8.43
584992,20,Sitting,59416962322000,-3.45,4.02,8.47
584993,20,Sitting,59417012280000,-3.41,4.02,8.39
584994,20,Sitting,59417062298000,-3.41,3.99,8.43
584995,20,Sitting,59417112316000,-3.45,3.99,8.43
584996,20,Sitting,59417162304000,-3.49,3.99,8.35
584997,20,Sitting,59417212322000,-3.45,4.06,8.47
584998,20,Sitting,59417262310000,-3.45,4.06,8.39
584999,20,Sitting,59417312328000,-3.45,4.02,8.43
585000,20,Sitting,59417362347000,-3.49,3.99,8.39
585001,20,Sitting,59417412304000,-3.49,4.02,8.39
585002,20,Sitting,59417462292000,-3.41,4.1,8.39
585003,20,Sitting,59417512310000,-3.36,4.06,8.39
585004,20,Sitting,59417562389000,-3.45,3.99,8.43
585005,20,Sitting,59417612316000,-3.45,4.02,8.39
585006,20,Sitting,59417662304000,-3.45,4.06,8.47
585007,20,Sitting,59417712292000,-3.36,4.06,8.39
585008,20,Sitting,59417762310000,-3.36,3.99,8.39
585009,20,Sitting,59417812328000,-3.41,4.06,8.35
585010,20,Sitting,59417862316000,-3.41,4.02,8.39
585011,20,Sitting,59417912335000,-3.45,4.14,8.43
585012,20,Sitting,59417962322000,-3.41,4.06,8.39
585013,20,Sitting,59418012310000,-3.26,4.02,8.43
585014,20,Sitting,59418062328000,-3.36,4.02,8.47
585015,20,Sitting,59418112347000,-3.53,4.1,8.35
585016,20,Sitting,59418162304000,-3.45,4.1,8.35
585017,20,Sitting,59418212292000,-3.41,4.06,8.35
585018,20,Sitting,59418262341000,-3.34,4.1,8.39
585019,20,Sitting,59418312328000,-3.36,4.06,8.35
585020,20,Sitting,59418362347000,-3.41,4.02,8.43
585022,20,Sitting,59418412335000,-3.45,4.1,8.35
585021,20,Sitting,59418412335000,-3.45,4.1,8.35
585023,20,Sitting,59418512310000,-3.41,4.1,8.39
585025,20,Sitting,59418562298000,-3.45,4.02,8.39
585024,20,Sitting,59418562298000,-3.45,4.02,8.39
585026,20,Sitting,59418662274000,-3.45,4.1,8.43
585027,20,Sitting,59418730358000,-3.45,4.1,8.43
585028,20,Sitting,59418782269000,-3.41,4.06,8.43
585029,20,Sitting,59418832256000,-3.45,4.02,8.47
585030,20,Sitting,59418882366000,-3.53,3.99,8.39
585031,20,Sitting,59418932293000,-3.45,3.99,8.43
585032,20,Sitting,59418982311000,-3.41,4.14,8.39
585033,20,Sitting,59419032299000,-3.41,4.1,8.43
585034,20,Sitting,59419082348000,-3.53,4.14,8.5
585035,20,Sitting,59419132305000,-3.53,4.06,8.43
585036,20,Sitting,59419182324000,-3.49,4.1,8.5
585037,20,Sitting,59419232342000,-3.36,4.06,8.39
585038,20,Sitting,59419282330000,-3.3,4.14,8.5
585039,20,Sitting,59419332348000,-2.83,4.37,8.43
585040,20,Sitting,59419382305000,-2.64,4.6,8.43
585041,20,Sitting,59419432324000,-2.37,4.63,8.47
585042,20,Sitting,59419482311000,-2.07,4.9,8.28
585043,20,Sitting,59419532299000,-1.92,5.13,8.28
585044,20,Sitting,59419582348000,-2.11,5.22,8.24
585045,20,Sitting,59419632336000,-2.26,5.05,8.35
585046,20,Sitting,59419682324000,-1.99,4.94,8.43
585047,20,Sitting,59419732342000,-1.88,4.82,8.35
585048,20,Sitting,59419782330000,-1.99,4.94,8.39
585049,20,Sitting,59419832348000,-2.07,5.01,8.43
585050,20,Sitting,59419882336000,-1.99,4.99,8.35
585051,20,Sitting,59419932293000,-2.14,4.82,8.35
585052,20,Sitting,59419982311000,-2.11,4.9,8.47
585053,20,Sitting,59420032330000,-2.11,4.86,8.43
585054,20,Sitting,59420082348000,-2.18,4.9,8.47
585055,20,Sitting,59420132305000,-2.18,4.82,8.43
585056,20,Sitting,59420182324000,-2.11,4.94,8.5
585057,20,Sitting,59420232311000,-2.11,4.86,8.54
585058,20,Sitting,59420282238000,-2.03,4.86,8.47
585059,20,Sitting,59420332317000,-2.07,4.86,8.47
585060,20,Sitting,59420382336000,-2.03,4.82,8.39
585061,20,Sitting,59420432324000,-2.14,4.9,8.43
585062,20,Sitting,59420482281000,-2.14,4.9,8.47
585063,20,Sitting,59420532330000,-2.07,4.86,8.39
585064,20,Sitting,59420582348000,-2.03,4.9,8.43
585065,20,Sitting,59420632305000,-2.03,4.86,8.47
585066,20,Sitting,59420682293000,-2.07,4.9,8.47
585067,20,Sitting,59420732311000,-2.07,4.86,8.47
585068,20,Sitting,59420782299000,-2.03,4.86,8.5
585069,20,Sitting,59420832378000,-2.07,4.99,8.43
585070,20,Sitting,59420882336000,-1.99,4.94,8.5
585071,20,Sitting,59420932324000,-2.07,4.9,8.47
585072,20,Sitting,59420982311000,-2.11,4.94,8.47
585073,20,Sitting,59421032330000,-2.07,4.9,8.47
585074,20,Sitting,59421082317000,-2.03,4.9,8.43
585075,20,Sitting,59421082317000,-2.03,4.9,8.43
585076,20,Sitting,59421182263000,-2.03,4.9,8.47
585077,20,Sitting,59421232311000,-2.03,4.86,8.5
585078,20,Sitting,59421282208000,-2.11,4.86,8.47
585079,20,Sitting,59421332348000,-2.03,4.9,8.43
585080,20,Sitting,59421382275000,-2.03,4.9,8.5
585081,20,Sitting,59421432293000,-2.18,4.82,8.5
585082,20,Sitting,59421482311000,-2.07,4.94,8.43
585083,20,Sitting,59421532330000,-2.03,4.86,8.47
585084,20,Sitting,59421582317000,-2.14,4.86,8.47
585085,20,Sitting,59421632305000,-2.22,4.86,8.47
585086,20,Sitting,59421682324000,-2.11,4.9,8.39
585087,20,Sitting,59421732342000,-2.03,4.86,8.43
585088,20,Sitting,59421782299000,-2.03,4.86,8.47
585089,20,Sitting,59421832378000,-2.07,4.9,8.43
585090,20,Sitting,59421882336000,-2.11,4.86,8.5
