,user,label,timestamp,x,y,z
856388,21,Sitting,118683191443000,2.96,2.41,8.77
856389,21,Sitting,118683231482000,2.96,2.34,8.77
856390,21,Sitting,118683311530000,2.83,2.41,8.77
856391,21,Sitting,118683351508000,2.87,2.3,8.81
856392,21,Sitting,118683391394000,2.79,2.45,8.81
856393,21,Sitting,118683431555000,2.83,2.45,8.85
856394,21,Sitting,118683511572000,2.68,2.49,8.81
856395,21,Sitting,118683551459000,2.72,2.34,8.81
856396,21,Sitting,118683591467000,2.68,2.34,8.85
856397,21,Sitting,118683631506000,2.72,2.45,8.88
856398,21,Sitting,118683711462000,2.56,2.37,8.92
856399,21,Sitting,118683751471000,2.45,2.26,8.92
856400,21,Sitting,118683791480000,2.45,2.3,9.0
856401,21,Sitting,118683831488000,2.41,2.3,8.96
856402,21,Sitting,118683911475000,2.26,2.45,8.96
856403,21,Sitting,118683951483000,2.26,2.56,8.92
856404,21,Sitting,118683991492000,2.07,2.64,9.0
856405,21,Sitting,118684031592000,1.92,2.68,8.96
856406,21,Sitting,118684111426000,1.95,2.6,8.92
856407,21,Sitting,118684151495000,1.99,2.79,8.88
856408,21,Sitting,118684191473000,1.95,2.98,8.77
856409,21,Sitting,118684231512000,1.99,3.06,8.81
856410,21,Sitting,118684311530000,1.92,3.11,8.77
856411,21,Sitting,118684351477000,1.65,2.96,8.77
856412,21,Sitting,118684391486000,1.5,3.02,8.85
856413,21,Sitting,118684431525000,1.65,3.15,8.77
856414,21,Sitting,118684511481000,1.88,2.91,8.88
856415,21,Sitting,118684551489000,2.03,2.91,8.88
856416,21,Sitting,118684591437000,1.99,2.98,8.77
856417,21,Sitting,118684631506000,1.95,2.98,8.85
856418,21,Sitting,118684711493000,1.92,2.98,8.85
856419,21,Sitting,118684751501000,1.84,2.91,8.88
856420,21,Sitting,118684791480000,1.73,2.83,8.92
856421,21,Sitting,118684831519000,1.57,2.87,8.96
856422,21,Sitting,118684911444000,1.69,3.21,8.73
856423,21,Sitting,118684951483000,1.46,3.34,8.73
856424,21,Sitting,118684991675000,1.5,3.34,8.81
856425,21,Sitting,118685031470000,1.57,3.34,8.77
856426,21,Sitting,118685081702000,1.57,3.34,8.73
856427,21,Sitting,118685161475000,1.61,3.21,8.69
856428,21,Sitting,118685201514000,1.65,3.21,8.85
856429,21,Sitting,118685241522000,1.5,3.3,8.88
856430,21,Sitting,118685281622000,1.53,3.3,8.85
856431,21,Sitting,118685361517000,1.69,3.11,8.73
856432,21,Sitting,118685401465000,1.61,3.15,8.85
856433,21,Sitting,118685441473000,1.69,3.26,8.88
856434,21,Sitting,118685481604000,1.76,3.21,8.77
856435,21,Sitting,118685561591000,1.65,3.21,8.77
856436,21,Sitting,118685601477000,1.57,3.26,8.77
856437,21,Sitting,118685641516000,1.65,3.21,8.81
856438,21,Sitting,118685681525000,1.73,3.21,8.77
856439,21,Sitting,118685761481000,1.61,3.38,8.77
856440,21,Sitting,118685801489000,1.53,3.3,8.73
856441,21,Sitting,118685841528000,1.57,3.26,8.77
856442,21,Sitting,118685881598000,1.61,3.26,8.81
856443,21,Sitting,118685962653000,1.61,3.26,8.81
856444,21,Sitting,118685962653000,1.61,3.26,8.81
856445,21,Sitting,118685962653000,1.61,3.26,8.81
856446,21,Sitting,118686081549000,1.61,3.26,8.77
856447,21,Sitting,118686161505000,1.53,3.26,8.81
856448,21,Sitting,118686201483000,1.53,3.21,8.81
856449,21,Sitting,118686241522000,1.57,3.3,8.85
856450,21,Sitting,118686281622000,1.57,3.3,8.81
856451,21,Sitting,118686362189000,1.61,3.26,8.81
856452,21,Sitting,118686406531000,1.57,3.26,8.85
856453,21,Sitting,118686443671000,1.53,3.21,8.81
856454,21,Sitting,118686481787000,1.5,3.21,8.81
856455,21,Sitting,118686561469000,1.57,3.26,8.77
856456,21,Sitting,118686601447000,1.53,3.26,8.77
856457,21,Sitting,118686641486000,1.53,3.26,8.81
856458,21,Sitting,118686641486000,1.53,3.26,8.81
856459,21,Sitting,118686761481000,1.57,3.26,8.73
856460,21,Sitting,118686801489000,1.61,3.21,8.81
856461,21,Sitting,118686841528000,1.57,3.26,8.77
856462,21,Sitting,118686881628000,1.61,3.21,8.77
856463,21,Sitting,118686961554000,1.61,3.26,8.73
856464,21,Sitting,118687001959000,1.61,3.3,8.81
856465,21,Sitting,118687041449000,1.57,3.26,8.81
856466,21,Sitting,118687124243000,1.53,3.26,8.77
856467,21,Sitting,118687162207000,1.57,3.3,8.81
856468,21,Sitting,118687201483000,1.57,3.26,8.81
856469,21,Sitting,118687241522000,1.61,3.21,8.77
856470,21,Sitting,118687281653000,1.53,3.26,8.81
856471,21,Sitting,118687361578000,1.57,3.26,8.77
856472,21,Sitting,118687401495000,1.61,3.26,8.81
856473,21,Sitting,118687441473000,1.57,3.26,8.81
856474,21,Sitting,118687481635000,1.61,3.21,8.77
856475,21,Sitting,118687561469000,1.61,3.21,8.81
856476,21,Sitting,118687601477000,1.57,3.26,8.77
856477,21,Sitting,118687641486000,1.61,3.3,8.77
856478,21,Sitting,118687681555000,1.57,3.26,8.73
856479,21,Sitting,118687761481000,1.65,3.26,8.81
856480,21,Sitting,118687801550000,1.61,3.3,8.77
856481,21,Sitting,118687841467000,1.57,3.26,8.77
856482,21,Sitting,118687881628000,1.61,3.26,8.81
856483,21,Sitting,118687961462000,1.57,3.21,8.81
856484,21,Sitting,118688001776000,1.57,3.21,8.77
856485,21,Sitting,118688041480000,1.57,3.21,8.81
856486,21,Sitting,118688081671000,1.57,3.26,8.77
856487,21,Sitting,118688161505000,1.57,3.21,8.77
856488,21,Sitting,118688201514000,1.61,3.21,8.77
856489,21,Sitting,118688241522000,1.57,3.26,8.81
856490,21,Sitting,118688281622000,1.57,3.26,8.77
856491,21,Sitting,118688361487000,1.57,3.26,8.73
856492,21,Sitting,118688401465000,1.61,3.26,8.77
856493,21,Sitting,118688441473000,1.61,3.26,8.73
856494,21,Sitting,118688481573000,1.61,3.21,8.81
856495,21,Sitting,118688561469000,1.57,3.26,8.85
856496,21,Sitting,118688601477000,1.57,3.3,8.77
856497,21,Sitting,118688641486000,1.61,3.26,8.81
856498,21,Sitting,118688682532000,1.57,3.26,8.77
856499,21,Sitting,118688736639000,1.61,3.26,8.81
856500,21,Sitting,118688911261000,1.61,3.3,8.81
856501,21,Sitting,118688911261000,1.61,3.3,8.81
856502,21,Sitting,118688911261000,1.61,3.3,8.81
856503,21,Sitting,118688951422000,1.57,3.26,8.85
856504,21,Sitting,118688951422000,1.57,3.26,8.85
856505,21,Sitting,118689031470000,1.57,3.26,8.73
856506,21,Sitting,118689111426000,1.57,3.3,8.81
856507,21,Sitting,118689151556000,1.61,3.21,8.77
856508,21,Sitting,118689191534000,1.61,3.21,8.81
856509,21,Sitting,118689231482000,1.57,3.26,8.77
856511,21,Sitting,118689311591000,1.61,3.21,8.77
856510,21,Sitting,118689311591000,1.61,3.21,8.77
856512,21,Sitting,118689391486000,1.53,3.26,8.77
856513,21,Sitting,118689431494000,1.57,3.3,8.73
856514,21,Sitting,118689511450000,1.61,3.21,8.77
856515,21,Sitting,118689511450000,1.61,3.21,8.77
856516,21,Sitting,118689591406000,1.57,3.26,8.77
856517,21,Sitting,118689631476000,1.53,3.34,8.85
856518,21,Sitting,118689711432000,1.65,3.26,8.77
856519,21,Sitting,118689751471000,1.61,3.26,8.77
856520,21,Sitting,118689791449000,1.53,3.26,8.77
856521,21,Sitting,118689831488000,1.46,3.21,8.81
856522,21,Sitting,118689911444000,1.57,3.21,8.77
856523,21,Sitting,118689951483000,1.61,3.26,8.77
856524,21,Sitting,118689991431000,1.61,3.21,8.81
856525,21,Sitting,118690031470000,1.61,3.21,8.77
856526,21,Sitting,118690111487000,1.61,3.26,8.77
856527,21,Sitting,118690151465000,1.53,3.17,8.85
856528,21,Sitting,118690191626000,1.53,3.26,8.81
856529,21,Sitting,118690231512000,1.57,3.21,8.77
856530,21,Sitting,118690311804000,1.61,3.21,8.85
856531,21,Sitting,118690352698000,1.61,3.21,8.81
856532,21,Sitting,118690391455000,1.57,3.21,8.81
856533,21,Sitting,118690431525000,1.61,3.17,8.77
856534,21,Sitting,118690511481000,1.53,3.26,8.85
856535,21,Sitting,118690551520000,1.57,3.3,8.88
856536,21,Sitting,118690591406000,1.53,3.21,8.88
856537,21,Sitting,118690631476000,1.46,3.06,8.85
856538,21,Sitting,118690711432000,1.61,3.3,8.77
856539,21,Sitting,118690751471000,1.57,3.34,8.81
856540,21,Sitting,118690791449000,1.57,3.21,8.69
856541,21,Sitting,118690831549000,1.57,3.17,8.81
856542,21,Sitting,118690911444000,1.57,3.26,8.77
856543,21,Sitting,118690951605000,1.61,3.21,8.81
856544,21,Sitting,118690991736000,1.57,3.17,8.81
856545,21,Sitting,118691031409000,1.61,3.21,8.81
856546,21,Sitting,118691111456000,1.53,3.21,8.85
856547,21,Sitting,118691151587000,1.53,3.21,8.81
856548,21,Sitting,118691191473000,1.61,3.21,8.81
856549,21,Sitting,118691241553000,1.53,3.21,8.81
856550,21,Sitting,118691281653000,1.57,3.3,8.85
856551,21,Sitting,118691361487000,1.57,3.17,8.81
856552,21,Sitting,118691401434000,1.57,3.21,8.77
856553,21,Sitting,118691441473000,1.61,3.26,8.81
856554,21,Sitting,118691481604000,1.61,3.21,8.81
856555,21,Sitting,118691481604000,1.61,3.21,8.81
856556,21,Sitting,118691601538000,1.57,3.17,8.81
856557,21,Sitting,118691641486000,1.57,3.21,8.85
856558,21,Sitting,118691681586000,1.57,3.21,8.81
856559,21,Sitting,118691761481000,1.61,3.26,8.77
856560,21,Sitting,118691801459000,1.61,3.21,8.81
856561,21,Sitting,118691841467000,1.57,3.21,8.85
856562,21,Sitting,118691881628000,1.61,3.21,8.77
856563,21,Sitting,118691921454000,1.65,3.17,8.77
856564,21,Sitting,118692002753000,1.57,3.26,8.81
856565,21,Sitting,118692041480000,1.53,3.21,8.77
856566,21,Sitting,118692081610000,1.57,3.26,8.81
856567,21,Sitting,118692161505000,1.57,3.26,8.77
856568,21,Sitting,118692201453000,1.61,3.26,8.81
856569,21,Sitting,118692241492000,1.53,3.26,8.77
856570,21,Sitting,118692282355000,1.57,3.21,8.77
856571,21,Sitting,118692361487000,1.65,3.15,8.81
856572,21,Sitting,118692401434000,1.57,3.17,8.81
856573,21,Sitting,118692441534000,1.61,3.02,8.85
856574,21,Sitting,118692481604000,1.8,3.06,8.88
856575,21,Sitting,118692561469000,1.92,3.02,8.81
856576,21,Sitting,118692601477000,2.18,2.98,8.92
856577,21,Sitting,118692641516000,2.07,2.91,8.88
856578,21,Sitting,118692681616000,1.88,2.87,8.85
856579,21,Sitting,118692761481000,1.99,2.96,8.88
856580,21,Sitting,118692801611000,2.07,2.96,8.92
856581,21,Sitting,118692841559000,2.03,2.83,8.92
856582,21,Sitting,118692881537000,2.07,2.72,8.92
856583,21,Sitting,118692961584000,2.07,2.76,8.92
856584,21,Sitting,118693002142000,2.18,2.76,8.81
856585,21,Sitting,118693041510000,2.41,2.76,8.85
856586,21,Sitting,118693081641000,2.49,2.76,8.85
856587,21,Sitting,118693161536000,2.37,2.37,9.08
