,user,label,timestamp,x,y,z
615770,24,Sitting,16203881540000,7.31,-2.91,4.25
615771,24,Sitting,16203921518000,7.74,-2.22,4.44
615772,24,Sitting,16204001535000,8.5,-3.57,4.33
615773,24,Sitting,16204041544000,8.85,-2.45,4.14
615774,24,Sitting,16204081491000,7.46,-2.41,3.87
615775,24,Sitting,16204121500000,7.59,-2.6,3.76
615776,24,Sitting,16204201608000,8.39,-2.83,3.68
615777,24,Sitting,16204241647000,8.5,-2.75,3.6
615778,24,Sitting,16204281534000,8.47,-2.83,3.45
615779,24,Sitting,16204321512000,7.7,-3.02,3.3
615780,24,Sitting,16204363992000,6.93,-2.83,4.52
615781,24,Sitting,16204442758000,9.85,-3.45,4.9
615782,24,Sitting,16204481577000,8.73,-3.45,3.76
615783,24,Sitting,16204521555000,7.27,-2.37,3.06
615784,24,Sitting,16204601480000,8.54,-1.95,3.6
615785,24,Sitting,16204641519000,8.85,-1.88,3.64
615786,24,Sitting,16204681528000,7.7,-2.03,3.17
615787,24,Sitting,16204721475000,8.5,-2.22,3.49
615788,24,Sitting,16204801523000,7.97,-2.64,3.95
615789,24,Sitting,16204841532000,7.82,-3.02,4.06
615790,24,Sitting,16204881540000,7.7,-3.11,3.76
615791,24,Sitting,16204921518000,7.59,-3.06,3.68
615792,24,Sitting,16205001779000,8.2,-3.02,3.6
615793,24,Sitting,16205041513000,8.12,-2.91,3.6
615794,24,Sitting,16205081552000,8.08,-2.79,3.6
615795,24,Sitting,16205121500000,8.05,-2.68,3.57
615796,24,Sitting,16205161569000,8.08,-2.68,3.64
615797,24,Sitting,16205241525000,8.08,-2.6,3.79
615798,24,Sitting,16205281595000,8.08,-2.53,3.91
615799,24,Sitting,16205321512000,8.08,-2.49,3.87
615800,24,Sitting,16205401468000,8.01,-2.79,3.79
615801,24,Sitting,16205441507000,7.82,-2.87,3.79
615802,24,Sitting,16205481516000,7.97,-3.11,3.95
615803,24,Sitting,16205521524000,7.86,-3.06,4.1
615804,24,Sitting,16205601511000,7.65,-2.6,4.48
615805,24,Sitting,16205641519000,7.5,-2.34,4.52
615806,24,Sitting,16205681650000,7.59,-2.34,4.56
615807,24,Sitting,16205721506000,7.63,-2.3,4.63
615808,24,Sitting,16205801523000,7.25,-2.3,4.44
615809,24,Sitting,16205841532000,7.16,-2.22,4.02
615810,24,Sitting,16205881540000,7.46,-1.8,3.91
615811,24,Sitting,16205921518000,9.81,-4.48,2.75
615812,24,Sitting,16206001535000,7.55,-3.53,2.83
615813,24,Sitting,16206041513000,7.78,-2.75,3.41
615814,24,Sitting,16206081552000,7.86,-2.11,3.76
615815,24,Sitting,16206121500000,7.86,-1.88,4.29
615816,24,Sitting,16206201547000,7.78,-2.07,4.56
615817,24,Sitting,16206321329000,7.5,-2.6,4.79
615818,24,Sitting,16206321329000,7.5,-2.6,4.79
615819,24,Sitting,16206321329000,7.5,-2.6,4.79
615820,24,Sitting,16206401529000,7.74,-2.45,4.52
615821,24,Sitting,16206441568000,7.78,-2.11,4.33
615822,24,Sitting,16206481546000,7.82,-2.26,4.37
615823,24,Sitting,16206521524000,7.82,-2.45,4.29
615824,24,Sitting,16206561716000,7.86,-2.75,4.18
615825,24,Sitting,16206601511000,7.89,-2.83,4.14
615826,24,Sitting,16206701547000,7.97,-2.6,3.98
615827,24,Sitting,16206741495000,8.01,-2.6,4.02
615828,24,Sitting,16206781534000,7.89,-2.72,4.02
615829,24,Sitting,16206821542000,8.01,-2.64,4.06
615830,24,Sitting,16206861582000,8.27,-2.64,4.14
615831,24,Sitting,16206941507000,8.08,-2.83,3.91
615832,24,Sitting,16206981546000,8.31,-3.17,3.87
615833,24,Sitting,16207021555000,8.77,-3.11,3.57
615834,24,Sitting,16207061563000,7.93,-2.68,3.26
615835,24,Sitting,16207141519000,6.43,-1.61,3.41
615836,24,Sitting,16207181650000,8.01,-2.3,3.3
615837,24,Sitting,16207221506000,9.34,-2.34,2.56
615838,24,Sitting,16207261698000,9.04,-2.07,2.07
615839,24,Sitting,16207341532000,7.46,-1.57,2.6
615840,24,Sitting,16207381510000,7.04,-1.5,2.6
615841,24,Sitting,16207421518000,7.44,-1.8,3.06
615842,24,Sitting,16207461557000,9.23,-3.15,3.98
615843,24,Sitting,16207541635000,11.41,-7.27,9.3
615844,24,Sitting,16207581552000,9.77,-5.13,5.24
615845,24,Sitting,16207621683000,4.63,0.31,6.85
615846,24,Sitting,16207661691000,3.53,-1.38,6.82
615847,24,Sitting,16207741586000,4.4,-2.75,3.17
615848,24,Sitting,16207781595000,7.25,-3.64,1.18
615849,24,Sitting,16207821512000,10.88,-3.76,0.65
615850,24,Sitting,16207861612000,8.01,-3.21,2.41
615851,24,Sitting,16207941538000,11.22,-4.9,0.42
615852,24,Sitting,16207981699000,10.31,-4.52,2.79
615853,24,Sitting,16208021524000,7.55,-3.34,2.45
615854,24,Sitting,16208061563000,7.25,-3.3,1.88
615855,24,Sitting,16208141519000,9.3,-3.21,2.72
615856,24,Sitting,16208181589000,8.54,-3.11,1.46
615857,24,Sitting,16208221506000,7.4,-3.41,0.57
615858,24,Sitting,16208261881000,7.65,-3.11,0.5
615859,24,Sitting,16208341501000,6.17,-3.91,1.14
615860,24,Sitting,16208381540000,6.82,-4.75,1.84
615861,24,Sitting,16208421518000,10.76,-9.3,4.94
615862,24,Sitting,16208461557000,12.45,-4.02,1.23
615863,24,Sitting,16208541513000,6.82,-2.87,3.02
615864,24,Sitting,16208581674000,10.46,-4.56,2.22
615865,24,Sitting,16208621530000,9.19,-4.4,1.53
615866,24,Sitting,16208661508000,7.25,-4.06,2.41
615867,24,Sitting,16208741525000,7.21,-4.18,3.45
615868,24,Sitting,16208781564000,7.65,-3.57,2.56
615869,24,Sitting,16208821542000,8.16,-3.36,2.6
615870,24,Sitting,16208861582000,8.62,-3.45,2.64
615871,24,Sitting,16208942697000,5.56,-2.64,4.75
615872,24,Sitting,16208981546000,7.04,-1.5,4.06
615873,24,Sitting,16209021524000,7.16,-1.65,5.05
615874,24,Sitting,16209101511000,9.11,-4.9,1.65
615875,24,Sitting,16209141519000,8.54,-4.21,2.37
615876,24,Sitting,16209181497000,8.43,-3.76,2.26
615877,24,Sitting,16209221506000,8.16,-3.17,2.68
615878,24,Sitting,16209261575000,7.65,-3.57,2.75
615879,24,Sitting,16209341501000,8.16,-3.49,2.83
615880,24,Sitting,16209381662000,8.43,-3.45,3.02
615881,24,Sitting,16209421488000,8.2,-3.34,3.06
615882,24,Sitting,16209501474000,7.97,-3.41,2.98
615883,24,Sitting,16209541544000,8.08,-3.57,3.15
615884,24,Sitting,16209581552000,8.05,-3.15,3.26
615885,24,Sitting,16209621500000,7.89,-3.21,3.53
615886,24,Sitting,16209701517000,7.78,-2.91,3.83
615887,24,Sitting,16209741495000,7.59,-1.84,3.83
615888,24,Sitting,16209781595000,7.5,-2.18,3.79
615889,24,Sitting,16209821512000,7.93,-4.9,3.34
615890,24,Sitting,16209901499000,7.55,-4.75,2.68
615891,24,Sitting,16209941538000,8.27,-5.48,2.11
615892,24,Sitting,16209981546000,8.77,-5.05,0.91
615893,24,Sitting,16210021555000,8.24,-3.95,1.23
615894,24,Sitting,16210101480000,9.62,-3.3,2.53
615895,24,Sitting,16210141672000,8.39,-4.44,1.65
615896,24,Sitting,16210181558000,7.16,-4.02,1.92
615897,24,Sitting,16210221536000,7.89,-4.4,1.08
615898,24,Sitting,16210301523000,9.0,-3.72,0.69
615899,24,Sitting,16210341501000,9.04,-3.26,1.57
615900,24,Sitting,16210381540000,8.31,-3.21,1.33
615901,24,Sitting,16210421549000,8.43,-3.36,1.14
615902,24,Sitting,16210501505000,7.97,-3.64,2.11
615903,24,Sitting,16210541513000,7.31,-3.68,2.26
615904,24,Sitting,16210581522000,6.66,-3.87,1.57
615905,24,Sitting,16210621469000,8.58,-3.34,1.88
615906,24,Sitting,16210701486000,9.0,-3.6,1.38
615907,24,Sitting,16210741464000,8.43,-3.57,1.04
615908,24,Sitting,16210781595000,7.86,-3.98,0.76
615909,24,Sitting,16210821481000,7.82,-4.29,0.53
615910,24,Sitting,16210901468000,8.66,-4.48,0.5
615911,24,Sitting,16210941477000,8.27,-4.4,0.8
615912,24,Sitting,16210981516000,7.97,-4.14,0.91
615913,24,Sitting,16211021524000,8.05,-4.02,1.53
615914,24,Sitting,16211101480000,8.01,-3.72,1.69
615915,24,Sitting,16211141489000,8.2,-3.57,1.8
615916,24,Sitting,16211181528000,8.24,-3.64,1.88
615917,24,Sitting,16211221475000,7.86,-3.83,1.69
615918,24,Sitting,16211301523000,8.39,-3.41,1.33
615919,24,Sitting,16211341470000,8.31,-3.34,1.31
615920,24,Sitting,16211381571000,8.24,-3.76,1.31
615921,24,Sitting,16211421518000,8.27,-4.21,1.42
615922,24,Sitting,16211501474000,7.74,-3.95,1.46
615923,24,Sitting,16211541544000,7.82,-3.91,1.5
615924,24,Sitting,16211581522000,8.47,-4.06,1.69
615925,24,Sitting,16211621500000,9.08,-4.06,1.57
615926,24,Sitting,16211701303000,7.55,-3.49,1.18
615927,24,Sitting,16211741281000,7.78,-3.45,1.57
615928,24,Sitting,16211781961000,7.16,-3.26,1.65
615929,24,Sitting,16211821634000,8.39,-3.76,1.23
615930,24,Sitting,16211901468000,7.86,-3.79,2.07
615931,24,Sitting,16211941477000,7.65,-3.6,1.8
615932,24,Sitting,16211981516000,8.31,-3.64,1.92
615933,24,Sitting,16212021494000,8.08,-3.72,1.99
615934,24,Sitting,16212101480000,7.86,-3.91,1.84
615935,24,Sitting,16212141611000,8.69,-3.91,1.99
615936,24,Sitting,16212181497000,8.31,-3.72,1.8
615937,24,Sitting,16212221475000,7.86,-3.64,1.73
615938,24,Sitting,16212261636000,7.89,-3.68,1.73
615939,24,Sitting,16212341470000,8.47,-3.64,1.65
615940,24,Sitting,16212381510000,8.24,-3.68,1.69
615941,24,Sitting,16212421518000,7.93,-3.87,1.57
615942,24,Sitting,16212501474000,8.27,-3.83,1.65
615943,24,Sitting,16212541513000,8.12,-3.64,1.65
615944,24,Sitting,16212581491000,8.35,-3.72,1.42
615945,24,Sitting,16212621500000,8.39,-3.91,1.42
615946,24,Sitting,16212701517000,7.93,-3.87,1.53
615947,24,Sitting,16212741495000,8.2,-3.79,1.65
615948,24,Sitting,16212782022000,8.24,-3.72,1.65
615949,24,Sitting,16212821481000,8.12,-3.72,1.61
615950,24,Sitting,16212901499000,8.12,-3.68,1.65
615951,24,Sitting,16212941507000,8.2,-3.72,1.57
615952,24,Sitting,16212981546000,8.24,-3.68,1.57
615953,24,Sitting,16213021494000,8.08,-3.72,1.65
615954,24,Sitting,16213061563000,8.16,-3.72,1.84
615955,24,Sitting,16213141489000,8.01,-3.68,1.88
615956,24,Sitting,16213181497000,7.93,-3.68,1.61
615957,24,Sitting,16213221506000,8.2,-3.6,1.5
615958,24,Sitting,16213301492000,8.39,-3.64,1.31
615959,24,Sitting,16213341470000,8.08,-3.76,1.33
615960,24,Sitting,16213381479000,8.05,-3.76,1.33
615961,24,Sitting,16213421488000,8.24,-3.87,1.33
615962,24,Sitting,16213461496000,8.12,-3.98,1.18
615963,24,Sitting,16213541635000,8.35,-3.91,1.27
615964,24,Sitting,16213581491000,8.54,-3.72,1.46
615965,24,Sitting,16213621469000,8.24,-3.76,1.04
615966,24,Sitting,16213701517000,7.63,-3.95,1.12
615967,24,Sitting,16213741464000,8.05,-3.83,1.84
615968,24,Sitting,16213782114000,8.5,-3.98,1.46
615970,24,Sitting,16213941385000,8.85,-3.83,1.46
