,user,label,timestamp,x,y,z
706822,30,Sitting,1473282329000,3.45,8.16,-5.18
706823,30,Sitting,1473332316000,3.41,8.12,-5.18
706824,30,Sitting,1473382304000,3.45,8.12,-5.24
706825,30,Sitting,1473432323000,3.41,8.16,-5.2
706826,30,Sitting,1473482310000,3.45,8.16,-5.13
706827,30,Sitting,1473532298000,3.45,8.2,-5.09
706828,30,Sitting,1473582347000,3.53,8.16,-5.05
706829,30,Sitting,1473632335000,3.64,8.16,-4.99
706830,30,Sitting,1473682292000,3.64,8.2,-4.94
706831,30,Sitting,1473732310000,3.64,8.2,-4.99
706832,30,Sitting,1473782329000,3.57,8.24,-4.82
706833,30,Sitting,1473832347000,3.76,8.2,-4.86
706834,30,Sitting,1473912334000,3.76,8.2,-4.9
706835,30,Sitting,1473962291000,3.64,8.24,-4.82
706836,30,Sitting,1474012248000,3.6,8.24,-4.79
706837,30,Sitting,1474062327000,3.79,8.12,-4.82
706838,30,Sitting,1474112315000,3.79,8.08,-5.05
706839,30,Sitting,1474162303000,3.79,7.97,-5.2
706840,30,Sitting,1474212321000,3.41,8.01,-5.48
706841,30,Sitting,1474262340000,3.57,7.97,-5.79
706842,30,Sitting,1474312327000,3.64,8.08,-4.9
706843,30,Sitting,1474362346000,3.68,8.12,-4.86
706844,30,Sitting,1474412334000,3.6,8.16,-4.94
706845,30,Sitting,1474462291000,3.64,8.08,-5.2
706846,30,Sitting,1474512309000,3.6,8.01,-5.01
706847,30,Sitting,1474562327000,3.06,8.16,-5.43
706848,30,Sitting,1474612346000,3.41,7.93,-6.05
706849,30,Sitting,1474662334000,4.14,8.08,-5.63
706850,30,Sitting,1474712321000,4.63,8.35,-4.33
706851,30,Sitting,1474762340000,3.41,8.62,-4.37
706852,30,Sitting,1474812327000,4.94,10.0,-4.99
706853,30,Sitting,1474862315000,5.43,8.43,-1.69
706854,30,Sitting,1474912334000,6.09,8.35,-2.3
706855,30,Sitting,1474962321000,6.21,7.82,-2.87
706856,30,Sitting,1475012340000,6.32,7.21,-2.83
706857,30,Sitting,1475062327000,5.48,7.93,-2.49
706858,30,Sitting,1475112346000,2.07,7.78,-1.99
706859,30,Sitting,1475162334000,0.57,8.16,-2.64
706860,30,Sitting,1475212321000,0.89,8.08,-2.3
706861,30,Sitting,1475262340000,2.49,9.15,-2.07
706862,30,Sitting,1475312327000,5.56,10.57,-4.99
706863,30,Sitting,1475362346000,7.46,7.67,-4.37
706864,30,Sitting,1475412334000,5.6,7.4,-5.63
706865,30,Sitting,1475462291000,5.41,7.25,-4.99
706866,30,Sitting,1475512340000,4.75,7.67,-4.75
706867,30,Sitting,1475562327000,4.67,7.63,-5.01
706868,30,Sitting,1475612346000,4.82,7.46,-5.37
706869,30,Sitting,1475662334000,4.63,7.5,-5.33
706870,30,Sitting,1475712291000,4.52,7.59,-5.33
706871,30,Sitting,1475762370000,4.67,7.5,-5.28
706872,30,Sitting,1475812297000,4.67,7.59,-5.09
706873,30,Sitting,1475862315000,4.63,7.59,-5.05
706874,30,Sitting,1475912334000,4.6,7.63,-5.13
706875,30,Sitting,1475962291000,4.52,7.63,-5.13
706876,30,Sitting,1476012248000,4.4,7.7,-5.2
706877,30,Sitting,1476062327000,4.33,7.7,-5.28
706878,30,Sitting,1476112315000,4.29,7.7,-5.28
706879,30,Sitting,1476162303000,4.29,7.63,-5.33
706880,30,Sitting,1476212291000,4.37,7.63,-5.37
706881,30,Sitting,1476262340000,4.33,7.63,-5.33
706882,30,Sitting,1476312297000,4.25,7.63,-5.33
706883,30,Sitting,1476362346000,4.29,7.63,-5.37
706884,30,Sitting,1476412303000,4.29,7.67,-5.24
706885,30,Sitting,1476462291000,4.29,7.63,-5.37
706886,30,Sitting,1476512401000,4.33,7.67,-5.33
706887,30,Sitting,1476562327000,4.29,7.63,-5.37
706888,30,Sitting,1476612346000,4.33,7.67,-5.41
706889,30,Sitting,1476662334000,4.37,7.59,-5.37
706890,30,Sitting,1476712291000,4.37,7.63,-5.33
706891,30,Sitting,1476762340000,4.33,7.63,-5.33
706892,30,Sitting,1476812327000,4.29,7.67,-5.37
706893,30,Sitting,1476862285000,4.29,7.63,-5.37
706894,30,Sitting,1476912303000,4.29,7.63,-5.41
706895,30,Sitting,1476962291000,4.29,7.59,-5.37
706896,30,Sitting,1477012309000,4.33,7.59,-5.37
706897,30,Sitting,1477062297000,4.29,7.59,-5.37
706898,30,Sitting,1477112346000,4.33,7.63,-5.41
706899,30,Sitting,1477162303000,4.29,7.63,-5.33
706900,30,Sitting,1477212291000,4.37,7.63,-5.43
706901,30,Sitting,1477262340000,4.33,7.63,-5.41
706902,30,Sitting,1477262340000,4.33,7.63,-5.41
706903,30,Sitting,1477262340000,4.33,7.63,-5.41
706904,30,Sitting,1477262340000,4.33,7.63,-5.41
706905,30,Sitting,1477462260000,4.33,7.63,-5.43
706906,30,Sitting,1477512309000,4.33,7.59,-5.41
706907,30,Sitting,1477562327000,4.29,7.63,-5.41
706908,30,Sitting,1477612315000,4.29,7.59,-5.37
706909,30,Sitting,1477662303000,4.33,7.59,-5.41
706910,30,Sitting,1477712291000,4.33,7.59,-5.37
706911,30,Sitting,1477762309000,4.33,7.63,-5.41
706912,30,Sitting,1477812327000,4.29,7.59,-5.41
706913,30,Sitting,1477862315000,4.37,7.63,-5.37
706914,30,Sitting,1477912303000,4.29,7.63,-5.37
706915,30,Sitting,1477962352000,4.33,7.63,-5.41
706917,30,Sitting,1478012248000,4.33,7.59,-5.37
706916,30,Sitting,1478012248000,4.33,7.59,-5.37
706918,30,Sitting,1478112315000,4.33,7.63,-5.43
706919,30,Sitting,1478162303000,4.37,7.63,-5.43
706920,30,Sitting,1478212291000,4.33,7.63,-5.48
706921,30,Sitting,1478262309000,4.37,7.63,-5.41
706922,30,Sitting,1478312297000,4.37,7.63,-5.48
706923,30,Sitting,1478362376000,4.33,7.67,-5.41
706924,30,Sitting,1478412334000,4.37,7.63,-5.43
706925,30,Sitting,1478462260000,4.29,7.63,-5.41
706926,30,Sitting,1478512340000,4.29,7.63,-5.43
706927,30,Sitting,1478562297000,4.37,7.63,-5.43
706930,30,Sitting,1478612346000,4.33,7.67,-5.43
706929,30,Sitting,1478612346000,4.33,7.67,-5.43
706928,30,Sitting,1478612346000,4.33,7.67,-5.43
706931,30,Sitting,1478762309000,4.33,7.63,-5.48
706932,30,Sitting,1478812297000,4.33,7.63,-5.43
706933,30,Sitting,1478862437000,4.33,7.63,-5.48
706934,30,Sitting,1478912303000,4.33,7.63,-5.43
706935,30,Sitting,1478962291000,4.33,7.67,-5.48
706936,30,Sitting,1479012218000,4.33,7.63,-5.43
706937,30,Sitting,1479062358000,4.33,7.67,-5.48
706938,30,Sitting,1479112346000,4.29,7.63,-5.48
706939,30,Sitting,1479172343000,4.33,7.63,-5.48
706940,30,Sitting,1479222270000,4.29,7.63,-5.48
706941,30,Sitting,1479272319000,4.33,7.63,-5.52
706942,30,Sitting,1479322246000,4.33,7.67,-5.43
706943,30,Sitting,1479372264000,4.33,7.67,-5.48
706944,30,Sitting,1479422313000,4.37,7.63,-5.48
706945,30,Sitting,1479472392000,4.33,7.63,-5.43
706946,30,Sitting,1479472392000,4.33,7.63,-5.43
706947,30,Sitting,1479573894000,4.21,7.67,-5.52
706948,30,Sitting,1479622233000,4.29,7.67,-5.48
706949,30,Sitting,1479672221000,4.25,7.63,-5.52
706950,30,Sitting,1479722240000,4.33,7.63,-5.48
706951,30,Sitting,1479772288000,4.29,7.63,-5.43
706952,30,Sitting,1479822307000,4.25,7.63,-5.41
706953,30,Sitting,1479872295000,4.29,7.63,-5.41
706954,30,Sitting,1479922313000,4.29,7.59,-5.43
706955,30,Sitting,1479972301000,4.37,7.63,-5.41
706956,30,Sitting,1480022288000,4.25,7.63,-5.43
706957,30,Sitting,1480072276000,4.25,7.59,-5.43
706958,30,Sitting,1480122264000,4.25,7.63,-5.43
706959,30,Sitting,1480172313000,4.33,7.59,-5.41
706961,30,Sitting,1480222301000,4.29,7.63,-5.41
706960,30,Sitting,1480222301000,4.29,7.63,-5.41
706962,30,Sitting,1480282298000,4.29,7.63,-5.43
706963,30,Sitting,1480282298000,4.29,7.63,-5.43
706964,30,Sitting,1480382304000,4.25,7.59,-5.43
706965,30,Sitting,1480442271000,4.21,7.63,-5.37
706966,30,Sitting,1480502299000,4.25,7.63,-5.41
706967,30,Sitting,1480552318000,4.25,7.63,-5.48
706968,30,Sitting,1480602305000,4.33,7.63,-5.48
706969,30,Sitting,1480652324000,4.25,7.63,-5.41
706970,30,Sitting,1480702312000,4.25,7.59,-5.43
706971,30,Sitting,1480752299000,4.25,7.63,-5.48
706972,30,Sitting,1480802318000,4.25,7.59,-5.48
706973,30,Sitting,1480852336000,4.29,7.59,-5.41
706974,30,Sitting,1480902324000,4.25,7.59,-5.48
706975,30,Sitting,1480952312000,4.21,7.59,-5.43
706976,30,Sitting,1481002330000,4.29,7.63,-5.48
706977,30,Sitting,1481052348000,4.29,7.59,-5.43
706978,30,Sitting,1481102305000,4.25,7.63,-5.43
706979,30,Sitting,1481152293000,4.25,7.63,-5.41
706980,30,Sitting,1481202342000,4.21,7.59,-5.43
706981,30,Sitting,1481252330000,4.25,7.59,-5.43
706982,30,Sitting,1481302318000,4.29,7.59,-5.43
706983,30,Sitting,1481352336000,4.21,7.63,-5.48
706984,30,Sitting,1481402293000,4.29,7.63,-5.48
706985,30,Sitting,1481452312000,4.21,7.63,-5.48
706986,30,Sitting,1481502330000,4.29,7.59,-5.52
706987,30,Sitting,1481552348000,4.25,7.67,-5.43
706988,30,Sitting,1481602305000,4.25,7.59,-5.43
706989,30,Sitting,1481652324000,4.29,7.63,-5.43
706990,30,Sitting,1481702342000,4.25,7.59,-5.41
706991,30,Sitting,1481752330000,4.25,7.63,-5.43
706992,30,Sitting,1481802348000,4.25,7.55,-5.48
706993,30,Sitting,1481852336000,4.25,7.67,-5.43
706994,30,Sitting,1481902293000,4.25,7.63,-5.48
706995,30,Sitting,1481952373000,4.29,7.59,-5.43
706996,30,Sitting,1482002666000,4.25,7.63,-5.41
706997,30,Sitting,1482052348000,4.25,7.59,-5.33
706998,30,Sitting,1482102336000,4.29,7.59,-5.41
706999,30,Sitting,1482152293000,4.25,7.59,-5.56
707000,30,Sitting,1482202342000,4.21,7.59,-5.6
707001,30,Sitting,1482252299000,4.1,7.59,-5.52
707002,30,Sitting,1482302348000,4.21,7.55,-5.52
707003,30,Sitting,1482352336000,4.18,7.67,-5.56
707004,30,Sitting,1482402293000,4.1,7.67,-5.48
707005,30,Sitting,1482452342000,4.06,7.63,-5.43
707006,30,Sitting,1482502330000,4.1,7.59,-5.52
707007,30,Sitting,1482552348000,4.18,7.63,-5.56
707008,30,Sitting,1482602305000,4.14,7.63,-5.52
707009,30,Sitting,1482652293000,4.1,7.63,-5.48
707010,30,Sitting,1482702312000,4.1,7.67,-5.48
707011,30,Sitting,1482752299000,4.14,7.59,-5.52
707012,30,Sitting,1482802348000,4.1,7.63,-5.52
707013,30,Sitting,1482852305000,4.1,7.63,-5.56
707014,30,Sitting,1482902354000,4.06,7.63,-5.56
707015,30,Sitting,1482952373000,3.87,7.78,-5.86
707016,30,Sitting,1483002330000,4.18,7.59,-4.82
707017,30,Sitting,1483052318000,4.48,7.59,-5.94
707018,30,Sitting,1483102336000,4.02,7.86,-4.86
707019,30,Sitting,1483152324000,4.52,7.63,-5.2
707020,30,Sitting,1483202342000,4.29,7.59,-5.63
707021,30,Sitting,1483252299000,4.18,7.7,-5.09
