,user,label,timestamp,x,y,z
708022,30,Sitting,1533302318000,4.25,6.66,-6.59
708023,30,Sitting,1533352305000,4.29,6.66,-6.59
708024,30,Sitting,1533402324000,4.25,6.74,-6.55
708025,30,Sitting,1533452342000,4.1,6.82,-6.47
708026,30,Sitting,1533502299000,4.4,6.63,-6.47
708027,30,Sitting,1533552348000,4.4,6.63,-6.55
708028,30,Sitting,1533602336000,4.37,6.63,-6.59
708029,30,Sitting,1533652324000,4.33,6.66,-6.51
708030,30,Sitting,1533702312000,4.21,6.74,-6.51
708031,30,Sitting,1533752330000,4.4,6.66,-6.36
708032,30,Sitting,1533802348000,4.33,6.66,-6.47
708033,30,Sitting,1533852336000,4.37,6.63,-6.55
708034,30,Sitting,1533902293000,4.29,6.7,-6.47
708035,30,Sitting,1533952281000,4.44,6.59,-6.63
708036,30,Sitting,1534002605000,4.6,6.44,-6.89
708037,30,Sitting,1534052348000,4.99,6.55,-6.7
708038,30,Sitting,1534102336000,5.13,7.31,-5.24
708039,30,Sitting,1534152324000,3.79,8.24,-4.82
708040,30,Sitting,1534202342000,3.87,7.5,-4.48
708041,30,Sitting,1534252330000,4.79,7.35,-4.21
708042,30,Sitting,1534302348000,5.13,7.31,-5.9
708043,30,Sitting,1534352336000,4.99,6.66,-7.01
708044,30,Sitting,1534402354000,5.37,6.13,-6.17
708045,30,Sitting,1534452342000,4.14,7.21,-5.56
708046,30,Sitting,1534502360000,4.79,6.63,-6.4
708047,30,Sitting,1534552318000,4.67,6.66,-6.4
708048,30,Sitting,1534602336000,4.33,6.93,-5.94
708049,30,Sitting,1534652324000,4.6,6.7,-6.59
708050,30,Sitting,1534702342000,4.48,6.78,-6.36
708051,30,Sitting,1534752330000,4.21,7.06,-6.02
708052,30,Sitting,1534802348000,4.75,6.74,-6.21
708053,30,Sitting,1534852336000,4.48,6.85,-6.09
708054,30,Sitting,1534902324000,4.48,6.82,-6.17
708055,30,Sitting,1534952342000,4.48,6.7,-6.43
708056,30,Sitting,1535002330000,4.37,6.74,-6.4
708057,30,Sitting,1535052318000,4.37,6.59,-6.63
708058,30,Sitting,1535102305000,4.21,6.59,-6.74
708059,30,Sitting,1535152324000,3.72,7.08,-6.55
708060,30,Sitting,1535202342000,3.99,6.74,-6.78
708061,30,Sitting,1535252482000,4.14,6.74,-6.66
708062,30,Sitting,1535302348000,4.1,6.82,-6.47
708063,30,Sitting,1535352672000,4.44,6.7,-6.4
708064,30,Sitting,1535402324000,4.4,6.82,-6.28
708065,30,Sitting,1535452342000,4.37,6.74,-6.21
708066,30,Sitting,1535502330000,4.29,6.85,-6.13
708067,30,Sitting,1535552318000,4.29,6.85,-6.43
708068,30,Sitting,1535602367000,4.21,6.89,-6.55
708069,30,Sitting,1535652324000,4.25,6.82,-6.51
708070,30,Sitting,1535702342000,4.21,6.78,-6.55
708071,30,Sitting,1535752330000,4.25,6.82,-6.43
708072,30,Sitting,1535802318000,4.25,6.85,-6.43
708073,30,Sitting,1535852305000,4.29,6.89,-6.43
708074,30,Sitting,1535902324000,4.33,6.82,-6.36
708075,30,Sitting,1535952342000,4.29,6.82,-6.4
708076,30,Sitting,1536002727000,4.25,6.85,-6.43
708077,30,Sitting,1536052348000,4.21,6.82,-6.47
708078,30,Sitting,1536102305000,4.21,6.82,-6.51
708080,30,Sitting,1536152293000,4.25,6.78,-6.51
708079,30,Sitting,1536152293000,4.25,6.78,-6.51
708081,30,Sitting,1536252360000,4.25,6.82,-6.51
708082,30,Sitting,1536252360000,4.25,6.82,-6.51
708083,30,Sitting,1536352336000,4.21,6.82,-6.43
708084,30,Sitting,1536402293000,4.25,6.85,-6.43
708085,30,Sitting,1536452342000,4.14,6.93,-6.63
708086,30,Sitting,1536502330000,3.99,6.85,-5.52
708087,30,Sitting,1536552348000,4.9,6.59,-7.21
708088,30,Sitting,1536622325000,3.87,7.16,-6.21
708089,30,Sitting,1536672282000,4.48,6.78,-6.59
708090,30,Sitting,1536722331000,4.21,6.93,-6.02
708091,30,Sitting,1536772288000,4.33,6.78,-6.7
708092,30,Sitting,1536822307000,4.48,6.7,-6.47
708093,30,Sitting,1536872295000,4.21,6.89,-6.21
708094,30,Sitting,1536922313000,4.37,6.82,-6.47
708095,30,Sitting,1536972301000,4.25,6.85,-6.36
708096,30,Sitting,1537022288000,4.33,6.82,-6.43
708097,30,Sitting,1537072307000,4.29,6.85,-6.36
708098,30,Sitting,1537122264000,4.29,6.78,-6.47
708099,30,Sitting,1537172313000,4.25,6.89,-6.43
708100,30,Sitting,1537222331000,4.21,6.89,-6.4
708101,30,Sitting,1537272288000,4.25,6.82,-6.43
708102,30,Sitting,1537322307000,4.29,6.85,-6.47
708103,30,Sitting,1537372295000,4.21,6.82,-6.51
708104,30,Sitting,1537422282000,4.21,6.85,-6.51
708105,30,Sitting,1537472301000,4.29,6.82,-6.47
708106,30,Sitting,1537522258000,4.29,6.82,-6.4
708107,30,Sitting,1537572307000,4.33,6.85,-6.47
708108,30,Sitting,1537622264000,4.21,6.85,-6.47
708109,30,Sitting,1537672282000,4.18,6.85,-6.47
708110,30,Sitting,1537722301000,4.21,6.85,-6.51
708111,30,Sitting,1537772288000,4.25,6.85,-6.47
708112,30,Sitting,1537822276000,4.25,6.82,-6.47
708113,30,Sitting,1537872295000,4.21,6.85,-6.43
708114,30,Sitting,1537922313000,4.25,6.85,-6.47
708115,30,Sitting,1537972301000,4.25,6.82,-6.51
708116,30,Sitting,1538022288000,4.21,6.82,-6.4
708117,30,Sitting,1538072307000,4.18,6.89,-6.43
708118,30,Sitting,1538122295000,4.25,6.82,-6.47
708119,30,Sitting,1538172526000,4.21,6.85,-6.47
708120,30,Sitting,1538222270000,4.21,6.89,-6.47
708121,30,Sitting,1538272288000,3.83,6.97,-6.7
708122,30,Sitting,1538322307000,5.22,6.66,-5.6
708123,30,Sitting,1538372295000,4.1,6.97,-6.32
708124,30,Sitting,1538422313000,4.52,6.66,-6.66
708125,30,Sitting,1538472301000,4.14,6.89,-6.43
708126,30,Sitting,1538522288000,4.06,6.97,-6.13
708127,30,Sitting,1538572307000,4.4,6.7,-6.78
708128,30,Sitting,1538622295000,4.33,6.82,-6.32
708129,30,Sitting,1538672313000,4.29,6.89,-6.28
708130,30,Sitting,1538722301000,4.33,6.78,-6.43
708131,30,Sitting,1538772288000,4.21,6.89,-6.4
708132,30,Sitting,1538822337000,4.29,6.82,-6.43
708133,30,Sitting,1538872264000,4.29,6.82,-6.36
708134,30,Sitting,1538922282000,4.29,6.85,-6.4
708135,30,Sitting,1538972301000,4.33,6.82,-6.36
708136,30,Sitting,1539022258000,4.33,6.78,-6.47
708137,30,Sitting,1539072276000,4.33,6.85,-6.47
708138,30,Sitting,1539122874000,4.29,6.85,-6.4
708139,30,Sitting,1539172313000,4.33,6.82,-6.4
708141,30,Sitting,1539222301000,4.29,6.82,-6.47
708140,30,Sitting,1539222301000,4.29,6.82,-6.47
708142,30,Sitting,1539322276000,4.29,6.78,-6.36
708144,30,Sitting,1539372295000,4.29,6.82,-6.47
708145,30,Sitting,1539372295000,4.29,6.82,-6.47
708143,30,Sitting,1539372295000,4.29,6.82,-6.47
708146,30,Sitting,1539522288000,4.33,6.78,-6.43
708147,30,Sitting,1539572337000,4.33,6.82,-6.4
708148,30,Sitting,1539622264000,4.33,6.82,-6.47
708149,30,Sitting,1539672313000,4.33,6.85,-6.36
708150,30,Sitting,1539722301000,4.37,6.82,-6.4
708151,30,Sitting,1539772288000,4.52,6.82,-6.36
708152,30,Sitting,1539822307000,4.18,7.25,-6.02
708153,30,Sitting,1539872295000,4.75,7.06,-6.05
708154,30,Sitting,1539922313000,5.22,7.4,-5.33
708155,30,Sitting,1539972301000,5.67,7.74,-4.29
708156,30,Sitting,1540022258000,5.67,7.12,-4.29
708157,30,Sitting,1540072337000,5.09,7.01,-5.05
708158,30,Sitting,1540122295000,5.63,8.43,-2.6
708159,30,Sitting,1540172313000,5.41,6.74,-3.26
708160,30,Sitting,1540222331000,5.79,7.21,-5.52
708161,30,Sitting,1540272319000,5.52,6.21,-7.78
708162,30,Sitting,1540322307000,5.01,6.82,-4.86
708163,30,Sitting,1540372295000,3.99,7.5,-5.71
708164,30,Sitting,1540422313000,5.98,6.17,-6.55
708165,30,Sitting,1540472301000,4.99,6.85,-5.52
708166,30,Sitting,1540522319000,4.63,7.08,-5.71
708167,30,Sitting,1540572307000,5.18,6.63,-6.24
708168,30,Sitting,1540622356000,4.63,7.01,-5.71
708169,30,Sitting,1540672313000,4.9,6.82,-5.94
708170,30,Sitting,1540722270000,4.86,6.82,-5.94
708171,30,Sitting,1540772288000,4.82,6.89,-5.94
708172,30,Sitting,1540822307000,4.79,6.85,-6.05
708173,30,Sitting,1540872295000,4.79,6.89,-5.94
708174,30,Sitting,1540922313000,5.05,6.78,-5.94
708175,30,Sitting,1540972301000,4.86,6.85,-5.98
708176,30,Sitting,1541022288000,4.79,6.85,-5.9
708177,30,Sitting,1541072307000,4.82,6.85,-5.94
708178,30,Sitting,1541122264000,4.79,6.85,-5.94
708179,30,Sitting,1541172282000,4.79,6.85,-6.02
708180,30,Sitting,1541222301000,4.82,6.85,-5.98
708181,30,Sitting,1541272258000,4.82,6.85,-5.94
708182,30,Sitting,1541322307000,4.86,6.82,-5.94
708183,30,Sitting,1541322307000,4.86,6.82,-5.94
708184,30,Sitting,1541322307000,4.86,6.82,-5.94
708185,30,Sitting,1541432445000,4.82,6.85,-6.02
708186,30,Sitting,1541482371000,4.82,6.82,-5.94
708187,30,Sitting,1541532268000,4.82,6.89,-5.98
708188,30,Sitting,1541582286000,4.79,6.85,-5.98
708189,30,Sitting,1541632304000,4.79,6.82,-5.98
708190,30,Sitting,1541682292000,4.82,6.85,-6.02
708191,30,Sitting,1541682292000,4.82,6.85,-6.02
708192,30,Sitting,1541782329000,4.86,6.78,-5.98
708193,30,Sitting,1541832347000,4.79,6.85,-5.94
708194,30,Sitting,1541882335000,4.82,6.82,-6.05
708195,30,Sitting,1541932353000,4.82,6.85,-6.02
708196,30,Sitting,1541982341000,4.82,6.82,-6.05
708197,30,Sitting,1542032298000,4.79,6.82,-6.02
708198,30,Sitting,1542082347000,4.82,6.85,-6.02
708199,30,Sitting,1542132304000,4.82,6.85,-5.98
708200,30,Sitting,1542182323000,4.75,6.85,-6.05
708201,30,Sitting,1542232341000,4.79,6.89,-6.02
708202,30,Sitting,1542282298000,4.79,6.85,-6.05
708203,30,Sitting,1542342418000,4.75,6.82,-6.02
708204,30,Sitting,1542402629000,4.75,6.82,-6.05
708205,30,Sitting,1542452342000,4.79,6.85,-6.02
708206,30,Sitting,1542502330000,4.75,6.82,-6.05
708207,30,Sitting,1542552287000,4.75,6.82,-6.09
708208,30,Sitting,1542602336000,4.75,6.85,-6.02
708209,30,Sitting,1542652293000,4.75,6.82,-6.05
708210,30,Sitting,1542702312000,4.75,6.85,-6.09
708211,30,Sitting,1542752299000,4.75,6.85,-6.05
708213,30,Sitting,1542802348000,4.79,6.85,-6.09
708212,30,Sitting,1542802348000,4.79,6.85,-6.09
708214,30,Sitting,1542902293000,4.71,6.82,-6.09
708215,30,Sitting,1542952312000,4.75,6.82,-6.05
708216,30,Sitting,1543002330000,4.75,6.85,-6.05
708217,30,Sitting,1543052318000,4.79,6.82,-6.05
708218,30,Sitting,1543102305000,4.79,6.82,-6.02
708219,30,Sitting,1543152293000,4.75,6.82,-6.09
708220,30,Sitting,1543202342000,4.82,6.78,-6.05
708221,30,Sitting,1543252330000,4.79,6.82,-6.02
