,user,label,timestamp,x,y,z
828937,31,Sitting,24957901497000,0.89,-0.11,9.66
828938,31,Sitting,24957981453000,0.95,-0.15,9.66
828939,31,Sitting,24958021522000,0.99,-0.15,9.7
828940,31,Sitting,24958061531000,0.91,-0.15,9.66
828941,31,Sitting,24958101509000,0.91,-0.19,9.7
828942,31,Sitting,24958141518000,0.91,-0.15,9.66
828943,31,Sitting,24958221474000,0.95,-0.15,9.66
828944,31,Sitting,24958261482000,0.95,-0.11,9.7
828945,31,Sitting,24958301460000,0.91,-0.08,9.7
828946,31,Sitting,24958381447000,0.91,-0.15,9.7
828947,31,Sitting,24958421455000,0.91,-0.15,9.66
828948,31,Sitting,24958461525000,0.91,-0.11,9.72
828949,31,Sitting,24958501503000,0.95,-0.11,9.72
828950,31,Sitting,24958581459000,0.95,-0.11,9.7
828951,31,Sitting,24958621467000,0.89,-0.15,9.7
828952,31,Sitting,24958661507000,0.91,-0.08,9.66
828953,31,Sitting,24958701454000,0.91,-0.11,9.66
828954,31,Sitting,24958781441000,0.99,-0.15,9.66
828955,31,Sitting,24958821480000,0.89,-0.19,9.7
828956,31,Sitting,24958861519000,0.91,-0.11,9.66
828957,31,Sitting,24958901466000,0.91,-0.08,9.7
828958,31,Sitting,24958941505000,0.95,-0.08,9.7
828959,31,Sitting,24959021431000,0.99,-0.11,9.66
828960,31,Sitting,24959061470000,0.95,-0.11,9.72
828961,31,Sitting,24959101478000,0.95,-0.19,9.85
828962,31,Sitting,24959181434000,0.91,-0.11,9.66
828963,31,Sitting,24959221474000,0.89,-0.11,9.7
828964,31,Sitting,24959261513000,0.89,-0.15,9.66
828965,31,Sitting,24959301491000,0.95,-0.15,9.7
828966,31,Sitting,24959381447000,0.91,-0.15,9.72
828967,31,Sitting,24959421486000,0.91,-0.11,9.58
828968,31,Sitting,24959461494000,0.91,-0.11,9.66
828969,31,Sitting,24959501442000,0.89,-0.11,9.66
828970,31,Sitting,24959581459000,0.91,-0.11,9.66
828971,31,Sitting,24959621467000,0.91,-0.19,9.72
828972,31,Sitting,24959661476000,0.95,-0.19,9.7
828973,31,Sitting,24959701485000,0.95,-0.15,9.7
828974,31,Sitting,24959781441000,0.89,-0.08,9.7
828975,31,Sitting,24959821480000,0.91,-0.11,9.7
828976,31,Sitting,24959861488000,0.95,-0.19,9.72
828977,31,Sitting,24959901466000,0.99,-0.15,9.7
828978,31,Sitting,24959981422000,0.95,-0.11,9.66
828979,31,Sitting,24960021583000,0.91,-0.15,9.7
828980,31,Sitting,24960061500000,0.89,-0.11,9.72
828981,31,Sitting,24960061500000,0.89,-0.11,9.72
828982,31,Sitting,24960181434000,0.91,-0.15,9.7
828983,31,Sitting,24960221443000,0.95,-0.15,9.7
828984,31,Sitting,24960261482000,0.95,-0.11,9.66
828985,31,Sitting,24960301521000,0.84,-0.15,9.7
828986,31,Sitting,24960381447000,0.84,-0.15,9.72
828987,31,Sitting,24960421516000,0.91,-0.11,9.7
828988,31,Sitting,24960461494000,0.99,-0.11,9.66
828989,31,Sitting,24960501503000,0.91,-0.15,9.7
828990,31,Sitting,24960581459000,0.89,-0.15,9.66
828991,31,Sitting,24960621498000,0.89,-0.15,9.7
828992,31,Sitting,24960661507000,0.91,-0.15,9.66
828993,31,Sitting,24960701515000,0.95,-0.11,9.7
828994,31,Sitting,24960781410000,0.99,-0.11,9.62
828995,31,Sitting,24960821510000,0.95,-0.11,9.66
828996,31,Sitting,24960861488000,0.91,-0.11,9.66
828997,31,Sitting,24960901466000,0.95,-0.19,9.7
828998,31,Sitting,24960981453000,0.84,-0.23,9.72
828999,31,Sitting,24961021858000,0.89,-0.08,9.66
829000,31,Sitting,24961061470000,0.84,-0.08,9.7
829001,31,Sitting,24961101478000,0.8,-0.08,9.7
829002,31,Sitting,24961141518000,0.8,-0.15,9.7
829003,31,Sitting,24961221443000,1.04,-0.11,9.66
829004,31,Sitting,24961261482000,1.12,-0.11,9.7
829005,31,Sitting,24961301491000,1.08,-0.15,9.7
829006,31,Sitting,24961381447000,0.91,-0.11,9.72
829007,31,Sitting,24961421486000,0.84,-0.11,9.58
829008,31,Sitting,24961461494000,0.89,-0.15,9.58
829009,31,Sitting,24961501472000,0.89,-0.15,9.7
829010,31,Sitting,24961541481000,0.91,-0.11,9.72
829011,31,Sitting,24961621467000,0.95,-0.08,9.7
829012,31,Sitting,24961661476000,0.95,-0.11,9.7
829013,31,Sitting,24961701515000,0.89,-0.15,9.7
829014,31,Sitting,24961781441000,0.91,-0.11,9.7
829015,31,Sitting,24961821480000,0.91,-0.08,9.72
829016,31,Sitting,24961861519000,0.91,-0.15,9.66
829017,31,Sitting,24961901436000,0.89,-0.11,9.7
829018,31,Sitting,24961981453000,0.91,-0.11,9.7
829019,31,Sitting,24962030434000,0.91,-0.15,9.72
829020,31,Sitting,24962072059000,0.89,-0.15,9.7
829021,31,Sitting,24962111458000,0.89,-0.15,9.72
829022,31,Sitting,24962151497000,0.91,-0.11,9.7
829023,31,Sitting,24962231422000,0.95,-0.08,9.66
829024,31,Sitting,24962271492000,0.91,-0.19,9.7
829025,31,Sitting,24962311470000,0.91,-0.15,9.7
829026,31,Sitting,24962351509000,1.04,-0.15,9.66
829027,31,Sitting,24962431465000,0.99,-0.11,9.66
829028,31,Sitting,24962471474000,0.76,-0.19,9.66
829029,31,Sitting,24962511391000,0.72,-0.11,9.72
829030,31,Sitting,24962551521000,0.89,-0.11,9.66
829031,31,Sitting,24962591621000,1.12,-0.04,9.58
829032,31,Sitting,24962671486000,1.14,-0.19,9.66
829033,31,Sitting,24962711494000,0.99,-0.11,9.72
829034,31,Sitting,24962751503000,0.89,-0.15,9.66
829035,31,Sitting,24962831489000,0.91,-0.11,9.66
829036,31,Sitting,24962831489000,0.91,-0.11,9.66
829037,31,Sitting,24962911445000,0.95,-0.11,9.66
829038,31,Sitting,24962951485000,0.91,-0.11,9.72
829039,31,Sitting,24963031502000,0.95,-0.08,9.66
829040,31,Sitting,24963071510000,0.91,-0.11,9.72
829041,31,Sitting,24963111488000,0.95,-0.15,9.72
829042,31,Sitting,24963151497000,0.95,-0.15,9.62
829043,31,Sitting,24963231453000,0.95,-0.04,9.66
829044,31,Sitting,24963271492000,0.95,-0.11,9.7
829045,31,Sitting,24963311439000,0.99,-0.11,9.62
829046,31,Sitting,24963351509000,0.95,-0.19,9.7
829047,31,Sitting,24963431465000,0.91,-0.15,9.66
829048,31,Sitting,24963471474000,0.91,-0.11,9.7
829049,31,Sitting,24963511513000,0.95,-0.08,9.66
829050,31,Sitting,24963511513000,0.95,-0.08,9.66
829051,31,Sitting,24963631477000,0.95,-0.11,9.7
829052,31,Sitting,24963671486000,0.95,-0.15,9.66
829053,31,Sitting,24963711525000,0.91,-0.19,9.7
829054,31,Sitting,24963751472000,0.84,-0.15,9.7
829055,31,Sitting,24963831459000,0.91,-0.15,9.7
829056,31,Sitting,24963831459000,0.91,-0.15,9.7
829057,31,Sitting,24963911476000,0.89,-0.15,9.66
829058,31,Sitting,24963951515000,0.84,-0.15,9.72
829059,31,Sitting,24964031471000,0.89,-0.19,9.7
829060,31,Sitting,24964071510000,0.95,-0.15,9.7
829061,31,Sitting,24964111488000,0.91,-0.08,9.66
829062,31,Sitting,24964151466000,0.95,-0.11,9.7
829063,31,Sitting,24964191566000,0.95,-0.15,9.7
829064,31,Sitting,24964271492000,0.89,-0.15,9.72
829065,31,Sitting,24964311470000,0.89,-0.15,9.7
829066,31,Sitting,24964351509000,0.91,-0.11,9.72
829067,31,Sitting,24964431465000,0.89,-0.11,9.77
829068,31,Sitting,24964551308000,0.91,-0.11,9.77
829069,31,Sitting,24964551308000,0.91,-0.11,9.77
829070,31,Sitting,24964551308000,0.91,-0.11,9.77
829071,31,Sitting,24964631477000,0.95,-0.08,9.7
829072,31,Sitting,24964671486000,0.95,-0.08,9.72
829073,31,Sitting,24964711494000,0.95,-0.11,9.66
829074,31,Sitting,24964751472000,0.91,-0.11,9.7
829075,31,Sitting,24964831459000,0.91,-0.15,9.72
829076,31,Sitting,24964871467000,0.95,-0.15,9.7
829077,31,Sitting,24964911445000,0.95,-0.15,9.72
829078,31,Sitting,24964951454000,0.91,-0.11,9.7
829079,31,Sitting,24965031471000,0.89,-0.15,9.72
829080,31,Sitting,24965071480000,0.84,-0.15,9.7
829081,31,Sitting,24965111488000,0.84,-0.11,9.7
829082,31,Sitting,24965151466000,0.95,-0.11,9.66
829083,31,Sitting,24965231392000,0.99,-0.11,9.7
829084,31,Sitting,24965271492000,0.91,-0.11,9.7
829085,31,Sitting,24965311470000,0.91,-0.08,9.72
829086,31,Sitting,24965351509000,0.95,-0.08,9.66
829087,31,Sitting,24965391609000,0.95,-0.08,9.7
829088,31,Sitting,24965471474000,0.91,-0.15,9.7
829089,31,Sitting,24965514015000,0.89,-0.19,9.72
829090,31,Sitting,24965552132000,0.89,-0.15,9.72
829091,31,Sitting,24965631477000,0.84,-0.15,9.72
829092,31,Sitting,24965671425000,0.91,-0.15,9.72
829093,31,Sitting,24965711494000,0.95,-0.11,9.72
829094,31,Sitting,24965751472000,0.89,-0.15,9.77
829095,31,Sitting,24965831459000,0.95,-0.11,9.66
829096,31,Sitting,24965871467000,0.95,-0.15,9.66
829097,31,Sitting,24965911476000,0.91,-0.23,9.72
829098,31,Sitting,24965951485000,0.91,-0.19,9.7
829099,31,Sitting,24966031471000,0.91,-0.15,9.66
829100,31,Sitting,24966071480000,0.89,-0.19,9.7
829101,31,Sitting,24966111458000,0.89,-0.15,9.7
829102,31,Sitting,24966151466000,0.89,-0.15,9.66
829103,31,Sitting,24966191566000,0.8,-0.11,9.7
829104,31,Sitting,24966271492000,0.99,-0.15,9.62
829105,31,Sitting,24966311439000,1.04,-0.11,9.7
829106,31,Sitting,24966351478000,0.84,-0.11,9.72
829107,31,Sitting,24966431465000,0.95,-0.11,9.7
829108,31,Sitting,24966471474000,0.84,-0.15,9.72
829109,31,Sitting,24966511482000,0.89,-0.15,9.7
829110,31,Sitting,24966551430000,0.95,-0.15,9.7
829111,31,Sitting,24966591621000,0.84,-0.23,9.72
829112,31,Sitting,24966671486000,0.89,-0.19,9.72
829113,31,Sitting,24966711464000,0.89,-0.15,9.62
829114,31,Sitting,24966751472000,0.91,-0.15,9.66
829115,31,Sitting,24966791756000,0.91,-0.11,9.7
829116,31,Sitting,24966871467000,0.84,-0.23,9.7
829117,31,Sitting,24966911476000,0.91,-0.19,9.72
829118,31,Sitting,24966951485000,0.89,-0.11,9.7
829119,31,Sitting,24967031471000,0.91,-0.08,9.66
829120,31,Sitting,24967071510000,0.89,-0.15,9.7
829121,31,Sitting,24967111488000,0.91,-0.19,9.7
829122,31,Sitting,24967151466000,0.95,-0.19,9.66
829123,31,Sitting,24967191597000,0.91,-0.15,9.7
829124,31,Sitting,24967271492000,0.84,-0.11,9.72
829125,31,Sitting,24967311470000,0.89,-0.15,9.72
829126,31,Sitting,24967351478000,0.95,-0.15,9.66
829127,31,Sitting,24967431496000,0.84,-0.19,9.72
829128,31,Sitting,24967471474000,0.89,-0.19,9.7
829129,31,Sitting,24967511482000,0.84,-0.15,9.7
829130,31,Sitting,24967551491000,0.89,-0.15,9.7
829131,31,Sitting,24967631477000,0.91,-0.23,9.7
829132,31,Sitting,24967671486000,0.95,-0.15,9.7
829133,31,Sitting,24967711464000,0.91,-0.15,9.7
829134,31,Sitting,24967751472000,0.89,-0.15,9.66
829135,31,Sitting,24967831489000,0.89,-0.08,9.66
829136,31,Sitting,24967871467000,0.99,-0.15,9.66
