,user,label,timestamp,x,y,z
503844,32,Sitting,2502912364000,8.05,-2.34,4.02
503845,32,Sitting,2502962291000,8.12,-2.41,4.02
503846,32,Sitting,2503012248000,8.08,-2.41,3.95
503847,32,Sitting,2503062328000,7.97,-2.41,3.87
503848,32,Sitting,2503112346000,8.24,-2.49,3.79
503849,32,Sitting,2503162334000,8.16,-2.34,3.95
503850,32,Sitting,2503212291000,8.12,-2.34,3.95
503851,32,Sitting,2503262309000,8.01,-2.34,3.91
503852,32,Sitting,2503312328000,8.08,-2.45,3.99
503853,32,Sitting,2503362315000,8.12,-2.37,3.99
503854,32,Sitting,2503362315000,8.12,-2.37,3.99
503855,32,Sitting,2503472301000,8.12,-2.37,3.91
503857,32,Sitting,2503522319000,8.08,-2.41,3.91
503856,32,Sitting,2503522319000,8.08,-2.41,3.91
503858,32,Sitting,2503622295000,8.08,-2.37,3.95
503859,32,Sitting,2503682292000,8.12,-2.37,3.99
503860,32,Sitting,2503732280000,8.08,-2.37,3.95
503861,32,Sitting,2503782237000,8.12,-2.41,3.99
503862,32,Sitting,2503832317000,8.12,-2.37,3.91
503863,32,Sitting,2503882304000,7.97,-2.41,3.99
503864,32,Sitting,2503932262000,8.12,-2.41,3.99
503865,32,Sitting,2503982280000,8.12,-2.41,4.02
503866,32,Sitting,2504032298000,8.08,-2.34,3.95
503867,32,Sitting,2504082317000,8.12,-2.41,3.99
503868,32,Sitting,2504132304000,8.08,-2.37,3.91
503870,32,Sitting,2504182262000,8.08,-2.37,3.95
503869,32,Sitting,2504182262000,8.08,-2.37,3.95
503871,32,Sitting,2504282298000,8.12,-2.41,4.02
503872,32,Sitting,2504332225000,8.08,-2.41,3.91
503873,32,Sitting,2504382304000,8.08,-2.41,3.99
503874,32,Sitting,2504432292000,8.12,-2.34,3.91
503875,32,Sitting,2504482311000,8.12,-2.37,3.95
503876,32,Sitting,2504532268000,8.12,-2.41,3.99
503877,32,Sitting,2504582317000,8.2,-2.37,3.99
503878,32,Sitting,2504632274000,8.2,-2.37,3.91
503879,32,Sitting,2504682292000,8.05,-2.37,3.95
503880,32,Sitting,2504732311000,8.12,-2.37,3.95
503881,32,Sitting,2504782298000,8.12,-2.37,3.99
503882,32,Sitting,2504832317000,8.16,-2.34,3.99
503883,32,Sitting,2504882274000,8.12,-2.34,3.87
503884,32,Sitting,2504932292000,8.16,-2.41,3.95
503885,32,Sitting,2504982280000,8.08,-2.41,3.95
503886,32,Sitting,2505032298000,8.12,-2.37,4.02
503887,32,Sitting,2505082317000,8.12,-2.34,3.99
503888,32,Sitting,2505132274000,8.12,-2.41,3.95
503889,32,Sitting,2505182262000,8.08,-2.41,3.87
503890,32,Sitting,2505232280000,8.24,-2.41,3.95
503891,32,Sitting,2505232280000,8.24,-2.41,3.95
503892,32,Sitting,2505292339000,8.12,-2.34,3.99
503893,32,Sitting,2505342296000,8.05,-2.34,3.95
503894,32,Sitting,2505392314000,8.2,-2.34,3.95
503895,32,Sitting,2505442333000,8.12,-2.34,3.99
503896,32,Sitting,2505492351000,8.08,-2.41,3.91
503897,32,Sitting,2505542339000,8.2,-2.37,3.99
503898,32,Sitting,2505592326000,8.08,-2.41,3.95
503899,32,Sitting,2505642314000,8.12,-2.3,3.95
503900,32,Sitting,2505692302000,8.12,-2.37,3.95
503901,32,Sitting,2505742320000,8.05,-2.41,3.99
503902,32,Sitting,2505792339000,8.2,-2.37,3.95
503903,32,Sitting,2505842296000,8.08,-2.34,3.95
503904,32,Sitting,2505892314000,8.08,-2.37,3.95
503905,32,Sitting,2505942302000,8.2,-2.34,3.95
503906,32,Sitting,2505992259000,8.16,-2.34,3.95
503907,32,Sitting,2506042308000,8.08,-2.34,3.95
503908,32,Sitting,2506092326000,8.16,-2.37,3.91
503909,32,Sitting,2506142375000,8.05,-2.37,3.95
503910,32,Sitting,2506192333000,8.08,-2.34,3.95
503912,32,Sitting,2506242320000,8.16,-2.37,3.95
503911,32,Sitting,2506242320000,8.16,-2.37,3.95
503913,32,Sitting,2506342326000,8.12,-2.34,3.87
503914,32,Sitting,2506392345000,8.16,-2.37,3.99
503915,32,Sitting,2506442333000,8.12,-2.37,3.95
503916,32,Sitting,2506492290000,8.12,-2.34,3.91
503917,32,Sitting,2506542308000,8.12,-2.34,3.95
503918,32,Sitting,2506592754000,8.08,-2.34,3.95
503919,32,Sitting,2506642314000,8.2,-2.34,3.91
503920,32,Sitting,2506692302000,8.12,-2.37,3.91
503921,32,Sitting,2506742290000,8.2,-2.37,3.99
503922,32,Sitting,2506792308000,8.08,-2.41,3.99
503923,32,Sitting,2506842326000,8.12,-2.34,3.95
503924,32,Sitting,2506892314000,8.12,-2.34,3.87
503925,32,Sitting,2506942333000,8.16,-2.37,3.91
503926,32,Sitting,2506992290000,8.16,-2.34,3.95
503927,32,Sitting,2507042308000,8.16,-2.37,3.95
503928,32,Sitting,2507092296000,8.12,-2.41,3.95
503929,32,Sitting,2507142345000,8.08,-2.37,3.99
503930,32,Sitting,2507192302000,8.16,-2.37,3.91
503931,32,Sitting,2507242290000,8.08,-2.37,3.99
503932,32,Sitting,2507292308000,8.24,-2.37,3.95
503933,32,Sitting,2507342296000,8.08,-2.37,3.91
503934,32,Sitting,2507392314000,8.16,-2.37,4.02
503935,32,Sitting,2507442302000,8.12,-2.37,3.91
503936,32,Sitting,2507492320000,8.08,-2.37,3.95
503937,32,Sitting,2507542308000,8.12,-2.37,3.95
503938,32,Sitting,2507592296000,8.12,-2.34,3.91
503939,32,Sitting,2507642314000,8.12,-2.34,3.95
503940,32,Sitting,2507692333000,8.16,-2.37,3.99
503941,32,Sitting,2507742290000,8.16,-2.34,3.95
503942,32,Sitting,2507792339000,8.2,-2.34,3.87
503943,32,Sitting,2507842296000,8.24,-2.34,3.83
503944,32,Sitting,2507892375000,8.2,-2.37,3.91
503945,32,Sitting,2507942333000,8.16,-2.34,3.83
503946,32,Sitting,2507992290000,8.16,-2.37,3.83
503947,32,Sitting,2508042339000,8.24,-2.34,3.91
503948,32,Sitting,2508092326000,8.2,-2.37,3.91
503949,32,Sitting,2508142345000,8.12,-2.34,3.83
503950,32,Sitting,2508192302000,8.24,-2.34,3.87
503951,32,Sitting,2508242320000,8.2,-2.41,3.79
503952,32,Sitting,2508292339000,8.16,-2.3,3.91
503953,32,Sitting,2508342296000,8.16,-2.34,3.87
503954,32,Sitting,2508392314000,8.12,-2.37,3.87
503955,32,Sitting,2508442333000,8.16,-2.34,3.91
503956,32,Sitting,2508492290000,8.16,-2.37,3.91
503957,32,Sitting,2508542339000,8.2,-2.34,3.87
503958,32,Sitting,2508592296000,8.2,-2.34,3.91
503959,32,Sitting,2508642314000,8.24,-2.34,3.87
503960,32,Sitting,2508692302000,8.2,-2.3,3.87
503961,32,Sitting,2508742290000,8.2,-2.37,3.83
503962,32,Sitting,2508792552000,8.16,-2.34,3.91
503963,32,Sitting,2508842296000,8.24,-2.34,3.83
503964,32,Sitting,2508892314000,8.08,-2.34,3.87
503965,32,Sitting,2508942302000,8.16,-2.3,3.87
503966,32,Sitting,2508992290000,8.24,-2.34,3.87
503967,32,Sitting,2509042430000,8.12,-2.34,3.91
503968,32,Sitting,2509092326000,8.2,-2.3,3.91
503969,32,Sitting,2509142314000,8.16,-2.3,3.91
503970,32,Sitting,2509192302000,8.16,-2.3,3.87
503971,32,Sitting,2509242320000,8.24,-2.34,3.95
503972,32,Sitting,2509302318000,8.24,-2.34,3.87
503973,32,Sitting,2509352275000,8.16,-2.3,3.87
503974,32,Sitting,2509402293000,8.2,-2.3,3.87
503975,32,Sitting,2509452647000,8.12,-2.34,3.91
503976,32,Sitting,2509512340000,8.2,-2.3,3.87
503977,32,Sitting,2509512340000,8.2,-2.3,3.87
503978,32,Sitting,2509612285000,8.2,-2.3,3.95
503979,32,Sitting,2509662303000,8.2,-2.34,3.87
503980,32,Sitting,2509722331000,8.16,-2.3,3.91
503981,32,Sitting,2509772289000,8.2,-2.34,3.91
503982,32,Sitting,2509822337000,8.16,-2.34,3.95
503983,32,Sitting,2509872325000,8.2,-2.3,3.91
503984,32,Sitting,2509922313000,8.2,-2.34,3.91
503985,32,Sitting,2509972301000,8.2,-2.34,3.87
503986,32,Sitting,2509972301000,8.2,-2.34,3.87
503987,32,Sitting,2510072307000,8.16,-2.3,3.87
503988,32,Sitting,2510122539000,8.2,-2.34,3.87
503989,32,Sitting,2510172313000,8.2,-2.34,3.95
503990,32,Sitting,2510222331000,8.16,-2.37,3.83
503991,32,Sitting,2510272319000,8.2,-2.34,3.91
503992,32,Sitting,2510272319000,8.2,-2.34,3.91
503993,32,Sitting,2510372325000,8.12,-2.3,3.87
503994,32,Sitting,2510422344000,8.2,-2.26,3.91
503995,32,Sitting,2510472301000,8.2,-2.34,3.91
503996,32,Sitting,2510472301000,8.2,-2.34,3.91
503997,32,Sitting,2510572276000,8.2,-2.34,3.83
503998,32,Sitting,2510622325000,8.2,-2.34,3.95
503999,32,Sitting,2510672313000,8.16,-2.34,3.91
504000,32,Sitting,2510672313000,8.16,-2.34,3.91
504001,32,Sitting,2510772289000,8.2,-2.3,3.91
504002,32,Sitting,2510772289000,8.2,-2.3,3.91
504003,32,Sitting,2510872295000,8.24,-2.34,3.87
504004,32,Sitting,2510922283000,8.2,-2.34,3.87
504005,32,Sitting,2510972331000,8.16,-2.3,3.91
504006,32,Sitting,2511022289000,8.16,-2.34,3.91
504007,32,Sitting,2511072337000,8.2,-2.3,3.87
504008,32,Sitting,2511122295000,8.2,-2.34,3.91
504009,32,Sitting,2511172313000,8.24,-2.3,3.87
504010,32,Sitting,2511222331000,8.16,-2.34,3.91
504011,32,Sitting,2511272319000,8.16,-2.3,3.87
504012,32,Sitting,2511322307000,8.16,-2.3,3.91
504013,32,Sitting,2511372295000,8.2,-2.3,3.87
504014,32,Sitting,2511422313000,8.24,-2.3,3.79
504015,32,Sitting,2511472301000,8.24,-2.3,3.87
504016,32,Sitting,2511522289000,8.08,-2.3,3.91
504017,32,Sitting,2511572337000,8.31,-2.37,3.95
504018,32,Sitting,2511622325000,8.28,-2.3,3.87
504019,32,Sitting,2511682262000,8.05,-2.3,3.87
504020,32,Sitting,2511732219000,8.2,-2.34,3.95
504021,32,Sitting,2511782329000,8.28,-2.37,3.87
504022,32,Sitting,2511832286000,8.24,-2.26,3.79
504023,32,Sitting,2511882304000,8.2,-2.3,3.83
504024,32,Sitting,2511932262000,8.24,-2.37,3.83
504025,32,Sitting,2511982311000,8.2,-2.34,3.87
504026,32,Sitting,2512032298000,8.31,-2.3,3.83
504027,32,Sitting,2512082317000,8.31,-2.22,3.87
504028,32,Sitting,2512132304000,8.28,-2.3,3.79
504029,32,Sitting,2512182323000,8.24,-2.34,3.83
504030,32,Sitting,2512232311000,8.28,-2.26,3.91
504031,32,Sitting,2512282268000,8.28,-2.18,3.83
504032,32,Sitting,2512332347000,8.2,-2.22,3.91
504033,32,Sitting,2512382274000,8.24,-2.3,3.91
504034,32,Sitting,2512432262000,8.24,-2.3,3.83
504035,32,Sitting,2512482311000,8.12,-2.3,3.91
504036,32,Sitting,2512532298000,8.2,-2.26,3.95
504037,32,Sitting,2512582286000,8.2,-2.3,3.95
504038,32,Sitting,2512632274000,8.2,-2.22,3.95
504039,32,Sitting,2512682292000,8.16,-2.26,3.91
504040,32,Sitting,2512732280000,8.2,-2.37,3.91
504041,32,Sitting,2512782268000,8.16,-2.3,3.91
504042,32,Sitting,2512832317000,8.24,-2.22,3.91
504043,32,Sitting,2512882335000,8.08,-2.26,3.95
