,user,label,timestamp,x,y,z
457748,35,Sitting,149632274000,4.63,7.01,5.63
457749,35,Sitting,149682262000,4.67,6.97,5.63
457750,35,Sitting,149732280000,4.67,7.01,5.67
457751,35,Sitting,149782268000,4.67,7.06,5.67
457752,35,Sitting,149832316000,4.63,7.01,5.71
457753,35,Sitting,149882274000,4.63,7.01,5.67
457754,35,Sitting,149932262000,4.67,7.01,5.67
457755,35,Sitting,149982280000,4.71,7.01,5.71
457756,35,Sitting,150032268000,4.71,6.97,5.63
457757,35,Sitting,150082347000,4.75,7.01,5.67
457758,35,Sitting,150132274000,4.71,7.01,5.6
457759,35,Sitting,150182262000,4.71,7.01,5.67
457760,35,Sitting,150232249000,4.71,7.01,5.6
457761,35,Sitting,150282268000,4.67,6.97,5.6
457762,35,Sitting,150332316000,4.75,7.01,5.63
457763,35,Sitting,150382274000,4.75,7.06,5.6
457764,35,Sitting,150432262000,4.71,7.06,5.6
457765,35,Sitting,150482280000,4.71,7.01,5.6
457766,35,Sitting,150532268000,4.75,7.08,5.6
457767,35,Sitting,150582286000,4.71,7.06,5.6
457768,35,Sitting,150632274000,4.75,7.06,5.56
457769,35,Sitting,150682262000,4.75,7.08,5.56
457771,35,Sitting,150732280000,4.75,7.06,5.56
457770,35,Sitting,150732280000,4.75,7.06,5.56
457772,35,Sitting,150832255000,4.75,7.08,5.56
457773,35,Sitting,150882304000,4.79,7.08,5.52
457774,35,Sitting,150932262000,4.75,7.08,5.48
457775,35,Sitting,150982280000,4.75,7.08,5.43
457776,35,Sitting,151032268000,4.79,7.08,5.43
457777,35,Sitting,151082286000,4.79,7.06,5.48
457778,35,Sitting,151132274000,4.75,7.06,5.56
457779,35,Sitting,151182231000,4.75,7.06,5.52
457780,35,Sitting,151232280000,4.75,7.08,5.52
457781,35,Sitting,151282298000,4.79,7.12,5.43
457782,35,Sitting,151332316000,4.71,7.01,5.48
457783,35,Sitting,151382304000,4.86,7.16,5.52
457784,35,Sitting,151432262000,4.94,7.16,5.41
457785,35,Sitting,151482310000,4.71,7.06,5.43
457786,35,Sitting,151532268000,4.75,7.12,5.43
457787,35,Sitting,151582286000,4.82,7.08,5.43
457788,35,Sitting,151632304000,4.79,7.12,5.52
457789,35,Sitting,151682262000,4.75,7.12,5.48
457790,35,Sitting,151732280000,4.71,7.12,5.43
457791,35,Sitting,151782268000,4.75,7.12,5.43
457792,35,Sitting,151832286000,4.79,7.12,5.52
457793,35,Sitting,151882304000,4.82,7.06,5.48
457794,35,Sitting,151932292000,4.79,7.08,5.56
457795,35,Sitting,151982280000,4.79,7.06,5.56
457796,35,Sitting,152032268000,4.75,7.08,5.48
457797,35,Sitting,152082286000,4.75,7.16,5.52
457798,35,Sitting,152132274000,4.75,7.08,5.52
457799,35,Sitting,152182262000,4.67,7.08,5.52
457800,35,Sitting,152232310000,4.75,7.16,5.6
457801,35,Sitting,152282268000,4.71,7.08,5.6
457802,35,Sitting,152332316000,4.75,7.06,5.56
457803,35,Sitting,152382304000,4.82,7.12,5.6
457805,35,Sitting,152432323000,4.79,7.08,5.48
457804,35,Sitting,152432323000,4.79,7.08,5.48
457807,35,Sitting,152535655000,4.71,7.12,5.48
457806,35,Sitting,152535655000,4.71,7.12,5.48
457808,35,Sitting,152592479000,4.67,7.08,5.52
457809,35,Sitting,152642345000,4.71,7.06,5.56
457810,35,Sitting,152692576000,4.67,7.08,5.56
457811,35,Sitting,152742290000,4.67,7.08,5.52
457812,35,Sitting,152792674000,4.71,7.06,5.52
457813,35,Sitting,152842326000,4.75,7.08,5.48
457814,35,Sitting,152892741000,4.67,7.08,5.52
457815,35,Sitting,152942302000,4.71,7.08,5.52
457816,35,Sitting,152992839000,4.67,7.12,5.56
457817,35,Sitting,153042369000,4.67,7.08,5.56
457818,35,Sitting,153092296000,4.71,7.08,5.56
457819,35,Sitting,153142467000,4.71,7.08,5.52
457820,35,Sitting,153192332000,4.71,7.12,5.56
457821,35,Sitting,153242625000,4.67,7.06,5.6
457822,35,Sitting,153292308000,4.67,7.01,5.56
457823,35,Sitting,153342723000,4.71,7.08,5.52
457824,35,Sitting,153392345000,4.75,7.06,5.56
457825,35,Sitting,153442821000,4.71,7.08,5.6
457826,35,Sitting,153492412000,4.71,7.06,5.52
457827,35,Sitting,153542338000,4.67,7.12,5.56
457828,35,Sitting,153593089000,4.67,7.06,5.52
457829,35,Sitting,153652324000,4.71,7.06,5.56
457830,35,Sitting,153712291000,4.67,7.06,5.6
457831,35,Sitting,153762309000,4.67,7.06,5.63
457832,35,Sitting,153812327000,4.71,7.08,5.6
457833,35,Sitting,153862285000,4.71,7.06,5.63
457834,35,Sitting,153912273000,4.63,7.06,5.56
457835,35,Sitting,153962260000,4.63,7.08,5.6
457836,35,Sitting,154012340000,4.67,7.06,5.56
457837,35,Sitting,154062327000,4.67,7.08,5.63
457838,35,Sitting,154112346000,4.67,7.08,5.67
457839,35,Sitting,154162303000,4.67,7.01,5.6
457840,35,Sitting,154212291000,4.67,7.06,5.56
457841,35,Sitting,154262309000,4.67,7.12,5.6
457842,35,Sitting,154312327000,4.63,7.06,5.6
457843,35,Sitting,154362346000,4.67,7.08,5.63
457844,35,Sitting,154412334000,4.63,7.06,5.56
457845,35,Sitting,154462321000,4.71,7.12,5.63
457846,35,Sitting,154512340000,4.67,6.97,5.6
457847,35,Sitting,154562450000,4.75,7.01,5.67
457848,35,Sitting,154612346000,4.67,7.01,5.6
457849,35,Sitting,154662303000,4.67,7.06,5.56
457850,35,Sitting,154712291000,4.71,7.12,5.56
457851,35,Sitting,154762309000,4.71,7.06,5.56
457852,35,Sitting,154812297000,4.71,7.08,5.56
457853,35,Sitting,154862346000,4.75,7.08,5.52
457854,35,Sitting,154912334000,4.71,7.12,5.56
457855,35,Sitting,154962321000,4.75,7.12,5.52
457856,35,Sitting,155012309000,4.75,7.08,5.52
457857,35,Sitting,155062358000,4.71,7.12,5.56
457858,35,Sitting,155112315000,4.75,7.12,5.56
457859,35,Sitting,155162303000,4.75,7.08,5.56
457860,35,Sitting,155212291000,4.71,7.08,5.52
457861,35,Sitting,155262340000,4.67,7.08,5.52
457862,35,Sitting,155312327000,4.71,7.12,5.56
457863,35,Sitting,155362315000,4.67,7.08,5.56
457864,35,Sitting,155412303000,4.71,7.08,5.48
457865,35,Sitting,155462321000,4.67,7.12,5.52
457866,35,Sitting,155512340000,4.71,7.08,5.52
457867,35,Sitting,155562297000,4.71,7.12,5.52
457868,35,Sitting,155612346000,4.67,7.08,5.56
457869,35,Sitting,155662303000,4.67,7.12,5.52
457870,35,Sitting,155712291000,4.67,7.12,5.56
457871,35,Sitting,155762645000,4.67,7.08,5.52
457872,35,Sitting,155812297000,4.63,7.12,5.52
457874,35,Sitting,155862315000,4.71,7.12,5.56
457873,35,Sitting,155862315000,4.71,7.12,5.56
457875,35,Sitting,155962321000,4.67,7.08,5.52
457876,35,Sitting,156012340000,4.63,7.08,5.52
457877,35,Sitting,156062327000,4.67,7.12,5.56
457878,35,Sitting,156112315000,4.67,7.08,5.56
457879,35,Sitting,156162303000,4.67,7.12,5.56
457880,35,Sitting,156212291000,4.71,7.12,5.56
457881,35,Sitting,156262340000,4.63,7.08,5.52
457882,35,Sitting,156312327000,4.67,7.12,5.56
457883,35,Sitting,156362346000,4.71,7.08,5.6
457884,35,Sitting,156412334000,4.63,7.06,5.52
457885,35,Sitting,156462352000,4.67,7.08,5.56
457886,35,Sitting,156532298000,4.67,7.01,5.6
457887,35,Sitting,156582286000,4.75,7.08,5.6
457888,35,Sitting,156632335000,4.75,7.06,5.6
457889,35,Sitting,156682231000,4.67,7.06,5.6
457890,35,Sitting,156732280000,4.67,7.06,5.63
457891,35,Sitting,156782268000,4.75,7.06,5.6
457892,35,Sitting,156782268000,4.75,7.06,5.6
457893,35,Sitting,156882274000,4.67,7.06,5.6
457894,35,Sitting,156932292000,4.71,7.06,5.56
457895,35,Sitting,156982310000,4.71,7.01,5.6
457897,35,Sitting,157032268000,4.67,7.01,5.56
457896,35,Sitting,157032268000,4.67,7.01,5.56
457898,35,Sitting,157132304000,4.75,7.06,5.6
457899,35,Sitting,157182292000,4.75,7.01,5.63
457900,35,Sitting,157232310000,4.71,7.06,5.6
457902,35,Sitting,157282268000,4.71,7.01,5.63
457901,35,Sitting,157282268000,4.71,7.01,5.63
457903,35,Sitting,157382243000,4.71,7.01,5.6
457904,35,Sitting,157432262000,4.71,7.06,5.63
457905,35,Sitting,157482310000,4.75,7.01,5.6
457906,35,Sitting,157532268000,4.71,7.01,5.67
457907,35,Sitting,157582286000,4.71,7.01,5.63
457908,35,Sitting,157632274000,4.71,7.01,5.6
457909,35,Sitting,157682292000,4.71,7.01,5.56
457910,35,Sitting,157732280000,4.67,6.97,5.56
457911,35,Sitting,157782298000,4.71,7.01,5.6
457912,35,Sitting,157832286000,4.67,6.97,5.6
457913,35,Sitting,157882304000,4.71,7.01,5.63
457914,35,Sitting,157932323000,4.75,7.06,5.56
457915,35,Sitting,157982310000,4.71,7.01,5.56
457916,35,Sitting,157982310000,4.71,7.01,5.56
457917,35,Sitting,158082286000,4.71,7.06,5.63
457918,35,Sitting,158132274000,4.67,7.06,5.52
457919,35,Sitting,158182292000,4.71,7.01,5.56
457920,35,Sitting,158232280000,4.71,7.06,5.52
457921,35,Sitting,158282268000,4.67,7.06,5.52
457922,35,Sitting,158332713000,4.71,7.08,5.6
457923,35,Sitting,158382274000,4.71,7.01,5.56
457924,35,Sitting,158432262000,4.75,7.06,5.56
457925,35,Sitting,158432262000,4.75,7.06,5.56
457927,35,Sitting,158532268000,4.71,7.01,5.56
457926,35,Sitting,158532268000,4.71,7.01,5.56
457928,35,Sitting,158592326000,4.75,7.08,5.52
457929,35,Sitting,158642802000,4.75,7.08,5.48
457930,35,Sitting,158692332000,4.75,7.08,5.52
457931,35,Sitting,158742290000,4.75,7.06,5.52
457932,35,Sitting,158792369000,4.75,7.08,5.48
457933,35,Sitting,158842296000,4.71,7.01,5.48
457934,35,Sitting,158892467000,4.75,7.08,5.48
457935,35,Sitting,158942332000,4.71,7.01,5.48
457936,35,Sitting,158992564000,4.75,7.06,5.56
457937,35,Sitting,159042338000,4.71,7.08,5.48
457938,35,Sitting,159092662000,4.79,7.06,5.56
457939,35,Sitting,159142345000,4.71,7.01,5.52
457940,35,Sitting,159192729000,4.71,7.06,5.56
457941,35,Sitting,159242320000,4.71,7.06,5.52
457942,35,Sitting,159292888000,4.71,7.06,5.48
457943,35,Sitting,159342479000,4.75,7.08,5.52
457944,35,Sitting,159392314000,4.75,7.01,5.56
457945,35,Sitting,159442576000,4.79,7.06,5.52
457946,35,Sitting,159492290000,4.67,7.01,5.52
457947,35,Sitting,159542705000,4.71,7.06,5.56
