,user,label,timestamp,x,y,z
458148,35,Sitting,169592326000,4.9,6.82,5.79
458149,35,Sitting,169642711000,4.86,6.78,5.83
458150,35,Sitting,169692332000,4.75,6.85,5.75
458151,35,Sitting,169742808000,4.82,6.85,5.75
458152,35,Sitting,169792461000,4.79,6.89,5.75
458153,35,Sitting,169842326000,4.56,6.93,5.75
458154,35,Sitting,169892772000,4.71,6.82,5.86
458155,35,Sitting,169942363000,4.79,6.89,5.83
458156,35,Sitting,169992320000,4.82,6.85,5.79
458157,35,Sitting,170043101000,4.71,6.85,5.75
458158,35,Sitting,170092326000,4.6,6.93,5.79
458159,35,Sitting,170142802000,4.71,6.74,5.86
458160,35,Sitting,170192454000,4.86,7.01,5.79
458161,35,Sitting,170244578000,4.56,6.66,5.79
458162,35,Sitting,170302287000,4.9,6.93,5.9
458163,35,Sitting,170362315000,4.75,6.7,6.02
458164,35,Sitting,170412334000,4.63,6.55,5.94
458165,35,Sitting,170462321000,4.63,6.7,5.9
458166,35,Sitting,170512340000,4.67,6.74,5.98
458167,35,Sitting,170562327000,4.79,6.78,5.9
458168,35,Sitting,170612315000,4.71,6.78,5.86
458169,35,Sitting,170662364000,4.6,6.78,5.9
458170,35,Sitting,170712291000,4.67,6.78,5.86
458171,35,Sitting,170762309000,4.67,6.74,5.9
458172,35,Sitting,170812327000,4.71,6.78,5.86
458173,35,Sitting,170862315000,4.67,6.78,5.9
458174,35,Sitting,170912334000,4.75,6.82,5.86
458175,35,Sitting,170962321000,4.67,6.78,5.79
458176,35,Sitting,171012309000,4.71,6.82,5.79
458177,35,Sitting,171062602000,4.75,6.82,5.83
458178,35,Sitting,171112346000,4.79,6.89,5.79
458179,35,Sitting,171162303000,4.79,6.85,5.83
458180,35,Sitting,171212291000,4.75,6.85,5.83
458181,35,Sitting,171262340000,4.71,6.82,5.9
458182,35,Sitting,171312297000,4.71,6.82,5.79
458183,35,Sitting,171362315000,4.75,6.82,5.75
458184,35,Sitting,171412334000,4.82,6.85,5.79
458185,35,Sitting,171462321000,4.82,6.78,5.71
458186,35,Sitting,171512309000,5.01,6.97,5.71
458187,35,Sitting,171562327000,5.05,6.89,5.67
458188,35,Sitting,171612315000,4.86,6.82,5.67
458189,35,Sitting,171662303000,4.86,6.85,5.71
458190,35,Sitting,171712321000,4.75,6.59,5.75
458191,35,Sitting,171762340000,5.09,6.74,5.79
458192,35,Sitting,171812327000,5.01,6.66,5.75
458193,35,Sitting,171862315000,5.01,6.7,5.83
458194,35,Sitting,171932323000,4.94,6.74,5.79
458195,35,Sitting,171982280000,4.99,6.66,5.9
458196,35,Sitting,172032298000,4.99,6.32,5.9
458197,35,Sitting,172082286000,5.22,6.44,5.94
458198,35,Sitting,172132304000,5.13,6.47,5.9
458199,35,Sitting,172182292000,5.18,6.7,5.86
458200,35,Sitting,172232310000,4.94,6.47,5.86
458201,35,Sitting,172282268000,4.94,6.63,5.94
458202,35,Sitting,172332316000,5.01,6.55,5.98
458203,35,Sitting,172382304000,5.09,6.7,5.9
458204,35,Sitting,172432292000,5.01,6.51,5.98
458205,35,Sitting,172482310000,4.99,6.47,5.9
458206,35,Sitting,172532268000,4.99,6.44,5.94
458207,35,Sitting,172582286000,5.05,6.63,5.94
458208,35,Sitting,172632304000,4.94,6.51,5.9
458209,35,Sitting,172682292000,5.01,6.59,5.98
458210,35,Sitting,172732310000,4.94,6.47,5.94
458211,35,Sitting,172782298000,4.94,6.24,5.67
458212,35,Sitting,172832316000,5.67,6.59,6.66
458213,35,Sitting,172882304000,5.09,7.12,6.05
458214,35,Sitting,172932292000,4.82,6.44,5.18
458215,35,Sitting,172982310000,4.75,6.59,5.41
458216,35,Sitting,173032298000,4.82,6.93,6.09
458217,35,Sitting,173082286000,4.82,6.36,6.05
458218,35,Sitting,173132304000,5.41,6.44,6.17
458219,35,Sitting,173182292000,5.71,6.36,5.94
458220,35,Sitting,173232310000,5.01,6.24,5.86
458221,35,Sitting,173282298000,4.99,6.21,5.98
458222,35,Sitting,173332316000,5.24,6.59,5.9
458223,35,Sitting,173382304000,5.18,6.32,5.94
458224,35,Sitting,173432262000,5.18,6.36,6.05
458225,35,Sitting,173482310000,5.28,6.36,6.02
458226,35,Sitting,173532298000,5.09,6.32,5.86
458227,35,Sitting,173582316000,5.13,6.4,5.9
458228,35,Sitting,173632304000,5.05,6.47,5.98
458229,35,Sitting,173682262000,5.05,6.4,6.13
458230,35,Sitting,173732310000,5.33,6.66,5.9
458231,35,Sitting,173782298000,4.99,6.21,5.79
458232,35,Sitting,173832316000,5.13,6.63,5.94
458233,35,Sitting,173882274000,5.24,6.63,5.86
458234,35,Sitting,173932323000,5.05,6.44,6.17
458235,35,Sitting,173982310000,4.94,6.51,6.02
458236,35,Sitting,174032268000,4.9,6.47,5.83
458237,35,Sitting,174082286000,4.79,6.47,5.79
458238,35,Sitting,174132304000,4.94,6.66,5.86
458239,35,Sitting,174182262000,4.94,6.66,5.94
458240,35,Sitting,174232310000,4.9,6.7,5.86
458241,35,Sitting,174282268000,4.94,6.7,5.9
458242,35,Sitting,174332286000,4.9,6.63,5.9
458243,35,Sitting,174382304000,4.82,6.66,5.83
458244,35,Sitting,174432292000,4.86,6.7,5.75
458245,35,Sitting,174482280000,4.86,6.66,5.75
458246,35,Sitting,174532268000,4.9,6.74,5.75
458247,35,Sitting,174582347000,4.99,6.7,5.79
458248,35,Sitting,174632335000,4.9,6.78,5.71
458249,35,Sitting,174682292000,4.94,6.66,5.75
458250,35,Sitting,174732280000,4.94,6.7,5.79
458251,35,Sitting,174782298000,5.01,6.78,5.75
458252,35,Sitting,174832316000,4.94,6.74,5.79
458253,35,Sitting,174882304000,4.9,6.7,5.75
458254,35,Sitting,174932292000,4.99,6.74,5.79
458255,35,Sitting,174982310000,5.05,6.78,5.71
458256,35,Sitting,175032268000,5.05,6.74,5.75
458257,35,Sitting,175082286000,5.05,6.78,5.71
458258,35,Sitting,175132274000,5.01,6.78,5.71
458260,35,Sitting,175182262000,5.01,6.74,5.71
458259,35,Sitting,175182262000,5.01,6.74,5.71
458261,35,Sitting,175282268000,5.01,6.74,5.75
458262,35,Sitting,175332286000,4.99,6.74,5.71
458263,35,Sitting,175382304000,5.05,6.78,5.75
458264,35,Sitting,175432323000,4.99,6.74,5.75
458265,35,Sitting,175482310000,5.01,6.66,5.75
458266,35,Sitting,175532268000,5.01,6.7,5.63
458267,35,Sitting,175582286000,5.01,6.7,5.67
458268,35,Sitting,175632274000,5.01,6.74,5.67
458269,35,Sitting,175682262000,5.01,6.66,5.67
458270,35,Sitting,175732310000,4.99,6.7,5.71
458271,35,Sitting,175782268000,4.99,6.7,5.67
458272,35,Sitting,175832316000,5.01,6.7,5.75
458273,35,Sitting,175882274000,5.01,6.7,5.71
458274,35,Sitting,175932262000,5.09,6.7,5.71
458275,35,Sitting,175982310000,5.05,6.74,5.71
458276,35,Sitting,176032298000,5.01,6.7,5.75
458277,35,Sitting,176032298000,5.01,6.7,5.75
458278,35,Sitting,176132304000,5.05,6.74,5.71
458279,35,Sitting,176182262000,5.01,6.7,5.71
458280,35,Sitting,176232280000,5.01,6.7,5.67
458281,35,Sitting,176282298000,5.05,6.66,5.71
458282,35,Sitting,176332286000,5.01,6.66,5.71
458283,35,Sitting,176382274000,5.01,6.74,5.71
458284,35,Sitting,176432292000,5.05,6.66,5.71
458285,35,Sitting,176482280000,5.05,6.7,5.71
458286,35,Sitting,176532268000,5.05,6.74,5.75
458287,35,Sitting,176582286000,5.05,6.7,5.71
458288,35,Sitting,176632304000,5.05,6.74,5.75
458289,35,Sitting,176682262000,5.05,6.74,5.67
458290,35,Sitting,176732280000,5.18,6.82,5.67
458291,35,Sitting,176782298000,5.22,6.78,5.6
458292,35,Sitting,176832316000,4.99,6.74,5.67
458293,35,Sitting,176882304000,5.13,6.7,5.6
458295,35,Sitting,176932597000,5.18,6.63,5.56
458294,35,Sitting,176932597000,5.18,6.63,5.56
458296,35,Sitting,177002269000,5.18,6.66,5.63
458297,35,Sitting,177052257000,5.18,6.66,5.71
458298,35,Sitting,177052257000,5.18,6.66,5.71
458299,35,Sitting,177152232000,5.22,6.59,5.71
458300,35,Sitting,177212260000,5.09,6.59,5.71
458301,35,Sitting,177262309000,5.09,6.66,5.67
458302,35,Sitting,177312297000,5.13,6.63,5.67
458303,35,Sitting,177362315000,5.18,6.63,5.71
458304,35,Sitting,177412303000,5.18,6.59,5.71
458305,35,Sitting,177462291000,5.18,6.66,5.75
458306,35,Sitting,177512309000,5.13,6.63,5.75
458307,35,Sitting,177562327000,5.09,6.66,5.71
458308,35,Sitting,177612346000,5.13,6.63,5.75
458309,35,Sitting,177662303000,5.09,6.63,5.75
458310,35,Sitting,177712291000,5.09,6.63,5.71
458311,35,Sitting,177762340000,5.05,6.59,5.75
458312,35,Sitting,177812297000,5.05,6.63,5.79
458313,35,Sitting,177862315000,5.05,6.7,5.75
458314,35,Sitting,177912303000,5.09,6.7,5.75
458315,35,Sitting,177962291000,5.09,6.66,5.83
458316,35,Sitting,178012309000,5.09,6.7,5.71
458317,35,Sitting,178062297000,5.09,6.74,5.71
458318,35,Sitting,178112529000,5.01,6.7,5.71
458319,35,Sitting,178162303000,5.05,6.7,5.71
458320,35,Sitting,178212291000,5.09,6.7,5.71
458321,35,Sitting,178262309000,5.05,6.66,5.71
458322,35,Sitting,178312297000,5.05,6.66,5.67
458323,35,Sitting,178362315000,5.09,6.7,5.67
458324,35,Sitting,178412334000,5.09,6.74,5.71
458325,35,Sitting,178412334000,5.09,6.74,5.71
458326,35,Sitting,178512279000,5.09,6.74,5.67
458327,35,Sitting,178562327000,5.05,6.7,5.71
458328,35,Sitting,178612315000,5.05,6.7,5.63
458329,35,Sitting,178662303000,5.09,6.7,5.75
458330,35,Sitting,178712291000,5.13,6.7,5.71
458331,35,Sitting,178762340000,5.09,6.7,5.75
458332,35,Sitting,178812266000,5.09,6.74,5.75
458333,35,Sitting,178862315000,5.09,6.7,5.67
458334,35,Sitting,178912334000,5.13,6.74,5.71
458336,35,Sitting,178962291000,5.09,6.7,5.71
458335,35,Sitting,178962291000,5.09,6.7,5.71
458337,35,Sitting,179062297000,5.05,6.66,5.71
458338,35,Sitting,179112346000,5.09,6.7,5.67
458339,35,Sitting,179162303000,5.05,6.66,5.67
458340,35,Sitting,179212291000,5.13,6.7,5.67
458341,35,Sitting,179262309000,5.09,6.7,5.71
458342,35,Sitting,179312358000,5.13,6.74,5.75
458343,35,Sitting,179362346000,5.09,6.7,5.67
458344,35,Sitting,179412273000,5.09,6.66,5.67
458345,35,Sitting,179462291000,5.09,6.7,5.71
458346,35,Sitting,179512340000,5.05,6.66,5.75
458348,35,Sitting,179562297000,5.09,6.66,5.75
