,user,label,timestamp,x,y,z
458548,35,Sitting,189612315000,5.05,6.74,5.75
458549,35,Sitting,189662303000,5.05,6.7,5.75
458550,35,Sitting,189712291000,5.05,6.7,5.71
458551,35,Sitting,189762309000,5.09,6.7,5.79
458552,35,Sitting,189812327000,5.05,6.7,5.71
458554,35,Sitting,189862315000,5.05,6.74,5.75
458553,35,Sitting,189862315000,5.05,6.74,5.75
458555,35,Sitting,189962291000,5.05,6.78,5.75
458556,35,Sitting,190012309000,5.05,6.7,5.71
458557,35,Sitting,190062297000,5.09,6.7,5.71
458558,35,Sitting,190112346000,5.05,6.74,5.75
458559,35,Sitting,190162303000,5.01,6.74,5.71
458560,35,Sitting,190212291000,5.05,6.74,5.71
458561,35,Sitting,190212291000,5.05,6.74,5.71
458562,35,Sitting,190312266000,5.05,6.74,5.75
458563,35,Sitting,190362315000,5.05,6.66,5.71
458564,35,Sitting,190412334000,5.09,6.74,5.67
458565,35,Sitting,190462321000,5.05,6.7,5.79
458566,35,Sitting,190512340000,5.01,6.74,5.75
458567,35,Sitting,190562297000,5.05,6.74,5.71
458568,35,Sitting,190612315000,5.05,6.74,5.75
458569,35,Sitting,190662303000,5.05,6.7,5.71
458570,35,Sitting,190712291000,5.05,6.7,5.75
458571,35,Sitting,190762309000,5.05,6.7,5.71
458572,35,Sitting,190812297000,5.05,6.74,5.71
458573,35,Sitting,190862315000,5.05,6.7,5.71
458575,35,Sitting,190912334000,5.05,6.74,5.71
458574,35,Sitting,190912334000,5.05,6.74,5.71
458576,35,Sitting,191012309000,5.01,6.7,5.71
458577,35,Sitting,191062358000,5.05,6.74,5.75
458578,35,Sitting,191112315000,5.05,6.78,5.6
458579,35,Sitting,191162303000,5.24,6.78,5.63
458580,35,Sitting,191212291000,5.13,6.74,5.63
458581,35,Sitting,191262309000,5.13,6.7,5.56
458582,35,Sitting,191312297000,5.18,6.7,5.63
458583,35,Sitting,191362346000,5.13,6.74,5.67
458584,35,Sitting,191362346000,5.13,6.74,5.67
458585,35,Sitting,191462596000,5.13,6.7,5.71
458586,35,Sitting,191512309000,5.13,6.7,5.63
458587,35,Sitting,191562327000,5.09,6.66,5.71
458588,35,Sitting,191612315000,5.09,6.7,5.71
458589,35,Sitting,191662303000,5.09,6.74,5.75
458590,35,Sitting,191712321000,5.13,6.7,5.71
458591,35,Sitting,191762309000,5.13,6.66,5.71
458592,35,Sitting,191812327000,5.09,6.7,5.63
458593,35,Sitting,191862346000,5.13,6.74,5.67
458594,35,Sitting,191912303000,5.13,6.66,5.71
458595,35,Sitting,191962291000,5.13,6.74,5.79
458596,35,Sitting,192012309000,5.13,6.7,5.71
458597,35,Sitting,192062297000,5.09,6.7,5.75
458598,35,Sitting,192112315000,5.09,6.7,5.79
458599,35,Sitting,192162303000,5.09,6.7,5.75
458600,35,Sitting,192212291000,5.13,6.74,5.75
458601,35,Sitting,192262309000,5.18,6.74,5.75
458602,35,Sitting,192312297000,5.09,6.7,5.75
458603,35,Sitting,192379619000,5.13,6.7,5.71
458604,35,Sitting,192432262000,5.09,6.74,5.71
458605,35,Sitting,192482310000,5.13,6.78,5.71
458606,35,Sitting,192532268000,5.13,6.66,5.79
458607,35,Sitting,192582316000,5.18,6.7,5.71
458608,35,Sitting,192632274000,5.09,6.7,5.71
458609,35,Sitting,192682262000,5.09,6.74,5.75
458610,35,Sitting,192682262000,5.09,6.74,5.75
458611,35,Sitting,192782268000,5.09,6.74,5.71
458612,35,Sitting,192782268000,5.09,6.74,5.71
458613,35,Sitting,192882243000,5.09,6.74,5.75
458614,35,Sitting,192932262000,5.13,6.74,5.67
458615,35,Sitting,192982310000,5.05,6.78,5.67
458616,35,Sitting,193032268000,5.09,6.78,5.67
458617,35,Sitting,193082286000,5.09,6.74,5.67
458618,35,Sitting,193082286000,5.09,6.74,5.67
458619,35,Sitting,193082286000,5.09,6.74,5.67
458620,35,Sitting,193232249000,5.09,6.74,5.63
458621,35,Sitting,193282268000,5.13,6.78,5.63
458622,35,Sitting,193332286000,5.13,6.74,5.63
458623,35,Sitting,193382274000,5.09,6.78,5.63
458624,35,Sitting,193432323000,5.13,6.78,5.56
458625,35,Sitting,193482310000,5.13,6.7,5.6
458626,35,Sitting,193532298000,5.18,6.78,5.67
458627,35,Sitting,193532298000,5.18,6.78,5.67
458628,35,Sitting,193632304000,5.13,6.74,5.63
458629,35,Sitting,193682262000,5.13,6.7,5.67
458630,35,Sitting,193732280000,5.18,6.74,5.67
458631,35,Sitting,193782268000,5.09,6.74,5.67
458632,35,Sitting,193832286000,5.18,6.74,5.67
458633,35,Sitting,193882274000,5.13,6.74,5.67
458634,35,Sitting,193932262000,5.18,6.74,5.67
458635,35,Sitting,193982310000,5.13,6.78,5.67
458636,35,Sitting,193982310000,5.13,6.78,5.67
458637,35,Sitting,194082286000,5.13,6.74,5.63
458638,35,Sitting,194132274000,5.13,6.7,5.63
458639,35,Sitting,194182262000,5.13,6.74,5.71
458640,35,Sitting,194232280000,5.13,6.74,5.67
458641,35,Sitting,194282268000,5.13,6.74,5.63
458642,35,Sitting,194332286000,5.13,6.74,5.67
458643,35,Sitting,194382304000,5.13,6.74,5.63
458644,35,Sitting,194432292000,5.13,6.78,5.67
458645,35,Sitting,194482280000,5.13,6.74,5.67
458646,35,Sitting,194532298000,5.09,6.7,5.67
458647,35,Sitting,194582316000,5.13,6.74,5.63
458648,35,Sitting,194632274000,5.13,6.74,5.67
458649,35,Sitting,194682292000,5.13,6.7,5.63
458650,35,Sitting,194732310000,5.18,6.74,5.67
458651,35,Sitting,194782268000,5.09,6.74,5.71
458652,35,Sitting,194832316000,5.18,6.74,5.67
458653,35,Sitting,194882304000,5.13,6.74,5.71
458654,35,Sitting,194932262000,5.18,6.74,5.67
458655,35,Sitting,194982280000,5.13,6.7,5.63
458656,35,Sitting,195032359000,5.13,6.7,5.63
458657,35,Sitting,195082286000,5.18,6.78,5.67
458659,35,Sitting,195132213000,5.13,6.74,5.71
458658,35,Sitting,195132213000,5.13,6.74,5.71
458660,35,Sitting,195232280000,5.13,6.7,5.67
458661,35,Sitting,195282268000,5.13,6.7,5.75
458662,35,Sitting,195332316000,5.09,6.74,5.71
458663,35,Sitting,195382274000,5.13,6.74,5.71
458664,35,Sitting,195432292000,5.13,6.7,5.75
458665,35,Sitting,195482280000,5.13,6.7,5.71
458666,35,Sitting,195532268000,5.13,6.7,5.67
458667,35,Sitting,195582286000,5.13,6.7,5.75
458668,35,Sitting,195632304000,5.13,6.74,5.67
458669,35,Sitting,195682292000,5.05,6.66,5.75
458670,35,Sitting,195732280000,5.18,6.66,5.63
458671,35,Sitting,195782298000,5.05,6.66,5.71
458672,35,Sitting,195832316000,5.22,6.78,5.79
458673,35,Sitting,195882304000,5.09,6.63,5.71
458674,35,Sitting,195932262000,5.18,6.74,5.71
458675,35,Sitting,195982280000,5.13,6.66,5.71
458676,35,Sitting,196032268000,5.09,6.66,5.71
458677,35,Sitting,196082286000,5.09,6.74,5.71
458678,35,Sitting,196132304000,5.13,6.7,5.79
458679,35,Sitting,196182292000,5.09,6.66,5.75
458680,35,Sitting,196232249000,5.09,6.66,5.71
458681,35,Sitting,196282268000,5.09,6.7,5.63
458683,35,Sitting,196332316000,5.09,6.74,5.71
458682,35,Sitting,196332316000,5.09,6.74,5.71
458684,35,Sitting,196432262000,5.18,6.74,5.75
458685,35,Sitting,196482310000,5.09,6.78,5.71
458686,35,Sitting,196532268000,5.09,6.74,5.71
458687,35,Sitting,196532268000,5.09,6.74,5.71
458688,35,Sitting,196632274000,5.13,6.74,5.71
458689,35,Sitting,196682262000,5.13,6.74,5.63
458690,35,Sitting,196732280000,5.09,6.74,5.71
458691,35,Sitting,196782298000,5.09,6.74,5.63
458692,35,Sitting,196832316000,5.05,6.78,5.6
458693,35,Sitting,196882274000,5.09,6.78,5.67
458694,35,Sitting,196932262000,5.05,6.74,5.67
458695,35,Sitting,196982310000,5.18,6.78,5.67
458696,35,Sitting,197032298000,5.09,6.74,5.56
458697,35,Sitting,197082316000,5.18,6.66,5.71
458698,35,Sitting,197132304000,5.05,6.78,5.6
458699,35,Sitting,197182292000,5.13,6.82,5.63
458700,35,Sitting,197232310000,5.18,6.74,5.6
458701,35,Sitting,197282268000,5.22,6.78,5.6
458702,35,Sitting,197332316000,5.18,6.78,5.63
458703,35,Sitting,197382274000,5.18,6.82,5.56
458704,35,Sitting,197432292000,5.24,6.85,5.6
458705,35,Sitting,197482310000,5.18,6.74,5.63
458706,35,Sitting,197532268000,5.18,6.82,5.6
458707,35,Sitting,197582316000,5.28,6.82,5.56
458708,35,Sitting,197632274000,5.22,6.78,5.56
458709,35,Sitting,197682262000,5.22,6.85,5.52
458710,35,Sitting,197732280000,5.13,6.74,5.52
458711,35,Sitting,197782298000,5.18,6.78,5.6
458712,35,Sitting,197832316000,5.13,6.82,5.63
458713,35,Sitting,197882304000,5.18,6.74,5.56
458714,35,Sitting,197932262000,5.13,6.74,5.6
458715,35,Sitting,197982310000,5.13,6.82,5.52
458716,35,Sitting,198032298000,5.18,6.78,5.6
458717,35,Sitting,198082316000,5.09,6.74,5.6
458718,35,Sitting,198132548000,5.13,6.74,5.63
458719,35,Sitting,198182262000,5.09,6.78,5.63
458720,35,Sitting,198232310000,5.18,6.74,5.6
458721,35,Sitting,198282268000,5.13,6.74,5.63
458722,35,Sitting,198332316000,5.22,6.78,5.67
458723,35,Sitting,198382274000,5.13,6.78,5.63
458724,35,Sitting,198432262000,5.13,6.78,5.6
458725,35,Sitting,198482310000,5.18,6.74,5.63
458726,35,Sitting,198532268000,5.13,6.78,5.63
458727,35,Sitting,198582286000,5.18,6.78,5.56
458728,35,Sitting,198632274000,5.18,6.74,5.63
458729,35,Sitting,198682292000,5.22,6.78,5.56
458730,35,Sitting,198732280000,5.24,6.82,5.56
458731,35,Sitting,198782298000,5.22,6.74,5.52
458732,35,Sitting,198832316000,5.24,6.78,5.56
458733,35,Sitting,198882274000,5.24,6.82,5.52
458734,35,Sitting,198932262000,5.18,6.78,5.52
458735,35,Sitting,198982310000,5.13,6.78,5.56
458736,35,Sitting,199032268000,5.22,6.7,5.56
458737,35,Sitting,199082347000,5.18,6.74,5.52
458738,35,Sitting,199132274000,5.22,6.82,5.52
458739,35,Sitting,199182292000,5.09,6.7,5.56
458740,35,Sitting,199232310000,5.24,6.74,5.6
458741,35,Sitting,199282298000,5.18,6.78,5.56
458742,35,Sitting,199332316000,5.18,6.82,5.63
458743,35,Sitting,199382274000,5.28,6.74,5.63
458744,35,Sitting,199432292000,5.18,6.7,5.63
458745,35,Sitting,199482310000,5.24,6.66,5.63
458746,35,Sitting,199532329000,5.18,6.74,5.56
458747,35,Sitting,199582316000,5.01,6.74,5.67
