,user,label,timestamp,x,y,z
253898,36,Sitting,14857802839000,-4.75,-2.26,7.8861814
253899,36,Sitting,14857852826000,-4.52,-2.07,8.158588
253900,36,Sitting,14857902814000,-4.52,-2.14,8.008764
253901,36,Sitting,14857952832000,-4.75,-2.11,8.076866
253902,36,Sitting,14858002881000,-4.67,-2.14,7.9679036
253903,36,Sitting,14858052808000,-4.71,-2.11,8.049625
253904,36,Sitting,14858102826000,-4.52,-2.11,8.008764
253905,36,Sitting,14858152814000,-4.63,-2.34,7.9679036
253906,36,Sitting,14858202863000,-4.71,-2.18,8.049625
253907,36,Sitting,14858252820000,-4.75,-2.18,8.076866
253908,36,Sitting,14858302808000,-4.56,-2.11,8.076866
253909,36,Sitting,14858352826000,-4.52,-2.07,8.158588
253910,36,Sitting,14858402814000,-4.56,-2.07,8.19945
253911,36,Sitting,14858452802000,-4.59,-2.07,8.117727
253912,36,Sitting,14858502851000,-4.48,-2.22,8.117727
253913,36,Sitting,14858552808000,-4.33,-2.26,8.158588
253914,36,Sitting,14858602887000,-4.48,-2.3,8.19945
253915,36,Sitting,14858652784000,-4.44,-2.18,8.158588
253916,36,Sitting,14858702863000,-4.37,-2.14,8.158588
253917,36,Sitting,14858752820000,-4.25,-2.22,8.19945
253918,36,Sitting,14858802839000,-4.18,-2.18,8.240311
253919,36,Sitting,14858852826000,-4.29,-2.14,8.19945
253920,36,Sitting,14858902814000,-4.37,-2.14,8.240311
253921,36,Sitting,14858952832000,-4.37,-2.18,8.19945
253922,36,Sitting,14859002851000,-4.4,-2.22,8.158588
253923,36,Sitting,14859052777000,-4.44,-2.22,8.158588
253924,36,Sitting,14859102826000,-4.44,-2.22,8.240311
253925,36,Sitting,14859152997000,-4.48,-2.14,8.240311
253926,36,Sitting,14859202588000,-4.44,-2.18,8.281172
253927,36,Sitting,14859252393000,-4.4,-2.11,8.240311
253928,36,Sitting,14859303632000,-4.44,-2.22,8.240311
253929,36,Sitting,14859372205000,-4.4,-2.22,8.240311
253930,36,Sitting,14859432233000,-4.4,-2.18,8.240311
253931,36,Sitting,14859482251000,-4.4,-2.22,8.281172
253932,36,Sitting,14859532300000,-4.44,-2.18,8.240311
253933,36,Sitting,14859582257000,-4.4,-2.18,8.240311
253934,36,Sitting,14859632276000,-4.44,-2.22,8.240311
253935,36,Sitting,14859682233000,-4.48,-2.22,8.281172
253936,36,Sitting,14859732282000,-4.4,-2.3,8.281172
253937,36,Sitting,14859782209000,-4.44,-2.3,8.158588
253938,36,Sitting,14859832318000,-4.4,-2.22,8.308413
253939,36,Sitting,14859882215000,-4.44,-2.22,8.19945
253940,36,Sitting,14859932264000,-4.37,-2.22,8.19945
253941,36,Sitting,14859982282000,-4.44,-2.22,8.281172
253942,36,Sitting,14860032270000,-4.44,-2.18,8.240311
253943,36,Sitting,14860082257000,-4.44,-2.22,8.240311
253944,36,Sitting,14860132276000,-4.44,-2.18,8.19945
253945,36,Sitting,14860182203000,-4.48,-2.22,8.19945
253946,36,Sitting,14860232312000,-4.44,-2.18,8.281172
253947,36,Sitting,14860282239000,-4.4,-2.14,8.281172
253948,36,Sitting,14860332288000,-4.4,-2.18,8.281172
253949,36,Sitting,14860382245000,-4.4,-2.22,8.281172
253950,36,Sitting,14860432264000,-4.37,-2.22,8.281172
253951,36,Sitting,14860482251000,-4.4,-2.18,8.281172
253952,36,Sitting,14860532270000,-4.44,-2.18,8.240311
253953,36,Sitting,14860582288000,-4.44,-2.22,8.281172
253954,36,Sitting,14860582288000,-4.44,-2.22,8.281172
253955,36,Sitting,14860682294000,-4.48,-2.22,8.281172
253956,36,Sitting,14860742200000,-4.4,-2.18,8.281172
253957,36,Sitting,14860742200000,-4.4,-2.18,8.281172
253958,36,Sitting,14860842298000,-4.44,-2.14,8.308413
253959,36,Sitting,14860892255000,-4.48,-2.18,8.240311
253960,36,Sitting,14860942273000,-4.44,-2.18,8.281172
253961,36,Sitting,14860992170000,-4.44,-2.22,8.281172
253962,36,Sitting,14861042249000,-4.4,-2.22,8.281172
253963,36,Sitting,14861092206000,-4.37,-2.22,8.240311
253964,36,Sitting,14861142347000,-4.33,-2.22,8.240311
253965,36,Sitting,14861192243000,-4.33,-2.18,8.19945
253968,36,Sitting,14861242231000,-4.37,-2.18,8.19945
253966,36,Sitting,14861242231000,-4.37,-2.18,8.19945
253967,36,Sitting,14861242231000,-4.37,-2.18,8.19945
253969,36,Sitting,14861392225000,-4.37,-2.22,8.19945
253970,36,Sitting,14861442273000,-4.37,-2.18,8.19945
253971,36,Sitting,14861442273000,-4.37,-2.18,8.19945
253973,36,Sitting,14861503553000,-4.33,-2.18,8.19945
253972,36,Sitting,14861503553000,-4.33,-2.18,8.19945
253974,36,Sitting,14861602735000,-4.37,-2.14,8.19945
253975,36,Sitting,14861652784000,-4.37,-2.22,8.158588
253976,36,Sitting,14861702802000,-4.29,-2.14,8.281172
253977,36,Sitting,14861752851000,-4.33,-2.22,8.19945
253978,36,Sitting,14861802808000,-4.37,-2.18,8.281172
253979,36,Sitting,14861852826000,-4.37,-2.22,8.240311
253980,36,Sitting,14861902784000,-4.33,-2.22,8.308413
253981,36,Sitting,14861953382000,-4.33,-2.22,8.19945
253982,36,Sitting,14862002790000,-4.37,-2.22,8.240311
253983,36,Sitting,14862052808000,-4.4,-2.22,8.19945
253984,36,Sitting,14862102765000,-4.4,-2.26,8.19945
253985,36,Sitting,14862152784000,-4.37,-2.26,8.240311
253986,36,Sitting,14862202802000,-4.33,-2.18,8.240311
253987,36,Sitting,14862252851000,-4.29,-2.18,8.240311
253988,36,Sitting,14862302930000,-4.33,-2.18,8.240311
253989,36,Sitting,14862352796000,-4.29,-2.18,8.19945
253990,36,Sitting,14862462262000,-4.37,-2.18,8.158588
253991,36,Sitting,14862462262000,-4.37,-2.18,8.158588
253992,36,Sitting,14862512342000,-4.37,-2.18,8.240311
253993,36,Sitting,14862562238000,-4.37,-2.18,8.158588
253994,36,Sitting,14862612287000,-4.33,-2.22,8.240311
253995,36,Sitting,14862662275000,-4.37,-2.22,8.240311
253996,36,Sitting,14862722242000,-4.37,-2.18,8.308413
253997,36,Sitting,14862772229000,-4.4,-2.26,8.158588
253998,36,Sitting,14862822339000,-4.44,-2.22,8.19945
253999,36,Sitting,14862872205000,-4.37,-2.22,8.19945
254000,36,Sitting,14862922284000,-4.33,-2.3,8.19945
254001,36,Sitting,14862972242000,-4.44,-2.22,8.240311
254002,36,Sitting,14863022260000,-4.4,-2.22,8.281172
254003,36,Sitting,14863072217000,-4.4,-2.26,8.240311
254004,36,Sitting,14863122266000,-4.44,-2.26,8.281172
254005,36,Sitting,14863172223000,-4.44,-2.26,8.19945
254006,36,Sitting,14863222303000,-4.4,-2.22,8.281172
254007,36,Sitting,14863272229000,-4.44,-2.26,8.240311
254008,36,Sitting,14863322309000,-4.48,-2.3,8.281172
254009,36,Sitting,14863372205000,-4.48,-2.22,8.240311
254010,36,Sitting,14863422284000,-4.48,-2.26,8.240311
254011,36,Sitting,14863472242000,-4.44,-2.26,8.19945
254012,36,Sitting,14863522260000,-4.44,-2.26,8.308413
254013,36,Sitting,14863572797000,-4.44,-2.34,8.19945
254014,36,Sitting,14863622235000,-4.4,-2.3,8.308413
254015,36,Sitting,14863672315000,-4.44,-2.22,8.240311
254016,36,Sitting,14863722211000,-4.52,-2.3,8.240311
254017,36,Sitting,14863772290000,-4.44,-2.26,8.240311
254018,36,Sitting,14863822217000,-4.44,-2.3,8.240311
254019,36,Sitting,14863872266000,-4.44,-2.26,8.240311
254020,36,Sitting,14863922223000,-4.48,-2.26,8.19945
254021,36,Sitting,14863972272000,-4.48,-2.26,8.240311
254022,36,Sitting,14864022229000,-4.44,-2.3,8.19945
254023,36,Sitting,14864072309000,-4.4,-2.26,8.240311
254024,36,Sitting,14864122205000,-4.4,-2.34,8.19945
254025,36,Sitting,14864172315000,-4.44,-2.26,8.240311
254026,36,Sitting,14864222211000,-4.56,-2.26,8.281172
254027,36,Sitting,14864272260000,-4.48,-2.34,8.240311
254028,36,Sitting,14864322217000,-4.44,-2.3,8.240311
254029,36,Sitting,14864372266000,-4.44,-2.22,8.240311
254030,36,Sitting,14864422254000,-4.44,-2.22,8.19945
254031,36,Sitting,14864472272000,-4.44,-2.26,8.240311
254032,36,Sitting,14864522199000,-4.48,-2.22,8.281172
254033,36,Sitting,14864572278000,-4.48,-2.26,8.240311
254034,36,Sitting,14864622235000,-4.48,-2.3,8.240311
254035,36,Sitting,14864672315000,-4.44,-2.22,8.240311
254036,36,Sitting,14864722211000,-4.4,-2.26,8.240311
254037,36,Sitting,14864772260000,-4.48,-2.26,8.281172
254038,36,Sitting,14864822217000,-4.48,-2.26,8.240311
254039,36,Sitting,14864872297000,-4.44,-2.22,8.19945
254040,36,Sitting,14864922223000,-4.4,-2.26,8.240311
254041,36,Sitting,14864972303000,-4.4,-2.22,8.158588
254042,36,Sitting,14865022199000,-4.4,-2.22,8.240311
254043,36,Sitting,14865072278000,-4.44,-2.22,8.19945
254044,36,Sitting,14865122235000,-4.48,-2.26,8.240311
254045,36,Sitting,14865172284000,-4.48,-2.3,8.158588
254046,36,Sitting,14865222211000,-4.48,-2.22,8.240311
254047,36,Sitting,14865272229000,-4.4,-2.26,8.240311
254048,36,Sitting,14865322187000,-4.4,-2.22,8.240311
254049,36,Sitting,14865372266000,-4.44,-2.22,8.19945
254050,36,Sitting,14865422254000,-4.4,-2.26,8.240311
254051,36,Sitting,14865472303000,-4.44,-2.22,8.19945
254052,36,Sitting,14865522168000,-4.44,-2.26,8.19945
254053,36,Sitting,14865572278000,-4.52,-2.22,8.19945
254054,36,Sitting,14865622205000,-4.48,-2.26,8.240311
254055,36,Sitting,14865672284000,-4.44,-2.26,8.19945
254056,36,Sitting,14865722181000,-4.44,-2.22,8.19945
254057,36,Sitting,14865772260000,-4.44,-2.26,8.240311
254058,36,Sitting,14865822217000,-4.44,-2.22,8.240311
254059,36,Sitting,14865872266000,-4.44,-2.22,8.19945
254060,36,Sitting,14865922193000,-4.4,-2.22,8.19945
254061,36,Sitting,14865972303000,-4.44,-2.26,8.19945
254062,36,Sitting,14866022199000,-4.44,-2.3,8.19945
254063,36,Sitting,14866072309000,-4.48,-2.26,8.240311
254064,36,Sitting,14866122205000,-4.48,-2.22,8.19945
254065,36,Sitting,14866172315000,-4.44,-2.26,8.281172
254066,36,Sitting,14866172315000,-4.44,-2.26,8.281172
254067,36,Sitting,14866272199000,-4.44,-2.26,8.19945
254068,36,Sitting,14866322217000,-4.48,-2.22,8.281172
254069,36,Sitting,14866372327000,-4.4,-2.26,8.158588
254070,36,Sitting,14866422223000,-4.4,-2.22,8.240311
254071,36,Sitting,14866472272000,-4.4,-2.3,8.240311
254072,36,Sitting,14866522199000,-4.4,-2.26,8.281172
254073,36,Sitting,14866572309000,-4.44,-2.22,8.19945
254074,36,Sitting,14866622205000,-4.48,-2.26,8.19945
254075,36,Sitting,14866672284000,-4.4,-2.26,8.240311
254076,36,Sitting,14866722242000,-4.37,-2.22,8.19945
254077,36,Sitting,14866772260000,-4.37,-2.26,8.240311
254078,36,Sitting,14866822217000,-4.4,-2.26,8.19945
254079,36,Sitting,14866872297000,-4.44,-2.3,8.240311
254080,36,Sitting,14866922223000,-4.44,-2.26,8.19945
254081,36,Sitting,14866972272000,-4.37,-2.26,8.281172
254082,36,Sitting,14867022229000,-4.37,-2.3,8.19945
254083,36,Sitting,14867072309000,-4.44,-2.22,8.240311
254084,36,Sitting,14867122235000,-4.4,-2.26,8.19945
254085,36,Sitting,14867172284000,-4.4,-2.3,8.158588
254086,36,Sitting,14867222211000,-4.4,-2.26,8.240311
254087,36,Sitting,14867272229000,-4.44,-2.26,8.240311
254088,36,Sitting,14867322217000,-4.4,-2.3,8.240311
254089,36,Sitting,14867372266000,-4.44,-2.3,8.240311
254090,36,Sitting,14867422223000,-4.48,-2.26,8.240311
254091,36,Sitting,14867472272000,-4.37,-2.34,8.240311
254092,36,Sitting,14867522382000,-4.29,-2.3,8.240311
254093,36,Sitting,14867572309000,-4.37,-2.26,8.281172
254094,36,Sitting,14867622235000,-4.4,-2.34,8.19945
254095,36,Sitting,14867672345000,-4.4,-2.26,8.308413
254096,36,Sitting,14867732251000,-4.48,-2.3,8.19945
254097,36,Sitting,14867782209000,-4.48,-2.26,8.240311
