,user,label,timestamp,x,y,z
399123,5,Standing,3157202221000,-1.61,9.66,1.0760075
399124,5,Standing,3157252270000,-1.5,9.66,1.1168685
399125,5,Standing,3157302257000,-1.53,9.7,1.1168685
399126,5,Standing,3157352276000,-1.65,9.81,1.0351465
399127,5,Standing,3157402203000,-1.65,9.85,0.88532263
399128,5,Standing,3157452282000,-1.8,9.72,0.8036005
399129,5,Standing,3157502209000,-1.76,9.66,0.8036005
399130,5,Standing,3157552288000,-1.65,9.62,0.84446156
399131,5,Standing,3157602245000,-1.53,9.72,0.9942854
399132,5,Standing,3157652264000,-1.65,9.81,0.9942854
399133,5,Standing,3157652264000,-1.65,9.81,0.9942854
399134,5,Standing,3157752300000,-1.73,9.77,0.8036005
399135,5,Standing,3157802227000,-1.69,9.7,0.84446156
399136,5,Standing,3157852306000,-1.61,9.72,0.95342433
399137,5,Standing,3157902294000,-1.53,9.72,0.95342433
399138,5,Standing,3157952251000,-1.53,9.72,0.9942854
399139,5,Standing,3158002239000,-1.61,9.85,0.95342433
399140,5,Standing,3158052319000,-1.65,9.81,0.88532263
399141,5,Standing,3158112225000,-1.65,9.7,0.88532263
399142,5,Standing,3158162212000,-1.57,9.72,0.7627395
399143,5,Standing,3158212292000,-1.46,9.66,0.84446156
399144,5,Standing,3158262218000,-1.65,9.81,0.88532263
399145,5,Standing,3158312267000,-1.57,9.77,0.88532263
399146,5,Standing,3158362225000,-1.57,9.89,0.92618364
399147,5,Standing,3158412273000,-1.53,9.72,0.88532263
399148,5,Standing,3158462231000,-1.57,9.66,1.0760075
399149,5,Standing,3158512249000,-1.42,9.72,1.1441092
399150,5,Standing,3158562206000,-1.46,9.81,1.1168685
399151,5,Standing,3158612255000,-1.5,9.7,1.1441092
399152,5,Standing,3158662212000,-1.23,9.51,0.9942854
399153,5,Standing,3158712261000,-1.42,9.81,0.84446156
399154,5,Standing,3158762218000,-1.38,9.66,0.92618364
399155,5,Standing,3158812267000,-1.8,9.72,0.7627395
399156,5,Standing,3158812267000,-1.8,9.72,0.7627395
399157,5,Standing,3158882336000,-2.07,9.72,0.6537767
399158,5,Standing,3158932262000,-1.65,9.58,0.84446156
399161,5,Standing,3158998791000,-1.61,9.7,0.92618364
399160,5,Standing,3158998791000,-1.61,9.7,0.92618364
399159,5,Standing,3158998791000,-1.61,9.7,0.92618364
399162,5,Standing,3159152477000,-1.46,9.47,0.95342433
399163,5,Standing,3159202282000,-1.46,9.62,0.84446156
399164,5,Standing,3159252209000,-1.69,9.72,0.7627395
399165,5,Standing,3159302288000,-1.73,9.92,0.92618364
399166,5,Standing,3159352215000,-1.57,10.0,0.9942854
399167,5,Standing,3159402264000,-1.65,9.81,0.9942854
399168,5,Standing,3159452251000,-1.31,9.58,0.88532263
399169,5,Standing,3159502270000,-1.53,9.7,0.95342433
399170,5,Standing,3159552227000,-1.61,9.72,0.88532263
399171,5,Standing,3159602276000,-1.57,9.72,1.0351465
399172,5,Standing,3159652203000,-1.5,9.72,1.1441092
399173,5,Standing,3159702282000,-1.46,9.81,1.1849703
399174,5,Standing,3159752239000,-1.5,9.72,1.3075534
399175,5,Standing,3159802319000,-1.57,9.66,1.1441092
399176,5,Standing,3159852245000,-1.53,9.62,1.1441092
399177,5,Standing,3159902233000,-1.69,9.72,1.1441092
399178,5,Standing,3159952373000,-1.46,9.66,1.1849703
399179,5,Standing,3160002270000,-1.57,9.72,1.0351465
399180,5,Standing,3160052257000,-1.65,9.81,1.1168685
399181,5,Standing,3160102306000,-1.5,9.77,1.1168685
399182,5,Standing,3160152233000,-1.38,9.7,1.0760075
399183,5,Standing,3160202251000,-1.53,9.7,1.0760075
399184,5,Standing,3160252270000,-1.5,9.72,0.88532263
399185,5,Standing,3160302288000,-1.53,9.72,0.95342433
399186,5,Standing,3160302288000,-1.53,9.72,0.95342433
399187,5,Standing,3160402233000,-1.53,9.72,0.92618364
399188,5,Standing,3160452251000,-1.46,9.77,0.95342433
399189,5,Standing,3160502270000,-1.5,9.85,1.0351465
399190,5,Standing,3160552257000,-1.53,9.72,0.92618364
399191,5,Standing,3160602245000,-1.53,9.72,0.8036005
399192,5,Standing,3160652203000,-1.53,9.77,0.84446156
399193,5,Standing,3160702251000,-1.57,9.77,0.84446156
399194,5,Standing,3160752209000,-1.65,9.81,0.8036005
399195,5,Standing,3160802288000,-1.53,9.7,0.84446156
399196,5,Standing,3160852215000,-1.57,9.77,0.92618364
399197,5,Standing,3160902233000,-1.38,9.72,0.95342433
399198,5,Standing,3160952251000,-1.53,9.89,0.95342433
399199,5,Standing,3161002239000,-1.57,9.89,0.95342433
399200,5,Standing,3161052257000,-1.61,9.66,0.7218784
399201,5,Standing,3161102276000,-1.65,9.62,0.7627395
399202,5,Standing,3161152264000,-1.57,9.58,0.6946376999999999
399203,5,Standing,3161202343000,-1.8,9.77,0.88532263
399204,5,Standing,3161252239000,-1.69,9.89,1.0351465
399205,5,Standing,3161302288000,-1.23,9.66,1.1441092
399206,5,Standing,3161352245000,-1.38,9.72,1.0760075
399207,5,Standing,3161402264000,-1.69,9.77,0.9942854
399208,5,Standing,3161452343000,-1.88,9.81,0.6537767
399209,5,Standing,3161502300000,-1.69,9.89,0.88532263
399210,5,Standing,3161552227000,-1.57,9.66,0.84446156
399211,5,Standing,3161602276000,-1.31,9.47,0.95342433
399212,5,Standing,3161652233000,-1.61,10.0,0.9942854
399213,5,Standing,3161702282000,-1.84,10.08,0.9942854
399214,5,Standing,3161752209000,-1.73,9.77,0.9942854
399215,5,Standing,3161802288000,-1.31,9.38,1.1168685
399216,5,Standing,3161852215000,-1.14,9.53,1.3075534
399217,5,Standing,3161902233000,-2.26,9.77,0.8036005
399218,5,Standing,3161952282000,-2.3,10.04,0.6946376999999999
399219,5,Standing,3162002270000,-1.65,9.81,0.88532263
399220,5,Standing,3162052227000,-1.18,10.23,0.92618364
399221,5,Standing,3162102306000,-0.57,8.96,1.0351465
399222,5,Standing,3162152203000,-0.65,9.53,1.4165162
399223,5,Standing,3162202282000,-1.5,9.96,1.4982381999999999
399224,5,Standing,3162252209000,-2.22,9.81,1.1849703
399225,5,Standing,3162302319000,-1.92,9.81,0.95342433
399226,5,Standing,3162352398000,-1.88,9.85,0.6946376999999999
399227,5,Standing,3162402264000,-1.65,9.72,0.6537767
399228,5,Standing,3162452282000,-1.8,9.66,0.46309182
399229,5,Standing,3162502270000,-1.76,9.53,0.5720546
399230,5,Standing,3162552257000,-0.95,9.38,1.3075534
399231,5,Standing,3162602276000,-0.91,10.0,1.6480621
399232,5,Standing,3162652233000,-1.46,10.15,1.7297841
399233,5,Standing,3162702282000,-1.46,9.7,1.334794
399234,5,Standing,3162752239000,-1.61,9.7,0.7627395
399235,5,Standing,3162802288000,-1.88,9.58,0.313268
399236,5,Standing,3162852215000,-1.92,9.77,0.53119355
399237,5,Standing,3162902386000,-1.84,10.04,0.8036005
399238,5,Standing,3162952282000,-1.46,9.96,1.2258313
399239,5,Standing,3163002270000,-0.84,9.81,0.9942854
399240,5,Standing,3163052257000,-1.08,9.66,0.6537767
399241,5,Standing,3163102276000,-1.88,9.72,0.5720546
399242,5,Standing,3163152203000,-2.22,9.81,0.313268
399243,5,Standing,3163202282000,-2.49,9.72,0.38136974
399244,5,Standing,3163252209000,-2.14,9.89,0.53119355
399245,5,Standing,3163302288000,-1.53,9.89,0.6537767
399246,5,Standing,3163352215000,-1.33,9.81,0.84446156
399247,5,Standing,3163402294000,-1.23,9.62,0.9942854
399248,5,Standing,3163452526000,-1.38,9.72,1.1441092
399249,5,Standing,3163502270000,-1.53,9.58,1.1168685
399250,5,Standing,3163552227000,-1.73,9.89,0.9942854
399251,5,Standing,3163602276000,-1.84,9.85,0.8036005
399252,5,Standing,3163652233000,-1.69,9.66,0.84446156
399253,5,Standing,3163702282000,-1.73,9.7,0.84446156
399254,5,Standing,3163752209000,-1.53,9.77,0.88532263
399255,5,Standing,3163802288000,-1.53,9.7,0.92618364
399256,5,Standing,3163852245000,-1.61,9.85,0.88532263
399258,5,Standing,3163902233000,-1.57,9.89,0.88532263
399257,5,Standing,3163902233000,-1.57,9.89,0.88532263
399259,5,Standing,3163972271000,-1.38,9.62,0.92618364
399260,5,Standing,3164022594000,-1.23,9.66,1.0760075
399261,5,Standing,3164073132000,-1.42,9.77,1.1168685
399262,5,Standing,3164130382000,-1.53,9.72,1.0760075
399263,5,Standing,3164182354000,-1.57,9.77,0.9942854
399264,5,Standing,3164232281000,-1.69,9.81,0.95342433
399265,5,Standing,3164282299000,-1.46,9.62,1.0760075
399266,5,Standing,3164332317000,-1.38,9.66,1.2258313
399267,5,Standing,3164382305000,-1.53,9.85,1.1849703
399268,5,Standing,3164432262000,-1.57,9.7,0.9942854
399269,5,Standing,3164482311000,-1.65,9.62,1.0351465
399270,5,Standing,3164532268000,-1.5,9.7,1.0351465
399271,5,Standing,3164582348000,-1.57,9.81,1.0760075
399272,5,Standing,3164632244000,-1.65,9.81,1.0760075
399273,5,Standing,3164682293000,-1.5,9.66,1.0760075
399274,5,Standing,3164732281000,-1.46,9.7,0.95342433
399275,5,Standing,3164782238000,-1.5,9.7,0.9942854
399276,5,Standing,3164832256000,-1.5,9.7,1.0351465
399277,5,Standing,3164882275000,-1.69,9.89,0.95342433
399278,5,Standing,3164932262000,-1.53,9.81,1.0351465
399279,5,Standing,3164982311000,-1.5,9.66,1.0760075
399280,5,Standing,3165032238000,-1.53,9.62,0.9942854
399281,5,Standing,3165082256000,-1.53,9.7,0.9942854
399282,5,Standing,3165132244000,-1.57,9.77,0.9942854
399283,5,Standing,3165182232000,-1.5,9.77,1.0351465
399284,5,Standing,3165232220000,-1.5,9.77,0.9942854
399285,5,Standing,3165282299000,-1.5,9.72,0.88532263
399286,5,Standing,3165382122000,-1.73,9.81,0.88532263
399287,5,Standing,3165382122000,-1.73,9.81,0.88532263
399288,5,Standing,3165432384000,-1.65,9.72,0.88532263
399289,5,Standing,3165482250000,-1.65,9.66,0.84446156
399290,5,Standing,3165532238000,-1.65,9.7,0.84446156
399291,5,Standing,3165582287000,-1.61,9.81,0.88532263
399292,5,Standing,3165642223000,-1.69,9.81,0.8036005
399293,5,Standing,3165692272000,-1.5,9.66,0.61291564
399294,5,Standing,3165742321000,-1.27,9.47,0.8036005
399295,5,Standing,3165792248000,-1.04,9.53,1.2258313
399296,5,Standing,3165842297000,-1.33,9.92,1.4573771999999998
399297,5,Standing,3165892223000,-2.3,10.08,1.3075534
399298,5,Standing,3165942272000,-2.49,9.7,0.7627395
399299,5,Standing,3165992199000,-2.18,9.7,0.6537767
399300,5,Standing,3166042278000,-1.8,9.72,0.7627395
399301,5,Standing,3166092236000,-1.65,10.04,0.53119355
399302,5,Standing,3166142284000,-1.53,9.81,0.19068487
399303,5,Standing,3166192242000,-1.88,10.08,0.14982383
399304,5,Standing,3166242290000,-1.84,9.89,0.313268
399305,5,Standing,3166292217000,-1.23,9.28,0.6537767
399306,5,Standing,3166342266000,-0.91,9.04,0.88532263
399307,5,Standing,3166392223000,-0.95,9.34,0.9942854
399308,5,Standing,3166442272000,-2.07,10.5,1.334794
399309,5,Standing,3166492199000,-1.84,10.23,1.2258313
399310,5,Standing,3166542278000,-1.76,9.66,1.1849703
399311,5,Standing,3166592205000,-1.92,9.47,0.92618364
399312,5,Standing,3166642315000,-1.8,9.51,0.7218784
399313,5,Standing,3166692242000,-2.26,9.89,0.50395286
399314,5,Standing,3166742260000,-2.03,9.92,0.53119355
399315,5,Standing,3166792217000,-1.73,9.92,0.7627395
399316,5,Standing,3166842297000,-2.03,9.96,0.5720546
399317,5,Standing,3166892223000,-2.03,9.77,0.6537767
399318,5,Standing,3166942272000,-1.99,9.51,0.6537767
399319,5,Standing,3166992199000,-2.11,9.7,0.7627395
399320,5,Standing,3167042278000,-1.88,9.58,1.0760075
399321,5,Standing,3167092205000,-1.8,9.38,1.0760075
399322,5,Standing,3167142315000,-1.84,9.34,1.1168685
