,user,label,timestamp,x,y,z
509651,6,Standing,58933792278000,-0.19,10.0,-0.42
509652,6,Standing,58933842296000,-0.27,9.96,-0.34
509653,6,Standing,58933892314000,-0.3,10.0,-0.27
509654,6,Standing,58933942333000,-0.19,9.96,-0.38
509655,6,Standing,58933992259000,-0.23,10.0,-0.34
509656,6,Standing,58934042278000,-0.3,9.96,-0.34
509657,6,Standing,58934092266000,-0.3,9.96,-0.3
509658,6,Standing,58934142284000,-0.27,9.96,-0.3
509660,6,Standing,58934192272000,-0.34,10.0,-0.3
509659,6,Standing,58934192272000,-0.34,10.0,-0.3
509661,6,Standing,58934282268000,-0.34,9.96,-0.34
509662,6,Standing,58934332317000,-0.3,9.96,-0.38
509663,6,Standing,58934382305000,-0.42,9.96,-0.42
509664,6,Standing,58934432292000,-0.38,9.92,-0.34
509665,6,Standing,58934482280000,-0.38,9.96,-0.34
509666,6,Standing,58934532268000,-0.38,9.96,-0.38
509667,6,Standing,58934582286000,-0.38,9.96,-0.42
509668,6,Standing,58934632305000,-0.5,9.96,-0.46
509669,6,Standing,58934682292000,-0.46,9.96,-0.34
509670,6,Standing,58934732311000,-0.3,10.0,-0.34
509671,6,Standing,58934782299000,-0.27,10.0,-0.3
509672,6,Standing,58934832347000,-0.3,9.96,-0.42
509673,6,Standing,58934882305000,-0.46,9.96,-0.5
509674,6,Standing,58934932353000,-0.53,9.96,-0.57
509675,6,Standing,58934982311000,-0.42,9.96,-0.42
509676,6,Standing,58935032299000,-0.42,10.0,-0.38
509677,6,Standing,58935082317000,-0.34,10.0,-0.42
509678,6,Standing,58935132305000,-0.38,10.0,-0.5
509679,6,Standing,58935182292000,-0.38,9.96,-0.53
509680,6,Standing,58935242259000,-0.34,9.96,-0.5
509682,6,Standing,58935292247000,-0.34,10.0,-0.42
509681,6,Standing,58935292247000,-0.34,10.0,-0.42
509683,6,Standing,58935362468000,-0.42,10.0,-0.38
509684,6,Standing,58935412242000,-0.5,9.96,-0.61
509685,6,Standing,58935462322000,-0.38,9.96,-0.53
509686,6,Standing,58935512279000,-0.27,10.0,-0.46
509687,6,Standing,58935562297000,-0.3,10.0,-0.42
509688,6,Standing,58935612346000,-0.34,10.04,-0.42
509689,6,Standing,58935662334000,-0.42,9.96,-0.53
509690,6,Standing,58935712291000,-0.3,10.04,-0.53
509691,6,Standing,58935762310000,-0.3,9.96,-0.57
509692,6,Standing,58935812297000,-0.38,9.96,-0.46
509693,6,Standing,58935862316000,-0.3,9.96,-0.5
509694,6,Standing,58935912334000,-0.38,10.0,-0.46
509695,6,Standing,58935962291000,-0.27,10.0,-0.5
509696,6,Standing,58936012310000,-0.34,9.96,-0.5
509697,6,Standing,58936062297000,-0.3,9.96,-0.69
509698,6,Standing,58936112377000,-0.57,9.92,-0.5
509699,6,Standing,58936162334000,-0.53,9.96,-0.42
509700,6,Standing,58936212291000,-0.38,9.96,-0.57
509701,6,Standing,58936262218000,-0.3,9.96,-0.53
509702,6,Standing,58936312297000,-0.27,9.96,-0.53
509703,6,Standing,58936362316000,-0.3,9.96,-0.61
509704,6,Standing,58936412303000,-0.46,9.96,-0.57
509705,6,Standing,58936462322000,-0.5,10.0,-0.5
509706,6,Standing,58936512340000,-0.3,9.96,-0.53
509707,6,Standing,58936562267000,-0.34,9.96,-0.53
509708,6,Standing,58936612316000,-0.3,9.96,-0.53
509709,6,Standing,58936662303000,-0.38,9.96,-0.65
509710,6,Standing,58936712322000,-0.42,9.96,-0.53
509711,6,Standing,58936762310000,-0.46,9.96,-0.5
509712,6,Standing,58936812297000,-0.34,9.96,-0.46
509713,6,Standing,58936862316000,-0.3,9.96,-0.5
509714,6,Standing,58936912334000,-0.38,10.0,-0.57
509715,6,Standing,58936962322000,-0.42,9.96,-0.5
509716,6,Standing,58937012218000,-0.42,9.96,-0.53
509717,6,Standing,58937062297000,-0.38,10.0,-0.53
509718,6,Standing,58937112316000,-0.38,9.96,-0.5
509719,6,Standing,58937112316000,-0.38,9.96,-0.5
509720,6,Standing,58937212261000,-0.38,9.96,-0.57
509721,6,Standing,58937262340000,-0.42,10.0,-0.46
509722,6,Standing,58937312297000,-0.42,9.96,-0.53
509723,6,Standing,58937362285000,-0.42,9.96,-0.5
509724,6,Standing,58937412334000,-0.38,10.0,-0.53
509725,6,Standing,58937462291000,-0.42,9.96,-0.53
509726,6,Standing,58937512340000,-0.46,9.92,-0.57
509727,6,Standing,58937562267000,-0.42,9.92,-0.57
509728,6,Standing,58937612346000,-0.3,10.0,-0.61
509729,6,Standing,58937662303000,-0.42,10.04,-0.61
509730,6,Standing,58937712291000,-0.19,10.04,-0.46
509731,6,Standing,58937762310000,-0.11,10.12,-0.46
509732,6,Standing,58937812358000,-0.27,10.04,-0.23
509733,6,Standing,58937862316000,-0.34,9.92,-0.5
509734,6,Standing,58937912334000,-0.84,9.89,-0.61
509735,6,Standing,58937962322000,-1.04,9.72,-0.5
509736,6,Standing,58938012248000,-0.76,9.89,-0.38
509737,6,Standing,58938062328000,0.15,10.08,-0.61
509738,6,Standing,58938112316000,0.38,10.08,-0.72
509739,6,Standing,58938162334000,0.0,9.96,-0.57
509740,6,Standing,58938212322000,-0.5,9.89,-0.53
509741,6,Standing,58938262310000,-0.95,9.89,-0.38
509742,6,Standing,58938312328000,-0.53,9.96,-0.3
509743,6,Standing,58938362346000,0.31,10.04,-0.5
509744,6,Standing,58938412303000,0.23,10.04,-0.65
509745,6,Standing,58938462841000,-0.08,9.96,-0.61
509746,6,Standing,58938512340000,-0.15,10.0,-0.76
509747,6,Standing,58938562328000,-0.04,10.08,-0.8
509748,6,Standing,58938612346000,-0.15,9.96,-0.84
509749,6,Standing,58938662334000,-0.42,9.96,-0.76
509750,6,Standing,58938712322000,-0.46,9.92,-0.89
509751,6,Standing,58938762340000,-0.5,9.89,-1.12
509752,6,Standing,58938812328000,-0.42,9.85,-1.33
509753,6,Standing,58938862438000,-0.15,9.92,-1.31
509754,6,Standing,58938912303000,0.08,9.92,-1.08
509755,6,Standing,58938962322000,-0.04,10.08,-0.89
509756,6,Standing,58939012248000,-0.65,10.15,-0.69
509757,6,Standing,58939062328000,-0.69,10.12,-0.84
509758,6,Standing,58939112346000,-0.19,10.04,-0.95
509759,6,Standing,58939162334000,-0.08,9.92,-1.46
509760,6,Standing,58939212322000,-0.5,9.96,-1.18
509761,6,Standing,58939262340000,-0.8,9.89,-1.27
509762,6,Standing,58939312328000,-1.5,9.81,-1.08
509763,6,Standing,58939362346000,-1.42,9.85,-1.08
509764,6,Standing,58939412303000,-0.84,9.85,-1.14
509765,6,Standing,58939462322000,-0.38,10.04,-0.95
509766,6,Standing,58939512340000,0.0,9.96,-1.04
509767,6,Standing,58939562328000,0.15,10.04,-1.12
509768,6,Standing,58939612316000,-0.15,10.04,-1.18
509769,6,Standing,58939662364000,-0.65,9.96,-1.18
509770,6,Standing,58939712322000,-0.27,9.89,-1.38
509771,6,Standing,58939762340000,-0.04,9.96,-1.31
509772,6,Standing,58939812328000,-0.69,10.08,-1.18
509773,6,Standing,58939862346000,-1.73,9.85,-0.65
509774,6,Standing,58939912334000,-0.76,9.96,-1.14
509776,6,Standing,58939962291000,0.38,10.38,-1.12
509775,6,Standing,58939962291000,0.38,10.38,-1.12
509777,6,Standing,58940052349000,-0.15,10.31,0.31
509778,6,Standing,58940102519000,0.23,8.92,0.0
509779,6,Standing,58940152263000,1.84,9.08,-0.19
509780,6,Standing,58940202281000,0.11,10.53,0.38
509781,6,Standing,58940254405000,-2.26,11.99,0.65
509782,6,Standing,58940312297000,0.04,10.61,-0.15
509783,6,Standing,58940372814000,-0.38,9.04,1.69
509784,6,Standing,58940422283000,-0.27,9.23,0.84
509785,6,Standing,58940472331000,1.04,9.7,0.19
509786,6,Standing,58940522319000,2.26,10.53,0.93
509787,6,Standing,58940572338000,2.49,8.5,0.84
509788,6,Standing,58940622325000,1.5,9.53,1.73
509789,6,Standing,58940672344000,1.33,9.89,1.8
509790,6,Standing,58940722331000,1.31,9.72,1.54
509791,6,Standing,58940772319000,1.08,9.38,1.31
509792,6,Standing,58940822368000,0.19,9.11,1.84
509793,6,Standing,58940872325000,0.15,9.89,2.83
509794,6,Standing,58940932262000,1.73,10.38,1.04
509795,6,Standing,58940982341000,0.76,8.96,2.03
509796,6,Standing,58941032329000,0.89,10.12,1.95
509797,6,Standing,58941082347000,2.53,9.08,1.73
509798,6,Standing,58941132335000,2.49,9.23,1.42
509799,6,Standing,58941182323000,1.8,9.15,2.07
509800,6,Standing,58941232341000,1.61,9.92,2.53
509801,6,Standing,58941282299000,1.23,9.58,2.72
509802,6,Standing,58941332347000,0.99,9.47,2.76
509803,6,Standing,58941382335000,0.69,9.43,2.68
509804,6,Standing,58941432323000,0.84,9.58,2.49
509805,6,Standing,58941482341000,0.84,9.47,2.37
509806,6,Standing,58941532299000,0.76,9.47,2.37
509807,6,Standing,58941582317000,0.8,9.47,2.37
509808,6,Standing,58941632335000,0.99,9.51,2.45
509809,6,Standing,58941682323000,1.08,9.47,2.53
509810,6,Standing,58941732311000,1.14,9.47,2.41
509811,6,Standing,58941782299000,1.14,9.47,2.37
509812,6,Standing,58941832317000,1.14,9.51,2.41
509813,6,Standing,58941882305000,1.14,9.47,2.41
509814,6,Standing,58941932262000,1.08,9.43,2.53
509815,6,Standing,58941982311000,1.14,9.38,2.53
509816,6,Standing,58942032329000,1.12,9.47,2.53
509817,6,Standing,58942082317000,1.12,9.51,2.45
509818,6,Standing,58942132366000,0.99,9.43,2.45
509819,6,Standing,58942182292000,0.95,9.47,2.45
509820,6,Standing,58942232311000,0.93,9.47,2.49
509821,6,Standing,58942282268000,0.99,9.47,2.53
509822,6,Standing,58942332317000,1.04,9.38,2.53
509823,6,Standing,58942382305000,1.08,9.47,2.53
509824,6,Standing,58942432323000,1.12,9.43,2.41
509825,6,Standing,58942482341000,1.14,9.51,2.49
509826,6,Standing,58942532329000,1.08,9.38,2.53
509827,6,Standing,58942582317000,1.12,9.47,2.53
509828,6,Standing,58942632305000,1.04,9.47,2.53
509829,6,Standing,58942682323000,0.95,9.43,2.49
509830,6,Standing,58942732311000,0.99,9.43,2.49
509831,6,Standing,58942782329000,1.04,9.47,2.56
509832,6,Standing,58942832347000,0.99,9.43,2.53
509833,6,Standing,58942882305000,0.95,9.43,2.53
509834,6,Standing,58942932292000,0.99,9.47,2.49
509835,6,Standing,58942982311000,0.99,9.47,2.53
509836,6,Standing,58943042308000,0.99,9.43,2.53
509837,6,Standing,58943092205000,1.04,9.43,2.53
509838,6,Standing,58943142314000,0.99,9.47,2.53
509839,6,Standing,58943192272000,0.95,9.43,2.49
509840,6,Standing,58943242259000,0.95,9.47,2.49
509841,6,Standing,58943292308000,0.76,9.38,2.45
509842,6,Standing,58943342296000,0.8,9.43,2.56
509843,6,Standing,58943392314000,0.99,9.51,2.6
509844,6,Standing,58943442302000,1.08,9.43,2.53
509845,6,Standing,58943492259000,1.08,9.34,2.45
509846,6,Standing,58943542308000,1.14,9.38,2.41
509847,6,Standing,58943592296000,1.12,9.51,2.45
509848,6,Standing,58943642314000,0.93,9.47,2.53
509849,6,Standing,58943692302000,0.84,9.43,2.49
509850,6,Standing,58943742259000,0.76,9.47,2.49
