,user,label,timestamp,x,y,z
1049128,7,Standing,209193301484000,-8.16,5.63,-0.42
1049129,7,Standing,209193381593000,-7.78,5.79,-0.72
1049130,7,Standing,209193421510000,-7.7,6.05,-0.61
1049131,7,Standing,209193461549000,-7.97,5.75,-0.46
1049132,7,Standing,209193501496000,-8.08,5.43,-0.38
1049133,7,Standing,209193581605000,-7.93,5.9,-0.69
1049134,7,Standing,209193621491000,-7.89,5.56,-0.65
1049135,7,Standing,209193661500000,-7.93,5.52,-0.72
1049136,7,Standing,209193701539000,-7.86,5.75,-0.84
1049137,7,Standing,209193782197000,-7.55,5.98,-0.72
1049138,7,Standing,209193823548000,-7.63,6.05,-0.53
1049139,7,Standing,209193861482000,-7.7,5.83,-0.27
1049140,7,Standing,209193901612000,-8.16,5.9,0.04
1049141,7,Standing,209193981568000,-7.89,5.71,-0.57
1049142,7,Standing,209194021607000,-7.67,6.09,-0.72
1049143,7,Standing,209194061555000,-7.16,5.98,-0.76
1049144,7,Standing,209194101533000,-7.5,6.28,-0.69
1049145,7,Standing,209194181611000,-8.2,5.6,-0.34
1049146,7,Standing,209194221467000,-8.73,5.41,-0.15
1049147,7,Standing,209194261506000,-8.62,5.05,-0.27
1049148,7,Standing,209194301454000,-8.24,5.24,-0.5
1049149,7,Standing,209194381593000,-7.82,5.83,-0.76
1049150,7,Standing,209194421479000,-7.63,5.48,-0.72
1049151,7,Standing,209194461518000,-7.86,5.6,-0.69
1049152,7,Standing,209194501496000,-7.74,5.86,-0.72
1049153,7,Standing,209194581605000,-7.7,6.09,-0.65
1049154,7,Standing,209194621491000,-7.55,6.21,-0.38
1049155,7,Standing,209194661500000,-7.63,6.36,0.27
1049156,7,Standing,209194701509000,-8.01,5.79,0.3
1049157,7,Standing,209194781678000,-8.05,5.98,-0.8
1049158,7,Standing,209194824006000,-8.16,5.75,-0.84
1049159,7,Standing,209194861421000,-8.16,5.56,-0.69
1049160,7,Standing,209194901521000,-8.01,5.48,-0.42
1049161,7,Standing,209194981599000,-7.4,5.94,-0.42
1049162,7,Standing,209195021485000,-7.74,5.79,-0.65
1049163,7,Standing,209195061646000,-8.2,5.33,-0.8
1049164,7,Standing,209195101625000,-8.31,5.37,-0.84
1049165,7,Standing,209195181672000,-8.08,5.56,-0.72
1049166,7,Standing,209195221467000,-8.16,5.71,-0.42
1049167,7,Standing,209195261506000,-8.24,5.9,-0.08
1049168,7,Standing,209195301454000,-8.12,5.63,-0.19
1049169,7,Standing,209195381593000,-7.93,5.75,-0.8
1049170,7,Standing,209195421479000,-7.7,5.83,-0.95
1049171,7,Standing,209195461518000,-7.5,6.09,-0.99
1049172,7,Standing,209195501496000,-7.63,6.32,-0.57
1049173,7,Standing,209195551423000,-8.12,6.02,0.23
1049174,7,Standing,209195631471000,-8.54,5.52,-0.61
1049175,7,Standing,209195671601000,-7.35,5.79,-0.57
1049176,7,Standing,209195711366000,-7.46,6.02,-0.65
1049177,7,Standing,209195763490000,-7.7,5.71,-0.65
1049178,7,Standing,209195802186000,-7.63,5.98,-0.46
1049179,7,Standing,209195881562000,-8.39,5.52,-0.31
1049180,7,Standing,209195921510000,-8.08,5.86,-0.31
1049181,7,Standing,209195961518000,-7.55,5.6,-0.38
1049182,7,Standing,209196001802000,-7.82,5.6,-0.57
1049183,7,Standing,209196081574000,-8.05,5.6,-0.72
1049184,7,Standing,209196121522000,-7.97,5.94,-0.57
1049185,7,Standing,209196161500000,-7.97,5.43,-0.42
1049186,7,Standing,209196201570000,-7.89,5.28,-0.5
1049187,7,Standing,209196241670000,-8.05,5.52,-0.61
1049188,7,Standing,209196323884000,-8.77,5.41,-0.72
1049189,7,Standing,209196361512000,-8.08,5.37,-0.69
1049190,7,Standing,209196401490000,-7.27,5.98,-0.5
1049191,7,Standing,209196481599000,-7.74,5.9,-0.46
1049192,7,Standing,209196521577000,-8.35,5.28,-0.61
1049193,7,Standing,209196561494000,-8.35,5.09,-0.69
1049194,7,Standing,209196601533000,-8.05,5.83,-0.57
1049195,7,Standing,209196681611000,-8.31,5.24,-0.5
1049196,7,Standing,209196722108000,-7.89,5.28,-0.93
1049197,7,Standing,209196761628000,-7.5,5.83,-1.12
1049198,7,Standing,209196801515000,-7.4,6.09,-1.04
1049199,7,Standing,209196861482000,-7.59,6.05,-0.95
1049200,7,Standing,209196901551000,-8.31,5.63,-0.65
1049201,7,Standing,209196981599000,-8.81,5.01,-0.23
1049202,7,Standing,209197021516000,-8.16,5.37,-1.18
1049203,7,Standing,209197061524000,-7.78,5.41,-1.33
1049204,7,Standing,209197101441000,-7.67,5.48,-1.23
1049205,7,Standing,209197181581000,-7.82,6.4,-0.38
1049206,7,Standing,209197221467000,-8.05,6.21,0.34
1049207,7,Standing,209197261506000,-8.66,5.05,-0.34
1049208,7,Standing,209197301484000,-8.77,4.44,-1.42
1049209,7,Standing,209197381593000,-8.28,4.86,-1.8
1049210,7,Standing,209197421479000,-7.93,5.71,-1.33
1049211,7,Standing,209197461610000,-8.01,5.98,-0.34
1049212,7,Standing,209197501557000,-8.54,5.33,0.0
1049213,7,Standing,209197581605000,-7.63,6.36,-0.84
1049214,7,Standing,209197621522000,-7.31,6.13,-0.8
1049215,7,Standing,209197661500000,-7.93,5.22,-1.12
1049216,7,Standing,209197704133000,-8.16,4.48,-1.57
1049217,7,Standing,209197741609000,-8.31,4.63,-1.76
1049218,7,Standing,209197822328000,-8.31,5.94,-1.12
1049219,7,Standing,209197861512000,-8.35,6.55,0.65
1049220,7,Standing,209197901551000,-8.47,5.9,0.72
1049221,7,Standing,209197981721000,-7.97,5.22,-1.57
1049222,7,Standing,209198021485000,-7.59,5.56,-1.69
1049223,7,Standing,209198061524000,-7.4,5.79,-1.38
1049224,7,Standing,209198101502000,-8.2,5.56,-1.27
1049225,7,Standing,209198181611000,-8.62,4.71,-0.72
1049226,7,Standing,209198221467000,-8.24,5.9,0.19
1049227,7,Standing,209198261506000,-8.01,6.02,-0.11
1049228,7,Standing,209198301454000,-8.28,5.13,-1.08
1049229,7,Standing,209198381593000,-7.63,6.02,-0.95
1049230,7,Standing,209198421510000,-7.4,6.09,-0.53
1049231,7,Standing,209198461518000,-8.01,5.43,-0.8
1049232,7,Standing,209198501496000,-8.43,5.01,-1.18
1049233,7,Standing,209198581605000,-8.08,5.67,-0.31
1049235,7,Standing,209198701417000,-8.24,5.67,-0.31
1049236,7,Standing,209198701417000,-8.24,5.67,-0.31
1049234,7,Standing,209198701417000,-8.24,5.67,-0.31
1049237,7,Standing,209198741944000,-8.16,5.33,-0.93
1049238,7,Standing,209198823792000,-8.01,5.24,-1.18
1049239,7,Standing,209198861512000,-8.2,4.94,-1.27
1049240,7,Standing,209198901521000,-8.2,5.13,-0.84
1049241,7,Standing,209198981629000,-8.05,5.9,-0.23
1049242,7,Standing,209199021485000,-8.24,5.33,-0.53
1049243,7,Standing,209199061524000,-8.01,5.22,-1.08
1049244,7,Standing,209199101472000,-7.86,5.48,-1.14
1049245,7,Standing,209199181611000,-8.16,5.6,-0.69
1049246,7,Standing,209199221467000,-8.2,5.18,-0.5
1049247,7,Standing,209199261506000,-8.16,5.37,-0.76
1049248,7,Standing,209199301515000,-7.97,5.56,-1.04
1049249,7,Standing,209199381593000,-7.93,5.6,-1.14
1049250,7,Standing,209199421479000,-8.12,5.22,-1.14
1049251,7,Standing,209199461488000,-8.08,5.41,-0.93
1049252,7,Standing,209199501466000,-7.86,5.71,-0.76
1049253,7,Standing,209199581636000,-8.16,5.33,-0.95
1049254,7,Standing,209199621491000,-8.05,5.22,-0.89
1049255,7,Standing,209199661531000,-8.01,5.56,-0.89
1049256,7,Standing,209199701509000,-7.93,5.63,-0.95
1049257,7,Standing,209199781587000,-8.16,5.43,-0.72
1049258,7,Standing,209199825776000,-8.12,5.33,-0.89
1049259,7,Standing,209199871858000,-8.01,5.41,-1.08
1049260,7,Standing,209199911531000,-8.01,5.56,-1.14
1049261,7,Standing,209199951539000,-7.97,5.43,-1.04
1049262,7,Standing,209200031465000,-8.12,5.18,-0.89
1049263,7,Standing,209200071443000,-8.24,5.56,-0.99
1049264,7,Standing,209200111482000,-8.12,5.52,-0.99
1049265,7,Standing,209200151673000,-7.78,5.48,-1.14
1049266,7,Standing,209200231477000,-8.12,5.48,-0.93
1049267,7,Standing,209200271455000,-8.5,5.37,-0.72
1049268,7,Standing,209200311646000,-8.2,5.18,-0.8
1049269,7,Standing,209200351441000,-8.16,4.82,-1.18
1049270,7,Standing,209200431611000,-7.78,5.94,-1.14
1049271,7,Standing,209200471467000,-7.93,6.44,-0.38
1049272,7,Standing,209200514253000,-8.5,5.24,-0.34
1049273,7,Standing,209200551515000,-8.24,4.67,-0.84
1049274,7,Standing,209200631501000,-8.08,5.09,-1.65
1049275,7,Standing,209200671449000,-7.82,5.48,-1.69
1049276,7,Standing,209200711518000,-8.12,6.02,-1.27
1049277,7,Standing,209200751496000,-8.31,6.02,0.3
1049278,7,Standing,209200831483000,-8.31,5.05,-1.04
1049279,7,Standing,209200831483000,-8.31,5.05,-1.04
1049280,7,Standing,209200931550000,-8.05,5.43,-1.84
1049281,7,Standing,209200971437000,-8.01,5.09,-1.84
1049282,7,Standing,209201011445000,-8.43,5.52,-1.33
1049283,7,Standing,209201051545000,-8.35,6.09,0.95
1049284,7,Standing,209201131501000,-8.31,5.33,-1.04
1049285,7,Standing,209201171479000,-7.78,5.37,-1.69
1049286,7,Standing,209201211488000,-7.46,5.24,-1.65
1049287,7,Standing,209201251679000,-8.08,5.33,-1.65
1049288,7,Standing,209201331391000,-8.54,4.9,-1.5
1049289,7,Standing,209201371461000,-8.35,5.83,0.11
1049290,7,Standing,209201411622000,-8.01,6.7,1.27
1049291,7,Standing,209201451631000,-7.93,6.13,-0.23
1049292,7,Standing,209201531434000,-7.86,5.18,-1.42
1049293,7,Standing,209201571473000,-8.16,5.01,-1.54
1049294,7,Standing,209201611482000,-8.16,4.94,-1.46
1049295,7,Standing,209201651643000,-8.35,5.37,-1.23
1049296,7,Standing,209201731477000,-8.12,5.98,0.27
1049297,7,Standing,209201771485000,-8.01,5.6,-0.53
1049298,7,Standing,209201811463000,-8.05,5.24,-1.23
1049299,7,Standing,209201851502000,-8.01,4.99,-1.38
1049300,7,Standing,209201901643000,-8.2,4.82,-1.57
1049301,7,Standing,209201981599000,-8.12,5.37,-0.76
1049302,7,Standing,209202021485000,-8.28,6.32,0.11
1049303,7,Standing,209202061494000,-8.28,5.9,0.11
1049304,7,Standing,209202101502000,-7.93,5.67,-0.65
1049305,7,Standing,209202181581000,-8.01,5.05,-1.54
1049306,7,Standing,209202221467000,-8.35,4.99,-1.38
1049307,7,Standing,209202261537000,-8.47,4.99,-0.95
1049308,7,Standing,209202301484000,-8.47,5.24,-0.65
1049309,7,Standing,209202381684000,-7.59,5.9,-0.72
1049310,7,Standing,209202421479000,-7.67,6.05,-0.93
1049311,7,Standing,209202461518000,-7.89,5.75,-0.84
1049312,7,Standing,209202501527000,-8.2,5.33,-0.84
1049313,7,Standing,209202581605000,-8.5,4.63,-1.27
1049314,7,Standing,209202621491000,-8.2,4.99,-1.38
1049315,7,Standing,209202661500000,-8.12,5.56,-1.23
1049316,7,Standing,209202701539000,-7.97,6.02,-0.84
1049317,7,Standing,209202781556000,-8.08,5.52,-0.34
1049318,7,Standing,209202823640000,-8.5,5.28,-0.76
1049319,7,Standing,209202861512000,-7.82,5.33,-0.95
1049320,7,Standing,209202901582000,-7.44,5.63,-1.12
1049321,7,Standing,209202981599000,-7.89,5.48,-1.18
1049322,7,Standing,209203021485000,-8.2,5.01,-1.14
1049323,7,Standing,209203061524000,-8.96,4.94,-1.12
1049324,7,Standing,209203101502000,-8.77,4.82,-0.95
1049325,7,Standing,209203181581000,-7.21,6.4,-0.15
1049326,7,Standing,209203221467000,-7.21,6.93,-0.53
1049327,7,Standing,209203261506000,-7.86,6.24,-0.69
