,user,label,timestamp,x,y,z
1049528,7,Standing,209213301454000,-8.12,5.18,-1.33
1049529,7,Standing,209213381593000,-8.01,5.9,-0.93
1049530,7,Standing,209213421479000,-8.01,5.63,-0.23
1049531,7,Standing,209213461549000,-8.08,5.37,-0.46
1049532,7,Standing,209213501496000,-7.97,5.22,-1.12
1049533,7,Standing,209213581605000,-7.97,5.56,-1.33
1049534,7,Standing,209213621491000,-7.86,5.94,-1.23
1049535,7,Standing,209213661500000,-7.89,5.83,-0.76
1049536,7,Standing,209213701478000,-8.43,5.28,-0.11
1049537,7,Standing,209213781617000,-7.86,5.48,-1.12
1049538,7,Standing,209213823976000,-7.74,5.67,-1.12
1049539,7,Standing,209213861512000,-7.93,5.71,-1.23
1049540,7,Standing,209213901521000,-8.01,5.52,-1.18
1049541,7,Standing,209213981568000,-8.28,5.52,-0.19
1049542,7,Standing,209214021546000,-8.01,5.67,-0.69
1049543,7,Standing,209214061524000,-7.74,5.56,-1.08
1049544,7,Standing,209214101502000,-8.16,5.63,-1.12
1049545,7,Standing,209214181672000,-8.28,4.94,-0.99
1049546,7,Standing,209214221528000,-8.08,5.56,-0.65
1049547,7,Standing,209214261506000,-7.74,5.98,-0.46
1049548,7,Standing,209214301454000,-7.93,5.6,-0.72
1049549,7,Standing,209214381593000,-7.93,5.6,-0.93
1049550,7,Standing,209214421479000,-7.93,5.6,-0.84
1049551,7,Standing,209214461549000,-8.01,5.37,-0.84
1049552,7,Standing,209214501466000,-8.08,5.41,-0.76
1049553,7,Standing,209214581636000,-8.01,5.43,-0.95
1049554,7,Standing,209214621614000,-8.05,5.6,-0.8
1049555,7,Standing,209214661500000,-8.05,5.43,-0.69
1049556,7,Standing,209214701509000,-8.12,5.43,-0.69
1049557,7,Standing,209214781587000,-8.01,5.63,-0.76
1049558,7,Standing,209214823579000,-8.08,5.43,-0.99
1049559,7,Standing,209214861512000,-7.93,5.33,-1.04
1049560,7,Standing,209214901521000,-7.89,5.71,-0.95
1049561,7,Standing,209214981599000,-8.24,5.24,-0.65
1049562,7,Standing,209215021638000,-8.24,5.13,-0.72
1049563,7,Standing,209215061524000,-8.01,5.41,-0.89
1049564,7,Standing,209215101502000,-7.74,5.67,-0.95
1049565,7,Standing,209215181611000,-8.08,5.56,-0.95
1049566,7,Standing,209215221498000,-8.28,5.18,-0.95
1049567,7,Standing,209215261537000,-8.01,5.05,-0.95
1049568,7,Standing,209215301454000,-8.01,5.41,-0.93
1049569,7,Standing,209215381593000,-8.08,5.52,-0.99
1049570,7,Standing,209215421449000,-8.08,5.05,-1.08
1049571,7,Standing,209215461579000,-8.2,5.22,-1.08
1049572,7,Standing,209215501466000,-7.97,5.79,-0.93
1049573,7,Standing,209215581605000,-7.93,5.67,-0.38
1049574,7,Standing,209215621491000,-8.01,4.67,-0.95
1049575,7,Standing,209215661500000,-8.31,4.79,-1.33
1049576,7,Standing,209215701509000,-8.01,5.63,-1.42
1049577,7,Standing,209215781556000,-8.54,5.83,0.0
1049578,7,Standing,209215823640000,-8.81,4.29,-0.27
1049579,7,Standing,209215861512000,-8.2,4.71,-1.14
1049580,7,Standing,209215901521000,-7.35,5.6,-1.33
1049581,7,Standing,209215981568000,-7.86,5.94,-1.18
1049582,7,Standing,209216021668000,-8.31,5.86,-1.14
1049583,7,Standing,209216061524000,-8.85,4.94,-0.11
1049584,7,Standing,209216101472000,-9.08,4.52,-0.04
1049585,7,Standing,209216183778000,-7.46,5.63,-1.31
1049586,7,Standing,209216221498000,-7.86,5.86,-1.33
1049587,7,Standing,209216261628000,-7.74,5.71,-1.42
1049588,7,Standing,209216301454000,-7.89,5.75,-1.23
1049589,7,Standing,209216381623000,-8.73,4.94,0.08
1049590,7,Standing,209216421601000,-8.05,5.22,-0.89
1049591,7,Standing,209216461579000,-7.74,5.33,-1.27
1049592,7,Standing,209216501496000,-8.01,5.63,-1.27
1049593,7,Standing,209216581636000,-7.82,5.63,-1.23
1049594,7,Standing,209216621491000,-8.12,5.52,-0.89
1049595,7,Standing,209216661744000,-8.31,5.33,-0.34
1049596,7,Standing,209216701570000,-8.2,5.37,-0.57
1049597,7,Standing,209216781617000,-8.2,5.13,-1.14
1049598,7,Standing,209216822938000,-7.97,5.28,-1.33
1049599,7,Standing,209216861543000,-7.63,5.75,-1.33
1049600,7,Standing,209216901521000,-7.7,6.09,-1.14
1049601,7,Standing,209216951448000,-8.12,5.63,-0.61
1049602,7,Standing,209216991395000,-8.35,5.01,-0.42
1049603,7,Standing,209217072938000,-8.2,5.09,-0.99
1049604,7,Standing,209217111482000,-7.97,5.33,-1.18
1049605,7,Standing,209217151551000,-7.74,5.83,-1.33
1049606,7,Standing,209217231477000,-8.05,5.9,-0.84
1049607,7,Standing,209217271485000,-8.28,5.09,-0.31
1049608,7,Standing,209217311585000,-8.39,5.05,-0.57
1049609,7,Standing,209217351533000,-8.01,5.05,-0.99
1049610,7,Standing,209217431489000,-7.86,5.71,-1.42
1049611,7,Standing,209217481416000,-7.86,5.94,-1.18
1049612,7,Standing,209217522370000,-8.16,5.6,-0.76
1049613,7,Standing,209217561524000,-8.47,5.18,-0.15
1049614,7,Standing,209217601533000,-8.2,5.18,-0.42
1049615,7,Standing,209217682191000,-7.74,5.37,-1.31
1049616,7,Standing,209217722169000,-7.7,5.86,-1.38
1049617,7,Standing,209217761506000,-7.97,6.02,-1.31
1049618,7,Standing,209217801545000,-8.28,5.67,-0.8
1049619,7,Standing,209217881593000,-8.39,5.05,-0.19
1049620,7,Standing,209217921479000,-7.78,5.13,-1.14
1049621,7,Standing,209217961549000,-7.82,5.63,-1.38
1049622,7,Standing,209218001802000,-7.7,6.02,-1.42
1049623,7,Standing,209218081636000,-8.28,5.37,-0.8
1049624,7,Standing,209218121644000,-8.62,5.05,0.11
1049625,7,Standing,209218161592000,-8.2,5.41,-0.38
1049626,7,Standing,209218207887000,-7.78,5.28,-1.23
1049627,7,Standing,209218281587000,-7.93,5.48,-1.38
1049628,7,Standing,209218321473000,-7.97,5.79,-1.27
1049629,7,Standing,209218361512000,-8.31,5.79,-0.5
1049630,7,Standing,209218401521000,-8.5,5.43,0.11
1049631,7,Standing,209218481629000,-7.82,5.05,-1.31
1049632,7,Standing,209218523408000,-8.01,5.24,-1.33
1049633,7,Standing,209218561524000,-7.89,5.37,-1.46
1049634,7,Standing,209218601502000,-7.89,5.86,-1.31
1049635,7,Standing,209218681611000,-8.43,5.83,0.57
1049636,7,Standing,209218721498000,-8.35,5.01,-0.46
1049637,7,Standing,209218761506000,-8.01,5.01,-1.27
1049638,7,Standing,209218801515000,-7.89,5.24,-1.38
1049639,7,Standing,209218881593000,-7.67,6.05,-1.33
1049640,7,Standing,209218921479000,-8.05,6.44,-0.34
1049641,7,Standing,209218961518000,-8.66,5.41,0.42
1049642,7,Standing,209219001527000,-8.62,4.75,-0.42
1049643,7,Standing,209219041566000,-8.01,4.94,-1.23
1049644,7,Standing,209219123994000,-7.78,5.75,-1.31
1049645,7,Standing,209219161500000,-7.7,6.09,-1.23
1049646,7,Standing,209219201539000,-8.01,6.24,-0.46
1049647,7,Standing,209219281587000,-8.5,5.28,-0.23
1049648,7,Standing,209219321534000,-7.97,5.56,-0.95
1049649,7,Standing,209219361512000,-7.97,5.18,-0.99
1049650,7,Standing,209219401521000,-8.12,4.71,-1.23
1049651,7,Standing,209219481660000,-7.86,5.9,-1.46
1049654,7,Standing,209219601319000,-8.47,5.13,0.5
1049653,7,Standing,209219601319000,-8.47,5.13,0.5
1049652,7,Standing,209219601319000,-8.47,5.13,0.5
1049655,7,Standing,209219681611000,-7.82,5.6,-1.14
1049656,7,Standing,209219721498000,-7.82,5.86,-1.18
1049657,7,Standing,209219761506000,-7.93,6.21,-0.89
1049658,7,Standing,209219801515000,-8.16,5.79,-0.23
1049659,7,Standing,209219881593000,-8.28,4.99,-0.76
1049660,7,Standing,209219921479000,-7.82,5.28,-1.31
1049661,7,Standing,209219961549000,-7.82,5.6,-1.33
1049662,7,Standing,209220001863000,-7.89,5.94,-1.31
1049663,7,Standing,209220081574000,-8.43,5.71,0.08
1049664,7,Standing,209220121491000,-8.66,4.9,-0.34
1049665,7,Standing,209220161500000,-8.2,4.86,-1.08
1049666,7,Standing,209220201509000,-7.86,5.24,-1.27
1049667,7,Standing,209220283265000,-7.89,5.6,-1.33
1049668,7,Standing,209220321504000,-8.01,5.71,-0.99
1049669,7,Standing,209220361512000,-8.31,5.94,0.08
1049670,7,Standing,209220401643000,-8.54,5.75,0.27
1049671,7,Standing,209220481660000,-7.97,5.05,-1.18
1049672,7,Standing,209220522767000,-8.01,5.13,-1.31
1049673,7,Standing,209220561494000,-7.82,5.37,-1.5
1049674,7,Standing,209220601502000,-7.86,5.79,-1.46
1049675,7,Standing,209220681611000,-8.47,5.48,0.04
1049676,7,Standing,209220721559000,-8.58,5.18,0.23
1049677,7,Standing,209220761506000,-8.24,5.22,-0.8
1049678,7,Standing,209220801515000,-7.89,5.22,-1.27
1049679,7,Standing,209220881562000,-7.63,5.79,-1.31
1049680,7,Standing,209220921510000,-7.93,5.94,-1.08
1049681,7,Standing,209220961518000,-8.58,5.79,0.08
1049682,7,Standing,209221001496000,-8.69,5.22,0.34
1049683,7,Standing,209221081666000,-7.86,5.09,-1.38
1049684,7,Standing,209221121522000,-7.89,5.24,-1.42
1049685,7,Standing,209221161469000,-7.86,5.6,-1.42
1049686,7,Standing,209221201539000,-7.89,5.98,-1.14
1049687,7,Standing,209221281587000,-8.69,5.18,0.34
1049688,7,Standing,209221321473000,-8.43,4.82,-0.72
1049689,7,Standing,209221361512000,-7.89,5.01,-1.38
1049690,7,Standing,209221401551000,-7.82,5.22,-1.5
1049691,7,Standing,209221481660000,-7.78,5.94,-1.18
1049692,7,Standing,209221521485000,-8.39,6.02,0.11
1049693,7,Standing,209221562104000,-8.81,5.18,0.46
1049694,7,Standing,209221601472000,-8.31,5.09,-0.61
1049695,7,Standing,209221681611000,-7.67,5.48,-1.33
1049696,7,Standing,209221721559000,-7.93,5.41,-1.38
1049697,7,Standing,209221761537000,-8.2,5.28,-1.27
1049698,7,Standing,209221801515000,-8.16,5.52,-0.34
1049699,7,Standing,209221881562000,-8.16,5.6,-0.5
1049700,7,Standing,209221921571000,-8.01,5.43,-0.93
1049701,7,Standing,209221961518000,-7.93,5.28,-1.04
1049702,7,Standing,209222001802000,-8.2,5.01,-1.14
1049703,7,Standing,209222081666000,-7.74,5.98,-0.76
1049704,7,Standing,209222121491000,-8.01,6.02,-0.42
1049705,7,Standing,209222161592000,-8.39,5.33,-0.5
1049706,7,Standing,209222201509000,-8.39,4.86,-0.76
1049707,7,Standing,209222286988000,-7.86,5.24,-1.12
1049708,7,Standing,209222322480000,-7.86,5.56,-1.23
1049709,7,Standing,209222361512000,-7.74,5.83,-1.04
1049710,7,Standing,209222401521000,-8.05,6.05,-0.46
1049711,7,Standing,209222481660000,-8.43,5.05,-0.42
1049712,7,Standing,209222521485000,-7.97,5.24,-1.04
1049713,7,Standing,209222561555000,-7.78,5.22,-1.23
1049714,7,Standing,209222601502000,-8.05,5.13,-1.38
1049715,7,Standing,209222681611000,-7.89,5.79,-0.99
1049716,7,Standing,209222721681000,-8.39,6.21,0.11
1049717,7,Standing,209222761506000,-8.73,5.37,0.3
1049718,7,Standing,209222801545000,-8.28,5.13,-0.69
1049719,7,Standing,209222881562000,-7.93,5.18,-1.33
1049720,7,Standing,209222921479000,-7.86,5.37,-1.5
1049721,7,Standing,209222961518000,-7.74,5.71,-1.31
1049722,7,Standing,209223001588000,-8.24,6.13,-0.31
1049723,7,Standing,209223081605000,-8.58,4.86,-0.38
1049724,7,Standing,209223121491000,-7.97,5.33,-1.23
1049725,7,Standing,209223161500000,-7.67,5.41,-1.31
1049726,7,Standing,209223201509000,-7.78,5.43,-1.33
1049727,7,Standing,209223281587000,-8.16,5.98,-0.72
