,user,label,timestamp,x,y,z
785546,8,Standing,112588291572000,-4.94,8.2,1.31
785547,8,Standing,112588331489000,-5.01,8.2,1.27
785548,8,Standing,112588412819000,-5.22,8.24,1.42
785549,8,Standing,112588451484000,-5.28,8.16,1.31
785550,8,Standing,112588491523000,-5.24,8.12,1.33
785551,8,Standing,112588531440000,-5.13,8.2,1.27
785552,8,Standing,112588611396000,-5.18,8.24,1.38
785553,8,Standing,112588651497000,-5.22,8.2,1.33
785554,8,Standing,112588692146000,-5.22,8.16,1.38
785555,8,Standing,112588731483000,-5.18,8.2,1.33
785556,8,Standing,112588811500000,-5.13,8.2,1.33
785557,8,Standing,112588852211000,-5.18,8.16,1.33
785558,8,Standing,112588891456000,-5.22,8.16,1.46
785559,8,Standing,112588931434000,-5.18,8.2,1.33
785560,8,Standing,112589011421000,-5.28,8.16,1.27
785561,8,Standing,112589051460000,-5.22,8.16,1.27
785562,8,Standing,112589051460000,-5.22,8.16,1.27
785563,8,Standing,112589131477000,-5.22,8.24,1.31
785564,8,Standing,112589211647000,-5.22,8.2,1.31
785565,8,Standing,112589252113000,-5.18,8.2,1.31
785566,8,Standing,112589291481000,-5.09,8.2,1.33
785567,8,Standing,112589331459000,-5.18,8.16,1.33
785568,8,Standing,112589371559000,-5.22,8.2,1.31
785569,8,Standing,112589451454000,-5.24,8.24,1.33
785570,8,Standing,112589491523000,-5.22,8.12,1.27
785571,8,Standing,112589531440000,-5.22,8.2,1.27
785572,8,Standing,112589611488000,-5.22,8.16,1.31
785573,8,Standing,112589652076000,-5.24,8.2,1.31
785574,8,Standing,112589691475000,-5.28,8.16,1.27
785575,8,Standing,112589731483000,-5.13,8.16,1.33
785576,8,Standing,112589811561000,-5.18,8.16,1.27
785577,8,Standing,112589851661000,-5.18,8.16,1.31
785578,8,Standing,112589891487000,-5.24,8.16,1.33
785579,8,Standing,112589891487000,-5.24,8.16,1.33
785580,8,Standing,112590011543000,-5.18,8.2,1.33
785581,8,Standing,112590051582000,-5.24,8.2,1.31
785582,8,Standing,112590091530000,-5.13,8.12,1.27
785583,8,Standing,112590131416000,-5.13,8.12,1.31
785584,8,Standing,112590211555000,-5.13,8.24,1.42
785585,8,Standing,112590252144000,-5.13,8.24,1.38
785586,8,Standing,112590299232000,-5.24,8.16,1.27
785587,8,Standing,112590334724000,-5.22,8.08,1.23
785588,8,Standing,112590411445000,-5.22,8.2,1.31
785589,8,Standing,112590451423000,-5.13,8.2,1.31
785590,8,Standing,112590491493000,-5.24,8.2,1.33
785591,8,Standing,112590531471000,-5.18,8.12,1.31
785592,8,Standing,112590611458000,-5.09,8.2,1.27
785593,8,Standing,112590652015000,-5.09,8.24,1.27
785594,8,Standing,112590691475000,-5.18,8.24,1.38
785595,8,Standing,112590731483000,-5.22,8.2,1.33
785596,8,Standing,112590811531000,-5.22,8.12,1.33
785597,8,Standing,112590851509000,-5.13,8.24,1.31
785598,8,Standing,112590891456000,-5.09,8.2,1.33
785599,8,Standing,112590931434000,-5.18,8.2,1.31
785600,8,Standing,112591011451000,-5.18,8.16,1.33
785601,8,Standing,112591051490000,-5.22,8.12,1.31
785602,8,Standing,112591091469000,-5.22,8.2,1.31
785603,8,Standing,112591131447000,-5.13,8.2,1.38
785604,8,Standing,112591211464000,-5.13,8.16,1.38
785605,8,Standing,112591251503000,-5.22,8.16,1.33
785606,8,Standing,112591291633000,-5.24,8.16,1.33
785607,8,Standing,112591331459000,-5.22,8.2,1.38
785608,8,Standing,112591411384000,-5.22,8.16,1.31
785609,8,Standing,112591451484000,-5.24,8.16,1.33
785610,8,Standing,112591491493000,-5.13,8.24,1.33
785611,8,Standing,112591531776000,-5.22,8.2,1.31
785612,8,Standing,112591611396000,-5.18,8.16,1.18
785613,8,Standing,112591651466000,-5.13,8.16,1.42
785614,8,Standing,112591701576000,-5.18,8.2,1.38
785615,8,Standing,112591742134000,-5.22,8.24,1.38
785616,8,Standing,112591781562000,-5.22,8.2,1.33
785617,8,Standing,112591861549000,-5.22,8.16,1.27
785618,8,Standing,112591901466000,-5.24,8.2,1.33
785619,8,Standing,112591941475000,-5.22,8.2,1.33
785620,8,Standing,112591981544000,-5.24,8.16,1.38
785621,8,Standing,112592061470000,-5.22,8.2,1.33
785622,8,Standing,112592101478000,-5.24,8.12,1.42
785623,8,Standing,112592141517000,-5.24,8.2,1.38
785624,8,Standing,112592181556000,-5.22,8.16,1.31
785625,8,Standing,112592261482000,-5.22,8.08,1.31
785626,8,Standing,112592301490000,-5.22,8.16,1.42
785627,8,Standing,112592354194000,-5.09,8.28,1.46
785628,8,Standing,112592392097000,-5.01,8.28,1.42
785629,8,Standing,112592432777000,-5.09,8.2,1.27
785630,8,Standing,112592511482000,-5.28,8.12,1.38
785631,8,Standing,112592552070000,-5.18,8.2,1.33
785632,8,Standing,112592591469000,-5.18,8.2,1.38
785633,8,Standing,112592631477000,-5.18,8.16,1.33
785634,8,Standing,112592711464000,-5.18,8.2,1.33
785635,8,Standing,112592753822000,-5.22,8.16,1.31
785636,8,Standing,112592791450000,-5.22,8.16,1.38
785637,8,Standing,112592831520000,-5.28,8.16,1.33
785638,8,Standing,112592911476000,-5.22,8.16,1.27
785639,8,Standing,112592952156000,-5.13,8.2,1.27
785640,8,Standing,112592991462000,-5.09,8.24,1.33
785641,8,Standing,112593031471000,-5.18,8.2,1.38
785642,8,Standing,112593111549000,-5.22,8.2,1.38
785643,8,Standing,112593152137000,-5.22,8.16,1.38
785644,8,Standing,112593191475000,-5.18,8.12,1.27
785645,8,Standing,112593231514000,-5.13,8.16,1.31
785646,8,Standing,112593311439000,-5.22,8.12,1.38
785647,8,Standing,112593353431000,-5.22,8.2,1.42
785648,8,Standing,112593391487000,-5.18,8.2,1.5
785649,8,Standing,112593431953000,-5.18,8.24,1.38
785650,8,Standing,112593511451000,-5.22,8.12,1.27
785651,8,Standing,112593551490000,-5.24,8.12,1.33
785652,8,Standing,112593591469000,-5.22,8.16,1.33
785653,8,Standing,112593631477000,-5.22,8.16,1.38
785654,8,Standing,112593711525000,-5.18,8.2,1.46
785655,8,Standing,112593754249000,-5.22,8.24,1.33
785656,8,Standing,112593871284000,-5.22,8.24,1.33
785657,8,Standing,112593871284000,-5.22,8.24,1.33
785658,8,Standing,112593911415000,-5.22,8.2,1.31
785659,8,Standing,112593951515000,-5.22,8.16,1.31
785660,8,Standing,112593991523000,-5.18,8.2,1.31
785661,8,Standing,112594031532000,-5.22,8.2,1.31
785662,8,Standing,112594111488000,-5.24,8.16,1.33
785663,8,Standing,112594152137000,-5.18,8.2,1.31
785664,8,Standing,112594191566000,-5.22,8.24,1.31
785665,8,Standing,112594232002000,-5.24,8.16,1.31
785666,8,Standing,112594311500000,-5.22,8.2,1.27
785667,8,Standing,112594356514000,-5.13,8.2,1.23
785668,8,Standing,112594408516000,-5.13,8.2,1.27
785669,8,Standing,112594451606000,-5.22,8.24,1.46
785670,8,Standing,112594491493000,-5.24,8.24,1.5
785671,8,Standing,112594531471000,-5.18,8.16,1.38
785672,8,Standing,112594611427000,-5.18,8.05,1.33
785673,8,Standing,112594651497000,-5.13,8.12,1.42
785674,8,Standing,112594691475000,-5.13,8.28,1.27
785675,8,Standing,112594731483000,-5.13,8.28,1.33
785676,8,Standing,112594811470000,-5.09,8.16,1.33
785677,8,Standing,112594851661000,-5.28,8.12,1.31
785678,8,Standing,112594891456000,-5.18,8.16,1.31
785679,8,Standing,112594931465000,-5.05,8.24,1.23
785680,8,Standing,112595011482000,-5.37,8.08,1.31
785681,8,Standing,112595051490000,-5.48,8.12,1.27
785682,8,Standing,112595091469000,-5.48,8.05,1.38
785683,8,Standing,112595131691000,-5.05,8.28,1.33
785684,8,Standing,112595211494000,-4.94,8.16,1.33
785685,8,Standing,112595252113000,-5.09,8.16,1.31
785686,8,Standing,112595291450000,-5.05,8.28,1.46
785687,8,Standing,112595331611000,-5.18,8.24,1.53
785688,8,Standing,112595411659000,-5.05,8.28,1.42
785689,8,Standing,112595451790000,-5.09,8.24,1.31
785690,8,Standing,112595491493000,-5.09,8.2,1.33
785691,8,Standing,112595531501000,-5.24,8.16,1.46
785692,8,Standing,112595611519000,-5.24,8.16,1.42
785693,8,Standing,112595651649000,-5.13,8.2,1.42
785694,8,Standing,112595691475000,-5.05,8.24,1.42
785695,8,Standing,112595731727000,-5.18,8.16,1.33
785696,8,Standing,112595811500000,-5.18,8.24,1.38
785697,8,Standing,112595852607000,-5.18,8.16,1.38
785698,8,Standing,112595891456000,-5.24,8.16,1.38
785699,8,Standing,112595931831000,-5.24,8.16,1.31
785700,8,Standing,112596011512000,-5.18,8.12,1.38
785701,8,Standing,112596051582000,-5.28,8.16,1.38
785702,8,Standing,112596091560000,-5.22,8.2,1.5
785703,8,Standing,112596131569000,-5.22,8.2,1.42
785704,8,Standing,112596211586000,-5.22,8.12,1.31
785705,8,Standing,112596251564000,-5.18,8.16,1.33
785706,8,Standing,112596291511000,-5.22,8.2,1.38
785707,8,Standing,112596331550000,-5.18,8.24,1.33
785708,8,Standing,112596411506000,-5.22,8.16,1.33
785709,8,Standing,112596451973000,-5.18,8.2,1.27
785710,8,Standing,112596491554000,-5.28,8.16,1.31
785711,8,Standing,112596531471000,-5.22,8.2,1.27
785712,8,Standing,112596611488000,-5.18,8.16,1.38
785713,8,Standing,112596652015000,-5.22,8.12,1.38
785714,8,Standing,112596691719000,-5.24,8.12,1.38
785715,8,Standing,112596731514000,-5.22,8.2,1.38
785716,8,Standing,112596811439000,-5.24,8.16,1.38
785717,8,Standing,112596853279000,-5.22,8.12,1.31
785718,8,Standing,112596891456000,-5.22,8.16,1.33
785719,8,Standing,112596931495000,-5.24,8.2,1.33
785720,8,Standing,112597011390000,-5.18,8.24,1.33
785721,8,Standing,112597051490000,-5.22,8.16,1.46
785722,8,Standing,112597091469000,-5.22,8.16,1.31
785723,8,Standing,112597131599000,-5.22,8.12,1.38
785724,8,Standing,112597211494000,-5.22,8.16,1.33
785725,8,Standing,112597252113000,-5.22,8.16,1.31
785726,8,Standing,112597291511000,-5.18,8.12,1.27
785727,8,Standing,112597331642000,-5.22,8.12,1.33
785728,8,Standing,112597411384000,-5.22,8.2,1.38
785729,8,Standing,112597411384000,-5.22,8.2,1.38
785730,8,Standing,112597491462000,-5.22,8.16,1.38
785731,8,Standing,112597531471000,-5.22,8.16,1.31
785732,8,Standing,112597611458000,-5.24,8.12,1.27
785733,8,Standing,112597651466000,-5.13,8.08,1.33
785734,8,Standing,112597691505000,-5.24,8.28,1.38
785735,8,Standing,112597731514000,-5.09,8.12,1.42
785736,8,Standing,112597811500000,-5.28,8.24,1.46
785737,8,Standing,112597851539000,-5.13,8.12,1.31
785738,8,Standing,112597891487000,-5.18,8.08,1.33
785739,8,Standing,112597931526000,-5.09,8.16,1.33
785740,8,Standing,112598011543000,-5.33,8.2,1.53
785741,8,Standing,112598052162000,-5.37,8.24,1.38
785742,8,Standing,112598091560000,-5.22,8.2,1.27
785743,8,Standing,112598131538000,-5.05,8.16,1.27
785744,8,Standing,112598211647000,-5.22,8.12,1.46
785745,8,Standing,112598251503000,-5.37,8.2,1.38
