,user,label,timestamp,x,y,z
935612,22,Downstairs,1924622356000,-4.44,7.7,-1.27
935613,22,Downstairs,1924672313000,-3.68,7.06,-2.14
935614,22,Downstairs,1924722301000,-4.06,6.44,-1.5
935615,22,Downstairs,1924772258000,-4.67,6.44,-2.3
935616,22,Downstairs,1924822276000,-4.67,6.63,-3.17
935617,22,Downstairs,1924872295000,-3.45,6.7,-1.73
935619,22,Downstairs,1924924480000,-3.72,16.28,-3.41
935618,22,Downstairs,1924924480000,-3.72,16.28,-3.41
935620,22,Downstairs,1924982341000,-0.46,17.43,-6.4
935621,22,Downstairs,1925052348000,-3.41,6.66,-1.76
935622,22,Downstairs,1925102275000,1.12,8.54,-3.83
935623,22,Downstairs,1925152324000,-0.53,7.93,-1.53
935624,22,Downstairs,1925202251000,-1.23,6.05,-0.69
935625,22,Downstairs,1925252269000,-1.92,10.65,-2.87
935626,22,Downstairs,1925302318000,-2.26,8.73,-3.49
935627,22,Downstairs,1925352275000,-2.64,6.02,0.46
935628,22,Downstairs,1925402263000,-2.68,7.08,-1.76
935629,22,Downstairs,1925452281000,-3.87,5.22,-2.45
935630,22,Downstairs,1925502269000,-4.25,7.5,-3.17
935631,22,Downstairs,1925552287000,-7.12,14.33,-0.19
935632,22,Downstairs,1925602306000,-10.11,13.72,-3.21
935633,22,Downstairs,1925652263000,-7.74,8.92,0.38
935634,22,Downstairs,1925702312000,-6.43,9.96,-1.12
935635,22,Downstairs,1925752269000,-2.53,8.35,-0.72
935636,22,Downstairs,1925802714000,-4.52,7.4,-0.57
935637,22,Downstairs,1925852306000,-5.98,6.47,-2.18
935638,22,Downstairs,1925902293000,-3.76,7.89,-2.26
935639,22,Downstairs,1925952281000,-3.21,8.2,-1.99
935640,22,Downstairs,1926002696000,-3.98,7.35,-1.33
935641,22,Downstairs,1926052287000,-4.02,6.17,-0.91
935642,22,Downstairs,1926102306000,-3.95,6.51,-0.89
935643,22,Downstairs,1926152263000,-4.67,8.08,-2.26
935644,22,Downstairs,1926202312000,-3.57,5.71,-1.33
935645,22,Downstairs,1926252269000,-4.06,15.32,-2.49
935646,22,Downstairs,1926302287000,1.38,15.02,-2.07
935647,22,Downstairs,1926352306000,-3.64,13.21,-3.76
935648,22,Downstairs,1926402263000,-3.11,7.46,-0.91
935649,22,Downstairs,1926452281000,0.69,7.59,-3.02
935650,22,Downstairs,1926502269000,-0.38,9.08,-2.18
935651,22,Downstairs,1926552287000,-1.5,6.24,-1.84
935652,22,Downstairs,1926602275000,-1.99,9.53,-2.79
935653,22,Downstairs,1926652263000,-1.73,8.24,-2.72
935654,22,Downstairs,1926702281000,-2.6,5.18,-0.61
935655,22,Downstairs,1926752299000,-2.37,6.63,-1.73
935656,22,Downstairs,1926802287000,-1.42,7.44,-3.41
935657,22,Downstairs,1926852275000,-3.95,11.41,-3.26
935658,22,Downstairs,1926902263000,-12.34,12.53,-0.89
935659,22,Downstairs,1926952281000,-5.82,10.19,-0.57
935660,22,Downstairs,1927012248000,-4.44,11.22,-0.8
935661,22,Downstairs,1927062297000,-5.79,7.7,-1.23
935662,22,Downstairs,1927112285000,-3.41,6.93,-2.18
935663,22,Downstairs,1927162273000,-4.06,7.89,-1.38
935664,22,Downstairs,1927212260000,-3.79,7.55,-2.03
935665,22,Downstairs,1927262279000,-4.37,8.16,-1.92
935666,22,Downstairs,1927312266000,-4.18,7.27,-1.12
935667,22,Downstairs,1927362285000,-4.4,5.79,-0.5
935668,22,Downstairs,1927412273000,-2.87,6.85,-1.53
935669,22,Downstairs,1927462230000,-3.91,7.31,-2.49
935670,22,Downstairs,1927512279000,-3.06,6.7,-1.84
935671,22,Downstairs,1927562297000,-3.83,14.67,-4.67
935672,22,Downstairs,1927612285000,-2.6,12.57,-5.13
935673,22,Downstairs,1927662273000,-0.8,12.64,-2.34
935674,22,Downstairs,1927712260000,-2.49,6.93,-3.11
935675,22,Downstairs,1927762279000,-0.3,9.66,-3.87
935676,22,Downstairs,1927812266000,-1.69,6.93,-2.79
935677,22,Downstairs,1927862285000,-1.65,8.24,-1.84
935678,22,Downstairs,1927912273000,-0.38,8.54,-1.69
935679,22,Downstairs,1927962230000,-1.84,6.78,0.11
935680,22,Downstairs,1928012248000,-2.87,7.82,-1.42
935681,22,Downstairs,1928062266000,-3.36,6.89,-2.75
935682,22,Downstairs,1928112285000,-2.07,7.97,-2.26
935683,22,Downstairs,1928162303000,-12.79,12.22,-0.04
935684,22,Downstairs,1928212260000,-8.16,16.04,-3.83
935685,22,Downstairs,1928262279000,-4.52,8.16,0.08
935686,22,Downstairs,1928312266000,-5.09,9.72,-1.38
935687,22,Downstairs,1928362285000,-3.36,7.5,-1.92
935688,22,Downstairs,1928412273000,-2.87,7.27,-1.69
935689,22,Downstairs,1928462199000,-4.25,6.97,-1.69
935690,22,Downstairs,1928512279000,-4.4,7.46,-2.68
935691,22,Downstairs,1928562266000,-3.45,6.09,-0.19
935692,22,Downstairs,1928612315000,-3.6,7.78,-2.03
935693,22,Downstairs,1928662273000,-2.72,6.55,-1.88
935694,22,Downstairs,1928712260000,-3.26,5.86,-1.65
935695,22,Downstairs,1928762279000,-4.33,16.02,-3.57
935696,22,Downstairs,1928812266000,-0.8,15.85,-4.75
935697,22,Downstairs,1928862285000,-2.75,10.46,-1.88
935698,22,Downstairs,1928912303000,-0.15,9.47,-2.87
935699,22,Downstairs,1928962199000,-0.15,9.53,-3.91
935700,22,Downstairs,1929012218000,-1.27,7.7,-3.15
935701,22,Downstairs,1929062266000,-2.45,5.63,-2.75
935702,22,Downstairs,1929112285000,-1.31,6.24,-2.79
935703,22,Downstairs,1929162273000,-2.96,6.89,-3.91
935704,22,Downstairs,1929212260000,-2.37,7.89,-4.06
935705,22,Downstairs,1929262279000,-1.33,7.01,-3.83
935706,22,Downstairs,1929312266000,-5.67,13.63,-4.33
935707,22,Downstairs,1929362285000,-5.01,9.19,4.82
935708,22,Downstairs,1929412303000,-11.84,14.82,-0.3
935709,22,Downstairs,1929462230000,-2.49,9.15,1.23
935710,22,Downstairs,1929512279000,-4.71,6.78,0.65
935711,22,Downstairs,1929572368000,-4.9,6.78,0.65
935712,22,Downstairs,1929622203000,-5.75,5.9,0.31
935713,22,Downstairs,1929672343000,-5.75,6.55,-0.76
935714,22,Downstairs,1929722240000,-6.59,9.47,-1.04
935715,22,Downstairs,1929772288000,-5.43,10.08,0.11
935716,22,Downstairs,1929822307000,-5.75,14.98,2.3
935717,22,Downstairs,1929872295000,-0.15,11.37,2.68
935718,22,Downstairs,1929922313000,0.46,18.09,-0.99
935719,22,Downstairs,1929972301000,-4.44,7.97,1.08
935720,22,Downstairs,1930022288000,-3.02,5.71,0.65
935721,22,Downstairs,1930072307000,0.34,7.01,-2.41
935722,22,Downstairs,1930122295000,-0.57,6.74,-2.3
935723,22,Downstairs,1930172313000,-1.88,6.24,-2.6
935725,22,Downstairs,1930222301000,-1.95,6.44,-4.33
935724,22,Downstairs,1930222301000,-1.95,6.44,-4.33
935726,22,Downstairs,1930282786000,-5.75,11.8,-7.08
935727,22,Downstairs,1930332439000,0.04,14.9,-3.76
935728,22,Downstairs,1930383159000,-0.95,9.11,-1.65
935729,22,Downstairs,1930442271000,-5.48,7.12,2.83
935730,22,Downstairs,1930502299000,-4.59,7.86,1.31
935731,22,Downstairs,1930552287000,-1.61,10.31,0.69
935732,22,Downstairs,1930602306000,-5.41,9.04,2.15
935733,22,Downstairs,1930652293000,-6.4,7.78,1.5
935734,22,Downstairs,1930702281000,-4.56,8.08,0.8
935735,22,Downstairs,1930752269000,-4.14,8.58,0.23
935736,22,Downstairs,1930802318000,-5.63,7.5,0.5
935737,22,Downstairs,1930852306000,-5.05,7.89,0.23
935738,22,Downstairs,1930902263000,-5.86,8.2,0.23
935739,22,Downstairs,1930952312000,-4.79,9.72,0.08
935740,22,Downstairs,1931002299000,-5.52,10.0,-0.11
935741,22,Downstairs,1931052348000,-9.38,11.92,2.79
935742,22,Downstairs,1931102275000,-1.95,9.85,2.49
935743,22,Downstairs,1931152263000,0.72,12.26,-0.04
935744,22,Downstairs,1931202312000,-3.83,10.53,2.03
935745,22,Downstairs,1931252238000,-3.79,9.04,-0.89
935746,22,Downstairs,1931302287000,-2.53,8.39,-1.27
935747,22,Downstairs,1931352275000,-1.53,6.63,-1.99
935748,22,Downstairs,1931402293000,-1.23,5.83,-2.41
935749,22,Downstairs,1931452312000,-1.76,5.98,-2.68
935750,22,Downstairs,1931502330000,-3.41,9.04,-6.09
935751,22,Downstairs,1931552318000,-3.53,15.51,-6.85
935752,22,Downstairs,1931602275000,-0.08,8.01,-0.76
935753,22,Downstairs,1931652293000,-5.86,8.62,-0.42
935754,22,Downstairs,1931702342000,-5.13,8.77,1.08
935755,22,Downstairs,1931752299000,-3.34,8.28,0.46
935756,22,Downstairs,1931802318000,-2.79,10.15,-0.15
935757,22,Downstairs,1931852306000,-4.82,8.35,1.18
935758,22,Downstairs,1931902293000,-5.33,7.82,0.61
935759,22,Downstairs,1931952312000,-4.59,8.58,-0.08
935760,22,Downstairs,1932002544000,-4.1,8.96,-0.34
935761,22,Downstairs,1932052318000,-4.52,8.58,-0.04
935762,22,Downstairs,1932102306000,-4.86,8.12,-0.3
935763,22,Downstairs,1932152293000,-4.48,9.0,-0.89
935764,22,Downstairs,1932202281000,-4.59,9.3,-0.72
935765,22,Downstairs,1932252299000,-5.67,11.75,0.53
935766,22,Downstairs,1932302287000,-2.64,9.53,0.08
935767,22,Downstairs,1932352275000,-1.65,10.57,-0.72
935768,22,Downstairs,1932402263000,-1.65,11.73,-0.65
935769,22,Downstairs,1932452281000,-3.3,8.28,-0.23
935770,22,Downstairs,1932502299000,-1.92,9.04,-1.61
935771,22,Downstairs,1932552287000,-0.95,8.54,-1.92
935772,22,Downstairs,1932602306000,-1.33,7.55,-1.61
935773,22,Downstairs,1932652263000,-2.22,7.35,-2.3
935774,22,Downstairs,1932702312000,-2.07,8.05,-1.92
935775,22,Downstairs,1932752269000,-1.08,6.24,-2.11
935776,22,Downstairs,1932802318000,-1.69,4.99,-1.27
935777,22,Downstairs,1932852306000,-2.83,5.05,-2.07
935778,22,Downstairs,1932902293000,-1.8,8.92,-3.17
935779,22,Downstairs,1932952312000,-0.84,11.5,-3.83
935780,22,Downstairs,1933002299000,-8.39,13.48,1.31
935781,22,Downstairs,1933052318000,-7.86,13.99,-4.71
935782,22,Downstairs,1933102275000,-4.71,8.05,2.22
935783,22,Downstairs,1933152293000,-3.34,11.3,-0.34
935784,22,Downstairs,1933202312000,-5.18,7.63,0.34
935785,22,Downstairs,1933252299000,-3.95,7.08,-1.14
935786,22,Downstairs,1933302287000,-4.44,7.08,-1.61
935787,22,Downstairs,1933352275000,-3.79,7.12,-1.18
935788,22,Downstairs,1933402263000,-4.02,6.13,-0.91
935789,22,Downstairs,1933452281000,-3.3,6.13,-0.65
935790,22,Downstairs,1933502299000,-3.64,7.59,-3.83
935791,22,Downstairs,1933552318000,-2.79,7.4,-2.83
935792,22,Downstairs,1933602306000,-5.98,12.98,-5.37
935793,22,Downstairs,1933652263000,-2.37,17.24,-6.85
935794,22,Downstairs,1933702281000,-1.08,9.85,-2.98
935795,22,Downstairs,1933752299000,-1.33,10.31,-2.49
935796,22,Downstairs,1933802287000,0.76,7.21,-2.03
935797,22,Downstairs,1933852306000,-2.79,5.28,-1.92
935798,22,Downstairs,1933902293000,-1.53,8.47,-2.03
935799,22,Downstairs,1933952312000,-2.37,9.81,-3.53
935800,22,Downstairs,1934002788000,-2.26,8.96,-1.88
935801,22,Downstairs,1934062297000,-2.07,6.7,-1.12
935802,22,Downstairs,1934112285000,-2.96,6.05,-2.72
935803,22,Downstairs,1934162273000,-2.45,5.75,-1.76
935804,22,Downstairs,1934212260000,-4.25,11.18,-4.63
935805,22,Downstairs,1934262279000,-7.16,10.53,0.69
935806,22,Downstairs,1934312266000,-9.08,11.92,-2.53
935807,22,Downstairs,1934362285000,-7.86,10.04,-0.46
935808,22,Downstairs,1934412273000,-5.67,9.81,-1.33
935809,22,Downstairs,1934462230000,-3.87,7.12,-2.45
935810,22,Downstairs,1934512309000,-3.45,7.16,-0.69
935811,22,Downstairs,1934562266000,-2.07,7.25,-1.88
