,user,label,timestamp,x,y,z
433662,10,Standing,5492862286000,-1.23,9.72,-1.12
433663,10,Standing,5492912243000,-1.14,10.0,-1.31
433664,10,Standing,5492962292000,-1.23,9.89,-1.04
433665,10,Standing,5493012890000,-1.23,9.92,-1.12
433666,10,Standing,5493072399000,-1.33,9.92,-1.31
433667,10,Standing,5493122265000,-1.38,9.72,-1.31
433668,10,Standing,5493172344000,-1.5,10.08,-1.38
433669,10,Standing,5493222332000,-1.38,9.77,-1.12
433670,10,Standing,5493272289000,-1.18,10.04,-1.08
433671,10,Standing,5493322887000,-1.31,9.81,-1.38
433672,10,Standing,5493372295000,-1.27,9.96,-0.95
433673,10,Standing,5493422283000,-1.27,9.92,-1.31
433674,10,Standing,5493472301000,-1.08,9.85,-1.08
433675,10,Standing,5493522289000,-1.42,10.0,-1.18
433676,10,Standing,5493572277000,-0.91,9.89,-1.23
433677,10,Standing,5493622295000,-1.53,9.96,-1.46
433678,10,Standing,5493672314000,-1.8,9.92,-0.95
433679,10,Standing,5493722301000,-1.31,9.96,-1.33
433680,10,Standing,5493772289000,-1.12,9.85,-1.14
433681,10,Standing,5493822338000,-1.33,9.89,-0.84
433682,10,Standing,5493872265000,-1.27,9.89,-0.95
433683,10,Standing,5493922344000,-1.27,9.96,-0.76
433684,10,Standing,5493972301000,-1.31,10.0,-1.12
433685,10,Standing,5494022289000,-1.18,9.89,-0.8
433686,10,Standing,5494072338000,-0.46,9.72,-0.99
433688,10,Standing,5494122295000,-1.04,10.15,-1.04
433687,10,Standing,5494122295000,-1.04,10.15,-1.04
433689,10,Standing,5494193188000,-1.46,9.96,-0.34
433690,10,Standing,5494242229000,-0.89,10.04,-1.31
433691,10,Standing,5494292370000,-1.12,9.89,-0.8
433692,10,Standing,5494343029000,-1.38,10.04,-0.91
433693,10,Standing,5494393414000,-1.27,9.92,-0.89
433694,10,Standing,5494452312000,-1.23,9.92,-0.89
433695,10,Standing,5494502300000,-1.23,10.04,-0.99
433696,10,Standing,5494552441000,-1.18,9.92,-1.04
433697,10,Standing,5494602337000,-0.99,9.92,-0.99
433698,10,Standing,5494652325000,-1.14,10.08,-0.89
433699,10,Standing,5494702343000,-1.08,9.96,-0.53
433700,10,Standing,5494752331000,-0.76,10.04,-0.34
433701,10,Standing,5494802593000,-0.5,10.04,-0.04
433702,10,Standing,5494852337000,-1.53,9.51,-1.12
433703,10,Standing,5494902325000,-0.76,10.46,-1.31
433704,10,Standing,5494952373000,-0.15,10.04,-1.46
433705,10,Standing,5495003216000,-1.18,9.89,-0.46
433706,10,Standing,5495052380000,-0.76,10.04,0.11
433707,10,Standing,5495102337000,-0.34,9.85,-0.15
433708,10,Standing,5495152294000,-0.72,10.23,-0.15
433709,10,Standing,5495202373000,-0.76,9.7,-0.61
433710,10,Standing,5495252392000,-0.27,10.34,-0.76
433711,10,Standing,5495302319000,-0.84,9.72,-0.76
433712,10,Standing,5495352337000,-1.14,9.96,0.5
433713,10,Standing,5495402355000,-0.46,9.92,-0.57
433714,10,Standing,5495452343000,-0.38,10.0,-0.19
433715,10,Standing,5495502758000,-0.72,10.08,-0.15
433716,10,Standing,5495552349000,-0.5,9.89,-0.04
433717,10,Standing,5495602337000,-0.91,9.96,0.19
433718,10,Standing,5495652325000,-0.53,10.04,-0.11
433719,10,Standing,5495702343000,-0.57,9.92,-0.27
433720,10,Standing,5495752361000,-0.65,10.0,-0.34
433721,10,Standing,5495802319000,-0.99,10.0,-0.3
433722,10,Standing,5495852337000,-0.84,10.0,-0.19
433723,10,Standing,5495902294000,-0.8,10.0,-0.27
433724,10,Standing,5495952435000,-0.57,9.92,-0.27
433725,10,Standing,5496002331000,-0.72,10.04,-0.19
433726,10,Standing,5496052349000,-0.8,9.96,-0.34
433727,10,Standing,5496102337000,-0.57,10.0,-0.57
433728,10,Standing,5496152355000,-0.8,10.04,-0.34
433729,10,Standing,5496202343000,-0.76,10.0,-0.23
433730,10,Standing,5496252300000,-0.72,9.96,-0.27
433731,10,Standing,5496302319000,-0.72,9.96,-0.34
433732,10,Standing,5496352337000,-0.8,10.0,-0.53
433733,10,Standing,5496402294000,-0.72,10.0,-0.38
433734,10,Standing,5496452312000,-0.84,10.0,-0.3
433735,10,Standing,5496502331000,-0.76,9.96,-0.34
433736,10,Standing,5496552319000,-0.65,10.0,-0.34
433737,10,Standing,5496602306000,-0.8,10.04,-0.34
433738,10,Standing,5496652325000,-0.84,9.96,-0.42
433739,10,Standing,5496702312000,-0.84,10.0,-0.38
433740,10,Standing,5496752331000,-0.8,9.96,-0.46
433741,10,Standing,5496802349000,-0.72,10.0,-0.42
433742,10,Standing,5496852306000,-0.8,10.0,-0.42
433743,10,Standing,5496902294000,-0.76,10.0,-0.53
433744,10,Standing,5496952312000,-0.91,10.0,-0.42
433746,10,Standing,5497002605000,-0.8,10.0,-0.53
433745,10,Standing,5497002605000,-0.8,10.0,-0.53
433747,10,Standing,5497102337000,-0.84,10.0,-0.46
433748,10,Standing,5497152294000,-0.84,10.04,-0.53
433749,10,Standing,5497202343000,-0.72,9.96,-0.57
433750,10,Standing,5497252331000,-0.89,10.0,-0.5
433751,10,Standing,5497302349000,-0.84,9.96,-0.46
433752,10,Standing,5497352337000,-0.8,10.04,-0.57
433753,10,Standing,5497402325000,-0.91,10.0,-0.53
433754,10,Standing,5497452312000,-0.76,10.0,-0.72
433755,10,Standing,5497502331000,-0.89,10.04,-0.38
433756,10,Standing,5497552380000,-0.8,10.0,-0.53
433757,10,Standing,5497602337000,-0.95,9.96,-0.53
433758,10,Standing,5497652325000,-0.89,9.92,-0.72
433759,10,Standing,5497702343000,-1.04,10.04,-0.5
433760,10,Standing,5497752331000,-0.8,10.0,-0.72
433761,10,Standing,5497802349000,-0.95,10.0,-0.46
433762,10,Standing,5497852306000,-0.95,10.0,-0.57
433763,10,Standing,5497902325000,-0.89,9.92,-0.5
433764,10,Standing,5497952312000,-0.89,10.04,-0.42
433765,10,Standing,5498002392000,-1.04,9.96,-0.38
433766,10,Standing,5498052349000,-0.84,9.96,-0.69
433767,10,Standing,5498102337000,-0.89,9.89,-0.76
433768,10,Standing,5498152355000,-0.84,10.04,-0.38
433769,10,Standing,5498202312000,-0.84,10.0,-0.5
433770,10,Standing,5498252331000,-0.91,9.96,-0.3
433771,10,Standing,5498302349000,-0.8,10.0,-0.46
433772,10,Standing,5498352337000,-0.84,9.96,-0.38
433773,10,Standing,5498402294000,-0.95,10.0,-0.38
433774,10,Standing,5498452343000,-0.76,9.96,-0.57
433775,10,Standing,5498502422000,-0.8,9.92,-0.42
433776,10,Standing,5498552349000,-0.72,10.0,-0.42
433777,10,Standing,5498602337000,-0.89,9.96,-0.53
433778,10,Standing,5498652325000,-0.99,10.04,-0.5
433779,10,Standing,5498702343000,-0.8,10.04,-0.65
433780,10,Standing,5498752331000,-0.84,10.0,-0.5
433781,10,Standing,5498802319000,-0.8,10.08,-0.5
433782,10,Standing,5498852337000,-0.76,9.96,-0.53
433783,10,Standing,5498902294000,-0.91,10.04,-0.53
433784,10,Standing,5498952343000,-0.89,9.92,-0.69
433785,10,Standing,5499003124000,-0.69,10.0,-0.53
433786,10,Standing,5499052410000,-0.84,10.04,-0.3
433787,10,Standing,5499102337000,-0.72,9.92,-0.57
433788,10,Standing,5499152477000,-0.84,9.96,-0.34
433789,10,Standing,5499202343000,-0.89,9.96,-0.23
433790,10,Standing,5499252117000,-0.76,10.0,-0.38
433791,10,Standing,5499302258000,-0.84,9.96,-0.34
433792,10,Standing,5499352337000,-0.84,9.96,-0.42
433793,10,Standing,5499402325000,-0.8,10.0,-0.46
433794,10,Standing,5499452343000,-0.76,9.89,-0.46
433795,10,Standing,5499502331000,-0.89,9.92,-0.46
433796,10,Standing,5499552349000,-0.95,10.0,-0.34
433797,10,Standing,5499602337000,-0.76,9.96,-0.42
433798,10,Standing,5499652325000,-1.08,10.0,-0.27
433799,10,Standing,5499702343000,-0.76,10.04,-0.34
433801,10,Standing,5499812115000,-0.99,10.04,-0.34
433800,10,Standing,5499812115000,-0.99,10.04,-0.34
433802,10,Standing,5499862255000,-0.99,9.96,-0.5
433803,10,Standing,5499932293000,-0.89,9.96,-0.46
433804,10,Standing,5499982311000,-0.8,10.0,-0.46
433805,10,Standing,5500032299000,-0.91,10.04,-0.46
433806,10,Standing,5500082348000,-0.91,9.92,-0.5
433807,10,Standing,5500132336000,-0.84,10.04,-0.57
433808,10,Standing,5500182323000,-0.95,9.96,-0.5
433809,10,Standing,5500232281000,-0.89,10.0,-0.5
433810,10,Standing,5500282207000,-0.91,10.0,-0.65
433811,10,Standing,5500332348000,-0.95,9.96,-0.61
433812,10,Standing,5500382366000,-1.12,9.96,-0.57
433813,10,Standing,5500432293000,-0.95,9.96,-0.65
433814,10,Standing,5500482311000,-0.95,10.04,-0.57
433815,10,Standing,5500532299000,-0.89,10.0,-0.46
433816,10,Standing,5500582348000,-0.95,9.96,-0.61
433817,10,Standing,5500632305000,-0.99,9.96,-0.65
433818,10,Standing,5500682293000,-0.99,9.96,-0.57
433819,10,Standing,5500732311000,-0.95,10.0,-0.42
433820,10,Standing,5500782330000,-0.99,9.92,-0.65
433821,10,Standing,5500832348000,-0.95,10.0,-0.57
433822,10,Standing,5500882366000,-0.99,9.96,-0.61
433823,10,Standing,5500932293000,-1.04,9.89,-0.61
433824,10,Standing,5500982311000,-1.08,10.0,-0.57
433825,10,Standing,5501032330000,-0.91,9.96,-0.61
433826,10,Standing,5501082348000,-1.08,9.92,-0.46
433827,10,Standing,5501132336000,-0.99,10.0,-0.69
433828,10,Standing,5501182293000,-0.99,9.85,-0.57
433829,10,Standing,5501232311000,-1.04,10.04,-0.5
433830,10,Standing,5501282299000,-1.04,9.85,-0.53
433831,10,Standing,5501332348000,-1.04,10.08,-0.69
433832,10,Standing,5501382305000,-1.04,9.89,-0.76
433833,10,Standing,5501432323000,-1.14,10.0,-0.61
433834,10,Standing,5501482342000,-1.18,9.96,-0.5
433835,10,Standing,5501532299000,-0.89,9.89,-0.95
433836,10,Standing,5501582348000,-1.14,10.08,-0.61
433837,10,Standing,5501632336000,-0.95,9.81,-0.76
433838,10,Standing,5501682354000,-1.08,10.0,-0.53
433839,10,Standing,5501732311000,-1.18,10.0,-0.61
433840,10,Standing,5501782421000,-0.8,9.85,-0.57
433841,10,Standing,5501832348000,-0.91,10.04,-0.61
433842,10,Standing,5501882336000,-1.38,9.77,-0.23
433843,10,Standing,5501932323000,-0.89,10.12,-0.95
433844,10,Standing,5501982311000,-1.38,9.72,-0.8
433845,10,Standing,5502032330000,-0.65,10.19,-0.23
433846,10,Standing,5502082348000,-0.23,9.89,-0.8
433847,10,Standing,5502132336000,-0.89,9.85,-0.27
433848,10,Standing,5502182323000,-1.57,10.04,-0.46
433849,10,Standing,5502232342000,-1.31,9.85,-0.95
433850,10,Standing,5502282330000,-1.46,10.0,-0.72
433851,10,Standing,5502332317000,-1.18,9.96,-0.72
433852,10,Standing,5502382336000,-0.99,9.92,-0.57
433853,10,Standing,5502432323000,-0.91,9.96,-0.61
433854,10,Standing,5502482311000,-0.76,9.92,-0.46
433855,10,Standing,5502532269000,-1.08,10.04,-0.46
433856,10,Standing,5502582378000,-0.91,9.89,-0.57
433857,10,Standing,5502632305000,-1.12,9.89,-0.65
433858,10,Standing,5502682293000,-1.12,9.96,-0.69
433859,10,Standing,5502732372000,-1.12,9.89,-0.5
433860,10,Standing,5502782299000,-1.12,10.08,-0.5
433861,10,Standing,5502832348000,-1.04,9.85,-0.69
