,user,label,timestamp,x,y,z
542945,13,Standing,875452281000,-4.59,8.62,-0.38
542946,13,Standing,875502239000,-4.56,8.62,-0.38
542947,13,Standing,875552257000,-4.67,8.62,-0.38
542948,13,Standing,875602245000,-4.63,8.62,-0.38
542949,13,Standing,875652294000,-4.59,8.58,-0.34
542950,13,Standing,875702281000,-4.67,8.58,-0.34
542951,13,Standing,875752269000,-4.71,8.58,-0.34
542952,13,Standing,875802318000,-4.75,8.62,-0.38
542953,13,Standing,875852306000,-4.71,8.54,-0.42
542954,13,Standing,875852306000,-4.71,8.54,-0.42
542955,13,Standing,875952281000,-4.71,8.5,-0.46
542958,13,Standing,876002696000,-4.71,8.58,-0.34
542957,13,Standing,876002696000,-4.75,8.5,-0.38
542956,13,Standing,876002696000,-4.75,8.5,-0.38
542959,13,Standing,876132244000,-4.71,8.58,-0.34
542960,13,Standing,876182262000,-4.71,8.58,-0.38
542962,13,Standing,876232372000,-4.75,8.54,-0.38
542961,13,Standing,876232372000,-4.75,8.54,-0.38
542963,13,Standing,876332256000,-4.79,8.54,-0.38
542964,13,Standing,876382274000,-4.75,8.54,-0.46
542965,13,Standing,876442302000,-4.71,8.5,-0.42
542966,13,Standing,876492290000,-4.79,8.54,-0.38
542967,13,Standing,876542278000,-4.79,8.5,-0.34
542968,13,Standing,876592235000,-4.82,8.5,-0.34
542969,13,Standing,876642253000,-4.86,8.5,-0.34
542970,13,Standing,876692241000,-4.79,8.5,-0.34
542971,13,Standing,876742259000,-4.75,8.54,-0.34
542972,13,Standing,876792308000,-4.82,8.5,-0.5
542973,13,Standing,876842235000,-4.9,8.5,-0.5
542974,13,Standing,876892284000,-4.79,8.47,-0.5
542975,13,Standing,876942272000,-4.82,8.47,-0.38
542976,13,Standing,876992259000,-4.71,8.54,-0.38
542977,13,Standing,877042308000,-4.75,8.58,-0.27
542978,13,Standing,877092266000,-4.75,8.5,-0.34
542979,13,Standing,877142314000,-4.59,8.47,-0.38
542980,13,Standing,877192302000,-4.59,8.66,-0.34
542981,13,Standing,877242259000,-4.67,8.66,-0.3
542982,13,Standing,877292278000,-4.59,8.58,-0.3
542983,13,Standing,877342266000,-4.56,8.66,-0.46
542984,13,Standing,877392284000,-4.75,8.62,-0.46
542985,13,Standing,877442272000,-4.71,8.5,-0.46
542986,13,Standing,877492259000,-4.75,8.5,-0.38
542987,13,Standing,877542308000,-4.71,8.54,-0.34
542988,13,Standing,877592235000,-4.71,8.54,-0.3
542989,13,Standing,877642314000,-4.79,8.47,-0.5
542990,13,Standing,877692272000,-4.82,8.47,-0.57
542991,13,Standing,877742259000,-4.82,8.5,-0.5
542992,13,Standing,877792308000,-4.79,8.54,-0.57
542993,13,Standing,877842327000,-4.79,8.47,-0.5
542994,13,Standing,877892284000,-4.79,8.5,-0.46
542995,13,Standing,877942241000,-4.79,8.5,-0.5
542996,13,Standing,877992229000,-4.82,8.5,-0.61
542997,13,Standing,878042308000,-4.9,8.39,-0.61
542998,13,Standing,878092266000,-4.94,8.43,-0.53
542999,13,Standing,878142314000,-4.99,8.39,-0.57
543000,13,Standing,878192302000,-4.75,8.5,-0.5
543001,13,Standing,878242290000,-4.63,8.62,-0.42
543002,13,Standing,878292308000,-4.71,8.66,-0.46
543003,13,Standing,878342235000,-5.09,8.77,-0.46
543004,13,Standing,878392284000,-4.75,8.39,-0.42
543005,13,Standing,878442302000,-4.9,8.05,-0.72
543006,13,Standing,878492259000,-4.9,8.31,-0.53
543007,13,Standing,878542308000,-4.67,8.58,-0.04
543008,13,Standing,878592266000,-4.63,8.73,-0.04
543009,13,Standing,878642314000,-4.44,8.89,-0.15
543010,13,Standing,878692272000,-4.4,8.73,-0.27
543011,13,Standing,878742290000,-4.82,8.5,-0.38
543012,13,Standing,878792308000,-5.09,8.35,-0.3
543013,13,Standing,878842266000,-4.79,8.5,-0.19
543014,13,Standing,878892314000,-4.52,8.66,-0.08
543015,13,Standing,878942302000,-4.75,8.47,-0.23
543016,13,Standing,878992229000,-5.09,8.47,-0.27
543017,13,Standing,879042308000,-5.13,8.5,-0.34
543018,13,Standing,879092266000,-4.99,8.39,-0.34
543019,13,Standing,879142314000,-4.94,8.47,-0.23
543020,13,Standing,879192302000,-4.86,8.5,-0.19
543021,13,Standing,879242290000,-4.71,8.54,-0.11
543022,13,Standing,879292308000,-4.52,8.66,-0.04
543023,13,Standing,879342418000,-2.87,10.34,1.99
543024,13,Standing,879392314000,-6.24,8.16,-1.65
543025,13,Standing,879442302000,-3.87,8.66,0.76
543026,13,Standing,879492290000,-4.94,8.47,-1.04
543027,13,Standing,879542308000,-5.48,8.43,0.31
543028,13,Standing,879592296000,-4.79,8.39,-0.76
543029,13,Standing,879642314000,-4.82,8.35,-0.15
543030,13,Standing,879692272000,-4.94,8.54,-0.15
543031,13,Standing,879742259000,-4.86,8.58,-0.15
543032,13,Standing,879792308000,-4.67,8.47,-0.38
543033,13,Standing,879842266000,-4.71,8.58,-0.38
543034,13,Standing,879892314000,-4.75,8.54,-0.34
543035,13,Standing,879942241000,-4.79,8.54,-0.34
543036,13,Standing,879992229000,-4.71,8.54,-0.46
543037,13,Standing,880042278000,-4.71,8.54,-0.5
543038,13,Standing,880092296000,-4.82,8.5,-0.42
543039,13,Standing,880142314000,-4.71,8.54,-0.46
543040,13,Standing,880192272000,-4.75,8.54,-0.42
543041,13,Standing,880243724000,-4.82,8.47,-0.5
543042,13,Standing,880302288000,-4.79,8.47,-0.61
543043,13,Standing,880352275000,-4.86,8.43,-0.53
543044,13,Standing,880412303000,-4.86,8.5,-0.5
543045,13,Standing,880462261000,-4.86,8.5,-0.53
543046,13,Standing,880512279000,-4.9,8.43,-0.53
543047,13,Standing,880562297000,-4.79,8.5,-0.5
543048,13,Standing,880612285000,-4.79,8.54,-0.46
543049,13,Standing,880662273000,-4.79,8.54,-0.5
543050,13,Standing,880712291000,-4.75,8.5,-0.46
543051,13,Standing,880712291000,-4.75,8.5,-0.46
543052,13,Standing,880812297000,-4.71,8.54,-0.53
543053,13,Standing,880862316000,-4.75,8.54,-0.42
543054,13,Standing,880912273000,-4.71,8.54,-0.38
543055,13,Standing,880962291000,-4.75,8.47,-0.42
543056,13,Standing,881012218000,-4.79,8.5,-0.42
543057,13,Standing,881062267000,-4.79,8.5,-0.38
543059,13,Standing,881112285000,-4.79,8.5,-0.34
543058,13,Standing,881112285000,-4.79,8.5,-0.34
543060,13,Standing,881181530000,-4.82,8.47,-0.38
543061,13,Standing,881232250000,-4.86,8.5,-0.38
543062,13,Standing,881282238000,-4.82,8.5,-0.38
543063,13,Standing,881332286000,-4.75,8.43,-0.42
543064,13,Standing,881382274000,-4.79,8.54,-0.3
543065,13,Standing,881442272000,-4.67,8.54,-0.27
543066,13,Standing,881492290000,-4.71,8.58,-0.34
543067,13,Standing,881542278000,-4.86,8.54,-0.34
543068,13,Standing,881592296000,-4.79,8.43,-0.5
543069,13,Standing,881642284000,-4.94,8.5,-0.23
543070,13,Standing,881692302000,-5.2,8.43,-0.34
543071,13,Standing,881742259000,-5.48,8.08,-0.46
543072,13,Standing,881792278000,-5.41,8.08,-0.38
543073,13,Standing,881842235000,-4.94,8.39,0.0
543074,13,Standing,881892314000,-4.44,8.81,0.38
543075,13,Standing,881942272000,-3.87,9.15,0.65
543076,13,Standing,881992229000,-3.83,9.15,0.72
543077,13,Standing,882042308000,-4.4,8.81,0.27
543078,13,Standing,882092296000,-5.13,8.28,-0.19
543079,13,Standing,882142314000,-5.48,8.05,-0.38
543080,13,Standing,882192302000,-5.43,8.12,-0.34
543081,13,Standing,882242259000,-5.09,8.43,-0.15
543082,13,Standing,882292308000,-5.01,8.54,-0.08
543083,13,Standing,882342235000,-5.05,8.54,-0.11
543084,13,Standing,882392314000,-4.4,8.66,0.11
543085,13,Standing,882442272000,-4.44,8.69,0.31
543086,13,Standing,882492259000,-4.86,8.58,0.19
543087,13,Standing,882542308000,-5.05,8.5,-0.04
543088,13,Standing,882592266000,-5.01,8.39,-0.04
543089,13,Standing,882642284000,-4.86,8.5,-0.3
543090,13,Standing,882692272000,-4.86,8.43,-0.11
543091,13,Standing,882742290000,-5.09,8.43,0.08
543092,13,Standing,882792308000,-5.05,8.39,-0.04
543093,13,Standing,882842235000,-5.09,8.43,-0.04
543094,13,Standing,882892284000,-5.09,8.39,-0.04
543095,13,Standing,882942272000,-5.09,8.35,0.04
543096,13,Standing,882992259000,-5.09,8.43,0.11
543097,13,Standing,883042308000,-5.05,8.47,0.08
543098,13,Standing,883092296000,-5.09,8.39,-0.08
543099,13,Standing,883142284000,-5.18,8.31,-0.08
543100,13,Standing,883192272000,-5.2,8.35,-0.11
543101,13,Standing,883242290000,-5.24,8.24,-0.19
543102,13,Standing,883292308000,-5.2,8.31,-0.11
543103,13,Standing,883342235000,-5.18,8.31,-0.04
543104,13,Standing,883392314000,-5.01,8.47,0.15
543105,13,Standing,883442302000,-4.99,8.5,0.23
543106,13,Standing,883492259000,-4.94,8.47,0.27
543107,13,Standing,883542308000,-4.99,8.43,0.23
543108,13,Standing,883592266000,-5.43,8.24,-0.15
543109,13,Standing,883642314000,-5.71,7.93,-0.23
543110,13,Standing,883692272000,-5.33,8.28,-0.19
543111,13,Standing,883742259000,-5.05,8.47,0.08
543112,13,Standing,883792308000,-4.99,8.5,0.27
543113,13,Standing,883842235000,-5.05,8.35,0.27
543114,13,Standing,883912364000,-5.01,8.31,-0.11
543115,13,Standing,883962230000,-5.18,8.39,-0.04
543116,13,Standing,884012248000,-5.18,8.35,-0.08
543117,13,Standing,884062236000,-5.18,8.47,-0.04
543118,13,Standing,884112316000,-4.94,8.54,0.04
543119,13,Standing,884162303000,-5.01,8.43,0.0
543120,13,Standing,884212291000,-4.99,8.39,0.04
543121,13,Standing,884262310000,-4.94,8.47,0.15
543122,13,Standing,884312328000,-4.86,8.54,0.19
543123,13,Standing,884362316000,-4.99,8.5,0.15
543124,13,Standing,884412273000,-4.99,8.43,0.15
543125,13,Standing,884462291000,-4.9,8.54,0.19
543126,13,Standing,884512279000,-4.86,8.5,0.19
543127,13,Standing,884562297000,-4.94,8.47,0.15
543128,13,Standing,884612316000,-5.05,8.39,0.04
543129,13,Standing,884662273000,-5.05,8.39,-0.04
543130,13,Standing,884712291000,-5.09,8.47,0.11
543131,13,Standing,884762279000,-4.99,8.47,0.08
543132,13,Standing,884812267000,-5.01,8.47,0.0
543133,13,Standing,884862316000,-5.09,8.39,0.0
543134,13,Standing,884912273000,-5.09,8.43,-0.04
543135,13,Standing,884962291000,-5.05,8.39,-0.08
543136,13,Standing,885012279000,-4.99,8.39,-0.11
543137,13,Standing,885062267000,-5.01,8.39,0.0
543138,13,Standing,885112346000,-5.09,8.43,0.08
543139,13,Standing,885162273000,-5.09,8.43,0.15
543140,13,Standing,885212291000,-5.01,8.39,0.11
543141,13,Standing,885262310000,-4.99,8.5,0.11
543142,13,Standing,885312297000,-4.94,8.47,0.04
543143,13,Standing,885362316000,-5.01,8.43,0.04
543144,13,Standing,885412273000,-4.99,8.43,0.04
