,user,label,timestamp,x,y,z
567712,16,Standing,58503132305000,1.12,9.92,0.15
567713,16,Standing,58503182293000,1.14,9.89,0.23
567714,16,Standing,58503232311000,1.12,9.92,0.23
567715,16,Standing,58503282269000,1.12,9.89,0.23
567716,16,Standing,58503332317000,1.08,9.92,0.19
567717,16,Standing,58503382305000,1.12,9.89,0.19
567718,16,Standing,58503432293000,1.14,9.85,0.19
567719,16,Standing,58503482311000,1.12,9.92,0.27
567720,16,Standing,58503532299000,1.08,9.89,0.23
567721,16,Standing,58503582317000,1.18,9.89,0.27
567722,16,Standing,58503632305000,1.08,9.92,0.23
567723,16,Standing,58503682293000,1.14,9.92,0.19
567724,16,Standing,58503732281000,1.14,9.89,0.19
567725,16,Standing,58503782299000,1.12,9.92,0.23
567726,16,Standing,58503832348000,1.04,9.89,0.23
567727,16,Standing,58503882305000,1.12,9.89,0.23
567728,16,Standing,58503932293000,1.08,9.92,0.23
567729,16,Standing,58503982281000,1.12,9.92,0.23
567730,16,Standing,58504032299000,1.08,9.96,0.23
567731,16,Standing,58504082287000,1.08,9.89,0.23
567732,16,Standing,58504132305000,1.04,9.89,0.19
567733,16,Standing,58504182293000,1.12,9.89,0.23
567734,16,Standing,58504232311000,1.04,9.92,0.15
567735,16,Standing,58504282299000,1.08,9.92,0.19
567736,16,Standing,58504332317000,1.12,9.89,0.11
567737,16,Standing,58504382336000,1.04,9.92,0.19
567738,16,Standing,58504432263000,1.08,9.92,0.19
567739,16,Standing,58504482281000,1.08,9.92,0.15
567740,16,Standing,58504532299000,1.12,9.92,0.23
567741,16,Standing,58504582317000,1.08,9.92,0.19
567742,16,Standing,58504632275000,1.08,9.89,0.19
567743,16,Standing,58504682263000,1.08,9.89,0.23
567744,16,Standing,58504732281000,1.08,9.89,0.19
567745,16,Standing,58504782299000,1.04,9.89,0.23
567746,16,Standing,58504832317000,1.12,9.89,0.11
567747,16,Standing,58504882641000,1.08,9.89,0.19
567748,16,Standing,58504932324000,1.08,9.92,0.15
567749,16,Standing,58504982311000,1.12,9.92,0.23
567750,16,Standing,58505032299000,0.99,9.89,0.23
567751,16,Standing,58505082317000,1.08,9.92,0.23
567752,16,Standing,58505132336000,1.12,9.89,0.19
567753,16,Standing,58505182293000,1.14,9.92,0.23
567754,16,Standing,58505232311000,1.08,9.92,0.19
567755,16,Standing,58505232311000,1.08,9.92,0.19
567756,16,Standing,58505332440000,1.04,9.96,0.23
567757,16,Standing,58505382275000,1.12,9.92,0.19
567758,16,Standing,58505432415000,1.08,9.92,0.15
567759,16,Standing,58505482220000,1.08,9.89,0.19
567760,16,Standing,58505532299000,1.12,9.92,0.19
567761,16,Standing,58505582287000,1.12,9.89,0.19
567762,16,Standing,58505632336000,1.04,9.92,0.15
567763,16,Standing,58505682293000,1.12,9.92,0.15
567764,16,Standing,58505732311000,1.08,9.92,0.15
567765,16,Standing,58505782269000,1.12,9.89,0.15
567766,16,Standing,58505832226000,1.08,9.92,0.15
567767,16,Standing,58505882305000,1.12,9.92,0.15
567768,16,Standing,58505932293000,1.04,9.89,0.19
567769,16,Standing,58505982311000,1.04,9.92,0.15
567770,16,Standing,58506032269000,1.04,9.92,0.19
567771,16,Standing,58506032269000,1.04,9.92,0.19
567772,16,Standing,58506132275000,1.04,9.89,0.23
567773,16,Standing,58506182293000,1.04,9.92,0.23
567774,16,Standing,58506232311000,1.08,9.89,0.23
567775,16,Standing,58506282299000,1.04,9.96,0.19
567776,16,Standing,58506332317000,0.99,9.92,0.19
567777,16,Standing,58506382397000,1.04,9.89,0.19
567778,16,Standing,58506432293000,1.04,9.92,0.15
567779,16,Standing,58506482311000,1.04,9.96,0.11
567780,16,Standing,58506532269000,1.04,9.89,0.15
567781,16,Standing,58506582287000,1.08,9.89,0.15
567782,16,Standing,58506632305000,1.04,9.92,0.19
567783,16,Standing,58506682263000,0.95,9.92,0.19
567784,16,Standing,58506732311000,1.04,9.89,0.19
567785,16,Standing,58506782299000,0.99,9.92,0.19
567786,16,Standing,58506832317000,1.08,9.89,0.15
567787,16,Standing,58506882641000,1.04,9.89,0.19
567788,16,Standing,58506932263000,1.04,9.92,0.19
567789,16,Standing,58506982281000,1.08,9.92,0.19
567790,16,Standing,58507032269000,1.08,9.92,0.15
567791,16,Standing,58507082317000,1.04,9.92,0.23
567792,16,Standing,58507132305000,1.08,9.89,0.19
567793,16,Standing,58507132305000,1.08,9.89,0.19
567794,16,Standing,58507132305000,1.08,9.89,0.19
567795,16,Standing,58507282269000,1.08,9.92,0.19
567796,16,Standing,58507332287000,1.12,9.92,0.19
567797,16,Standing,58507382275000,1.08,9.92,0.19
567798,16,Standing,58507382275000,1.08,9.92,0.19
567799,16,Standing,58507482311000,1.08,9.89,0.15
567800,16,Standing,58507532299000,0.99,9.89,0.23
567801,16,Standing,58507582317000,1.04,9.92,0.23
567802,16,Standing,58507632336000,1.08,9.89,0.19
567803,16,Standing,58507682263000,1.12,9.89,0.19
567804,16,Standing,58507732281000,1.12,9.92,0.19
567805,16,Standing,58507782299000,1.14,9.89,0.15
567806,16,Standing,58507832348000,1.12,9.92,0.23
567807,16,Standing,58507882275000,1.18,9.92,0.23
567808,16,Standing,58507932293000,1.18,9.89,0.15
567809,16,Standing,58507982311000,1.08,9.92,0.19
567810,16,Standing,58508032299000,1.14,9.89,0.15
567811,16,Standing,58508082317000,1.12,9.96,0.19
567812,16,Standing,58508132305000,1.18,9.89,0.15
567813,16,Standing,58508182324000,1.14,9.92,0.15
567814,16,Standing,58508232311000,1.08,9.92,0.19
567815,16,Standing,58508282269000,0.99,9.92,0.19
567816,16,Standing,58508332287000,0.89,9.92,0.19
567817,16,Standing,58508382305000,1.04,9.92,0.15
567818,16,Standing,58508432324000,0.99,9.96,0.23
567819,16,Standing,58508482311000,1.08,9.92,0.15
567820,16,Standing,58508532604000,1.08,9.89,0.19
567821,16,Standing,58508582317000,1.04,9.92,0.19
567822,16,Standing,58508632305000,1.08,9.92,0.27
567824,16,Standing,58508682293000,1.04,9.92,0.15
567823,16,Standing,58508682293000,1.04,9.92,0.15
567825,16,Standing,58508782269000,0.95,9.92,0.15
567826,16,Standing,58508832317000,1.04,9.96,0.15
567827,16,Standing,58508882305000,0.95,9.92,0.08
567828,16,Standing,58508932324000,1.04,9.89,0.11
567829,16,Standing,58508982311000,0.99,9.96,0.19
567830,16,Standing,58509032330000,0.95,9.96,0.11
567831,16,Standing,58509082317000,0.95,9.92,0.19
567832,16,Standing,58509132305000,1.04,9.89,0.15
567834,16,Standing,58509182263000,1.04,9.92,0.15
567833,16,Standing,58509182263000,1.04,9.92,0.15
567835,16,Standing,58509282269000,0.95,9.92,0.19
567836,16,Standing,58509332287000,1.04,9.92,0.19
567837,16,Standing,58509382275000,1.04,9.92,0.15
567838,16,Standing,58509432293000,1.08,9.89,0.15
567839,16,Standing,58509482281000,1.12,9.92,0.15
567840,16,Standing,58509532269000,1.04,9.92,0.23
567841,16,Standing,58509582287000,1.04,9.89,0.23
567842,16,Standing,58509632275000,0.99,9.89,0.23
567843,16,Standing,58509682263000,0.99,10.0,0.19
567844,16,Standing,58509732281000,0.99,9.92,0.19
567845,16,Standing,58509782299000,0.84,10.0,0.34
567846,16,Standing,58509832348000,0.99,9.89,0.23
567847,16,Standing,58509882305000,1.12,9.92,0.15
567848,16,Standing,58509932263000,1.18,9.85,0.15
567849,16,Standing,58509982281000,1.08,9.89,0.15
567850,16,Standing,58510032299000,1.04,9.89,0.04
567851,16,Standing,58510082317000,1.08,9.92,0.15
567852,16,Standing,58510132305000,1.04,9.96,0.27
567853,16,Standing,58510182293000,1.14,9.89,0.15
567855,16,Standing,58510232281000,1.12,9.89,0.11
567854,16,Standing,58510232281000,1.12,9.89,0.11
567856,16,Standing,58510287487000,1.14,9.92,0.04
567857,16,Standing,58510342297000,1.04,9.92,0.11
567858,16,Standing,58510392315000,1.04,9.89,0.11
567859,16,Standing,58510442303000,1.14,9.89,0.08
567860,16,Standing,58510492291000,1.12,9.89,0.11
567861,16,Standing,58510542339000,1.08,9.92,0.15
567862,16,Standing,58510592297000,1.04,9.89,0.15
567863,16,Standing,58510642315000,1.04,9.92,0.08
567864,16,Standing,58510692303000,0.99,9.92,0.11
567865,16,Standing,58510742321000,0.99,9.89,0.11
567866,16,Standing,58510802319000,1.12,9.92,0.15
567867,16,Standing,58510852245000,0.95,9.92,0.15
567868,16,Standing,58510902325000,1.08,9.96,0.19
567869,16,Standing,58510962292000,0.95,9.96,0.15
567870,16,Standing,58511012219000,0.95,9.89,0.19
567871,16,Standing,58511062298000,0.93,9.92,0.19
567872,16,Standing,58511112377000,1.12,9.85,0.23
567873,16,Standing,58511162335000,1.12,9.92,0.31
567874,16,Standing,58511212292000,1.04,9.92,0.31
567875,16,Standing,58511262371000,1.18,9.89,0.23
567876,16,Standing,58511312298000,1.14,9.85,0.23
567877,16,Standing,58511362347000,0.95,9.92,0.27
567878,16,Standing,58511412335000,0.93,9.89,0.27
567879,16,Standing,58511462322000,0.99,9.96,0.19
567880,16,Standing,58511512341000,0.95,9.92,0.23
567881,16,Standing,58511562298000,0.93,9.92,0.23
567882,16,Standing,58511612347000,1.08,9.89,0.23
567883,16,Standing,58511662365000,1.14,9.92,0.34
567884,16,Standing,58511712292000,1.23,9.92,0.34
567885,16,Standing,58511762310000,1.04,9.92,0.34
567886,16,Standing,58511812328000,1.23,9.89,0.19
567887,16,Standing,58511862347000,0.99,9.92,0.15
567888,16,Standing,58511912304000,0.99,9.92,0.27
567889,16,Standing,58511962292000,1.14,9.92,0.23
567890,16,Standing,58512012249000,1.08,9.96,0.31
567891,16,Standing,58512062359000,1.23,9.89,0.23
567892,16,Standing,58512112316000,1.04,9.89,0.27
567893,16,Standing,58512162365000,0.95,9.96,0.31
567894,16,Standing,58512212322000,1.14,9.89,0.23
567895,16,Standing,58512262341000,1.12,9.92,0.31
567896,16,Standing,58512312328000,1.04,9.89,0.27
567897,16,Standing,58512362347000,0.93,9.92,0.23
567898,16,Standing,58512412304000,0.99,9.92,0.23
567899,16,Standing,58512462292000,1.04,9.92,0.23
567900,16,Standing,58512512341000,1.14,9.89,0.19
567901,16,Standing,58512562328000,1.04,9.92,0.23
567902,16,Standing,58512612316000,0.95,10.0,0.23
567903,16,Standing,58512662304000,0.95,9.92,0.19
567905,16,Standing,58512712322000,0.99,9.89,0.23
567904,16,Standing,58512712322000,0.99,9.89,0.23
567906,16,Standing,58512812298000,0.99,9.92,0.23
567907,16,Standing,58512862347000,0.99,9.89,0.15
567908,16,Standing,58512912335000,0.95,9.92,0.19
567909,16,Standing,58512962322000,1.04,9.89,0.15
567910,16,Standing,58513012219000,0.99,9.92,0.19
567911,16,Standing,58513062298000,1.04,9.89,0.19
