,user,label,timestamp,x,y,z
856797,21,Standing,118727901587000,-1.23,9.34,1.23
856798,21,Standing,118727982031000,-1.27,9.3,1.18
856799,21,Standing,118728021613000,-1.23,9.34,1.18
856800,21,Standing,118728061530000,-1.18,9.38,1.14
856801,21,Standing,118728101660000,-1.23,9.34,1.18
856802,21,Standing,118728181525000,-1.12,9.3,1.14
856803,21,Standing,118728221472000,-1.14,9.34,1.27
856804,21,Standing,118728261511000,-1.18,9.3,1.18
856805,21,Standing,118728301642000,-1.18,9.3,1.14
856806,21,Standing,118728383856000,-1.27,9.34,1.18
856807,21,Standing,118728424231000,-1.23,9.38,1.12
856808,21,Standing,118728461493000,-1.23,9.3,1.12
856809,21,Standing,118728501624000,-1.23,9.3,1.14
856810,21,Standing,118728581488000,-1.23,9.43,1.27
856811,21,Standing,118728621466000,-1.23,9.34,1.14
856812,21,Standing,118728661597000,-1.18,9.3,1.18
856813,21,Standing,118728701605000,-1.18,9.34,1.14
856814,21,Standing,118728781470000,-1.18,9.38,1.14
856815,21,Standing,118728821478000,-1.18,9.34,1.14
856816,21,Standing,118728861487000,-1.14,9.3,1.14
856817,21,Standing,118728901648000,-1.14,9.34,1.14
856818,21,Standing,118728981482000,-1.23,9.34,1.23
856819,21,Standing,118729021521000,-1.14,9.34,1.23
856820,21,Standing,118729072760000,-1.23,9.38,1.18
856821,21,Standing,118729111578000,-1.23,9.3,1.23
856822,21,Standing,118729151495000,-1.38,9.34,1.23
856823,21,Standing,118729231482000,-1.27,9.43,1.14
856824,21,Standing,118729271521000,-1.27,9.3,1.18
856825,21,Standing,118729311407000,-1.18,9.34,1.14
856826,21,Standing,118729351508000,-1.23,9.34,1.14
856827,21,Standing,118729431494000,-1.18,9.34,1.23
856828,21,Standing,118729471411000,-1.12,9.34,1.27
856829,21,Standing,118729511450000,-1.14,9.38,1.23
856830,21,Standing,118729551489000,-1.18,9.34,1.18
856831,21,Standing,118729591528000,-1.14,9.3,1.27
856832,21,Standing,118729671515000,-1.14,9.34,1.31
856833,21,Standing,118729711462000,-1.14,9.38,1.27
856834,21,Standing,118729751471000,-1.18,9.3,1.27
856835,21,Standing,118729831458000,-1.23,9.3,1.23
856836,21,Standing,118729871466000,-1.12,9.3,1.27
856837,21,Standing,118729911444000,-1.18,9.34,1.31
856838,21,Standing,118729951544000,-1.14,9.3,1.31
856839,21,Standing,118730031531000,-1.14,9.3,1.27
856840,21,Standing,118730071417000,-1.18,9.38,1.31
856841,21,Standing,118730111395000,-1.18,9.3,1.27
856842,21,Standing,118730151465000,-1.18,9.34,1.27
856843,21,Standing,118730231512000,-1.23,9.43,1.42
856844,21,Standing,118730271521000,-1.18,9.28,1.33
856845,21,Standing,118730311438000,-1.18,9.3,1.31
856846,21,Standing,118730351508000,-1.14,9.34,1.31
856847,21,Standing,118730432043000,-1.27,9.34,1.38
856848,21,Standing,118730472205000,-1.14,9.34,1.27
856849,21,Standing,118730511450000,-1.18,9.34,1.27
856850,21,Standing,118730551489000,-1.18,9.3,1.23
856851,21,Standing,118730631476000,-1.23,9.3,1.23
856852,21,Standing,118730671484000,-1.18,9.34,1.18
856853,21,Standing,118730711493000,-1.23,9.34,1.27
856854,21,Standing,118730751532000,-1.27,9.34,1.27
856855,21,Standing,118730831519000,-1.27,9.3,1.23
856856,21,Standing,118730871497000,-1.23,9.34,1.18
856857,21,Standing,118730911444000,-1.31,9.3,1.18
856858,21,Standing,118730951666000,-1.31,9.38,1.27
856859,21,Standing,118731031500000,-1.27,9.3,1.23
856860,21,Standing,118731071478000,-1.27,9.34,1.23
856861,21,Standing,118731111395000,-1.23,9.34,1.18
856862,21,Standing,118731151465000,-1.27,9.34,1.18
856863,21,Standing,118731231482000,-1.23,9.3,1.14
856864,21,Standing,118731271521000,-1.27,9.34,1.14
856865,21,Standing,118731311407000,-1.27,9.34,1.23
856866,21,Standing,118731351477000,-1.31,9.34,1.23
856867,21,Standing,118731431555000,-1.23,9.38,1.23
856868,21,Standing,118731471594000,-1.18,9.34,1.23
856869,21,Standing,118731511450000,-1.18,9.3,1.27
856870,21,Standing,118731551489000,-1.23,9.34,1.27
856871,21,Standing,118731631445000,-1.27,9.3,1.31
856872,21,Standing,118731679724000,-1.23,9.34,1.27
856873,21,Standing,118731679724000,-1.23,9.34,1.27
856874,21,Standing,118731761481000,-1.18,9.3,1.23
856875,21,Standing,118731801672000,-1.27,9.34,1.31
856876,21,Standing,118731881445000,-1.27,9.34,1.27
856877,21,Standing,118731921515000,-1.27,9.34,1.31
856878,21,Standing,118731961493000,-1.18,9.3,1.31
856879,21,Standing,118732001746000,-1.31,9.3,1.27
856880,21,Standing,118732081488000,-1.27,9.3,1.23
856881,21,Standing,118732121527000,-1.27,9.34,1.31
856882,21,Standing,118732161505000,-1.23,9.34,1.27
856883,21,Standing,118732201605000,-1.18,9.34,1.27
856884,21,Standing,118732281500000,-1.23,9.34,1.27
856885,21,Standing,118732321509000,-1.27,9.38,1.27
856886,21,Standing,118732361517000,-1.23,9.34,1.23
856889,21,Standing,118732531256000,-1.23,9.34,1.23
856888,21,Standing,118732531256000,-1.23,9.34,1.23
856887,21,Standing,118732531256000,-1.23,9.34,1.23
856890,21,Standing,118732571448000,-1.23,9.3,1.18
856891,21,Standing,118732611426000,-1.23,9.34,1.23
856892,21,Standing,118732651495000,-1.31,9.34,1.27
856893,21,Standing,118732731482000,-1.27,9.3,1.31
856894,21,Standing,118732771490000,-1.27,9.34,1.27
856895,21,Standing,118732811438000,-1.23,9.34,1.23
856896,21,Standing,118732851508000,-1.23,9.34,1.18
856897,21,Standing,118732931494000,-1.23,9.34,1.23
856898,21,Standing,118732931494000,-1.23,9.34,1.23
856899,21,Standing,118733011450000,-1.23,9.3,1.23
856900,21,Standing,118733051520000,-1.23,9.34,1.27
856901,21,Standing,118733131415000,-1.27,9.38,1.18
856902,21,Standing,118733171515000,-1.27,9.3,1.23
856903,21,Standing,118733211554000,-1.23,9.3,1.27
856904,21,Standing,118733251532000,-1.23,9.38,1.27
856905,21,Standing,118733331488000,-1.14,9.34,1.27
856906,21,Standing,118733371436000,-1.14,9.3,1.27
856907,21,Standing,118733411444000,-1.18,9.28,1.27
856908,21,Standing,118733451514000,-1.23,9.34,1.31
856909,21,Standing,118733531470000,-1.18,9.38,1.27
856910,21,Standing,118733571509000,-1.23,9.34,1.31
856911,21,Standing,118733611456000,-1.18,9.34,1.23
856912,21,Standing,118733651495000,-1.23,9.3,1.27
856913,21,Standing,118733731451000,-1.18,9.38,1.27
856914,21,Standing,118733771460000,-1.27,9.34,1.27
856915,21,Standing,118733811499000,-1.23,9.3,1.27
856916,21,Standing,118733851477000,-1.18,9.34,1.27
856917,21,Standing,118733935400000,-1.23,9.34,1.23
856918,21,Standing,118733971655000,-1.23,9.34,1.18
856919,21,Standing,118734011481000,-1.23,9.34,1.23
856920,21,Standing,118734051520000,-1.23,9.3,1.27
856921,21,Standing,118734131384000,-1.23,9.3,1.23
856922,21,Standing,118734131384000,-1.23,9.3,1.23
856923,21,Standing,118734211462000,-1.23,9.34,1.23
856924,21,Standing,118734211462000,-1.23,9.34,1.23
856925,21,Standing,118734331458000,-1.23,9.34,1.23
856926,21,Standing,118734371436000,-1.23,9.3,1.27
856927,21,Standing,118734411444000,-1.23,9.34,1.23
856928,21,Standing,118734451483000,-1.23,9.34,1.27
856929,21,Standing,118734536322000,-1.23,9.34,1.23
856930,21,Standing,118734572485000,-1.18,9.34,1.27
856931,21,Standing,118734611456000,-1.23,9.34,1.23
856932,21,Standing,118734651495000,-1.23,9.34,1.31
856933,21,Standing,118734731757000,-1.23,9.34,1.31
856934,21,Standing,118734771490000,-1.23,9.3,1.27
856935,21,Standing,118734811499000,-1.27,9.3,1.27
856936,21,Standing,118734851477000,-1.27,9.34,1.27
856937,21,Standing,118734931677000,-1.23,9.34,1.23
856938,21,Standing,118734971503000,-1.18,9.34,1.27
856939,21,Standing,118734971503000,-1.18,9.34,1.27
856940,21,Standing,118735051489000,-1.27,9.3,1.18
856941,21,Standing,118735131384000,-1.27,9.34,1.18
856942,21,Standing,118735171484000,-1.18,9.34,1.23
856943,21,Standing,118735211493000,-1.27,9.38,1.23
856944,21,Standing,118735251471000,-1.18,9.3,1.18
856945,21,Standing,118735331458000,-1.23,9.34,1.23
856946,21,Standing,118735371466000,-1.18,9.34,1.23
856947,21,Standing,118735411383000,-1.27,9.34,1.23
856948,21,Standing,118735451483000,-1.23,9.34,1.23
856949,21,Standing,118735451483000,-1.23,9.34,1.23
856950,21,Standing,118735571478000,-1.27,9.34,1.14
856951,21,Standing,118735611426000,-1.23,9.3,1.14
856952,21,Standing,118735651404000,-1.27,9.34,1.27
856953,21,Standing,118735731482000,-1.23,9.34,1.23
856954,21,Standing,118735771521000,-1.18,9.34,1.23
856955,21,Standing,118735811499000,-1.23,9.34,1.23
856956,21,Standing,118735851508000,-1.27,9.3,1.18
856957,21,Standing,118735935309000,-1.18,9.34,1.18
856958,21,Standing,118735971564000,-1.23,9.3,1.18
856959,21,Standing,118736011450000,-1.18,9.34,1.18
856960,21,Standing,118736051489000,-1.27,9.34,1.27
856961,21,Standing,118736131384000,-1.18,9.3,1.18
856962,21,Standing,118736171484000,-1.23,9.34,1.23
856963,21,Standing,118736171484000,-1.23,9.34,1.23
856964,21,Standing,118736251471000,-1.18,9.34,1.18
856965,21,Standing,118736331458000,-1.18,9.34,1.27
856966,21,Standing,118736371436000,-1.18,9.34,1.31
856967,21,Standing,118736411475000,-1.23,9.34,1.27
856968,21,Standing,118736451514000,-1.18,9.3,1.27
856970,21,Standing,118736531500000,-1.31,9.34,1.31
856969,21,Standing,118736531500000,-1.31,9.34,1.31
856971,21,Standing,118736631476000,-1.27,9.3,1.18
856972,21,Standing,118736671484000,-1.27,9.3,1.23
856973,21,Standing,118736721716000,-1.14,9.38,1.23
856974,21,Standing,118736761298000,-1.18,9.34,1.18
856975,21,Standing,118736801825000,-1.18,9.3,1.23
856976,21,Standing,118736881476000,-1.18,9.3,1.27
856977,21,Standing,118736921484000,-1.27,9.38,1.31
856978,21,Standing,118736962866000,-1.18,9.3,1.27
856979,21,Standing,118737001593000,-1.18,9.34,1.27
856980,21,Standing,118737001593000,-1.18,9.34,1.27
856981,21,Standing,118737001593000,-1.18,9.34,1.27
856982,21,Standing,118737161475000,-1.23,9.3,1.31
856983,21,Standing,118737201605000,-1.18,9.34,1.33
856984,21,Standing,118737281470000,-1.18,9.34,1.31
856985,21,Standing,118737321478000,-1.23,9.47,1.27
856986,21,Standing,118737361517000,-1.18,9.3,1.33
856987,21,Standing,118737401526000,-1.23,9.34,1.31
856988,21,Standing,118737481451000,-1.18,9.34,1.33
856989,21,Standing,118737521460000,-1.23,9.34,1.38
856990,21,Standing,118737571417000,-1.27,9.38,1.33
856991,21,Standing,118737611426000,-1.27,9.34,1.33
856992,21,Standing,118737651526000,-1.23,9.3,1.27
856993,21,Standing,118737691534000,-1.23,9.34,1.31
856994,21,Standing,118737751410000,-1.23,9.3,1.31
856995,21,Standing,118737831458000,-1.14,9.3,1.33
856996,21,Standing,118737871466000,-1.18,9.28,1.33
