,user,label,timestamp,x,y,z
857997,21,Standing,118787941290000,-1.12,9.28,1.5
857998,21,Standing,118787981909000,-1.12,9.3,1.46
857999,21,Standing,118788024268000,-1.18,9.34,1.42
858000,21,Standing,118788061621000,-1.18,9.3,1.46
858001,21,Standing,118788101538000,-1.08,9.28,1.5
858002,21,Standing,118788181494000,-1.12,9.3,1.38
858003,21,Standing,118788226386000,-1.14,9.28,1.33
858004,21,Standing,118788263617000,-1.18,9.28,1.38
858005,21,Standing,118788301520000,-1.18,9.43,1.31
858006,21,Standing,118788381445000,-1.27,9.34,1.23
858007,21,Standing,118788421484000,-1.31,9.28,1.14
858009,21,Standing,118788461615000,-1.31,9.34,1.23
858008,21,Standing,118788461615000,-1.31,9.34,1.23
858010,21,Standing,118788581488000,-1.18,9.3,1.18
858011,21,Standing,118788621497000,-1.14,9.38,1.27
858012,21,Standing,118788661749000,-1.14,9.3,1.23
858013,21,Standing,118788701575000,-1.12,9.34,1.33
858014,21,Standing,118788781500000,-1.14,9.34,1.33
858015,21,Standing,118788821509000,-1.12,9.28,1.31
858016,21,Standing,118788861517000,-1.14,9.38,1.27
858017,21,Standing,118788901495000,-1.18,9.3,1.31
858018,21,Standing,118788982062000,-1.23,9.34,1.31
858019,21,Standing,118789023505000,-1.18,9.43,1.33
858020,21,Standing,118789062109000,-1.12,9.3,1.31
858021,21,Standing,118789102179000,-1.14,9.34,1.31
858022,21,Standing,118789181494000,-1.14,9.34,1.33
858023,21,Standing,118789221564000,-1.18,9.3,1.27
858024,21,Standing,118789261481000,-1.14,9.3,1.38
858025,21,Standing,118789301550000,-1.23,9.3,1.38
858026,21,Standing,118789381537000,-1.23,9.34,1.42
858027,21,Standing,118789421515000,-1.18,9.28,1.42
858028,21,Standing,118789461523000,-1.14,9.3,1.38
858029,21,Standing,118789501593000,-1.18,9.28,1.42
858030,21,Standing,118789581519000,-1.14,9.3,1.33
858031,21,Standing,118789581519000,-1.14,9.3,1.33
858032,21,Standing,118789661444000,-1.18,9.28,1.31
858033,21,Standing,118789702856000,-1.18,9.28,1.33
858034,21,Standing,118789781500000,-1.12,9.28,1.31
858035,21,Standing,118789821478000,-1.18,9.34,1.31
858036,21,Standing,118789861487000,-1.18,9.34,1.27
858037,21,Standing,118789861487000,-1.18,9.34,1.27
858038,21,Standing,118789981482000,-1.14,9.3,1.27
858039,21,Standing,118790024146000,-1.14,9.38,1.31
858040,21,Standing,118790061499000,-1.18,9.3,1.33
858041,21,Standing,118790101630000,-1.18,9.34,1.31
858042,21,Standing,118790181494000,-1.27,9.34,1.31
858043,21,Standing,118790221503000,-1.23,9.34,1.27
858044,21,Standing,118790261511000,-1.27,9.3,1.33
858045,21,Standing,118790301489000,-1.23,9.34,1.33
858046,21,Standing,118790381445000,-1.23,9.3,1.31
858047,21,Standing,118790421484000,-1.14,9.3,1.33
858048,21,Standing,118790461523000,-1.12,9.38,1.33
858049,21,Standing,118790501440000,-1.14,9.34,1.38
858050,21,Standing,118790581519000,-1.18,9.34,1.38
858051,21,Standing,118790621497000,-1.23,9.38,1.33
858052,21,Standing,118790661475000,-1.23,9.3,1.38
858053,21,Standing,118790701453000,-1.18,9.3,1.42
858055,21,Standing,118790781500000,-1.08,9.28,1.38
858054,21,Standing,118790781500000,-1.08,9.28,1.38
858056,21,Standing,118790861487000,-1.08,9.3,1.5
858057,21,Standing,118790901587000,-1.08,9.3,1.42
858058,21,Standing,118790981665000,-1.12,9.28,1.46
858059,21,Standing,118791024420000,-1.14,9.3,1.5
858060,21,Standing,118791061499000,-1.12,9.28,1.46
858061,21,Standing,118791101569000,-1.14,9.34,1.53
858062,21,Standing,118791181494000,-1.27,9.34,1.53
858063,21,Standing,118791221503000,-1.27,9.3,1.53
858064,21,Standing,118791261481000,-1.31,9.3,1.38
858065,21,Standing,118791301520000,-1.23,9.3,1.38
858066,21,Standing,118791381476000,-1.08,9.34,1.53
858067,21,Standing,118791421545000,-1.04,9.19,1.42
858068,21,Standing,118791461462000,-0.99,9.3,1.46
858069,21,Standing,118791501501000,-1.04,9.3,1.5
858070,21,Standing,118791581488000,-1.33,9.3,1.38
858071,21,Standing,118791621497000,-1.31,9.34,1.38
858072,21,Standing,118791661505000,-1.33,9.28,1.38
858073,21,Standing,118791701514000,-1.31,9.38,1.33
858074,21,Standing,118791741583000,-1.23,9.34,1.38
858075,21,Standing,118791833655000,-1.23,9.3,1.18
858076,21,Standing,118791871375000,-1.23,9.58,1.33
858077,21,Standing,118791911505000,-0.99,9.38,1.12
858078,21,Standing,118791951514000,-1.12,9.08,0.91
858079,21,Standing,118792031897000,-1.08,9.3,1.42
858080,21,Standing,118792074133000,-1.42,9.43,1.31
858081,21,Standing,118792111487000,-0.93,9.43,1.46
858082,21,Standing,118792151495000,-0.89,9.3,1.33
858083,21,Standing,118792231482000,-0.95,9.47,1.38
858084,21,Standing,118792271460000,-1.12,9.34,1.33
858085,21,Standing,118792311499000,-1.27,9.28,1.33
858086,21,Standing,118792351508000,-1.23,9.23,1.31
858087,21,Standing,118792431403000,-1.08,9.28,1.5
858088,21,Standing,118792471594000,-1.08,9.34,1.46
858089,21,Standing,118792511481000,-1.14,9.3,1.38
858090,21,Standing,118792551520000,-1.08,9.19,1.5
858091,21,Standing,118792631476000,-0.95,9.23,1.38
858092,21,Standing,118792671484000,-1.04,9.43,1.18
858093,21,Standing,118792711523000,-1.27,9.28,1.31
858094,21,Standing,118792751471000,-1.14,9.23,1.27
858095,21,Standing,118792831488000,-1.12,9.47,1.33
858096,21,Standing,118792871466000,-0.95,9.23,1.42
858097,21,Standing,118792911475000,-0.8,9.23,1.53
858098,21,Standing,118792992133000,-0.8,9.28,1.5
858099,21,Standing,118793031500000,-0.93,9.28,1.38
858100,21,Standing,118793071478000,-1.08,9.34,1.18
858101,21,Standing,118793111548000,-1.18,9.43,1.27
858102,21,Standing,118793151495000,-1.38,9.38,1.23
858103,21,Standing,118793231482000,-1.38,9.34,1.08
858104,21,Standing,118793271429000,-1.38,9.38,0.99
858105,21,Standing,118793311469000,-1.14,9.34,1.08
858106,21,Standing,118793351538000,-1.04,9.38,1.14
858107,21,Standing,118793431433000,-1.04,9.3,1.14
858108,21,Standing,118793471503000,-1.08,9.38,1.08
858109,21,Standing,118793511481000,-1.14,9.38,1.12
858110,21,Standing,118793551520000,-1.12,9.28,1.12
858111,21,Standing,118793631476000,-1.04,9.43,1.14
858112,21,Standing,118793671576000,-1.08,9.3,1.12
858113,21,Standing,118793711523000,-1.14,9.34,1.12
858114,21,Standing,118793751532000,-1.12,9.38,1.08
858115,21,Standing,118793791571000,-1.08,9.43,1.12
858116,21,Standing,118793881445000,-1.08,9.34,1.18
858117,21,Standing,118793921515000,-1.04,9.38,1.18
858118,21,Standing,118793961646000,-0.99,9.34,1.18
858119,21,Standing,118794001501000,-0.99,9.28,1.23
858120,21,Standing,118794081519000,-0.99,9.3,1.18
858121,21,Standing,118794121466000,-1.08,9.34,1.14
858122,21,Standing,118794161444000,-1.08,9.3,1.14
858123,21,Standing,118794201544000,-1.12,9.34,1.12
858124,21,Standing,118794281470000,-1.12,9.3,1.14
858125,21,Standing,118794321478000,-1.08,9.34,1.18
858126,21,Standing,118794361487000,-1.08,9.34,1.14
858127,21,Standing,118794401495000,-1.14,9.38,1.14
858128,21,Standing,118794481482000,-1.12,9.34,1.23
858129,21,Standing,118794521490000,-1.04,9.43,1.23
858130,21,Standing,118794561499000,-1.12,9.38,1.14
858131,21,Standing,118794601508000,-1.08,9.34,1.12
858132,21,Standing,118794681494000,-1.12,9.3,1.23
858133,21,Standing,118794721533000,-1.04,9.23,1.31
858134,21,Standing,118794841254000,-0.99,9.34,1.31
858135,21,Standing,118794841254000,-0.99,9.34,1.31
858136,21,Standing,118794881934000,-0.99,9.3,1.31
858137,21,Standing,118794921545000,-1.04,9.34,1.31
858138,21,Standing,118794961584000,-1.08,9.38,1.27
858139,21,Standing,118795001563000,-1.04,9.34,1.18
858140,21,Standing,118795041571000,-1.12,9.34,1.27
858141,21,Standing,118795124030000,-1.04,9.34,1.18
858142,21,Standing,118795161597000,-1.08,9.28,1.14
858143,21,Standing,118795201575000,-1.08,9.38,1.18
858144,21,Standing,118795281500000,-1.08,9.38,1.23
858145,21,Standing,118795321539000,-1.08,9.43,1.14
858146,21,Standing,118795361517000,-1.14,9.28,1.08
858147,21,Standing,118795401526000,-1.04,9.3,1.12
858148,21,Standing,118795481482000,-1.14,9.28,1.14
858149,21,Standing,118795521521000,-1.27,9.43,1.14
858150,21,Standing,118795561499000,-1.23,9.43,1.23
858151,21,Standing,118795601508000,-1.18,9.43,1.14
858152,21,Standing,118795681494000,-1.04,9.34,1.18
858153,21,Standing,118795721472000,-1.12,9.3,1.23
858154,21,Standing,118795761511000,-1.14,9.28,1.18
858155,21,Standing,118795801550000,-1.04,9.47,1.27
858156,21,Standing,118795854529000,-1.12,9.47,1.27
858157,21,Standing,118795931494000,-1.04,9.34,1.23
858158,21,Standing,118795971472000,-1.04,9.3,1.14
858159,21,Standing,118796011450000,-1.08,9.23,1.18
858160,21,Standing,118796051520000,-1.08,9.38,1.23
858161,21,Standing,118796131598000,-1.12,9.34,1.18
858162,21,Standing,118796171484000,-1.12,9.34,1.27
858163,21,Standing,118796211493000,-1.08,9.3,1.18
858164,21,Standing,118796251532000,-1.12,9.3,1.12
858165,21,Standing,118796332343000,-1.12,9.3,1.23
858166,21,Standing,118796372137000,-1.08,9.3,1.18
858167,21,Standing,118796411414000,-1.12,9.34,1.23
858168,21,Standing,118796451636000,-1.14,9.38,1.27
858169,21,Standing,118796532782000,-1.14,9.34,1.27
858170,21,Standing,118796571509000,-1.12,9.3,1.18
858171,21,Standing,118796611487000,-1.14,9.3,1.23
858172,21,Standing,118796651526000,-1.12,9.3,1.18
858173,21,Standing,118796731482000,-1.18,9.3,1.12
858174,21,Standing,118796771521000,-1.18,9.34,1.18
858175,21,Standing,118796811530000,-1.12,9.3,1.14
858176,21,Standing,118796851599000,-1.18,9.34,1.18
858177,21,Standing,118796931494000,-1.12,9.3,1.14
858178,21,Standing,118796971472000,-1.12,9.34,1.14
858179,21,Standing,118797011389000,-1.18,9.38,1.12
858180,21,Standing,118797051459000,-1.14,9.3,1.14
858181,21,Standing,118797131598000,-1.12,9.3,1.18
858182,21,Standing,118797171484000,-1.14,9.38,1.18
858183,21,Standing,118797211493000,-1.14,9.43,1.18
858184,21,Standing,118797251501000,-1.14,9.3,1.12
858185,21,Standing,118797331458000,-1.08,9.34,1.14
858186,21,Standing,118797371466000,-1.04,9.23,1.18
858187,21,Standing,118797411414000,-0.99,9.38,1.14
858188,21,Standing,118797451544000,-0.84,9.38,1.04
858189,21,Standing,118797534247000,-0.95,9.23,1.04
858190,21,Standing,118797571478000,-1.73,9.28,1.12
858191,21,Standing,118797611517000,-1.88,9.53,0.84
858192,21,Standing,118797651526000,-1.33,9.3,1.04
858193,21,Standing,118797731482000,-1.27,9.28,1.31
858194,21,Standing,118797772284000,-1.18,9.43,1.27
858195,21,Standing,118797811499000,-1.18,9.47,1.31
858196,21,Standing,118797851538000,-1.04,9.28,1.12
