,user,label,timestamp,x,y,z
708381,30,Standing,1574812358000,-1.95,9.34,-3.49
708382,30,Standing,1574862346000,-2.22,9.15,-3.83
708383,30,Standing,1574912334000,-2.64,9.04,-3.68
708384,30,Standing,1574962321000,-3.17,9.28,-3.26
708385,30,Standing,1575012248000,-3.34,8.85,-2.79
708386,30,Standing,1575062266000,-3.26,9.28,-2.79
708387,30,Standing,1575112346000,-2.75,9.08,-2.72
708388,30,Standing,1575162334000,-2.22,9.47,-3.15
708389,30,Standing,1575212321000,-1.76,9.23,-3.36
708390,30,Standing,1575272258000,-1.61,9.53,-3.6
708391,30,Standing,1575322337000,-2.07,8.85,-3.3
708392,30,Standing,1575372325000,-2.68,8.28,-3.57
708393,30,Standing,1575422343000,-3.98,9.89,-3.91
708394,30,Standing,1575472331000,-3.26,9.08,-2.45
708395,30,Standing,1575522319000,-2.07,9.47,-2.11
708396,30,Standing,1575572307000,-1.76,9.58,-2.64
708397,30,Standing,1575622325000,-2.98,9.28,-3.68
708398,30,Standing,1575672343000,-3.3,8.12,-4.14
708399,30,Standing,1575722331000,-3.11,9.19,-3.95
708400,30,Standing,1575772319000,-2.72,9.28,-3.17
708401,30,Standing,1575772319000,-2.72,9.28,-3.17
708402,30,Standing,1575843852000,-2.87,8.54,-2.56
708403,30,Standing,1575893504000,-3.36,9.85,-2.64
708404,30,Standing,1575943065000,-2.34,9.3,-2.34
708405,30,Standing,1575993693000,-1.33,9.77,-2.98
708406,30,Standing,1576052287000,-0.99,9.77,-3.26
708407,30,Standing,1576102336000,-1.53,9.28,-3.3
708408,30,Standing,1576152263000,-2.3,9.58,-2.98
708409,30,Standing,1576202342000,-2.64,9.28,-2.56
708410,30,Standing,1576252269000,-2.79,9.53,-2.07
708411,30,Standing,1576302287000,-2.41,9.77,-2.11
708412,30,Standing,1576352336000,-2.14,9.81,-2.14
708413,30,Standing,1576402263000,-2.26,9.72,-2.22
708414,30,Standing,1576452342000,-3.15,8.89,-3.45
708415,30,Standing,1576502238000,-3.15,9.47,-3.21
708416,30,Standing,1576552287000,-2.37,9.3,-2.18
708417,30,Standing,1576602336000,-2.14,10.42,-2.75
708418,30,Standing,1576652263000,-0.46,10.5,-3.3
708419,30,Standing,1576702373000,1.27,12.76,3.95
708420,30,Standing,1576752299000,-1.27,9.08,1.12
708421,30,Standing,1576802287000,-2.79,9.58,1.23
708422,30,Standing,1576852336000,-1.53,8.2,1.65
708423,30,Standing,1576902263000,0.04,8.35,-0.19
708424,30,Standing,1576952281000,0.53,9.08,-0.65
708425,30,Standing,1577002269000,1.14,9.92,0.53
708426,30,Standing,1577052287000,0.84,8.2,1.88
708427,30,Standing,1577102336000,1.23,9.81,2.76
708428,30,Standing,1577152263000,2.76,10.8,1.92
708429,30,Standing,1577202312000,2.91,9.89,1.5
708430,30,Standing,1577252330000,-0.38,11.37,3.68
708431,30,Standing,1577302287000,-0.23,11.14,2.79
708432,30,Standing,1577352336000,0.11,8.89,1.38
708433,30,Standing,1577402263000,-0.61,9.53,1.38
708434,30,Standing,1577452281000,-0.91,9.92,0.93
708435,30,Standing,1577502330000,-1.33,9.23,0.72
708436,30,Standing,1577552287000,-1.88,9.85,0.61
708437,30,Standing,1577602336000,-1.33,10.12,-0.65
708438,30,Standing,1577712108000,-0.84,10.12,-0.65
708439,30,Standing,1577712108000,-0.84,10.12,-0.65
708440,30,Standing,1577762279000,-0.61,9.43,-0.3
708441,30,Standing,1577812389000,-0.61,10.23,0.76
708442,30,Standing,1577862346000,-0.27,9.53,1.08
708443,30,Standing,1577912334000,-0.08,10.04,1.42
708444,30,Standing,1577962291000,0.08,9.3,2.15
708445,30,Standing,1578012279000,-0.08,9.72,1.99
708446,30,Standing,1578062266000,-0.11,9.72,1.8
708447,30,Standing,1578112346000,-0.57,9.72,1.33
708448,30,Standing,1578162303000,-0.57,9.85,1.65
708449,30,Standing,1578212321000,-0.34,9.72,1.99
708450,30,Standing,1578262340000,-0.27,9.7,2.18
708451,30,Standing,1578312358000,-0.19,9.81,1.88
708452,30,Standing,1578362346000,-0.5,9.66,1.54
708453,30,Standing,1578412303000,-0.57,9.66,1.69
708454,30,Standing,1578462321000,-0.5,9.81,1.57
708455,30,Standing,1578512309000,-0.34,9.7,1.57
708456,30,Standing,1578562327000,-0.11,9.77,1.8
708457,30,Standing,1578612346000,0.04,9.85,2.03
708458,30,Standing,1578662334000,0.0,9.72,1.76
708459,30,Standing,1578712321000,-0.19,9.66,1.46
708460,30,Standing,1578762340000,-0.34,9.72,1.38
708461,30,Standing,1578812297000,-0.11,9.72,1.38
708462,30,Standing,1578862376000,0.08,9.66,1.33
708463,30,Standing,1578912334000,-0.19,9.72,1.23
708464,30,Standing,1578962291000,-0.5,9.72,1.46
708465,30,Standing,1579012340000,-0.34,9.53,1.65
708466,30,Standing,1579062327000,-0.27,9.77,1.54
708467,30,Standing,1579112346000,-0.19,9.53,1.33
708468,30,Standing,1579162334000,-0.27,9.72,1.46
708469,30,Standing,1579212321000,-0.38,9.85,1.73
708470,30,Standing,1579262340000,-0.15,9.43,2.07
708471,30,Standing,1579312327000,-0.11,9.72,2.18
708472,30,Standing,1579362346000,0.11,9.62,2.07
708473,30,Standing,1579412334000,0.27,9.92,1.84
708474,30,Standing,1579462321000,0.42,9.62,2.11
708475,30,Standing,1579512370000,0.53,9.66,2.07
708476,30,Standing,1579562327000,0.27,9.19,2.22
708477,30,Standing,1579612346000,-0.08,9.7,2.3
708478,30,Standing,1579662334000,-0.42,9.11,2.07
708479,30,Standing,1579712321000,-0.46,9.47,1.84
708480,30,Standing,1579762340000,-0.3,9.72,0.84
708481,30,Standing,1579812327000,-0.38,9.81,-0.08
708482,30,Standing,1579862346000,-0.61,10.12,-0.5
708483,30,Standing,1579912334000,-0.95,10.04,-0.27
708484,30,Standing,1579962291000,-1.27,9.96,-0.19
708485,30,Standing,1580012279000,-1.42,10.08,0.42
708486,30,Standing,1580062297000,-1.12,9.89,0.61
708487,30,Standing,1580112315000,-1.27,9.96,0.61
708488,30,Standing,1580162334000,-1.33,9.72,0.38
708489,30,Standing,1580212321000,-0.99,10.34,0.8
708490,30,Standing,1580262340000,-0.69,9.85,0.93
708491,30,Standing,1580312327000,-0.3,10.0,0.95
708492,30,Standing,1580362376000,-0.19,9.81,0.46
708493,30,Standing,1580412334000,-0.23,10.08,0.27
708494,30,Standing,1580462352000,-0.11,10.19,0.42
708495,30,Standing,1580512340000,0.19,10.42,0.76
708496,30,Standing,1580562327000,0.23,10.69,1.04
708497,30,Standing,1580612346000,-0.19,10.53,1.23
708498,30,Standing,1580662334000,-0.23,9.19,1.38
708499,30,Standing,1580712321000,0.69,9.08,1.65
708500,30,Standing,1580762340000,1.38,10.27,1.27
708501,30,Standing,1580813212000,1.23,10.12,1.27
708502,30,Standing,1580862376000,-0.34,10.27,-0.5
708503,30,Standing,1580912273000,0.19,9.08,-0.72
708504,30,Standing,1580962230000,0.5,9.62,-0.46
708505,30,Standing,1581012340000,0.5,9.23,1.08
708506,30,Standing,1581062327000,0.27,9.38,1.61
708507,30,Standing,1581112346000,-0.42,8.77,2.6
708508,30,Standing,1581162303000,-0.08,8.89,3.83
708509,30,Standing,1581212321000,1.88,9.23,4.25
708510,30,Standing,1581262340000,1.42,9.89,2.83
708511,30,Standing,1581312327000,-0.61,9.96,0.42
708512,30,Standing,1581362346000,-3.53,11.18,0.46
708513,30,Standing,1581412364000,-3.21,9.89,-0.34
708514,30,Standing,1581462321000,-1.88,7.7,-0.23
708515,30,Standing,1581512370000,-2.18,11.11,-0.08
708516,30,Standing,1581562358000,-1.31,9.38,0.38
708517,30,Standing,1581612346000,-0.53,10.23,0.15
708518,30,Standing,1581662334000,0.34,10.12,-0.57
708519,30,Standing,1581712321000,0.53,10.31,-1.04
708520,30,Standing,1581762340000,0.27,10.38,-0.99
708521,30,Standing,1581812327000,-0.84,10.46,-0.8
708522,30,Standing,1581862651000,-1.84,10.27,-0.65
708523,30,Standing,1581912334000,-2.45,10.08,0.11
708524,30,Standing,1581962291000,-2.22,9.92,0.72
708525,30,Standing,1582012248000,-0.91,9.53,0.93
708526,30,Standing,1582062266000,-1.08,10.0,1.04
708527,30,Standing,1582112590000,-1.08,10.15,0.84
708528,30,Standing,1582162334000,-1.53,10.31,1.5
708529,30,Standing,1582212321000,-2.14,10.12,2.37
708530,30,Standing,1582262340000,0.38,9.04,1.12
708531,30,Standing,1582312327000,1.88,8.85,0.72
708532,30,Standing,1582362376000,2.15,8.85,0.57
708533,30,Standing,1582412303000,1.57,8.85,1.33
708534,30,Standing,1582462321000,1.08,9.72,1.8
708535,30,Standing,1582512309000,0.27,9.15,1.8
708536,30,Standing,1582562327000,-0.08,10.15,1.76
708537,30,Standing,1582612346000,0.61,10.69,2.22
708538,30,Standing,1582662334000,2.64,9.43,0.89
708539,30,Standing,1582712291000,1.54,9.58,0.23
708540,30,Standing,1582762309000,-0.99,10.53,2.45
708541,30,Standing,1582812327000,-0.89,9.0,2.6
708542,30,Standing,1582862346000,-0.5,9.51,1.61
708543,30,Standing,1582912334000,-0.57,10.38,1.31
708544,30,Standing,1582962321000,-0.89,10.42,1.14
708545,30,Standing,1583012248000,0.42,9.96,1.5
708546,30,Standing,1583062297000,2.96,9.3,1.69
708547,30,Standing,1583112346000,4.75,9.96,0.15
708548,30,Standing,1583162334000,4.1,9.0,-1.38
708549,30,Standing,1583212352000,2.15,9.34,1.38
708550,30,Standing,1583262340000,0.19,10.38,2.18
708551,30,Standing,1583312450000,-0.5,9.89,1.65
708552,30,Standing,1583362346000,0.8,9.23,2.83
708553,30,Standing,1583412334000,0.89,9.53,2.26
708554,30,Standing,1583462321000,1.8,9.51,2.34
708555,30,Standing,1583512340000,2.41,9.19,2.11
708556,30,Standing,1583562327000,1.88,9.51,1.69
708557,30,Standing,1583612346000,1.27,9.81,1.84
708558,30,Standing,1583662334000,1.38,9.62,1.42
708559,30,Standing,1583712321000,1.69,9.66,1.14
708560,30,Standing,1583762370000,1.61,9.85,0.99
708561,30,Standing,1583812327000,1.33,9.47,1.54
708562,30,Standing,1583862346000,0.72,8.89,1.92
708563,30,Standing,1583912334000,0.8,10.12,2.11
708564,30,Standing,1583962321000,2.26,9.43,1.54
708565,30,Standing,1584012279000,2.15,9.34,1.61
708566,30,Standing,1584062327000,1.8,10.15,1.92
708567,30,Standing,1584112346000,1.99,9.3,1.76
708568,30,Standing,1584162364000,2.56,9.53,1.04
708569,30,Standing,1584212321000,2.68,9.92,0.61
708570,30,Standing,1584262340000,2.64,9.62,0.76
708571,30,Standing,1584312327000,1.88,9.38,1.18
708572,30,Standing,1584362346000,1.12,9.58,1.33
708573,30,Standing,1584412334000,0.69,10.15,1.69
708574,30,Standing,1584462321000,0.38,9.7,1.88
708575,30,Standing,1584512340000,0.27,9.38,2.15
708576,30,Standing,1584562327000,0.5,9.66,2.34
708577,30,Standing,1584612346000,1.14,9.7,2.49
708578,30,Standing,1584662334000,2.03,9.72,2.98
708579,30,Standing,1584712352000,2.41,9.23,3.21
708580,30,Standing,1584762370000,1.88,9.43,2.56
