,user,label,timestamp,x,y,z
709381,30,Standing,1624812327000,3.02,9.34,1.04
709382,30,Standing,1624862346000,2.34,9.62,1.12
709383,30,Standing,1624912303000,1.61,9.7,0.84
709384,30,Standing,1624962321000,1.27,9.43,1.12
709385,30,Standing,1625012309000,1.95,9.3,1.12
709386,30,Standing,1625062327000,2.22,9.62,0.99
709387,30,Standing,1625112346000,1.84,9.58,0.95
709388,30,Standing,1625162303000,1.92,9.58,0.99
709389,30,Standing,1625212352000,2.49,9.47,1.18
709390,30,Standing,1625262340000,3.99,12.49,1.76
709391,30,Standing,1625312327000,0.27,5.37,-0.69
709392,30,Standing,1625362346000,1.33,11.65,1.5
709393,30,Standing,1625412364000,1.69,9.51,1.88
709394,30,Standing,1625462321000,3.64,9.04,1.08
709395,30,Standing,1625512340000,2.96,9.47,1.33
709396,30,Standing,1625562327000,1.18,9.72,1.69
709397,30,Standing,1625612315000,1.18,9.7,1.23
709398,30,Standing,1625662364000,2.64,9.53,1.57
709399,30,Standing,1625712321000,2.98,9.19,1.27
709400,30,Standing,1625762340000,1.76,9.77,1.12
709401,30,Standing,1625812327000,1.42,9.7,0.57
709402,30,Standing,1625862346000,2.37,9.23,0.69
709403,30,Standing,1625912334000,2.26,9.38,1.27
709404,30,Standing,1625962321000,2.49,9.66,0.89
709405,30,Standing,1626012248000,3.17,9.62,0.93
709406,30,Standing,1626062297000,3.21,9.3,1.08
709407,30,Standing,1626112285000,2.15,9.38,0.99
709408,30,Standing,1626162334000,1.65,9.62,0.72
709409,30,Standing,1626212321000,2.26,9.47,0.76
709410,30,Standing,1626282329000,2.64,9.51,0.76
709411,30,Standing,1626332255000,2.45,9.28,0.8
709412,30,Standing,1626382335000,2.96,9.66,0.8
709413,30,Standing,1626432292000,2.41,9.47,1.14
709414,30,Standing,1626482310000,1.46,9.53,1.08
709415,30,Standing,1626532329000,1.8,9.47,1.12
709416,30,Standing,1626582316000,2.6,9.66,1.27
709417,30,Standing,1626632304000,3.06,9.62,1.12
709418,30,Standing,1626682323000,2.45,9.58,1.08
709419,30,Standing,1626732280000,1.46,9.58,0.84
709420,30,Standing,1626782298000,1.33,9.53,0.61
709421,30,Standing,1626832347000,2.3,9.62,0.89
709422,30,Standing,1626882304000,3.17,9.51,1.04
709423,30,Standing,1626932323000,2.83,9.51,0.72
709424,30,Standing,1626982310000,1.57,9.62,0.95
709425,30,Standing,1627032329000,0.95,9.58,1.14
709426,30,Standing,1627082347000,0.99,9.43,1.31
709427,30,Standing,1627132304000,0.95,9.62,1.27
709428,30,Standing,1627182323000,2.15,9.92,0.57
709429,30,Standing,1627232310000,3.72,9.53,0.19
709430,30,Standing,1627282329000,3.95,9.43,1.31
709431,30,Standing,1627332316000,2.15,9.7,1.76
709432,30,Standing,1627382335000,0.93,9.58,1.33
709433,30,Standing,1627432292000,1.04,9.38,0.38
709434,30,Standing,1627482310000,2.3,9.51,0.31
709435,30,Standing,1627532359000,3.06,9.51,0.84
709436,30,Standing,1627582316000,2.79,9.62,1.42
709437,30,Standing,1627632304000,2.11,9.7,1.14
709438,30,Standing,1627682292000,1.8,9.51,0.84
709439,30,Standing,1627732341000,1.84,9.3,0.61
709440,30,Standing,1627782298000,2.15,9.43,0.84
709441,30,Standing,1627832347000,1.92,9.58,1.04
709442,30,Standing,1627882304000,1.08,10.08,1.42
709443,30,Standing,1627932292000,1.57,9.72,1.31
709444,30,Standing,1627982341000,2.64,9.3,1.04
709445,30,Standing,1628032298000,2.41,9.28,0.95
709446,30,Standing,1628082347000,1.31,9.81,1.33
709447,30,Standing,1628132304000,1.38,9.7,1.23
709448,30,Standing,1628182323000,2.64,9.47,1.14
709449,30,Standing,1628232310000,3.11,9.38,1.27
709450,30,Standing,1628282298000,2.53,9.66,1.5
709451,30,Standing,1628332316000,1.42,9.51,1.18
709452,30,Standing,1628382335000,0.61,9.47,1.33
709453,30,Standing,1628432292000,1.5,9.92,1.23
709454,30,Standing,1628482585000,2.91,9.51,1.08
709455,30,Standing,1628532298000,3.72,9.23,1.12
709456,30,Standing,1628582347000,2.72,9.47,1.14
709457,30,Standing,1628632304000,1.04,9.85,1.33
709458,30,Standing,1628682353000,1.33,9.62,0.65
709459,30,Standing,1628732310000,0.19,10.0,0.61
709460,30,Standing,1628782298000,1.23,9.19,4.14
709461,30,Standing,1628832316000,3.17,9.53,1.99
709462,30,Standing,1628882304000,4.4,9.23,0.76
709463,30,Standing,1628932323000,3.15,9.38,0.69
709464,30,Standing,1628982310000,0.31,9.66,1.65
709465,30,Standing,1629032298000,0.61,9.53,1.73
709466,30,Standing,1629082316000,3.6,9.77,0.31
709467,30,Standing,1629132335000,4.1,9.11,0.72
709468,30,Standing,1629182292000,2.53,9.19,2.11
709469,30,Standing,1629232310000,1.73,9.47,1.8
709470,30,Standing,1629282298000,1.73,9.7,0.95
709471,30,Standing,1629332316000,2.3,9.51,1.23
709472,30,Standing,1629382335000,2.56,9.38,1.38
709473,30,Standing,1629432323000,2.3,9.53,1.61
709474,30,Standing,1629482341000,1.88,10.04,1.73
709475,30,Standing,1629532298000,2.41,8.69,1.08
709476,30,Standing,1629582316000,2.64,9.85,0.34
709477,30,Standing,1629632304000,2.45,9.51,2.34
709478,30,Standing,1629682292000,3.21,8.92,0.93
709479,30,Standing,1629732341000,2.56,9.47,1.27
709480,30,Standing,1629782298000,1.8,9.7,0.61
709481,30,Standing,1629832347000,2.53,9.53,0.99
709482,30,Standing,1629882335000,2.87,9.15,1.38
709483,30,Standing,1629932323000,2.26,9.38,0.84
709484,30,Standing,1629982310000,1.69,9.62,0.72
709485,30,Standing,1630032298000,2.72,9.66,0.93
709486,30,Standing,1630082316000,3.26,9.38,1.31
709487,30,Standing,1630132304000,2.68,9.3,1.76
709488,30,Standing,1630182323000,1.95,9.38,1.42
709489,30,Standing,1630232280000,2.15,9.38,1.08
709490,30,Standing,1630282329000,2.64,9.53,1.33
709491,30,Standing,1630332286000,2.64,9.53,1.46
709492,30,Standing,1630382335000,2.37,9.51,1.27
709493,30,Standing,1630432292000,2.3,9.38,0.84
709494,30,Standing,1630482341000,2.03,9.47,0.42
709495,30,Standing,1630532298000,2.07,9.92,0.38
709496,30,Standing,1630582347000,2.91,9.53,0.65
709497,30,Standing,1630632304000,2.83,9.58,0.61
709498,30,Standing,1630682292000,1.76,9.72,0.5
709499,30,Standing,1630732341000,1.61,9.77,0.53
709500,30,Standing,1630782298000,2.45,9.38,0.89
709501,30,Standing,1630832378000,2.26,9.58,1.12
709502,30,Standing,1630882304000,2.15,9.53,0.95
709503,30,Standing,1630932323000,2.68,9.58,0.99
709504,30,Standing,1630982310000,2.76,9.47,0.8
709505,30,Standing,1631032298000,2.72,9.23,0.76
709506,30,Standing,1631082316000,2.79,9.34,0.93
709507,30,Standing,1631132304000,2.79,9.38,0.72
709508,30,Standing,1631182292000,2.76,9.47,0.84
709509,30,Standing,1631232280000,2.53,9.47,1.12
709510,30,Standing,1631282298000,2.3,9.47,1.18
709511,30,Standing,1631282298000,2.3,9.47,1.18
709512,30,Standing,1631352306000,2.07,9.66,1.14
709513,30,Standing,1631402263000,2.03,9.58,1.18
709514,30,Standing,1631452281000,2.15,9.47,1.31
709515,30,Standing,1631502269000,2.41,9.53,1.33
709516,30,Standing,1631552348000,2.3,9.34,1.08
709517,30,Standing,1631602306000,1.99,9.38,0.84
709518,30,Standing,1631652324000,1.92,9.51,0.89
709519,30,Standing,1631702281000,2.41,9.47,1.08
709520,30,Standing,1631752269000,2.72,9.38,0.93
709521,30,Standing,1631802348000,2.49,9.89,0.69
709522,30,Standing,1631852244000,1.99,10.08,0.69
709523,30,Standing,1631902293000,1.73,10.12,0.69
709524,30,Standing,1631952281000,1.31,9.96,0.31
709525,30,Standing,1632002727000,0.76,9.66,0.04
709526,30,Standing,1632052348000,0.76,9.34,0.23
709527,30,Standing,1632102275000,2.3,9.58,0.27
709528,30,Standing,1632152324000,3.68,9.62,0.69
709529,30,Standing,1632202342000,4.21,9.19,1.14
709530,30,Standing,1632262340000,3.17,9.15,1.76
709531,30,Standing,1632312327000,1.46,9.53,1.12
709532,30,Standing,1632362346000,0.99,9.72,0.8
709533,30,Standing,1632412303000,1.95,9.51,0.99
709534,30,Standing,1632462321000,2.56,9.34,1.31
709535,30,Standing,1632512340000,2.3,9.53,1.38
709536,30,Standing,1632562389000,1.92,9.58,1.04
709537,30,Standing,1632612346000,2.07,9.51,0.8
709538,30,Standing,1632662334000,2.45,9.34,0.89
709539,30,Standing,1632712352000,2.22,9.47,0.99
709540,30,Standing,1632762340000,2.11,9.43,0.84
709541,30,Standing,1632812297000,2.15,9.43,0.95
709542,30,Standing,1632862346000,2.22,9.53,1.14
709543,30,Standing,1632912334000,2.34,9.92,0.99
709544,30,Standing,1632962321000,2.22,9.81,1.08
709545,30,Standing,1633012340000,1.42,9.72,0.99
709546,30,Standing,1633062358000,0.72,9.89,0.57
709547,30,Standing,1633112376000,0.57,9.77,0.65
709548,30,Standing,1633162303000,1.54,9.81,0.65
709549,30,Standing,1633212321000,2.72,9.72,0.61
709550,30,Standing,1633262340000,3.45,9.23,0.5
709551,30,Standing,1633312327000,3.41,9.15,0.65
709552,30,Standing,1633362346000,2.6,9.19,0.72
709553,30,Standing,1633412303000,1.99,9.58,1.08
709554,30,Standing,1633462321000,2.07,9.66,1.57
709555,30,Standing,1633512340000,2.11,9.51,1.69
709556,30,Standing,1633562297000,1.73,9.51,0.84
709557,30,Standing,1633612315000,1.5,9.51,0.53
709558,30,Standing,1633662822000,1.92,9.77,1.04
709559,30,Standing,1633712321000,2.26,9.47,1.27
709560,30,Standing,1633762309000,2.26,9.38,0.72
709561,30,Standing,1633812327000,2.45,9.47,0.38
709562,30,Standing,1633862315000,2.07,9.47,1.27
709563,30,Standing,1633912303000,2.03,9.43,1.27
709564,30,Standing,1633962321000,2.45,9.51,1.08
709565,30,Standing,1634012248000,2.6,9.47,1.23
709566,30,Standing,1634062297000,2.6,9.34,0.99
709567,30,Standing,1634112346000,2.22,9.7,1.31
709568,30,Standing,1634162303000,1.95,9.34,1.33
709569,30,Standing,1634162303000,1.95,9.34,1.33
709570,30,Standing,1634262492000,1.42,9.62,1.27
709571,30,Standing,1634312297000,1.46,9.81,1.04
709572,30,Standing,1634362224000,2.11,9.58,0.34
709573,30,Standing,1634412273000,2.37,9.23,0.11
709574,30,Standing,1634462321000,1.38,9.89,0.31
709575,30,Standing,1634512340000,1.18,9.85,0.5
709576,30,Standing,1634562327000,1.61,9.89,0.65
709577,30,Standing,1634612376000,1.76,10.27,0.93
709578,30,Standing,1634662334000,1.46,10.08,0.72
709579,30,Standing,1634712321000,0.95,10.12,0.46
709580,30,Standing,1634762340000,0.53,10.04,-0.08
