,user,label,timestamp,x,y,z
506503,32,Standing,2664042308000,-1.53,9.72,0.46
506504,32,Standing,2664092265000,-1.57,9.81,0.46
506505,32,Standing,2664142284000,-1.5,9.89,0.46
506506,32,Standing,2664192302000,-1.53,9.81,0.5
506507,32,Standing,2664242320000,-1.5,9.81,0.57
506508,32,Standing,2664292308000,-1.42,9.85,0.53
506509,32,Standing,2664342296000,-1.33,9.81,0.57
506511,32,Standing,2664402293000,-1.38,9.77,0.57
506510,32,Standing,2664402293000,-1.38,9.77,0.57
506512,32,Standing,2664452312000,-1.42,9.81,0.65
506513,32,Standing,2664502239000,-1.38,9.81,0.65
506514,32,Standing,2664552348000,-1.42,9.81,0.53
506515,32,Standing,2664602306000,-1.5,9.72,0.53
506516,32,Standing,2664652324000,-1.53,9.85,0.57
506517,32,Standing,2664702312000,-1.5,9.85,0.61
506518,32,Standing,2664752330000,-1.53,9.81,0.65
506519,32,Standing,2664802348000,-1.46,9.85,0.69
506520,32,Standing,2664852306000,-1.33,9.85,0.57
506521,32,Standing,2664902293000,-1.14,9.85,0.72
506522,32,Standing,2664952342000,-1.27,9.81,0.61
506523,32,Standing,2665002574000,-1.27,9.72,0.65
506524,32,Standing,2665052379000,-1.31,9.66,0.53
506525,32,Standing,2665102336000,-1.53,9.85,0.76
506526,32,Standing,2665152293000,-1.5,9.85,0.53
506527,32,Standing,2665202373000,-1.61,9.72,0.65
506528,32,Standing,2665252422000,-1.31,9.7,0.72
506529,32,Standing,2665302348000,-1.42,9.89,0.89
506530,32,Standing,2665352336000,-1.38,9.85,0.69
506531,32,Standing,2665402324000,-1.46,9.92,0.61
506532,32,Standing,2665452342000,-1.42,9.85,0.42
506533,32,Standing,2665512340000,-1.46,9.77,0.46
506534,32,Standing,2665562297000,-1.42,9.72,0.46
506535,32,Standing,2665612346000,-1.23,9.81,0.65
506536,32,Standing,2665662303000,-1.14,9.81,0.69
506537,32,Standing,2665712322000,-1.18,9.85,0.89
506538,32,Standing,2665762340000,-1.27,9.81,0.84
506539,32,Standing,2665812328000,-1.31,9.85,0.76
506540,32,Standing,2665862285000,-1.31,9.77,0.76
506541,32,Standing,2665912334000,-1.42,9.81,0.8
506542,32,Standing,2665962291000,-1.33,9.77,0.93
506543,32,Standing,2666012248000,-1.18,9.81,0.76
506544,32,Standing,2666062328000,-1.14,9.72,0.99
506545,32,Standing,2666112315000,-1.12,9.77,0.89
506546,32,Standing,2666162334000,-1.23,9.72,0.99
506547,32,Standing,2666212261000,-1.18,9.77,0.99
506548,32,Standing,2666262309000,-1.08,9.77,0.93
506549,32,Standing,2666312328000,-1.14,9.81,1.04
506550,32,Standing,2666362315000,-1.18,9.81,0.95
506551,32,Standing,2666412303000,-1.18,9.72,0.99
506552,32,Standing,2666462322000,-1.12,9.85,1.12
506553,32,Standing,2666512340000,-0.95,9.72,0.99
506554,32,Standing,2666562358000,-1.08,9.81,1.04
506555,32,Standing,2666612346000,-0.99,9.72,0.99
506556,32,Standing,2666662547000,-1.04,9.81,1.04
506557,32,Standing,2666712322000,-0.95,9.72,1.08
506558,32,Standing,2666762309000,-0.91,9.72,1.12
506559,32,Standing,2666812328000,-0.89,9.77,1.27
506560,32,Standing,2666862285000,-0.8,9.77,1.27
506561,32,Standing,2666912303000,-0.76,9.72,1.27
506562,32,Standing,2666962291000,-0.65,9.66,1.5
506564,32,Standing,2667032298000,-0.65,9.66,1.5
506563,32,Standing,2667032298000,-0.65,9.66,1.5
506565,32,Standing,2667132366000,-0.65,9.7,1.61
506566,32,Standing,2667182262000,-0.61,9.66,1.54
506567,32,Standing,2667232280000,-0.72,9.62,1.5
506568,32,Standing,2667282329000,-0.8,9.72,1.54
506569,32,Standing,2667332317000,-0.76,9.66,1.54
506570,32,Standing,2667382274000,-0.76,9.66,1.5
506571,32,Standing,2667432292000,-0.69,9.66,1.57
506572,32,Standing,2667482311000,-0.72,9.66,1.46
506573,32,Standing,2667532329000,-0.99,9.72,1.5
506574,32,Standing,2667582378000,-0.89,9.66,1.46
506575,32,Standing,2667632304000,-0.95,9.66,1.33
506576,32,Standing,2667682292000,-0.95,9.72,1.46
506577,32,Standing,2667732280000,-0.95,9.66,1.46
506578,32,Standing,2667782298000,-0.91,9.66,1.33
506579,32,Standing,2667832561000,-0.95,9.66,1.38
506580,32,Standing,2667882335000,-0.99,9.7,1.33
506581,32,Standing,2667932292000,-1.04,9.7,1.27
506582,32,Standing,2667982311000,-1.12,9.72,1.27
506583,32,Standing,2668032329000,-1.08,9.66,1.08
506584,32,Standing,2668082317000,-1.08,9.7,1.04
506585,32,Standing,2668132335000,-1.04,9.72,1.27
506586,32,Standing,2668182292000,-0.99,9.72,1.12
506587,32,Standing,2668232341000,-1.08,9.85,1.04
506588,32,Standing,2668282268000,-1.42,9.85,0.99
506589,32,Standing,2668332347000,-1.57,9.81,1.18
506590,32,Standing,2668382304000,-1.33,9.77,1.18
506591,32,Standing,2668432323000,-1.04,9.66,0.99
506592,32,Standing,2668482341000,-1.18,9.77,1.08
506593,32,Standing,2668532329000,-1.23,9.81,1.04
506594,32,Standing,2668582347000,-1.31,9.77,1.12
506595,32,Standing,2668632304000,-1.14,9.72,1.12
506596,32,Standing,2668682262000,-1.14,9.72,1.04
506597,32,Standing,2668732341000,-1.33,9.77,0.95
506598,32,Standing,2668782329000,-1.31,9.81,0.99
506599,32,Standing,2668832347000,-1.18,9.77,1.08
506600,32,Standing,2668832347000,-1.18,9.77,1.08
506601,32,Standing,2668932262000,-1.23,9.77,1.08
506602,32,Standing,2668982280000,-1.23,9.77,1.04
506603,32,Standing,2669032298000,-1.27,9.77,1.04
506604,32,Standing,2669082317000,-1.14,9.77,0.99
506605,32,Standing,2669132304000,-1.18,9.81,1.04
506606,32,Standing,2669182323000,-1.08,9.72,1.08
506607,32,Standing,2669232311000,-1.04,9.72,1.12
506608,32,Standing,2669282298000,-1.04,9.85,1.14
506609,32,Standing,2669332347000,-1.42,9.89,1.08
506610,32,Standing,2669382335000,-0.8,9.62,1.27
506611,32,Standing,2669432323000,-1.12,9.58,0.72
506612,32,Standing,2669482372000,-1.92,10.15,0.8
506613,32,Standing,2669532298000,-1.42,9.62,0.8
506614,32,Standing,2669582317000,-1.42,9.77,1.04
506615,32,Standing,2669632335000,-1.14,9.66,1.12
506616,32,Standing,2669682323000,-1.23,9.77,1.27
506617,32,Standing,2669732311000,-1.23,9.72,1.18
506618,32,Standing,2669782298000,-1.27,9.66,1.23
506619,32,Standing,2669832317000,-1.23,9.66,1.14
506620,32,Standing,2669882335000,-1.12,9.72,1.12
506621,32,Standing,2669932292000,-1.14,9.85,1.04
506622,32,Standing,2669982341000,-1.38,9.77,0.95
506623,32,Standing,2670032329000,-1.23,9.81,0.89
506624,32,Standing,2670082317000,-1.27,9.81,1.04
506625,32,Standing,2670132304000,-1.42,9.81,0.99
506626,32,Standing,2670182292000,-1.31,9.72,0.99
506627,32,Standing,2670232311000,-1.04,9.62,0.99
506628,32,Standing,2670282329000,-0.91,9.7,1.23
506629,32,Standing,2670332347000,-0.99,9.72,1.42
506630,32,Standing,2670382304000,-0.84,9.72,1.38
506631,32,Standing,2670432292000,-0.99,9.72,1.31
506632,32,Standing,2670482311000,-0.91,9.62,1.27
506633,32,Standing,2670532298000,-0.91,9.62,1.33
506634,32,Standing,2670582317000,-0.89,9.66,1.42
506635,32,Standing,2670632335000,-0.95,9.72,1.57
506636,32,Standing,2670682292000,-1.14,9.72,1.38
506637,32,Standing,2670732311000,-1.08,9.7,1.38
506638,32,Standing,2670782298000,-1.12,9.72,1.38
506639,32,Standing,2670832317000,-1.14,9.77,1.27
506640,32,Standing,2670882304000,-1.04,9.66,1.33
506641,32,Standing,2670932292000,-1.12,9.72,1.38
506642,32,Standing,2670982311000,-1.14,9.7,1.46
506643,32,Standing,2671032329000,-1.18,9.66,1.33
506644,32,Standing,2671082317000,-1.08,9.7,1.27
506645,32,Standing,2671132366000,-1.12,9.66,1.18
506646,32,Standing,2671182292000,-1.14,9.77,1.27
506647,32,Standing,2671232311000,-1.14,9.66,1.31
506648,32,Standing,2671282329000,-1.08,9.7,1.14
506649,32,Standing,2671332347000,-1.12,9.72,1.18
506650,32,Standing,2671382366000,-1.08,9.66,0.95
506651,32,Standing,2671432323000,-0.89,9.7,0.72
506652,32,Standing,2671482341000,-1.14,10.04,0.84
506653,32,Standing,2671532329000,-1.31,9.85,0.89
506654,32,Standing,2671582317000,-1.14,9.81,0.5
506655,32,Standing,2671632335000,-0.95,9.85,0.42
506656,32,Standing,2671682292000,-1.04,9.89,0.34
506657,32,Standing,2671732341000,-1.27,9.96,0.53
506658,32,Standing,2671782298000,-1.12,10.04,0.53
506659,32,Standing,2671832317000,-0.95,9.96,0.53
506660,32,Standing,2671882304000,-1.08,9.89,0.46
506661,32,Standing,2671932323000,-1.18,9.96,0.5
506662,32,Standing,2671982341000,-1.33,9.89,0.57
506663,32,Standing,2672032268000,-1.14,9.89,0.57
506664,32,Standing,2672090312000,-1.14,9.81,0.53
506665,32,Standing,2672142253000,-1.27,9.81,0.61
506666,32,Standing,2672192241000,-1.23,9.89,0.61
506667,32,Standing,2672242259000,-1.18,9.81,0.61
506668,32,Standing,2672292278000,-1.18,9.77,0.53
506669,32,Standing,2672342296000,-1.14,9.81,0.5
506670,32,Standing,2672392284000,-1.27,9.81,0.5
506671,32,Standing,2672442302000,-1.18,9.89,0.42
506672,32,Standing,2672492259000,-1.23,9.85,0.42
506673,32,Standing,2672542674000,-1.31,9.89,0.53
506675,32,Standing,2672592265000,-1.31,9.85,0.42
506674,32,Standing,2672592265000,-1.31,9.85,0.42
506676,32,Standing,2672692272000,-1.46,9.89,0.46
506677,32,Standing,2672742290000,-1.42,9.81,0.5
506678,32,Standing,2672792247000,-1.42,9.77,0.5
506679,32,Standing,2672842265000,-1.33,9.77,0.46
506680,32,Standing,2672892314000,-1.53,9.85,0.5
506681,32,Standing,2672942272000,-1.69,9.89,0.5
506682,32,Standing,2672992259000,-1.61,9.85,0.53
506683,32,Standing,2673042278000,-1.46,9.81,0.53
506684,32,Standing,2673092235000,-1.5,9.81,0.53
506685,32,Standing,2673142284000,-1.57,9.81,0.5
506686,32,Standing,2673192272000,-1.57,9.81,0.46
506688,32,Standing,2673242259000,-1.65,9.81,0.5
506689,32,Standing,2673242259000,-1.65,9.81,0.5
506687,32,Standing,2673242259000,-1.65,9.81,0.5
506690,32,Standing,2673352519000,-1.5,9.77,0.5
506691,32,Standing,2673402293000,-1.53,9.81,0.53
506692,32,Standing,2673452403000,-1.53,9.85,0.46
506693,32,Standing,2673502269000,-1.5,9.77,0.46
506694,32,Standing,2673552348000,-1.61,9.85,0.61
506696,32,Standing,2673602336000,-1.53,9.77,0.53
506697,32,Standing,2673602336000,-1.53,9.77,0.53
506695,32,Standing,2673602336000,-1.53,9.77,0.53
506698,32,Standing,2673752330000,-1.5,9.81,0.5
506699,32,Standing,2673802318000,-1.5,9.77,0.57
506700,32,Standing,2673852306000,-1.5,9.77,0.53
506701,32,Standing,2673902263000,-1.5,9.77,0.57
506702,32,Standing,2673952251000,-1.57,9.77,0.53
