,user,label,timestamp,x,y,z
507503,32,Standing,2714042308000,-1.33,9.85,0.93
507504,32,Standing,2714092296000,-1.46,9.38,0.42
507505,32,Standing,2714142314000,-1.38,9.85,0.65
507506,32,Standing,2714192302000,-1.23,9.81,0.8
507507,32,Standing,2714242259000,-1.46,9.81,0.8
507508,32,Standing,2714292308000,-1.5,9.89,0.84
507509,32,Standing,2714342326000,-1.33,9.77,0.61
507510,32,Standing,2714392314000,-1.46,9.81,0.53
507511,32,Standing,2714442272000,-1.46,9.72,0.57
507512,32,Standing,2714492290000,-1.42,9.77,0.61
507513,32,Standing,2714542278000,-1.42,9.89,0.84
507514,32,Standing,2714592296000,-1.27,9.77,0.61
507515,32,Standing,2714642345000,-1.53,9.81,0.93
507516,32,Standing,2714692333000,-1.42,9.72,0.76
507517,32,Standing,2714742290000,-1.57,9.77,0.95
507518,32,Standing,2714792308000,-1.38,9.72,0.93
507519,32,Standing,2714842296000,-1.23,9.77,0.84
507520,32,Standing,2714892314000,-1.33,9.7,0.72
507521,32,Standing,2714942302000,-1.61,9.92,0.89
507522,32,Standing,2714992259000,-1.73,9.89,0.95
507523,32,Standing,2715042308000,-1.33,9.81,0.89
507524,32,Standing,2715092296000,-0.95,9.77,0.99
507525,32,Standing,2715142314000,-1.08,9.81,0.93
507527,32,Standing,2715192302000,-1.33,9.72,0.95
507526,32,Standing,2715192302000,-1.33,9.72,0.95
507528,32,Standing,2715262248000,-1.18,9.72,0.89
507529,32,Standing,2715312328000,-1.14,9.89,0.84
507530,32,Standing,2715362285000,-1.46,9.72,0.84
507531,32,Standing,2715412334000,-1.38,9.77,0.76
507532,32,Standing,2715462322000,-0.84,9.72,0.99
507533,32,Standing,2715512340000,-0.89,9.96,0.95
507534,32,Standing,2715562328000,-1.31,9.77,0.84
507535,32,Standing,2715612315000,-1.69,9.77,0.69
507536,32,Standing,2715662334000,-1.12,9.89,0.61
507537,32,Standing,2715712322000,-1.14,9.81,0.84
507538,32,Standing,2715762340000,-1.04,9.85,0.69
507539,32,Standing,2715812297000,-1.14,9.77,0.69
507540,32,Standing,2715862315000,-1.18,9.89,0.69
507541,32,Standing,2715912303000,-1.18,9.92,0.61
507542,32,Standing,2715962291000,-1.27,9.92,0.8
507543,32,Standing,2716012309000,-1.04,9.77,0.61
507544,32,Standing,2716062328000,-1.18,9.81,0.65
507545,32,Standing,2716112346000,-1.38,9.72,0.72
507546,32,Standing,2716162364000,-1.31,9.77,1.12
507547,32,Standing,2716212322000,-0.69,10.0,1.08
507548,32,Standing,2716262340000,-1.04,9.62,1.14
507549,32,Standing,2716312328000,-1.23,9.7,0.93
507550,32,Standing,2716362315000,-1.27,9.77,0.95
507551,32,Standing,2716412334000,-1.33,9.81,1.04
507552,32,Standing,2716462291000,-1.33,9.77,0.89
507553,32,Standing,2716512309000,-1.27,9.77,0.95
507554,32,Standing,2716562328000,-1.31,9.7,0.84
507555,32,Standing,2716612346000,-1.33,9.81,0.93
507556,32,Standing,2716662334000,-1.42,9.77,0.8
507557,32,Standing,2716712291000,-1.46,9.85,0.8
507558,32,Standing,2716762309000,-1.46,9.81,0.93
507559,32,Standing,2716812358000,-1.38,9.81,0.84
507560,32,Standing,2716862315000,-1.27,9.77,0.8
507561,32,Standing,2716912303000,-1.27,9.77,0.89
507562,32,Standing,2716962291000,-1.38,9.77,0.8
507563,32,Standing,2717012370000,-1.27,9.77,0.8
507564,32,Standing,2717062297000,-1.46,9.89,0.8
507565,32,Standing,2717112346000,-1.33,9.77,0.89
507566,32,Standing,2717162334000,-1.23,9.72,0.76
507567,32,Standing,2717212322000,-1.27,9.7,0.84
507568,32,Standing,2717262462000,-1.18,9.7,0.8
507569,32,Standing,2717312328000,-1.31,9.77,0.84
507570,32,Standing,2717362315000,-1.57,9.89,0.89
507571,32,Standing,2717412334000,-1.53,9.85,0.84
507572,32,Standing,2717462291000,-1.53,9.72,0.69
507573,32,Standing,2717512340000,-1.5,9.81,0.76
507574,32,Standing,2717562328000,-1.53,9.77,0.8
507575,32,Standing,2717612315000,-1.27,9.72,0.8
507576,32,Standing,2717662334000,-1.46,9.81,0.65
507577,32,Standing,2717712291000,-1.73,9.81,0.53
507578,32,Standing,2717762309000,-1.69,9.81,0.53
507579,32,Standing,2717812328000,-1.65,9.92,0.57
507580,32,Standing,2717862315000,-1.5,9.89,0.5
507581,32,Standing,2717912334000,-1.73,9.72,0.31
507582,32,Standing,2717972270000,-1.88,9.77,0.31
507583,32,Standing,2718022228000,-1.92,9.89,0.31
507584,32,Standing,2718072337000,-1.84,9.85,0.23
507585,32,Standing,2718122264000,-1.88,9.85,0.23
507586,32,Standing,2718172344000,-1.84,9.81,0.27
507587,32,Standing,2718222331000,-1.76,9.85,0.23
507588,32,Standing,2718272289000,-1.8,9.85,0.31
507589,32,Standing,2718322307000,-1.76,9.85,0.23
507590,32,Standing,2718372264000,-1.76,9.85,0.27
507591,32,Standing,2718422344000,-1.8,9.77,0.23
507592,32,Standing,2718472301000,-1.8,9.81,0.31
507593,32,Standing,2718522289000,-1.8,9.85,0.23
507594,32,Standing,2718572307000,-1.69,9.81,0.34
507595,32,Standing,2718622295000,-1.73,9.81,0.38
507596,32,Standing,2718672282000,-1.76,9.81,0.38
507597,32,Standing,2718722301000,-1.76,9.85,0.42
507598,32,Standing,2718772289000,-1.73,9.81,0.34
507599,32,Standing,2718822276000,-1.73,9.77,0.34
507600,32,Standing,2718872295000,-1.69,9.81,0.5
507601,32,Standing,2718922313000,-1.53,9.81,0.46
507602,32,Standing,2718972301000,-1.73,9.81,0.53
507603,32,Standing,2719022258000,-1.76,9.77,0.53
507604,32,Standing,2719072337000,-1.73,9.81,0.34
507605,32,Standing,2719122295000,-1.73,9.77,0.46
507606,32,Standing,2719172313000,-1.53,9.77,0.53
507607,32,Standing,2719222301000,-1.53,9.81,0.61
507608,32,Standing,2719272289000,-1.61,9.77,0.65
507609,32,Standing,2719322276000,-1.61,9.81,0.65
507610,32,Standing,2719372295000,-1.61,9.77,0.61
507611,32,Standing,2719422282000,-1.69,9.77,0.61
507612,32,Standing,2719472301000,-1.65,9.77,0.57
507613,32,Standing,2719522289000,-1.69,9.81,0.57
507614,32,Standing,2719572307000,-1.61,9.77,0.57
507615,32,Standing,2719622295000,-1.61,9.77,0.5
507616,32,Standing,2719672344000,-1.53,9.81,0.57
507617,32,Standing,2719722301000,-1.46,9.81,0.61
507618,32,Standing,2719772319000,-1.42,9.85,0.57
507619,32,Standing,2719822276000,-1.5,9.85,0.57
507620,32,Standing,2719872264000,-1.5,9.77,0.57
507621,32,Standing,2719922344000,-1.53,9.81,0.46
507622,32,Standing,2719972301000,-1.53,9.81,0.42
507623,32,Standing,2720022228000,-1.53,9.81,0.46
507624,32,Standing,2720072337000,-1.5,9.85,0.5
507626,32,Standing,2720122295000,-1.53,9.77,0.53
507625,32,Standing,2720122295000,-1.53,9.77,0.53
507627,32,Standing,2720202129000,-1.53,9.81,0.53
507628,32,Standing,2720252666000,-1.65,9.85,0.57
507629,32,Standing,2720302287000,-1.61,9.81,0.61
507631,32,Standing,2720352275000,-1.57,9.77,0.61
507630,32,Standing,2720352275000,-1.57,9.77,0.61
507632,32,Standing,2720452312000,-1.53,9.81,0.53
507634,32,Standing,2720562114000,-1.46,9.77,0.57
507633,32,Standing,2720562114000,-1.46,9.77,0.57
507635,32,Standing,2720612285000,-1.5,9.81,0.53
507636,32,Standing,2720662364000,-1.61,9.85,0.53
507637,32,Standing,2720712261000,-1.65,9.81,0.42
507638,32,Standing,2720762309000,-1.65,9.77,0.42
507639,32,Standing,2720812328000,-1.61,9.81,0.42
507640,32,Standing,2720862315000,-1.69,9.81,0.5
507641,32,Standing,2720912303000,-1.61,9.81,0.5
507642,32,Standing,2720912303000,-1.61,9.81,0.5
507644,32,Standing,2721012218000,-1.61,9.77,0.53
507643,32,Standing,2721012218000,-1.61,9.77,0.53
507645,32,Standing,2721112315000,-1.65,9.81,0.53
507646,32,Standing,2721162334000,-1.53,9.77,0.61
507647,32,Standing,2721212322000,-1.61,9.85,0.65
507648,32,Standing,2721262248000,-1.5,9.77,0.61
507649,32,Standing,2721312328000,-1.53,9.85,0.65
507650,32,Standing,2721362346000,-1.5,9.77,0.61
507651,32,Standing,2721412334000,-1.53,9.81,0.57
507652,32,Standing,2721462322000,-1.5,9.77,0.61
507653,32,Standing,2721512340000,-1.57,9.81,0.61
507654,32,Standing,2721562297000,-1.57,9.81,0.57
507655,32,Standing,2721612346000,-1.53,9.81,0.61
507656,32,Standing,2721662303000,-1.5,9.77,0.61
507657,32,Standing,2721712291000,-1.53,9.77,0.57
507658,32,Standing,2721762340000,-1.46,9.81,0.61
507659,32,Standing,2721812297000,-1.53,9.81,0.69
507660,32,Standing,2721862315000,-1.42,9.77,0.65
507661,32,Standing,2721912303000,-1.5,9.77,0.65
507662,32,Standing,2721962291000,-1.57,9.77,0.65
507663,32,Standing,2722012218000,-1.57,9.81,0.57
507664,32,Standing,2722062328000,-1.53,9.77,0.72
507665,32,Standing,2722112346000,-1.5,9.81,0.65
507666,32,Standing,2722162303000,-1.5,9.77,0.69
507667,32,Standing,2722212291000,-1.5,9.81,0.69
507668,32,Standing,2722262340000,-1.38,9.77,0.72
507669,32,Standing,2722312297000,-1.31,9.77,0.69
507670,32,Standing,2722362376000,-1.46,9.81,0.72
507671,32,Standing,2722412303000,-1.53,9.81,0.8
507672,32,Standing,2722462322000,-1.46,9.72,0.65
507673,32,Standing,2722512340000,-1.5,9.81,0.72
507674,32,Standing,2722562297000,-1.5,9.77,0.69
507675,32,Standing,2722612315000,-1.57,9.77,0.69
507676,32,Standing,2722662303000,-1.53,9.77,0.65
507677,32,Standing,2722712383000,-1.65,9.77,0.61
507678,32,Standing,2722762309000,-1.57,9.77,0.65
507679,32,Standing,2722812267000,-1.57,9.77,0.69
507680,32,Standing,2722862315000,-1.5,9.77,0.65
507681,32,Standing,2722912303000,-1.57,9.77,0.65
507682,32,Standing,2722962291000,-1.5,9.77,0.65
507683,32,Standing,2723012218000,-1.46,9.77,0.65
507684,32,Standing,2723062297000,-1.5,9.77,0.61
507685,32,Standing,2723112285000,-1.46,9.77,0.61
507686,32,Standing,2723162334000,-1.5,9.77,0.61
507687,32,Standing,2723212291000,-1.5,9.81,0.61
507688,32,Standing,2723262340000,-1.53,9.77,0.69
507689,32,Standing,2723262340000,-1.53,9.77,0.69
507690,32,Standing,2723362285000,-1.5,9.77,0.69
507691,32,Standing,2723412334000,-1.53,9.81,0.65
507692,32,Standing,2723462291000,-1.53,9.77,0.65
507693,32,Standing,2723512309000,-1.57,9.77,0.65
507695,32,Standing,2723562328000,-1.53,9.77,0.69
507694,32,Standing,2723562328000,-1.53,9.77,0.69
507696,32,Standing,2723662273000,-1.53,9.72,0.69
507697,32,Standing,2723712322000,-1.5,9.81,0.72
507698,32,Standing,2723762279000,-1.5,9.81,0.65
507699,32,Standing,2723812297000,-1.61,9.81,0.69
507701,32,Standing,2723862315000,-1.61,9.77,0.61
507700,32,Standing,2723862315000,-1.61,9.77,0.61
507702,32,Standing,2723962261000,-1.57,9.77,0.61
