,user,label,timestamp,x,y,z
464168,33,Standing,574392284000,0.0,9.89,1.5
464170,33,Standing,574442271000,0.0,9.89,1.46
464169,33,Standing,574442271000,0.0,9.89,1.46
464171,33,Standing,574542308000,0.04,9.89,1.42
464172,33,Standing,574592296000,0.04,9.85,1.54
464173,33,Standing,574642314000,0.08,9.89,1.5
464174,33,Standing,574692302000,0.08,9.81,1.46
464175,33,Standing,574742320000,0.04,9.89,1.42
464176,33,Standing,574792308000,0.04,9.89,1.46
464177,33,Standing,574842296000,0.0,9.85,1.38
464178,33,Standing,574892314000,0.0,9.89,1.38
464179,33,Standing,574942363000,0.04,9.72,1.46
464180,33,Standing,574992259000,0.04,9.96,1.42
464181,33,Standing,575042338000,0.15,10.0,1.5
464182,33,Standing,575092326000,0.27,9.81,1.46
464183,33,Standing,575142314000,0.31,9.85,1.57
464184,33,Standing,575192302000,0.19,9.72,1.57
464185,33,Standing,575245830000,0.0,9.89,1.57
464186,33,Standing,575302318000,0.04,9.85,1.57
464187,33,Standing,575352305000,0.04,9.81,1.61
464188,33,Standing,575402293000,0.08,9.85,1.57
464189,33,Standing,575452312000,0.23,9.85,1.42
464190,33,Standing,575502299000,0.23,9.89,1.27
464191,33,Standing,575552348000,0.08,9.92,1.42
464192,33,Standing,575612315000,0.0,9.81,1.54
464193,33,Standing,575662334000,-0.04,9.77,1.5
464194,33,Standing,575712321000,0.08,9.81,1.54
464195,33,Standing,575762309000,0.04,9.85,1.76
464196,33,Standing,575812327000,0.15,9.81,1.65
464197,33,Standing,575862315000,0.23,9.89,1.54
464198,33,Standing,575912334000,0.19,9.81,1.5
464199,33,Standing,575962291000,0.15,9.89,1.42
464200,33,Standing,576012279000,0.08,9.89,1.38
464201,33,Standing,576062297000,0.15,9.85,1.38
464202,33,Standing,576112559000,0.08,9.92,1.46
464203,33,Standing,576162273000,0.08,9.85,1.46
464204,33,Standing,576212291000,0.11,9.89,1.46
464205,33,Standing,576262248000,0.15,9.89,1.46
464206,33,Standing,576312297000,0.11,9.89,1.46
464207,33,Standing,576362315000,0.11,9.85,1.5
464208,33,Standing,576412303000,0.15,9.85,1.54
464209,33,Standing,576462291000,0.27,9.85,1.57
464210,33,Standing,576512309000,0.34,9.81,1.57
464211,33,Standing,576562297000,0.23,9.85,1.57
464212,33,Standing,576612315000,0.11,9.85,1.54
464213,33,Standing,576662303000,0.08,9.81,1.57
464214,33,Standing,576712291000,0.11,9.81,1.54
464215,33,Standing,576762279000,0.11,9.85,1.65
464216,33,Standing,576812297000,0.15,9.85,1.61
464217,33,Standing,576862285000,0.15,9.85,1.5
464218,33,Standing,576912273000,0.15,9.85,1.54
464219,33,Standing,576962291000,0.19,9.85,1.57
464220,33,Standing,577012248000,0.27,9.85,1.5
464221,33,Standing,577062297000,0.19,9.89,1.5
464222,33,Standing,577112346000,0.15,9.85,1.46
464223,33,Standing,577112346000,0.15,9.85,1.46
464224,33,Standing,577182262000,0.04,9.85,1.42
464225,33,Standing,577232341000,0.0,9.89,1.46
464226,33,Standing,577282298000,0.08,9.85,1.46
464227,33,Standing,577332316000,0.08,9.85,1.38
464228,33,Standing,577382304000,0.04,9.85,1.46
464229,33,Standing,577432292000,0.04,9.89,1.42
464230,33,Standing,577482310000,0.04,9.85,1.46
464232,33,Standing,577532298000,0.11,9.85,1.42
464231,33,Standing,577532298000,0.11,9.85,1.42
464233,33,Standing,577632304000,0.08,9.85,1.46
464234,33,Standing,577682292000,0.04,9.89,1.46
464235,33,Standing,577732310000,0.04,9.89,1.42
464236,33,Standing,577782298000,0.0,9.85,1.42
464237,33,Standing,577832316000,0.15,9.85,1.5
464238,33,Standing,577882304000,0.19,9.85,1.57
464239,33,Standing,577932292000,0.23,9.85,1.61
464240,33,Standing,577982310000,0.11,9.85,1.61
464241,33,Standing,578032329000,0.0,9.89,1.5
464242,33,Standing,578082347000,-0.08,9.85,1.38
464243,33,Standing,578132304000,0.0,9.85,1.46
464244,33,Standing,578182323000,0.08,9.96,1.42
464245,33,Standing,578232341000,0.11,9.85,1.46
464246,33,Standing,578282329000,0.08,9.85,1.42
464247,33,Standing,578332316000,0.04,9.85,1.46
464248,33,Standing,578382304000,0.0,9.89,1.46
464249,33,Standing,578432262000,0.08,9.89,1.46
464250,33,Standing,578482402000,0.11,9.89,1.5
464251,33,Standing,578532298000,0.11,9.81,1.46
464252,33,Standing,578582378000,0.08,9.85,1.54
464253,33,Standing,578582378000,0.08,9.85,1.54
464254,33,Standing,578682292000,0.04,9.89,1.46
464256,33,Standing,578732341000,0.04,9.85,1.46
464255,33,Standing,578732341000,0.04,9.85,1.46
464257,33,Standing,578832347000,0.0,9.85,1.5
464258,33,Standing,578882304000,0.04,9.85,1.42
464259,33,Standing,578882304000,0.04,9.85,1.42
464260,33,Standing,578982310000,0.04,9.89,1.46
464261,33,Standing,579032298000,0.0,9.89,1.46
464262,33,Standing,579082378000,0.04,9.85,1.5
464263,33,Standing,579132365000,0.04,9.89,1.42
464264,33,Standing,579182292000,0.04,9.89,1.5
464265,33,Standing,579232310000,0.04,9.85,1.42
464266,33,Standing,579282298000,0.0,9.85,1.46
464267,33,Standing,579332377000,0.0,9.92,1.42
464269,33,Standing,579382365000,0.04,9.89,1.46
464270,33,Standing,579382365000,0.04,9.89,1.46
464268,33,Standing,579382365000,0.04,9.89,1.46
464271,33,Standing,579532298000,0.04,9.85,1.46
464272,33,Standing,579582347000,0.08,9.89,1.42
464273,33,Standing,579632304000,0.08,9.85,1.46
464274,33,Standing,579682292000,0.08,9.85,1.54
464275,33,Standing,579732371000,0.04,9.85,1.54
464276,33,Standing,579842113000,0.04,9.85,1.54
464277,33,Standing,579842113000,0.04,9.85,1.54
464278,33,Standing,579892253000,0.11,9.89,1.54
464279,33,Standing,579942393000,0.08,9.89,1.46
464280,33,Standing,579992229000,0.08,9.89,1.5
464281,33,Standing,580042338000,0.04,9.89,1.46
464282,33,Standing,580042338000,0.04,9.89,1.46
464283,33,Standing,580142345000,0.11,9.89,1.42
464284,33,Standing,580192363000,0.15,9.85,1.46
464285,33,Standing,580252635000,0.11,9.85,1.46
464286,33,Standing,580302379000,0.19,9.81,1.54
464287,33,Standing,580352305000,0.5,9.85,1.54
464288,33,Standing,580402324000,-0.15,9.7,1.73
464289,33,Standing,580452342000,-0.19,10.0,1.31
464290,33,Standing,580512340000,0.15,9.62,1.42
464291,33,Standing,580562297000,0.27,9.96,1.57
464292,33,Standing,580612376000,0.15,9.89,1.42
464293,33,Standing,580662303000,0.0,9.85,1.46
464294,33,Standing,580712321000,-0.08,9.85,1.38
464295,33,Standing,580762340000,-0.04,9.89,1.5
464296,33,Standing,580812327000,0.08,9.89,1.5
464297,33,Standing,580862376000,0.23,9.85,1.46
464298,33,Standing,580912303000,0.31,9.89,1.46
464299,33,Standing,580962352000,0.38,9.85,1.33
464300,33,Standing,581012370000,0.23,9.89,1.38
464301,33,Standing,581062266000,0.08,9.89,1.38
464302,33,Standing,581112346000,0.04,9.85,1.42
464303,33,Standing,581162334000,0.11,9.81,1.5
464304,33,Standing,581212321000,0.15,9.81,1.57
464305,33,Standing,581262340000,0.19,9.85,1.61
464306,33,Standing,581312266000,0.23,9.85,1.61
464307,33,Standing,581362346000,0.27,9.81,1.69
464308,33,Standing,581412303000,0.27,9.77,1.57
464309,33,Standing,581462291000,0.23,9.89,1.65
464310,33,Standing,581512309000,0.15,9.81,1.61
464311,33,Standing,581562327000,0.15,9.85,1.54
464312,33,Standing,581612315000,0.11,9.85,1.54
464313,33,Standing,581662273000,0.11,9.85,1.61
464314,33,Standing,581712260000,0.11,9.81,1.61
464315,33,Standing,581762309000,0.08,9.85,1.57
464316,33,Standing,581812327000,0.08,9.81,1.65
464317,33,Standing,581862315000,0.11,9.81,1.69
464318,33,Standing,581912273000,0.11,9.81,1.65
464319,33,Standing,581962260000,0.11,9.81,1.69
464320,33,Standing,582012279000,0.15,9.81,1.65
464321,33,Standing,582012279000,0.15,9.81,1.65
464322,33,Standing,582112285000,0.15,9.89,1.65
464323,33,Standing,582162303000,0.11,9.85,1.57
464324,33,Standing,582212291000,0.15,9.85,1.61
464325,33,Standing,582262340000,0.23,9.81,1.57
464326,33,Standing,582312297000,0.19,9.81,1.54
464328,33,Standing,582362315000,0.15,9.81,1.57
464327,33,Standing,582362315000,0.15,9.81,1.57
464329,33,Standing,582462260000,0.11,9.81,1.57
464330,33,Standing,582512431000,0.11,9.85,1.61
464331,33,Standing,582562297000,0.19,9.85,1.65
464332,33,Standing,582612315000,0.11,9.81,1.57
464333,33,Standing,582662303000,0.15,9.85,1.57
464334,33,Standing,582712291000,0.11,9.89,1.57
464335,33,Standing,582762309000,0.11,9.85,1.57
464336,33,Standing,582812327000,0.15,9.89,1.61
464337,33,Standing,582862315000,0.15,9.81,1.57
464338,33,Standing,582912273000,0.15,9.85,1.57
464339,33,Standing,582962291000,0.15,9.81,1.57
464341,33,Standing,583012248000,0.15,9.85,1.54
464340,33,Standing,583012248000,0.15,9.85,1.54
464342,33,Standing,583112285000,0.15,9.85,1.5
464343,33,Standing,583162303000,0.19,9.85,1.54
464344,33,Standing,583212321000,0.23,9.81,1.57
464345,33,Standing,583262309000,0.19,9.85,1.57
464346,33,Standing,583312297000,0.15,9.81,1.57
464347,33,Standing,583362346000,0.08,9.85,1.5
464348,33,Standing,583412303000,0.08,9.85,1.54
464349,33,Standing,583462321000,0.11,9.81,1.54
464351,33,Standing,583512370000,0.08,9.85,1.54
464350,33,Standing,583512370000,0.08,9.85,1.54
464352,33,Standing,583612315000,0.11,9.85,1.57
464353,33,Standing,583662547000,0.11,9.85,1.54
464354,33,Standing,583712291000,0.15,9.81,1.54
464355,33,Standing,583762309000,0.15,9.89,1.5
464356,33,Standing,583812327000,0.11,9.85,1.54
464357,33,Standing,583862346000,0.08,9.81,1.57
464358,33,Standing,583912334000,0.08,9.85,1.54
464359,33,Standing,583962260000,0.08,9.85,1.57
464360,33,Standing,583962260000,0.08,9.85,1.57
464361,33,Standing,584062297000,0.08,9.81,1.5
464362,33,Standing,584112315000,0.04,9.85,1.54
464363,33,Standing,584162364000,0.08,9.81,1.57
464364,33,Standing,584212321000,0.04,9.85,1.54
464365,33,Standing,584262340000,0.11,9.77,1.57
464366,33,Standing,584312297000,0.11,9.89,1.54
464367,33,Standing,584362315000,0.19,9.89,1.57
