,user,label,timestamp,x,y,z
256398,36,Standing,15002983319000,-0.95,9.43,2.7921712000000003
256399,36,Standing,15003032819000,-0.95,9.34,2.7240696
256400,36,Standing,15003083356000,-0.84,9.43,2.7240696
256401,36,Standing,15003132856000,-1.04,9.38,2.7649305
256402,36,Standing,15003183362000,-0.99,9.43,2.6423476000000004
256403,36,Standing,15003232831000,-0.99,9.43,2.7649305
256404,36,Standing,15003283368000,-1.04,9.38,2.6832085
256405,36,Standing,15003332837000,-1.04,9.38,2.6423476000000004
256406,36,Standing,15003383374000,-0.89,9.43,2.6423476000000004
256407,36,Standing,15003432904000,-0.84,9.47,2.6423476000000004
256408,36,Standing,15003483442000,-0.8,9.43,2.6832085
256409,36,Standing,15003532911000,-0.84,9.43,2.6423476000000004
256410,36,Standing,15003583478000,-0.91,9.47,2.7240696
256411,36,Standing,15003632978000,-0.72,9.53,2.6014863999999998
256412,36,Standing,15003682508000,-0.61,9.38,2.5333846
256413,36,Standing,15003733014000,-0.84,9.38,2.6832085
256414,36,Standing,15003782605000,-0.99,9.47,2.8738932999999998
256415,36,Standing,15003833112000,-0.91,9.38,2.7921712000000003
256416,36,Standing,15003882642000,-0.76,9.34,2.5606253
256417,36,Standing,15003933118000,-0.69,9.43,2.5606253
256418,36,Standing,15003982648000,-0.8,9.53,2.6423476000000004
256419,36,Standing,15004033155000,-0.8,9.47,2.6832085
256420,36,Standing,15004082624000,-0.8,9.47,2.7649305
256421,36,Standing,15004133161000,-0.89,9.3,2.7649305
256422,36,Standing,15004190381000,-0.8,9.34,2.7649305
256423,36,Standing,15004242353000,-0.84,9.38,2.7240696
256424,36,Standing,15004292340000,-0.89,9.47,2.8330324
256425,36,Standing,15004342237000,-0.91,9.47,2.8330324
256426,36,Standing,15004392286000,-0.84,9.43,2.7240696
256427,36,Standing,15004442334000,-0.8,9.3,2.7649305
256428,36,Standing,15004492261000,-1.08,9.34,2.8738932999999998
256429,36,Standing,15004542279000,-1.04,9.34,2.8330324
256430,36,Standing,15004592267000,-0.99,9.38,2.8330324
256431,36,Standing,15004642286000,-1.04,9.34,2.6832085
256432,36,Standing,15004692273000,-0.89,9.28,2.7921712000000003
256433,36,Standing,15004742261000,-0.84,9.23,2.7240696
256434,36,Standing,15004792279000,-0.99,9.38,2.9147543999999996
256435,36,Standing,15004842267000,-1.12,9.51,2.9147543999999996
256436,36,Standing,15004942334000,-0.89,9.47,2.7240696
256437,36,Standing,15004942334000,-0.89,9.47,2.7240696
256438,36,Standing,15004992353000,-0.95,9.38,2.7649305
256439,36,Standing,15005042402000,-1.04,9.34,2.7649305
256440,36,Standing,15005092298000,-0.95,9.38,2.6832085
256441,36,Standing,15005142316000,-1.04,9.34,2.7649305
256442,36,Standing,15005202253000,-1.04,9.38,2.6832085
256443,36,Standing,15005252240000,-1.14,9.43,2.7649305
256444,36,Standing,15005302259000,-1.12,9.43,2.7649305
256445,36,Standing,15005352216000,-1.04,9.38,2.7649305
256446,36,Standing,15005402295000,-1.04,9.34,2.7240696
256447,36,Standing,15005452222000,-1.04,9.34,2.7921712000000003
256448,36,Standing,15005502301000,-1.12,9.43,2.8330324
256449,36,Standing,15005552228000,-1.08,9.47,2.7921712000000003
256450,36,Standing,15005602308000,-1.14,9.43,2.8330324
256451,36,Standing,15005652234000,-1.04,9.34,2.7240696
256452,36,Standing,15005702283000,-1.08,9.34,2.7649305
256453,36,Standing,15005752210000,-1.08,9.38,2.7649305
256454,36,Standing,15005802289000,-1.04,9.38,2.7240696
256455,36,Standing,15005852216000,-1.04,9.38,2.7649305
256456,36,Standing,15005902265000,-1.08,9.38,2.7649305
256457,36,Standing,15005952222000,-1.04,9.38,2.7240696
256458,36,Standing,15006002271000,-1.04,9.38,2.6832085
256459,36,Standing,15006052198000,-0.99,9.38,2.7240696
256460,36,Standing,15006102308000,-0.99,9.38,2.6832085
256461,36,Standing,15006152234000,-1.12,9.38,2.7240696
256462,36,Standing,15006202314000,-1.27,9.43,2.7921712000000003
256463,36,Standing,15006252240000,-0.99,9.3,2.6423476000000004
256464,36,Standing,15006302289000,-0.95,9.28,2.6014863999999998
256465,36,Standing,15006352246000,-1.27,9.47,2.7649305
256466,36,Standing,15006402295000,-1.14,9.51,2.7921712000000003
256467,36,Standing,15006452253000,-0.91,9.38,2.6423476000000004
256468,36,Standing,15006502301000,-0.99,9.34,2.6423476000000004
256469,36,Standing,15006552228000,-1.18,9.47,2.7240696
256470,36,Standing,15006602308000,-1.08,9.43,2.6832085
256471,36,Standing,15006652204000,-0.99,9.43,2.6832085
256472,36,Standing,15006702283000,-0.99,9.38,2.6423476000000004
256473,36,Standing,15006752240000,-1.08,9.43,2.7649305
256474,36,Standing,15006802289000,-1.12,9.47,2.7649305
256475,36,Standing,15006852216000,-1.04,9.47,2.6423476000000004
256476,36,Standing,15006902295000,-0.89,9.34,2.6014863999999998
256477,36,Standing,15006952253000,-0.99,9.43,2.6832085
256478,36,Standing,15007002301000,-1.18,9.53,2.7921712000000003
256479,36,Standing,15007052228000,-0.95,9.43,2.7240696
256480,36,Standing,15007102308000,-0.65,9.34,2.5333846
256481,36,Standing,15007152234000,-0.76,9.38,2.4925237
256482,36,Standing,15007202344000,-0.95,9.53,2.7240696
256483,36,Standing,15007202344000,-0.95,9.53,2.7240696
256484,36,Standing,15007302289000,-0.65,9.53,2.5333846
256485,36,Standing,15007352246000,-0.69,9.3,2.3699405
256486,36,Standing,15007402295000,-0.84,9.47,2.5333846
256487,36,Standing,15007452253000,-0.99,9.53,2.7240696
256488,36,Standing,15007502301000,-0.99,9.47,2.7240696
256489,36,Standing,15007552228000,-0.84,9.34,2.6832085
256490,36,Standing,15007602277000,-0.95,9.34,2.6014863999999998
256491,36,Standing,15007652234000,-0.8,9.43,2.5333846
256492,36,Standing,15007702314000,-0.84,9.47,2.5333846
256493,36,Standing,15007752240000,-0.8,9.53,2.4925237
256494,36,Standing,15007802289000,-0.8,9.51,2.5606253
256495,36,Standing,15007852216000,-0.84,9.47,2.5606253
256496,36,Standing,15007902295000,-0.69,9.43,2.6014863999999998
256497,36,Standing,15007952222000,-0.8,9.38,2.6014863999999998
256498,36,Standing,15008002301000,-0.89,9.43,2.5606253
256499,36,Standing,15008052198000,-0.89,9.51,2.6423476000000004
256500,36,Standing,15008102277000,-0.84,9.51,2.6014863999999998
256501,36,Standing,15008152204000,-0.84,9.47,2.6014863999999998
256502,36,Standing,15008202283000,-0.84,9.47,2.6423476000000004
256503,36,Standing,15008252240000,-0.89,9.43,2.7240696
256504,36,Standing,15008302259000,-0.89,9.47,2.7240696
256505,36,Standing,15008352246000,-0.91,9.38,2.6423476000000004
256506,36,Standing,15008402265000,-0.95,9.38,2.7649305
256507,36,Standing,15008452253000,-0.99,9.43,2.7649305
256508,36,Standing,15008502301000,-0.95,9.34,2.7649305
256509,36,Standing,15008552228000,-0.99,9.38,2.7921712000000003
256510,36,Standing,15008602277000,-1.04,9.38,2.7921712000000003
256511,36,Standing,15008652234000,-0.95,9.43,2.8738932999999998
256512,36,Standing,15008702314000,-1.08,9.3,2.8738932999999998
256513,36,Standing,15008752210000,-1.04,9.3,2.7921712000000003
256514,36,Standing,15008802259000,-1.12,9.3,2.8738932999999998
256515,36,Standing,15008852216000,-1.14,9.3,2.8330324
256516,36,Standing,15008902265000,-1.14,9.38,2.8330324
256517,36,Standing,15008952222000,-1.12,9.38,2.7921712000000003
256518,36,Standing,15009002271000,-1.08,9.34,2.7921712000000003
256519,36,Standing,15009052228000,-1.12,9.3,2.7240696
256520,36,Standing,15009102308000,-1.08,9.38,2.7649305
256521,36,Standing,15009152234000,-1.14,9.34,2.7921712000000003
256522,36,Standing,15009202283000,-1.12,9.34,2.7921712000000003
256523,36,Standing,15009252210000,-1.12,9.34,2.7649305
256524,36,Standing,15009302259000,-1.08,9.34,2.7649305
256525,36,Standing,15009352216000,-1.14,9.34,2.7649305
256526,36,Standing,15009402295000,-1.08,9.43,2.7921712000000003
256527,36,Standing,15009452253000,-1.14,9.3,2.7649305
256528,36,Standing,15009502271000,-1.08,9.34,2.7649305
256529,36,Standing,15009552198000,-1.12,9.34,2.7649305
256530,36,Standing,15009602277000,-1.12,9.34,2.7921712000000003
256531,36,Standing,15009652234000,-1.14,9.34,2.8330324
256532,36,Standing,15009702314000,-1.04,9.34,2.7921712000000003
256533,36,Standing,15009752210000,-1.04,9.34,2.7240696
256534,36,Standing,15009802289000,-0.99,9.38,2.7649305
256535,36,Standing,15009852246000,-1.08,9.34,2.7921712000000003
256536,36,Standing,15009902295000,-0.99,9.38,2.7921712000000003
256537,36,Standing,15009952253000,-1.08,9.38,2.8330324
256538,36,Standing,15010002301000,-1.04,9.34,2.7649305
256539,36,Standing,15010002301000,-1.04,9.34,2.7649305
256540,36,Standing,15010102308000,-1.12,9.34,2.7649305
256541,36,Standing,15010162275000,-0.99,9.38,2.7921712000000003
256542,36,Standing,15010212262000,-1.04,9.38,2.8738932999999998
256543,36,Standing,15010265119000,-1.08,9.38,2.6832085
256544,36,Standing,15010322278000,-0.95,9.43,2.7240696
256545,36,Standing,15010372235000,-0.99,9.47,2.6832085
256546,36,Standing,15010422254000,-0.99,9.38,2.6832085
256547,36,Standing,15010472242000,-0.95,9.43,2.6014863999999998
256548,36,Standing,15010522260000,-0.84,9.51,2.6423476000000004
256549,36,Standing,15010572217000,-0.95,9.47,2.7240696
256550,36,Standing,15010622235000,-0.95,9.43,2.7921712000000003
256551,36,Standing,15010672254000,-1.04,9.38,2.8738932999999998
256552,36,Standing,15010722242000,-0.95,9.34,2.7921712000000003
256553,36,Standing,15010772168000,-0.91,9.34,2.7921712000000003
256555,36,Standing,15010822278000,-0.84,9.34,2.7649305
256554,36,Standing,15010822278000,-0.84,9.34,2.7649305
256556,36,Standing,15010922284000,-0.72,9.53,2.8738932999999998
256557,36,Standing,15010972303000,-0.69,9.34,2.8330324
256558,36,Standing,15010972303000,-0.69,9.34,2.8330324
256559,36,Standing,15011033307000,-0.84,9.34,2.982856
256560,36,Standing,15011082898000,-0.91,9.28,3.0237172
256561,36,Standing,15011133466000,-1.08,9.15,2.982856
256562,36,Standing,15011182996000,-0.91,9.34,2.9556155
256563,36,Standing,15011232557000,-0.57,9.7,2.6832085
256564,36,Standing,15011283094000,-0.46,9.28,2.5333846
256565,36,Standing,15011332685000,-0.57,9.43,2.8738932999999998
256566,36,Standing,15011383252000,-0.72,9.34,2.8738932999999998
256567,36,Standing,15011432813000,-0.8,9.43,2.8330324
256568,36,Standing,15011483350000,-0.69,9.34,2.7921712000000003
256569,36,Standing,15011532941000,-0.53,9.38,2.6423476000000004
256570,36,Standing,15011583387000,-0.53,9.38,2.6832085
256571,36,Standing,15011632947000,-0.61,9.47,2.7240696
256572,36,Standing,15011683515000,-0.61,9.51,2.8330324
256573,36,Standing,15011733045000,-0.61,9.47,2.7649305
256574,36,Standing,15011782575000,-0.72,9.43,2.7649305
256575,36,Standing,15011833142000,-0.57,9.34,2.6832085
256576,36,Standing,15011882673000,-0.65,9.38,2.7240696
256577,36,Standing,15011933240000,-0.69,9.47,2.8738932999999998
256578,36,Standing,15011982740000,-0.76,9.47,2.8738932999999998
256579,36,Standing,15012033246000,-0.61,9.34,2.8738932999999998
256580,36,Standing,15012082776000,-0.72,9.34,2.982856
256581,36,Standing,15012133313000,-0.42,9.28,2.8738932999999998
256582,36,Standing,15012182813000,-0.72,9.43,2.7921712000000003
256583,36,Standing,15012233350000,-0.23,9.15,2.5606253
256584,36,Standing,15012282880000,-1.61,9.51,3.1054392
256585,36,Standing,15012333387000,-1.38,9.66,2.4925237
256586,36,Standing,15012382917000,0.19,9.38,2.9556155
256587,36,Standing,15012433423000,-0.95,9.34,1.9885708
256588,36,Standing,15012482953000,-1.14,9.34,2.6423476000000004
256589,36,Standing,15012532483000,-0.91,9.23,2.4108016
256590,36,Standing,15012583051000,-0.76,9.3,2.1111538
256591,36,Standing,15012632611000,-1.08,9.66,2.5606253
256592,36,Standing,15012683179000,-1.31,9.72,2.4516625
256593,36,Standing,15012742780000,-1.31,9.51,2.4925237
256594,36,Standing,15012792249000,-1.27,9.51,2.4108016
256595,36,Standing,15012842267000,-1.04,9.51,2.3426998
256596,36,Standing,15012892255000,-1.23,9.51,2.3018389
256597,36,Standing,15012942273000,-1.12,9.58,2.2609777
