,user,label,timestamp,x,y,z
669598,23,Downstairs,1765082316000,-0.69,9.11,-0.5
669599,23,Downstairs,1765132304000,-2.34,12.76,6.7
669600,23,Downstairs,1765182353000,3.11,19.34,-0.72
669601,23,Downstairs,1765232310000,6.24,11.6,-3.17
669602,23,Downstairs,1765232310000,6.24,11.6,-3.17
669603,23,Downstairs,1765310283000,4.6,5.09,-1.8
669604,23,Downstairs,1765362315000,3.26,2.91,-0.57
669605,23,Downstairs,1765412303000,3.64,4.18,-1.61
669606,23,Downstairs,1765462352000,1.33,13.25,6.17
669607,23,Downstairs,1765512309000,-4.18,9.51,3.34
669608,23,Downstairs,1765562327000,0.19,5.98,3.11
669609,23,Downstairs,1765612254000,6.02,17.88,-1.5
669610,23,Downstairs,1765662334000,-4.9,14.14,2.45
669611,23,Downstairs,1765712321000,5.18,14.06,-1.99
669612,23,Downstairs,1765762340000,3.15,9.81,-1.14
669613,23,Downstairs,1765812327000,0.8,8.39,0.53
669614,23,Downstairs,1765862376000,-1.57,8.47,1.18
669615,23,Downstairs,1765912334000,-0.84,8.77,1.33
669616,23,Downstairs,1765962291000,-0.84,7.86,-1.8
669617,23,Downstairs,1766022227000,-1.8,12.07,3.95
669618,23,Downstairs,1766072307000,2.11,17.5,0.72
669619,23,Downstairs,1766122325000,2.72,12.41,-4.59
669620,23,Downstairs,1766172252000,1.88,13.44,-3.98
669621,23,Downstairs,1766222423000,5.83,10.76,-0.89
669622,23,Downstairs,1766272319000,3.53,7.16,-0.19
669623,23,Downstairs,1766322337000,4.48,7.78,0.15
669624,23,Downstairs,1766372325000,4.33,8.66,0.57
669625,23,Downstairs,1766422343000,4.75,7.35,-0.04
669626,23,Downstairs,1766472331000,5.05,8.5,1.08
669627,23,Downstairs,1766522288000,4.25,10.61,3.38
669628,23,Downstairs,1766572337000,1.18,9.51,1.8
669629,23,Downstairs,1766622325000,1.46,9.0,0.08
669630,23,Downstairs,1766672343000,3.45,7.78,0.46
669631,23,Downstairs,1766722392000,6.82,11.65,-1.69
669632,23,Downstairs,1766772227000,4.06,10.46,0.99
669633,23,Downstairs,1766822337000,0.99,7.97,-4.02
669634,23,Downstairs,1766872325000,4.18,10.5,-0.3
669635,23,Downstairs,1766922313000,2.22,9.81,-2.14
669636,23,Downstairs,1766972240000,2.07,9.77,-1.84
669637,23,Downstairs,1767022258000,2.87,9.58,-2.03
669638,23,Downstairs,1767072337000,4.02,8.81,-2.72
669639,23,Downstairs,1767122356000,3.34,9.34,-1.65
669640,23,Downstairs,1767172343000,2.07,10.04,-0.95
669641,23,Downstairs,1767222331000,1.31,10.0,-1.8
669642,23,Downstairs,1767272319000,1.61,10.69,-0.91
669643,23,Downstairs,1767322337000,1.5,11.41,-1.76
669644,23,Downstairs,1767372325000,0.04,12.64,0.5
669645,23,Downstairs,1767422343000,0.34,11.73,2.37
669646,23,Downstairs,1767472331000,-0.95,13.53,-5.18
669647,23,Downstairs,1767522410000,3.38,13.67,-5.48
669648,23,Downstairs,1767572337000,2.53,11.41,-2.34
669649,23,Downstairs,1767622325000,3.06,8.16,-1.12
669650,23,Downstairs,1767672343000,4.06,3.95,-0.84
669651,23,Downstairs,1767732341000,3.83,3.95,-0.84
669652,23,Downstairs,1767782237000,4.14,4.94,1.38
669653,23,Downstairs,1767832347000,5.28,11.84,5.75
669654,23,Downstairs,1767882274000,2.18,10.15,3.21
669655,23,Downstairs,1767932445000,8.5,6.09,-3.17
669656,23,Downstairs,1767982310000,-1.18,14.33,-2.75
669657,23,Downstairs,1768032298000,0.0,7.06,-2.6
669658,23,Downstairs,1768082316000,3.95,10.5,-2.68
669659,23,Downstairs,1768132304000,3.11,9.19,0.53
669660,23,Downstairs,1768182292000,0.84,8.08,1.99
669661,23,Downstairs,1768232310000,1.31,9.11,1.12
669662,23,Downstairs,1768282329000,1.5,6.82,2.3
669663,23,Downstairs,1768332316000,1.42,8.08,-0.3
669664,23,Downstairs,1768382304000,-0.38,9.85,-0.76
669665,23,Downstairs,1768432292000,-2.56,12.76,6.36
669666,23,Downstairs,1768482341000,-0.23,17.5,0.99
669667,23,Downstairs,1768532298000,8.73,10.19,-6.63
669668,23,Downstairs,1768582316000,6.51,4.82,-1.18
669669,23,Downstairs,1768632304000,2.11,4.9,2.3
669671,23,Downstairs,1768682292000,5.09,1.65,-0.84
669670,23,Downstairs,1768682292000,5.09,1.65,-0.84
669673,23,Downstairs,1768784068000,1.65,11.03,1.61
669672,23,Downstairs,1768784068000,1.65,11.03,1.61
669674,23,Downstairs,1768842265000,0.65,9.89,1.92
669675,23,Downstairs,1768892314000,1.95,12.57,2.22
669676,23,Downstairs,1768942332000,1.38,9.15,-4.37
669677,23,Downstairs,1768992320000,-2.22,18.35,4.63
669678,23,Downstairs,1769042338000,6.82,3.99,-1.12
669679,23,Downstairs,1769092326000,4.9,11.56,-1.73
669680,23,Downstairs,1769142345000,-1.42,9.81,4.1
669681,23,Downstairs,1769192332000,-1.57,8.66,1.54
669682,23,Downstairs,1769242320000,-1.8,11.5,5.05
669683,23,Downstairs,1769292338000,0.69,17.54,2.91
669684,23,Downstairs,1769342326000,8.01,9.28,-7.59
669685,23,Downstairs,1769392345000,3.68,3.45,-3.72
669686,23,Downstairs,1769442332000,3.26,3.72,0.11
669687,23,Downstairs,1769492320000,2.03,2.18,1.42
669688,23,Downstairs,1769542338000,4.1,11.37,1.18
669689,23,Downstairs,1769592326000,0.0,16.4,3.49
669690,23,Downstairs,1769642345000,-1.88,7.21,4.82
669691,23,Downstairs,1769692363000,0.8,15.83,2.07
669692,23,Downstairs,1769742351000,2.3,7.93,-1.73
669693,23,Downstairs,1769792338000,-0.23,10.12,-2.72
669694,23,Downstairs,1769842387000,5.71,14.98,4.56
669695,23,Downstairs,1769892375000,2.41,8.35,2.18
669696,23,Downstairs,1769942363000,-3.68,12.72,6.63
669697,23,Downstairs,1769992320000,-0.57,15.64,0.46
669698,23,Downstairs,1770042399000,5.86,8.77,-7.4
669699,23,Downstairs,1770092387000,3.76,2.11,-4.82
669700,23,Downstairs,1770142345000,4.14,4.18,-0.61
669701,23,Downstairs,1770192332000,4.48,4.52,-0.08
669702,23,Downstairs,1770242320000,4.06,17.01,3.3
669703,23,Downstairs,1770292399000,-0.46,13.18,2.98
669704,23,Downstairs,1770342326000,-1.8,6.44,7.12
669705,23,Downstairs,1770392345000,-0.95,14.37,-0.99
669706,23,Downstairs,1770442332000,2.6,9.28,1.12
669707,23,Downstairs,1770492320000,2.22,12.83,-2.49
669708,23,Downstairs,1770542338000,5.09,10.99,2.98
669709,23,Downstairs,1770592326000,-2.03,11.96,6.36
669710,23,Downstairs,1770642345000,-0.38,14.67,4.37
669711,23,Downstairs,1770692332000,3.79,6.47,-8.31
669712,23,Downstairs,1770742320000,3.06,4.25,-5.71
669713,23,Downstairs,1770792338000,4.18,5.94,-0.65
669714,23,Downstairs,1770842326000,2.91,5.28,0.5
669715,23,Downstairs,1770892345000,1.99,17.86,3.68
669716,23,Downstairs,1770942332000,-2.11,9.51,2.37
669717,23,Downstairs,1770992320000,0.76,5.05,2.6
669718,23,Downstairs,1771042338000,3.02,18.28,-2.96
669719,23,Downstairs,1771092326000,-2.72,15.32,4.9
669720,23,Downstairs,1771142345000,3.45,9.0,-2.18
669721,23,Downstairs,1771202342000,3.68,10.12,1.18
669722,23,Downstairs,1771252269000,-3.91,11.73,6.24
669723,23,Downstairs,1771302379000,1.27,13.25,1.76
669724,23,Downstairs,1771362346000,3.21,8.92,-6.05
669725,23,Downstairs,1771412334000,4.6,4.82,-4.33
669726,23,Downstairs,1771462321000,5.09,5.22,-0.53
669727,23,Downstairs,1771512340000,4.44,3.06,-0.61
669728,23,Downstairs,1771562327000,3.06,16.97,5.86
669729,23,Downstairs,1771612346000,-4.56,11.96,4.33
669730,23,Downstairs,1771662334000,1.27,7.89,0.5
669731,23,Downstairs,1771712321000,3.3,15.6,-2.18
669732,23,Downstairs,1771762340000,-2.22,15.85,0.46
669733,23,Downstairs,1771812327000,4.67,9.92,0.65
669734,23,Downstairs,1771862346000,3.6,8.12,-1.08
669735,23,Downstairs,1771912334000,-3.87,11.41,3.83
669736,23,Downstairs,1771962321000,-2.22,11.56,6.09
669737,23,Downstairs,1772012279000,0.84,13.53,-3.91
669738,23,Downstairs,1772062327000,7.31,8.69,-3.87
669739,23,Downstairs,1772112376000,3.68,4.25,-1.8
669740,23,Downstairs,1772162334000,3.49,6.47,-0.23
669741,23,Downstairs,1772212321000,4.75,4.75,-0.38
669742,23,Downstairs,1772262340000,3.49,12.57,3.34
669743,23,Downstairs,1772312327000,-3.64,17.43,7.5
669744,23,Downstairs,1772362346000,-0.65,11.11,5.09
669745,23,Downstairs,1772412334000,7.67,13.33,-8.96
669746,23,Downstairs,1772462321000,7.06,11.92,-3.17
669747,23,Downstairs,1772512340000,3.45,12.91,-3.83
669748,23,Downstairs,1772562327000,6.93,8.5,-0.15
669749,23,Downstairs,1772612346000,1.12,7.82,-1.14
669750,23,Downstairs,1772662334000,3.3,8.58,-0.42
669751,23,Downstairs,1772712260000,-0.53,11.6,0.76
669752,23,Downstairs,1772762309000,-0.23,12.95,2.26
669753,23,Downstairs,1772812297000,-1.76,16.09,3.72
669755,23,Downstairs,1772862315000,0.11,15.09,0.04
669754,23,Downstairs,1772862315000,0.11,15.09,0.04
669756,23,Downstairs,1772982310000,0.23,13.25,-2.56
669757,23,Downstairs,1773032329000,2.96,9.23,-3.95
669758,23,Downstairs,1773082316000,2.6,9.58,-4.1
669759,23,Downstairs,1773132304000,5.41,4.79,-5.05
669760,23,Downstairs,1773182323000,6.02,4.63,-1.73
669761,23,Downstairs,1773232310000,6.13,4.71,0.8
669762,23,Downstairs,1773282329000,0.69,13.18,4.9
669763,23,Downstairs,1773332316000,-0.15,16.97,7.63
669764,23,Downstairs,1773382335000,5.41,1.88,-6.47
669765,23,Downstairs,1773432292000,6.24,15.43,1.57
669766,23,Downstairs,1773482310000,2.64,1.57,-5.52
669767,23,Downstairs,1773532298000,1.12,15.13,-4.82
669768,23,Downstairs,1773582316000,5.56,7.86,-1.46
669769,23,Downstairs,1773632304000,6.4,7.21,-0.65
669770,23,Downstairs,1773682292000,4.48,9.0,-0.65
669771,23,Downstairs,1773732310000,3.21,9.23,-1.57
669772,23,Downstairs,1773782298000,2.76,11.69,0.89
669773,23,Downstairs,1773832316000,0.38,12.45,1.88
669774,23,Downstairs,1773882304000,-0.11,15.66,0.93
669775,23,Downstairs,1773932292000,0.5,13.72,0.72
669776,23,Downstairs,1773982310000,0.95,11.92,-5.75
669777,23,Downstairs,1774032298000,6.78,15.09,-5.2
669778,23,Downstairs,1774082316000,2.03,11.22,-4.71
669779,23,Downstairs,1774132304000,2.96,9.72,-4.06
669780,23,Downstairs,1774182292000,4.4,8.43,-4.25
669781,23,Downstairs,1774232310000,6.47,3.38,-4.63
669782,23,Downstairs,1774282298000,6.05,2.6,-0.08
669783,23,Downstairs,1774332316000,3.6,8.81,3.3
669784,23,Downstairs,1774382304000,-2.26,17.2,7.7
669785,23,Downstairs,1774432292000,2.79,9.08,-3.45
669786,23,Downstairs,1774482310000,8.62,8.73,-1.23
669787,23,Downstairs,1774532298000,4.99,8.5,-4.59
669788,23,Downstairs,1774582316000,3.64,12.26,-4.67
669789,23,Downstairs,1774632304000,2.6,9.3,3.06
669790,23,Downstairs,1774682292000,2.72,9.15,0.65
669791,23,Downstairs,1774732310000,1.04,8.31,3.53
669792,23,Downstairs,1774782298000,1.69,6.78,2.22
669793,23,Downstairs,1774832347000,2.68,7.46,-0.38
669794,23,Downstairs,1774882304000,2.79,6.36,-1.27
669795,23,Downstairs,1774932323000,0.5,9.58,0.31
669796,23,Downstairs,1774982310000,-3.83,12.68,4.99
669797,23,Downstairs,1775032298000,3.17,19.42,1.76
