,user,label,timestamp,x,y,z
684619,4,Upstairs,3560522289000,0.76,4.1,-2.87
684620,4,Upstairs,3560572337000,0.84,1.57,-3.83
684621,4,Upstairs,3560622417000,-9.19,8.89,-10.99
684622,4,Upstairs,3560672344000,-3.68,10.23,-6.85
684623,4,Upstairs,3560722331000,-1.69,8.62,-6.89
684624,4,Upstairs,3560772319000,-2.3,10.27,-3.95
684625,4,Upstairs,3560822307000,-3.68,10.12,-1.53
684626,4,Upstairs,3560872325000,-5.33,10.08,-0.84
684627,4,Upstairs,3560922313000,-4.52,8.47,-0.99
684628,4,Upstairs,3560972362000,-2.6,8.12,-0.84
684629,4,Upstairs,3561022289000,-0.04,8.12,-1.33
684630,4,Upstairs,3561072337000,-1.38,9.89,-1.76
684631,4,Upstairs,3561122325000,-4.14,9.66,-1.38
684632,4,Upstairs,3561172344000,-3.02,9.19,-0.53
684633,4,Upstairs,3561222331000,-1.5,10.08,-1.08
684634,4,Upstairs,3561272319000,-4.18,13.18,2.11
684635,4,Upstairs,3561322337000,-2.53,14.14,0.08
684636,4,Upstairs,3561372325000,-1.84,14.18,-1.84
684637,4,Upstairs,3561422313000,-3.45,12.53,-3.15
684638,4,Upstairs,3561472331000,-2.18,10.65,-0.57
684639,4,Upstairs,3561522289000,0.11,8.77,1.23
684640,4,Upstairs,3561572337000,0.38,7.5,0.38
684641,4,Upstairs,3561622325000,-0.61,6.63,0.53
684642,4,Upstairs,3561672344000,-0.42,7.25,-0.11
684643,4,Upstairs,3561722362000,0.57,8.54,-0.84
684644,4,Upstairs,3561772319000,-2.03,10.12,-0.69
684645,4,Upstairs,3561822307000,-2.6,10.0,-1.08
684646,4,Upstairs,3561872325000,-2.11,9.89,-1.08
684647,4,Upstairs,3561922313000,0.46,9.11,-2.41
684648,4,Upstairs,3561972392000,1.08,9.3,-4.14
684649,4,Upstairs,3562022319000,-0.15,8.69,-4.29
684650,4,Upstairs,3562072337000,-5.52,8.58,-3.87
684651,4,Upstairs,3562122325000,-9.11,7.93,-0.99
684652,4,Upstairs,3562172374000,-4.21,8.77,-3.26
684653,4,Upstairs,3562222331000,0.11,15.85,-4.9
684654,4,Upstairs,3562272319000,-1.14,9.66,-2.6
684655,4,Upstairs,3562322337000,-0.5,6.28,1.8
684656,4,Upstairs,3562372325000,-2.98,11.41,-0.3
684657,4,Upstairs,3562422313000,-0.19,9.66,-0.65
684658,4,Upstairs,3562472362000,-1.61,9.7,-0.61
684659,4,Upstairs,3562522411000,-2.49,9.81,0.04
684660,4,Upstairs,3562582317000,-0.8,9.66,-0.69
684661,4,Upstairs,3562632274000,-0.57,10.08,-0.15
684662,4,Upstairs,3562682323000,-0.15,9.89,-0.72
684663,4,Upstairs,3562732280000,-0.91,9.7,-0.76
684664,4,Upstairs,3562782298000,-0.95,9.28,0.04
684665,4,Upstairs,3562832317000,0.23,9.62,-0.5
684666,4,Upstairs,3562832317000,0.23,9.62,-0.5
684667,4,Upstairs,3562892284000,-0.11,10.61,-0.46
684668,4,Upstairs,3562942333000,-4.59,10.65,1.88
684669,4,Upstairs,3562992320000,-6.24,11.41,1.38
684670,4,Upstairs,3563042339000,-3.83,13.44,-1.46
684671,4,Upstairs,3563092326000,-1.92,10.42,-1.95
684672,4,Upstairs,3563142345000,0.5,12.98,-0.11
684673,4,Upstairs,3563192333000,-2.07,11.45,0.42
684674,4,Upstairs,3563242320000,-3.57,10.31,0.57
684675,4,Upstairs,3563292339000,-2.6,9.85,1.04
684676,4,Upstairs,3563342357000,-5.75,13.99,-1.04
684677,4,Upstairs,3563392345000,-4.4,13.63,-0.61
684678,4,Upstairs,3563480418000,-1.53,10.57,-2.22
684679,4,Upstairs,3563480418000,-1.53,10.57,-2.22
684680,4,Upstairs,3563542156000,0.46,4.1,-4.02
684681,4,Upstairs,3563592449000,-1.23,3.06,-4.14
684682,4,Upstairs,3563642314000,-7.74,6.05,-7.97
684683,4,Upstairs,3563692272000,-4.14,11.35,-7.4
684684,4,Upstairs,3563742320000,-3.79,8.31,-4.99
684685,4,Upstairs,3563792339000,-3.02,10.27,-4.94
684686,4,Upstairs,3563842326000,-4.02,8.69,-2.96
684687,4,Upstairs,3563895183000,-3.15,9.28,-2.72
684688,4,Upstairs,3563953288000,-4.44,9.43,-2.49
684689,4,Upstairs,3564012279000,-3.26,8.54,-2.22
684690,4,Upstairs,3564062328000,-3.83,8.43,-1.33
684691,4,Upstairs,3564122325000,-2.45,9.15,-0.04
684692,4,Upstairs,3564172344000,-0.53,9.85,-0.69
684693,4,Upstairs,3564222331000,-4.1,9.19,-0.38
684694,4,Upstairs,3564272289000,-2.98,9.38,-0.38
684695,4,Upstairs,3564322337000,-1.92,9.11,-0.15
684696,4,Upstairs,3564372356000,-2.3,10.12,1.14
684697,4,Upstairs,3564422313000,-5.24,12.03,1.61
684698,4,Upstairs,3564472331000,-2.34,15.85,-1.04
684699,4,Upstairs,3564522502000,-3.3,13.67,-2.68
684700,4,Upstairs,3564572337000,-5.63,11.54,-3.06
684701,4,Upstairs,3564622325000,-4.9,11.56,-0.65
684702,4,Upstairs,3564672344000,-1.76,9.62,2.96
684703,4,Upstairs,3564722331000,-0.5,11.14,-1.18
684704,4,Upstairs,3564772319000,-3.45,9.04,-2.22
684705,4,Upstairs,3564822307000,-2.03,8.69,0.95
684706,4,Upstairs,3564872325000,-3.11,9.96,-2.07
684707,4,Upstairs,3564922313000,-0.34,5.67,-1.76
684708,4,Upstairs,3564972362000,1.23,3.41,-2.26
684709,4,Upstairs,3565022319000,1.65,2.37,-3.64
684710,4,Upstairs,3565072337000,-5.33,10.61,-8.81
684711,4,Upstairs,3565122325000,-6.51,13.14,-5.6
684712,4,Upstairs,3565122325000,-6.51,13.14,-5.6
684713,4,Upstairs,3565182292000,-1.57,8.62,-3.64
684714,4,Upstairs,3565242229000,-6.82,11.96,-2.98
684715,4,Upstairs,3565292430000,-7.04,10.15,0.23
684716,4,Upstairs,3565342357000,-2.07,6.28,-1.57
684717,4,Upstairs,3565392345000,-3.21,7.06,-2.64
684718,4,Upstairs,3565442333000,-5.56,7.16,-1.27
684719,4,Upstairs,3565492320000,-2.83,6.85,-1.04
684720,4,Upstairs,3565542339000,-5.13,7.06,0.38
684721,4,Upstairs,3565592326000,-7.25,8.12,0.04
684722,4,Upstairs,3565642345000,-6.21,7.12,0.53
684723,4,Upstairs,3565692363000,-5.56,8.96,0.23
684724,4,Upstairs,3565742320000,-3.53,11.99,-0.72
684725,4,Upstairs,3565792339000,-5.6,12.15,0.84
684726,4,Upstairs,3565842326000,-5.56,14.6,2.68
684727,4,Upstairs,3565892345000,-4.94,13.38,-1.33
684728,4,Upstairs,3565942333000,-5.71,9.96,-3.21
684729,4,Upstairs,3565992290000,-4.06,7.97,0.38
684730,4,Upstairs,3566042339000,-2.41,10.46,-0.08
684731,4,Upstairs,3566092326000,-1.65,8.92,-3.06
684732,4,Upstairs,3566142345000,-2.45,10.61,-0.57
684733,4,Upstairs,3566192333000,-9.43,10.34,-2.6
684734,4,Upstairs,3566242320000,-0.84,6.78,0.93
684735,4,Upstairs,3566292339000,0.8,3.76,-1.8
684736,4,Upstairs,3566342326000,1.88,1.88,-2.72
684737,4,Upstairs,3566400829000,-2.49,4.33,-7.21
684738,4,Upstairs,3566452312000,-10.31,12.41,-2.3
684739,4,Upstairs,3566502330000,-5.28,10.69,-5.63
684740,4,Upstairs,3566552470000,-1.95,8.01,-5.18
684741,4,Upstairs,3566614604000,-0.99,8.77,-2.37
684742,4,Upstairs,3566672496000,-4.14,10.0,-0.99
684743,4,Upstairs,3566722331000,-3.87,7.7,-0.69
684744,4,Upstairs,3566772319000,-2.91,6.44,0.19
684745,4,Upstairs,3566822337000,-3.15,8.24,-0.3
684746,4,Upstairs,3566872325000,-2.07,11.18,0.0
684747,4,Upstairs,3566922221000,-4.29,9.85,-1.57
684748,4,Upstairs,3566972331000,-4.18,10.34,-0.65
684749,4,Upstairs,3567022319000,-1.92,8.66,-0.42
684750,4,Upstairs,3567072337000,-4.99,12.41,2.22
684751,4,Upstairs,3567122325000,-2.26,14.75,0.46
684752,4,Upstairs,3567172344000,-2.72,15.83,-0.91
684753,4,Upstairs,3567222331000,-6.85,10.95,-2.98
684754,4,Upstairs,3567272319000,-6.97,7.67,-1.31
684755,4,Upstairs,3567322337000,-4.37,12.15,2.91
684756,4,Upstairs,3567372325000,-1.61,8.96,0.69
684757,4,Upstairs,3567422313000,0.57,7.35,-1.84
684758,4,Upstairs,3567472331000,-1.27,8.62,-3.34
684759,4,Upstairs,3567522289000,-8.62,11.41,-2.03
684760,4,Upstairs,3567572337000,-4.82,9.23,0.93
684761,4,Upstairs,3567630351000,-3.26,5.86,-1.46
684762,4,Upstairs,3567630351000,-3.26,5.86,-1.46
684763,4,Upstairs,3567692302000,0.38,6.02,-2.56
684764,4,Upstairs,3567742290000,-2.96,4.21,-6.82
684765,4,Upstairs,3567792339000,-6.28,9.04,-2.91
684766,4,Upstairs,3567842326000,-7.25,8.28,-5.71
684767,4,Upstairs,3567892497000,-3.79,8.2,-4.67
684768,4,Upstairs,3567942394000,-1.27,8.16,-3.41
684769,4,Upstairs,3567992290000,-7.35,13.06,0.0
684770,4,Upstairs,3568042857000,-7.46,8.5,0.19
684771,4,Upstairs,3568092326000,-2.3,6.66,-1.53
684772,4,Upstairs,3568142345000,-2.98,7.82,-0.61
684773,4,Upstairs,3568192333000,-0.27,7.74,-0.53
684774,4,Upstairs,3568242320000,-4.25,10.5,-1.73
684775,4,Upstairs,3568292339000,-4.82,9.08,-0.95
684776,4,Upstairs,3568342326000,-3.3,8.43,0.11
684777,4,Upstairs,3568392345000,-2.75,9.72,0.46
684778,4,Upstairs,3568442333000,-7.27,13.18,1.23
684779,4,Upstairs,3568492320000,-3.45,13.67,-2.11
684780,4,Upstairs,3568542339000,-4.37,11.88,0.42
684781,4,Upstairs,3568592326000,-5.52,7.5,0.38
684782,4,Upstairs,3568642314000,-4.21,13.38,0.38
684783,4,Upstairs,3568692333000,0.04,11.75,2.07
684784,4,Upstairs,3568742320000,0.31,9.72,-0.42
684785,4,Upstairs,3568792339000,0.0,11.14,-3.06
684786,4,Upstairs,3568842326000,-1.61,7.31,-2.83
684787,4,Upstairs,3568892345000,-2.45,7.7,-4.75
684788,4,Upstairs,3568942333000,-6.82,11.3,-2.53
684789,4,Upstairs,3568992320000,-1.61,9.51,-2.75
684790,4,Upstairs,3569042339000,0.15,6.32,-2.22
684791,4,Upstairs,3569092326000,0.46,4.82,-2.6
684792,4,Upstairs,3569142345000,-4.37,5.37,-8.69
684793,4,Upstairs,3569192333000,-1.04,7.82,-2.56
684794,4,Upstairs,3569242351000,-4.82,13.53,-4.48
684795,4,Upstairs,3569292339000,-2.56,9.11,-4.37
684796,4,Upstairs,3569342326000,-3.02,9.28,-3.11
684797,4,Upstairs,3569392345000,-4.86,8.05,-0.04
684798,4,Upstairs,3569442363000,-4.79,10.31,1.8
684799,4,Upstairs,3569492320000,-1.33,7.25,-2.64
684800,4,Upstairs,3569542339000,-0.61,6.78,-0.84
684801,4,Upstairs,3569592326000,-3.72,10.04,1.99
684802,4,Upstairs,3569642345000,-3.79,11.75,-1.31
684803,4,Upstairs,3569692333000,-0.38,9.47,-2.3
684804,4,Upstairs,3569742320000,0.34,9.34,-1.46
684805,4,Upstairs,3569792339000,0.5,9.85,0.19
684806,4,Upstairs,3569842326000,-0.34,12.18,1.5
684807,4,Upstairs,3569892345000,-3.91,14.1,4.37
684808,4,Upstairs,3569942333000,-0.84,17.08,2.64
684809,4,Upstairs,3569992320000,-2.87,18.5,3.72
684810,4,Upstairs,3570042339000,-3.36,17.12,1.54
684811,4,Upstairs,3570092326000,2.11,9.11,2.49
684812,4,Upstairs,3570142345000,0.38,8.62,0.61
684813,4,Upstairs,3570192333000,-1.31,6.59,-0.27
684814,4,Upstairs,3570242290000,-0.8,8.85,0.99
684815,4,Upstairs,3570292308000,0.72,8.85,-3.3
684816,4,Upstairs,3570342326000,-4.94,5.33,-4.82
684817,4,Upstairs,3570392345000,-3.76,0.84,7.21
684818,4,Upstairs,3570442333000,-13.67,7.89,-4.71
