,user,label,timestamp,x,y,z
390591,5,Upstairs,2427752270000,2.34,10.99,0.9942854
390592,5,Upstairs,2427802318000,3.3,8.5,0.92618364
390593,5,Upstairs,2427852276000,2.22,9.11,0.10896278
390594,5,Upstairs,2427902294000,0.27,13.87,0.95342433
390595,5,Upstairs,2427952251000,1.61,13.14,2.6832085
390596,5,Upstairs,2428002300000,-1.12,14.6,3.9090397000000006
390597,5,Upstairs,2428052349000,4.06,10.08,3.0645783
390598,5,Upstairs,2428102306000,2.64,7.5,3.4868089999999996
390599,5,Upstairs,2428152294000,0.57,5.71,3.1054392
390600,5,Upstairs,2428202251000,0.76,4.29,1.6889231
390601,5,Upstairs,2428252300000,0.04,2.91,3.6366330000000002
390602,5,Upstairs,2428302257000,0.95,4.29,6.5922484
390603,5,Upstairs,2428352306000,10.31,6.51,9.466142
390604,5,Upstairs,2428402233000,1.95,17.24,10.651112
390605,5,Upstairs,2428452312000,-1.57,6.24,2.5606253
390606,5,Upstairs,2428502239000,0.19,10.27,1.1168685
390607,5,Upstairs,2428552318000,5.18,15.24,2.7240696
390608,5,Upstairs,2428602245000,1.8,6.78,0.95342433
390609,5,Upstairs,2428652325000,2.07,9.04,-0.29964766
390610,5,Upstairs,2428702251000,0.93,5.98,1.334794
390611,5,Upstairs,2428752300000,1.95,3.91,1.0760075
390612,5,Upstairs,2428802257000,1.08,7.16,1.1441092
390613,5,Upstairs,2428852306000,1.38,12.07,2.6014863999999998
390614,5,Upstairs,2428902233000,4.48,16.74,2.9147543999999996
390615,5,Upstairs,2428952312000,3.83,16.47,3.5685309999999997
390616,5,Upstairs,2429002239000,-0.53,12.79,1.4573771999999998
390617,5,Upstairs,2429052318000,0.27,9.66,2.2609777
390618,5,Upstairs,2429102245000,2.03,11.35,1.4165162
390619,5,Upstairs,2429152264000,-2.75,8.24,-0.040861044
390620,5,Upstairs,2429202282000,1.08,5.18,-1.0351465
390621,5,Upstairs,2429252300000,1.46,6.74,2.1111538
390622,5,Upstairs,2429302257000,-1.33,2.37,1.1849703
390623,5,Upstairs,2429352306000,0.53,6.05,4.140586
390624,5,Upstairs,2429402264000,6.89,10.34,9.575105
390625,5,Upstairs,2429452312000,3.41,9.62,10.119919
390626,5,Upstairs,2429502239000,0.93,15.32,3.0645783
390627,5,Upstairs,2429552318000,3.17,4.18,1.9204689999999998
390628,5,Upstairs,2429602398000,2.3,8.31,0.313268
390629,5,Upstairs,2429652294000,2.03,10.31,0.95342433
390630,5,Upstairs,2429702251000,0.53,7.31,1.8796080000000002
390631,5,Upstairs,2429752300000,-0.5,12.41,0.14982383
390632,5,Upstairs,2429802257000,0.34,11.11,1.4982381999999999
390633,5,Upstairs,2429852306000,3.06,7.21,0.84446156
390634,5,Upstairs,2429902233000,2.76,5.86,3.5685309999999997
390635,5,Upstairs,2429952312000,3.45,12.26,0.10896278
390636,5,Upstairs,2430002270000,0.95,16.51,0.8036005
390637,5,Upstairs,2430052318000,-0.89,13.63,-0.29964766
390638,5,Upstairs,2430102245000,-1.46,14.41,1.1441092
390639,5,Upstairs,2430152264000,-1.33,9.43,0.08172209
390640,5,Upstairs,2430202251000,1.54,2.96,-0.7627395
390641,5,Upstairs,2430252239000,0.19,3.11,1.607201
390642,5,Upstairs,2430302257000,0.19,7.31,3.3778462
390643,5,Upstairs,2430352306000,4.14,10.5,6.2108784
390644,5,Upstairs,2430402264000,2.22,4.52,6.9327570000000005
390645,5,Upstairs,2430452312000,0.08,9.51,4.9850473
390646,5,Upstairs,2430502239000,1.95,10.84,2.6832085
390647,5,Upstairs,2430552318000,0.38,1.42,0.92618364
390648,5,Upstairs,2430602276000,8.31,16.04,0.53119355
390649,5,Upstairs,2430652294000,2.15,6.36,2.8330324
390650,5,Upstairs,2430702251000,0.31,4.75,-0.040861044
390651,5,Upstairs,2430752300000,-1.53,7.4,-0.7627395
390652,5,Upstairs,2430802288000,0.99,10.5,0.5720546
390653,5,Upstairs,2430852276000,1.04,9.77,-0.88532263
390654,5,Upstairs,2430912304000,1.42,10.04,-0.19068487
390656,5,Upstairs,2430962200000,-0.23,14.33,-0.0
390655,5,Upstairs,2430962200000,-0.23,14.33,-0.0
390657,5,Upstairs,2431012279000,1.73,15.36,-0.08172209
390658,5,Upstairs,2431072307000,-1.31,15.36,3.2961242
390659,5,Upstairs,2431122265000,-0.19,12.95,1.1441092
390660,5,Upstairs,2431172314000,-0.08,12.68,0.50395286
390661,5,Upstairs,2431222271000,-3.45,9.58,-2.4925237
390662,5,Upstairs,2431272289000,-0.5,5.13,-1.1168685
390663,5,Upstairs,2431322307000,3.72,9.58,5.012288
390664,5,Upstairs,2431372295000,1.73,6.32,1.4573771999999998
390665,5,Upstairs,2431432995000,-0.61,5.33,1.7978859
390666,5,Upstairs,2431482342000,1.88,3.26,3.2961242
390667,5,Upstairs,2431532299000,0.46,5.09,-0.040861044
390668,5,Upstairs,2431582287000,-0.84,16.21,2.5333846
390669,5,Upstairs,2431632336000,1.38,11.45,1.3075534
390670,5,Upstairs,2431692303000,2.18,13.4,2.3018389
390671,5,Upstairs,2431752270000,0.72,12.45,1.3756552
390672,5,Upstairs,2431802257000,0.23,10.38,0.95342433
390673,5,Upstairs,2431852337000,0.53,7.25,0.95342433
390674,5,Upstairs,2431902264000,2.96,4.44,2.4925237
390675,5,Upstairs,2431952923000,2.37,3.72,2.2201166000000003
390676,5,Upstairs,2432002270000,-0.42,15.02,0.84446156
390677,5,Upstairs,2432052318000,0.46,14.98,-0.19068487
390678,5,Upstairs,2432102276000,-3.36,16.55,-0.7627395
390679,5,Upstairs,2432152264000,-1.69,13.14,1.56634
390680,5,Upstairs,2432202282000,3.06,8.12,-0.0
390681,5,Upstairs,2432252300000,2.53,4.86,1.3756552
390682,5,Upstairs,2432302288000,1.12,1.31,0.92618364
390683,5,Upstairs,2432352306000,1.27,2.87,2.152015
390684,5,Upstairs,2432402233000,2.96,10.27,6.0201936
390685,5,Upstairs,2432452312000,6.21,8.5,4.372132
390686,5,Upstairs,2432502239000,-0.23,8.66,4.372132
390687,5,Upstairs,2432552318000,-1.38,15.85,3.2961242
390688,5,Upstairs,2432602245000,2.03,7.89,3.9090397000000006
390689,5,Upstairs,2432652264000,1.33,9.28,-0.7218784
390690,5,Upstairs,2432702251000,-0.08,8.62,1.0760075
390691,5,Upstairs,2432752270000,3.17,7.7,2.152015
390692,5,Upstairs,2432802227000,2.11,6.7,0.040861044
390693,5,Upstairs,2432852276000,0.19,8.81,-0.14982383
390694,5,Upstairs,2432902202000,-1.5,9.85,0.313268
390695,5,Upstairs,2432952312000,-0.69,11.92,1.334794
390696,5,Upstairs,2433002209000,1.65,17.08,0.6946376999999999
390697,5,Upstairs,2433052349000,2.45,17.08,0.6946376999999999
390698,5,Upstairs,2433102276000,-2.11,13.02,0.88532263
390699,5,Upstairs,2433102276000,-2.11,13.02,0.88532263
390700,5,Upstairs,2433202251000,-1.23,10.76,-0.14982383
390702,5,Upstairs,2433252331000,-2.6,5.37,-2.2201166000000003
390701,5,Upstairs,2433252331000,-2.6,5.37,-2.2201166000000003
390703,5,Upstairs,2433362224000,1.42,5.6,3.4050870000000004
390704,5,Upstairs,2433362224000,1.42,5.6,3.4050870000000004
390706,5,Upstairs,2433462231000,3.41,9.89,7.082580999999999
390705,5,Upstairs,2433462231000,3.41,9.89,7.082580999999999
390708,5,Upstairs,2433562206000,1.12,14.52,0.313268
390707,5,Upstairs,2433562206000,1.12,14.52,0.313268
390709,5,Upstairs,2433662212000,2.83,8.81,0.50395286
390710,5,Upstairs,2433662212000,2.83,8.81,0.50395286
390711,5,Upstairs,2433762249000,1.08,7.35,1.8387468999999996
390712,5,Upstairs,2433812237000,0.8,5.86,0.08172209
390713,5,Upstairs,2433862255000,-0.53,6.89,0.53119355
390714,5,Upstairs,2433862255000,-0.53,6.89,0.53119355
390715,5,Upstairs,2433962231000,0.69,10.27,1.1168685
390716,5,Upstairs,2433962231000,0.69,10.27,1.1168685
390717,5,Upstairs,2434062206000,4.02,15.89,3.1054392
390718,5,Upstairs,2434062206000,4.02,15.89,3.1054392
390719,5,Upstairs,2434162212000,0.23,12.91,1.3075534
390720,5,Upstairs,2434162212000,0.23,12.91,1.3075534
390721,5,Upstairs,2434262279000,-3.64,12.45,-0.08172209
390722,5,Upstairs,2434262279000,-3.64,12.45,-0.08172209
390723,5,Upstairs,2434362285000,2.53,7.44,0.50395286
390724,5,Upstairs,2434362285000,2.53,7.44,0.50395286
390725,5,Upstairs,2434462231000,1.31,3.06,2.3426998
390726,5,Upstairs,2434512279000,2.49,5.48,5.5162406
390728,5,Upstairs,2434562237000,7.12,5.24,8.580819
390727,5,Upstairs,2434562237000,7.12,5.24,8.580819
390730,5,Upstairs,2434662212000,-4.82,10.5,4.140586
390729,5,Upstairs,2434662212000,-4.82,10.5,4.140586
390731,5,Upstairs,2434762279000,2.34,17.67,2.3426998
390732,5,Upstairs,2434762279000,2.34,17.67,2.3426998
390734,5,Upstairs,2434862224000,1.8,6.17,0.88532263
390733,5,Upstairs,2434862224000,1.8,6.17,0.88532263
390735,5,Upstairs,2434962200000,1.46,8.01,0.7627395
390736,5,Upstairs,2435012249000,0.8,9.0,-1.0760075
390737,5,Upstairs,2435062206000,-0.46,8.12,0.53119355
390738,5,Upstairs,2435062206000,-0.46,8.12,0.53119355
390740,5,Upstairs,2435162273000,2.49,10.5,-0.50395286
390739,5,Upstairs,2435162273000,2.49,10.5,-0.50395286
390742,5,Upstairs,2435262249000,2.83,15.75,-0.27240697
390741,5,Upstairs,2435262249000,2.83,15.75,-0.27240697
390743,5,Upstairs,2435362285000,-1.88,15.85,-0.6537767
390744,5,Upstairs,2435412273000,1.57,14.44,-0.040861044
390746,5,Upstairs,2435462231000,2.68,13.53,-0.14982383
390745,5,Upstairs,2435462231000,2.68,13.53,-0.14982383
390747,5,Upstairs,2435562237000,-0.65,10.08,0.08172209
390748,5,Upstairs,2435562237000,-0.65,10.08,0.08172209
390749,5,Upstairs,2435662212000,-1.08,1.92,0.88532263
390750,5,Upstairs,2435712261000,2.34,2.76,4.140586
390752,5,Upstairs,2435762279000,4.9,8.01,8.430995
390751,5,Upstairs,2435762279000,4.9,8.01,8.430995
390754,5,Upstairs,2435862255000,1.12,9.81,13.143635999999999
390753,5,Upstairs,2435862255000,1.12,9.81,13.143635999999999
390755,5,Upstairs,2435962200000,0.8,7.67,0.7218784
390756,5,Upstairs,2436012249000,-1.42,11.14,-1.3756552
390758,5,Upstairs,2436062237000,0.42,12.37,0.50395286
390757,5,Upstairs,2436062237000,0.42,12.37,0.50395286
390760,5,Upstairs,2436162243000,1.31,6.89,0.92618364
390759,5,Upstairs,2436162243000,1.31,6.89,0.92618364
390761,5,Upstairs,2436262218000,0.53,8.39,0.88532263
390762,5,Upstairs,2436312237000,1.92,10.61,1.7297841
390764,5,Upstairs,2436362255000,1.84,12.76,0.88532263
390763,5,Upstairs,2436362255000,1.84,12.76,0.88532263
390766,5,Upstairs,2436462139000,1.65,16.02,1.6889231
390765,5,Upstairs,2436462139000,1.65,16.02,1.6889231
390767,5,Upstairs,2436562206000,0.5,11.69,-0.3405087
390768,5,Upstairs,2436562206000,0.5,11.69,-0.3405087
390769,5,Upstairs,2436662273000,-2.03,5.71,-2.1383946
390770,5,Upstairs,2436662273000,-2.03,5.71,-2.1383946
390771,5,Upstairs,2436722271000,1.8,8.47,3.5957718
390772,5,Upstairs,2436782299000,4.02,7.01,3.5957718
390773,5,Upstairs,2436842266000,4.56,4.79,3.990762
390774,5,Upstairs,2436892223000,-0.42,6.17,3.0645783
390775,5,Upstairs,2436942242000,-4.21,16.74,-0.23154591
390776,5,Upstairs,2436992229000,0.57,5.63,2.7240696
390777,5,Upstairs,2437042278000,3.38,12.68,-0.7218784
390778,5,Upstairs,2437092266000,2.3,6.28,1.0760075
390779,5,Upstairs,2437142284000,1.38,6.05,0.3405087
390780,5,Upstairs,2437192242000,0.95,10.19,0.53119355
390781,5,Upstairs,2437242260000,-1.12,10.69,-0.27240697
390782,5,Upstairs,2437292248000,0.93,9.51,0.7627395
390783,5,Upstairs,2437342266000,2.22,14.75,0.88532263
390784,5,Upstairs,2437392254000,1.18,13.91,2.982856
390785,5,Upstairs,2437442272000,2.34,14.86,1.7297841
390786,5,Upstairs,2437492229000,-1.31,12.98,2.3426998
390787,5,Upstairs,2437542278000,-0.38,9.96,0.61291564
390788,5,Upstairs,2437592235000,0.19,8.92,-0.27240697
390789,5,Upstairs,2437642315000,-1.73,5.33,-2.2201166000000003
390790,5,Upstairs,2437692242000,-0.53,5.24,1.1441092
