,user,label,timestamp,x,y,z
391391,5,Upstairs,2467722271000,-1.12,13.91,4.862464
391392,5,Upstairs,2467772259000,-0.61,9.23,1.3756552
391393,5,Upstairs,2467822277000,-0.04,6.82,1.56634
391394,5,Upstairs,2467872265000,3.34,10.76,-0.19068487
391395,5,Upstairs,2467922283000,0.95,5.52,-0.27240697
391396,5,Upstairs,2467972301000,-0.46,7.31,0.61291564
391397,5,Upstairs,2468022259000,-0.95,8.96,0.14982383
391398,5,Upstairs,2468072277000,0.04,10.5,0.88532263
391399,5,Upstairs,2468122356000,1.57,10.73,1.8796080000000002
391400,5,Upstairs,2468172283000,1.65,13.48,1.4573771999999998
391401,5,Upstairs,2468222271000,1.18,13.63,2.7240696
391402,5,Upstairs,2468272259000,1.92,14.94,1.1849703
391403,5,Upstairs,2468322307000,-3.15,11.75,2.2201166000000003
391404,5,Upstairs,2468372265000,-0.46,10.53,0.38136974
391405,5,Upstairs,2468422314000,0.0,10.31,-0.27240697
391406,5,Upstairs,2468472271000,-3.06,8.12,-0.50395286
391407,5,Upstairs,2468522289000,0.46,6.78,0.7218784
391408,5,Upstairs,2468572277000,-0.11,6.13,3.6366330000000002
391409,5,Upstairs,2468622326000,1.92,8.2,3.9090397000000006
391410,5,Upstairs,2468672283000,3.15,7.27,7.055340299999999
391411,5,Upstairs,2468722271000,-0.04,3.91,4.6036777
391412,5,Upstairs,2468772259000,-1.38,15.24,2.2609777
391413,5,Upstairs,2468822338000,2.15,7.59,2.8738932999999998
391414,5,Upstairs,2468882244000,3.91,11.65,0.61291564
391415,5,Upstairs,2468932201000,2.41,9.28,1.9885708
391416,5,Upstairs,2468982281000,-0.15,7.78,1.1441092
391417,5,Upstairs,2469032207000,-1.18,6.85,0.53119355
391418,5,Upstairs,2469082287000,-0.19,7.78,0.95342433
391419,5,Upstairs,2469132244000,0.76,9.66,1.0760075
391420,5,Upstairs,2469182262000,2.56,13.95,3.336985
391421,5,Upstairs,2469232281000,3.72,14.9,4.3312707
391422,5,Upstairs,2469282299000,1.27,15.55,1.7297841
391423,5,Upstairs,2469332256000,-2.34,10.84,0.7218784
391424,5,Upstairs,2469382275000,0.0,10.27,1.4165162
391425,5,Upstairs,2469432201000,-1.27,9.19,-0.7218784
391426,5,Upstairs,2469482281000,-1.92,6.4,0.50395286
391427,5,Upstairs,2469532207000,1.31,6.44,0.46309182
391428,5,Upstairs,2469582287000,0.42,7.74,3.6774937999999993
391429,5,Upstairs,2469632244000,3.79,9.0,3.2552630000000002
391430,5,Upstairs,2469682262000,2.26,10.31,8.240311
391431,5,Upstairs,2469732250000,-0.38,17.16,3.0237172
391432,5,Upstairs,2469802349000,0.5,17.16,3.0237172
391433,5,Upstairs,2469852306000,2.34,6.02,2.8330324
391434,5,Upstairs,2469852306000,2.34,6.02,2.8330324
391435,5,Upstairs,2469952251000,-1.23,8.47,1.3075534
391437,5,Upstairs,2470002514000,0.76,7.01,1.3075534
391436,5,Upstairs,2470002514000,0.76,7.01,1.3075534
391438,5,Upstairs,2470112224000,-0.65,10.8,1.1849703
391439,5,Upstairs,2470162243000,0.15,11.73,1.4165162
391440,5,Upstairs,2470212200000,2.6,14.6,3.2552630000000002
391441,5,Upstairs,2470212200000,2.6,14.6,3.2552630000000002
391442,5,Upstairs,2470312237000,-2.14,13.25,1.1441092
391443,5,Upstairs,2470312237000,-2.14,13.25,1.1441092
391445,5,Upstairs,2470412212000,0.11,9.0,0.5720546
391444,5,Upstairs,2470412212000,0.11,9.0,0.5720546
391447,5,Upstairs,2470512249000,0.61,6.36,-0.29964766
391446,5,Upstairs,2470512249000,0.61,6.36,-0.29964766
391449,5,Upstairs,2470612255000,1.92,5.63,4.3312707
391448,5,Upstairs,2470612255000,1.92,5.63,4.3312707
391451,5,Upstairs,2470712200000,3.68,5.98,4.6036777
391450,5,Upstairs,2470712200000,3.68,5.98,4.6036777
391452,5,Upstairs,2470812206000,0.76,13.95,2.9147543999999996
391453,5,Upstairs,2470812206000,0.76,13.95,2.9147543999999996
391454,5,Upstairs,2470912212000,2.07,12.3,-0.23154591
391455,5,Upstairs,2470912212000,2.07,12.3,-0.23154591
391456,5,Upstairs,2471012218000,0.23,6.78,0.8036005
391457,5,Upstairs,2471012218000,0.23,6.78,0.8036005
391458,5,Upstairs,2471112224000,0.31,9.51,0.50395286
391459,5,Upstairs,2471112224000,0.31,9.51,0.50395286
391460,5,Upstairs,2471212200000,3.41,13.14,3.1054392
391461,5,Upstairs,2471212200000,3.41,13.14,3.1054392
391462,5,Upstairs,2471312206000,0.95,16.7,0.61291564
391463,5,Upstairs,2471312206000,0.95,16.7,0.61291564
391464,5,Upstairs,2471412273000,0.0,9.43,0.14982383
391465,5,Upstairs,2471412273000,0.0,9.43,0.14982383
391466,5,Upstairs,2471512249000,-2.6,7.55,0.10896278
391467,5,Upstairs,2471512249000,-2.6,7.55,0.10896278
391469,5,Upstairs,2471612224000,1.14,7.27,2.5333846
391468,5,Upstairs,2471612224000,1.14,7.27,2.5333846
391470,5,Upstairs,2471712231000,5.01,9.81,7.6954966
391471,5,Upstairs,2471712231000,5.01,9.81,7.6954966
391473,5,Upstairs,2471812206000,-1.33,5.67,3.5957718
391472,5,Upstairs,2471812206000,-1.33,5.67,3.5957718
391475,5,Upstairs,2471912212000,1.23,6.74,2.3018389
391474,5,Upstairs,2471912212000,1.23,6.74,2.3018389
391477,5,Upstairs,2472012279000,-0.95,7.35,1.3075534
391476,5,Upstairs,2472012279000,-0.95,7.35,1.3075534
391478,5,Upstairs,2472112224000,0.8,6.32,0.95342433
391479,5,Upstairs,2472112224000,0.8,6.32,0.95342433
391480,5,Upstairs,2472212200000,0.5,10.38,0.42223078
391481,5,Upstairs,2472212200000,0.5,10.38,0.42223078
391482,5,Upstairs,2472212200000,0.5,10.38,0.42223078
391483,5,Upstairs,2472312298000,-0.38,10.38,0.38136974
391484,5,Upstairs,2472412304000,4.79,14.33,3.4459480000000005
391485,5,Upstairs,2472412304000,4.79,14.33,3.4459480000000005
391486,5,Upstairs,2472512218000,-0.38,10.5,0.8036005
391487,5,Upstairs,2472512218000,-0.38,10.5,0.8036005
391488,5,Upstairs,2472572277000,1.14,8.85,0.38136974
391489,5,Upstairs,2472632305000,-3.72,7.25,-0.50395286
391490,5,Upstairs,2472692272000,1.38,7.97,1.0351465
391491,5,Upstairs,2472742229000,0.72,6.36,3.3778462
391492,5,Upstairs,2472792278000,1.27,5.86,3.4459480000000005
391493,5,Upstairs,2472842266000,3.02,7.86,6.823794400000001
391494,5,Upstairs,2472892315000,7.4,8.24,7.4639505999999995
391495,5,Upstairs,2472942211000,5.98,10.27,9.656827
391496,5,Upstairs,2472992260000,-3.11,11.65,5.325556
391497,5,Upstairs,2473042278000,-0.84,0.23,0.040861044
391498,5,Upstairs,2473092266000,-0.15,14.29,2.4108016
391499,5,Upstairs,2473142254000,1.08,8.58,2.0294318
391500,5,Upstairs,2473192852000,-0.65,4.99,0.7627395
391501,5,Upstairs,2473242229000,0.11,7.89,0.5720546
391502,5,Upstairs,2473292278000,1.33,7.86,-0.14982383
391503,5,Upstairs,2473342235000,-0.8,9.23,-0.14982383
391504,5,Upstairs,2473392315000,0.5,9.7,1.6480621
391505,5,Upstairs,2473442272000,0.69,9.28,0.42223078
391506,5,Upstairs,2473492260000,-0.11,11.22,-0.53119355
391507,5,Upstairs,2473542278000,0.23,12.26,2.8738932999999998
391508,5,Upstairs,2473592266000,3.41,12.37,-0.38136974
391509,5,Upstairs,2473642284000,2.18,8.31,-1.1441092
391510,5,Upstairs,2473692303000,-4.79,15.36,-1.1849703
391511,5,Upstairs,2473742260000,1.92,10.34,2.1111538
391512,5,Upstairs,2473792309000,4.25,10.42,0.5720546
391513,5,Upstairs,2473842235000,1.27,8.85,-0.3405087
391514,5,Upstairs,2473892315000,-0.23,7.74,1.1849703
391515,5,Upstairs,2473942211000,0.42,6.66,0.9942854
391516,5,Upstairs,2473992229000,0.84,5.9,1.334794
391517,5,Upstairs,2474042278000,-0.46,11.11,4.671779
391518,5,Upstairs,2474092296000,1.61,12.95,4.7943625
391519,5,Upstairs,2474142254000,0.46,9.77,1.334794
391520,5,Upstairs,2474192303000,-2.72,16.59,3.9499009
391521,5,Upstairs,2474242229000,4.21,5.6,-0.3405087
391522,5,Upstairs,2474292309000,2.34,5.9,-2.5333846
391523,5,Upstairs,2474342266000,0.34,12.91,0.27240697
391524,5,Upstairs,2474392284000,-1.31,8.47,0.9942854
391525,5,Upstairs,2474442211000,-1.76,9.85,0.040861044
391526,5,Upstairs,2474492260000,0.5,8.24,0.313268
391527,5,Upstairs,2474542248000,0.84,9.3,0.14982383
391528,5,Upstairs,2474592266000,0.76,10.61,0.95342433
391529,5,Upstairs,2474642254000,1.08,11.84,1.6889231
391530,5,Upstairs,2474692272000,4.02,14.02,1.0351465
391531,5,Upstairs,2474742229000,2.79,10.65,0.08172209
391532,5,Upstairs,2474792278000,-1.12,14.63,0.53119355
391533,5,Upstairs,2474842327000,-1.27,14.52,1.4982381999999999
391534,5,Upstairs,2474892315000,0.99,10.19,0.84446156
391535,5,Upstairs,2474942242000,-0.46,7.7,2.6014863999999998
391536,5,Upstairs,2474992412000,0.27,5.86,3.8273177000000005
391537,5,Upstairs,2475052288000,1.76,7.55,4.3993720000000005
391538,5,Upstairs,2475102215000,1.99,6.97,5.175732
391539,5,Upstairs,2475152294000,3.38,4.21,6.3198414000000005
391540,5,Upstairs,2475202251000,1.8,6.17,5.8567495
391541,5,Upstairs,2475252300000,-0.89,16.93,3.173541
391542,5,Upstairs,2475302257000,-0.5,3.83,0.88532263
391543,5,Upstairs,2475352276000,-0.15,11.41,0.19068487
391544,5,Upstairs,2475402233000,3.6,13.29,2.6014863999999998
391545,5,Upstairs,2475452495000,2.45,5.94,1.1168685
391546,5,Upstairs,2475502239000,-0.84,6.59,0.313268
391547,5,Upstairs,2475552288000,-0.11,10.15,1.7570249
391548,5,Upstairs,2475602245000,-0.27,8.35,0.19068487
391549,5,Upstairs,2475652264000,2.3,10.27,3.2552630000000002
391550,5,Upstairs,2475702251000,6.44,12.64,3.6366330000000002
391551,5,Upstairs,2475752270000,1.5,16.55,3.6774937999999993
391552,5,Upstairs,2475802227000,-1.18,14.52,2.4516625
391553,5,Upstairs,2475852306000,-1.65,11.22,-0.6946376999999999
391554,5,Upstairs,2475902141000,1.5,11.22,-0.6946376999999999
391556,5,Upstairs,2475952312000,-3.72,9.38,-0.88532263
391555,5,Upstairs,2475952312000,-3.72,9.38,-0.88532263
391557,5,Upstairs,2476052257000,1.54,7.21,2.5606253
391558,5,Upstairs,2476102337000,1.61,4.71,2.6832085
391559,5,Upstairs,2476102337000,1.61,4.71,2.6832085
391560,5,Upstairs,2476212231000,4.1,7.16,4.3993720000000005
391561,5,Upstairs,2476212231000,4.1,7.16,4.3993720000000005
391562,5,Upstairs,2476312206000,-1.12,14.94,3.7864565999999997
391563,5,Upstairs,2476312206000,-1.12,14.94,3.7864565999999997
391564,5,Upstairs,2476412273000,1.33,6.44,2.1792557
391565,5,Upstairs,2476412273000,1.33,6.44,2.1792557
391566,5,Upstairs,2476512218000,0.5,6.51,1.334794
391567,5,Upstairs,2476512218000,0.5,6.51,1.334794
391568,5,Upstairs,2476612224000,0.15,7.97,0.46309182
391569,5,Upstairs,2476612224000,0.15,7.97,0.46309182
391571,5,Upstairs,2476712231000,0.93,8.66,1.7978859
391570,5,Upstairs,2476712231000,0.93,8.66,1.7978859
391573,5,Upstairs,2476812237000,3.11,13.02,3.7183550000000003
391572,5,Upstairs,2476812237000,3.11,13.02,3.7183550000000003
391574,5,Upstairs,2476912243000,-1.27,13.63,2.4925237
391575,5,Upstairs,2476912243000,-1.27,13.63,2.4925237
391576,5,Upstairs,2477012249000,-0.23,12.37,-0.3405087
391577,5,Upstairs,2477012249000,-0.23,12.37,-0.3405087
391578,5,Upstairs,2477112224000,-2.96,4.25,-0.8036005
391579,5,Upstairs,2477112224000,-2.96,4.25,-0.8036005
391580,5,Upstairs,2477212231000,1.14,6.13,2.9147543999999996
391581,5,Upstairs,2477212231000,1.14,6.13,2.9147543999999996
391583,5,Upstairs,2477312206000,2.22,9.53,5.5571017
391582,5,Upstairs,2477312206000,2.22,9.53,5.5571017
391584,5,Upstairs,2477412243000,0.31,14.86,4.290409599999999
391585,5,Upstairs,2477412243000,0.31,14.86,4.290409599999999
391587,5,Upstairs,2477512249000,2.45,4.9,-0.14982383
391586,5,Upstairs,2477512249000,2.45,4.9,-0.14982383
391589,5,Upstairs,2477612224000,-0.3,6.85,2.0294318
391588,5,Upstairs,2477612224000,-0.3,6.85,2.0294318
391590,5,Upstairs,2477712200000,-0.19,9.72,0.6946376999999999
