,user,label,timestamp,x,y,z
673337,23,Downstairs,2050462321000,5.28,8.96,3.11
673338,23,Downstairs,2050512340000,2.79,14.52,-3.45
673339,23,Downstairs,2050562327000,-7.97,16.21,-0.38
673340,23,Downstairs,2050612346000,5.83,11.75,-1.38
673341,23,Downstairs,2050662334000,6.47,7.74,-5.71
673342,23,Downstairs,2050712352000,-0.53,11.35,3.79
673343,23,Downstairs,2050762309000,0.11,7.55,1.14
673344,23,Downstairs,2050812327000,-1.92,9.04,1.31
673345,23,Downstairs,2050862346000,0.84,7.44,0.53
673346,23,Downstairs,2050912334000,-1.14,10.34,3.57
673347,23,Downstairs,2050962321000,0.27,10.15,6.05
673348,23,Downstairs,2051012340000,1.54,19.08,2.22
673349,23,Downstairs,2051062327000,3.17,14.14,-5.6
673350,23,Downstairs,2051112346000,4.86,3.21,-2.07
673351,23,Downstairs,2051162334000,2.76,4.94,-3.06
673352,23,Downstairs,2051212321000,1.61,4.06,-0.5
673353,23,Downstairs,2051262279000,4.44,3.79,-1.14
673354,23,Downstairs,2051312327000,0.38,18.24,6.51
673355,23,Downstairs,2051362346000,-3.15,10.42,3.87
673356,23,Downstairs,2051412334000,5.05,9.3,4.52
673357,23,Downstairs,2051462321000,-0.69,14.63,1.23
673358,23,Downstairs,2051512340000,-2.68,12.15,-0.69
673359,23,Downstairs,2051562327000,4.52,11.22,-0.57
673360,23,Downstairs,2051612346000,1.54,10.8,1.08
673361,23,Downstairs,2051662334000,2.11,8.54,1.14
673362,23,Downstairs,2051712321000,-1.53,8.62,2.87
673363,23,Downstairs,2051762309000,-1.38,10.99,6.63
673364,23,Downstairs,2051812327000,0.27,15.02,3.41
673365,23,Downstairs,2051862346000,2.6,13.14,-5.86
673366,23,Downstairs,2051912334000,2.07,1.46,-3.95
673367,23,Downstairs,2051962321000,3.06,4.67,-1.92
673368,23,Downstairs,2052012309000,2.53,6.44,0.42
673369,23,Downstairs,2052062358000,3.06,12.98,4.52
673370,23,Downstairs,2052112346000,-1.69,14.41,4.82
673371,23,Downstairs,2052172404000,2.26,8.81,3.21
673372,23,Downstairs,2052222301000,1.42,12.11,-0.8
673373,23,Downstairs,2052272319000,-2.07,12.15,-0.46
673374,23,Downstairs,2052322337000,0.15,15.24,2.34
673375,23,Downstairs,2052372325000,4.71,8.5,-1.84
673376,23,Downstairs,2052422343000,2.37,7.35,-3.68
673377,23,Downstairs,2052472331000,-0.34,10.23,3.41
673378,23,Downstairs,2052522319000,-1.99,8.39,1.99
673379,23,Downstairs,2052572307000,-0.19,10.73,2.76
673380,23,Downstairs,2052622325000,-0.46,10.31,5.22
673381,23,Downstairs,2052672343000,-2.3,19.42,2.76
673382,23,Downstairs,2052722331000,6.97,6.7,-6.82
673383,23,Downstairs,2052772288000,2.87,4.82,-2.07
673384,23,Downstairs,2052822337000,3.15,6.24,-1.84
673385,23,Downstairs,2052872325000,3.3,2.79,-0.46
673386,23,Downstairs,2052922343000,3.17,11.99,1.42
673387,23,Downstairs,2052972331000,-0.11,14.18,4.86
673388,23,Downstairs,2053022319000,-0.34,11.3,3.49
673389,23,Downstairs,2053072337000,3.76,8.35,2.76
673390,23,Downstairs,2053122325000,1.31,13.48,0.61
673391,23,Downstairs,2053172343000,-3.21,9.51,-3.91
673392,23,Downstairs,2053222331000,1.46,14.67,0.11
673393,23,Downstairs,2053272380000,1.38,10.53,0.93
673394,23,Downstairs,2053322337000,3.26,7.27,-4.67
673395,23,Downstairs,2053372295000,0.04,11.14,5.41
673396,23,Downstairs,2053422343000,-1.5,9.3,3.3
673397,23,Downstairs,2053472331000,-0.72,8.39,1.84
673398,23,Downstairs,2053522319000,-1.23,10.92,6.17
673399,23,Downstairs,2053572337000,-0.46,19.08,0.42
673400,23,Downstairs,2053622325000,6.4,6.02,-5.86
673401,23,Downstairs,2053672343000,4.71,5.75,-1.95
673402,23,Downstairs,2053722331000,3.79,7.44,-1.38
673403,23,Downstairs,2053772594000,3.79,3.41,-0.61
673404,23,Downstairs,2053822337000,2.6,10.15,0.11
673405,23,Downstairs,2053872325000,-2.49,13.57,5.6
673406,23,Downstairs,2053922343000,-0.95,9.58,2.53
673407,23,Downstairs,2053972331000,6.82,12.18,-0.27
673408,23,Downstairs,2054022319000,-4.21,14.41,2.18
673409,23,Downstairs,2054072337000,3.3,14.63,0.0
673410,23,Downstairs,2054122325000,0.8,9.43,0.23
673411,23,Downstairs,2054172343000,2.64,8.77,-0.53
673412,23,Downstairs,2054222331000,-1.46,6.97,-0.3
673413,23,Downstairs,2054272319000,-3.02,10.0,3.06
673414,23,Downstairs,2054322337000,-0.15,10.46,5.41
673415,23,Downstairs,2054372325000,-1.23,11.11,4.94
673416,23,Downstairs,2054422313000,0.19,15.05,-4.33
673418,23,Downstairs,2054472331000,3.53,8.69,-3.95
673417,23,Downstairs,2054472331000,3.53,8.69,-3.95
673419,23,Downstairs,2054572368000,5.05,8.81,-0.84
673420,23,Downstairs,2054622966000,4.21,2.15,-0.69
673421,23,Downstairs,2054672252000,6.05,10.99,0.61
673422,23,Downstairs,2054722301000,-3.17,15.36,7.4
673423,23,Downstairs,2054772380000,-2.79,10.73,7.59
673424,23,Downstairs,2054822337000,4.29,12.49,-3.72
673425,23,Downstairs,2054872325000,5.56,13.06,-6.4
673426,23,Downstairs,2054922343000,-0.04,14.29,4.37
673427,23,Downstairs,2054972362000,1.42,10.34,-7.82
673428,23,Downstairs,2055022349000,4.33,9.72,-2.07
673429,23,Downstairs,2055072337000,0.19,8.24,0.42
673430,23,Downstairs,2055122356000,1.73,8.2,-0.46
673431,23,Downstairs,2055172343000,0.61,10.23,0.31
673432,23,Downstairs,2055222301000,0.04,10.84,0.46
673433,23,Downstairs,2055272380000,-0.5,12.45,1.84
673434,23,Downstairs,2055322337000,-0.3,12.26,4.44
673435,23,Downstairs,2055372295000,-1.92,16.25,2.07
673436,23,Downstairs,2055422313000,-0.34,13.63,-4.63
673437,23,Downstairs,2055472331000,0.46,14.18,-7.25
673438,23,Downstairs,2055522288000,-2.22,12.6,-1.88
673439,23,Downstairs,2055572337000,-0.38,10.99,-6.13
673440,23,Downstairs,2055622325000,0.38,11.73,-5.28
673441,23,Downstairs,2055672313000,2.6,9.23,-4.63
673442,23,Downstairs,2055722240000,4.56,8.5,-2.91
673443,23,Downstairs,2055772746000,3.53,7.31,-2.03
673444,23,Downstairs,2055822337000,5.24,5.71,-1.08
673445,23,Downstairs,2055872325000,2.53,8.24,2.18
673446,23,Downstairs,2055922343000,0.8,12.57,5.52
673447,23,Downstairs,2055972331000,1.27,10.99,3.6
673448,23,Downstairs,2056022319000,2.41,7.16,-2.83
673449,23,Downstairs,2056072337000,5.56,14.79,5.43
673450,23,Downstairs,2056122325000,2.34,1.92,-6.28
673451,23,Downstairs,2056172343000,1.31,15.75,-7.25
673452,23,Downstairs,2056222301000,2.45,9.19,0.38
673453,23,Downstairs,2056272227000,5.24,8.31,1.88
673454,23,Downstairs,2056322307000,-0.53,10.23,0.15
673455,23,Downstairs,2056372325000,1.23,9.38,2.22
673456,23,Downstairs,2056422343000,0.15,9.15,0.95
673457,23,Downstairs,2056472331000,0.8,7.97,0.0
673458,23,Downstairs,2056522319000,1.33,8.69,0.95
673459,23,Downstairs,2056572368000,1.54,7.97,-0.23
673460,23,Downstairs,2056622325000,0.15,8.96,0.11
673461,23,Downstairs,2056672374000,-1.61,10.73,5.33
673462,23,Downstairs,2056722331000,0.46,16.44,6.36
673463,23,Downstairs,2056772319000,2.15,17.2,-5.94
673464,23,Downstairs,2056822337000,4.25,1.84,-4.21
673465,23,Downstairs,2056872325000,5.09,3.64,-3.34
673466,23,Downstairs,2056922343000,1.42,4.18,-0.8
673467,23,Downstairs,2056972331000,3.64,3.87,-0.04
673468,23,Downstairs,2057022319000,1.38,19.34,5.67
673469,23,Downstairs,2057072337000,-3.02,11.69,4.18
673470,23,Downstairs,2057122325000,5.24,5.71,3.02
673471,23,Downstairs,2057172343000,0.95,16.09,-2.07
673472,23,Downstairs,2057222331000,-5.28,11.5,-2.45
673473,23,Downstairs,2057272288000,2.3,14.41,5.37
673474,23,Downstairs,2057322368000,4.75,3.79,-5.48
673475,23,Downstairs,2057372325000,2.76,10.88,0.23
673476,23,Downstairs,2057422343000,-0.46,9.34,5.18
673477,23,Downstairs,2057472331000,-1.33,8.77,1.84
673478,23,Downstairs,2057522319000,-0.08,10.92,5.56
673479,23,Downstairs,2057572337000,-1.88,18.58,1.54
673480,23,Downstairs,2057622325000,6.59,7.97,-6.47
673481,23,Downstairs,2057672343000,1.69,3.02,-2.6
673482,23,Downstairs,2057722331000,4.33,6.89,-1.8
673483,23,Downstairs,2057772288000,2.18,3.64,0.65
673484,23,Downstairs,2057822337000,1.84,14.33,3.83
673485,23,Downstairs,2057872325000,-1.57,12.68,1.57
673486,23,Downstairs,2057922343000,0.53,8.54,5.83
673487,23,Downstairs,2057972331000,-1.8,14.33,-0.27
673488,23,Downstairs,2058022319000,2.34,9.85,-4.29
673489,23,Downstairs,2058072337000,0.19,14.98,3.79
673490,23,Downstairs,2058122325000,5.52,6.24,-3.17
673491,23,Downstairs,2058172343000,-0.38,13.82,6.21
673492,23,Downstairs,2058222331000,-2.96,9.85,7.31
673493,23,Downstairs,2058272288000,-1.99,15.05,-2.72
673494,23,Downstairs,2058322337000,4.25,7.4,-6.93
673495,23,Downstairs,2058372325000,3.34,1.84,-3.87
673496,23,Downstairs,2058422343000,4.33,6.66,-0.89
673497,23,Downstairs,2058472301000,4.33,8.62,0.8
673498,23,Downstairs,2058522319000,1.38,16.86,4.1
673499,23,Downstairs,2058572337000,-3.34,10.31,1.84
673500,23,Downstairs,2058622325000,0.72,7.25,4.06
673501,23,Downstairs,2058672374000,-0.53,16.32,0.53
673502,23,Downstairs,2058722331000,-1.38,14.1,2.41
673503,23,Downstairs,2058772319000,3.91,8.12,-0.11
673504,23,Downstairs,2058822368000,1.18,8.77,-1.23
673505,23,Downstairs,2058872325000,-0.27,10.65,3.41
673506,23,Downstairs,2058922343000,-1.04,9.47,3.83
673507,23,Downstairs,2058972331000,-1.42,16.63,5.01
673508,23,Downstairs,2059022319000,1.38,15.4,-5.28
673509,23,Downstairs,2059072337000,3.79,-0.04,-5.18
673510,23,Downstairs,2059122325000,2.3,5.6,-2.98
673511,23,Downstairs,2059172343000,4.82,5.01,-0.38
673512,23,Downstairs,2059222331000,3.57,10.73,2.26
673513,23,Downstairs,2059272288000,-3.68,15.7,4.33
673514,23,Downstairs,2059322337000,0.0,6.28,8.2
673515,23,Downstairs,2059372325000,0.99,12.34,-2.79
673516,23,Downstairs,2059422374000,0.69,11.14,-4.59
673517,23,Downstairs,2059472331000,0.84,16.93,5.33
673518,23,Downstairs,2059522319000,3.64,9.04,1.04
673519,23,Downstairs,2059572337000,-1.88,11.37,5.41
673520,23,Downstairs,2059622325000,0.69,13.18,2.53
673521,23,Downstairs,2059672343000,-1.38,6.74,-7.55
673522,23,Downstairs,2059722331000,3.53,4.25,-4.82
673523,23,Downstairs,2059772288000,2.41,4.9,-2.22
673524,23,Downstairs,2059822337000,4.6,9.92,0.72
673525,23,Downstairs,2059872325000,0.95,15.75,5.18
673526,23,Downstairs,2059922343000,-3.34,8.39,6.13
673527,23,Downstairs,2059972331000,2.37,7.08,-3.3
673528,23,Downstairs,2060022319000,0.76,17.69,1.08
673529,23,Downstairs,2060072337000,-2.11,14.25,1.38
673530,23,Downstairs,2060122325000,2.49,8.24,-1.84
673531,23,Downstairs,2060172343000,1.23,11.96,5.79
673532,23,Downstairs,2060222331000,-3.17,12.34,6.97
673533,23,Downstairs,2060272288000,-3.15,14.02,-6.85
673534,23,Downstairs,2060322337000,2.72,6.4,-4.71
673535,23,Downstairs,2060372325000,4.33,7.4,-3.64
673536,23,Downstairs,2060422343000,4.37,6.78,-0.84
