,user,label,timestamp,x,y,z
1042470,7,Upstairs,208730141511000,2.75,3.95,-2.87
1042471,7,Upstairs,208730181550000,2.53,3.72,-5.01
1042472,7,Upstairs,208730261476000,12.34,11.37,-2.26
1042473,7,Upstairs,208730301545000,15.47,10.69,-0.46
1042474,7,Upstairs,208730341523000,5.63,4.14,-0.93
1042475,7,Upstairs,208730381471000,7.65,7.44,-1.84
1042476,7,Upstairs,208730421540000,9.38,8.05,-1.42
1042477,7,Upstairs,208730501466000,5.2,3.21,-0.69
1042478,7,Upstairs,208730541474000,5.2,2.56,-0.89
1042479,7,Upstairs,208730581513000,6.17,3.68,-1.33
1042480,7,Upstairs,208730661592000,8.77,7.31,-1.46
1042481,7,Upstairs,208730701509000,10.84,9.77,-0.72
1042482,7,Upstairs,208730741456000,8.96,12.34,4.18
1042483,7,Upstairs,208730781465000,10.5,10.34,3.68
1042484,7,Upstairs,208730861482000,9.43,8.08,-2.64
1042485,7,Upstairs,208730901521000,10.5,7.21,-3.06
1042486,7,Upstairs,208730941590000,7.27,8.73,0.99
1042487,7,Upstairs,208730982148000,4.82,7.31,-0.27
1042488,7,Upstairs,208731061524000,1.57,3.99,0.0
1042489,7,Upstairs,208731101533000,1.65,3.68,-0.76
1042490,7,Upstairs,208731141633000,2.98,3.11,-3.91
1042491,7,Upstairs,208731181642000,2.3,1.31,-3.34
1042492,7,Upstairs,208731261598000,14.94,13.63,-1.42
1042493,7,Upstairs,208731301484000,10.46,6.28,0.3
1042494,7,Upstairs,208731341493000,6.47,6.51,-0.99
1042495,7,Upstairs,208731381623000,7.65,8.12,-1.5
1042496,7,Upstairs,208731461579000,5.79,5.05,-0.76
1042497,7,Upstairs,208731501649000,5.33,4.1,-0.65
1042498,7,Upstairs,208731541535000,5.48,3.17,-1.31
1042499,7,Upstairs,208731581513000,6.85,4.9,-1.69
1042500,7,Upstairs,208731663301000,10.08,8.31,-1.88
1042501,7,Upstairs,208731702241000,10.57,9.19,-0.19
1042502,7,Upstairs,208731741609000,12.03,11.65,3.76
1042503,7,Upstairs,208731781465000,11.14,9.58,2.6
1042504,7,Upstairs,208731861482000,10.42,8.16,-4.1
1042505,7,Upstairs,208731901643000,7.82,9.08,-2.3
1042506,7,Upstairs,208731941590000,4.99,7.63,-1.31
1042507,7,Upstairs,208731981660000,2.53,5.22,0.57
1042508,7,Upstairs,208732061524000,0.61,4.67,-0.53
1042509,7,Upstairs,208732101625000,1.88,2.87,-2.22
1042510,7,Upstairs,208732141480000,2.34,2.83,-4.21
1042511,7,Upstairs,208732181489000,7.82,4.14,-2.45
1042512,7,Upstairs,208732261598000,12.41,7.31,1.92
1042513,7,Upstairs,208732301484000,5.09,5.63,-0.08
1042514,7,Upstairs,208732341523000,6.36,9.23,-1.92
1042515,7,Upstairs,208732381501000,7.5,8.58,-1.88
1042516,7,Upstairs,208732462007000,8.01,5.71,-0.61
1042517,7,Upstairs,208732501466000,7.01,4.37,-0.34
1042518,7,Upstairs,208732541505000,5.52,3.21,-0.15
1042519,7,Upstairs,208732581544000,5.09,3.45,-0.11
1042520,7,Upstairs,208732661439000,6.82,5.67,-0.57
1042521,7,Upstairs,208732701478000,8.24,6.55,-0.69
1042522,7,Upstairs,208732741609000,7.82,6.4,-0.42
1042523,7,Upstairs,208732781526000,7.12,7.06,0.23
1042524,7,Upstairs,208732861604000,14.94,8.01,0.42
1042525,7,Upstairs,208732901612000,9.19,6.59,-1.46
1042526,7,Upstairs,208732941621000,10.57,10.57,-4.06
1042527,7,Upstairs,208732982026000,10.34,8.92,-6.89
1042528,7,Upstairs,208733061524000,7.21,2.37,-7.55
1042529,7,Upstairs,208733101502000,5.98,5.9,-5.79
1042530,7,Upstairs,208733141511000,4.4,8.28,-3.95
1042531,7,Upstairs,208733181550000,2.22,8.69,-1.99
1042532,7,Upstairs,208733261598000,3.26,8.92,6.05
1042533,7,Upstairs,208733301576000,10.15,7.5,6.55
1042534,7,Upstairs,208733341493000,11.5,4.63,-6.44
1042535,7,Upstairs,208733381501000,13.4,1.5,-3.21
1042536,7,Upstairs,208733461671000,6.36,7.16,0.0
1042537,7,Upstairs,208733501496000,5.86,9.15,0.72
1042538,7,Upstairs,208733541596000,6.28,8.73,-0.65
1042539,7,Upstairs,208733581636000,5.33,6.4,-0.76
1042540,7,Upstairs,208733661469000,7.01,4.56,-4.56
1042541,7,Upstairs,208733709535000,6.55,3.64,-4.33
1042542,7,Upstairs,208733751557000,7.93,8.28,-2.3
1042543,7,Upstairs,208733791505000,10.46,8.35,5.33
1042544,7,Upstairs,208733831605000,17.88,7.55,8.31
1042545,7,Upstairs,208733911622000,15.17,11.6,1.33
1042546,7,Upstairs,208733954743000,6.66,11.56,-5.83
1042547,7,Upstairs,208733991487000,5.43,6.36,-7.63
1042548,7,Upstairs,208734031617000,9.89,1.46,-7.06
1042549,7,Upstairs,208734111543000,2.3,6.09,4.71
1042550,7,Upstairs,208734151612000,1.27,4.86,-1.54
1042551,7,Upstairs,208734191468000,1.57,4.29,-0.46
1042552,7,Upstairs,208734231538000,6.17,4.18,-0.57
1042553,7,Upstairs,208734281282000,3.68,4.9,-3.21
1042554,7,Upstairs,208734361512000,10.15,12.6,-1.04
1042555,7,Upstairs,208734401643000,10.65,8.01,0.5
1042556,7,Upstairs,208734441468000,10.08,4.06,-0.84
1042557,7,Upstairs,208734611360000,7.01,4.06,-0.84
1042558,7,Upstairs,208734611360000,7.01,4.06,-0.84
1042559,7,Upstairs,208734611360000,7.01,4.06,-0.84
1042560,7,Upstairs,208734651399000,6.17,2.34,-1.33
1042561,7,Upstairs,208734691468000,5.6,3.45,-1.23
1042562,7,Upstairs,208734731477000,6.13,4.48,-2.34
1042563,7,Upstairs,208734811433000,11.37,11.88,0.61
1042564,7,Upstairs,208734851472000,10.65,11.41,7.27
1042565,7,Upstairs,208734891480000,11.54,8.69,2.34
1042566,7,Upstairs,208734931672000,10.27,8.92,-0.72
1042567,7,Upstairs,208735011567000,10.5,9.81,-2.03
1042568,7,Upstairs,208735051576000,6.59,7.44,2.22
1042569,7,Upstairs,208735091493000,3.83,5.41,-1.14
1042570,7,Upstairs,208735131715000,0.69,4.25,-0.76
1042571,7,Upstairs,208735211457000,1.69,2.6,-1.65
1042572,7,Upstairs,208735251466000,1.92,2.64,-2.79
1042573,7,Upstairs,208735291505000,3.79,4.94,-2.26
1042574,7,Upstairs,208735331697000,14.44,15.17,-4.1
1042575,7,Upstairs,208735411469000,5.13,4.06,0.34
1042576,7,Upstairs,208735453797000,8.66,8.73,-1.65
1042577,7,Upstairs,208735493775000,8.35,7.55,-1.54
1042578,7,Upstairs,208735532167000,6.55,4.86,-1.18
1042579,7,Upstairs,208735611604000,6.74,2.72,-1.08
1042580,7,Upstairs,208735651521000,7.44,4.6,-1.04
1042581,7,Upstairs,208735691499000,7.35,6.05,-1.69
1042582,7,Upstairs,208735731660000,8.69,7.74,-1.18
1042583,7,Upstairs,208735811433000,11.41,11.14,3.91
1042584,7,Upstairs,208735851594000,8.62,6.89,0.65
1042585,7,Upstairs,208735891480000,10.15,5.71,-1.95
1042586,7,Upstairs,208735931611000,11.18,8.69,-1.27
1042587,7,Upstairs,208736011445000,3.6,8.39,-2.03
1042588,7,Upstairs,208736051606000,2.98,4.37,1.04
1042589,7,Upstairs,208736091523000,3.41,4.67,0.19
1042590,7,Upstairs,208736131593000,1.46,4.71,-2.79
1042591,7,Upstairs,208736211457000,1.61,1.57,-1.5
1042592,7,Upstairs,208736251496000,7.59,9.0,-4.18
1042593,7,Upstairs,208736291627000,16.85,15.75,-2.03
1042594,7,Upstairs,208736331636000,6.63,6.02,2.26
1042595,7,Upstairs,208736411469000,7.31,8.2,-1.69
1042596,7,Upstairs,208736451722000,6.36,5.98,-1.38
1042597,7,Upstairs,208736494752000,5.79,3.76,-1.08
1042598,7,Upstairs,208736531465000,6.32,2.53,-1.38
1042599,7,Upstairs,208736611482000,7.25,4.52,-2.22
1042600,7,Upstairs,208736651521000,9.43,8.05,-2.03
1042601,7,Upstairs,208736691499000,10.69,10.92,0.0
1042602,7,Upstairs,208736731721000,9.58,11.65,6.7
1042603,7,Upstairs,208736811555000,9.66,7.82,-0.84
1042604,7,Upstairs,208736851502000,10.72,7.12,-3.79
1042605,7,Upstairs,208736891511000,10.38,10.19,-2.3
1042606,7,Upstairs,208736931733000,4.63,8.81,1.65
1042607,7,Upstairs,208737012544000,2.18,4.6,-1.31
1042608,7,Upstairs,208737051484000,0.89,4.71,-1.31
1042609,7,Upstairs,208737092134000,0.8,4.29,-2.72
1042610,7,Upstairs,208737131593000,1.38,2.18,-3.34
1042611,7,Upstairs,208737211549000,10.38,10.8,-2.68
1042612,7,Upstairs,208737251435000,14.52,11.56,-1.84
1042613,7,Upstairs,208737291505000,7.21,6.09,-0.95
1042614,7,Upstairs,208737331727000,6.59,6.02,-1.33
1042615,7,Upstairs,208737411561000,6.66,6.17,-1.18
1042616,7,Upstairs,208737452333000,5.33,4.37,-0.8
1042617,7,Upstairs,208737491365000,5.09,3.34,-0.72
1042618,7,Upstairs,208737531587000,6.4,4.21,-1.46
1042619,7,Upstairs,208737611482000,8.12,7.27,-1.54
1042620,7,Upstairs,208737651521000,9.66,9.08,-0.84
1042621,7,Upstairs,208737691499000,10.61,10.27,0.53
1042622,7,Upstairs,208737731599000,12.07,11.03,2.79
1042623,7,Upstairs,208737813935000,9.62,6.4,-2.79
1042624,7,Upstairs,208737851350000,11.45,7.4,-2.64
1042625,7,Upstairs,208737891450000,7.01,8.54,0.27
1042626,7,Upstairs,208737931642000,4.02,6.47,-0.53
1042627,7,Upstairs,208738011476000,2.3,4.33,0.11
1042628,7,Upstairs,208738051545000,2.79,3.53,-0.53
1042629,7,Upstairs,208738091523000,2.53,2.83,-3.76
1042630,7,Upstairs,208738131593000,3.49,2.18,-4.14
1042631,7,Upstairs,208738211457000,15.66,11.5,-1.31
1042632,7,Upstairs,208738251466000,7.97,5.71,1.08
1042633,7,Upstairs,208738291505000,6.36,8.62,-1.5
1042634,7,Upstairs,208738331605000,7.35,9.38,-1.46
1042635,7,Upstairs,208738411592000,5.43,4.82,-0.65
1042636,7,Upstairs,208738451448000,5.86,4.82,-0.65
1042637,7,Upstairs,208738491517000,5.71,4.06,-0.57
1042638,7,Upstairs,208738531617000,6.02,4.63,-0.95
1042639,7,Upstairs,208738611482000,9.62,7.86,-2.11
1042640,7,Upstairs,208738651490000,10.84,9.81,-0.72
1042641,7,Upstairs,208738691499000,11.07,10.42,1.88
1042642,7,Upstairs,208738731721000,11.92,10.0,3.45
1042643,7,Upstairs,208738811646000,10.27,5.71,-4.25
1042644,7,Upstairs,208738851625000,11.03,7.89,-5.43
1042645,7,Upstairs,208738891511000,6.97,8.66,-4.1
1042646,7,Upstairs,208738971498000,2.68,6.24,1.33
1042647,7,Upstairs,208739011415000,2.3,5.9,-1.8
1042648,7,Upstairs,208739051484000,0.57,3.38,-2.3
1042649,7,Upstairs,208739091584000,1.23,0.72,-2.34
1042650,7,Upstairs,208739131562000,6.02,4.71,-1.33
1042651,7,Upstairs,208739211457000,12.49,12.98,-1.14
1042652,7,Upstairs,208739251588000,6.02,5.37,-0.15
1042653,7,Upstairs,208739291505000,8.43,7.44,-1.04
1042654,7,Upstairs,208739331605000,9.81,8.92,-1.12
1042655,7,Upstairs,208739411592000,6.09,5.28,-0.89
1042656,7,Upstairs,208739451448000,5.94,4.63,-0.99
1042657,7,Upstairs,208739491517000,5.28,3.02,-0.84
1042658,7,Upstairs,208739541444000,3.98,2.49,-0.93
1042659,7,Upstairs,208739581452000,5.48,4.82,-1.5
1042660,7,Upstairs,208739661469000,7.35,6.82,-0.8
1042661,7,Upstairs,208739701295000,8.62,8.01,-0.57
1042662,7,Upstairs,208739741303000,10.15,9.0,4.67
1042663,7,Upstairs,208739781312000,16.13,8.2,6.05
1042664,7,Upstairs,208739863771000,10.38,9.08,-3.06
1042665,7,Upstairs,208739902101000,10.08,12.68,-4.94
1042666,7,Upstairs,208739951692000,4.63,8.89,-4.33
1042667,7,Upstairs,208739991426000,3.87,4.1,-4.63
1042668,7,Upstairs,208740031648000,6.51,3.45,-6.44
1042669,7,Upstairs,208740111604000,6.02,4.86,-2.22
