,user,label,timestamp,x,y,z
780444,8,Upstairs,112154251594000,3.41,15.98,1.5
780445,8,Upstairs,112154331703000,-3.41,13.67,3.02
780446,8,Upstairs,112154372230000,-6.09,12.3,2.37
780447,8,Upstairs,112154411476000,-4.21,12.3,-6.63
780448,8,Upstairs,112154452034000,-4.82,11.54,-2.53
780449,8,Upstairs,112154531471000,0.11,8.96,1.69
780450,8,Upstairs,112154572120000,2.37,7.5,-0.5
780451,8,Upstairs,112154611519000,0.84,3.34,-0.27
780452,8,Upstairs,112154651588000,-1.61,-0.34,1.04
780453,8,Upstairs,112154731636000,-3.49,-0.38,5.41
780454,8,Upstairs,112154772163000,-6.74,3.11,7.59
780455,8,Upstairs,112154811622000,-1.38,14.44,3.6
780456,8,Upstairs,112154851417000,2.07,17.24,2.6
780457,8,Upstairs,112154931465000,-2.45,2.3,1.61
780458,8,Upstairs,112154971534000,-6.02,11.5,0.57
780459,8,Upstairs,112155011604000,-2.79,15.02,0.84
780460,8,Upstairs,112155051490000,1.73,9.08,1.57
780461,8,Upstairs,112155131416000,1.46,7.78,1.84
780462,8,Upstairs,112155171516000,0.27,7.27,1.95
780463,8,Upstairs,112155331855000,-0.11,13.33,-0.15
780464,8,Upstairs,112155331855000,-0.11,13.33,-0.15
780465,8,Upstairs,112155331855000,-0.11,13.33,-0.15
780466,8,Upstairs,112155371437000,-1.65,16.04,2.37
780467,8,Upstairs,112155411628000,-2.49,15.36,2.98
780468,8,Upstairs,112155453102000,-3.6,15.43,5.75
780469,8,Upstairs,112155531501000,-1.04,11.35,-10.99
780470,8,Upstairs,112155571510000,1.42,11.37,-2.68
780471,8,Upstairs,112155611610000,-1.95,9.62,4.48
780472,8,Upstairs,112155651497000,1.33,8.73,0.99
780473,8,Upstairs,112155731605000,0.15,0.08,-0.42
780474,8,Upstairs,112155773231000,-1.73,-0.69,1.31
780475,8,Upstairs,112155811439000,-3.3,-0.84,3.11
780476,8,Upstairs,112155851509000,-2.76,0.11,7.25
780477,8,Upstairs,112155931617000,-4.37,18.16,3.95
780478,8,Upstairs,112155971565000,2.6,12.26,3.49
780479,8,Upstairs,112156011421000,0.0,2.26,3.49
780480,8,Upstairs,112156051521000,-3.38,6.4,2.34
780481,8,Upstairs,112156131416000,-0.61,13.57,0.42
780482,8,Upstairs,112156171608000,2.56,7.97,1.73
780483,8,Upstairs,112156211494000,2.56,7.5,0.04
780484,8,Upstairs,112156251869000,1.61,6.4,-0.76
780485,8,Upstairs,112156332924000,-3.72,7.78,2.14
780486,8,Upstairs,112156372261000,-1.42,8.05,1.69
780487,8,Upstairs,112156411506000,0.65,8.47,-2.87
780488,8,Upstairs,112156451393000,-0.61,12.57,-1.95
780489,8,Upstairs,112156531410000,-4.02,16.93,-0.04
780490,8,Upstairs,112156571510000,-3.79,13.95,3.87
780491,8,Upstairs,112156611519000,1.76,11.5,3.83
780492,8,Upstairs,112156651588000,6.32,11.3,-1.33
780493,8,Upstairs,112156731483000,2.49,7.97,-4.25
780494,8,Upstairs,112156771644000,-1.23,10.73,-4.82
780495,8,Upstairs,112156811531000,-6.7,11.03,5.63
780496,8,Upstairs,112156851539000,-4.4,7.46,-1.08
780497,8,Upstairs,112156901863000,-0.61,4.29,0.34
780498,8,Upstairs,112156981880000,-0.53,3.87,-1.61
780499,8,Upstairs,112157021614000,-1.99,2.79,-1.92
780500,8,Upstairs,112157061531000,-4.18,2.76,-0.08
780501,8,Upstairs,112157101509000,-3.6,4.29,2.49
780502,8,Upstairs,112157181465000,4.56,17.62,12.03
780503,8,Upstairs,112157221504000,-0.23,7.16,0.72
780504,8,Upstairs,112157261635000,-5.79,8.54,0.19
780505,8,Upstairs,112157301552000,-5.41,10.99,0.0
780506,8,Upstairs,112157381477000,-0.04,6.02,-1.42
780507,8,Upstairs,112157421516000,-0.04,9.08,-1.38
780508,8,Upstairs,112157461647000,1.31,10.61,-0.46
780509,8,Upstairs,112157547493000,0.8,9.15,-1.23
780510,8,Upstairs,112157547493000,0.8,9.15,-1.23
780511,8,Upstairs,112157632271000,-4.02,9.19,0.42
780512,8,Upstairs,112157671638000,0.0,8.69,-0.99
780513,8,Upstairs,112157711494000,2.72,8.77,-2.34
780514,8,Upstairs,112157751472000,4.21,10.08,-1.23
780515,8,Upstairs,112157810432000,-0.19,13.87,0.19
780516,8,Upstairs,112157851600000,-4.63,18.54,-0.99
780517,8,Upstairs,112157931587000,0.34,13.8,1.69
780518,8,Upstairs,112157972206000,2.14,14.48,-1.08
780519,8,Upstairs,112158011421000,1.14,11.69,-5.98
780520,8,Upstairs,112158051521000,0.19,12.95,0.08
780521,8,Upstairs,112158131385000,-0.15,9.81,-0.89
780522,8,Upstairs,112158171608000,-0.89,5.05,-0.65
780523,8,Upstairs,112158211494000,-0.5,1.42,-1.5
780524,8,Upstairs,112158251655000,-0.53,-2.26,-0.19
780525,8,Upstairs,112158334175000,-0.65,0.65,7.44
780526,8,Upstairs,112158372352000,-4.06,4.21,8.73
780527,8,Upstairs,112158411720000,-4.1,13.8,-0.5
780528,8,Upstairs,112158451545000,-2.6,16.86,2.22
780529,8,Upstairs,112158531471000,-5.37,8.81,0.95
780530,8,Upstairs,112158572365000,-3.72,12.26,-0.8
780531,8,Upstairs,112158611641000,0.11,11.26,-1.27
780532,8,Upstairs,112158651497000,3.06,9.47,1.12
780533,8,Upstairs,112158731605000,1.33,8.54,0.5
780534,8,Upstairs,112158771614000,0.5,8.58,1.38
780535,8,Upstairs,112158811470000,-2.87,8.69,1.76
780536,8,Upstairs,112158851661000,-5.6,10.53,2.03
780537,8,Upstairs,112158931587000,1.12,13.02,0.69
780538,8,Upstairs,112158971748000,-0.08,14.48,-0.04
780539,8,Upstairs,112159011604000,-0.99,17.08,0.08
780540,8,Upstairs,112159051490000,-1.92,13.33,5.28
780541,8,Upstairs,112159131538000,-2.79,10.15,-6.63
780542,8,Upstairs,112159171669000,-5.18,8.85,-4.71
780543,8,Upstairs,112159211464000,-3.3,11.26,7.63
780544,8,Upstairs,112159251411000,-1.73,9.62,-0.11
780545,8,Upstairs,112159331489000,-0.5,3.83,0.84
780546,8,Upstairs,112159372383000,-0.27,0.53,0.91
780547,8,Upstairs,112159423835000,-1.65,-0.19,3.02
780548,8,Upstairs,112159461677000,-1.99,0.27,4.21
780549,8,Upstairs,112159501564000,-2.98,1.61,8.96
780550,8,Upstairs,112159582161000,-0.89,19.61,5.79
780551,8,Upstairs,112159621467000,0.65,6.32,1.84
780552,8,Upstairs,112159661476000,-1.31,0.34,2.68
780553,8,Upstairs,112159701515000,-4.67,7.86,-0.04
780554,8,Upstairs,112159781624000,0.72,9.89,0.5
780555,8,Upstairs,112159821632000,1.38,5.37,1.5
780556,8,Upstairs,112159865120000,0.89,9.04,0.72
780557,8,Upstairs,112159911628000,1.88,10.34,0.99
780558,8,Upstairs,112159951515000,0.38,8.01,1.31
780559,8,Upstairs,112160031471000,-5.79,9.85,0.38
780560,8,Upstairs,112160072761000,0.34,10.61,-0.57
780561,8,Upstairs,112160114052000,2.26,10.84,-0.69
780562,8,Upstairs,112160174598000,0.19,15.75,-0.42
780563,8,Upstairs,112160231422000,-4.63,12.79,2.75
780564,8,Upstairs,112160271400000,-6.32,11.26,4.86
780566,8,Upstairs,112160351936000,-1.69,9.0,-6.05
780565,8,Upstairs,112160351936000,-1.69,9.0,-6.05
780567,8,Upstairs,112160431251000,-0.15,10.5,3.36
780568,8,Upstairs,112160471901000,-1.42,8.31,1.27
780569,8,Upstairs,112160511390000,-0.93,7.78,2.14
780570,8,Upstairs,112160561866000,-1.76,3.91,1.08
780571,8,Upstairs,112160601600000,-0.76,2.22,1.57
780572,8,Upstairs,112160681495000,-1.08,0.42,4.4
780573,8,Upstairs,112160721992000,-1.88,2.6,4.21
780574,8,Upstairs,112160761604000,-3.99,6.24,7.63
780575,8,Upstairs,112160801582000,-2.49,16.93,1.73
780576,8,Upstairs,112160881477000,-0.93,3.17,3.98
780577,8,Upstairs,112160921547000,-4.1,2.6,2.49
780578,8,Upstairs,112160961677000,-6.51,9.51,0.8
780579,8,Upstairs,112161001625000,-4.56,14.79,-0.8
780580,8,Upstairs,112161081520000,3.45,8.08,0.53
780581,8,Upstairs,112161121559000,3.17,7.93,0.95
780582,8,Upstairs,112161161720000,1.04,8.73,0.11
780583,8,Upstairs,112161201606000,-1.04,8.08,0.27
780584,8,Upstairs,112161282600000,-2.15,9.77,0.38
780585,8,Upstairs,112161321510000,1.12,10.8,-1.8
780586,8,Upstairs,112161361519000,-0.61,12.37,-1.33
780587,8,Upstairs,112161401527000,0.04,15.47,0.0
780588,8,Upstairs,112161481575000,-4.14,12.07,1.92
780589,8,Upstairs,112161521644000,-5.86,9.89,5.05
780590,8,Upstairs,112161561683000,-1.14,10.04,0.72
780591,8,Upstairs,112161605842000,-1.31,8.35,-5.48
780592,8,Upstairs,112161647773000,-1.08,10.15,2.64
780593,8,Upstairs,112161732338000,0.04,9.77,1.95
780594,8,Upstairs,112161772255000,-3.17,6.7,2.83
780595,8,Upstairs,112161811531000,-1.57,6.05,3.06
780596,8,Upstairs,112161854500000,0.57,5.13,2.18
780597,8,Upstairs,112161905189000,0.5,1.65,3.41
780598,8,Upstairs,112161942787000,-1.33,0.95,4.29
780599,8,Upstairs,112162031624000,-0.8,3.68,6.63
780600,8,Upstairs,112162071510000,-3.99,4.56,8.47
780601,8,Upstairs,112162113716000,-1.73,13.91,3.34
780602,8,Upstairs,112162151588000,-0.34,13.48,0.46
780603,8,Upstairs,112162321296000,-0.34,13.48,0.46
780604,8,Upstairs,112162321296000,-0.34,13.48,0.46
780605,8,Upstairs,112162321296000,-0.34,13.48,0.46
780606,8,Upstairs,112162362220000,1.12,8.96,0.95
780607,8,Upstairs,112162401649000,0.99,10.12,1.12
780608,8,Upstairs,112162481514000,0.08,7.59,1.88
780609,8,Upstairs,112162521614000,-2.53,7.12,1.14
780610,8,Upstairs,112162561592000,-3.53,11.22,0.53
780611,8,Upstairs,112162601509000,-0.76,9.81,0.42
780612,8,Upstairs,112162681495000,-0.99,13.53,0.57
780613,8,Upstairs,112162721504000,-1.38,15.02,0.91
780614,8,Upstairs,112162761512000,-3.64,14.63,5.33
780615,8,Upstairs,112162801582000,-5.24,13.14,8.58
780616,8,Upstairs,112162881477000,-4.25,6.66,-6.02
780617,8,Upstairs,112162921699000,-0.31,12.45,10.61
780618,8,Upstairs,112162961525000,-0.53,8.69,0.91
780619,8,Upstairs,112163001594000,-2.11,7.4,1.18
780620,8,Upstairs,112163081520000,-0.38,3.6,2.11
780621,8,Upstairs,112163121650000,-1.12,0.72,3.45
780622,8,Upstairs,112163161476000,-1.88,0.72,4.33
780623,8,Upstairs,112163201759000,-1.61,1.73,4.75
780624,8,Upstairs,112163282448000,0.34,3.53,7.16
780625,8,Upstairs,112163321663000,1.57,7.86,9.38
780626,8,Upstairs,112163361549000,-1.27,18.5,10.46
780627,8,Upstairs,112163401527000,-1.95,11.5,1.95
780628,8,Upstairs,112163481544000,-3.6,5.28,2.34
780629,8,Upstairs,112163521644000,-3.34,15.05,0.34
780630,8,Upstairs,112163561561000,-0.42,13.91,0.95
780631,8,Upstairs,112163601478000,-1.5,8.01,1.04
780632,8,Upstairs,112163681495000,-1.12,9.08,0.99
780633,8,Upstairs,112163721473000,1.33,10.38,1.12
780634,8,Upstairs,112163761482000,0.84,9.3,1.12
780635,8,Upstairs,112163801552000,0.61,8.39,-0.38
780636,8,Upstairs,112163841469000,-2.79,8.28,-0.31
780637,8,Upstairs,112163921547000,-2.15,9.11,1.23
780638,8,Upstairs,112163967903000,0.34,10.0,0.34
780639,8,Upstairs,112164011451000,0.27,11.56,-0.31
780640,8,Upstairs,112164054237000,0.0,13.18,-0.53
780641,8,Upstairs,112164131416000,-4.75,13.72,0.19
780642,8,Upstairs,112164171516000,-4.67,10.61,3.49
780643,8,Upstairs,112164211647000,-1.73,12.3,4.94
