,user,label,timestamp,x,y,z
426370,10,Upstairs,4939032421000,-1.88,8.69,-0.57
426371,10,Upstairs,4939082378000,-7.04,4.02,0.76
426372,10,Upstairs,4939132336000,-0.8,12.34,-0.76
426373,10,Upstairs,4939182323000,-5.41,18.31,2.37
426374,10,Upstairs,4939232342000,-7.55,14.37,5.83
426375,10,Upstairs,4939282421000,-3.83,14.48,7.08
426376,10,Upstairs,4939332409000,-4.94,12.79,-3.49
426377,10,Upstairs,4939382336000,-10.04,9.08,-1.61
426378,10,Upstairs,4939432323000,-1.76,11.5,0.23
426379,10,Upstairs,4939482342000,-2.18,4.71,-1.61
426380,10,Upstairs,4939532299000,-2.18,4.14,-1.5
426381,10,Upstairs,4939582378000,-2.64,3.87,0.38
426382,10,Upstairs,4939632336000,0.95,2.22,0.65
426383,10,Upstairs,4939682354000,-0.5,-0.34,-0.61
426384,10,Upstairs,4939732342000,-5.63,13.95,5.48
426385,10,Upstairs,4939782330000,-2.22,15.09,7.67
426386,10,Upstairs,4939832348000,-3.76,4.44,0.61
426387,10,Upstairs,4939882336000,-4.71,14.37,0.27
426388,10,Upstairs,4939932323000,0.53,13.38,3.21
426389,10,Upstairs,4939982342000,-2.53,6.93,0.53
426390,10,Upstairs,4940032330000,-0.19,10.08,-0.84
426391,10,Upstairs,4940082348000,-4.9,3.99,-1.18
426392,10,Upstairs,4940132336000,-5.01,6.63,2.91
426393,10,Upstairs,4940182323000,-4.71,5.83,-1.38
426394,10,Upstairs,4940232372000,-4.48,7.86,-3.45
426395,10,Upstairs,4940282330000,-1.84,13.38,-4.44
426396,10,Upstairs,4940332439000,-6.66,16.36,1.14
426397,10,Upstairs,4940382458000,-7.97,14.44,1.8
426398,10,Upstairs,4940432323000,-2.11,12.83,3.79
426399,10,Upstairs,4940482342000,0.5,9.85,-0.99
426400,10,Upstairs,4940532330000,-6.85,9.08,-4.1
426401,10,Upstairs,4940582378000,-6.82,7.44,-3.76
426402,10,Upstairs,4940632336000,-1.33,9.04,-2.45
426403,10,Upstairs,4940682323000,3.53,10.8,-4.25
426404,10,Upstairs,4940732342000,-0.38,11.3,0.11
426405,10,Upstairs,4940782635000,-2.91,10.23,-4.79
426406,10,Upstairs,4940832348000,-3.11,8.77,-3.15
426407,10,Upstairs,4940882336000,-3.72,6.66,-4.06
426408,10,Upstairs,4940932323000,-6.02,5.28,-3.72
426409,10,Upstairs,4940982372000,-6.66,4.14,-2.68
426410,10,Upstairs,4941032330000,-8.27,9.47,11.03
426411,10,Upstairs,4941082348000,0.72,16.51,6.93
426412,10,Upstairs,4941132336000,0.99,5.94,-4.79
426413,10,Upstairs,4941182323000,-6.21,16.74,-4.06
426414,10,Upstairs,4941232372000,-7.08,4.29,3.95
426415,10,Upstairs,4941282330000,-2.91,5.56,-0.99
426416,10,Upstairs,4941332348000,-2.49,15.09,-5.52
426417,10,Upstairs,4941382336000,-0.76,8.47,-1.18
426418,10,Upstairs,4941432323000,-3.3,10.57,-0.8
426419,10,Upstairs,4941482342000,-0.76,10.34,-2.91
426420,10,Upstairs,4941532330000,0.42,11.54,-1.31
426421,10,Upstairs,4941582409000,-9.49,7.78,1.42
426422,10,Upstairs,4941632336000,-2.53,8.43,0.65
426423,10,Upstairs,4941702343000,-2.14,10.34,-1.08
426424,10,Upstairs,4941752300000,-3.15,8.2,-1.12
426425,10,Upstairs,4941802410000,-2.98,8.66,-3.11
426426,10,Upstairs,4941852337000,-6.82,11.54,-3.6
426427,10,Upstairs,4941902416000,-3.64,17.01,-1.18
426428,10,Upstairs,4941952343000,-0.27,17.43,6.17
426429,10,Upstairs,4942002331000,-3.15,15.79,4.33
426430,10,Upstairs,4942052349000,-7.65,17.08,-3.11
426431,10,Upstairs,4942102367000,-9.58,12.41,-4.18
426432,10,Upstairs,4942152325000,-3.49,10.57,-1.18
426433,10,Upstairs,4942202343000,-3.26,7.89,-2.98
426434,10,Upstairs,4942252331000,-3.21,3.79,-3.91
426435,10,Upstairs,4942302349000,-2.96,1.76,-1.99
426436,10,Upstairs,4942352337000,0.08,2.07,0.04
426437,10,Upstairs,4942402325000,1.76,6.97,4.71
426438,10,Upstairs,4942452343000,-10.72,3.91,0.31
426439,10,Upstairs,4942502331000,-6.89,18.81,6.36
426440,10,Upstairs,4942552349000,-3.91,11.5,0.08
426441,10,Upstairs,4942602398000,-3.26,7.31,-2.56
426442,10,Upstairs,4942652294000,-3.76,11.99,-2.18
426443,10,Upstairs,4942702343000,-1.84,12.87,3.76
426444,10,Upstairs,4942752331000,-1.18,8.96,1.84
426445,10,Upstairs,4942802349000,1.46,8.01,-0.3
426446,10,Upstairs,4942852306000,-1.99,5.22,-4.94
426447,10,Upstairs,4942902325000,-6.02,11.45,0.38
426448,10,Upstairs,4942952343000,-5.82,19.38,3.91
426449,10,Upstairs,4943003368000,-4.75,13.48,5.63
426450,10,Upstairs,4943062328000,0.04,14.9,3.99
426451,10,Upstairs,4943112347000,-7.5,14.14,-0.57
426452,10,Upstairs,4943162334000,-9.3,8.12,-1.18
426453,10,Upstairs,4943212322000,-2.3,10.27,0.0
426454,10,Upstairs,4943262341000,-1.65,2.98,-2.68
426455,10,Upstairs,4943312328000,-1.92,2.45,-1.84
426456,10,Upstairs,4943362347000,1.12,2.26,-1.33
426457,10,Upstairs,4943412334000,1.08,2.64,1.69
426458,10,Upstairs,4943462322000,-1.18,6.28,5.33
426459,10,Upstairs,4943512341000,-5.18,18.24,10.8
426460,10,Upstairs,4943562328000,-2.72,3.06,0.46
426461,10,Upstairs,4943612347000,-4.06,11.26,-0.84
426462,10,Upstairs,4943662334000,-3.21,17.92,1.65
426463,10,Upstairs,4943712292000,-0.34,9.43,1.65
426464,10,Upstairs,4943762341000,-2.98,8.24,0.42
426465,10,Upstairs,4943812328000,-1.04,8.35,0.69
426466,10,Upstairs,4943862347000,1.27,7.31,1.31
426467,10,Upstairs,4943912304000,-3.76,6.47,0.15
426468,10,Upstairs,4943962322000,-5.67,7.12,-3.68
426469,10,Upstairs,4944012341000,-4.48,16.36,-1.42
426470,10,Upstairs,4944062359000,-5.75,18.92,3.87
426471,10,Upstairs,4944112347000,-5.13,14.48,6.24
426472,10,Upstairs,4944162365000,-1.73,13.06,2.91
426473,10,Upstairs,4944212322000,-4.99,12.76,-1.57
426474,10,Upstairs,4944262341000,-9.7,6.93,-1.99
426475,10,Upstairs,4944312298000,0.42,10.12,-1.04
426476,10,Upstairs,4944312298000,0.42,10.12,-1.04
426477,10,Upstairs,4944372356000,-1.95,2.87,-3.6
426478,10,Upstairs,4944422619000,-1.95,2.53,-1.76
426479,10,Upstairs,4944473400000,-0.15,2.76,-0.95
426480,10,Upstairs,4944522320000,0.23,3.3,2.96
426481,10,Upstairs,4944582317000,-7.35,12.91,9.3
426482,10,Upstairs,4944632336000,-0.72,10.23,3.17
426483,10,Upstairs,4944682323000,-3.45,4.37,-1.46
426484,10,Upstairs,4944732342000,-4.79,17.05,-1.27
426485,10,Upstairs,4944782330000,0.69,12.03,4.86
426486,10,Upstairs,4944832348000,-2.22,6.78,0.89
426487,10,Upstairs,4944882336000,-1.38,9.72,-0.65
426488,10,Upstairs,4944932323000,-0.91,5.67,-1.8
426489,10,Upstairs,4944982403000,-7.46,7.01,2.56
426490,10,Upstairs,4945032330000,-2.56,10.53,-4.99
426491,10,Upstairs,4945082348000,-6.17,16.74,-1.31
426492,10,Upstairs,4945132336000,-7.93,17.86,4.25
426494,10,Upstairs,4945242107000,-2.41,13.29,1.14
426493,10,Upstairs,4945242107000,-2.41,13.29,1.14
426495,10,Upstairs,4945292217000,-7.63,9.66,-0.53
426496,10,Upstairs,4945342388000,-9.08,6.78,-2.49
426497,10,Upstairs,4945392284000,0.93,8.81,-0.57
426498,10,Upstairs,4945442364000,-0.27,3.41,-2.45
426499,10,Upstairs,4945492290000,-0.53,0.5,-2.45
426500,10,Upstairs,4945542339000,0.27,2.34,0.42
426501,10,Upstairs,4945592297000,-2.3,6.55,-1.04
426502,10,Upstairs,4945642345000,-4.59,18.77,6.85
426503,10,Upstairs,4945692333000,-3.91,7.44,2.22
426504,10,Upstairs,4945742352000,-6.82,10.76,0.11
426505,10,Upstairs,4945792339000,-3.02,15.05,1.57
426506,10,Upstairs,4945842327000,0.04,8.73,3.15
426507,10,Upstairs,4945892345000,-2.07,6.63,0.11
426508,10,Upstairs,4945942333000,-0.34,9.34,-0.3
426509,10,Upstairs,4945992290000,-6.55,4.14,1.46
426510,10,Upstairs,4946042339000,-2.03,9.15,-1.08
426511,10,Upstairs,4946092327000,-3.57,10.84,-3.17
426512,10,Upstairs,4946142345000,-4.75,17.27,0.19
426513,10,Upstairs,4946192333000,-5.98,15.21,2.98
426514,10,Upstairs,4946242321000,-5.63,13.76,6.09
426515,10,Upstairs,4946292309000,-0.15,13.48,3.83
426516,10,Upstairs,4946342327000,-7.16,11.84,-1.5
426517,10,Upstairs,4946392345000,-12.15,6.74,-1.27
426518,10,Upstairs,4946442333000,2.83,10.34,-1.46
426519,10,Upstairs,4946492352000,-2.18,6.02,-1.14
426520,10,Upstairs,4946542339000,-2.64,2.56,-1.38
426521,10,Upstairs,4946592327000,1.23,3.34,-1.31
426522,10,Upstairs,4946642345000,0.46,3.76,0.76
426523,10,Upstairs,4946692333000,-4.75,6.59,1.18
426524,10,Upstairs,4946742321000,-5.63,18.96,6.89
426525,10,Upstairs,4946792339000,-3.57,8.43,3.64
426526,10,Upstairs,4946842327000,-5.48,11.3,-2.18
426527,10,Upstairs,4946892345000,-1.12,16.97,-0.27
426528,10,Upstairs,4946942333000,0.08,5.86,5.63
426529,10,Upstairs,4946992290000,-2.49,5.52,0.11
426530,10,Upstairs,4947042339000,0.61,8.85,-1.84
426531,10,Upstairs,4947092327000,-8.31,3.21,2.41
426532,10,Upstairs,4947142345000,-3.45,9.34,-3.6
426533,10,Upstairs,4947192333000,-3.02,14.6,-2.3
426534,10,Upstairs,4947242321000,-5.71,18.96,3.79
426535,10,Upstairs,4947292339000,-7.12,14.25,3.76
426536,10,Upstairs,4947342327000,0.72,14.86,7.25
426537,10,Upstairs,4947392345000,-4.18,13.99,-1.76
426538,10,Upstairs,4947442333000,-9.81,9.77,-2.3
426539,10,Upstairs,4947492321000,-0.72,13.4,-0.53
426540,10,Upstairs,4947542339000,-2.91,10.8,-1.73
426541,10,Upstairs,4947592297000,-3.91,4.94,-4.52
426542,10,Upstairs,4947642345000,-2.83,0.89,-3.87
426543,10,Upstairs,4947692333000,0.15,-0.5,-1.14
426544,10,Upstairs,4947742321000,2.68,3.15,5.9
426545,10,Upstairs,4947792339000,2.34,8.16,8.01
426546,10,Upstairs,4947842327000,1.46,5.98,10.95
426547,10,Upstairs,4947892345000,-8.35,7.59,6.74
426548,10,Upstairs,4947942333000,0.99,6.09,3.06
426549,10,Upstairs,4947992352000,-2.91,10.08,2.76
426550,10,Upstairs,4948042339000,-0.65,7.93,-0.53
426551,10,Upstairs,4948092358000,-3.95,11.65,0.15
426552,10,Upstairs,4948142376000,-3.98,12.15,1.27
426553,10,Upstairs,4948192333000,-3.26,9.3,0.31
426554,10,Upstairs,4948242321000,-1.99,7.7,0.76
426555,10,Upstairs,4948292339000,-4.59,10.57,-0.91
426556,10,Upstairs,4948342327000,-1.73,8.08,-1.57
426557,10,Upstairs,4948392315000,-2.79,8.08,-2.98
426558,10,Upstairs,4948442333000,-3.26,7.27,-2.41
426559,10,Upstairs,4948492321000,-5.41,10.38,0.89
426560,10,Upstairs,4948542339000,-6.21,10.23,3.15
426561,10,Upstairs,4948592297000,-1.57,13.44,0.0
426562,10,Upstairs,4948642345000,-7.04,13.72,8.08
426563,10,Upstairs,4948692333000,-8.31,12.64,-3.06
426564,10,Upstairs,4948742321000,-3.98,10.95,-8.58
426565,10,Upstairs,4948792309000,1.33,12.3,-2.37
426566,10,Upstairs,4948842327000,-3.6,6.21,-2.11
426567,10,Upstairs,4948892345000,-3.41,3.83,-3.17
426568,10,Upstairs,4948942333000,-4.67,4.52,-2.18
426569,10,Upstairs,4948992290000,-7.01,11.96,1.57
