,user,label,timestamp,x,y,z
349556,11,Upstairs,2333832317000,-4.4,13.21,11.795221000000002
349557,11,Upstairs,2333882274000,-7.89,11.54,1.6480621
349558,11,Upstairs,2333932292000,-3.41,7.63,-0.0
349559,11,Upstairs,2333982310000,-3.02,8.35,-3.0645783
349560,11,Upstairs,2334032268000,-1.88,9.28,-5.8567495
349561,11,Upstairs,2334082286000,-2.96,11.37,-1.9885708
349562,11,Upstairs,2334132304000,-4.94,9.92,1.3756552
349563,11,Upstairs,2334182323000,-4.02,6.51,-0.38136974
349564,11,Upstairs,2334232280000,-3.02,8.05,0.50395286
349565,11,Upstairs,2334282268000,-1.61,11.65,1.9204689999999998
349566,11,Upstairs,2334332347000,-3.11,13.06,1.4573771999999998
349567,11,Upstairs,2334382274000,-5.41,14.79,2.7649305
349568,11,Upstairs,2334432292000,-5.67,12.22,1.2258313
349569,11,Upstairs,2334482158000,-3.17,5.86,-0.46309182
349570,11,Upstairs,2334532664000,-2.79,4.52,-1.3075534
349571,11,Upstairs,2334582317000,-6.28,16.17,9.80665
349572,11,Upstairs,2334632274000,-8.81,14.25,-0.08172209
349573,11,Upstairs,2334682262000,-9.81,10.53,1.0351465
349574,11,Upstairs,2334732280000,-3.02,0.38,-1.3756552
349575,11,Upstairs,2334782268000,1.18,-2.6,6.2789803
349576,11,Upstairs,2334832286000,-1.23,2.41,6.5922484
349577,11,Upstairs,2334882304000,-7.5,12.07,1.8387468999999996
349578,11,Upstairs,2334932262000,-8.81,13.02,-1.0760075
349579,11,Upstairs,2334982310000,0.11,4.9,-1.8796080000000002
349580,11,Upstairs,2335032237000,1.69,9.7,-1.8387468999999996
349581,11,Upstairs,2335082317000,-1.33,9.81,-0.84446156
349582,11,Upstairs,2335132274000,-3.17,7.35,-5.434519
349583,11,Upstairs,2335182292000,-4.71,10.5,-0.7218784
349584,11,Upstairs,2335232310000,-8.96,15.75,3.3778462
349585,11,Upstairs,2335282329000,-7.82,16.04,3.9499009
349586,11,Upstairs,2335332286000,-4.14,10.15,2.6832085
349587,11,Upstairs,2335382304000,-2.37,6.55,1.6889231
349588,11,Upstairs,2335432262000,-1.8,4.21,0.14982383
349589,11,Upstairs,2335482280000,-6.09,9.7,2.0294318
349590,11,Upstairs,2335532268000,-4.44,7.4,-3.7183550000000003
349591,11,Upstairs,2335582317000,-6.97,13.25,4.1814466
349592,11,Upstairs,2335632274000,-5.63,8.47,-0.6537767
349593,11,Upstairs,2335682262000,-4.63,1.46,1.1441092
349594,11,Upstairs,2335732310000,-2.68,2.72,4.290409599999999
349595,11,Upstairs,2335782298000,-3.26,9.43,9.043911
349596,11,Upstairs,2335832286000,-2.03,3.83,0.7218784
349597,11,Upstairs,2335882304000,-15.66,17.67,0.53119355
349598,11,Upstairs,2335932262000,-5.41,10.8,1.1849703
349599,11,Upstairs,2335982310000,-1.73,4.25,0.7627395
349600,11,Upstairs,2336032237000,-3.17,6.44,0.88532263
349601,11,Upstairs,2336082317000,-4.59,8.85,0.50395286
349602,11,Upstairs,2336132274000,-0.11,8.73,-0.38136974
349603,11,Upstairs,2336182384000,0.57,8.05,-2.6832085
349604,11,Upstairs,2336232249000,-1.95,8.05,-2.8330324
349605,11,Upstairs,2336282298000,-3.36,8.28,1.8387468999999996
349606,11,Upstairs,2336332286000,-6.05,12.26,2.982856
349607,11,Upstairs,2336382304000,-9.47,18.47,4.5219555
349608,11,Upstairs,2336432262000,-5.63,10.65,8.539958
349609,11,Upstairs,2336482280000,-4.63,10.8,0.84446156
349610,11,Upstairs,2336532237000,-2.34,5.48,-1.0351465
349611,11,Upstairs,2336582317000,-3.21,3.34,-0.6946376999999999
349612,11,Upstairs,2336632274000,-5.82,5.67,0.53119355
349613,11,Upstairs,2336682658000,-9.72,10.76,4.7943625
349614,11,Upstairs,2336732280000,-1.57,16.13,1.1441092
349615,11,Upstairs,2336782298000,-6.51,3.83,0.61291564
349616,11,Upstairs,2336832286000,-3.17,5.79,3.173541
349617,11,Upstairs,2336882304000,3.15,4.48,13.0619135
349618,11,Upstairs,2336932262000,-0.34,2.56,-0.46309182
349619,11,Upstairs,2336982310000,-7.46,10.27,-0.53119355
349620,11,Upstairs,2337032268000,-8.01,14.56,1.7570249
349621,11,Upstairs,2337082317000,-3.06,6.05,0.95342433
349622,11,Upstairs,2337132274000,-0.84,6.44,0.46309182
349623,11,Upstairs,2337182262000,-3.06,11.56,-1.4573771999999998
349624,11,Upstairs,2337232280000,-2.14,8.92,-4.944186
349625,11,Upstairs,2337282298000,-4.79,11.69,-0.040861044
349626,11,Upstairs,2337332286000,-9.23,16.93,3.5685309999999997
349627,11,Upstairs,2337382304000,-6.28,13.14,2.8330324
349628,11,Upstairs,2337432262000,-2.72,6.09,1.3756552
349629,11,Upstairs,2337482280000,-1.69,2.49,1.1168685
349630,11,Upstairs,2337532268000,-4.33,9.15,2.5606253
349631,11,Upstairs,2337582317000,-5.09,10.69,-3.4459480000000005
349632,11,Upstairs,2337632304000,-7.59,13.21,2.7240696
349633,11,Upstairs,2337682262000,-6.24,7.27,0.88532263
349634,11,Upstairs,2337732280000,-5.18,3.11,0.8036005
349635,11,Upstairs,2337782298000,-1.88,4.14,4.0588636
349636,11,Upstairs,2337832286000,-0.15,8.05,7.6954966
349637,11,Upstairs,2337882304000,-3.76,3.79,0.53119355
349638,11,Upstairs,2337932262000,-14.9,17.2,2.4925237
349639,11,Upstairs,2337982310000,-5.43,8.62,1.8796080000000002
349640,11,Upstairs,2338032268000,-3.49,5.71,1.4165162
349641,11,Upstairs,2338082713000,-1.99,7.74,2.4108016
349642,11,Upstairs,2338132274000,-2.18,10.42,-6.823794400000001
349643,11,Upstairs,2338182292000,0.76,8.77,-4.7943625
349644,11,Upstairs,2338232310000,-3.6,11.22,-0.50395286
349645,11,Upstairs,2338282298000,-8.69,16.13,2.2609777
349646,11,Upstairs,2338332286000,-5.71,13.02,2.4516625
349647,11,Upstairs,2338382304000,-2.72,7.21,1.4165162
349648,11,Upstairs,2338432262000,-3.06,5.09,1.3075534
349649,11,Upstairs,2338482310000,-6.13,10.46,3.214402
349650,11,Upstairs,2338532268000,-3.68,8.92,-0.84446156
349651,11,Upstairs,2338582286000,-6.51,8.92,1.4982381999999999
349652,11,Upstairs,2338632274000,-2.37,10.61,1.8796080000000002
349653,11,Upstairs,2338682292000,-4.02,3.83,1.0351465
349654,11,Upstairs,2338732280000,-2.49,2.15,2.2609777
349655,11,Upstairs,2338782298000,-1.12,7.67,9.575105
349656,11,Upstairs,2338832286000,-5.52,5.13,-0.10896278
349657,11,Upstairs,2338882304000,-14.52,17.58,3.7183550000000003
349658,11,Upstairs,2338932262000,-4.25,8.85,1.7570249
349659,11,Upstairs,2338982280000,-2.68,4.67,0.9942854
349660,11,Upstairs,2339032298000,-3.87,8.54,1.1849703
349661,11,Upstairs,2339082286000,-0.04,10.65,1.0760075
349662,11,Upstairs,2339132274000,-1.88,7.12,-3.4050870000000004
349663,11,Upstairs,2339182262000,-0.91,5.37,-1.7978859
349664,11,Upstairs,2339232280000,-3.95,8.24,0.8036005
349665,11,Upstairs,2339282268000,-6.51,13.14,2.982856
349666,11,Upstairs,2339332286000,-9.38,18.43,3.6774937999999993
349667,11,Upstairs,2339382304000,-5.09,11.6,1.9204689999999998
349668,11,Upstairs,2339432262000,-4.18,7.55,-0.0
349669,11,Upstairs,2339482310000,-3.98,6.82,-1.7978859
349670,11,Upstairs,2339532359000,-5.33,7.86,-0.3405087
349671,11,Upstairs,2339582408000,-5.52,6.24,0.9942854
349672,11,Upstairs,2339632335000,-6.02,10.31,2.6423476000000004
349673,11,Upstairs,2339682323000,-3.68,10.27,-1.9885708
349674,11,Upstairs,2339742229000,-2.72,-1.92,-2.0294318
349675,11,Upstairs,2339792216000,-0.5,4.79,0.3405087
349676,11,Upstairs,2339842296000,-2.22,16.44,6.3607025
349677,11,Upstairs,2339892253000,-7.27,8.92,-0.88532263
349678,11,Upstairs,2339942302000,-15.43,18.12,2.2609777
349679,11,Upstairs,2339992229000,-0.04,7.5,4.7943625
349680,11,Upstairs,2340042308000,-5.37,8.2,1.2258313
349681,11,Upstairs,2340092204000,-2.68,8.35,1.8387468999999996
349682,11,Upstairs,2340142314000,-0.65,10.65,-6.0882955
349683,11,Upstairs,2340192241000,0.5,5.22,-7.8589406
349684,11,Upstairs,2340243022000,0.19,5.67,-5.0531489999999994
349685,11,Upstairs,2340292338000,-3.34,7.4,-0.61291564
349686,11,Upstairs,2340362315000,-6.09,14.79,1.7570249
349687,11,Upstairs,2340412273000,-7.12,18.54,4.3993720000000005
349688,11,Upstairs,2340412273000,-7.12,18.54,4.3993720000000005
349689,11,Upstairs,2340512248000,-2.45,6.85,-0.19068487
349690,11,Upstairs,2340562297000,-4.33,9.43,-5.625203599999999
349691,11,Upstairs,2340622234000,-2.07,8.69,-1.2666923
349692,11,Upstairs,2340672252000,-5.01,6.66,2.2201166000000003
349693,11,Upstairs,2340722240000,-9.7,5.01,1.6889231
349694,11,Upstairs,2340772227000,-6.21,4.18,0.84446156
349695,11,Upstairs,2340822246000,-4.18,5.48,0.84446156
349696,11,Upstairs,2340872234000,-3.95,8.35,1.0760075
349697,11,Upstairs,2340922313000,5.28,12.34,-0.040861044
349698,11,Upstairs,2340972209000,-2.87,9.62,4.0588636
349699,11,Upstairs,2340972209000,-2.87,9.62,4.0588636
349700,11,Upstairs,2341072246000,-4.56,13.63,3.9499009
349701,11,Upstairs,2341122234000,-7.74,9.72,-4.0588636
349702,11,Upstairs,2341172221000,-4.56,5.71,0.9942854
349703,11,Upstairs,2341222270000,-4.63,7.55,1.0351465
349704,11,Upstairs,2341272227000,-7.01,12.34,-1.2258313
349705,11,Upstairs,2341322246000,-3.87,8.43,-0.23154591
349707,11,Upstairs,2341372203000,-2.03,7.82,0.5720546
349706,11,Upstairs,2341372203000,-2.03,7.82,0.5720546
349708,11,Upstairs,2341472453000,-1.46,10.61,-1.3075534
349709,11,Upstairs,2341522227000,-3.45,9.72,1.4165162
349710,11,Upstairs,2341572246000,-4.56,10.65,2.4516625
349711,11,Upstairs,2341622234000,-4.86,10.46,-0.42223078
349712,11,Upstairs,2341672221000,-3.57,10.08,6.4424243
349713,11,Upstairs,2341722240000,-6.4,8.92,-1.9204689999999998
349714,11,Upstairs,2341772227000,-9.72,11.92,-4.4810944
349715,11,Upstairs,2341772227000,-9.72,11.92,-4.4810944
349716,11,Upstairs,2341872234000,-5.9,4.9,2.9556155
349717,11,Upstairs,2341922252000,-4.4,1.76,0.040861044
349718,11,Upstairs,2341972209000,-0.8,4.21,5.8976107
349719,11,Upstairs,2342022227000,-0.04,3.17,7.1234417
349720,11,Upstairs,2342072246000,-4.25,1.18,9.915613
349721,11,Upstairs,2342122234000,-5.13,1.73,6.851035
349722,11,Upstairs,2342172221000,-12.98,12.57,9.575105
349723,11,Upstairs,2342222270000,-7.97,8.85,2.7240696
349724,11,Upstairs,2342272227000,-3.57,5.75,2.8330324
349725,11,Upstairs,2342322307000,-6.66,10.08,1.7570249
349726,11,Upstairs,2342372234000,-4.99,11.14,1.0351465
349727,11,Upstairs,2342372234000,-4.99,11.14,1.0351465
349728,11,Upstairs,2342472362000,0.42,7.59,-0.9942854
349729,11,Upstairs,2342522258000,-1.33,7.82,-4.440233
349730,11,Upstairs,2342572246000,-4.1,7.89,-1.4573771999999998
349731,11,Upstairs,2342622234000,-4.67,9.23,2.3699405
349732,11,Upstairs,2342672221000,-7.25,14.02,4.6036777
349733,11,Upstairs,2342722270000,-6.82,15.6,4.2495484
349735,11,Upstairs,2342772227000,-3.79,11.11,1.9204689999999998
349734,11,Upstairs,2342772227000,-3.79,11.11,1.9204689999999998
349736,11,Upstairs,2342872234000,-3.36,6.44,-3.4050870000000004
349737,11,Upstairs,2342922252000,-2.98,6.44,-2.4108016
349738,11,Upstairs,2342972240000,-5.48,7.35,1.1849703
349739,11,Upstairs,2343022227000,-8.12,10.0,4.2086873
349740,11,Upstairs,2343072246000,-0.84,14.25,-1.7570249
349741,11,Upstairs,2343122264000,-4.06,2.53,0.46309182
349742,11,Upstairs,2343172252000,-4.02,3.26,1.0351465
349743,11,Upstairs,2343172252000,-4.02,3.26,1.0351465
349744,11,Upstairs,2343222240000,-0.89,5.18,5.175732
349745,11,Upstairs,2343284801000,1.12,3.53,7.927042500000001
349746,11,Upstairs,2343342509000,-12.3,14.06,-1.0760075
349747,11,Upstairs,2343392131000,-7.7,12.79,1.9477096999999999
349748,11,Upstairs,2343442363000,-3.64,6.97,2.1111538
349749,11,Upstairs,2343492229000,-4.63,8.81,0.9942854
349750,11,Upstairs,2343542308000,-1.08,9.62,0.08172209
349751,11,Upstairs,2343592204000,-1.04,7.27,-2.3699405
349752,11,Upstairs,2343642314000,-1.95,6.24,-2.8738932999999998
349753,11,Upstairs,2343692241000,-4.71,7.78,-5.7886477
349754,11,Upstairs,2343742320000,-5.63,9.51,0.08172209
349755,11,Upstairs,2343792247000,-6.93,14.21,2.5606253
