,user,label,timestamp,x,y,z
355192,11,Upstairs,3027222301000,-0.69,9.66,-0.50395286
355193,11,Upstairs,3027272288000,-1.99,10.27,0.7627395
355194,11,Upstairs,3027322307000,-1.69,10.42,1.1849703
355195,11,Upstairs,3027372325000,-1.69,12.45,5.8976107
355196,11,Upstairs,3027422313000,0.5,10.92,2.3426998
355197,11,Upstairs,3027472301000,-1.5,13.21,-0.7218784
355198,11,Upstairs,3027522319000,-3.53,11.8,1.6889231
355199,11,Upstairs,3027572337000,-3.53,9.15,-0.6537767
355200,11,Upstairs,3027622295000,-3.45,7.67,-0.88532263
355201,11,Upstairs,3027672343000,-8.16,10.27,5.366417
355202,11,Upstairs,3027722270000,-3.45,8.39,-0.08172209
355203,11,Upstairs,3027772349000,1.08,8.31,0.040861044
355204,11,Upstairs,3027822307000,-0.11,7.74,2.4108016
355205,11,Upstairs,3027872325000,-2.64,8.2,2.7649305
355206,11,Upstairs,3027922343000,-2.07,9.38,4.3993720000000005
355207,11,Upstairs,3027972392000,-1.76,9.08,3.173541
355208,11,Upstairs,3028022288000,-2.45,11.75,3.1463002999999996
355209,11,Upstairs,3028072337000,-5.75,9.3,1.2666923
355210,11,Upstairs,3028122295000,-4.56,10.92,-0.84446156
355211,11,Upstairs,3028172374000,-0.34,7.82,0.19068487
355214,11,Upstairs,3028222301000,-1.33,10.27,-0.27240697
355212,11,Upstairs,3028222301000,-1.33,10.27,-0.27240697
355213,11,Upstairs,3028222301000,-1.33,10.27,-0.27240697
355215,11,Upstairs,3028372172000,-0.15,7.74,-1.525479
355216,11,Upstairs,3028422252000,-0.89,8.2,0.38136974
355217,11,Upstairs,3028472392000,-1.42,9.47,0.7627395
355218,11,Upstairs,3028522288000,-1.95,9.62,1.0760075
355219,11,Upstairs,3028572307000,-1.92,9.7,-0.040861044
355220,11,Upstairs,3028622295000,-0.89,12.49,8.730642999999999
355221,11,Upstairs,3028672343000,-1.57,11.75,2.152015
355222,11,Upstairs,3028722301000,-2.41,11.96,-0.6946376999999999
355223,11,Upstairs,3028772319000,-2.75,11.3,-1.8387468999999996
355224,11,Upstairs,3028822307000,-3.53,9.19,-1.4573771999999998
355225,11,Upstairs,3028872356000,-4.52,9.38,-0.7627395
355226,11,Upstairs,3028922404000,2.11,15.36,5.7886477
355227,11,Upstairs,3028972453000,0.27,12.34,0.08172209
355228,11,Upstairs,3029032298000,-2.18,4.02,0.50395286
355229,11,Upstairs,3029082255000,-2.72,3.49,2.7921712000000003
355230,11,Upstairs,3029132335000,-0.5,4.4,6.469665
355231,11,Upstairs,3029182506000,-2.11,7.46,9.343558
355232,11,Upstairs,3029232280000,-4.71,8.2,7.436710000000001
355233,11,Upstairs,3029282237000,-6.05,15.89,1.8387468999999996
355234,11,Upstairs,3029332347000,-1.61,14.18,1.6889231
355235,11,Upstairs,3029382243000,-2.18,7.74,1.607201
355236,11,Upstairs,3029432262000,-3.3,9.85,0.08172209
355237,11,Upstairs,3029482249000,-1.12,8.58,-0.29964766
355238,11,Upstairs,3029532359000,-1.57,8.16,0.38136974
355239,11,Upstairs,3029582286000,1.5,7.82,0.23154591
355240,11,Upstairs,3029632609000,2.15,6.78,-3.214402
355241,11,Upstairs,3029682231000,2.87,7.01,-6.2789803
355242,11,Upstairs,3029732341000,-0.04,9.11,-3.214402
355243,11,Upstairs,3029782268000,-1.99,13.87,0.10896278
355244,11,Upstairs,3029832378000,-3.41,19.53,1.5390993
355245,11,Upstairs,3029882243000,-1.92,15.75,-0.50395286
355246,11,Upstairs,3029932262000,-1.5,7.78,0.50395286
355247,11,Upstairs,3029982310000,-1.33,5.37,-0.42223078
355248,11,Upstairs,3030032329000,-1.8,6.78,-1.9885708
355249,11,Upstairs,3030082286000,-5.33,8.2,-1.1441092
355251,11,Upstairs,3030135326000,0.53,16.36,1.4165162
355250,11,Upstairs,3030135326000,0.53,16.36,1.4165162
355252,11,Upstairs,3030192241000,-6.13,4.99,-1.607201
355254,11,Upstairs,3030292277000,1.69,6.4,3.3778462
355253,11,Upstairs,3030292277000,1.69,6.4,3.3778462
355255,11,Upstairs,3030392314000,-6.85,15.05,-6.701211
355256,11,Upstairs,3030392314000,-6.85,15.05,-6.701211
355257,11,Upstairs,3030492290000,0.46,6.02,1.7570249
355258,11,Upstairs,3030492290000,0.46,6.02,1.7570249
355260,11,Upstairs,3030592265000,-1.88,7.21,-0.7627395
355259,11,Upstairs,3030592265000,-1.88,7.21,-0.7627395
355261,11,Upstairs,3030692271000,1.12,7.12,-8.962189
355262,11,Upstairs,3030692271000,1.12,7.12,-8.962189
355264,11,Upstairs,3030792277000,-0.57,13.29,0.8036005
355263,11,Upstairs,3030792277000,-0.57,13.29,0.8036005
355265,11,Upstairs,3030892314000,-2.53,18.05,1.6480621
355266,11,Upstairs,3030892314000,-2.53,18.05,1.6480621
355268,11,Upstairs,3030992259000,-0.89,4.02,0.95342433
355267,11,Upstairs,3030992259000,-0.89,4.02,0.95342433
355270,11,Upstairs,3031092296000,0.31,5.9,-1.3756552
355269,11,Upstairs,3031092296000,0.31,5.9,-1.3756552
355271,11,Upstairs,3031192271000,-1.69,13.33,-0.5720546
355272,11,Upstairs,3031192271000,-1.69,13.33,-0.5720546
355273,11,Upstairs,3031292277000,-4.82,10.73,1.2666923
355274,11,Upstairs,3031292277000,-4.82,10.73,1.2666923
355275,11,Upstairs,3031392314000,1.42,5.86,0.88532263
355276,11,Upstairs,3031392314000,1.42,5.86,0.88532263
355277,11,Upstairs,3031492229000,6.17,13.1,2.2201166000000003
355278,11,Upstairs,3031492229000,6.17,13.1,2.2201166000000003
355280,11,Upstairs,3031592235000,-2.22,7.59,0.50395286
355279,11,Upstairs,3031592235000,-2.22,7.59,0.50395286
355282,11,Upstairs,3031692241000,-0.3,7.74,-1.3756552
355281,11,Upstairs,3031692241000,-0.3,7.74,-1.3756552
355283,11,Upstairs,3031792308000,1.18,14.75,-2.7921712000000003
355284,11,Upstairs,3031792308000,1.18,14.75,-2.7921712000000003
355285,11,Upstairs,3031892253000,-1.23,16.59,1.1849703
355286,11,Upstairs,3031892253000,-1.23,16.59,1.1849703
355288,11,Upstairs,3031992808000,-0.61,4.86,-0.42223078
355287,11,Upstairs,3031992808000,-0.61,4.86,-0.42223078
355290,11,Upstairs,3032092326000,-2.18,7.01,-0.19068487
355289,11,Upstairs,3032092326000,-2.18,7.01,-0.19068487
355292,11,Upstairs,3032192302000,2.26,16.89,-2.5606253
355291,11,Upstairs,3032192302000,2.26,16.89,-2.5606253
355294,11,Upstairs,3032292308000,0.69,17.16,-2.1111538
355293,11,Upstairs,3032292308000,0.69,17.16,-2.1111538
355295,11,Upstairs,3032392284000,-1.31,4.6,0.38136974
355296,11,Upstairs,3032392284000,-1.31,4.6,0.38136974
355298,11,Upstairs,3032492290000,-0.89,2.45,0.6537767
355297,11,Upstairs,3032492290000,-0.89,2.45,0.6537767
355300,11,Upstairs,3032592265000,-4.06,18.66,-0.50395286
355299,11,Upstairs,3032592265000,-4.06,18.66,-0.50395286
355302,11,Upstairs,3032692271000,1.84,7.97,-3.2961242
355301,11,Upstairs,3032692271000,1.84,7.97,-3.2961242
355303,11,Upstairs,3032792308000,0.31,10.65,-0.9942854
355304,11,Upstairs,3032792308000,0.31,10.65,-0.9942854
355305,11,Upstairs,3032892284000,-3.98,17.77,1.2666923
355306,11,Upstairs,3032892284000,-3.98,17.77,1.2666923
355307,11,Upstairs,3032992259000,-1.5,7.12,0.46309182
355308,11,Upstairs,3032992259000,-1.5,7.12,0.46309182
355310,11,Upstairs,3033092265000,-2.56,8.12,-1.2666923
355309,11,Upstairs,3033092265000,-2.56,8.12,-1.2666923
355312,11,Upstairs,3033192302000,-3.41,9.34,1.1441092
355311,11,Upstairs,3033192302000,-3.41,9.34,1.1441092
355314,11,Upstairs,3033292308000,-3.45,3.45,-1.2258313
355313,11,Upstairs,3033292308000,-3.45,3.45,-1.2258313
355315,11,Upstairs,3033392345000,-0.04,12.07,0.3405087
355316,11,Upstairs,3033392345000,-0.04,12.07,0.3405087
355318,11,Upstairs,3033492412000,-3.57,14.21,-0.7627395
355317,11,Upstairs,3033492412000,-3.57,14.21,-0.7627395
355320,11,Upstairs,3033592296000,-0.04,4.29,0.38136974
355319,11,Upstairs,3033592296000,-0.04,4.29,0.38136974
355321,11,Upstairs,3033692302000,0.15,10.5,-2.5606253
355322,11,Upstairs,3033692302000,0.15,10.5,-2.5606253
355324,11,Upstairs,3033792308000,2.22,6.59,-2.8738932999999998
355323,11,Upstairs,3033792308000,2.22,6.59,-2.8738932999999998
355325,11,Upstairs,3033892345000,-2.11,14.14,-0.27240697
355326,11,Upstairs,3033892345000,-2.11,14.14,-0.27240697
355327,11,Upstairs,3033992259000,-3.02,16.04,2.2201166000000003
355329,11,Upstairs,3034093730000,-0.27,2.11,-0.38136974
355328,11,Upstairs,3034093730000,-0.27,2.11,-0.38136974
355330,11,Upstairs,3034142253000,-2.07,5.56,-1.334794
355331,11,Upstairs,3034142253000,-2.07,5.56,-1.334794
355332,11,Upstairs,3034242229000,-3.02,8.58,-0.9942854
355333,11,Upstairs,3034242229000,-3.02,8.58,-0.9942854
355334,11,Upstairs,3034342235000,0.89,14.94,-8.349273
355335,11,Upstairs,3034342235000,0.89,14.94,-8.349273
355336,11,Upstairs,3034442241000,-6.85,8.92,-1.3075534
355337,11,Upstairs,3034442241000,-6.85,8.92,-1.3075534
355339,11,Upstairs,3034542277000,3.45,11.5,-0.9125633
355338,11,Upstairs,3034542277000,3.45,11.5,-0.9125633
355341,11,Upstairs,3034642284000,-1.65,5.48,1.8796080000000002
355340,11,Upstairs,3034642284000,-1.65,5.48,1.8796080000000002
355342,11,Upstairs,3034742229000,-2.34,9.43,-1.525479
355343,11,Upstairs,3034742229000,-2.34,9.43,-1.525479
355344,11,Upstairs,3034842296000,1.92,6.55,-1.525479
355345,11,Upstairs,3034842296000,1.92,6.55,-1.525479
355347,11,Upstairs,3034942332000,0.5,9.81,-0.5720546
355346,11,Upstairs,3034942332000,0.5,9.81,-0.5720546
355348,11,Upstairs,3035042308000,-3.49,18.31,1.1849703
355349,11,Upstairs,3035042308000,-3.49,18.31,1.1849703
355351,11,Upstairs,3035142284000,-2.18,9.72,0.313268
355350,11,Upstairs,3035142284000,-2.18,9.72,0.313268
355352,11,Upstairs,3035192363000,-0.95,7.35,1.334794
355353,11,Upstairs,3035243144000,-0.57,5.75,-0.5720546
355354,11,Upstairs,3035303416000,-4.94,8.81,-3.2961242
355355,11,Upstairs,3035352885000,-4.75,7.59,0.10896278
355356,11,Upstairs,3035405742000,-4.63,6.05,2.9147543999999996
355357,11,Upstairs,3035462321000,-3.98,7.93,-1.0760075
355358,11,Upstairs,3035512309000,-2.6,7.59,-0.9125633
355359,11,Upstairs,3035562328000,-1.04,8.35,0.84446156
355360,11,Upstairs,3035612376000,0.93,8.85,1.1168685
355361,11,Upstairs,3035662303000,-2.56,9.3,0.46309182
355362,11,Upstairs,3035712291000,0.72,10.04,4.671779
355363,11,Upstairs,3035762340000,-5.6,13.48,8.076866
355364,11,Upstairs,3035812297000,-4.1,8.85,-0.8036005
355365,11,Upstairs,3035862346000,-2.87,13.33,-6.469665
355366,11,Upstairs,3035912669000,-2.87,8.39,1.0351465
355367,11,Upstairs,3035962382000,-3.98,10.31,0.53119355
355368,11,Upstairs,3036012309000,-2.14,10.46,-2.5333846
355369,11,Upstairs,3036062297000,0.04,7.7,-1.334794
355370,11,Upstairs,3036112315000,-0.27,7.27,0.42223078
355371,11,Upstairs,3036162303000,-0.34,9.15,-2.1111538
355372,11,Upstairs,3036212321000,-1.38,11.99,1.4982381999999999
355373,11,Upstairs,3036262340000,1.65,10.04,8.62168
355374,11,Upstairs,3036312297000,-0.5,9.96,2.3699405
355375,11,Upstairs,3036362315000,-2.07,12.26,-0.08172209
355376,11,Upstairs,3036412334000,-4.06,14.9,0.46309182
355377,11,Upstairs,3036462291000,-3.68,9.81,-1.4982381999999999
355378,11,Upstairs,3036512309000,-2.07,6.17,-0.29964766
355379,11,Upstairs,3036562297000,-4.67,9.19,-0.5720546
355380,11,Upstairs,3036612346000,-5.71,11.5,-0.29964766
355381,11,Upstairs,3036662334000,3.49,13.8,4.5628166
355382,11,Upstairs,3036712321000,-0.61,10.04,-1.9885708
355383,11,Upstairs,3036762309000,-2.37,3.6,-1.9885708
355384,11,Upstairs,3036812297000,-2.14,3.99,-0.3405087
355385,11,Upstairs,3036862346000,-1.65,16.93,1.3075534
355386,11,Upstairs,3036912486000,5.18,16.7,-0.46309182
355387,11,Upstairs,3036962443000,-4.37,15.7,-3.3642258999999997
355388,11,Upstairs,3037012309000,-1.04,5.63,1.9477096999999999
355389,11,Upstairs,3037062328000,-2.03,6.13,1.607201
355390,11,Upstairs,3037112315000,-3.11,9.62,-0.42223078
355391,11,Upstairs,3037162364000,-1.38,7.5,-2.9556155
