,user,label,timestamp,x,y,z
645182,12,Upstairs,19131643502000,-5.22,6.32,6.55
645184,12,Upstairs,19131643502000,-5.22,6.32,6.55
645179,12,Upstairs,19131643502000,-5.22,6.32,6.55
645183,12,Upstairs,19131643502000,-5.22,6.32,6.55
645185,12,Upstairs,19131921944000,4.63,19.42,7.89
645186,12,Upstairs,19131961617000,5.43,18.73,7.5
645187,12,Upstairs,19132003548000,0.57,8.89,-1.84
645188,12,Upstairs,19132084695000,-3.49,-6.09,-8.28
645189,12,Upstairs,19132121987000,-4.63,-5.79,-7.63
645190,12,Upstairs,19132161568000,-2.3,-6.93,-1.84
645191,12,Upstairs,19132241738000,0.95,19.19,3.02
645192,12,Upstairs,19132282418000,6.02,4.18,-0.08
645193,12,Upstairs,19132321542000,3.91,9.51,1.18
645194,12,Upstairs,19132361581000,5.75,19.42,1.5
645195,12,Upstairs,19132441659000,0.95,13.48,7.74
645196,12,Upstairs,19132484231000,-2.64,3.45,7.97
645197,12,Upstairs,19132521645000,-2.68,5.13,13.4
645198,12,Upstairs,19132561593000,-1.12,6.05,15.43
645199,12,Upstairs,19132641518000,2.07,15.66,-6.51
645200,12,Upstairs,19132681649000,-2.37,16.66,7.7
645201,12,Upstairs,19132740639000,1.53,17.92,1.65
645202,12,Upstairs,19132781655000,5.43,13.87,9.47
645203,12,Upstairs,19132821664000,4.82,12.22,2.41
645204,12,Upstairs,19132861703000,-3.57,0.8,-1.99
645205,12,Upstairs,19132941506000,-3.68,-5.82,-7.21
645206,12,Upstairs,19132981637000,-2.26,-0.84,-6.24
645207,12,Upstairs,19133021676000,-0.19,3.72,1.31
645208,12,Upstairs,19133061654000,-3.11,18.2,-2.64
645209,12,Upstairs,19133141518000,3.6,0.53,1.53
645210,12,Upstairs,19133183205000,2.91,12.26,4.67
645211,12,Upstairs,19133221474000,6.47,15.75,5.52
645212,12,Upstairs,19133261605000,6.28,12.79,3.3
645213,12,Upstairs,19133341531000,-3.68,14.44,7.21
645214,12,Upstairs,19133381753000,2.49,8.54,5.63
645215,12,Upstairs,19133421700000,0.95,3.06,7.25
645216,12,Upstairs,19133465615000,-3.45,7.08,10.88
645217,12,Upstairs,19133541695000,7.4,9.34,-2.68
645218,12,Upstairs,19133581673000,7.89,12.37,-5.22
645219,12,Upstairs,19133621529000,1.8,13.21,-4.48
645220,12,Upstairs,19133661660000,0.42,13.67,-2.87
645221,12,Upstairs,19133741708000,1.18,10.38,3.98
645222,12,Upstairs,19133781625000,2.26,8.31,-1.61
645223,12,Upstairs,19133821603000,1.14,6.66,-0.53
645224,12,Upstairs,19133861703000,-0.46,2.98,-1.33
645225,12,Upstairs,19133941567000,-1.57,-2.37,-1.23
645226,12,Upstairs,19133981667000,-1.65,0.8,0.99
645227,12,Upstairs,19134021828000,-5.79,11.37,12.37
645228,12,Upstairs,19134061654000,-1.08,12.22,-1.84
645229,12,Upstairs,19134101510000,4.59,15.43,-1.84
645230,12,Upstairs,19134192208000,2.72,9.34,-5.09
645231,12,Upstairs,19134231972000,3.06,12.91,-3.11
645232,12,Upstairs,19134271645000,1.04,7.63,-1.99
645233,12,Upstairs,19134311623000,-1.23,4.86,-2.22
645234,12,Upstairs,19134391488000,-5.86,4.44,-1.38
645235,12,Upstairs,19134432168000,-3.76,5.75,-1.69
645236,12,Upstairs,19134471627000,-0.69,10.12,-1.42
645237,12,Upstairs,19134511544000,4.86,15.47,1.8
645238,12,Upstairs,19134611855000,2.3,10.61,2.34
645239,12,Upstairs,19134611855000,2.3,10.61,2.34
645240,12,Upstairs,19134691567000,5.67,16.51,0.89
645241,12,Upstairs,19134771920000,-2.41,18.62,8.69
645242,12,Upstairs,19134771920000,-2.41,18.62,8.69
645243,12,Upstairs,19134811623000,3.15,18.77,3.76
645244,12,Upstairs,19134891793000,-0.69,10.23,-3.87
645245,12,Upstairs,19134932229000,-5.79,-5.33,-2.45
645246,12,Upstairs,19134971627000,-7.5,-3.91,-0.38
645247,12,Upstairs,19135011636000,-7.55,-5.67,-0.8
645248,12,Upstairs,19135091683000,-8.05,-0.99,5.24
645249,12,Upstairs,19135132272000,-8.31,11.07,9.3
645250,12,Upstairs,19135171548000,-3.68,10.34,-2.96
645251,12,Upstairs,19135211465000,-2.15,5.01,0.61
645252,12,Upstairs,19135291604000,-0.57,17.82,4.75
645253,12,Upstairs,19135332284000,5.48,8.43,3.21
645254,12,Upstairs,19135375588000,4.44,11.45,2.34
645255,12,Upstairs,19135415444000,-1.5,12.34,4.18
645256,12,Upstairs,19135491647000,4.63,14.14,6.09
645257,12,Upstairs,19135532174000,-0.95,3.6,3.41
645258,12,Upstairs,19135571847000,-7.82,11.14,8.92
645259,12,Upstairs,19135611550000,-7.06,4.06,16.63
645260,12,Upstairs,19135692147000,0.46,16.7,-5.56
645261,12,Upstairs,19135754555000,0.53,16.36,2.68
645262,12,Upstairs,19135791756000,2.64,17.43,10.38
645263,12,Upstairs,19135831643000,2.6,17.35,6.78
645264,12,Upstairs,19135874795000,-0.89,14.48,3.53
645265,12,Upstairs,19135991677000,-4.82,-7.25,-0.38
645266,12,Upstairs,19135991677000,-4.82,-7.25,-0.38
645267,12,Upstairs,19136048440000,-0.27,-2.34,-6.7
645268,12,Upstairs,19136091866000,-5.79,3.6,9.15
645269,12,Upstairs,19136091866000,-5.79,15.89,0.23
645270,12,Upstairs,19136193551000,0.95,7.55,-2.26
645271,12,Upstairs,19136238473000,4.02,14.9,4.67
645272,12,Upstairs,19136274483000,2.98,14.37,1.61
645273,12,Upstairs,19136311715000,1.53,10.84,-0.34
645279,12,Upstairs,19136392190000,-0.19,17.5,4.9
645278,12,Upstairs,19136392190000,-0.19,17.5,4.9
645277,12,Upstairs,19136392190000,-0.19,17.5,4.9
645276,12,Upstairs,19136392190000,-0.19,17.5,4.9
645275,12,Upstairs,19136392190000,-0.19,17.5,4.9
645274,12,Upstairs,19136392190000,-0.19,17.5,4.9
645280,12,Upstairs,19136691994000,-0.46,15.02,-1.69
645281,12,Upstairs,19136732522000,-3.11,18.7,11.95
645282,12,Upstairs,19136775155000,-5.94,16.13,7.01
645283,12,Upstairs,19136821420000,2.96,18.7,7.04
645285,12,Upstairs,19137021645000,-3.15,-2.07,-9.3
645286,12,Upstairs,19137021645000,-3.15,-2.07,-9.3
645287,12,Upstairs,19137021645000,-3.15,-2.07,-9.3
645288,12,Upstairs,19137021645000,-3.15,-2.07,-9.3
645284,12,Upstairs,19137021645000,-3.15,-2.07,-9.3
645289,12,Upstairs,19137141488000,-0.53,16.97,0.61
645290,12,Upstairs,19137141488000,-0.53,16.97,0.61
645291,12,Upstairs,19137230386000,5.82,0.89,2.03
645292,12,Upstairs,19137272286000,1.38,14.33,3.6
645293,12,Upstairs,19137311410000,1.33,13.67,4.48
645294,12,Upstairs,19137391457000,-9.23,6.28,-4.86
645295,12,Upstairs,19137431313000,4.99,8.62,5.37
645296,12,Upstairs,19137481606000,-4.4,7.7,1.69
645297,12,Upstairs,19137521462000,-11.14,10.8,0.89
645298,12,Upstairs,19137561471000,-5.05,8.35,13.1
645299,12,Upstairs,19137611977000,3.02,3.6,0.57
645300,12,Upstairs,19137691476000,-1.57,14.14,-4.63
645301,12,Upstairs,19137733956000,-2.83,10.08,-1.76
645302,12,Upstairs,19137771615000,-1.88,12.49,8.08
645303,12,Upstairs,19137811501000,1.18,10.27,1.84
645304,12,Upstairs,19137891518000,1.38,4.9,-0.8
645305,12,Upstairs,19137932168000,-0.65,1.84,-3.79
645306,12,Upstairs,19137971474000,-2.15,0.11,-2.49
645307,12,Upstairs,19138011422000,-3.15,-0.61,-0.76
645308,12,Upstairs,19138091744000,-7.01,10.99,14.48
645309,12,Upstairs,19138131509000,-1.92,6.93,13.02
645310,12,Upstairs,19138171639000,-5.9,12.53,10.42
645311,12,Upstairs,19138211526000,-4.21,8.43,-3.45
645312,12,Upstairs,19138291543000,-1.31,15.6,-4.99
645313,12,Upstairs,19138331643000,-0.27,18.01,-4.14
645314,12,Upstairs,19138371529000,-2.91,9.89,0.08
645315,12,Upstairs,19138411538000,-0.76,8.69,3.76
645316,12,Upstairs,19138493722000,-3.34,10.88,3.64
645317,12,Upstairs,19138532174000,0.08,5.56,1.95
645318,12,Upstairs,19138571694000,2.45,5.24,2.26
645319,12,Upstairs,19138621438000,-0.69,6.4,1.08
645320,12,Upstairs,19138661599000,-4.75,5.24,-1.12
645321,12,Upstairs,19138741647000,2.37,16.7,-1.46
645322,12,Upstairs,19138781564000,3.26,15.36,-4.82
645323,12,Upstairs,19138833901000,5.09,12.34,-0.5
645324,12,Upstairs,19138872170000,-3.87,12.18,2.34
645325,12,Upstairs,19138911507000,-6.32,10.76,3.57
645326,12,Upstairs,19138994241000,-0.99,15.21,0.76
645327,12,Upstairs,19139032326000,-4.1,16.21,5.33
645328,12,Upstairs,19139071664000,-5.56,15.28,5.86
645329,12,Upstairs,19139111550000,-1.61,17.5,-2.34
645330,12,Upstairs,19139191598000,8.54,7.16,-2.34
645331,12,Upstairs,19139232278000,-0.95,4.63,-6.66
645332,12,Upstairs,19139271645000,-5.71,-6.24,-5.79
645333,12,Upstairs,19139311501000,-4.71,-10.19,-0.84
645334,12,Upstairs,19139391518000,-5.98,0.46,13.14
645335,12,Upstairs,19139432259000,-10.57,14.63,15.32
645336,12,Upstairs,19139471444000,-11.75,0.57,0.19
645337,12,Upstairs,19139511636000,-2.98,-2.53,3.53
645338,12,Upstairs,19139591744000,-3.57,9.11,-0.57
645339,12,Upstairs,19139632149000,-2.3,11.73,-1.38
645340,12,Upstairs,19139671517000,0.19,13.76,-0.04
645341,12,Upstairs,19139711526000,1.42,10.69,4.06
645342,12,Upstairs,19139791604000,-0.46,6.47,0.76
645343,12,Upstairs,19139831612000,-3.38,7.44,3.76
645344,12,Upstairs,19139871468000,-2.68,8.96,4.33
645345,12,Upstairs,19139911629000,3.26,16.04,0.65
645346,12,Upstairs,19139991647000,-6.44,14.18,2.14
645347,12,Upstairs,19140032998000,-7.16,10.27,11.14
645348,12,Upstairs,19140071572000,-2.41,12.15,8.35
645349,12,Upstairs,19140112374000,-0.08,6.97,6.85
645350,12,Upstairs,19140191598000,-2.37,13.38,-1.99
645351,12,Upstairs,19140232186000,-8.08,17.47,2.64
645352,12,Upstairs,19140271798000,-7.44,17.43,11.5
645353,12,Upstairs,19140311593000,1.04,15.47,4.52
645354,12,Upstairs,19140391579000,-1.88,7.78,0.76
645355,12,Upstairs,19140431649000,-5.67,-7.16,-2.07
645356,12,Upstairs,19140471505000,-3.95,-11.22,-4.44
645357,12,Upstairs,19140511544000,-0.84,-2.56,-5.79
645358,12,Upstairs,19140591622000,-1.84,3.3,-0.11
645359,12,Upstairs,19140632302000,-6.93,17.24,4.59
645360,12,Upstairs,19140671517000,3.6,10.8,-0.27
645361,12,Upstairs,19140711495000,4.37,3.17,0.99
645362,12,Upstairs,19140791512000,4.02,15.66,2.6
645363,12,Upstairs,19140832192000,0.15,15.36,3.3
645364,12,Upstairs,19140872018000,-4.4,15.7,5.75
645365,12,Upstairs,19140911965000,-7.01,14.25,4.82
645366,12,Upstairs,19140991616000,-3.91,4.21,5.43
645367,12,Upstairs,19141032296000,-5.13,4.94,10.38
645368,12,Upstairs,19141071542000,2.72,8.24,5.2
645369,12,Upstairs,19141111520000,1.99,12.26,-1.57
645370,12,Upstairs,19141191506000,-5.75,15.13,-2.79
645371,12,Upstairs,19141232186000,-8.16,11.22,3.79
645372,12,Upstairs,19141271645000,-2.79,12.53,11.75
645373,12,Upstairs,19141311471000,-0.08,8.73,-2.96
645374,12,Upstairs,19141391488000,-3.79,0.76,0.3
645375,12,Upstairs,19141431496000,-3.91,-2.68,0.19
645376,12,Upstairs,19141471505000,-2.64,-3.53,2.34
645377,12,Upstairs,19141511391000,-2.53,2.56,9.89
645378,12,Upstairs,19141591439000,0.53,6.66,3.34
645379,12,Upstairs,19141631509000,-2.96,2.34,4.79
645380,12,Upstairs,19141671517000,-3.45,10.38,4.14
