,user,label,timestamp,x,y,z
132484,13,Upstairs,3373042277000,0.04,9.34,1.607201
132485,13,Upstairs,3373092235000,1.31,9.43,0.95342433
132486,13,Upstairs,3373142314000,0.61,9.15,0.84446156
132487,13,Upstairs,3373192241000,-1.38,9.23,1.334794
132488,13,Upstairs,3373242259000,-0.61,9.62,0.92618364
132489,13,Upstairs,3373292247000,-0.11,9.43,0.23154591
132490,13,Upstairs,3373342265000,-0.46,9.89,0.5720546
132491,13,Upstairs,3373392223000,-0.84,10.19,0.27240697
132492,13,Upstairs,3373442271000,-0.99,11.96,0.38136974
132493,13,Upstairs,3373492198000,0.19,13.29,-0.3405087
132494,13,Upstairs,3373542277000,-1.61,10.65,-1.56634
132495,13,Upstairs,3373592204000,-1.42,11.69,1.9477096999999999
132496,13,Upstairs,3373642284000,0.34,12.07,2.9556155
132497,13,Upstairs,3373692210000,-2.41,9.96,-1.0760075
132498,13,Upstairs,3373742290000,-2.37,10.08,1.2666923
132499,13,Upstairs,3373792216000,-0.15,11.6,2.152015
132500,13,Upstairs,3373842265000,0.46,10.15,2.2201166000000003
132501,13,Upstairs,3373892223000,0.04,10.5,3.173541
132502,13,Upstairs,3373942271000,-0.19,9.08,2.9556155
132503,13,Upstairs,3373992229000,0.61,7.06,3.8681788
132504,13,Upstairs,3374042277000,-0.84,5.33,3.1463002999999996
132505,13,Upstairs,3374092235000,-0.95,3.99,4.3312707
132506,13,Upstairs,3374142284000,-0.38,3.79,4.671779
132507,13,Upstairs,3374192210000,-0.89,3.79,4.7126402999999994
132508,13,Upstairs,3374242320000,0.34,5.56,7.082580999999999
132509,13,Upstairs,3374292216000,-0.76,7.7,6.891896000000001
132510,13,Upstairs,3374342296000,-2.56,9.53,6.973617999999999
132511,13,Upstairs,3374392223000,-0.04,12.49,5.012288
132512,13,Upstairs,3374442241000,-0.15,7.06,1.4573771999999998
132513,13,Upstairs,3374492198000,0.53,12.79,3.4868089999999996
132514,13,Upstairs,3374542277000,-0.42,9.43,2.4516625
132515,13,Upstairs,3374592265000,-0.72,9.04,2.1111538
132516,13,Upstairs,3374642284000,-1.18,9.72,1.7978859
132517,13,Upstairs,3374692302000,-0.46,9.47,1.8796080000000002
132518,13,Upstairs,3374742259000,0.93,9.47,1.7297841
132519,13,Upstairs,3374792216000,1.5,9.3,0.6537767
132520,13,Upstairs,3374842265000,0.27,8.28,-0.29964766
132521,13,Upstairs,3374892253000,-2.37,9.19,0.50395286
132522,13,Upstairs,3374942271000,-1.38,9.47,0.88532263
132523,13,Upstairs,3374992198000,-0.5,9.3,-0.8036005
132524,13,Upstairs,3375042308000,-0.76,10.08,0.3405087
132525,13,Upstairs,3375092326000,0.93,11.11,-0.19068487
132526,13,Upstairs,3375092326000,0.93,11.11,-0.19068487
132527,13,Upstairs,3375192271000,-0.89,11.37,0.10896278
132528,13,Upstairs,3375242290000,0.0,11.96,0.38136974
132529,13,Upstairs,3375242290000,0.0,11.96,0.38136974
132530,13,Upstairs,3375302287000,-1.69,11.69,0.7218784
132531,13,Upstairs,3375352244000,-1.23,11.14,0.10896278
132532,13,Upstairs,3375402263000,0.34,11.65,-2.982856
132533,13,Upstairs,3375452220000,-0.53,10.57,-1.525479
132534,13,Upstairs,3375502238000,0.38,9.81,1.3756552
132535,13,Upstairs,3375552226000,-0.04,10.84,0.08172209
132536,13,Upstairs,3375602244000,-0.99,7.35,-0.88532263
132537,13,Upstairs,3375652232000,-1.27,7.46,0.23154591
132538,13,Upstairs,3375702281000,-0.46,8.31,1.9204689999999998
132539,13,Upstairs,3375752208000,-0.38,7.21,2.3699405
132540,13,Upstairs,3375802287000,-0.11,9.15,3.6366330000000002
132541,13,Upstairs,3375852214000,1.42,12.49,5.625203599999999
132542,13,Upstairs,3375902263000,-0.27,10.84,4.372132
132543,13,Upstairs,3375952220000,-0.04,9.08,0.92618364
132544,13,Upstairs,3376002269000,-3.11,9.43,2.9147543999999996
132545,13,Upstairs,3376002269000,-3.11,9.43,2.9147543999999996
132546,13,Upstairs,3376152202000,1.14,13.1,-0.42223078
132547,13,Upstairs,3376152202000,1.14,13.1,-0.42223078
132548,13,Upstairs,3376202373000,-1.08,9.72,1.0351465
132549,13,Upstairs,3376252299000,-1.18,9.28,0.61291564
132550,13,Upstairs,3376302257000,0.38,10.12,1.0760075
132551,13,Upstairs,3376352214000,0.53,9.51,-0.46309182
132552,13,Upstairs,3376402263000,-2.18,9.72,-0.42223078
132553,13,Upstairs,3376452281000,-1.76,9.43,-0.23154591
132554,13,Upstairs,3376502238000,-1.38,9.7,0.19068487
132555,13,Upstairs,3376552257000,-1.04,9.51,0.14982383
132556,13,Upstairs,3376602244000,-0.15,9.7,-0.040861044
132557,13,Upstairs,3376652202000,0.27,10.65,-0.3405087
132558,13,Upstairs,3376702251000,0.42,10.84,1.0760075
132559,13,Upstairs,3376752208000,1.18,12.72,0.84446156
132560,13,Upstairs,3376802257000,-0.04,11.18,0.19068487
132561,13,Upstairs,3376852214000,-3.95,11.3,1.334794
132562,13,Upstairs,3376902232000,-0.19,12.95,-0.95342433
132563,13,Upstairs,3376952251000,-1.04,13.02,-0.27240697
132564,13,Upstairs,3377002269000,-0.57,10.76,0.61291564
132565,13,Upstairs,3377052257000,0.27,13.38,3.0237172
132566,13,Upstairs,3377102244000,0.11,9.51,1.3756552
132567,13,Upstairs,3377152202000,2.6,11.6,3.6366330000000002
132568,13,Upstairs,3377202251000,-3.34,5.24,2.6014863999999998
132569,13,Upstairs,3377252269000,-2.56,4.52,4.630918
132570,13,Upstairs,3377302257000,-0.89,4.63,4.7126402999999994
132571,13,Upstairs,3377352244000,-1.18,3.68,5.284695
132572,13,Upstairs,3377402232000,-1.88,4.18,5.5162406
132573,13,Upstairs,3377452251000,-1.33,4.63,6.0201936
132574,13,Upstairs,3377502238000,-0.8,5.71,7.3549875999999985
132575,13,Upstairs,3377552257000,-1.5,8.24,10.119919
132576,13,Upstairs,3377602244000,-3.6,7.06,6.0474343
132577,13,Upstairs,3377652202000,-0.84,10.53,5.1348709999999995
132578,13,Upstairs,3377702251000,-1.18,8.77,3.173541
132579,13,Upstairs,3377752238000,-0.72,9.66,2.8330324
132580,13,Upstairs,3377802257000,0.11,11.35,2.9147543999999996
132581,13,Upstairs,3377852244000,0.15,9.43,2.7240696
132582,13,Upstairs,3377902232000,-1.5,9.08,2.2609777
132583,13,Upstairs,3377952251000,-0.76,9.34,1.5390993
132584,13,Upstairs,3378002269000,2.3,10.23,1.1441092
132585,13,Upstairs,3378052257000,1.14,10.34,2.152015
132586,13,Upstairs,3378102244000,-0.38,8.96,1.0760075
132587,13,Upstairs,3378152202000,0.23,9.72,1.1168685
132588,13,Upstairs,3378202251000,-0.69,8.89,1.1849703
132589,13,Upstairs,3378252208000,-0.8,9.81,0.95342433
132590,13,Upstairs,3378302257000,-0.76,9.28,1.0351465
132591,13,Upstairs,3378352214000,-0.08,10.0,0.84446156
132592,13,Upstairs,3378402232000,-0.04,11.07,1.2666923
132593,13,Upstairs,3378452251000,-0.19,12.79,-0.95342433
132594,13,Upstairs,3378502269000,-2.11,12.03,-1.9885708
132595,13,Upstairs,3378552226000,-1.61,11.35,0.9942854
132596,13,Upstairs,3378602244000,-0.72,11.26,3.1054392
132597,13,Upstairs,3378652202000,-1.38,11.73,1.607201
132598,13,Upstairs,3378702251000,-3.6,9.58,-1.6480621
132599,13,Upstairs,3378752238000,-2.56,9.66,2.2609777
132600,13,Upstairs,3378802287000,1.33,11.6,3.4459480000000005
132601,13,Upstairs,3378852214000,0.34,10.92,3.1463002999999996
132602,13,Upstairs,3378902232000,-0.61,8.58,3.336985
132603,13,Upstairs,3378952251000,-0.34,8.43,4.140586
132604,13,Upstairs,3379002238000,-0.84,6.4,4.3312707
132605,13,Upstairs,3379052226000,-0.69,4.94,4.0588636
132606,13,Upstairs,3379102275000,-1.38,3.49,4.3312707
132607,13,Upstairs,3379152232000,-1.27,4.25,5.597963
132608,13,Upstairs,3379202281000,-2.68,3.87,5.366417
132609,13,Upstairs,3379252238000,-2.6,4.21,6.5922484
132610,13,Upstairs,3379302287000,-1.5,4.52,7.246025
132611,13,Upstairs,3379352275000,-0.19,7.01,8.962189
132612,13,Upstairs,3379402263000,-3.26,7.82,8.471855999999999
132613,13,Upstairs,3379452251000,0.11,9.04,5.5571017
132614,13,Upstairs,3379502238000,-0.38,8.77,3.0645783
132615,13,Upstairs,3379552257000,-0.84,10.84,2.7240696
132616,13,Upstairs,3379602244000,-0.38,9.3,2.7921712000000003
132617,13,Upstairs,3379652202000,0.76,11.37,3.2552630000000002
132618,13,Upstairs,3379702251000,-0.3,9.15,2.070293
132619,13,Upstairs,3379752238000,-1.08,8.77,1.9477096999999999
132620,13,Upstairs,3379802287000,0.61,10.23,1.8387468999999996
132621,13,Upstairs,3379852244000,1.31,10.04,1.8796080000000002
132622,13,Upstairs,3379902263000,0.53,9.62,1.56634
132623,13,Upstairs,3379952251000,-0.46,8.85,1.4165162
132624,13,Upstairs,3380002238000,-0.46,9.43,1.4573771999999998
132625,13,Upstairs,3380052226000,0.15,8.92,0.7218784
132626,13,Upstairs,3380102244000,-1.84,9.51,1.2666923
132627,13,Upstairs,3380152232000,-0.53,9.7,0.84446156
132628,13,Upstairs,3380202251000,-0.8,10.92,0.5720546
132629,13,Upstairs,3380252940000,-0.04,12.26,0.38136974
132630,13,Upstairs,3380302226000,0.0,12.95,-1.9477096999999999
132631,13,Upstairs,3380352244000,-4.1,11.18,-0.040861044
132632,13,Upstairs,3380402202000,-0.72,11.84,3.2961242
132633,13,Upstairs,3380452251000,-0.61,11.99,2.9556155
132634,13,Upstairs,3380502208000,-3.41,9.92,-1.0351465
132635,13,Upstairs,3380552257000,-2.75,9.72,1.56634
132636,13,Upstairs,3380602244000,0.69,10.5,2.5606253
132637,13,Upstairs,3380652232000,-0.04,11.07,3.6366330000000002
132638,13,Upstairs,3380702251000,-0.34,8.69,2.4925237
132639,13,Upstairs,3380752238000,-0.04,9.11,4.372132
132640,13,Upstairs,3380802257000,-0.57,6.02,3.4050870000000004
132641,13,Upstairs,3380852244000,-0.61,4.86,3.7183550000000003
132642,13,Upstairs,3380902232000,-1.33,3.57,5.09401
132643,13,Upstairs,3380952251000,-0.53,3.45,4.630918
132644,13,Upstairs,3381002208000,-0.11,3.34,4.2086873
132645,13,Upstairs,3381052257000,-0.19,4.06,7.7772183
132646,13,Upstairs,3381102244000,-0.61,13.21,6.973617999999999
132647,13,Upstairs,3381152263000,-1.27,12.18,5.325556
132648,13,Upstairs,3381202220000,-2.3,4.25,0.46309182
132649,13,Upstairs,3381252330000,-1.04,14.33,4.3312707
132650,13,Upstairs,3381302257000,0.0,9.85,2.7921712000000003
132651,13,Upstairs,3381352214000,-0.15,7.82,1.2258313
132652,13,Upstairs,3381402232000,-0.8,9.77,1.3075534
132653,13,Upstairs,3381452251000,0.53,10.61,1.5390993
132654,13,Upstairs,3381502238000,0.95,10.04,1.56634
132655,13,Upstairs,3381552226000,0.57,9.77,0.8036005
132656,13,Upstairs,3381602244000,0.84,9.23,0.95342433
132657,13,Upstairs,3381652202000,-0.65,9.51,1.4573771999999998
132658,13,Upstairs,3381702251000,-0.15,9.23,1.0760075
132659,13,Upstairs,3381752208000,-0.99,9.11,0.6946376999999999
132660,13,Upstairs,3381802257000,0.04,10.34,0.7218784
132661,13,Upstairs,3381852214000,-0.95,10.57,0.6946376999999999
132662,13,Upstairs,3381902232000,-1.08,11.41,-0.38136974
132663,13,Upstairs,3381952220000,0.27,13.33,-0.84446156
132664,13,Upstairs,3382002269000,-2.18,11.26,-1.1849703
132666,13,Upstairs,3382052257000,-2.6,10.84,1.4165162
132665,13,Upstairs,3382052257000,-2.6,10.84,1.4165162
132667,13,Upstairs,3382202220000,-4.25,9.51,-0.14982383
132668,13,Upstairs,3382202220000,-4.25,9.51,-0.14982383
132669,13,Upstairs,3382252360000,-2.03,10.15,2.6832085
132670,13,Upstairs,3382302226000,0.46,9.96,2.3018389
132671,13,Upstairs,3382352244000,-0.27,9.92,2.7649305
132672,13,Upstairs,3382402232000,-0.15,9.23,3.4868089999999996
132673,13,Upstairs,3382452251000,-0.11,8.81,4.099725
132674,13,Upstairs,3382502238000,-1.04,6.55,4.1814466
132675,13,Upstairs,3382552257000,-0.27,6.55,4.4810944
132676,13,Upstairs,3382602214000,-0.61,4.29,4.5628166
132677,13,Upstairs,3382652263000,-1.31,4.21,5.012288
132678,13,Upstairs,3382702251000,-1.14,3.68,4.8216033
132679,13,Upstairs,3382752269000,-1.18,3.91,5.5162406
132680,13,Upstairs,3382802226000,1.33,7.93,9.724928
132681,13,Upstairs,3382852244000,-4.63,7.55,5.407278
132682,13,Upstairs,3382902263000,2.96,13.48,4.7126402999999994
132683,13,Upstairs,3382952220000,-1.14,8.43,3.214402
