,user,label,timestamp,x,y,z
562217,14,Upstairs,58084342297000,4.1,1.23,0.27
562218,14,Upstairs,58084392315000,3.26,9.08,0.31
562219,14,Upstairs,58084442303000,9.0,11.18,-2.45
562220,14,Upstairs,58084492321000,9.38,7.55,-2.37
562221,14,Upstairs,58084542309000,8.69,4.75,-2.96
562222,14,Upstairs,58084542309000,8.69,4.75,-2.96
562223,14,Upstairs,58084612347000,9.66,3.41,-1.88
562224,14,Upstairs,58084662304000,7.89,4.02,-1.27
562225,14,Upstairs,58084712322000,7.63,5.86,-1.8
562226,14,Upstairs,58084762341000,7.35,6.97,-1.08
562227,14,Upstairs,58084812328000,7.21,7.55,-2.07
562228,14,Upstairs,58084862377000,7.78,8.2,-2.98
562229,14,Upstairs,58084912334000,9.66,10.08,-3.02
562230,14,Upstairs,58084962353000,12.34,9.15,-0.04
562231,14,Upstairs,58085012341000,13.21,7.08,7.67
562232,14,Upstairs,58085062328000,9.89,11.73,1.61
562233,14,Upstairs,58085112347000,7.86,7.5,-5.98
562234,14,Upstairs,58085162365000,12.83,7.59,-2.18
562235,14,Upstairs,58085212322000,6.36,8.01,0.46
562236,14,Upstairs,58085262341000,8.58,5.18,0.19
562237,14,Upstairs,58085312328000,8.31,3.79,0.15
562238,14,Upstairs,58085362347000,5.48,4.48,-0.34
562239,14,Upstairs,58085412334000,1.38,3.87,1.27
562240,14,Upstairs,58085462322000,2.68,2.11,2.76
562241,14,Upstairs,58085512371000,4.67,-0.53,2.3
562242,14,Upstairs,58085562328000,3.76,-0.38,1.33
562243,14,Upstairs,58085612347000,14.18,-2.91,7.74
562244,14,Upstairs,58085662334000,14.29,11.5,0.61
562245,14,Upstairs,58085712322000,4.63,0.38,1.14
562246,14,Upstairs,58085762341000,6.09,5.18,0.38
562247,14,Upstairs,58085812328000,9.15,12.49,-1.12
562248,14,Upstairs,58085862347000,8.58,6.78,-1.23
562249,14,Upstairs,58085912334000,6.93,4.71,-2.87
562250,14,Upstairs,58085962322000,9.62,5.05,-4.25
562251,14,Upstairs,58086012249000,8.96,6.28,-3.72
562252,14,Upstairs,58086062328000,7.89,6.32,-1.73
562253,14,Upstairs,58086112347000,8.01,4.14,-4.18
562254,14,Upstairs,58086162334000,9.15,4.4,-6.21
562255,14,Upstairs,58086212322000,7.55,5.56,-2.56
562256,14,Upstairs,58086262310000,6.93,6.13,-2.34
562257,14,Upstairs,58086312328000,8.16,5.63,-2.68
562258,14,Upstairs,58086362347000,9.77,4.86,-2.79
562259,14,Upstairs,58086412334000,11.41,5.18,-2.64
562260,14,Upstairs,58086462322000,12.26,7.21,-0.95
562261,14,Upstairs,58086512341000,10.12,13.38,11.92
562262,14,Upstairs,58086562328000,6.74,12.45,-1.04
562263,14,Upstairs,58086612347000,11.54,16.13,2.18
562264,14,Upstairs,58086662334000,10.65,12.91,-3.34
562265,14,Upstairs,58086712322000,8.24,8.54,0.31
562266,14,Upstairs,58086762341000,7.74,3.87,-0.19
562267,14,Upstairs,58086812328000,3.83,3.17,-2.3
562268,14,Upstairs,58086862377000,-0.34,1.38,-1.31
562269,14,Upstairs,58086912334000,3.6,-0.57,-1.23
562270,14,Upstairs,58086962322000,3.68,2.6,0.34
562271,14,Upstairs,58087012249000,10.5,10.69,1.65
562272,14,Upstairs,58087062328000,17.43,10.04,2.6
562273,14,Upstairs,58087112347000,2.41,4.29,-1.04
562274,14,Upstairs,58087162334000,3.53,8.31,-1.69
562275,14,Upstairs,58087212353000,8.16,10.65,-3.72
562276,14,Upstairs,58087282330000,9.08,6.93,-4.44
562277,14,Upstairs,58087332287000,10.04,2.45,-2.75
562278,14,Upstairs,58087382397000,9.34,1.65,-1.61
562279,14,Upstairs,58087432293000,9.85,3.11,-1.61
562280,14,Upstairs,58087482647000,9.08,5.98,0.23
562281,14,Upstairs,58087532360000,7.97,6.97,-1.14
562282,14,Upstairs,58087582378000,8.66,9.51,-3.21
562283,14,Upstairs,58087632336000,10.0,10.8,-3.53
562284,14,Upstairs,58087682354000,11.54,10.27,-2.91
562285,14,Upstairs,58087732372000,12.15,7.93,12.53
562286,14,Upstairs,58087782360000,9.15,10.95,0.04
562287,14,Upstairs,58087832348000,9.53,6.59,-3.34
562288,14,Upstairs,58087882366000,10.57,7.16,-3.76
562289,14,Upstairs,58087932324000,6.47,6.21,0.38
562290,14,Upstairs,58087982311000,8.24,3.6,-0.61
562291,14,Upstairs,58088032330000,6.13,3.68,-1.95
562292,14,Upstairs,58088082348000,1.33,4.75,-2.07
562293,14,Upstairs,58088132336000,-1.65,4.52,-1.76
562294,14,Upstairs,58088182324000,3.34,1.95,-1.04
562295,14,Upstairs,58088232342000,15.43,5.67,2.22
562296,14,Upstairs,58088282330000,14.37,9.89,6.17
562297,14,Upstairs,58088332348000,1.14,3.34,-0.23
562298,14,Upstairs,58088382366000,6.21,8.89,-2.18
562299,14,Upstairs,58088432324000,9.58,10.31,-2.64
562300,14,Upstairs,58088482311000,7.89,6.21,-3.57
562301,14,Upstairs,58088532330000,9.38,4.48,-1.76
562302,14,Upstairs,58088582348000,8.54,1.65,-0.34
562303,14,Upstairs,58088632336000,8.92,2.87,1.23
562304,14,Upstairs,58088682324000,9.66,5.22,-1.5
562305,14,Upstairs,58088732342000,7.93,5.28,-1.69
562306,14,Upstairs,58088782330000,7.44,7.27,-3.68
562307,14,Upstairs,58088832348000,8.31,10.34,-4.94
562308,14,Upstairs,58088882336000,11.18,12.34,-3.79
562309,14,Upstairs,58088932354000,11.56,13.14,-2.22
562310,14,Upstairs,58088982647000,9.08,6.36,11.22
562311,14,Upstairs,58089032330000,10.04,10.61,-1.31
562312,14,Upstairs,58089082348000,9.96,5.48,-4.79
562313,14,Upstairs,58089132336000,11.8,6.24,-1.61
562314,14,Upstairs,58089182324000,6.51,8.08,-1.31
562315,14,Upstairs,58089232342000,7.16,5.28,-0.42
562316,14,Upstairs,58089282330000,3.38,4.52,-1.57
562317,14,Upstairs,58089332348000,1.12,3.6,-2.53
562318,14,Upstairs,58089382336000,-0.57,4.82,-3.45
562319,14,Upstairs,58089432324000,3.79,4.14,-0.8
562320,14,Upstairs,58089482311000,18.58,11.18,0.8
562321,14,Upstairs,58089532330000,9.19,6.97,4.79
562322,14,Upstairs,58089582348000,2.03,5.52,-1.46
562323,14,Upstairs,58089632336000,7.25,7.86,-2.49
562324,14,Upstairs,58089682324000,10.95,7.25,-3.45
562325,14,Upstairs,58089732342000,7.97,4.99,-2.87
562326,14,Upstairs,58089782360000,8.5,3.45,-1.53
562327,14,Upstairs,58089832348000,7.63,2.87,-0.61
562328,14,Upstairs,58089882336000,9.08,5.6,0.08
562329,14,Upstairs,58089932324000,8.85,6.28,-0.69
562330,14,Upstairs,58089982311000,8.35,6.7,-2.14
562331,14,Upstairs,58090032330000,8.92,8.77,-3.06
562332,14,Upstairs,58090082348000,9.89,10.92,-5.05
562333,14,Upstairs,58090132336000,11.37,10.53,-3.06
562334,14,Upstairs,58090182324000,12.45,7.44,14.63
562335,14,Upstairs,58090232342000,9.0,9.81,-1.99
562336,14,Upstairs,58090282269000,10.8,6.05,-3.11
562337,14,Upstairs,58090332348000,10.27,6.17,-3.26
562338,14,Upstairs,58090382366000,9.04,6.36,0.69
562339,14,Upstairs,58090432354000,7.78,6.02,-1.38
562340,14,Upstairs,58090482647000,2.26,4.44,-2.96
562341,14,Upstairs,58090532330000,-0.34,4.33,-1.8
562342,14,Upstairs,58090582348000,-1.42,5.41,-1.65
562343,14,Upstairs,58090632336000,7.12,2.53,-2.03
562344,14,Upstairs,58090682324000,19.53,15.66,2.98
562345,14,Upstairs,58090732525000,6.4,2.72,0.57
562346,14,Upstairs,58090782330000,3.95,8.01,-1.27
562347,14,Upstairs,58090832348000,6.63,7.74,-1.65
562348,14,Upstairs,58090882336000,9.04,7.46,-3.02
562349,14,Upstairs,58090932324000,9.47,5.09,-2.3
562350,14,Upstairs,58090982311000,9.62,1.38,-2.03
562351,14,Upstairs,58091032330000,9.92,1.31,-3.34
562352,14,Upstairs,58091082348000,9.11,6.4,3.11
562353,14,Upstairs,58091132336000,7.74,7.31,-0.72
562354,14,Upstairs,58091182812000,8.47,8.58,-3.02
562355,14,Upstairs,58091232311000,9.72,9.58,-3.02
562356,14,Upstairs,58091282269000,10.99,11.11,-3.53
562357,14,Upstairs,58091332348000,12.72,9.47,6.44
562358,14,Upstairs,58091382336000,9.19,9.92,3.83
562359,14,Upstairs,58091432324000,7.74,8.5,3.26
562360,14,Upstairs,58091482311000,9.66,9.15,-1.38
562361,14,Upstairs,58091532360000,6.82,5.71,-0.3
562362,14,Upstairs,58091582378000,9.28,5.18,0.15
562363,14,Upstairs,58091632336000,7.89,4.71,-1.53
562364,14,Upstairs,58091682324000,2.37,3.79,-0.8
562365,14,Upstairs,58091732342000,-1.73,4.56,-1.46
562366,14,Upstairs,58091782330000,-1.14,4.99,-2.22
562367,14,Upstairs,58091832348000,8.05,2.34,-0.19
562368,14,Upstairs,58091882336000,19.57,12.64,4.48
562369,14,Upstairs,58091932354000,6.44,3.68,0.93
562370,14,Upstairs,58091982311000,1.95,7.21,-1.18
562371,14,Upstairs,58092032330000,5.24,6.7,-1.18
562372,14,Upstairs,58092082348000,8.81,7.5,-3.72
562373,14,Upstairs,58092132336000,10.57,6.02,-4.29
562374,14,Upstairs,58092182324000,10.08,3.11,-1.65
562375,14,Upstairs,58092232342000,9.34,1.61,-1.04
562376,14,Upstairs,58092282330000,9.3,4.86,-0.57
562377,14,Upstairs,58092340344000,7.86,6.82,-0.08
562378,14,Upstairs,58092392284000,7.35,7.27,-1.33
562379,14,Upstairs,58092442303000,6.89,6.21,-1.53
562380,14,Upstairs,58092492291000,8.69,5.01,-2.49
562381,14,Upstairs,58092542309000,9.81,4.79,-2.72
562382,14,Upstairs,58092592297000,10.46,3.49,-4.14
562383,14,Upstairs,58092642315000,9.51,8.35,2.34
562384,14,Upstairs,58092692333000,9.23,14.29,2.37
562385,14,Upstairs,58092742291000,6.09,15.94,-0.65
562386,14,Upstairs,58092792309000,4.37,10.57,2.72
562387,14,Upstairs,58092842297000,4.99,8.66,0.08
562388,14,Upstairs,58092892315000,9.62,3.83,-0.15
562389,14,Upstairs,58092942303000,8.01,3.6,-0.19
562390,14,Upstairs,58092992321000,6.24,4.86,0.0
562391,14,Upstairs,58093042309000,5.75,4.06,0.69
562392,14,Upstairs,58093092327000,7.01,3.15,2.79
562393,14,Upstairs,58093142315000,7.67,2.45,2.26
562394,14,Upstairs,58093192303000,16.04,2.26,4.02
562395,14,Upstairs,58093242321000,9.77,6.66,-0.61
562396,14,Upstairs,58093292309000,3.91,11.3,-3.95
562397,14,Upstairs,58093342297000,6.4,8.66,-1.14
562398,14,Upstairs,58093392315000,6.97,6.89,-2.53
562399,14,Upstairs,58093442303000,8.47,6.28,-3.15
562400,14,Upstairs,58093492321000,9.3,4.71,-2.3
562401,14,Upstairs,58093542309000,8.62,4.75,-2.79
562402,14,Upstairs,58093592297000,9.15,4.63,-3.36
562403,14,Upstairs,58093642315000,8.66,4.6,-3.34
562404,14,Upstairs,58093692303000,7.67,5.37,-1.8
562405,14,Upstairs,58093742291000,8.77,7.12,-0.84
562406,14,Upstairs,58093792309000,9.04,7.01,-0.89
562407,14,Upstairs,58093842297000,9.58,5.41,-1.73
562408,14,Upstairs,58093892315000,14.94,5.41,4.06
562409,14,Upstairs,58093942303000,10.34,10.34,5.01
562410,14,Upstairs,58093992291000,11.03,12.72,-0.84
562411,14,Upstairs,58094042309000,12.79,19.34,-1.12
562412,14,Upstairs,58094092297000,7.06,9.04,0.72
562413,14,Upstairs,58094142315000,8.89,3.99,-0.42
562414,14,Upstairs,58094192303000,8.96,2.68,-1.42
562415,14,Upstairs,58094242291000,3.91,2.26,-1.95
562416,14,Upstairs,58094292309000,0.11,2.18,0.38
