,user,label,timestamp,x,y,z
562617,14,Upstairs,58104342297000,8.92,5.52,-1.42
562618,14,Upstairs,58104392315000,7.7,6.05,-1.73
562619,14,Upstairs,58104442303000,6.59,6.93,-1.33
562620,14,Upstairs,58104492626000,6.85,6.97,-1.38
562621,14,Upstairs,58104542309000,7.63,6.13,-1.95
562622,14,Upstairs,58104592297000,7.97,5.43,-2.49
562623,14,Upstairs,58104642315000,9.08,5.05,-2.56
562624,14,Upstairs,58104692303000,10.88,7.06,-2.6
562625,14,Upstairs,58104742291000,9.77,10.95,-0.76
562626,14,Upstairs,58104792309000,7.89,13.21,10.95
562627,14,Upstairs,58104842297000,3.95,12.11,-1.23
562628,14,Upstairs,58104892315000,5.86,10.61,-0.84
562629,14,Upstairs,58104942303000,4.18,10.08,-2.64
562630,14,Upstairs,58104992291000,7.78,5.43,-0.19
562631,14,Upstairs,58105042309000,10.04,2.18,-0.5
562632,14,Upstairs,58105092297000,6.74,3.06,-0.69
562633,14,Upstairs,58105142315000,4.82,4.63,0.57
562634,14,Upstairs,58105192333000,6.93,4.14,4.52
562635,14,Upstairs,58105242291000,7.35,5.28,5.22
562636,14,Upstairs,58105292339000,6.02,6.21,3.68
562637,14,Upstairs,58105342297000,9.53,5.41,3.91
562638,14,Upstairs,58105392315000,18.81,7.25,-0.19
562639,14,Upstairs,58105442303000,2.45,7.46,-3.91
562640,14,Upstairs,58105492291000,2.76,9.23,-2.53
562641,14,Upstairs,58105542309000,4.86,7.82,-2.18
562642,14,Upstairs,58105592297000,6.78,9.53,-3.15
562643,14,Upstairs,58105642315000,6.24,7.31,-3.72
562644,14,Upstairs,58105692303000,8.08,5.75,-6.09
562645,14,Upstairs,58105742291000,11.73,4.63,-4.14
562646,14,Upstairs,58105792309000,12.83,2.11,-2.64
562647,14,Upstairs,58105842297000,12.6,0.8,-2.26
562648,14,Upstairs,58105892315000,10.99,2.64,-0.38
562649,14,Upstairs,58105942303000,8.35,5.9,4.33
562650,14,Upstairs,58105992291000,7.78,6.85,-2.18
562651,14,Upstairs,58106042339000,7.35,8.08,-1.12
562652,14,Upstairs,58106092297000,8.24,11.56,-4.29
562653,14,Upstairs,58106142315000,9.53,10.34,-4.79
562654,14,Upstairs,58106192333000,11.96,8.66,-2.75
562656,14,Upstairs,58106242382000,11.35,9.11,9.72
562655,14,Upstairs,58106242382000,11.35,9.11,9.72
562657,14,Upstairs,58106302288000,6.89,12.37,-2.11
562658,14,Upstairs,58106352337000,8.77,5.98,-2.79
562659,14,Upstairs,58106402325000,12.26,6.4,1.8
562660,14,Upstairs,58106452343000,8.28,6.97,1.04
562661,14,Upstairs,58106502331000,6.97,6.02,-0.5
562662,14,Upstairs,58106552349000,5.41,4.56,-1.27
562663,14,Upstairs,58106602337000,2.53,3.15,-0.53
562664,14,Upstairs,58106652325000,-1.31,2.79,-1.5
562665,14,Upstairs,58106702343000,0.57,3.57,-2.07
562666,14,Upstairs,58106752331000,16.66,4.29,-1.12
562667,14,Upstairs,58106802349000,12.15,9.58,6.89
562668,14,Upstairs,58106852337000,2.41,3.3,-2.3
562669,14,Upstairs,58106902325000,7.7,9.08,-2.45
562670,14,Upstairs,58106952343000,9.15,7.78,-1.92
562671,14,Upstairs,58107002361000,7.82,5.48,-2.3
562672,14,Upstairs,58107052349000,8.43,4.9,-1.18
562673,14,Upstairs,58107102337000,9.43,3.45,-0.65
562674,14,Upstairs,58107152325000,9.43,4.71,-0.84
562675,14,Upstairs,58107202343000,8.28,6.44,-1.31
562676,14,Upstairs,58107252361000,7.86,6.85,-1.61
562677,14,Upstairs,58107302349000,7.31,6.47,-2.18
562678,14,Upstairs,58107352337000,7.67,7.74,-2.22
562679,14,Upstairs,58107402325000,9.53,10.15,-3.26
562680,14,Upstairs,58107452343000,11.37,10.31,-3.57
562681,14,Upstairs,58107502361000,9.11,8.35,-0.38
562682,14,Upstairs,58107552349000,8.24,8.62,8.81
562683,14,Upstairs,58107602367000,7.35,9.11,-4.99
562684,14,Upstairs,58107652325000,15.09,1.12,-0.91
562685,14,Upstairs,58107702343000,9.85,7.63,-0.27
562686,14,Upstairs,58107752331000,8.73,5.9,0.04
562687,14,Upstairs,58107802349000,7.93,5.48,-0.11
562688,14,Upstairs,58107852337000,5.28,5.56,-0.3
562689,14,Upstairs,58107902325000,5.79,3.79,-0.04
562690,14,Upstairs,58107952343000,2.11,3.49,-1.04
562691,14,Upstairs,58108012310000,0.42,4.44,-3.02
562692,14,Upstairs,58108062267000,11.69,1.54,-0.76
562693,14,Upstairs,58108112347000,17.88,13.95,5.83
562694,14,Upstairs,58108162334000,1.76,2.49,-0.19
562695,14,Upstairs,58108212414000,3.87,7.5,-1.31
562696,14,Upstairs,58108262341000,8.73,9.08,-2.3
562697,14,Upstairs,58108312328000,10.5,6.36,-4.06
562698,14,Upstairs,58108362347000,9.34,3.68,-1.42
562699,14,Upstairs,58108422344000,9.08,2.87,0.95
562700,14,Upstairs,58108472332000,9.34,4.99,-0.04
562701,14,Upstairs,58108522320000,8.58,5.98,-0.69
562702,14,Upstairs,58108572369000,8.73,6.28,-1.92
562703,14,Upstairs,58108632336000,6.97,7.44,-1.84
562704,14,Upstairs,58108682324000,7.78,8.2,-2.53
562705,14,Upstairs,58108732342000,10.23,8.69,-3.34
562706,14,Upstairs,58108782330000,11.41,9.53,-2.14
562707,14,Upstairs,58108832348000,10.69,8.31,5.83
562708,14,Upstairs,58108882336000,7.4,9.92,3.64
562709,14,Upstairs,58108932324000,7.01,8.66,0.31
562710,14,Upstairs,58108982342000,9.15,6.89,-0.91
562711,14,Upstairs,58109032330000,12.18,3.45,0.08
562712,14,Upstairs,58109082348000,8.89,5.86,-0.11
562713,14,Upstairs,58109132336000,7.7,5.63,0.23
562714,14,Upstairs,58109182324000,6.21,3.64,0.27
562715,14,Upstairs,58109232342000,3.72,3.38,0.23
562716,14,Upstairs,58109282330000,1.33,2.6,-0.23
562717,14,Upstairs,58109332348000,0.53,3.76,-0.84
562718,14,Upstairs,58109382336000,12.57,-0.53,2.49
562719,14,Upstairs,58109432324000,17.69,13.02,3.76
562720,14,Upstairs,58109482342000,3.64,2.22,0.95
562721,14,Upstairs,58109532330000,5.71,4.48,-0.5
562722,14,Upstairs,58109582378000,10.08,8.47,-0.91
562723,14,Upstairs,58109632336000,9.72,6.36,-1.73
562724,14,Upstairs,58109682324000,7.82,6.05,-0.95
562725,14,Upstairs,58109732342000,8.92,5.9,-1.12
562726,14,Upstairs,58109782330000,9.34,4.82,-1.08
562727,14,Upstairs,58109832348000,8.05,4.4,-1.04
562728,14,Upstairs,58109882336000,7.97,5.01,-0.84
562729,14,Upstairs,58109932324000,9.43,5.83,-1.5
562730,14,Upstairs,58109982342000,8.54,5.56,-1.33
562731,14,Upstairs,58110032330000,7.89,5.94,-1.5
562732,14,Upstairs,58110082348000,7.12,7.35,-1.61
562733,14,Upstairs,58110132336000,8.77,9.3,-2.03
562734,14,Upstairs,58110182324000,10.46,10.31,-3.06
562735,14,Upstairs,58110232342000,11.37,9.51,-2.11
562736,14,Upstairs,58110282269000,9.38,9.0,9.92
562737,14,Upstairs,58110332348000,7.55,8.92,-1.8
562738,14,Upstairs,58110382336000,10.99,6.28,0.61
562739,14,Upstairs,58110432324000,13.44,5.75,3.15
562740,14,Upstairs,58110482342000,8.16,8.05,0.42
562741,14,Upstairs,58110532330000,9.11,4.6,-0.34
562742,14,Upstairs,58110582348000,7.01,2.87,-0.19
562743,14,Upstairs,58110632336000,3.83,3.49,0.19
562744,14,Upstairs,58110692303000,2.26,1.61,1.23
562745,14,Upstairs,58110742413000,3.87,0.38,2.37
562746,14,Upstairs,58110792339000,3.76,0.08,1.61
562747,14,Upstairs,58110842266000,8.92,-3.64,9.47
562748,14,Upstairs,58110892315000,17.54,9.34,3.45
562749,14,Upstairs,58110942303000,5.63,4.82,3.02
562750,14,Upstairs,58110992291000,6.93,2.18,0.42
562751,14,Upstairs,58111042309000,10.04,8.73,-0.84
562752,14,Upstairs,58111092297000,10.0,6.09,-1.12
562753,14,Upstairs,58111142315000,8.08,5.6,-0.57
562754,14,Upstairs,58111192303000,8.28,6.55,-1.57
562755,14,Upstairs,58111242321000,9.77,5.6,-1.38
562756,14,Upstairs,58111292309000,8.62,5.41,-0.72
562757,14,Upstairs,58111342297000,7.7,5.22,-0.69
562758,14,Upstairs,58111392345000,8.62,5.33,-1.04
562759,14,Upstairs,58111442303000,8.5,5.41,-1.33
562760,14,Upstairs,58111492291000,7.78,5.75,-1.12
562761,14,Upstairs,58111542309000,7.31,6.24,-1.61
562762,14,Upstairs,58111592297000,6.78,6.36,-2.22
562763,14,Upstairs,58111642315000,6.93,6.74,-2.83
562764,14,Upstairs,58111692303000,7.97,5.79,-2.45
562765,14,Upstairs,58111742291000,9.28,5.24,-2.41
562766,14,Upstairs,58111792309000,10.69,6.85,-2.18
562767,14,Upstairs,58111842297000,9.72,10.38,-0.72
562768,14,Upstairs,58111892315000,7.93,10.27,9.0
562769,14,Upstairs,58111942333000,4.52,11.6,-1.23
562770,14,Upstairs,58111992260000,4.18,11.35,-1.38
562771,14,Upstairs,58112042309000,7.7,11.07,-0.95
562772,14,Upstairs,58112092297000,7.67,6.02,-1.04
562773,14,Upstairs,58112142315000,8.16,4.4,-0.91
562774,14,Upstairs,58112192303000,8.39,3.17,-1.84
562775,14,Upstairs,58112242291000,6.21,3.64,-0.34
562776,14,Upstairs,58112292309000,5.9,3.57,1.14
562777,14,Upstairs,58112342297000,7.16,2.79,1.76
562778,14,Upstairs,58112392315000,12.79,2.18,5.09
562779,14,Upstairs,58112442303000,10.88,3.49,4.1
562780,14,Upstairs,58112492291000,7.59,3.79,0.95
562781,14,Upstairs,58112542309000,18.28,8.62,-2.79
562782,14,Upstairs,58112592297000,4.63,6.21,-1.08
562783,14,Upstairs,58112642315000,0.57,10.53,-4.21
562784,14,Upstairs,58112692303000,5.13,8.96,-0.27
562785,14,Upstairs,58112742291000,6.02,8.5,-2.6
562786,14,Upstairs,58112792309000,6.89,6.85,-3.79
562787,14,Upstairs,58112842297000,10.31,5.22,-4.9
562788,14,Upstairs,58112892315000,10.15,4.25,-1.57
562789,14,Upstairs,58112942272000,11.18,4.25,-1.61
562790,14,Upstairs,58112992291000,10.08,3.6,-1.8
562791,14,Upstairs,58113042309000,8.81,5.05,-0.72
562792,14,Upstairs,58113092297000,8.05,5.83,-0.5
562793,14,Upstairs,58113142315000,7.74,6.66,-1.04
562794,14,Upstairs,58113192333000,7.01,7.86,-0.76
562795,14,Upstairs,58113242291000,6.7,8.66,-1.46
562796,14,Upstairs,58113292309000,9.43,10.19,-3.49
562797,14,Upstairs,58113342297000,12.11,9.11,-4.02
562798,14,Upstairs,58113392315000,11.11,7.27,-2.87
562799,14,Upstairs,58113442303000,12.6,4.94,11.75
562800,14,Upstairs,58113492291000,7.12,10.42,-2.49
562801,14,Upstairs,58113542309000,7.89,8.01,0.93
562802,14,Upstairs,58113592297000,10.69,7.06,-0.65
562803,14,Upstairs,58113642315000,6.97,6.74,0.34
562804,14,Upstairs,58113692303000,6.47,5.48,0.15
562805,14,Upstairs,58113742291000,7.06,4.06,-0.11
562806,14,Upstairs,58113792309000,6.24,4.4,-0.34
562807,14,Upstairs,58113842297000,4.44,4.44,-0.42
562808,14,Upstairs,58113892315000,2.45,4.25,-1.46
562809,14,Upstairs,58113942303000,3.41,4.1,-1.27
562810,14,Upstairs,58113992291000,11.54,5.43,-2.68
562811,14,Upstairs,58114042309000,17.31,11.84,2.37
562812,14,Upstairs,58114092297000,4.33,3.21,-0.72
562813,14,Upstairs,58114142315000,4.25,8.01,-1.73
562814,14,Upstairs,58114192303000,6.93,8.24,-1.65
562815,14,Upstairs,58114242321000,8.77,7.82,-3.34
562816,14,Upstairs,58114292339000,8.62,5.41,-2.75
