,user,label,timestamp,x,y,z
369743,16,Upstairs,6898822276000,1.42,7.82,0.61291564
369745,16,Upstairs,6898922313000,4.79,8.73,-0.19068487
369744,16,Upstairs,6898922313000,4.79,8.73,-0.19068487
369747,16,Upstairs,6899022288000,2.03,9.72,-0.9942854
369746,16,Upstairs,6899022288000,2.03,9.72,-0.9942854
369748,16,Upstairs,6899122325000,3.64,12.95,0.6946376999999999
369749,16,Upstairs,6899122325000,3.64,12.95,0.6946376999999999
369750,16,Upstairs,6899222301000,5.43,9.47,-2.9556155
369751,16,Upstairs,6899222301000,5.43,9.47,-2.9556155
369752,16,Upstairs,6899322307000,2.79,14.63,-3.8273177000000005
369753,16,Upstairs,6899322307000,2.79,14.63,-3.8273177000000005
369755,16,Upstairs,6899422679000,3.6,13.82,-4.630918
369754,16,Upstairs,6899422679000,3.6,13.82,-4.630918
369756,16,Upstairs,6899522288000,-2.96,6.82,-0.0
369757,16,Upstairs,6899572368000,-0.42,7.44,-0.0
369758,16,Upstairs,6899622874000,1.92,2.96,-1.3075534
369759,16,Upstairs,6899622874000,1.92,2.96,-1.3075534
369760,16,Upstairs,6899722392000,10.15,8.77,-2.6014863999999998
369761,16,Upstairs,6899722392000,10.15,8.77,-2.6014863999999998
369762,16,Upstairs,6899822307000,0.57,5.94,0.95342433
369763,16,Upstairs,6899822307000,0.57,5.94,0.95342433
369764,16,Upstairs,6899922343000,4.18,12.34,-2.9556155
369765,16,Upstairs,6899922343000,4.18,12.34,-2.9556155
369767,16,Upstairs,6900022288000,4.25,9.0,-1.1849703
369766,16,Upstairs,6900022288000,4.25,9.0,-1.1849703
369768,16,Upstairs,6900122295000,2.56,7.93,0.53119355
369769,16,Upstairs,6900122295000,2.56,7.93,0.53119355
369770,16,Upstairs,6900222331000,3.38,8.69,-0.7627395
369771,16,Upstairs,6900222331000,3.38,8.69,-0.7627395
369772,16,Upstairs,6900322307000,0.76,8.96,-3.0237172
369773,16,Upstairs,6900322307000,0.76,8.96,-3.0237172
369774,16,Upstairs,6900422404000,3.06,11.26,-0.3405087
369775,16,Upstairs,6900422404000,3.06,11.26,-0.3405087
369777,16,Upstairs,6900522288000,7.21,14.63,1.2258313
369776,16,Upstairs,6900522288000,7.21,14.63,1.2258313
369778,16,Upstairs,6900622356000,2.96,12.98,-3.173541
369779,16,Upstairs,6900622356000,2.96,12.98,-3.173541
369780,16,Upstairs,6900722301000,2.68,11.56,-0.3405087
369781,16,Upstairs,6900722301000,2.68,11.56,-0.3405087
369782,16,Upstairs,6900822307000,-0.95,6.36,-0.61291564
369783,16,Upstairs,6900822307000,-0.95,6.36,-0.61291564
369784,16,Upstairs,6900922191000,1.69,4.21,-0.7627395
369785,16,Upstairs,6900972240000,2.64,6.17,-0.9942854
369786,16,Upstairs,6900972240000,2.64,6.17,-0.9942854
369787,16,Upstairs,6901072337000,5.33,11.5,0.10896278
369788,16,Upstairs,6901072337000,5.33,11.5,0.10896278
369790,16,Upstairs,6901172313000,7.21,7.97,-0.14982383
369789,16,Upstairs,6901172313000,7.21,7.97,-0.14982383
369791,16,Upstairs,6901272288000,1.95,8.62,-1.3756552
369792,16,Upstairs,6901272288000,1.95,8.62,-1.3756552
369793,16,Upstairs,6901372295000,1.54,6.63,-0.7218784
369794,16,Upstairs,6901372295000,1.54,6.63,-0.7218784
369795,16,Upstairs,6901472301000,3.99,7.35,-1.0351465
369796,16,Upstairs,6901472301000,3.99,7.35,-1.0351465
369797,16,Upstairs,6901572307000,3.91,14.1,1.0351465
369798,16,Upstairs,6901572307000,3.91,14.1,1.0351465
369800,16,Upstairs,6901672313000,6.21,13.67,-0.29964766
369799,16,Upstairs,6901672313000,6.21,13.67,-0.29964766
369801,16,Upstairs,6901772288000,3.06,12.64,-4.372132
369802,16,Upstairs,6901772288000,3.06,12.64,-4.372132
369803,16,Upstairs,6901872325000,3.02,9.66,0.61291564
369804,16,Upstairs,6901872325000,3.02,9.66,0.61291564
369805,16,Upstairs,6901972331000,-1.42,5.18,-0.7627395
369806,16,Upstairs,6901972331000,-1.42,5.18,-0.7627395
369807,16,Upstairs,6902072337000,2.45,7.06,-0.5720546
369808,16,Upstairs,6902072337000,2.45,7.06,-0.5720546
369809,16,Upstairs,6902172343000,2.45,7.08,-2.3699405
369810,16,Upstairs,6902172343000,2.45,7.08,-2.3699405
369812,16,Upstairs,6902272319000,6.85,8.01,1.2666923
369811,16,Upstairs,6902272319000,6.85,8.01,1.2666923
369813,16,Upstairs,6902372325000,2.11,10.8,-1.4982381999999999
369814,16,Upstairs,6902372325000,2.11,10.8,-1.4982381999999999
369815,16,Upstairs,6902472331000,2.6,6.02,-1.3075534
369816,16,Upstairs,6902472331000,2.6,6.02,-1.3075534
369817,16,Upstairs,6902572337000,2.87,7.44,1.2258313
369818,16,Upstairs,6902572337000,2.87,7.44,1.2258313
369819,16,Upstairs,6902672343000,2.76,13.57,0.27240697
369820,16,Upstairs,6902672343000,2.76,13.57,0.27240697
369821,16,Upstairs,6902772319000,2.76,14.67,3.5957718
369822,16,Upstairs,6902772319000,2.76,14.67,3.5957718
369823,16,Upstairs,6902872325000,3.64,12.91,-6.4015636
369824,16,Upstairs,6902872325000,3.64,12.91,-6.4015636
369826,16,Upstairs,6902972331000,1.99,10.34,1.2258313
369825,16,Upstairs,6902972331000,1.99,10.34,1.2258313
369828,16,Upstairs,6903072307000,-0.91,3.21,0.6537767
369827,16,Upstairs,6903072307000,-0.91,3.21,0.6537767
369829,16,Upstairs,6903172343000,0.84,5.9,-2.2609777
369830,16,Upstairs,6903172343000,0.84,5.9,-2.2609777
369831,16,Upstairs,6903222331000,0.23,5.24,-2.8330324
369832,16,Upstairs,6903277568000,4.18,11.92,-3.7864565999999997
369833,16,Upstairs,6903332530000,10.99,16.04,0.14982383
369834,16,Upstairs,6903382365000,2.26,6.74,-0.19068487
369835,16,Upstairs,6903432353000,4.33,15.83,-1.9477096999999999
369836,16,Upstairs,6903482371000,3.26,7.59,-1.334794
369837,16,Upstairs,6903532329000,2.64,7.63,-1.334794
369838,16,Upstairs,6903582347000,2.91,8.08,-0.9942854
369839,16,Upstairs,6903632335000,2.22,6.59,-0.6946376999999999
369840,16,Upstairs,6903682292000,1.57,6.93,0.84446156
369841,16,Upstairs,6903732341000,4.79,7.59,-3.5685309999999997
369842,16,Upstairs,6903782329000,1.92,12.6,1.8387468999999996
369843,16,Upstairs,6903832347000,6.85,14.98,0.38136974
369844,16,Upstairs,6903882304000,2.53,15.85,0.53119355
369845,16,Upstairs,6903932323000,2.76,12.79,2.2609777
369846,16,Upstairs,6903982310000,7.86,10.95,-2.7240696
369847,16,Upstairs,6904032329000,5.86,9.85,-9.80665
369848,16,Upstairs,6904082347000,1.14,13.8,-6.3198414000000005
369849,16,Upstairs,6904132335000,1.18,13.38,7.1234417
369850,16,Upstairs,6904182292000,0.19,7.55,-1.2666923
369851,16,Upstairs,6904232371000,1.31,7.08,-0.7627395
369852,16,Upstairs,6904282298000,-2.03,7.12,-1.1168685
369853,16,Upstairs,6904332347000,-1.88,2.37,-0.29964766
369854,16,Upstairs,6904382335000,4.14,3.76,-2.4108016
369855,16,Upstairs,6904432353000,6.51,4.79,-3.4868089999999996
369856,16,Upstairs,6904482310000,14.75,9.62,-8.158588
369857,16,Upstairs,6904532390000,1.23,13.02,3.7592160000000003
369858,16,Upstairs,6904582347000,3.83,8.12,-3.8681788
369859,16,Upstairs,6904642406000,3.11,10.65,-3.1463002999999996
369860,16,Upstairs,6904692302000,2.76,8.66,-0.42223078
369861,16,Upstairs,6904742320000,2.15,10.23,0.46309182
369862,16,Upstairs,6904792277000,2.26,8.5,-0.38136974
369863,16,Upstairs,6904842876000,2.45,8.58,-0.5720546
369864,16,Upstairs,6904892314000,3.57,8.77,-0.6946376999999999
369865,16,Upstairs,6904942332000,3.06,7.86,-0.0
369866,16,Upstairs,6904992259000,1.54,8.66,1.1441092
369867,16,Upstairs,6905042338000,2.45,9.43,-0.7218784
369868,16,Upstairs,6905092357000,2.22,8.54,-2.1383946
369869,16,Upstairs,6905142314000,2.53,11.22,-1.2258313
369870,16,Upstairs,6905192271000,2.6,11.65,-0.6946376999999999
369871,16,Upstairs,6905243327000,5.9,11.84,10.460427000000001
369872,16,Upstairs,6905302318000,6.66,10.69,-3.9090397000000006
369873,16,Upstairs,6905352306000,1.92,14.21,-8.689782000000001
369874,16,Upstairs,6905402354000,0.11,12.57,-5.1348709999999995
369875,16,Upstairs,6905452312000,6.93,12.22,-1.8387468999999996
369876,16,Upstairs,6905502360000,4.14,14.06,-1.3756552
369878,16,Upstairs,6905602183000,1.92,10.08,-1.3756552
369877,16,Upstairs,6905602183000,1.92,10.08,-1.3756552
369879,16,Upstairs,6905652232000,2.56,10.08,-0.9942854
369880,16,Upstairs,6905702312000,-1.08,4.63,0.14982383
369881,16,Upstairs,6905752299000,3.57,4.75,-0.88532263
369882,16,Upstairs,6905802348000,5.48,6.93,-2.3018389
369883,16,Upstairs,6905852306000,5.56,9.08,0.53119355
369884,16,Upstairs,6905902324000,2.3,18.47,-2.7240696
369885,16,Upstairs,6905952708000,2.91,12.03,-1.2666923
369886,16,Upstairs,6906002330000,4.4,12.37,-1.2258313
369887,16,Upstairs,6906052318000,2.64,8.54,-0.23154591
369888,16,Upstairs,6906102702000,1.38,8.92,-0.61291564
369889,16,Upstairs,6906152385000,1.76,8.2,-0.8036005
369890,16,Upstairs,6906202342000,2.11,7.5,-0.27240697
369891,16,Upstairs,6906252269000,2.03,8.05,-0.27240697
369892,16,Upstairs,6906302379000,3.76,8.28,-3.4050870000000004
369893,16,Upstairs,6906352336000,1.12,9.58,-1.7570249
369894,16,Upstairs,6906402385000,2.91,15.7,2.6014863999999998
369895,16,Upstairs,6906452312000,8.05,13.25,1.4573771999999998
369896,16,Upstairs,6906502330000,4.52,12.68,1.1168685
369897,16,Upstairs,6906552318000,2.6,13.95,-0.9942854
369898,16,Upstairs,6906602428000,2.6,11.69,-7.8180795
369899,16,Upstairs,6906652263000,1.12,12.03,-0.0
369900,16,Upstairs,6906702342000,2.98,9.58,1.1849703
369901,16,Upstairs,6906752299000,-0.04,6.32,-0.6537767
369902,16,Upstairs,6906802348000,-0.91,4.56,-0.6946376999999999
369903,16,Upstairs,6906852306000,1.18,5.6,-0.6537767
369904,16,Upstairs,6906902354000,1.31,6.97,-0.95342433
369905,16,Upstairs,6906952312000,-0.3,4.75,-3.8273177000000005
369906,16,Upstairs,6907002330000,3.95,9.96,-2.6014863999999998
369907,16,Upstairs,6907052318000,12.22,19.5,-2.3018389
369908,16,Upstairs,6907102489000,5.24,6.21,1.334794
369909,16,Upstairs,6907152385000,1.54,9.0,-1.1168685
369910,16,Upstairs,6907202342000,2.18,14.25,-2.6423476000000004
369911,16,Upstairs,6907252208000,1.76,8.08,-1.56634
369912,16,Upstairs,6907302257000,1.73,6.09,-0.88532263
369913,16,Upstairs,6907352306000,2.07,6.97,-0.53119355
369914,16,Upstairs,6907402354000,2.6,7.01,-1.0351465
369915,16,Upstairs,6907452373000,4.99,6.63,-2.5333846
369916,16,Upstairs,6907502299000,2.3,12.49,0.23154591
369917,16,Upstairs,6907552348000,7.08,16.13,0.10896278
369918,16,Upstairs,6907602580000,4.56,14.6,1.9477096999999999
369919,16,Upstairs,6907652385000,5.83,12.95,1.4165162
369920,16,Upstairs,6907702312000,3.34,11.69,-3.8273177000000005
369921,16,Upstairs,6907752360000,0.27,12.45,-5.325556
369922,16,Upstairs,6907802318000,3.87,12.03,3.336985
369923,16,Upstairs,6907852367000,0.42,8.39,-0.10896278
369924,16,Upstairs,6907902263000,-1.46,5.75,-1.9885708
369925,16,Upstairs,6907952342000,-1.14,3.72,0.61291564
369926,16,Upstairs,6908002269000,0.65,5.48,-0.7218784
369927,16,Upstairs,6908052348000,-0.84,4.9,-4.2495484
369928,16,Upstairs,6908102611000,1.99,6.93,-3.5957718
369929,16,Upstairs,6908152324000,10.19,19.46,-1.4982381999999999
369930,16,Upstairs,6908202281000,5.43,6.89,2.3426998
369931,16,Upstairs,6908252391000,2.56,7.74,-1.6889231
369932,16,Upstairs,6908302348000,2.56,13.87,-2.9556155
369933,16,Upstairs,6908352397000,2.64,8.05,-1.525479
369934,16,Upstairs,6908402324000,2.34,6.63,-0.95342433
369935,16,Upstairs,6908452373000,2.45,7.35,-1.0760075
369936,16,Upstairs,6908502299000,2.11,7.12,-1.8796080000000002
369937,16,Upstairs,6908552348000,1.95,8.31,0.88532263
369938,16,Upstairs,6908602702000,5.37,11.26,-2.982856
369939,16,Upstairs,6908652324000,5.79,16.21,3.0237172
369940,16,Upstairs,6908702312000,3.95,16.17,-0.42223078
369941,16,Upstairs,6908752360000,6.09,12.11,1.334794
369942,16,Upstairs,6908802348000,6.17,9.89,-1.334794
