,user,label,timestamp,x,y,z
903694,17,Upstairs,34344792341000,-1.08,8.08,-1.84
903695,17,Upstairs,34344842267000,-1.5,7.63,0.46
903696,17,Upstairs,34344892316000,0.15,9.3,0.38
903697,17,Upstairs,34344942304000,0.65,10.38,0.34
903698,17,Upstairs,34344992292000,1.04,9.08,-0.42
903699,17,Upstairs,34345042310000,-0.11,11.84,-0.46
903700,17,Upstairs,34345092328000,0.38,16.25,-3.36
903701,17,Upstairs,34345142316000,0.46,10.31,-3.57
903702,17,Upstairs,34345192304000,0.0,3.68,-3.02
903703,17,Upstairs,34345242292000,0.08,9.72,-1.73
903704,17,Upstairs,34345292310000,1.18,14.21,-0.95
903705,17,Upstairs,34345342298000,-0.11,10.46,-2.18
903706,17,Upstairs,34345392347000,-0.34,8.01,-1.14
903707,17,Upstairs,34345442335000,0.34,8.92,-0.89
903708,17,Upstairs,34345492292000,1.73,11.5,-0.53
903709,17,Upstairs,34345542341000,3.26,13.1,-1.33
903710,17,Upstairs,34345592298000,1.99,13.21,-2.83
903711,17,Upstairs,34345642316000,-0.57,13.59,-4.86
903712,17,Upstairs,34345692304000,-3.36,10.65,-2.53
903713,17,Upstairs,34345742353000,-1.08,7.78,-0.89
903714,17,Upstairs,34345792341000,2.45,8.77,-1.99
903715,17,Upstairs,34345842328000,1.27,10.38,-0.89
903716,17,Upstairs,34345892316000,-0.5,8.73,-1.04
903717,17,Upstairs,34345942335000,-0.8,8.69,-0.72
903718,17,Upstairs,34345992292000,-0.76,11.26,0.0
903719,17,Upstairs,34346042341000,-1.08,12.76,0.5
903720,17,Upstairs,34346092298000,-0.42,11.26,-0.38
903721,17,Upstairs,34346142316000,-2.6,9.11,-2.26
903722,17,Upstairs,34346192304000,-1.31,8.39,-2.98
903723,17,Upstairs,34346242292000,1.61,9.62,-2.22
903724,17,Upstairs,34346292341000,0.53,8.47,-2.37
903725,17,Upstairs,34346342298000,-1.99,7.89,-1.46
903726,17,Upstairs,34346392316000,-1.53,8.69,-0.61
903727,17,Upstairs,34346442304000,-0.11,9.43,-1.46
903728,17,Upstairs,34346492353000,0.57,10.19,-1.12
903729,17,Upstairs,34346542310000,1.61,10.84,-0.57
903730,17,Upstairs,34346592298000,2.45,11.96,-0.69
903731,17,Upstairs,34346642316000,0.46,13.48,-0.15
903732,17,Upstairs,34346692304000,0.72,12.83,-4.18
903733,17,Upstairs,34346742292000,-1.61,11.35,-3.3
903734,17,Upstairs,34346792310000,-3.02,9.04,-1.53
903735,17,Upstairs,34346842298000,0.11,7.21,-2.49
903736,17,Upstairs,34346892316000,1.12,9.11,-1.53
903737,17,Upstairs,34346942335000,-0.57,10.65,-0.69
903738,17,Upstairs,34346992292000,-0.61,9.92,-0.8
903739,17,Upstairs,34347042310000,0.46,8.54,-1.18
903740,17,Upstairs,34347092298000,0.0,9.0,-0.65
903741,17,Upstairs,34347142316000,-1.61,12.18,0.69
903742,17,Upstairs,34347192304000,-1.33,13.21,0.69
903743,17,Upstairs,34347242292000,-2.37,11.45,-1.61
903744,17,Upstairs,34347292310000,-0.84,9.04,-2.56
903745,17,Upstairs,34347342328000,0.93,6.93,-3.17
903746,17,Upstairs,34347392347000,-0.42,8.73,-2.11
903747,17,Upstairs,34347442335000,-1.65,9.51,-1.33
903748,17,Upstairs,34347492292000,-0.46,9.72,-1.12
903749,17,Upstairs,34347542310000,0.69,9.04,-2.14
903750,17,Upstairs,34347592298000,0.69,8.43,-1.23
903751,17,Upstairs,34347642316000,0.57,8.35,-0.15
903752,17,Upstairs,34347692304000,1.42,11.3,0.23
903753,17,Upstairs,34347742292000,3.34,14.79,0.04
903754,17,Upstairs,34347792310000,1.46,13.44,-1.46
903755,17,Upstairs,34347842298000,0.38,11.14,-3.98
903756,17,Upstairs,34347892316000,-1.95,11.3,-2.64
903757,17,Upstairs,34347942335000,-1.33,9.3,-2.07
903758,17,Upstairs,34347992292000,1.18,7.25,-1.84
903759,17,Upstairs,34348042310000,1.84,9.08,-2.22
903760,17,Upstairs,34348092298000,-0.65,10.23,-0.46
903761,17,Upstairs,34348142316000,-1.27,9.81,-0.5
903762,17,Upstairs,34348192335000,0.0,8.77,-0.38
903763,17,Upstairs,34348242292000,0.04,10.69,0.0
903764,17,Upstairs,34348292310000,-0.84,12.64,0.95
903765,17,Upstairs,34348342298000,-0.8,10.34,-1.61
903766,17,Upstairs,34348392316000,-2.22,8.77,-2.22
903767,17,Upstairs,34348442304000,-0.5,9.04,-2.98
903768,17,Upstairs,34348492292000,0.46,10.42,-2.79
903769,17,Upstairs,34348542310000,-0.57,9.28,-1.99
903770,17,Upstairs,34348592298000,-1.31,7.44,-0.72
903771,17,Upstairs,34348642347000,0.08,8.01,-1.42
903772,17,Upstairs,34348642347000,0.08,8.01,-1.42
903773,17,Upstairs,34348732374000,1.12,9.19,-0.8
903774,17,Upstairs,34348783063000,1.42,10.12,-1.61
903775,17,Upstairs,34348832227000,1.23,13.4,-1.33
903776,17,Upstairs,34348882306000,-0.19,14.48,0.69
903777,17,Upstairs,34348932325000,1.5,12.57,-5.28
903778,17,Upstairs,34348982313000,-1.38,12.64,-3.17
903779,17,Upstairs,34349032331000,-3.57,9.38,-1.65
903780,17,Upstairs,34349082349000,0.57,6.74,-2.11
903781,17,Upstairs,34349132337000,1.31,8.31,-2.72
903782,17,Upstairs,34349182325000,0.11,8.69,-1.76
903783,17,Upstairs,34349232404000,-1.57,8.01,-0.84
903784,17,Upstairs,34349282331000,-1.14,7.59,-0.91
903785,17,Upstairs,34349332349000,-0.42,11.8,-0.69
903786,17,Upstairs,34349382306000,-1.08,15.36,-0.34
903787,17,Upstairs,34349432355000,-1.38,13.8,-1.14
903788,17,Upstairs,34349482343000,-2.68,10.61,-1.88
903789,17,Upstairs,34349532331000,-1.76,8.92,-2.83
903790,17,Upstairs,34349582349000,0.15,6.36,-3.3
903791,17,Upstairs,34349632337000,-0.15,7.67,-1.95
903793,17,Upstairs,34349682355000,-0.84,8.01,-2.72
903792,17,Upstairs,34349682355000,-0.84,8.01,-2.72
903794,17,Upstairs,34349752302000,-1.08,9.19,-1.5
903795,17,Upstairs,34349802320000,0.27,8.62,-1.61
903796,17,Upstairs,34349852338000,1.73,8.62,-1.23
903797,17,Upstairs,34349902326000,1.04,11.88,-1.23
903798,17,Upstairs,34349952344000,2.07,15.83,-0.11
903799,17,Upstairs,34350002668000,1.38,14.06,-1.14
903800,17,Upstairs,34350052350000,-0.11,9.51,-4.4
903801,17,Upstairs,34350102338000,-1.14,10.76,-4.52
903802,17,Upstairs,34350152326000,-3.21,10.61,-2.14
903803,17,Upstairs,34350202375000,-0.89,6.7,-2.37
903804,17,Upstairs,34350252363000,1.14,7.5,-1.65
903805,17,Upstairs,34350342084000,-0.27,9.23,-0.23
903806,17,Upstairs,34350392408000,-1.31,9.58,-0.72
903807,17,Upstairs,34350442304000,-0.72,10.15,-0.19
903808,17,Upstairs,34350492292000,-0.69,12.49,-0.11
903809,17,Upstairs,34350542310000,-1.12,12.83,0.23
903810,17,Upstairs,34350592328000,-0.57,10.92,-0.69
903811,17,Upstairs,34350642316000,-1.46,10.61,-2.64
903812,17,Upstairs,34350692304000,-0.19,8.77,-2.79
903813,17,Upstairs,34350742292000,-0.19,7.25,-1.69
903814,17,Upstairs,34350792310000,-0.04,8.5,-2.45
903815,17,Upstairs,34350842328000,0.57,9.62,-1.73
903816,17,Upstairs,34350892316000,-0.08,10.42,-1.99
903817,17,Upstairs,34350942304000,0.46,8.43,-1.61
903818,17,Upstairs,34350992322000,0.5,7.4,-0.99
903819,17,Upstairs,34351042310000,0.61,8.92,-1.31
903820,17,Upstairs,34351092328000,1.88,12.34,-0.89
903821,17,Upstairs,34351142347000,3.45,14.52,0.0
903822,17,Upstairs,34351192335000,3.17,12.72,-2.83
903823,17,Upstairs,34351242292000,-0.3,12.79,-3.72
903824,17,Upstairs,34351292341000,-2.72,12.07,-2.64
903825,17,Upstairs,34351342298000,-1.46,6.82,-1.8
903826,17,Upstairs,34351392316000,0.27,6.4,-0.5
903827,17,Upstairs,34351442304000,1.76,9.51,-2.53
903828,17,Upstairs,34351492292000,1.23,10.23,-1.5
903829,17,Upstairs,34351542310000,-0.23,8.05,-1.53
903830,17,Upstairs,34351592298000,-0.61,8.5,-0.69
903831,17,Upstairs,34351642316000,-1.12,11.14,0.27
903832,17,Upstairs,34351692304000,-0.3,10.73,0.76
903833,17,Upstairs,34351742292000,-0.23,11.35,1.14
903834,17,Upstairs,34351792310000,-0.04,13.02,0.8
903835,17,Upstairs,34351842328000,-0.65,12.11,-2.34
903836,17,Upstairs,34351892316000,0.19,8.01,-3.98
903837,17,Upstairs,34351942304000,-0.99,6.78,-2.3
903838,17,Upstairs,34351992292000,-0.91,9.62,-2.75
903839,17,Upstairs,34352042310000,0.27,11.37,-2.34
903840,17,Upstairs,34352092298000,-0.3,10.38,-1.73
903841,17,Upstairs,34352142316000,-0.91,8.66,-2.41
903842,17,Upstairs,34352192335000,-1.27,7.4,-1.23
903843,17,Upstairs,34352242292000,-0.08,6.89,-0.89
903844,17,Upstairs,34352292341000,1.5,7.7,-0.69
903845,17,Upstairs,34352342328000,2.41,9.08,0.11
903846,17,Upstairs,34352392316000,0.76,10.84,-0.5
903847,17,Upstairs,34352442304000,-0.08,12.37,2.45
903848,17,Upstairs,34352492322000,3.99,12.57,-3.98
903849,17,Upstairs,34352542310000,2.15,14.14,-5.79
903850,17,Upstairs,34352592298000,-2.64,9.72,-3.53
903851,17,Upstairs,34352642316000,-1.12,6.85,-2.18
903852,17,Upstairs,34352692304000,3.6,10.46,-2.6
903853,17,Upstairs,34352742292000,1.88,11.6,-3.02
903854,17,Upstairs,34352792310000,-0.84,9.34,-2.53
903855,17,Upstairs,34352842328000,-0.57,8.28,-1.42
903856,17,Upstairs,34352892316000,-0.61,7.97,0.31
903857,17,Upstairs,34352942335000,0.31,9.08,0.31
903858,17,Upstairs,34352992292000,0.5,9.77,0.57
903859,17,Upstairs,34353042219000,0.84,10.38,0.5
903860,17,Upstairs,34353092328000,0.42,13.02,-0.42
903861,17,Upstairs,34353142377000,0.46,15.21,-1.92
903862,17,Upstairs,34353192304000,0.27,10.38,-4.59
903863,17,Upstairs,34353242292000,0.08,6.13,-4.63
903864,17,Upstairs,34353292310000,-0.65,8.96,-2.87
903865,17,Upstairs,34353342359000,-0.19,11.92,-1.33
903866,17,Upstairs,34353392316000,-0.15,9.19,-1.8
903867,17,Upstairs,34353442304000,0.27,8.31,-0.99
903868,17,Upstairs,34353492292000,0.69,9.0,-1.23
903869,17,Upstairs,34353542310000,0.34,10.92,-0.3
903870,17,Upstairs,34353592298000,0.61,10.08,-1.08
903871,17,Upstairs,34353642316000,0.15,10.84,-0.8
903872,17,Upstairs,34353692304000,1.08,14.1,-2.37
903873,17,Upstairs,34353742292000,1.5,16.89,-2.75
903874,17,Upstairs,34353792310000,-0.23,11.92,-3.95
903875,17,Upstairs,34353842328000,-0.84,6.55,-3.64
903876,17,Upstairs,34353892316000,-0.38,7.89,-1.84
903877,17,Upstairs,34353942304000,-0.38,10.15,-2.68
903878,17,Upstairs,34353992322000,-1.38,10.57,-1.5
903879,17,Upstairs,34354042310000,-1.73,7.74,-0.65
903880,17,Upstairs,34354092298000,-0.34,7.97,0.31
903881,17,Upstairs,34354142316000,0.27,11.88,-1.12
903882,17,Upstairs,34354192304000,-0.69,13.82,-0.08
903883,17,Upstairs,34354242353000,-1.14,11.54,-0.19
903884,17,Upstairs,34354292310000,-1.95,9.19,-2.72
903885,17,Upstairs,34354342328000,-0.72,8.47,-3.02
903886,17,Upstairs,34354392347000,-0.11,9.0,-2.98
903887,17,Upstairs,34354442304000,-0.69,8.31,-1.92
903888,17,Upstairs,34354492322000,-1.53,7.21,-2.11
903889,17,Upstairs,34354542310000,-1.08,9.15,-1.08
903890,17,Upstairs,34354592298000,-0.11,10.27,-2.22
903891,17,Upstairs,34354642316000,-0.34,10.53,-1.8
903892,17,Upstairs,34354692304000,-0.76,10.42,-0.65
903893,17,Upstairs,34354742292000,1.12,11.65,-0.72
