,user,label,timestamp,x,y,z
498683,26,Downstairs,1966742320000,-4.59,10.08,5.05
498684,26,Downstairs,1966792339000,-0.65,10.88,-3.68
498685,26,Downstairs,1966842326000,0.65,11.6,3.53
498686,26,Downstairs,1966892345000,0.27,12.11,-0.99
498687,26,Downstairs,1966942332000,1.14,11.3,-1.31
498688,26,Downstairs,1966992778000,2.79,9.66,-0.46
498689,26,Downstairs,1967042339000,-3.06,17.2,-2.11
498690,26,Downstairs,1967092357000,-8.69,16.17,-4.4
498691,26,Downstairs,1967142345000,-6.28,7.89,-4.14
498692,26,Downstairs,1967192332000,-2.64,3.76,1.69
498693,26,Downstairs,1967242320000,-3.68,1.14,5.33
498694,26,Downstairs,1967292339000,-0.42,3.15,-0.3
498695,26,Downstairs,1967342326000,1.54,9.0,-5.41
498696,26,Downstairs,1967392345000,3.95,12.87,0.53
498697,26,Downstairs,1967442332000,2.18,7.31,1.61
498698,26,Downstairs,1967492320000,0.72,9.19,-2.26
498699,26,Downstairs,1967542339000,-1.38,16.36,-0.61
498700,26,Downstairs,1967592326000,-5.18,13.59,1.42
498701,26,Downstairs,1967642345000,-4.59,12.98,-1.27
498703,26,Downstairs,1967692332000,-2.53,11.84,-2.68
498702,26,Downstairs,1967692332000,-2.53,11.84,-2.68
498704,26,Downstairs,1967763225000,1.69,9.34,-1.99
498705,26,Downstairs,1967812877000,4.37,10.57,-2.07
498706,26,Downstairs,1967862498000,7.67,7.63,-3.6
498707,26,Downstairs,1967913219000,1.65,10.15,3.11
498708,26,Downstairs,1967962871000,-7.46,11.69,1.8
498709,26,Downstairs,1968012492000,-6.32,10.99,-3.3
498710,26,Downstairs,1968063151000,-1.46,8.01,-1.42
498711,26,Downstairs,1968112987000,4.33,9.38,1.33
498712,26,Downstairs,1968162517000,4.21,14.06,-2.41
498713,26,Downstairs,1968213176000,1.57,7.44,-0.99
498714,26,Downstairs,1968262767000,-1.46,7.5,-0.23
498715,26,Downstairs,1968312450000,-1.92,15.05,0.04
498716,26,Downstairs,1968363109000,-1.61,16.47,-2.83
498717,26,Downstairs,1968412761000,-2.98,6.74,-0.3
498718,26,Downstairs,1968462352000,-2.72,8.16,-1.14
498719,26,Downstairs,1968512889000,-3.17,9.28,-3.11
498720,26,Downstairs,1968562511000,0.76,4.67,-1.23
498721,26,Downstairs,1968613200000,3.53,9.47,-2.79
498722,26,Downstairs,1968662852000,9.0,11.3,-3.72
498723,26,Downstairs,1968712474000,-1.57,19.31,3.21
498724,26,Downstairs,1968763072000,-9.66,9.51,3.87
498725,26,Downstairs,1968812694000,-3.72,5.83,-2.68
498726,26,Downstairs,1968862346000,-0.5,7.63,-2.34
498727,26,Downstairs,1968912913000,5.79,15.05,0.5
498728,26,Downstairs,1968962535000,3.34,7.46,0.65
498729,26,Downstairs,1969013133000,0.46,9.72,-1.08
498730,26,Downstairs,1969062785000,-3.17,17.58,-0.27
498731,26,Downstairs,1969112468000,-2.11,12.03,-3.26
498732,26,Downstairs,1969163127000,-3.17,9.34,-2.41
498733,26,Downstairs,1969212779000,-2.83,13.14,-0.5
498734,26,Downstairs,1969262401000,-0.65,6.93,-1.18
498735,26,Downstairs,1969313060000,0.46,6.36,-1.42
498736,26,Downstairs,1969362712000,1.08,9.08,-0.27
498737,26,Downstairs,1969412364000,2.18,9.77,-0.11
498738,26,Downstairs,1969462840000,5.33,11.41,-2.87
498739,26,Downstairs,1969513194000,1.46,17.54,-5.09
498740,26,Downstairs,1969572276000,-11.41,11.75,6.59
498741,26,Downstairs,1969632304000,-5.33,5.33,0.31
498742,26,Downstairs,1969682292000,2.53,7.35,-1.31
498743,26,Downstairs,1969732310000,6.89,11.54,0.15
498744,26,Downstairs,1969782268000,1.42,10.84,-1.84
498745,26,Downstairs,1969832317000,-0.38,9.43,-2.41
498746,26,Downstairs,1969882274000,-2.6,17.47,0.61
498747,26,Downstairs,1969932292000,-0.11,11.88,-2.98
498748,26,Downstairs,1969982280000,-3.91,9.04,-1.31
498749,26,Downstairs,1970032268000,-3.95,12.15,-0.91
498750,26,Downstairs,1970082286000,-1.18,8.89,-1.33
498751,26,Downstairs,1970132304000,1.27,9.43,-0.69
498752,26,Downstairs,1970182262000,2.15,7.93,-0.38
498753,26,Downstairs,1970252391000,3.99,7.46,-1.65
498754,26,Downstairs,1970302257000,5.37,11.35,-2.56
498755,26,Downstairs,1970352336000,-5.98,18.24,-0.23
498756,26,Downstairs,1970402263000,-9.49,8.35,3.15
498757,26,Downstairs,1970452342000,-2.83,6.55,-1.14
498758,26,Downstairs,1970502299000,2.53,11.07,-0.65
498759,26,Downstairs,1970552318000,5.9,13.44,-0.23
498760,26,Downstairs,1970602336000,3.06,7.74,-1.76
498761,26,Downstairs,1970652293000,0.69,6.05,-1.53
498762,26,Downstairs,1970702312000,-2.53,18.01,-1.27
498763,26,Downstairs,1970752299000,-2.83,13.29,-2.87
498764,26,Downstairs,1970802318000,-3.76,10.95,-0.27
498765,26,Downstairs,1970852306000,-2.22,10.19,-0.99
498766,26,Downstairs,1970902293000,-1.76,6.59,-2.37
498767,26,Downstairs,1970952312000,0.27,6.21,-1.5
498768,26,Downstairs,1971002299000,2.91,6.63,-0.46
498769,26,Downstairs,1971052318000,5.98,7.97,-0.57
498770,26,Downstairs,1971102306000,-0.61,13.1,-1.27
498771,26,Downstairs,1971152293000,-9.04,16.4,-0.61
498772,26,Downstairs,1971202312000,-5.24,8.85,-0.11
498773,26,Downstairs,1971252360000,2.76,13.02,1.08
498774,26,Downstairs,1971302318000,5.67,14.79,-1.14
498775,26,Downstairs,1971352306000,4.4,1.8,-1.53
498776,26,Downstairs,1971402293000,1.88,-1.84,-2.14
498777,26,Downstairs,1971452312000,3.79,11.18,-0.5
498778,26,Downstairs,1971502299000,-5.48,18.62,1.69
498779,26,Downstairs,1971552318000,-1.53,6.7,0.0
498780,26,Downstairs,1971602306000,-2.6,12.37,-1.73
498781,26,Downstairs,1971652293000,-2.75,11.14,-4.06
498782,26,Downstairs,1971702312000,-1.08,10.8,-0.69
498783,26,Downstairs,1971752299000,1.99,10.57,-1.53
498784,26,Downstairs,1971802318000,6.63,12.3,1.08
498785,26,Downstairs,1971852306000,3.21,14.67,0.57
498786,26,Downstairs,1971902293000,-3.34,19.38,-4.86
498787,26,Downstairs,1971952312000,-7.04,14.14,-2.18
498788,26,Downstairs,1972002727000,-5.86,5.28,-1.95
498789,26,Downstairs,1972052318000,-5.98,5.75,-2.41
498790,26,Downstairs,1972102306000,-7.65,8.31,-2.22
498791,26,Downstairs,1972152293000,1.8,11.37,9.58
498792,26,Downstairs,1972202312000,11.22,12.34,-8.58
498793,26,Downstairs,1972252299000,0.31,4.67,-3.15
498794,26,Downstairs,1972302318000,-5.05,11.8,-4.21
498795,26,Downstairs,1972352306000,-3.02,15.7,8.89
498796,26,Downstairs,1972402293000,-4.25,8.62,-2.34
498797,26,Downstairs,1972452312000,-2.37,8.08,-2.98
498798,26,Downstairs,1972502299000,-2.41,12.41,-3.06
498799,26,Downstairs,1972552348000,0.57,7.74,-3.17
498800,26,Downstairs,1972602306000,0.93,8.43,-3.6
498801,26,Downstairs,1972652293000,-2.26,10.0,-0.61
498803,26,Downstairs,1972702312000,-3.64,9.19,3.41
498802,26,Downstairs,1972702312000,-3.64,9.19,3.41
498804,26,Downstairs,1972763225000,0.69,10.84,-4.59
498805,26,Downstairs,1972812328000,-1.38,12.03,2.53
498806,26,Downstairs,1972862376000,-1.08,11.45,-2.22
498807,26,Downstairs,1972912486000,2.07,12.64,-1.27
498808,26,Downstairs,1972963145000,1.8,11.88,2.53
498809,26,Downstairs,1973012767000,-7.01,16.82,-3.68
498810,26,Downstairs,1973062358000,-6.85,12.18,-5.05
498811,26,Downstairs,1973112865000,-1.73,8.47,-3.6
498812,26,Downstairs,1973162486000,2.96,7.86,0.11
498813,26,Downstairs,1973213115000,-3.6,4.4,-1.76
498814,26,Downstairs,1973262706000,-2.6,2.18,-0.42
498815,26,Downstairs,1973312328000,1.73,6.47,3.11
498816,26,Downstairs,1973362865000,2.07,8.66,-3.06
498817,26,Downstairs,1973412395000,1.18,6.13,0.99
498818,26,Downstairs,1973462993000,-0.42,9.23,-0.65
498819,26,Downstairs,1973512614000,1.08,11.73,-1.27
498820,26,Downstairs,1973562328000,-3.34,19.08,2.6
498821,26,Downstairs,1973612773000,-2.56,12.83,-0.53
498822,26,Downstairs,1973662425000,-3.57,9.85,-4.21
498823,26,Downstairs,1973713054000,-1.73,11.6,-3.68
498824,26,Downstairs,1973762706000,0.8,7.7,-2.83
498825,26,Downstairs,1973812328000,3.99,6.78,1.08
498826,26,Downstairs,1973862773000,3.15,5.41,3.06
498827,26,Downstairs,1973912395000,0.93,10.76,-1.08
498828,26,Downstairs,1973962932000,0.89,11.5,-2.79
498829,26,Downstairs,1974012492000,5.94,13.72,-4.48
498830,26,Downstairs,1974063151000,-5.37,17.86,3.06
498831,26,Downstairs,1974122264000,-8.5,7.78,-1.99
498832,26,Downstairs,1974182292000,-5.33,4.94,-0.95
498833,26,Downstairs,1974232310000,2.68,8.47,3.49
498834,26,Downstairs,1974282298000,4.71,9.38,-0.08
498835,26,Downstairs,1974332347000,3.06,10.53,-4.02
498836,26,Downstairs,1974382335000,1.08,10.08,-2.18
498837,26,Downstairs,1974432353000,-3.53,16.86,2.15
498838,26,Downstairs,1974482402000,-4.18,14.86,-0.27
498839,26,Downstairs,1974532329000,-0.42,10.69,-2.41
498840,26,Downstairs,1974582347000,-2.34,10.73,-1.65
498841,26,Downstairs,1974632335000,-1.57,8.28,-2.11
498842,26,Downstairs,1974682292000,0.23,7.01,-2.11
498843,26,Downstairs,1974732341000,1.18,7.82,-1.46
498844,26,Downstairs,1974782329000,2.68,9.23,-1.38
498845,26,Downstairs,1974832347000,6.13,10.95,-3.36
498846,26,Downstairs,1974882335000,-2.37,17.35,4.33
498847,26,Downstairs,1974932323000,-8.35,9.53,0.34
498848,26,Downstairs,1974982646000,-5.37,5.86,-1.84
498849,26,Downstairs,1975032329000,-0.91,9.62,-0.84
498850,26,Downstairs,1975082347000,6.13,13.44,-0.5
498851,26,Downstairs,1975132335000,4.75,10.42,-1.57
498852,26,Downstairs,1975182323000,0.5,5.48,-1.18
498853,26,Downstairs,1975232371000,-2.11,13.18,0.57
498854,26,Downstairs,1975302379000,-3.34,15.89,-2.6
498855,26,Downstairs,1975352275000,-1.65,9.43,-1.04
498856,26,Downstairs,1975402263000,-3.34,11.37,-1.18
498857,26,Downstairs,1975452312000,-1.92,8.96,-2.49
498858,26,Downstairs,1975502330000,0.69,7.35,-1.31
498859,26,Downstairs,1975552318000,1.46,9.62,-0.3
498860,26,Downstairs,1975602306000,3.02,10.31,-1.31
498861,26,Downstairs,1975652293000,5.83,9.11,-1.46
498862,26,Downstairs,1975702312000,-0.34,15.83,-0.65
498863,26,Downstairs,1975752299000,-10.11,12.37,0.46
498864,26,Downstairs,1975802318000,-5.52,5.71,-0.23
498865,26,Downstairs,1975852306000,-1.14,6.59,-0.27
498866,26,Downstairs,1975902293000,5.9,11.75,0.19
498867,26,Downstairs,1975952312000,6.36,13.1,-0.69
498868,26,Downstairs,1976002788000,2.11,6.28,-2.03
498869,26,Downstairs,1976052318000,-1.04,10.8,-1.57
498870,26,Downstairs,1976102336000,-4.4,16.47,-0.91
498871,26,Downstairs,1976152293000,-3.34,11.75,-3.41
498872,26,Downstairs,1976202312000,-3.83,12.11,-0.57
498873,26,Downstairs,1976252269000,-1.73,10.12,-1.57
498874,26,Downstairs,1976302318000,-0.27,9.47,-2.14
498875,26,Downstairs,1976352306000,1.18,6.89,-0.72
498876,26,Downstairs,1976402293000,2.96,10.53,-1.38
498877,26,Downstairs,1976452312000,5.43,9.23,-0.65
498878,26,Downstairs,1976502299000,3.72,13.25,-0.95
498879,26,Downstairs,1976552318000,-8.35,11.45,0.95
498880,26,Downstairs,1976602336000,-7.93,8.73,-1.04
498881,26,Downstairs,1976652293000,-4.79,8.01,-0.69
498882,26,Downstairs,1976702312000,3.64,11.37,0.61
