,user,label,timestamp,x,y,z
498883,26,Downstairs,1976752299000,6.09,15.51,-0.61
498884,26,Downstairs,1976802318000,3.38,6.32,-1.46
498885,26,Downstairs,1976852336000,0.5,4.94,-0.99
498886,26,Downstairs,1976902293000,-2.18,13.14,-0.5
498887,26,Downstairs,1976952312000,-3.11,18.85,-3.57
498888,26,Downstairs,1977002299000,-2.49,9.96,-0.8
498889,26,Downstairs,1977052318000,-3.15,11.45,-0.61
498890,26,Downstairs,1977102306000,-2.03,9.66,-2.6
498891,26,Downstairs,1977152354000,-0.11,8.47,-1.18
498892,26,Downstairs,1977202312000,2.87,8.31,-1.5
498893,26,Downstairs,1977252299000,6.13,7.89,-2.14
498894,26,Downstairs,1977302318000,4.14,12.64,-1.53
498895,26,Downstairs,1977352306000,-7.59,11.69,3.3
498896,26,Downstairs,1977402293000,-5.94,9.89,-1.18
498897,26,Downstairs,1977452342000,-2.03,10.84,-2.26
498898,26,Downstairs,1977502330000,3.95,14.37,2.34
498899,26,Downstairs,1977552318000,2.41,10.12,-0.61
498901,26,Downstairs,1977602580000,1.38,2.72,-0.84
498900,26,Downstairs,1977602580000,1.38,2.72,-0.84
498902,26,Downstairs,1977662822000,0.04,-0.8,-1.08
498903,26,Downstairs,1977713084000,2.41,10.84,-2.26
498904,26,Downstairs,1977762462000,-6.51,18.96,-1.08
498905,26,Downstairs,1977813945000,-0.95,7.63,0.89
498906,26,Downstairs,1977862590000,-1.08,12.3,-1.04
498907,26,Downstairs,1977912303000,1.18,10.88,-2.22
498908,26,Downstairs,1977962871000,3.68,12.15,-2.68
498909,26,Downstairs,1978012462000,7.25,8.2,0.84
498910,26,Downstairs,1978063090000,1.57,18.16,0.15
498911,26,Downstairs,1978112682000,-4.1,19.53,-4.99
498912,26,Downstairs,1978162364000,-7.78,15.4,-4.14
498913,26,Downstairs,1978212962000,-6.13,6.55,-2.49
498914,26,Downstairs,1978262675000,-3.02,6.93,0.34
498915,26,Downstairs,1978312358000,-4.79,6.85,6.05
498916,26,Downstairs,1978362956000,-0.38,8.96,-1.12
498917,26,Downstairs,1978412578000,3.3,10.65,-1.61
498918,26,Downstairs,1978463267000,3.87,11.88,-5.71
498919,26,Downstairs,1978512920000,0.8,7.93,-3.91
498920,26,Downstairs,1978566325000,-3.17,11.96,-3.11
498921,26,Downstairs,1978622356000,-2.11,16.09,6.02
498923,26,Downstairs,1978682292000,-2.37,5.9,-1.84
498922,26,Downstairs,1978682292000,-2.37,5.9,-1.84
498924,26,Downstairs,1978770335000,-2.98,11.35,-2.26
498925,26,Downstairs,1978832500000,0.08,6.74,-3.79
498926,26,Downstairs,1978882426000,-1.46,9.53,-4.75
498927,26,Downstairs,1978932201000,-5.18,10.12,1.38
498928,26,Downstairs,1978982280000,-4.79,10.92,3.49
498929,26,Downstairs,1979032298000,2.03,11.96,-1.69
498930,26,Downstairs,1979082347000,3.95,12.41,1.04
498931,26,Downstairs,1979132274000,3.95,11.45,0.27
498932,26,Downstairs,1979182323000,2.76,11.69,0.46
498933,26,Downstairs,1979232341000,-5.75,17.5,-3.72
498934,26,Downstairs,1979282329000,-10.5,16.28,-5.75
498935,26,Downstairs,1979332317000,-6.24,7.63,-1.95
498936,26,Downstairs,1979382304000,0.27,7.16,6.02
498937,26,Downstairs,1979432323000,-3.36,2.22,-1.04
498938,26,Downstairs,1979482310000,-2.11,1.65,-1.8
498939,26,Downstairs,1979532329000,-1.14,4.29,-0.69
498940,26,Downstairs,1979582378000,3.06,12.3,-1.95
498941,26,Downstairs,1979632335000,5.18,11.3,2.22
498942,26,Downstairs,1979682323000,1.18,4.1,-0.08
498943,26,Downstairs,1979732341000,-2.6,9.23,-2.22
498944,26,Downstairs,1979782329000,-7.46,19.53,-0.04
498945,26,Downstairs,1979832347000,-2.75,12.22,0.76
498946,26,Downstairs,1979882335000,-4.37,7.82,-3.45
498947,26,Downstairs,1979932323000,-3.6,12.22,-3.36
498948,26,Downstairs,1979984111000,-0.72,7.31,-1.95
498949,26,Downstairs,1980042308000,2.34,7.97,-0.19
498950,26,Downstairs,1980102306000,3.79,7.97,-0.19
498951,26,Downstairs,1980152232000,1.65,9.08,-0.91
498952,26,Downstairs,1980202342000,1.99,11.84,-1.84
498953,26,Downstairs,1980254283000,5.48,12.26,-2.53
498954,26,Downstairs,1980302226000,-3.49,18.62,-4.14
498955,26,Downstairs,1980352336000,-12.87,11.37,5.63
498956,26,Downstairs,1980402293000,-2.98,3.64,-2.03
498957,26,Downstairs,1980452342000,-1.08,5.71,-1.65
498958,26,Downstairs,1980502299000,5.09,8.73,2.07
498959,26,Downstairs,1980552318000,4.1,11.88,-0.65
498960,26,Downstairs,1980602306000,-0.15,9.23,-1.95
498961,26,Downstairs,1980652293000,-0.42,10.99,-0.61
498962,26,Downstairs,1980702342000,-3.26,18.92,-1.73
498963,26,Downstairs,1980752299000,-1.23,11.45,-1.61
498964,26,Downstairs,1980802318000,-3.41,9.51,-0.61
498965,26,Downstairs,1980852306000,-3.34,9.92,-1.84
498966,26,Downstairs,1980902324000,-1.65,5.6,-1.5
498967,26,Downstairs,1980952312000,0.0,4.82,-0.72
498968,26,Downstairs,1981002299000,0.65,7.08,-0.65
498969,26,Downstairs,1981052318000,0.42,9.72,0.11
498970,26,Downstairs,1981102306000,4.99,10.27,-2.96
498971,26,Downstairs,1981152293000,5.22,18.77,-7.59
498972,26,Downstairs,1981202312000,-8.27,12.87,4.56
498973,26,Downstairs,1981252360000,-7.82,5.98,5.75
498974,26,Downstairs,1981302318000,-0.8,9.43,-0.53
498975,26,Downstairs,1981352306000,5.83,10.46,-2.91
498976,26,Downstairs,1981402293000,3.76,9.3,-0.99
498977,26,Downstairs,1981452312000,0.95,6.09,-2.64
498978,26,Downstairs,1981502299000,-1.76,9.62,1.84
498979,26,Downstairs,1981552348000,-4.02,18.7,-3.3
498980,26,Downstairs,1981602306000,-2.41,11.73,-1.27
498981,26,Downstairs,1981652293000,-3.06,9.38,-0.27
498982,26,Downstairs,1981702312000,-3.41,9.81,-2.03
498983,26,Downstairs,1981752238000,-2.34,8.81,-2.45
498984,26,Downstairs,1981802318000,0.23,7.82,-0.69
498985,26,Downstairs,1981852306000,1.57,8.12,-0.38
498986,26,Downstairs,1981902293000,6.32,7.44,-4.18
498987,26,Downstairs,1981952312000,2.91,12.11,-3.98
498988,26,Downstairs,1982002544000,-9.49,15.47,4.67
498989,26,Downstairs,1982052318000,-6.17,7.97,1.57
498990,26,Downstairs,1982102306000,3.57,10.99,-1.88
498991,26,Downstairs,1982152293000,6.47,14.48,-2.03
498992,26,Downstairs,1982202312000,4.4,5.24,-1.08
498993,26,Downstairs,1982252299000,1.65,3.38,0.31
498994,26,Downstairs,1982302257000,-3.98,17.88,-3.34
498995,26,Downstairs,1982352275000,-3.98,13.82,-1.88
498996,26,Downstairs,1982402293000,-3.3,8.89,0.76
498997,26,Downstairs,1982455730000,-3.95,11.3,-1.84
498998,26,Downstairs,1982455730000,-3.95,11.3,-1.84
498999,26,Downstairs,1982512797000,-1.04,6.47,-2.56
499000,26,Downstairs,1982562480000,4.63,8.24,-6.63
499001,26,Downstairs,1982613078000,9.15,8.08,-0.84
499002,26,Downstairs,1982662669000,-2.34,12.26,6.74
499003,26,Downstairs,1982712321000,-9.0,18.7,-1.99
499004,26,Downstairs,1982762736000,-3.53,9.53,-2.6
499005,26,Downstairs,1982812358000,-0.57,10.19,0.38
499006,26,Downstairs,1982862865000,1.99,15.09,-0.91
499007,26,Downstairs,1982912517000,3.64,7.82,-1.99
499008,26,Downstairs,1982963115000,3.64,-0.11,-0.84
499009,26,Downstairs,1983012675000,6.44,-1.61,-5.33
499010,26,Downstairs,1983072276000,0.99,15.21,-3.49
499011,26,Downstairs,1983132274000,-4.63,15.32,4.71
499012,26,Downstairs,1983182292000,-1.95,7.12,-0.04
499013,26,Downstairs,1983232280000,-0.61,12.15,-4.14
499014,26,Downstairs,1983282298000,1.69,7.78,-4.4
499015,26,Downstairs,1983332317000,6.02,6.78,-1.76
499016,26,Downstairs,1983382304000,-0.95,9.0,9.08
499017,26,Downstairs,1983432292000,-4.9,15.02,-5.98
499018,26,Downstairs,1983482249000,-9.23,16.02,-0.72
499019,26,Downstairs,1983532329000,-2.37,8.05,1.14
499020,26,Downstairs,1983582347000,4.56,11.03,-0.5
499021,26,Downstairs,1983632335000,8.28,8.66,-0.95
499022,26,Downstairs,1983682323000,4.6,-1.23,0.38
499023,26,Downstairs,1983732341000,6.02,-0.57,-2.72
499024,26,Downstairs,1983782329000,-3.15,16.63,-4.37
499025,26,Downstairs,1983832347000,-2.72,12.26,3.99
499026,26,Downstairs,1983892375000,-1.73,8.24,-2.53
499027,26,Downstairs,1983942241000,-2.6,13.76,-4.75
499028,26,Downstairs,1983992320000,-0.19,8.35,-0.76
499029,26,Downstairs,1984042339000,2.79,5.75,-2.03
499030,26,Downstairs,1984092326000,6.13,17.12,0.72
499031,26,Downstairs,1984142345000,-1.38,18.09,-1.27
499032,26,Downstairs,1984192332000,-3.6,15.43,-2.53
499033,26,Downstairs,1984242351000,-6.97,13.91,-3.6
499034,26,Downstairs,1984292338000,-5.98,5.71,-2.83
499035,26,Downstairs,1984342326000,-8.5,3.72,7.25
499036,26,Downstairs,1984392345000,0.27,5.98,1.14
499037,26,Downstairs,1984442332000,5.75,12.57,-1.73
499038,26,Downstairs,1984492320000,5.33,12.76,-4.71
499039,26,Downstairs,1984542339000,-2.3,5.83,-4.33
499040,26,Downstairs,1984592326000,-1.27,16.97,-0.08
499041,26,Downstairs,1984592326000,-1.27,16.97,-0.08
499042,26,Downstairs,1984702312000,-3.21,9.66,-2.07
499043,26,Downstairs,1984752299000,-2.6,11.75,-2.68
499044,26,Downstairs,1984802287000,0.0,10.57,-4.14
499045,26,Downstairs,1984852306000,0.89,7.67,-2.96
499046,26,Downstairs,1984902293000,-0.76,8.24,-3.68
499047,26,Downstairs,1984952312000,-4.02,10.04,1.42
499048,26,Downstairs,1985002299000,-4.44,9.38,1.14
499049,26,Downstairs,1985052318000,-0.34,8.89,-5.05
499050,26,Downstairs,1985102306000,0.46,10.92,6.24
499051,26,Downstairs,1985102306000,0.46,10.92,6.24
499052,26,Downstairs,1985172313000,-0.61,10.76,-7.44
499053,26,Downstairs,1985222270000,-3.34,12.64,-0.34
499054,26,Downstairs,1985272258000,3.53,11.26,-2.41
499055,26,Downstairs,1985322276000,4.75,10.57,0.76
499056,26,Downstairs,1985372264000,-1.18,14.21,-2.91
499057,26,Downstairs,1985432262000,-8.2,17.01,-5.6
499058,26,Downstairs,1985482249000,-7.01,10.12,0.0
499059,26,Downstairs,1985532268000,-0.69,7.86,-0.89
499060,26,Downstairs,1985582347000,4.18,9.11,-2.22
499061,26,Downstairs,1985632335000,-3.79,4.86,-0.95
499062,26,Downstairs,1985682292000,-2.56,3.3,0.46
499063,26,Downstairs,1985732310000,3.06,7.08,1.95
499064,26,Downstairs,1985782298000,4.14,8.62,-1.18
499065,26,Downstairs,1985832317000,3.41,6.13,-0.84
499066,26,Downstairs,1985882304000,-1.27,7.44,-2.56
499067,26,Downstairs,1985932262000,-2.56,7.89,-2.03
499068,26,Downstairs,1985982249000,-2.96,13.4,0.89
499069,26,Downstairs,1986032298000,-4.14,19.04,0.65
499070,26,Downstairs,1986082286000,-1.53,10.65,-1.04
499071,26,Downstairs,1986132426000,-3.34,14.25,-3.83
499072,26,Downstairs,1986182292000,-0.57,7.74,-2.41
499073,26,Downstairs,1986232310000,1.54,5.01,-2.07
499074,26,Downstairs,1986282268000,2.83,6.55,-1.61
499075,26,Downstairs,1986332317000,3.72,6.74,-0.08
499076,26,Downstairs,1986382304000,2.6,6.55,1.08
499077,26,Downstairs,1986432231000,0.04,12.95,-0.3
499078,26,Downstairs,1986482249000,0.34,11.18,-0.65
499079,26,Downstairs,1986532298000,3.41,10.61,-3.06
499080,26,Downstairs,1986582347000,2.41,16.59,-4.52
499081,26,Downstairs,1986632335000,-7.7,13.8,-0.38
499082,26,Downstairs,1986682323000,-7.31,6.44,-0.15
