,user,label,timestamp,x,y,z
912679,17,Upstairs,34928442335000,0.42,7.86,-2.49
912680,17,Upstairs,34928492322000,-0.61,8.12,-2.34
912681,17,Upstairs,34928542341000,0.04,7.74,-0.69
912682,17,Upstairs,34928592328000,0.42,8.35,-2.3
912683,17,Upstairs,34928642347000,0.34,10.42,-1.33
912684,17,Upstairs,34928692335000,-0.08,13.38,-1.23
912685,17,Upstairs,34928742322000,-1.12,14.06,-2.11
912686,17,Upstairs,34928792310000,-2.14,14.63,-3.02
912687,17,Upstairs,34928842328000,0.89,9.28,-3.15
912688,17,Upstairs,34928892347000,-1.12,6.32,-3.02
912689,17,Upstairs,34928942335000,-1.95,7.44,-1.04
912690,17,Upstairs,34928992322000,0.11,8.96,-3.57
912691,17,Upstairs,34929042341000,0.27,9.11,-2.07
912692,17,Upstairs,34929092328000,0.65,6.51,-2.26
912693,17,Upstairs,34929162305000,1.08,5.43,-2.56
912694,17,Upstairs,34929212324000,1.31,7.74,-1.38
912695,17,Upstairs,34929262372000,2.15,13.14,-1.14
912696,17,Upstairs,34929312299000,4.37,19.31,-2.41
912697,17,Upstairs,34929362348000,3.15,14.29,-4.02
912698,17,Upstairs,34929412336000,2.6,10.53,-6.74
912699,17,Upstairs,34929462293000,-2.83,10.53,-2.72
912700,17,Upstairs,34929512922000,-2.79,7.31,-2.68
912701,17,Upstairs,34929562330000,1.14,5.28,-4.71
912702,17,Upstairs,34929612317000,1.27,7.82,-1.57
912703,17,Upstairs,34929662336000,-0.19,7.97,-2.83
912704,17,Upstairs,34929712324000,-1.04,7.08,-2.03
912705,17,Upstairs,34929762311000,-0.3,8.85,-1.27
912706,17,Upstairs,34929812330000,0.61,11.11,-1.53
912707,17,Upstairs,34929862317000,0.15,12.87,-1.33
912708,17,Upstairs,34929912336000,-0.04,14.29,-1.84
912709,17,Upstairs,34929962324000,-2.72,13.48,-2.96
912710,17,Upstairs,34930012250000,-0.08,11.37,-3.26
912711,17,Upstairs,34930062330000,0.53,6.78,-3.72
912712,17,Upstairs,34930112348000,-0.76,5.67,-0.91
912713,17,Upstairs,34930162336000,-1.69,7.82,-3.72
912714,17,Upstairs,34930212324000,-1.27,9.3,-2.18
912715,17,Upstairs,34930262342000,0.31,8.5,-2.72
912716,17,Upstairs,34930262342000,0.31,8.5,-2.72
912717,17,Upstairs,34930322309000,0.69,5.98,-2.79
912718,17,Upstairs,34930382276000,1.42,7.25,-1.99
912719,17,Upstairs,34930432325000,2.3,14.1,-2.26
912720,17,Upstairs,34930482343000,3.34,17.58,-3.3
912721,17,Upstairs,34930532331000,1.8,13.57,-5.48
912722,17,Upstairs,34930582349000,0.53,11.14,-5.41
912723,17,Upstairs,34930632337000,-2.37,9.38,-2.34
912724,17,Upstairs,34930682325000,0.15,7.25,-4.1
912725,17,Upstairs,34930732343000,0.89,7.4,-3.11
912726,17,Upstairs,34930782361000,1.46,9.47,-2.03
912727,17,Upstairs,34930832349000,-0.23,6.85,-2.34
912728,17,Upstairs,34930882337000,-0.89,4.75,-1.76
912729,17,Upstairs,34930932325000,0.65,8.28,-0.91
912730,17,Upstairs,34930982343000,-0.23,11.45,-1.95
912731,17,Upstairs,34931032331000,0.34,13.21,-1.65
912732,17,Upstairs,34931082349000,1.14,12.64,-0.95
912733,17,Upstairs,34931132337000,-2.45,15.51,-1.31
912734,17,Upstairs,34931182325000,-1.57,12.49,-2.6
912735,17,Upstairs,34931232343000,-0.08,5.79,-2.56
912736,17,Upstairs,34931282392000,-1.99,5.6,-1.76
912737,17,Upstairs,34931332349000,-1.08,9.38,-3.21
912738,17,Upstairs,34931382337000,-0.5,7.93,-2.96
912739,17,Upstairs,34931432325000,-0.08,6.74,-3.02
912740,17,Upstairs,34931482343000,-0.04,6.17,-2.14
912741,17,Upstairs,34931532331000,0.72,8.81,-2.68
912742,17,Upstairs,34931593885000,0.53,12.91,-2.11
912743,17,Upstairs,34931642286000,2.45,16.59,-3.45
912744,17,Upstairs,34931692274000,1.14,15.05,-4.33
912745,17,Upstairs,34931742322000,2.41,10.27,-5.9
912746,17,Upstairs,34931792310000,0.15,9.7,-3.53
912747,17,Upstairs,34931842359000,-3.15,6.82,-2.91
912748,17,Upstairs,34931892377000,-0.19,4.4,-5.37
912749,17,Upstairs,34931942335000,0.42,6.44,-3.79
912750,17,Upstairs,34931992292000,-1.14,9.08,-2.22
912751,17,Upstairs,34932042371000,-0.5,9.11,-1.33
912752,17,Upstairs,34932092328000,0.69,7.35,-2.64
912753,17,Upstairs,34932142347000,0.84,8.58,-3.41
912754,17,Upstairs,34932192335000,0.04,11.69,-2.34
912755,17,Upstairs,34932242322000,-0.89,12.76,-1.38
912756,17,Upstairs,34932292341000,-0.34,13.29,-2.07
912757,17,Upstairs,34932342328000,-1.27,13.8,-2.83
912758,17,Upstairs,34932392347000,-0.89,13.67,-3.64
912759,17,Upstairs,34932442335000,0.46,8.54,-4.25
912760,17,Upstairs,34932492322000,-0.11,4.44,-2.3
912761,17,Upstairs,34932542371000,-1.57,5.79,-1.33
912762,17,Upstairs,34932592328000,-0.95,9.43,-2.22
912763,17,Upstairs,34932642347000,-0.5,9.51,-1.92
912764,17,Upstairs,34932692365000,-0.23,6.78,-2.26
912765,17,Upstairs,34932742322000,1.08,6.74,-1.84
912766,17,Upstairs,34932792310000,2.6,10.23,-2.18
912767,17,Upstairs,34932842328000,2.3,12.57,-3.72
912768,17,Upstairs,34932892347000,1.42,14.67,-1.73
912769,17,Upstairs,34932942335000,0.34,14.94,-0.57
912770,17,Upstairs,34932992322000,1.84,10.57,-6.51
912771,17,Upstairs,34933042310000,2.56,11.56,-3.26
912772,17,Upstairs,34933092328000,1.8,7.25,-4.18
912773,17,Upstairs,34933142377000,1.5,4.94,-7.65
912774,17,Upstairs,34933192335000,-2.11,7.55,-3.76
912775,17,Upstairs,34933242353000,-0.61,8.73,-2.56
912776,17,Upstairs,34933292310000,-0.11,7.55,-5.18
912777,17,Upstairs,34933342328000,-0.8,8.66,-2.14
912778,17,Upstairs,34933392347000,0.99,9.15,-2.41
912779,17,Upstairs,34933442335000,1.27,8.69,-2.03
912780,17,Upstairs,34933492322000,1.65,7.01,-0.61
912781,17,Upstairs,34933542341000,2.96,9.04,1.14
912782,17,Upstairs,34933592328000,2.07,11.45,-2.18
912783,17,Upstairs,34933642347000,0.53,12.53,-0.19
912784,17,Upstairs,34933692335000,-0.38,15.32,-1.69
912785,17,Upstairs,34933742322000,0.11,9.34,-4.63
912786,17,Upstairs,34933792310000,2.34,6.47,-3.06
912787,17,Upstairs,34933842328000,0.23,7.4,-3.64
912788,17,Upstairs,34933892347000,-0.34,12.03,-1.08
912789,17,Upstairs,34933942335000,0.04,10.5,-1.31
912790,17,Upstairs,34933992292000,0.76,8.2,-1.33
912791,17,Upstairs,34934042310000,1.31,7.27,-0.8
912792,17,Upstairs,34934092328000,1.04,8.12,0.04
912793,17,Upstairs,34934142347000,-0.3,10.12,1.31
912794,17,Upstairs,34934192335000,0.89,11.18,1.23
912795,17,Upstairs,34934242322000,3.99,9.66,-1.46
912796,17,Upstairs,34934292280000,2.91,12.91,-4.25
912797,17,Upstairs,34934342328000,-0.76,15.32,-4.33
912798,17,Upstairs,34934392347000,-3.41,6.97,-1.5
912799,17,Upstairs,34934442335000,1.46,3.02,-3.91
912800,17,Upstairs,34934492322000,3.11,12.3,-1.69
912801,17,Upstairs,34934542341000,1.04,16.4,-1.27
912802,17,Upstairs,34934592328000,-1.38,11.18,-2.26
912803,17,Upstairs,34934642347000,0.8,8.31,0.0
912804,17,Upstairs,34934692335000,1.95,9.15,0.23
912805,17,Upstairs,34934742322000,1.33,11.65,-1.31
912806,17,Upstairs,34934792310000,-3.02,12.22,-2.83
912807,17,Upstairs,34934842328000,-0.76,12.15,-2.98
912808,17,Upstairs,34934892347000,-0.57,8.16,-3.87
912809,17,Upstairs,34934942335000,-0.84,7.59,-2.34
912810,17,Upstairs,34934992292000,-0.46,8.73,-2.41
912811,17,Upstairs,34935042371000,-0.3,8.54,-2.83
912812,17,Upstairs,34935092328000,-0.76,8.39,-2.56
912813,17,Upstairs,34935142347000,-0.23,8.66,-1.88
912814,17,Upstairs,34935192335000,1.42,9.11,-2.07
912815,17,Upstairs,34935242322000,2.64,10.19,-2.26
912816,17,Upstairs,34935292310000,2.91,11.41,-1.95
912817,17,Upstairs,34935342328000,2.18,12.57,-3.06
912818,17,Upstairs,34935392377000,3.72,12.22,-6.36
912819,17,Upstairs,34935442365000,-1.46,14.14,-2.37
912820,17,Upstairs,34935492322000,1.14,8.89,-4.67
912821,17,Upstairs,34935542341000,1.65,5.71,-5.05
912822,17,Upstairs,34935592359000,0.31,8.2,-2.22
912823,17,Upstairs,34935642347000,1.08,8.96,-1.27
912824,17,Upstairs,34935692335000,0.89,6.78,-2.96
912825,17,Upstairs,34935692335000,0.89,6.78,-2.96
912826,17,Upstairs,34935792341000,0.76,8.85,-0.72
912827,17,Upstairs,34935842328000,0.42,11.84,-1.69
912828,17,Upstairs,34935892347000,0.11,12.72,0.0
912829,17,Upstairs,34935942335000,-1.12,13.95,-1.33
912830,17,Upstairs,34935992292000,-1.31,15.05,-1.38
912831,17,Upstairs,34936042310000,1.38,11.8,-4.4
912832,17,Upstairs,34936092328000,1.69,7.78,-2.3
912833,17,Upstairs,34936142347000,-1.08,6.51,-2.07
912834,17,Upstairs,34936192335000,-1.33,8.92,-2.72
912835,17,Upstairs,34936242322000,-0.38,8.96,-3.17
912836,17,Upstairs,34936292249000,0.19,8.24,-3.11
912837,17,Upstairs,34936342328000,-0.57,7.06,-2.98
912838,17,Upstairs,34936392347000,-1.23,7.16,-2.03
912839,17,Upstairs,34936442335000,1.04,7.7,-2.22
912840,17,Upstairs,34936442335000,1.04,7.7,-2.22
912841,17,Upstairs,34936540327000,3.64,9.96,-3.11
912842,17,Upstairs,34936592512000,1.69,13.1,-3.98
912843,17,Upstairs,34936642408000,4.75,13.4,-4.63
912844,17,Upstairs,34936692365000,1.12,14.82,-3.06
912845,17,Upstairs,34936742353000,-0.8,7.89,-4.06
912846,17,Upstairs,34936792341000,0.27,4.99,-3.91
912847,17,Upstairs,34936842328000,0.76,8.5,-2.68
912848,17,Upstairs,34936892347000,0.5,10.57,-2.72
912849,17,Upstairs,34936942335000,0.11,7.86,-2.26
912850,17,Upstairs,34936992322000,-0.72,4.63,-2.45
912851,17,Upstairs,34937042310000,-0.5,6.28,-2.34
912852,17,Upstairs,34937092328000,-0.89,13.29,0.46
912853,17,Upstairs,34937142347000,2.22,13.14,-0.84
912854,17,Upstairs,34937192365000,2.15,13.48,-2.96
912855,17,Upstairs,34937242322000,-1.95,15.24,-1.65
912856,17,Upstairs,34937292310000,-0.84,14.1,-2.34
912857,17,Upstairs,34937342328000,0.65,5.94,-3.57
912858,17,Upstairs,34937392347000,0.04,2.91,-1.46
912859,17,Upstairs,34937442335000,1.04,7.59,-2.83
912860,17,Upstairs,34937492322000,0.69,12.68,-2.56
912861,17,Upstairs,34937542341000,0.11,9.58,-1.57
912862,17,Upstairs,34937592328000,0.95,5.79,-2.75
912863,17,Upstairs,34937642377000,0.99,6.63,-2.79
912864,17,Upstairs,34937692365000,2.6,9.7,-0.8
912865,17,Upstairs,34937742322000,4.29,12.64,-2.68
912866,17,Upstairs,34937792341000,4.63,13.76,-2.07
912867,17,Upstairs,34937842298000,4.63,11.84,-6.47
912868,17,Upstairs,34937892347000,0.65,14.48,-3.45
912869,17,Upstairs,34937942335000,-2.14,8.5,-3.57
912870,17,Upstairs,34937992292000,-1.69,5.9,-4.1
912871,17,Upstairs,34938042310000,0.57,6.93,-1.69
912872,17,Upstairs,34938092328000,2.26,9.0,-3.26
912873,17,Upstairs,34938142347000,1.04,8.81,-2.96
912874,17,Upstairs,34938192335000,0.04,7.21,-0.38
912875,17,Upstairs,34938242322000,-0.38,10.15,-2.37
912876,17,Upstairs,34938292341000,0.23,13.67,-1.31
912877,17,Upstairs,34938342328000,0.19,13.06,-1.33
912878,17,Upstairs,34938392347000,-0.72,10.08,-3.53
