,user,label,timestamp,x,y,z
314250,18,Upstairs,33320022235000,4.44,9.62,-1.2258313
314251,18,Upstairs,33320072283000,6.74,8.43,0.10896278
314252,18,Upstairs,33320122241000,3.15,7.25,0.95342433
314253,18,Upstairs,33320172228000,1.84,5.9,0.38136974
314254,18,Upstairs,33320222247000,3.21,4.9,-2.5333846
314255,18,Upstairs,33320272265000,4.86,8.69,-0.9125633
314256,18,Upstairs,33320322314000,6.66,10.31,-1.1441092
314257,18,Upstairs,33320372393000,6.55,15.79,-1.3075534
314258,18,Upstairs,33320422259000,1.27,9.3,1.3075534
314259,18,Upstairs,33320472277000,0.34,15.21,0.27240697
314260,18,Upstairs,33320522235000,-1.5,11.5,-1.4165162
314261,18,Upstairs,33320572253000,0.69,8.73,-2.982856
314262,18,Upstairs,33320622302000,5.6,9.85,-8.076866
314263,18,Upstairs,33320672289000,7.12,7.27,-4.140586
314264,18,Upstairs,33320722247000,7.67,6.55,-0.7218784
314265,18,Upstairs,33320772265000,3.57,9.85,5.5571017
314266,18,Upstairs,33320822253000,7.46,9.53,3.2552630000000002
314267,18,Upstairs,33320872302000,6.09,11.3,-2.4925237
314268,18,Upstairs,33320922198000,2.18,14.63,-4.2495484
314269,18,Upstairs,33320972308000,-2.75,13.8,-4.4810944
314270,18,Upstairs,33321022204000,1.12,13.44,2.7649305
314271,18,Upstairs,33321072283000,1.84,9.77,-1.0351465
314272,18,Upstairs,33321122241000,2.37,9.77,0.6537767
314273,18,Upstairs,33321172259000,3.64,11.26,1.607201
314274,18,Upstairs,33321222216000,0.53,13.29,1.0351465
314275,18,Upstairs,33321272265000,0.31,12.26,3.4050870000000004
314276,18,Upstairs,33321322253000,2.68,10.04,1.1168685
314277,18,Upstairs,33321372271000,9.34,7.7,1.0351465
314278,18,Upstairs,33321422228000,5.13,7.78,2.8738932999999998
314279,18,Upstairs,33321472277000,1.92,6.28,-0.53119355
314280,18,Upstairs,33321522235000,0.8,5.71,-2.2609777
314281,18,Upstairs,33321572283000,2.53,7.67,-2.1111538
314282,18,Upstairs,33321622271000,7.4,11.96,-2.3018389
314283,18,Upstairs,33321672289000,11.84,8.92,0.84446156
314284,18,Upstairs,33321722216000,3.41,5.75,2.4516625
314285,18,Upstairs,33321772265000,1.76,9.66,-1.1168685
314286,18,Upstairs,33321822253000,3.99,8.43,-1.525479
314287,18,Upstairs,33321872271000,5.98,11.8,-0.84446156
314288,18,Upstairs,33321922198000,5.83,12.76,0.23154591
314289,18,Upstairs,33321972308000,5.94,14.06,-1.56634
314290,18,Upstairs,33322022235000,5.86,12.6,-5.325556
314291,18,Upstairs,33322072283000,3.3,7.93,0.88532263
314292,18,Upstairs,33322122241000,4.29,5.48,6.782933
314293,18,Upstairs,33322172289000,5.43,3.76,-1.7297841
314294,18,Upstairs,33322222247000,11.37,12.57,-0.3405087
314295,18,Upstairs,33322272265000,5.05,19.31,0.46309182
314296,18,Upstairs,33322322253000,1.27,16.47,0.92618364
314297,18,Upstairs,33322372271000,4.75,11.92,-2.1792557
314298,18,Upstairs,33322422198000,0.11,9.43,0.6946376999999999
314299,18,Upstairs,33322472277000,-0.15,4.44,-1.0760075
314300,18,Upstairs,33322522204000,0.38,-2.49,-1.3756552
314301,18,Upstairs,33322572283000,1.12,-1.84,-0.7218784
314302,18,Upstairs,33322622241000,2.26,14.25,-2.0294318
314303,18,Upstairs,33322672259000,3.57,16.82,-1.334794
314304,18,Upstairs,33322722247000,3.49,6.36,1.2258313
314305,18,Upstairs,33322772296000,3.3,9.85,2.7240696
314306,18,Upstairs,33322822253000,7.55,16.63,-2.7513103
314307,18,Upstairs,33322872302000,5.09,12.49,-4.372132
314308,18,Upstairs,33322922228000,3.53,11.26,-0.84446156
314309,18,Upstairs,33322972308000,5.71,6.17,11.264028
314310,18,Upstairs,33323022265000,3.95,6.09,-0.9125633
314311,18,Upstairs,33323072283000,7.5,8.62,-3.0237172
314312,18,Upstairs,33323122241000,9.19,14.25,-3.4868089999999996
314313,18,Upstairs,33323172259000,2.41,16.97,0.6946376999999999
314314,18,Upstairs,33323222216000,5.9,14.94,6.5105260000000005
314315,18,Upstairs,33323272265000,2.15,14.06,-2.4516625
314316,18,Upstairs,33323322222000,-0.08,6.4,-2.7513103
314317,18,Upstairs,33323372271000,0.0,-0.08,-1.7978859
314318,18,Upstairs,33323422228000,0.15,-3.36,-1.4573771999999998
314319,18,Upstairs,33323472277000,2.22,9.92,-0.040861044
314320,18,Upstairs,33323522235000,2.64,17.73,-3.9771416
314321,18,Upstairs,33323572283000,4.56,8.12,2.6423476000000004
314322,18,Upstairs,33323622271000,1.95,12.15,0.50395286
314323,18,Upstairs,33323672259000,6.44,18.47,-0.9942854
314324,18,Upstairs,33323722216000,7.21,11.41,-4.5628166
314325,18,Upstairs,33323772265000,2.87,6.09,-1.56634
314326,18,Upstairs,33323822222000,-0.84,4.79,10.147159
314327,18,Upstairs,33323872271000,6.17,6.13,-0.27240697
314328,18,Upstairs,33323922198000,7.63,11.54,-1.4165162
314329,18,Upstairs,33323972338000,5.86,16.59,0.3405087
314330,18,Upstairs,33324022204000,1.46,14.06,5.434519
314331,18,Upstairs,33324072283000,4.37,12.95,0.3405087
314332,18,Upstairs,33324122271000,4.25,9.3,-3.1054392
314333,18,Upstairs,33324172259000,-0.08,9.85,0.6946376999999999
314334,18,Upstairs,33324222216000,0.11,6.02,-1.0351465
314335,18,Upstairs,33324272265000,2.49,0.72,-3.6774937999999993
314336,18,Upstairs,33324322222000,7.7,0.95,-3.5685309999999997
314337,18,Upstairs,33324372271000,6.85,18.92,-2.6423476000000004
314338,18,Upstairs,33324422259000,-1.38,8.66,7.205164
314339,18,Upstairs,33324422259000,-1.38,8.66,7.205164
314340,18,Upstairs,33324522326000,0.76,12.07,-3.3642258999999997
314341,18,Upstairs,33324572283000,2.07,9.28,-1.0760075
314342,18,Upstairs,33324622271000,3.79,7.97,-6.1291566
314343,18,Upstairs,33324672320000,3.57,7.82,-6.701211
314344,18,Upstairs,33324722277000,3.72,7.55,-3.2961242
314345,18,Upstairs,33324772326000,3.38,10.46,-0.3405087
314346,18,Upstairs,33324822344000,2.26,10.23,0.7627395
314347,18,Upstairs,33324872363000,2.6,10.69,0.8036005
314348,18,Upstairs,33324922259000,4.06,9.72,1.334794
314349,18,Upstairs,33324972216000,2.87,10.31,-1.8796080000000002
314350,18,Upstairs,33325022326000,4.29,7.27,-0.6946376999999999
314351,18,Upstairs,33325072283000,5.41,12.18,-0.08172209
314352,18,Upstairs,33325122363000,3.21,19.53,-0.19068487
314353,18,Upstairs,33325172198000,1.08,14.06,-0.46309182
314354,18,Upstairs,33325222277000,3.64,8.2,8.281172
314355,18,Upstairs,33325272204000,0.84,8.2,-1.1441092
314356,18,Upstairs,33325322314000,-0.76,4.56,-3.6366330000000002
314357,18,Upstairs,33325372210000,-1.46,5.86,-1.3075534
314358,18,Upstairs,33325422259000,6.59,10.46,-0.0
314359,18,Upstairs,33325472216000,11.75,14.06,-1.3756552
314360,18,Upstairs,33325522265000,8.89,5.75,0.23154591
314361,18,Upstairs,33325572253000,3.17,7.4,1.8387468999999996
314362,18,Upstairs,33325622302000,2.64,15.43,-0.040861044
314363,18,Upstairs,33325672228000,-0.72,11.37,-2.2609777
314364,18,Upstairs,33325722277000,-0.5,12.98,-1.0760075
314365,18,Upstairs,33325772204000,-1.08,9.28,-4.099725
314366,18,Upstairs,33325822283000,-0.04,8.54,-3.5685309999999997
314367,18,Upstairs,33325872210000,4.33,10.5,-5.09401
314368,18,Upstairs,33325922290000,6.74,11.6,-3.2961242
314369,18,Upstairs,33325972216000,8.58,13.1,8.853226
314370,18,Upstairs,33326022265000,6.17,9.85,0.14982383
314371,18,Upstairs,33326072222000,6.47,9.85,-0.38136974
314372,18,Upstairs,33326122302000,4.94,8.2,-0.7218784
314373,18,Upstairs,33326122302000,4.94,8.2,-0.7218784
314374,18,Upstairs,33326222308000,6.93,19.0,0.14982383
314375,18,Upstairs,33326272265000,5.28,19.31,1.9885708
314376,18,Upstairs,33326322253000,2.37,16.97,2.6423476000000004
314377,18,Upstairs,33326372424000,-0.99,8.77,-0.95342433
314378,18,Upstairs,33326422228000,-0.84,1.92,-2.3699405
314379,18,Upstairs,33326472308000,-0.69,-2.49,-2.8330324
314380,18,Upstairs,33326522204000,-0.42,-3.68,-2.2609777
314381,18,Upstairs,33326572283000,0.57,9.08,-1.1168685
314382,18,Upstairs,33326622271000,2.53,19.57,-0.95342433
314383,18,Upstairs,33326672259000,5.22,13.57,0.5720546
314384,18,Upstairs,33326722247000,11.69,17.92,-1.9204689999999998
314385,18,Upstairs,33326772265000,10.19,11.65,-0.19068487
314386,18,Upstairs,33326822253000,3.34,7.44,10.528528999999999
314390,18,Upstairs,33326872271000,6.02,1.76,1.4982381999999999
314388,18,Upstairs,33326872271000,6.02,1.76,1.4982381999999999
314389,18,Upstairs,33326872271000,6.02,1.76,1.4982381999999999
314387,18,Upstairs,33326872271000,6.02,1.76,1.4982381999999999
314392,18,Upstairs,33327072436000,0.69,18.5,3.990762
314393,18,Upstairs,33327072436000,0.69,18.5,3.990762
314394,18,Upstairs,33327122363000,-1.31,12.72,6.0882955
314396,18,Upstairs,33327272540000,0.46,-1.69,-3.2961242
314397,18,Upstairs,33327322283000,1.65,-0.76,-2.3426998
314398,18,Upstairs,33327372241000,2.37,16.4,-0.27240697
314399,18,Upstairs,33327422259000,2.03,14.98,-0.23154591
314400,18,Upstairs,33327472277000,1.95,4.71,1.4982381999999999
314401,18,Upstairs,33327522235000,1.69,13.1,1.4165162
314402,18,Upstairs,33327572528000,6.59,16.25,-2.6423476000000004
314403,18,Upstairs,33327622241000,3.72,9.85,-1.334794
314404,18,Upstairs,33327672228000,-0.57,10.12,9.193735
314405,18,Upstairs,33327722247000,4.1,4.4,1.7297841
314406,18,Upstairs,33327772265000,5.75,8.54,-0.84446156
314407,18,Upstairs,33327822283000,8.05,13.29,-3.2552630000000002
314408,18,Upstairs,33327872241000,2.87,17.31,-1.9204689999999998
314409,18,Upstairs,33327922198000,2.72,13.44,11.264028
314410,18,Upstairs,33327972277000,2.53,12.95,0.50395286
314411,18,Upstairs,33328022387000,3.02,6.74,-5.1348709999999995
314412,18,Upstairs,33328072253000,-0.65,6.93,1.7978859
314413,18,Upstairs,33328122576000,-1.27,8.73,-1.3075534
314414,18,Upstairs,33328172259000,1.88,5.6,-1.9477096999999999
314415,18,Upstairs,33328222277000,4.63,9.11,-0.9942854
314416,18,Upstairs,33328272235000,7.21,15.66,-2.1383946
314417,18,Upstairs,33328322253000,2.34,10.38,-0.53119355
314418,18,Upstairs,33328372302000,1.08,7.08,1.8387468999999996
314419,18,Upstairs,33328422228000,0.04,10.31,0.27240697
314420,18,Upstairs,33328472277000,1.76,10.5,-0.9125633
314421,18,Upstairs,33328522601000,2.76,7.78,-0.46309182
314422,18,Upstairs,33328572283000,5.79,8.16,-5.407278
314423,18,Upstairs,33328622668000,5.48,7.67,-4.2495484
314424,18,Upstairs,33328672228000,2.26,9.7,0.10896278
314425,18,Upstairs,33328722247000,-0.08,9.62,4.630918
314426,18,Upstairs,33328772296000,1.88,9.19,-4.5900574
314427,18,Upstairs,33328822253000,0.11,12.91,-3.5276701
314428,18,Upstairs,33328872241000,-2.64,14.21,0.7627395
314429,18,Upstairs,33328922534000,3.02,15.28,-3.2552630000000002
314430,18,Upstairs,33328972277000,2.34,12.11,0.3405087
314431,18,Upstairs,33329022235000,1.27,10.23,-1.7978859
314432,18,Upstairs,33329072283000,9.0,7.08,-1.0760075
314433,18,Upstairs,33329122210000,2.37,11.11,2.7649305
314434,18,Upstairs,33329172228000,-0.91,12.18,2.5333846
314435,18,Upstairs,33329222308000,-2.75,7.63,3.2552630000000002
314438,18,Upstairs,33329382159000,1.5,7.63,3.2552630000000002
314437,18,Upstairs,33329382159000,1.5,7.63,3.2552630000000002
314436,18,Upstairs,33329382159000,1.5,7.63,3.2552630000000002
314439,18,Upstairs,33329432208000,2.87,9.81,-0.08172209
314440,18,Upstairs,33329482379000,2.64,8.54,2.1111538
314441,18,Upstairs,33329532275000,-0.46,7.25,-0.27240697
314442,18,Upstairs,33329582293000,-0.11,4.29,-1.8796080000000002
314443,18,Upstairs,33329642230000,2.83,6.89,-3.7864565999999997
314444,18,Upstairs,33329692217000,9.72,16.02,-3.4459480000000005
314445,18,Upstairs,33329742266000,12.68,14.44,-2.9556155
314446,18,Upstairs,33329792254000,-0.5,11.3,9.425281
314447,18,Upstairs,33329842303000,0.95,9.58,2.3699405
314448,18,Upstairs,33329892230000,-0.08,18.54,1.0351465
314449,18,Upstairs,33329942248000,-1.88,10.15,-1.2258313
314450,18,Upstairs,33329992236000,3.02,6.47,-9.615966
314451,18,Upstairs,33330042285000,4.99,9.47,-6.428804
