,user,label,timestamp,x,y,z
316332,18,Upstairs,33629172229000,4.67,1.99,13.715691
316333,18,Upstairs,33629172229000,4.67,1.99,13.715691
316334,18,Upstairs,33629172229000,4.67,1.99,13.715691
316335,18,Upstairs,33629222155000,8.43,0.23,13.593107
316337,18,Upstairs,33629422167000,10.57,-1.8,8.008764
316338,18,Upstairs,33629472491000,7.59,0.15,8.349273
316339,18,Upstairs,33629522265000,8.69,-1.69,7.205164
316340,18,Upstairs,33629572467000,10.57,-2.3,9.534244000000001
316341,18,Upstairs,33629622332000,9.77,-2.14,7.586533500000001
316342,18,Upstairs,33629672259000,5.94,2.37,10.882658000000001
316343,18,Upstairs,33629672259000,5.94,2.37,10.882658000000001
316344,18,Upstairs,33629792498000,11.54,1.84,4.018002500000001
316345,18,Upstairs,33629792498000,11.54,1.84,4.018002500000001
316348,18,Upstairs,33630023089000,7.12,10.27,2.152015
316349,18,Upstairs,33630072497000,3.34,8.62,9.425281
316350,18,Upstairs,33630122241000,6.21,8.47,0.7627395
316351,18,Upstairs,33630172381000,6.4,7.46,0.6537767
316352,18,Upstairs,33630222644000,2.56,6.82,5.829509
316353,18,Upstairs,33630272143000,4.79,6.85,-0.9942854
316354,18,Upstairs,33630322192000,6.4,3.83,5.434519
316355,18,Upstairs,33630373858000,6.44,6.21,3.7864565999999997
316356,18,Upstairs,33630373858000,6.44,6.21,3.7864565999999997
316358,18,Upstairs,33630602465000,2.6,11.73,0.10896278
316359,18,Upstairs,33630652209000,0.11,19.23,-4.140586
316360,18,Upstairs,33630702319000,1.46,4.82,-3.5685309999999997
316361,18,Upstairs,33630752703000,-0.61,7.55,-1.1168685
316362,18,Upstairs,33630802264000,0.57,10.5,-3.8681788
316363,18,Upstairs,33630852252000,3.11,10.92,-2.982856
316364,18,Upstairs,33630902240000,6.78,9.23,1.7297841
316365,18,Upstairs,33630952227000,3.11,11.54,-2.6423476000000004
316366,18,Upstairs,33631002307000,1.5,11.41,-0.9942854
316367,18,Upstairs,33631052233000,1.84,14.21,-1.1168685
316368,18,Upstairs,33631102282000,3.53,11.84,1.6889231
316369,18,Upstairs,33631152270000,6.85,8.58,-2.4108016
316370,18,Upstairs,33631202227000,9.89,11.5,-3.0237172
316371,18,Upstairs,33631252246000,4.29,13.4,4.2086873
316372,18,Upstairs,33631302264000,0.89,11.03,-2.982856
316373,18,Upstairs,33631352252000,3.11,7.25,-0.08172209
316374,18,Upstairs,33631402240000,1.8,7.59,1.0760075
316375,18,Upstairs,33631452227000,0.31,6.59,-3.0645783
316376,18,Upstairs,33631502246000,1.27,5.56,-2.9147543999999996
316377,18,Upstairs,33631552233000,2.72,6.78,-1.9885708
316378,18,Upstairs,33631602282000,7.12,12.03,-2.9556155
316379,18,Upstairs,33631652240000,7.16,14.14,-1.6480621
316380,18,Upstairs,33631702258000,2.72,9.0,1.4165162
316381,18,Upstairs,33631752246000,1.46,9.34,-0.08172209
316382,18,Upstairs,33631802233000,2.79,11.07,-1.9885708
316383,18,Upstairs,33631852252000,5.18,9.08,-3.5957718
316384,18,Upstairs,33631902270000,6.63,9.85,-6.1291566
316385,18,Upstairs,33631952227000,3.87,9.28,-1.6480621
316386,18,Upstairs,33632002307000,6.24,9.43,5.012288
316387,18,Upstairs,33632052233000,5.71,9.85,1.8796080000000002
316388,18,Upstairs,33632102252000,3.06,13.76,-2.1792557
316389,18,Upstairs,33632152240000,7.5,13.38,-6.0882955
316390,18,Upstairs,33632202227000,3.79,14.6,0.6946376999999999
316391,18,Upstairs,33632252246000,3.95,11.75,2.7649305
316392,18,Upstairs,33632302233000,3.57,8.2,-0.8036005
316393,18,Upstairs,33632352282000,0.76,4.37,-1.1849703
316394,18,Upstairs,33632402270000,-0.69,2.83,-1.9204689999999998
316395,18,Upstairs,33632452197000,-1.23,8.77,-3.4868089999999996
316396,18,Upstairs,33632502246000,1.95,13.33,-2.5333846
316397,18,Upstairs,33632552264000,7.7,10.92,-1.9204689999999998
316398,18,Upstairs,33632610400000,9.11,6.24,0.50395286
316399,18,Upstairs,33632662158000,2.07,10.46,-1.1441092
316400,18,Upstairs,33632713580000,1.08,11.92,-1.7297841
316401,18,Upstairs,33632762225000,1.61,12.07,-2.4925237
316402,18,Upstairs,33632762225000,1.61,12.07,-2.4925237
316403,18,Upstairs,33632812304000,3.49,9.7,-2.0294318
316404,18,Upstairs,33632873095000,7.44,10.53,-6.5922484
316405,18,Upstairs,33632932299000,4.71,8.08,-0.27240697
316406,18,Upstairs,33632982318000,8.66,8.24,10.310603
316407,18,Upstairs,33633032275000,4.67,9.34,-0.95342433
316408,18,Upstairs,33633082263000,5.6,15.6,-5.8976107
316409,18,Upstairs,33633132281000,6.09,14.82,0.19068487
316410,18,Upstairs,33633182299000,3.72,13.95,4.7535014
316411,18,Upstairs,33633232318000,3.38,8.47,-2.070293
316412,18,Upstairs,33633282275000,3.79,7.7,0.14982383
316413,18,Upstairs,33633332263000,-0.3,5.83,0.8036005
316414,18,Upstairs,33633382281000,-0.11,4.94,-1.8796080000000002
316415,18,Upstairs,33633432269000,2.37,6.24,-3.3642258999999997
316416,18,Upstairs,33633482257000,4.06,16.32,-1.3075534
316417,18,Upstairs,33633532305000,6.02,6.32,-2.7240696
316418,18,Upstairs,33633582263000,4.25,11.73,-2.3699405
316419,18,Upstairs,33633632281000,2.56,9.77,0.313268
316420,18,Upstairs,33633682269000,3.11,9.58,-0.42223078
316421,18,Upstairs,33633732287000,2.68,8.66,-1.8387468999999996
316422,18,Upstairs,33633782275000,5.63,8.58,-2.2609777
316423,18,Upstairs,33633832293000,4.21,11.96,-7.164303
316424,18,Upstairs,33633882251000,-1.76,12.53,5.2165932999999995
316425,18,Upstairs,33633932269000,4.29,9.15,2.1792557
316426,18,Upstairs,33633982287000,6.66,9.04,-0.0
316427,18,Upstairs,33634032305000,3.26,11.56,-0.88532263
316428,18,Upstairs,33634082232000,2.83,13.33,-4.440233
316429,18,Upstairs,33634132281000,8.31,12.98,3.1463002999999996
316430,18,Upstairs,33634182269000,2.22,13.82,4.862464
316431,18,Upstairs,33634232287000,0.53,10.76,-0.38136974
316432,18,Upstairs,33634282275000,4.63,4.1,-2.3699405
316433,18,Upstairs,33634332263000,2.76,6.85,1.334794
316434,18,Upstairs,33634382281000,-1.88,6.97,-2.3426998
316435,18,Upstairs,33634432269000,-0.65,5.67,-4.140586
316436,18,Upstairs,33634482257000,6.63,6.66,-4.630918
316437,18,Upstairs,33634532275000,10.34,16.44,-3.3642258999999997
316438,18,Upstairs,33634582263000,10.8,6.7,2.152015
316439,18,Upstairs,33634632281000,-0.38,7.89,3.214402
316440,18,Upstairs,33634682238000,-1.84,13.29,-2.9147543999999996
316441,18,Upstairs,33634732287000,0.61,11.14,-3.5276701
316442,18,Upstairs,33634782275000,1.88,8.43,-1.3756552
316443,18,Upstairs,33634832293000,3.02,7.89,-2.1792557
316444,18,Upstairs,33634882281000,4.37,8.16,-3.214402
316445,18,Upstairs,33634932269000,6.02,7.12,-3.173541
316446,18,Upstairs,33634982287000,4.25,8.47,-1.3075534
316447,18,Upstairs,33635032275000,2.68,8.85,-0.19068487
316448,18,Upstairs,33635082263000,1.38,12.79,-1.3756552
316449,18,Upstairs,33635132281000,0.95,10.95,-1.0760075
316450,18,Upstairs,33635182238000,1.18,9.3,-0.0
316451,18,Upstairs,33635232287000,3.6,9.38,-1.0760075
316452,18,Upstairs,33635283160000,4.4,7.86,-0.3405087
316453,18,Upstairs,33635332263000,4.18,14.52,-0.95342433
316454,18,Upstairs,33635382281000,2.56,16.82,-1.607201
316455,18,Upstairs,33635432269000,2.79,9.38,0.6537767
316456,18,Upstairs,33635482318000,3.99,5.6,7.205164
316457,18,Upstairs,33635532305000,-1.18,9.15,-1.7978859
316458,18,Upstairs,33635582293000,-1.14,7.82,-3.9771416
316459,18,Upstairs,33635632281000,1.76,7.01,-2.5606253
316460,18,Upstairs,33635682269000,9.28,9.92,-2.4925237
316461,18,Upstairs,33635732287000,10.95,12.07,-1.7978859
316462,18,Upstairs,33635782244000,3.38,10.61,0.9942854
316463,18,Upstairs,33635832293000,0.0,7.93,0.46309182
316464,18,Upstairs,33635882281000,1.18,14.67,-0.10896278
316465,18,Upstairs,33635932269000,-2.64,13.33,-2.982856
316466,18,Upstairs,33635982257000,-1.53,7.82,-2.6014863999999998
316467,18,Upstairs,33636032275000,-0.76,11.11,-6.851035
316468,18,Upstairs,33636082263000,2.96,9.43,-3.336985
316469,18,Upstairs,33636132312000,8.08,13.14,-3.3642258999999997
316470,18,Upstairs,33636182299000,8.24,9.89,6.238119
316471,18,Upstairs,33636232287000,4.56,10.19,-1.7570249
316472,18,Upstairs,33636282244000,1.42,14.75,-0.6537767
316473,18,Upstairs,33636332263000,3.64,13.53,-2.2609777
316474,18,Upstairs,33636382281000,6.78,12.3,3.0645783
316475,18,Upstairs,33636432299000,2.26,14.48,2.152015
316476,18,Upstairs,33636482287000,3.38,9.0,-1.3756552
316477,18,Upstairs,33636532275000,1.08,5.86,-1.2258313
316478,18,Upstairs,33636582263000,1.42,5.94,-1.7570249
316479,18,Upstairs,33636632281000,-0.27,7.21,-1.9204689999999998
316480,18,Upstairs,33636682269000,0.65,5.86,-2.6832085
316481,18,Upstairs,33636732287000,2.26,8.43,-2.7240696
316482,18,Upstairs,33636782275000,8.24,13.91,-2.2609777
316483,18,Upstairs,33636832263000,7.46,10.95,0.7627395
316484,18,Upstairs,33636882281000,0.15,9.58,0.8036005
316485,18,Upstairs,33636932269000,0.19,10.0,-0.84446156
316486,18,Upstairs,33636992724000,2.6,11.69,-2.7921712000000003
316487,18,Upstairs,33637042254000,4.29,6.21,-1.6480621
316488,18,Upstairs,33637092272000,7.74,7.25,-2.7513103
316489,18,Upstairs,33637142230000,6.44,10.5,-2.1792557
316491,18,Upstairs,33637192309000,2.53,13.14,0.10896278
316490,18,Upstairs,33637192309000,2.53,13.14,0.10896278
316492,18,Upstairs,33637292315000,4.06,10.12,-0.29964766
316493,18,Upstairs,33637342242000,6.44,9.3,-1.2258313
316494,18,Upstairs,33637392199000,7.35,11.41,-3.0645783
316495,18,Upstairs,33637442309000,6.63,14.41,-7.586533500000001
316496,18,Upstairs,33637492205000,-0.53,12.68,7.164303
316497,18,Upstairs,33637542315000,4.14,11.11,0.8036005
316498,18,Upstairs,33637592211000,0.95,7.89,-4.944186
316499,18,Upstairs,33637642291000,-1.42,6.55,1.9885708
316500,18,Upstairs,33637692218000,0.0,6.89,-3.336985
316501,18,Upstairs,33637752459000,2.22,2.3,-4.5628166
316502,18,Upstairs,33637802203000,6.13,10.88,-2.7240696
316503,18,Upstairs,33637852313000,7.7,15.6,-4.018002500000001
316504,18,Upstairs,33637902240000,2.56,10.5,2.0294318
316505,18,Upstairs,33637952258000,-0.19,11.35,0.84446156
316506,18,Upstairs,33638002246000,0.61,11.18,-0.14982383
316507,18,Upstairs,33638052294000,2.96,7.63,-0.95342433
316508,18,Upstairs,33638102252000,3.99,8.16,-1.1849703
316509,18,Upstairs,33638152301000,7.35,8.73,-4.018002500000001
316510,18,Upstairs,33638202227000,4.67,9.11,-5.7886477
316511,18,Upstairs,33638252307000,1.88,12.91,-2.070293
316512,18,Upstairs,33638302264000,2.41,13.33,10.038197
316513,18,Upstairs,33638352313000,3.21,10.0,0.23154591
316514,18,Upstairs,33638402209000,1.65,13.38,-3.214402
316515,18,Upstairs,33638452258000,1.8,13.33,-5.8158884
316516,18,Upstairs,33638502215000,7.86,10.65,-4.3993720000000005
316517,18,Upstairs,33638552294000,6.85,10.5,9.765789
316518,18,Upstairs,33638602221000,3.68,11.84,-0.27240697
316519,18,Upstairs,33638652301000,0.5,7.74,-6.66035
316520,18,Upstairs,33638702197000,-1.88,7.4,0.14982383
316521,18,Upstairs,33638752307000,-1.76,6.82,-3.5685309999999997
316522,18,Upstairs,33638802203000,1.38,5.37,-2.3699405
316523,18,Upstairs,33638852313000,7.4,6.97,-1.7297841
316524,18,Upstairs,33638902240000,11.07,16.25,-2.8738932999999998
316525,18,Upstairs,33638952258000,2.68,9.0,-0.5720546
316526,18,Upstairs,33639002276000,-0.34,11.88,0.23154591
316527,18,Upstairs,33639052294000,-0.5,12.37,-1.525479
316528,18,Upstairs,33639102282000,1.5,8.77,-1.1849703
316529,18,Upstairs,33639152270000,2.6,6.59,-1.6889231
316530,18,Upstairs,33639202227000,4.29,4.37,-4.2495484
316531,18,Upstairs,33639252276000,6.28,3.15,-6.973617999999999
316532,18,Upstairs,33639302203000,5.18,10.57,-3.5957718
316533,18,Upstairs,33639352282000,-2.75,17.24,8.730642999999999
316534,18,Upstairs,33639402209000,1.14,14.94,-3.9499009
316535,18,Upstairs,33639452258000,3.83,13.48,-3.214402
