,user,label,timestamp,x,y,z
43137,20,Upstairs,2364632243000,-0.46,2.6,4.018002500000001
43140,20,Upstairs,2364732219000,1.88,12.37,2.4516625
43139,20,Upstairs,2364732219000,1.88,12.37,2.4516625
43142,20,Upstairs,2364832225000,1.04,6.85,1.9204689999999998
43141,20,Upstairs,2364832225000,1.04,6.85,1.9204689999999998
43144,20,Upstairs,2364932231000,2.72,8.58,1.7297841
43143,20,Upstairs,2364932231000,2.72,8.58,1.7297841
43145,20,Upstairs,2365032207000,0.72,9.11,0.8036005
43146,20,Upstairs,2365032207000,0.72,9.11,0.8036005
43148,20,Upstairs,2365132243000,0.61,10.31,0.19068487
43147,20,Upstairs,2365132243000,0.61,10.31,0.19068487
43149,20,Upstairs,2365283458000,-1.12,15.32,5.5571017
43150,20,Upstairs,2365283458000,-1.12,15.32,5.5571017
43151,20,Upstairs,2365332225000,1.54,11.26,6.0201936
43152,20,Upstairs,2365332225000,1.54,11.26,6.0201936
43153,20,Upstairs,2365432201000,0.69,11.11,-2.8738932999999998
43154,20,Upstairs,2365432201000,0.69,11.11,-2.8738932999999998
43155,20,Upstairs,2365482310000,3.21,8.92,2.070293
43156,20,Upstairs,2365542308000,-0.19,9.58,1.9204689999999998
43157,20,Upstairs,2365592265000,0.46,6.32,2.3018389
43158,20,Upstairs,2365642314000,1.46,4.02,2.982856
43159,20,Upstairs,2365692271000,0.23,2.96,2.4925237
43160,20,Upstairs,2365742290000,0.72,1.42,2.8330324
43161,20,Upstairs,2365792277000,-0.19,0.61,3.173541
43162,20,Upstairs,2365842296000,7.86,10.46,16.249075
43163,20,Upstairs,2365892284000,-0.42,8.54,3.7864565999999997
43164,20,Upstairs,2365942271000,-0.42,4.79,4.0588636
43165,20,Upstairs,2365992259000,3.57,14.41,5.012288
43166,20,Upstairs,2366042308000,2.98,9.08,0.6946376999999999
43167,20,Upstairs,2366092235000,2.98,10.19,2.7649305
43168,20,Upstairs,2366142314000,1.33,8.81,2.982856
43169,20,Upstairs,2366192271000,0.5,8.08,1.9477096999999999
43170,20,Upstairs,2366242259000,1.8,8.66,1.0760075
43171,20,Upstairs,2366292277000,2.56,9.0,1.607201
43172,20,Upstairs,2366342296000,2.41,9.3,1.1849703
43173,20,Upstairs,2366392284000,0.99,8.96,0.6537767
43174,20,Upstairs,2366442271000,-0.53,9.66,1.334794
43175,20,Upstairs,2366492259000,1.42,11.37,-0.0
43176,20,Upstairs,2366542277000,4.48,13.06,-0.10896278
43177,20,Upstairs,2366592265000,0.42,17.12,1.2258313
43178,20,Upstairs,2366642314000,-0.8,14.67,7.504811999999999
43179,20,Upstairs,2366692302000,1.99,13.02,7.055340299999999
43180,20,Upstairs,2366742290000,1.73,10.88,-4.2495484
43181,20,Upstairs,2366792277000,1.5,8.01,-0.84446156
43182,20,Upstairs,2366842326000,1.88,10.99,3.7183550000000003
43183,20,Upstairs,2366892314000,-0.3,7.86,0.313268
43184,20,Upstairs,2366942302000,1.65,5.22,3.2961242
43185,20,Upstairs,2366992259000,0.65,4.71,2.1792557
43186,20,Upstairs,2367042308000,-0.3,1.76,3.3778462
43187,20,Upstairs,2367092265000,0.89,1.33,2.5333846
43188,20,Upstairs,2367142284000,0.8,-0.57,6.4015636
43189,20,Upstairs,2367192271000,7.01,14.75,15.854085000000001
43190,20,Upstairs,2367242290000,1.38,5.98,2.7240696
43191,20,Upstairs,2367292277000,1.27,11.18,4.1814466
43192,20,Upstairs,2367342296000,2.76,10.92,3.214402
43193,20,Upstairs,2367392314000,0.65,7.89,1.7570249
43194,20,Upstairs,2367442271000,1.12,9.58,2.8330324
43195,20,Upstairs,2367492290000,1.54,7.97,2.070293
43196,20,Upstairs,2367542277000,3.11,8.85,1.4573771999999998
43197,20,Upstairs,2367592296000,2.6,8.73,2.5606253
43198,20,Upstairs,2367642284000,0.11,9.43,1.334794
43199,20,Upstairs,2367692302000,1.33,9.28,1.6480621
43200,20,Upstairs,2367742229000,1.69,9.28,0.313268
43201,20,Upstairs,2367792308000,0.46,10.23,1.3075534
43202,20,Upstairs,2367842265000,1.88,12.3,0.19068487
43203,20,Upstairs,2367892314000,3.15,15.05,-2.0294318
43204,20,Upstairs,2367942271000,-0.08,15.51,6.5922484
43205,20,Upstairs,2367992259000,2.87,12.79,8.499097
43206,20,Upstairs,2368042277000,1.69,12.57,2.7240696
43207,20,Upstairs,2368092296000,0.5,10.61,-3.7592160000000003
43208,20,Upstairs,2368142284000,1.38,10.12,3.1463002999999996
43209,20,Upstairs,2368192302000,-0.19,8.69,2.3426998
43210,20,Upstairs,2368242259000,0.95,5.22,1.7570249
43211,20,Upstairs,2368292308000,1.23,4.63,3.2552630000000002
43212,20,Upstairs,2368342265000,0.53,4.18,2.2201166000000003
43213,20,Upstairs,2368392314000,1.46,1.8,3.1463002999999996
43214,20,Upstairs,2368442271000,0.84,-0.11,3.0645783
43215,20,Upstairs,2368492290000,5.05,9.19,15.704260999999999
43216,20,Upstairs,2368542277000,1.61,9.92,3.173541
43217,20,Upstairs,2368592296000,0.42,6.82,4.944186
43218,20,Upstairs,2368642284000,3.76,12.53,4.9850473
43219,20,Upstairs,2368692302000,1.65,7.4,1.1849703
43220,20,Upstairs,2368742259000,1.99,9.23,2.6014863999999998
43221,20,Upstairs,2368792308000,2.22,7.63,2.152015
43222,20,Upstairs,2368842265000,2.18,8.92,2.2609777
43223,20,Upstairs,2368892314000,2.98,9.81,2.3426998
43224,20,Upstairs,2368942271000,0.42,9.08,1.56634
43225,20,Upstairs,2368992259000,0.5,9.47,0.88532263
43226,20,Upstairs,2369042277000,1.12,8.89,0.46309182
43227,20,Upstairs,2369092296000,1.76,9.47,0.84446156
43228,20,Upstairs,2369142284000,2.56,10.84,-0.23154591
43229,20,Upstairs,2369192607000,1.31,13.38,-0.3405087
43230,20,Upstairs,2369242259000,0.34,18.35,2.4925237
43231,20,Upstairs,2369292308000,2.53,12.95,9.956474
43232,20,Upstairs,2369342265000,3.53,12.72,6.1291566
43233,20,Upstairs,2369392284000,0.5,11.56,-2.7240696
43234,20,Upstairs,2369442271000,1.65,8.81,-1.334794
43235,20,Upstairs,2369492259000,0.04,9.96,4.944186
43236,20,Upstairs,2369542277000,0.27,7.21,0.88532263
43237,20,Upstairs,2369592296000,1.88,4.4,3.4459480000000005
43238,20,Upstairs,2369642284000,-0.38,3.76,2.2609777
43239,20,Upstairs,2369692302000,0.57,1.84,3.0645783
43240,20,Upstairs,2369742229000,0.69,1.38,3.0645783
43241,20,Upstairs,2369792308000,1.42,-0.08,6.742072
43242,20,Upstairs,2369842265000,10.31,13.4,13.674829500000001
43243,20,Upstairs,2369892284000,-2.6,2.98,4.6036777
43244,20,Upstairs,2369942302000,3.34,13.14,6.0474343
43245,20,Upstairs,2369992290000,1.76,8.89,4.1814466
43246,20,Upstairs,2370042277000,1.54,6.28,2.4516625
43247,20,Upstairs,2370092296000,2.26,10.04,2.5333846
43248,20,Upstairs,2370142284000,2.83,8.08,2.1111538
43249,20,Upstairs,2370192485000,1.38,8.89,2.0294318
43250,20,Upstairs,2370242259000,1.8,10.0,1.1849703
43251,20,Upstairs,2370312327000,2.3,9.15,0.7218784
43252,20,Upstairs,2370362376000,0.69,9.58,-0.29964766
43253,20,Upstairs,2370412334000,0.61,9.47,0.10896278
43254,20,Upstairs,2370472240000,-0.38,9.62,-0.46309182
43255,20,Upstairs,2370522197000,0.93,10.12,0.19068487
43256,20,Upstairs,2370572276000,4.56,9.85,1.56634
43257,20,Upstairs,2370622264000,3.64,10.73,-3.0645783
43258,20,Upstairs,2370672282000,1.38,12.11,2.152015
43259,20,Upstairs,2370722209000,0.99,13.21,4.5219555
43260,20,Upstairs,2370772319000,-2.03,11.5,1.56634
43261,20,Upstairs,2370822246000,-6.43,13.29,1.8387468999999996
43262,20,Upstairs,2370872264000,-0.95,12.79,-1.0760075
43263,20,Upstairs,2370922252000,1.92,8.62,0.8036005
43264,20,Upstairs,2370972240000,0.72,6.63,1.4165162
43265,20,Upstairs,2371022288000,-0.91,6.89,1.7570249
43266,20,Upstairs,2371072215000,0.42,6.82,2.1111538
43267,20,Upstairs,2371122295000,1.99,6.63,2.4925237
43268,20,Upstairs,2371172221000,3.02,6.55,2.8330324
43269,20,Upstairs,2371222301000,4.25,8.35,4.8216033
43270,20,Upstairs,2371272227000,6.24,10.95,7.9679036
43271,20,Upstairs,2371322307000,1.18,9.0,7.9679036
43273,20,Upstairs,2371372417000,-1.53,6.47,3.1463002999999996
43272,20,Upstairs,2371372417000,-1.53,6.47,3.1463002999999996
43274,20,Upstairs,2371472240000,0.89,12.6,3.2552630000000002
43276,20,Upstairs,2371522349000,-0.65,7.31,0.92618364
43275,20,Upstairs,2371522349000,-0.65,7.31,0.92618364
43277,20,Upstairs,2371632213000,0.15,10.34,-1.4165162
43278,20,Upstairs,2371632213000,0.15,10.34,-1.4165162
43280,20,Upstairs,2371732219000,2.72,9.72,0.27240697
43279,20,Upstairs,2371732219000,2.72,9.72,0.27240697
43281,20,Upstairs,2371782268000,2.53,9.92,-0.84446156
43282,20,Upstairs,2371882213000,0.99,9.72,2.9147543999999996
43283,20,Upstairs,2371882213000,0.99,9.72,2.9147543999999996
43284,20,Upstairs,2371932262000,1.31,9.81,-0.08172209
43285,20,Upstairs,2372032237000,1.04,9.51,0.7218784
43286,20,Upstairs,2372032237000,1.04,9.51,0.7218784
43287,20,Upstairs,2372082255000,1.31,10.92,-1.334794
43289,20,Upstairs,2372182231000,2.53,15.21,1.9204689999999998
43288,20,Upstairs,2372182231000,2.53,15.21,1.9204689999999998
43290,20,Upstairs,2372232280000,0.31,12.03,3.7183550000000003
43292,20,Upstairs,2372332255000,0.84,12.34,2.3699405
43291,20,Upstairs,2372332255000,0.84,12.34,2.3699405
43293,20,Upstairs,2372382274000,1.76,10.31,0.313268
43294,20,Upstairs,2372482219000,1.65,9.89,1.9477096999999999
43295,20,Upstairs,2372482219000,1.65,9.89,1.9477096999999999
43296,20,Upstairs,2372532237000,1.12,7.67,3.1463002999999996
43297,20,Upstairs,2372632304000,1.5,3.57,2.6423476000000004
43298,20,Upstairs,2372632304000,1.5,3.57,2.6423476000000004
43300,20,Upstairs,2372732280000,0.57,0.69,3.5276701
43299,20,Upstairs,2372732280000,0.57,0.69,3.5276701
43301,20,Upstairs,2372782268000,0.8,1.42,5.5162406
43303,20,Upstairs,2372882243000,3.99,11.6,7.5456724
43302,20,Upstairs,2372882243000,3.99,11.6,7.5456724
43305,20,Upstairs,2372982249000,3.21,12.37,4.903325
43304,20,Upstairs,2372982249000,3.21,12.37,4.903325
43306,20,Upstairs,2373032237000,2.49,8.08,2.7240696
43308,20,Upstairs,2373132213000,1.14,9.43,2.2201166000000003
43307,20,Upstairs,2373132213000,1.14,9.43,2.2201166000000003
43310,20,Upstairs,2373232249000,3.57,7.7,2.8330324
43309,20,Upstairs,2373232249000,3.57,7.7,2.8330324
43311,20,Upstairs,2373332225000,0.57,9.51,1.0760075
43312,20,Upstairs,2373332225000,0.57,9.51,1.0760075
43314,20,Upstairs,2373432231000,0.5,9.23,1.1441092
43313,20,Upstairs,2373432231000,0.5,9.23,1.1441092
43315,20,Upstairs,2373482249000,3.21,9.96,0.7627395
43316,20,Upstairs,2373582255000,1.95,16.28,-0.6946376999999999
43317,20,Upstairs,2373582255000,1.95,16.28,-0.6946376999999999
43318,20,Upstairs,2373682231000,0.08,13.82,7.9679036
43319,20,Upstairs,2373682231000,0.08,13.82,7.9679036
43320,20,Upstairs,2373782237000,4.4,8.08,-2.4925237
43321,20,Upstairs,2373782237000,4.4,8.08,-2.4925237
43323,20,Upstairs,2373882213000,-0.08,8.12,0.92618364
43322,20,Upstairs,2373882213000,-0.08,8.12,0.92618364
43325,20,Upstairs,2373982219000,1.42,3.79,2.4516625
43324,20,Upstairs,2373982219000,1.42,3.79,2.4516625
43327,20,Upstairs,2374082255000,0.53,0.8,3.0237172
43326,20,Upstairs,2374082255000,0.53,0.8,3.0237172
43328,20,Upstairs,2374182231000,3.06,15.98,12.830366999999999
43329,20,Upstairs,2374182231000,3.06,15.98,12.830366999999999
43330,20,Upstairs,2374282207000,0.84,11.92,2.9147543999999996
43331,20,Upstairs,2374282207000,0.84,11.92,2.9147543999999996
43332,20,Upstairs,2374382213000,2.18,9.81,2.0294318
43333,20,Upstairs,2374382213000,2.18,9.81,2.0294318
43335,20,Upstairs,2374482219000,0.65,9.04,1.9204689999999998
43334,20,Upstairs,2374482219000,0.65,9.04,1.9204689999999998
43337,20,Upstairs,2374582255000,2.45,9.53,1.6480621
43336,20,Upstairs,2374582255000,2.45,9.53,1.6480621
