,user,label,timestamp,x,y,z
43738,20,Upstairs,2394672252000,1.14,12.22,-1.525479
43739,20,Upstairs,2394722270000,4.94,13.59,1.1849703
43740,20,Upstairs,2394772197000,0.08,16.02,7.082580999999999
43741,20,Upstairs,2394822307000,0.31,13.06,8.471855999999999
43742,20,Upstairs,2394872203000,3.11,13.25,2.1792557
43743,20,Upstairs,2394922282000,2.18,10.73,-1.1849703
43744,20,Upstairs,2394972240000,2.3,10.53,1.7297841
43745,20,Upstairs,2395022258000,-0.46,7.86,1.7297841
43746,20,Upstairs,2395072185000,1.12,4.86,2.3699405
43748,20,Upstairs,2395122264000,2.37,4.48,2.6832085
43747,20,Upstairs,2395122264000,2.37,4.48,2.6832085
43749,20,Upstairs,2395222301000,-0.34,2.79,1.9885708
43750,20,Upstairs,2395222301000,-0.34,2.79,1.9885708
43751,20,Upstairs,2395282268000,-1.38,0.61,4.290409599999999
43753,20,Upstairs,2395382243000,4.79,12.83,7.3549875999999985
43752,20,Upstairs,2395382243000,4.79,12.83,7.3549875999999985
43755,20,Upstairs,2395482249000,1.61,12.07,2.4516625
43754,20,Upstairs,2395482249000,1.61,12.07,2.4516625
43756,20,Upstairs,2395532298000,1.54,10.84,1.6889231
43757,20,Upstairs,2395632243000,1.69,8.62,2.2609777
43758,20,Upstairs,2395632243000,1.69,8.62,2.2609777
43760,20,Upstairs,2395732249000,1.65,8.89,1.2666923
43759,20,Upstairs,2395732249000,1.65,8.89,1.2666923
43761,20,Upstairs,2395782237000,-0.04,9.53,1.334794
43763,20,Upstairs,2395882243000,0.95,9.3,0.6946376999999999
43762,20,Upstairs,2395882243000,0.95,9.3,0.6946376999999999
43764,20,Upstairs,2395932231000,0.57,11.14,0.61291564
43765,20,Upstairs,2396032298000,0.89,15.13,1.56634
43766,20,Upstairs,2396032298000,0.89,15.13,1.56634
43767,20,Upstairs,2396132243000,4.33,12.34,6.4015636
43768,20,Upstairs,2396132243000,4.33,12.34,6.4015636
43769,20,Upstairs,2396182231000,1.57,14.18,0.8036005
43771,20,Upstairs,2396282237000,1.33,10.27,3.0237172
43770,20,Upstairs,2396282237000,1.33,10.27,3.0237172
43773,20,Upstairs,2396382274000,1.18,6.24,2.3426998
43772,20,Upstairs,2396382274000,1.18,6.24,2.3426998
43774,20,Upstairs,2396482249000,-0.19,0.65,2.3699405
43775,20,Upstairs,2396532237000,-0.19,-1.76,2.4516625
43777,20,Upstairs,2396582225000,0.38,-0.76,5.7886477
43776,20,Upstairs,2396582225000,0.38,-0.76,5.7886477
43778,20,Upstairs,2396632274000,6.21,16.78,13.633968
43779,20,Upstairs,2396732280000,0.0,9.11,3.4050870000000004
43780,20,Upstairs,2396732280000,0.0,9.11,3.4050870000000004
43781,20,Upstairs,2396782237000,1.5,11.37,1.9477096999999999
43782,20,Upstairs,2396882243000,1.88,6.63,2.3426998
43783,20,Upstairs,2396882243000,1.88,6.63,2.3426998
43784,20,Upstairs,2396932231000,2.64,11.14,2.3426998
43786,20,Upstairs,2397032237000,0.31,9.11,-0.50395286
43785,20,Upstairs,2397032237000,0.31,9.11,-0.50395286
43787,20,Upstairs,2397132243000,0.95,9.85,0.46309182
43788,20,Upstairs,2397132243000,0.95,9.85,0.46309182
43789,20,Upstairs,2397182231000,1.84,10.95,-0.61291564
43790,20,Upstairs,2397282237000,1.84,14.6,0.61291564
43791,20,Upstairs,2397282237000,1.84,14.6,0.61291564
43792,20,Upstairs,2397382213000,-0.57,13.02,5.243834
43793,20,Upstairs,2397382213000,-0.57,13.02,5.243834
43795,20,Upstairs,2397482249000,1.46,11.5,-3.0645783
43794,20,Upstairs,2397482249000,1.46,11.5,-3.0645783
43796,20,Upstairs,2397532237000,2.53,7.27,-1.525479
43797,20,Upstairs,2397632243000,-0.04,6.78,1.2666923
43798,20,Upstairs,2397632243000,-0.04,6.78,1.2666923
43799,20,Upstairs,2397682262000,1.73,4.9,3.8273177000000005
43801,20,Upstairs,2397782237000,0.65,2.53,3.7592160000000003
43800,20,Upstairs,2397782237000,0.65,2.53,3.7592160000000003
43802,20,Upstairs,2397882243000,0.34,1.95,4.9850473
43803,20,Upstairs,2397882243000,0.34,1.95,4.9850473
43804,20,Upstairs,2397982219000,0.53,0.93,3.5957718
43805,20,Upstairs,2397982219000,0.53,0.93,3.5957718
43806,20,Upstairs,2398032268000,2.07,13.18,5.366417
43808,20,Upstairs,2398132243000,2.87,6.82,3.5957718
43807,20,Upstairs,2398132243000,2.87,6.82,3.5957718
43809,20,Upstairs,2398182262000,2.37,8.43,3.6366330000000002
43810,20,Upstairs,2398282207000,-0.34,9.04,0.61291564
43811,20,Upstairs,2398282207000,-0.34,9.04,0.61291564
43812,20,Upstairs,2398382243000,2.34,11.11,-0.08172209
43813,20,Upstairs,2398382243000,2.34,11.11,-0.08172209
43814,20,Upstairs,2398432231000,2.87,8.69,-0.14982383
43815,20,Upstairs,2398532207000,-1.18,9.51,-0.7627395
43816,20,Upstairs,2398532207000,-1.18,9.51,-0.7627395
43817,20,Upstairs,2398582255000,-1.23,9.77,0.95342433
43818,20,Upstairs,2398682231000,3.53,10.0,-0.88532263
43819,20,Upstairs,2398682231000,3.53,10.0,-0.88532263
43820,20,Upstairs,2398782237000,1.18,11.84,-0.19068487
43821,20,Upstairs,2398782237000,1.18,11.84,-0.19068487
43823,20,Upstairs,2398882213000,1.42,10.34,1.8796080000000002
43822,20,Upstairs,2398882213000,1.42,10.34,1.8796080000000002
43825,20,Upstairs,2398982249000,-5.98,12.87,0.8036005
43824,20,Upstairs,2398982249000,-5.98,12.87,0.8036005
43826,20,Upstairs,2399032268000,-0.61,11.41,0.88532263
43827,20,Upstairs,2399132243000,-0.3,6.82,1.8387468999999996
43828,20,Upstairs,2399132243000,-0.3,6.82,1.8387468999999996
43829,20,Upstairs,2399182231000,-0.89,6.93,1.607201
43831,20,Upstairs,2399282237000,2.34,5.41,2.4925237
43830,20,Upstairs,2399282237000,2.34,5.41,2.4925237
43833,20,Upstairs,2399382243000,6.02,8.73,4.944186
43832,20,Upstairs,2399382243000,6.02,8.73,4.944186
43835,20,Upstairs,2399482219000,-0.89,12.68,5.012288
43834,20,Upstairs,2399482219000,-0.89,12.68,5.012288
43836,20,Upstairs,2399532268000,-5.52,13.76,3.0237172
43837,20,Upstairs,2399632243000,0.19,12.68,-3.0237172
43838,20,Upstairs,2399632243000,0.19,12.68,-3.0237172
43839,20,Upstairs,2399682262000,1.84,10.15,-1.1441092
43840,20,Upstairs,2399782725000,1.42,10.53,0.6537767
43841,20,Upstairs,2399782725000,1.42,10.53,0.6537767
43842,20,Upstairs,2399832286000,2.07,9.85,-0.53119355
43843,20,Upstairs,2399932231000,-0.11,9.85,0.7627395
43844,20,Upstairs,2399932231000,-0.11,9.85,0.7627395
43846,20,Upstairs,2400032207000,2.41,8.89,1.2258313
43845,20,Upstairs,2400032207000,2.41,8.89,1.2258313
43847,20,Upstairs,2400132274000,1.12,12.15,-2.1792557
43848,20,Upstairs,2400132274000,1.12,12.15,-2.1792557
43849,20,Upstairs,2400182231000,1.5,14.75,1.4982381999999999
43850,20,Upstairs,2400282268000,2.53,11.75,5.829509
43851,20,Upstairs,2400282268000,2.53,11.75,5.829509
43852,20,Upstairs,2400382213000,0.04,12.15,-2.6014863999999998
43853,20,Upstairs,2400382213000,0.04,12.15,-2.6014863999999998
43854,20,Upstairs,2400482249000,1.65,10.92,3.1054392
43855,20,Upstairs,2400482249000,1.65,10.92,3.1054392
43856,20,Upstairs,2400532237000,0.46,7.5,1.1441092
43858,20,Upstairs,2400632274000,0.65,2.15,1.6889231
43857,20,Upstairs,2400632274000,0.65,2.15,1.6889231
43860,20,Upstairs,2400682262000,1.12,0.99,2.4108016
43859,20,Upstairs,2400682262000,1.12,0.99,2.4108016
43862,20,Upstairs,2400832286000,9.89,17.73,7.1234417
43861,20,Upstairs,2400832286000,9.89,17.73,7.1234417
43864,20,Upstairs,2400932201000,2.56,14.98,4.630918
43863,20,Upstairs,2400932201000,2.56,14.98,4.630918
43865,20,Upstairs,2401032207000,2.72,8.85,2.2609777
43866,20,Upstairs,2401032207000,2.72,8.85,2.2609777
43867,20,Upstairs,2401132243000,0.08,9.43,1.4982381999999999
43868,20,Upstairs,2401132243000,0.08,9.43,1.4982381999999999
43869,20,Upstairs,2401182262000,2.07,9.77,1.0351465
43870,20,Upstairs,2401282237000,0.95,9.51,0.5720546
43871,20,Upstairs,2401282237000,0.95,9.51,0.5720546
43872,20,Upstairs,2401382274000,-0.3,9.89,0.46309182
43873,20,Upstairs,2401382274000,-0.3,9.89,0.46309182
43875,20,Upstairs,2401482219000,4.33,13.67,1.8387468999999996
43874,20,Upstairs,2401482219000,4.33,13.67,1.8387468999999996
43876,20,Upstairs,2401532268000,0.99,14.1,4.3993720000000005
43877,20,Upstairs,2401632243000,2.34,13.14,5.2165932999999995
43878,20,Upstairs,2401632243000,2.34,13.14,5.2165932999999995
43879,20,Upstairs,2401682231000,1.57,11.3,-2.4925237
43880,20,Upstairs,2401782237000,2.64,9.11,1.4165162
43881,20,Upstairs,2401832255000,0.46,5.94,1.4165162
43882,20,Upstairs,2401832255000,0.46,5.94,1.4165162
43884,20,Upstairs,2401932201000,0.46,5.18,2.6832085
43883,20,Upstairs,2401932201000,0.46,5.18,2.6832085
43885,20,Upstairs,2401982280000,0.5,2.53,2.9556155
43886,20,Upstairs,2402082255000,0.27,1.69,7.2732660000000005
43887,20,Upstairs,2402082255000,0.27,1.69,7.2732660000000005
43888,20,Upstairs,2402132274000,5.24,17.2,11.264028
43889,20,Upstairs,2402232219000,0.95,8.31,3.5957718
43890,20,Upstairs,2402232219000,0.95,8.31,3.5957718
43891,20,Upstairs,2402282268000,1.12,9.43,2.3018389
43893,20,Upstairs,2402382274000,1.42,7.12,2.2201166000000003
43892,20,Upstairs,2402382274000,1.42,7.12,2.2201166000000003
43894,20,Upstairs,2402432262000,0.46,9.51,1.3756552
43896,20,Upstairs,2402532237000,0.95,9.3,1.0760075
43895,20,Upstairs,2402532237000,0.95,9.3,1.0760075
43897,20,Upstairs,2402582286000,-0.11,9.43,1.7570249
43899,20,Upstairs,2402682262000,0.38,10.27,0.38136974
43898,20,Upstairs,2402682262000,0.38,10.27,0.38136974
43901,20,Upstairs,2402782268000,4.48,15.83,1.6480621
43900,20,Upstairs,2402782268000,4.48,15.83,1.6480621
43903,20,Upstairs,2402882274000,-0.89,13.63,8.771504
43902,20,Upstairs,2402882274000,-0.89,13.63,8.771504
43904,20,Upstairs,2402982280000,3.38,8.5,-1.8796080000000002
43905,20,Upstairs,2402982280000,3.38,8.5,-1.8796080000000002
43906,20,Upstairs,2403032268000,0.08,10.84,3.0645783
43908,20,Upstairs,2403132274000,1.57,5.28,2.4516625
43907,20,Upstairs,2403132274000,1.57,5.28,2.4516625
43909,20,Upstairs,2403182262000,-0.23,2.26,1.7978859
43911,20,Upstairs,2403282268000,0.5,0.99,2.8330324
43910,20,Upstairs,2403282268000,0.5,0.99,2.8330324
43912,20,Upstairs,2403332317000,0.19,1.54,6.4424243
43913,20,Upstairs,2403432262000,1.76,3.72,5.012288
43914,20,Upstairs,2403432262000,1.76,3.72,5.012288
43915,20,Upstairs,2403482280000,-0.57,7.16,3.5685309999999997
43916,20,Upstairs,2403582286000,2.45,9.53,1.607201
43917,20,Upstairs,2403582286000,2.45,9.53,1.607201
43918,20,Upstairs,2403632274000,0.76,7.59,1.607201
43920,20,Upstairs,2403732249000,1.95,9.0,0.50395286
43919,20,Upstairs,2403732249000,1.95,9.0,0.50395286
43922,20,Upstairs,2403832286000,-0.27,9.89,2.2201166000000003
43921,20,Upstairs,2403832286000,-0.27,9.89,2.2201166000000003
43923,20,Upstairs,2403882274000,2.49,9.0,0.7218784
43925,20,Upstairs,2403982249000,0.57,13.87,0.38136974
43924,20,Upstairs,2403982249000,0.57,13.87,0.38136974
43927,20,Upstairs,2404082378000,0.72,13.18,7.7363577
43926,20,Upstairs,2404082378000,0.72,13.18,7.7363577
43928,20,Upstairs,2404182262000,1.57,12.68,-0.7218784
43929,20,Upstairs,2404182262000,1.57,12.68,-0.7218784
43930,20,Upstairs,2404232310000,-0.69,9.51,-1.8387468999999996
43931,20,Upstairs,2404292338000,1.99,10.69,2.6832085
43932,20,Upstairs,2404352275000,1.18,6.05,1.334794
43933,20,Upstairs,2404402232000,0.34,3.41,1.3075534
43934,20,Upstairs,2404452281000,0.34,3.76,1.3075534
43935,20,Upstairs,2404502269000,0.23,1.5,2.152015
43936,20,Upstairs,2404552257000,-0.27,0.8,3.5685309999999997
43937,20,Upstairs,2404602306000,2.79,12.72,13.906375
