,user,label,timestamp,x,y,z
45387,20,Upstairs,2562782207000,-0.46,10.65,1.9885708
45388,20,Upstairs,2562832347000,-1.23,11.18,2.9556155
45389,20,Upstairs,2562882274000,-0.57,8.5,1.3075534
45390,20,Upstairs,2562932262000,-0.72,9.47,3.5276701
45391,20,Upstairs,2562982219000,0.95,8.77,1.7570249
45392,20,Upstairs,2563032268000,0.53,9.15,0.19068487
45393,20,Upstairs,2563082255000,0.19,9.23,1.6480621
45394,20,Upstairs,2563132274000,-1.31,8.62,1.2258313
45395,20,Upstairs,2563182201000,-1.65,10.12,1.2666923
45396,20,Upstairs,2563232310000,0.8,13.14,0.50395286
45397,20,Upstairs,2563282207000,-2.07,16.04,0.84446156
45398,20,Upstairs,2563332317000,-3.36,13.59,6.1291566
45399,20,Upstairs,2563382548000,1.33,12.64,7.205164
45400,20,Upstairs,2563432262000,0.57,13.99,1.1441092
45401,20,Upstairs,2563482249000,0.61,11.22,-1.2666923
45402,20,Upstairs,2563532298000,-1.12,9.96,4.018002500000001
45403,20,Upstairs,2563582255000,-1.27,5.94,1.7297841
45404,20,Upstairs,2563632304000,1.23,4.82,2.6832085
45405,20,Upstairs,2563682231000,0.23,4.94,2.152015
45406,20,Upstairs,2563732310000,-0.23,2.6,3.214402
45407,20,Upstairs,2563782207000,0.69,1.31,3.9090397000000006
45408,20,Upstairs,2563832286000,-0.15,1.8,7.5456724
45409,20,Upstairs,2563882243000,3.68,18.24,4.671779
45410,20,Upstairs,2563932201000,0.93,6.97,4.2495484
45411,20,Upstairs,2563982310000,-1.38,9.53,1.4573771999999998
45412,20,Upstairs,2564032237000,-1.33,10.42,3.0645783
45413,20,Upstairs,2564082317000,-0.46,9.04,1.4165162
45414,20,Upstairs,2564132213000,1.5,9.62,1.7978859
45415,20,Upstairs,2564182262000,2.37,8.12,1.2666923
45416,20,Upstairs,2564232219000,-0.38,8.85,0.7218784
45417,20,Upstairs,2564282298000,-0.61,9.11,2.3699405
45418,20,Upstairs,2564332225000,-1.08,10.38,2.0294318
45419,20,Upstairs,2564382243000,-1.46,11.22,-1.4165162
45420,20,Upstairs,2564432231000,0.38,14.48,1.3075534
45421,20,Upstairs,2564482280000,-1.18,15.7,4.903325
45422,20,Upstairs,2564532573000,-0.38,13.53,9.193735
45423,20,Upstairs,2564582317000,1.73,14.56,2.8330324
45424,20,Upstairs,2564632213000,0.5,9.72,-4.671779
45425,20,Upstairs,2564682292000,-1.76,9.92,4.630918
45426,20,Upstairs,2564732249000,-0.76,7.21,0.6946376999999999
45427,20,Upstairs,2564782268000,0.08,5.9,2.9556155
45428,20,Upstairs,2564832255000,0.61,5.01,2.5333846
45429,20,Upstairs,2564882274000,-0.15,2.11,1.7297841
45430,20,Upstairs,2564932231000,0.34,0.34,2.4516625
45431,20,Upstairs,2564982280000,-0.3,8.16,11.34575
45432,20,Upstairs,2565032207000,2.87,17.27,5.012288
45433,20,Upstairs,2565082317000,1.14,4.79,1.6480621
45434,20,Upstairs,2565132213000,0.27,9.89,2.6423476000000004
45435,20,Upstairs,2565182292000,0.23,11.8,2.152015
45436,20,Upstairs,2565232219000,-1.8,8.62,4.3312707
45437,20,Upstairs,2565282298000,-0.42,9.0,2.4516625
45438,20,Upstairs,2565332225000,1.12,8.62,0.53119355
45439,20,Upstairs,2565382243000,1.73,8.35,0.5720546
45440,20,Upstairs,2565432201000,-0.27,9.85,2.2201166000000003
45441,20,Upstairs,2565482310000,-2.72,10.12,1.1441092
45442,20,Upstairs,2565532237000,-1.99,12.57,0.38136974
45443,20,Upstairs,2565582317000,2.07,14.86,1.2258313
45444,20,Upstairs,2565632213000,-1.84,13.91,6.633109599999999
45445,20,Upstairs,2565682292000,-1.57,13.99,7.3141264999999995
45446,20,Upstairs,2565732494000,-1.14,14.25,-0.84446156
45447,20,Upstairs,2565782298000,0.53,9.28,-3.8681788
45448,20,Upstairs,2565832225000,-0.42,10.34,5.407278
45449,20,Upstairs,2565882274000,-1.33,6.28,1.1168685
45450,20,Upstairs,2565932231000,0.5,6.55,2.6423476000000004
45451,20,Upstairs,2565982310000,-0.84,4.52,2.3426998
45452,20,Upstairs,2566032207000,-0.61,1.42,2.4925237
45453,20,Upstairs,2566082286000,0.04,1.18,3.2552630000000002
45454,20,Upstairs,2566132213000,0.42,9.58,12.367275999999999
45455,20,Upstairs,2566182292000,1.54,14.44,5.012288
45456,20,Upstairs,2566232219000,0.04,5.43,0.46309182
45457,20,Upstairs,2566282268000,-0.11,10.34,1.4982381999999999
45458,20,Upstairs,2566332255000,0.99,9.81,2.4108016
45459,20,Upstairs,2566382243000,0.69,8.89,4.140586
45460,20,Upstairs,2566432201000,-0.46,8.31,1.2258313
45461,20,Upstairs,2566482310000,-0.3,9.11,-0.10896278
45462,20,Upstairs,2566532207000,0.8,10.31,2.6014863999999998
45463,20,Upstairs,2566582255000,0.38,8.66,-0.0
45464,20,Upstairs,2566632213000,-2.03,11.35,1.334794
45465,20,Upstairs,2566682292000,0.65,15.24,2.2201166000000003
45466,20,Upstairs,2566732219000,0.72,16.09,2.7649305
45467,20,Upstairs,2566782268000,-1.88,12.53,9.697687
45468,20,Upstairs,2566832225000,0.53,14.06,3.6366330000000002
45469,20,Upstairs,2566882274000,0.11,11.03,-3.9771416
45470,20,Upstairs,2566932597000,-1.69,10.53,3.0237172
45471,20,Upstairs,2566982310000,-2.03,8.62,3.336985
45472,20,Upstairs,2567032207000,-0.08,4.33,1.7570249
45473,20,Upstairs,2567082317000,0.89,5.48,3.3778462
45474,20,Upstairs,2567132243000,-1.46,3.57,2.8738932999999998
45475,20,Upstairs,2567182292000,0.89,2.56,3.173541
45476,20,Upstairs,2567232219000,-0.5,0.84,3.7183550000000003
45477,20,Upstairs,2567290355000,4.21,11.6,16.930092000000002
45478,20,Upstairs,2567342387000,-0.53,2.3,-0.0
45479,20,Upstairs,2567392284000,0.61,13.67,5.325556
45480,20,Upstairs,2567442210000,1.5,8.05,3.7592160000000003
45481,20,Upstairs,2567492259000,-1.27,9.15,1.2258313
45482,20,Upstairs,2567542247000,-0.57,9.38,2.5606253
45483,20,Upstairs,2567592296000,-0.72,9.43,2.152015
45484,20,Upstairs,2567642253000,0.89,9.11,1.0351465
45485,20,Upstairs,2567692271000,1.38,9.47,1.0760075
45486,20,Upstairs,2567742198000,-0.8,9.19,0.50395286
45487,20,Upstairs,2567792308000,-0.89,9.66,0.8036005
45488,20,Upstairs,2567842204000,-1.14,8.81,0.27240697
45489,20,Upstairs,2567892284000,0.53,10.19,1.7978859
45490,20,Upstairs,2567942210000,1.54,9.28,0.7218784
45491,20,Upstairs,2567992259000,1.61,13.67,-0.8036005
45492,20,Upstairs,2568042247000,0.27,13.44,8.580819
45493,20,Upstairs,2568092296000,-10.76,14.14,6.2789803
45494,20,Upstairs,2568142223000,-12.95,12.34,-0.7218784
45495,20,Upstairs,2568192332000,1.27,10.08,-2.5606253
45496,20,Upstairs,2568242229000,0.38,7.21,2.3426998
45497,20,Upstairs,2568292277000,-1.99,6.13,1.0760075
45498,20,Upstairs,2568342265000,-1.27,6.02,1.7570249
45499,20,Upstairs,2568392284000,-0.3,5.33,1.8796080000000002
45500,20,Upstairs,2568442210000,1.8,5.52,3.0645783
45501,20,Upstairs,2568442210000,1.8,5.52,3.0645783
45502,20,Upstairs,2568542155000,2.87,14.44,11.876944
45503,20,Upstairs,2568592204000,-3.21,9.43,8.430995
45504,20,Upstairs,2568642406000,-6.47,9.58,1.8796080000000002
45505,20,Upstairs,2568692241000,-3.36,11.26,0.8036005
45506,20,Upstairs,2568742290000,-1.99,8.05,-4.2495484
45507,20,Upstairs,2568792461000,-1.46,12.22,-2.6832085
45508,20,Upstairs,2568842235000,-0.27,10.38,0.42223078
45509,20,Upstairs,2568892284000,0.5,9.72,1.56634
45510,20,Upstairs,2568942241000,0.53,11.11,-0.9942854
45511,20,Upstairs,2568992259000,1.84,10.27,-0.3405087
45512,20,Upstairs,2569042247000,0.8,9.96,2.6832085
45513,20,Upstairs,2569092296000,-1.33,9.51,-1.2666923
45514,20,Upstairs,2569142253000,-2.79,9.43,0.88532263
45515,20,Upstairs,2569192271000,1.08,10.0,-0.6537767
45516,20,Upstairs,2569242229000,-0.5,12.87,1.3756552
45517,20,Upstairs,2569292277000,2.11,15.02,0.14982383
45518,20,Upstairs,2569342235000,-1.14,13.57,4.3993720000000005
45519,20,Upstairs,2569392284000,-3.17,13.8,5.243834
45520,20,Upstairs,2569442210000,-1.99,13.99,-0.10896278
45521,20,Upstairs,2569492259000,-0.95,10.46,0.19068487
45522,20,Upstairs,2569542277000,2.6,11.73,3.4868089999999996
45523,20,Upstairs,2569592265000,-0.15,7.4,1.0760075
45524,20,Upstairs,2569642253000,0.23,4.1,2.7240696
45525,20,Upstairs,2569692210000,0.11,3.15,1.8387468999999996
45526,20,Upstairs,2569742290000,0.31,1.73,2.3699405
45527,20,Upstairs,2569792277000,0.93,0.76,2.3426998
45528,20,Upstairs,2569842296000,0.5,3.6,12.680544
45529,20,Upstairs,2569892253000,1.99,17.77,5.325556
45530,20,Upstairs,2569942271000,-0.04,5.71,4.099725
45531,20,Upstairs,2569992229000,-0.65,11.26,2.3018389
45532,20,Upstairs,2570042308000,-0.53,11.26,1.7978859
45533,20,Upstairs,2570092265000,1.8,9.3,0.7218784
45534,20,Upstairs,2570142253000,1.08,8.73,2.5606253
45535,20,Upstairs,2570192271000,-0.11,8.92,1.9477096999999999
45536,20,Upstairs,2570242229000,-1.99,8.96,0.19068487
45537,20,Upstairs,2570292277000,-0.5,9.47,0.7627395
45538,20,Upstairs,2570342265000,-0.42,9.23,0.10896278
45539,20,Upstairs,2570392284000,-1.57,10.5,0.23154591
45540,20,Upstairs,2570442271000,1.04,14.02,1.1441092
45541,20,Upstairs,2570492198000,-1.04,16.78,1.4982381999999999
45542,20,Upstairs,2570542277000,-3.64,13.44,6.469665
45543,20,Upstairs,2570592265000,1.04,12.64,7.3549875999999985
45544,20,Upstairs,2570642284000,1.27,13.72,-0.7218784
45545,20,Upstairs,2570692302000,-1.8,10.53,-0.040861044
45546,20,Upstairs,2570742198000,-1.5,10.31,2.7921712000000003
45547,20,Upstairs,2570792277000,-0.5,5.37,0.95342433
45548,20,Upstairs,2570842204000,0.0,4.06,2.0294318
45549,20,Upstairs,2570892375000,-0.42,3.06,1.7570249
45550,20,Upstairs,2570942241000,0.5,1.8,2.982856
45551,20,Upstairs,2570992259000,0.27,1.42,3.6366330000000002
45552,20,Upstairs,2571042277000,2.03,9.04,15.213928
45553,20,Upstairs,2571092296000,1.88,13.25,3.8681788
45554,20,Upstairs,2571142284000,-0.76,4.14,3.6366330000000002
45555,20,Upstairs,2571192271000,0.11,12.45,4.140586
45556,20,Upstairs,2571242229000,0.46,9.38,1.3756552
45557,20,Upstairs,2571292247000,-0.08,9.43,1.7570249
45558,20,Upstairs,2571342265000,0.27,8.43,2.9147543999999996
45559,20,Upstairs,2571392284000,0.84,9.0,2.1792557
45560,20,Upstairs,2571442302000,0.57,8.89,1.607201
45561,20,Upstairs,2571492198000,-0.5,9.58,1.7978859
45562,20,Upstairs,2571542277000,0.0,9.23,1.8387468999999996
45563,20,Upstairs,2571592204000,-0.76,9.08,0.53119355
45564,20,Upstairs,2571642284000,-0.95,10.5,0.46309182
45565,20,Upstairs,2571692241000,0.46,12.3,0.38136974
45566,20,Upstairs,2571742259000,-2.26,17.54,0.19068487
45567,20,Upstairs,2571792247000,-1.8,15.64,9.847511
45568,20,Upstairs,2571842235000,2.91,12.45,6.3198414000000005
45569,20,Upstairs,2571892284000,-1.14,13.57,-4.1814466
45570,20,Upstairs,2571942210000,-2.45,10.84,2.3426998
45571,20,Upstairs,2571992259000,-0.95,10.95,3.1054392
45572,20,Upstairs,2572042247000,-1.08,6.09,1.3075534
45573,20,Upstairs,2572092265000,-0.11,3.57,2.0294318
45574,20,Upstairs,2572142253000,0.23,2.37,0.38136974
45575,20,Upstairs,2572192271000,0.04,0.46,2.1111538
45576,20,Upstairs,2572242259000,-0.57,1.08,4.3993720000000005
45577,20,Upstairs,2572292247000,1.04,14.86,9.997335000000001
45578,20,Upstairs,2572342235000,2.6,12.49,7.586533500000001
45579,20,Upstairs,2572392284000,-1.12,6.13,1.6889231
45580,20,Upstairs,2572442271000,0.19,11.37,3.1054392
45581,20,Upstairs,2572492229000,-0.3,9.19,2.3018389
45582,20,Upstairs,2572542277000,0.46,7.12,1.6480621
45583,20,Upstairs,2572592265000,1.38,10.57,2.3699405
45584,20,Upstairs,2572642253000,1.27,9.19,2.6014863999999998
45585,20,Upstairs,2572692271000,-1.23,9.19,-0.0
45586,20,Upstairs,2572742229000,-1.92,9.53,1.6889231
