,user,label,timestamp,x,y,z
863587,21,Upstairs,119212171637000,2.56,8.2,3.17
863588,21,Upstairs,119212261481000,0.91,1.73,2.91
863589,21,Upstairs,119212301550000,2.87,2.11,1.65
863590,21,Upstairs,119212341498000,3.53,3.53,-2.96
863591,21,Upstairs,119212381659000,-2.11,14.48,0.84
863592,21,Upstairs,119212461646000,3.02,13.67,5.05
863593,21,Upstairs,119212501501000,3.11,15.55,6.93
863594,21,Upstairs,119212541510000,2.07,18.89,11.8
863595,21,Upstairs,119212581641000,0.76,13.1,10.0
863596,21,Upstairs,119212661658000,-0.08,-0.3,0.19
863597,21,Upstairs,119212701514000,-0.19,-7.44,-0.23
863598,21,Upstairs,119212741614000,-0.04,-7.46,-0.84
863599,21,Upstairs,119212781500000,-1.12,6.36,3.21
863600,21,Upstairs,119212861639000,3.76,11.03,5.56
863601,21,Upstairs,119212901495000,2.68,11.88,0.89
863602,21,Upstairs,119212941473000,0.46,18.62,3.87
863603,21,Upstairs,119212981573000,2.91,15.17,2.75
863604,21,Upstairs,119213061469000,-1.18,3.91,3.3
863605,21,Upstairs,119213101630000,0.27,2.98,2.41
863606,21,Upstairs,119213141486000,2.49,1.14,0.84
863607,21,Upstairs,119213187506000,-1.61,8.12,1.73
863608,21,Upstairs,119213263709000,1.31,16.86,8.16
863609,21,Upstairs,119213303320000,1.18,14.33,11.65
863610,21,Upstairs,119213341467000,-2.07,13.02,11.26
863611,21,Upstairs,119213381537000,-0.76,6.66,6.05
863612,21,Upstairs,119213461676000,-1.61,-4.1,0.42
863613,21,Upstairs,119213501593000,-1.31,-7.7,-0.08
863614,21,Upstairs,119213541480000,-0.31,6.66,1.76
863615,21,Upstairs,119213581488000,4.67,16.82,4.21
863616,21,Upstairs,119213661536000,1.42,11.14,2.22
863617,21,Upstairs,119213701575000,0.5,12.18,3.36
863618,21,Upstairs,119213741492000,1.18,10.88,3.45
863619,21,Upstairs,119213781622000,0.57,9.28,2.3
863620,21,Upstairs,119213861639000,0.99,6.02,1.12
863621,21,Upstairs,119213901495000,1.61,7.35,2.07
863622,21,Upstairs,119213941534000,2.98,6.89,3.15
863623,21,Upstairs,119213991492000,5.13,8.77,2.18
863624,21,Upstairs,119214031683000,2.83,10.61,2.96
863625,21,Upstairs,119214111731000,0.65,11.6,-3.45
863626,21,Upstairs,119214151617000,-3.34,13.18,0.0
863627,21,Upstairs,119214191412000,0.11,12.11,0.5
863628,21,Upstairs,119214231482000,3.79,8.89,0.91
863629,21,Upstairs,119214311499000,-0.61,8.85,2.03
863630,21,Upstairs,119214351508000,-0.5,7.74,0.61
863631,21,Upstairs,119214391547000,-1.76,7.08,1.73
863632,21,Upstairs,119214431555000,-2.37,5.98,2.83
863633,21,Upstairs,119214511603000,0.34,7.31,5.13
863634,21,Upstairs,119214551550000,1.95,9.08,6.51
863635,21,Upstairs,119214591528000,1.73,10.57,7.16
863636,21,Upstairs,119214641913000,2.68,17.39,2.14
863637,21,Upstairs,119214684393000,-1.76,6.21,2.49
863638,21,Upstairs,119214761481000,4.9,12.57,1.04
863639,21,Upstairs,119214801642000,0.0,8.92,1.57
863640,21,Upstairs,119214841528000,-2.6,6.36,1.08
863641,21,Upstairs,119214881506000,0.08,8.5,0.57
863642,21,Upstairs,119214961676000,0.99,8.89,1.61
863643,21,Upstairs,119215001532000,1.38,7.97,1.18
863644,21,Upstairs,119215041510000,2.22,8.89,0.65
863645,21,Upstairs,119215081580000,0.5,10.15,1.38
863646,21,Upstairs,119215162146000,4.63,11.8,1.27
863647,21,Upstairs,119215202887000,0.34,13.99,-0.27
863648,21,Upstairs,119215241553000,0.53,9.11,-1.8
863649,21,Upstairs,119215281531000,0.27,11.41,0.53
863650,21,Upstairs,119215361487000,1.99,10.34,-0.38
863651,21,Upstairs,119215401526000,-0.38,8.2,1.92
863652,21,Upstairs,119215441473000,0.04,7.93,1.42
863653,21,Upstairs,119215483008000,-0.72,7.59,0.65
863654,21,Upstairs,119215561469000,-1.5,4.4,2.79
863655,21,Upstairs,119215601508000,-0.38,5.6,3.83
863656,21,Upstairs,119215641760000,0.61,7.31,5.18
863657,21,Upstairs,119215683478000,3.49,12.53,6.17
863658,21,Upstairs,119215761481000,6.47,3.57,6.09
863659,21,Upstairs,119215801520000,2.03,8.47,2.68
863660,21,Upstairs,119215961798000,1.33,16.86,2.34
863661,21,Upstairs,119215961798000,1.33,16.86,2.34
863662,21,Upstairs,119215961798000,1.33,16.86,2.34
863663,21,Upstairs,119216001685000,-1.04,11.3,0.76
863664,21,Upstairs,119216041541000,3.21,18.16,5.05
863665,21,Upstairs,119216081549000,8.43,16.13,5.09
863666,21,Upstairs,119216161597000,-3.68,5.79,3.11
863667,21,Upstairs,119216202216000,1.73,5.48,3.83
863668,21,Upstairs,119216241522000,3.64,0.27,-1.5
863669,21,Upstairs,119216281531000,-1.31,-3.98,0.42
863670,21,Upstairs,119216361578000,3.6,19.31,3.79
863671,21,Upstairs,119216401495000,3.34,18.28,10.08
863672,21,Upstairs,119216441595000,6.47,18.39,13.38
863673,21,Upstairs,119216484930000,-2.87,11.96,4.9
863674,21,Upstairs,119216561591000,-0.38,-2.37,-1.61
863675,21,Upstairs,119216601508000,-2.98,-8.62,-2.18
863676,21,Upstairs,119216641638000,-1.27,-3.83,-1.08
863677,21,Upstairs,119216691901000,0.0,12.15,3.11
863678,21,Upstairs,119216732184000,2.72,14.86,1.23
863679,21,Upstairs,119216811469000,1.23,16.59,4.71
863680,21,Upstairs,119216851630000,8.12,16.7,4.59
863681,21,Upstairs,119216891913000,3.79,14.94,2.18
863682,21,Upstairs,119216931555000,-1.42,10.34,1.8
863683,21,Upstairs,119217011511000,1.99,3.06,2.98
863684,21,Upstairs,119217051520000,3.91,1.92,-0.72
863685,21,Upstairs,119217091467000,-2.6,-0.89,0.27
863686,21,Upstairs,119217131659000,-1.65,12.18,5.56
863687,21,Upstairs,119217213568000,4.33,16.82,11.56
863688,21,Upstairs,119217251410000,0.99,16.02,11.99
863689,21,Upstairs,119217291296000,-0.69,10.04,6.78
863690,21,Upstairs,119217331519000,-0.89,2.41,1.69
863691,21,Upstairs,119217411505000,-1.57,-8.16,-2.49
863692,21,Upstairs,119217451636000,-1.23,0.89,-0.53
863693,21,Upstairs,119217491492000,-0.23,18.39,2.41
863694,21,Upstairs,119217531531000,2.91,8.69,3.68
863695,21,Upstairs,119217611517000,7.12,19.11,5.67
863696,21,Upstairs,119217651495000,2.14,12.83,3.45
863697,21,Upstairs,119217691992000,-1.69,8.08,3.17
863698,21,Upstairs,119217731543000,-0.99,2.79,1.84
863699,21,Upstairs,119217811530000,2.91,4.06,-1.14
863700,21,Upstairs,119217851630000,-0.19,0.5,-1.73
863701,21,Upstairs,119217891577000,-1.31,10.57,4.4
863702,21,Upstairs,119217931555000,0.0,15.89,4.25
863703,21,Upstairs,119218011511000,4.94,14.82,12.91
863704,21,Upstairs,119218051520000,-1.5,9.28,9.34
863705,21,Upstairs,119218091650000,-4.48,6.47,4.94
863706,21,Upstairs,119218131537000,-2.68,-0.19,-1.65
863707,21,Upstairs,119218171698000,-2.64,-5.52,-1.8
863708,21,Upstairs,119218262732000,4.99,18.47,4.48
863709,21,Upstairs,119218301672000,2.83,2.45,2.41
863710,21,Upstairs,119218341498000,2.45,14.06,4.14
863711,21,Upstairs,119218381537000,4.21,19.23,4.9
863712,21,Upstairs,119218461493000,1.18,8.01,1.84
863713,21,Upstairs,119218501501000,-1.12,2.98,1.5
863714,21,Upstairs,119218541541000,2.3,4.94,1.12
863715,21,Upstairs,119218581549000,1.31,2.49,1.27
863716,21,Upstairs,119218661597000,-0.99,15.98,4.9
863717,21,Upstairs,119218701605000,2.68,18.58,9.49
863718,21,Upstairs,119218750342000,3.15,14.14,10.92
863719,21,Upstairs,119218791510000,0.5,12.22,8.69
863720,21,Upstairs,119218831519000,-0.23,1.57,1.18
863721,21,Upstairs,119218911688000,-2.45,-6.66,-1.27
863722,21,Upstairs,119218951758000,0.46,-0.91,-1.31
863723,21,Upstairs,119218991644000,-1.8,11.92,1.57
863724,21,Upstairs,119219031531000,4.4,18.39,4.71
863725,21,Upstairs,119219111609000,4.67,15.21,4.44
863726,21,Upstairs,119219151495000,3.6,16.93,4.75
863727,21,Upstairs,119219192725000,1.88,14.79,2.07
863728,21,Upstairs,119219231512000,0.57,10.31,0.99
863729,21,Upstairs,119219311530000,1.12,1.88,0.8
863730,21,Upstairs,119219351508000,4.33,4.4,1.27
863731,21,Upstairs,119219391547000,-0.89,2.6,-1.42
863732,21,Upstairs,119219431586000,-1.88,10.61,2.79
863733,21,Upstairs,119219511450000,3.57,14.9,9.08
863734,21,Upstairs,119219551642000,2.56,17.43,10.57
863735,21,Upstairs,119219591498000,-0.69,12.72,8.77
863736,21,Upstairs,119219631537000,-0.46,5.22,2.56
863737,21,Upstairs,119219711554000,0.15,-4.71,0.19
863738,21,Upstairs,119219751685000,-1.99,-5.98,-3.79
863739,21,Upstairs,119219791632000,-4.99,8.39,1.88
863740,21,Upstairs,119219831549000,4.33,15.13,4.02
863741,21,Upstairs,119219911536000,3.72,15.28,3.34
863742,21,Upstairs,119219951819000,2.64,18.24,5.09
863743,21,Upstairs,119219991461000,1.65,11.6,2.49
863744,21,Upstairs,119220031470000,1.53,6.28,2.83
863745,21,Upstairs,119220103796000,1.5,4.18,1.27
863746,21,Upstairs,119220141455000,1.33,7.08,0.89
863747,21,Upstairs,119220181555000,2.45,5.98,1.46
863748,21,Upstairs,119220261511000,-2.45,15.66,4.25
863749,21,Upstairs,119220301611000,3.15,17.43,10.11
863750,21,Upstairs,119220341620000,1.76,15.24,6.36
863751,21,Upstairs,119220381598000,-2.11,2.18,-0.46
863752,21,Upstairs,119220461493000,-2.34,-5.48,-0.5
863753,21,Upstairs,119220501471000,-0.99,-5.52,-4.25
863754,21,Upstairs,119220541541000,-0.27,12.41,5.9
863755,21,Upstairs,119220581610000,5.63,9.96,2.75
863756,21,Upstairs,119220661627000,-0.76,12.98,0.89
863757,21,Upstairs,119220701605000,0.15,12.72,3.79
863758,21,Upstairs,119220741522000,-0.11,4.9,-1.33
863759,21,Upstairs,119220791480000,-0.11,8.31,2.22
863760,21,Upstairs,119220832007000,0.5,6.13,1.27
863761,21,Upstairs,119220911505000,2.11,10.38,1.5
863762,21,Upstairs,119220951849000,2.6,9.66,4.52
863763,21,Upstairs,119221012793000,4.9,9.23,0.99
863764,21,Upstairs,119221051428000,6.24,10.84,-1.14
863765,21,Upstairs,119221092047000,-1.88,13.82,-0.84
863766,21,Upstairs,119221131628000,-1.65,12.79,-1.38
863767,21,Upstairs,119221211584000,-1.8,9.34,1.73
863768,21,Upstairs,119221251440000,1.18,11.3,1.04
863769,21,Upstairs,119221291510000,3.26,11.07,2.53
863770,21,Upstairs,119221331519000,-0.61,9.3,3.21
863771,21,Upstairs,119221411505000,-0.5,6.74,2.79
863772,21,Upstairs,119221451758000,-0.11,6.05,2.64
863773,21,Upstairs,119221491522000,-0.27,5.63,3.95
863774,21,Upstairs,119221531561000,0.3,6.24,4.48
863775,21,Upstairs,119221611517000,1.46,6.97,5.33
863776,21,Upstairs,119221651526000,0.15,9.92,5.86
863777,21,Upstairs,119221691473000,1.76,14.06,8.31
863778,21,Upstairs,119221734473000,1.42,13.72,3.06
863779,21,Upstairs,119221811530000,-0.38,3.3,1.33
863780,21,Upstairs,119221851508000,5.28,9.34,0.27
863781,21,Upstairs,119221891425000,1.84,10.42,0.23
863782,21,Upstairs,119221931525000,-3.15,8.35,1.18
863783,21,Upstairs,119222011603000,0.3,8.92,0.95
863784,21,Upstairs,119222051520000,1.5,8.47,0.95
863785,21,Upstairs,119222091498000,0.65,8.5,0.72
863786,21,Upstairs,119222131506000,-0.53,8.77,0.57
