,user,label,timestamp,x,y,z
937812,22,Upstairs,2050912303000,1.92,6.28,-4.75
937813,22,Upstairs,2050962321000,0.61,9.92,-5.01
937814,22,Upstairs,2051012309000,-2.72,8.16,-3.41
937815,22,Upstairs,2051062327000,-3.79,6.4,-1.31
937816,22,Upstairs,2051112315000,-2.83,5.94,-2.11
937817,22,Upstairs,2051162303000,-4.18,9.34,-2.03
937818,22,Upstairs,2051212291000,-3.21,8.01,-1.31
937819,22,Upstairs,2051262279000,-2.41,9.23,-1.31
937820,22,Upstairs,2051312297000,-3.02,8.47,-1.76
937821,22,Upstairs,2051362315000,-4.06,8.24,-3.49
937822,22,Upstairs,2051412303000,-3.17,7.46,1.73
937823,22,Upstairs,2051462291000,-3.91,12.98,1.33
937824,22,Upstairs,2051512340000,-6.32,17.05,-0.53
937825,22,Upstairs,2051562297000,-2.75,15.05,-1.65
937826,22,Upstairs,2051612315000,-2.64,10.19,-2.72
937827,22,Upstairs,2051662334000,-4.33,10.04,-0.65
937828,22,Upstairs,2051712291000,-0.5,11.35,-0.08
937829,22,Upstairs,2051762309000,-0.19,9.38,0.84
937830,22,Upstairs,2051812297000,-2.37,8.12,-0.19
937831,22,Upstairs,2051862315000,-0.15,8.16,-1.88
937832,22,Upstairs,2051912303000,-0.84,8.47,-1.76
937833,22,Upstairs,2051962291000,-0.42,5.83,-3.21
937834,22,Upstairs,2052012279000,0.8,5.9,-4.21
937835,22,Upstairs,2052062297000,1.92,5.24,-5.48
937836,22,Upstairs,2052112315000,1.8,6.36,-8.85
937837,22,Upstairs,2052162303000,-2.75,17.08,-7.31
937838,22,Upstairs,2052212291000,2.83,2.49,-3.49
937839,22,Upstairs,2052262309000,-1.12,9.89,-2.64
937840,22,Upstairs,2052312266000,-4.02,9.72,-2.64
937841,22,Upstairs,2052362315000,-3.98,5.83,-0.19
937842,22,Upstairs,2052412303000,-2.98,8.31,-1.23
937843,22,Upstairs,2052462291000,-2.68,9.62,-0.57
937844,22,Upstairs,2052512309000,-2.45,10.53,-0.23
937845,22,Upstairs,2052562297000,-1.76,9.34,0.27
937846,22,Upstairs,2052612315000,-2.79,7.86,-0.89
937847,22,Upstairs,2052662303000,-4.1,8.12,-1.88
937848,22,Upstairs,2052712291000,-3.3,8.69,-0.89
937849,22,Upstairs,2052762309000,-4.06,12.22,-0.19
937850,22,Upstairs,2052812266000,-4.71,15.47,-0.19
937851,22,Upstairs,2052862315000,0.38,12.34,-1.33
937852,22,Upstairs,2052912334000,-1.84,10.61,-1.5
937853,22,Upstairs,2052962321000,-3.72,12.07,-0.84
937854,22,Upstairs,2053012309000,-0.95,12.34,-0.57
937855,22,Upstairs,2053062297000,-2.41,9.0,1.76
937856,22,Upstairs,2053112315000,-1.92,6.78,-0.46
937857,22,Upstairs,2053162303000,0.57,9.28,-2.41
937858,22,Upstairs,2053212291000,-1.12,8.31,-2.83
937859,22,Upstairs,2053262309000,-1.08,6.82,-2.96
937860,22,Upstairs,2053312327000,0.8,5.71,-4.79
937861,22,Upstairs,2053362315000,1.5,4.71,-4.86
937862,22,Upstairs,2053412334000,2.79,6.21,-6.4
937863,22,Upstairs,2053462291000,0.99,10.95,-12.26
937864,22,Upstairs,2053512309000,-0.04,8.62,-3.83
937865,22,Upstairs,2053562297000,2.07,3.72,-2.41
937866,22,Upstairs,2053612315000,-6.7,13.87,-2.68
937867,22,Upstairs,2053662303000,-2.3,4.6,-0.34
937868,22,Upstairs,2053712291000,-2.22,7.82,-1.12
937869,22,Upstairs,2053762309000,-2.26,9.15,-2.11
937870,22,Upstairs,2053812297000,-3.34,8.73,-1.42
937871,22,Upstairs,2053862315000,-5.05,9.34,-0.65
937872,22,Upstairs,2053912334000,-2.03,10.19,-1.12
937873,22,Upstairs,2053962291000,-2.87,9.53,-1.27
937874,22,Upstairs,2054012248000,-3.36,9.47,0.11
937875,22,Upstairs,2054062297000,-3.34,8.31,-0.38
937876,22,Upstairs,2054112315000,-3.72,8.5,0.99
937877,22,Upstairs,2054162303000,-4.4,12.57,1.57
937878,22,Upstairs,2054212291000,-4.02,15.83,-0.11
937879,22,Upstairs,2054262309000,-0.3,14.41,-1.12
937880,22,Upstairs,2054312297000,-2.41,10.95,-2.11
937881,22,Upstairs,2054362315000,-2.45,12.6,-1.65
937882,22,Upstairs,2054412303000,-1.53,10.12,2.11
937883,22,Upstairs,2054462291000,-1.42,8.08,0.0
937884,22,Upstairs,2054512309000,-0.5,7.25,-1.33
937885,22,Upstairs,2054562297000,-0.08,8.35,-1.14
937886,22,Upstairs,2054612315000,-1.33,7.63,-1.69
937887,22,Upstairs,2054662303000,0.8,6.97,-3.45
937888,22,Upstairs,2054712291000,2.76,5.79,-4.1
937889,22,Upstairs,2054762309000,2.26,4.37,-4.21
937890,22,Upstairs,2054812297000,3.79,5.6,-8.39
937891,22,Upstairs,2054862315000,-0.61,18.31,-7.65
937892,22,Upstairs,2054912303000,3.57,2.53,-4.33
937893,22,Upstairs,2054962291000,-2.45,12.22,-2.26
937894,22,Upstairs,2055012218000,-1.53,6.7,-4.75
937895,22,Upstairs,2055062297000,-3.64,5.86,-1.46
937896,22,Upstairs,2055112315000,-2.3,7.31,-4.75
937897,22,Upstairs,2055162303000,-5.63,8.85,-0.91
937898,22,Upstairs,2055212291000,-3.11,8.92,0.38
937899,22,Upstairs,2055212291000,-3.11,8.92,0.38
937900,22,Upstairs,2055272288000,0.11,10.15,-1.99
937901,22,Upstairs,2055322337000,-3.41,8.35,-2.14
937902,22,Upstairs,2055392284000,-3.95,8.2,-0.5
937903,22,Upstairs,2055442302000,-3.72,7.46,0.04
937904,22,Upstairs,2055492320000,-4.71,11.3,-0.46
937905,22,Upstairs,2055542308000,-6.89,16.59,0.19
937906,22,Upstairs,2055592326000,-0.42,15.36,-2.53
937907,22,Upstairs,2055642345000,-2.49,9.66,-1.38
937908,22,Upstairs,2055692332000,-4.9,11.56,-1.14
937909,22,Upstairs,2055742320000,-0.76,11.45,0.57
937910,22,Upstairs,2055792338000,-1.27,9.11,1.08
937911,22,Upstairs,2055842326000,-2.56,7.78,-0.57
937912,22,Upstairs,2055892345000,-0.42,7.5,-2.03
937913,22,Upstairs,2055942332000,-1.04,7.74,-2.26
937914,22,Upstairs,2055992290000,-1.04,6.4,-2.98
937915,22,Upstairs,2056042308000,0.53,6.02,-4.52
937916,22,Upstairs,2056092326000,1.92,4.82,-4.44
937917,22,Upstairs,2056142345000,2.45,4.4,-5.33
937918,22,Upstairs,2056192332000,0.11,12.98,-11.88
937919,22,Upstairs,2056242290000,2.56,6.7,-5.67
937920,22,Upstairs,2056292338000,1.08,7.78,-3.91
937921,22,Upstairs,2056342326000,-1.76,10.46,-4.94
937922,22,Upstairs,2056392345000,-2.18,7.67,-2.07
937923,22,Upstairs,2056442363000,-2.87,9.08,-1.88
937924,22,Upstairs,2056492320000,-3.02,7.55,-1.08
937925,22,Upstairs,2056542308000,-3.95,9.47,-0.57
937926,22,Upstairs,2056592326000,-2.3,8.89,-0.34
937927,22,Upstairs,2056642314000,-2.53,8.5,-0.34
937928,22,Upstairs,2056692332000,-1.99,8.12,-1.42
937929,22,Upstairs,2056742320000,-2.6,8.08,-1.33
937930,22,Upstairs,2056792338000,-2.91,8.69,-0.8
937931,22,Upstairs,2056842326000,-3.26,10.19,-0.08
937932,22,Upstairs,2056892345000,-6.93,15.89,-1.18
937933,22,Upstairs,2056942302000,-0.99,16.55,-1.23
937934,22,Upstairs,2056992290000,-2.6,10.27,-2.03
937935,22,Upstairs,2057042308000,-4.25,10.15,-0.15
937936,22,Upstairs,2057092326000,-2.26,9.53,1.04
937937,22,Upstairs,2057142345000,-1.65,9.58,0.5
937938,22,Upstairs,2057192332000,-2.87,8.47,1.23
937939,22,Upstairs,2057242290000,-2.34,6.89,1.23
937940,22,Upstairs,2057292338000,-0.5,6.97,1.27
937941,22,Upstairs,2057342326000,-0.99,7.55,-0.3
937942,22,Upstairs,2057392345000,-1.8,9.89,-0.34
937943,22,Upstairs,2057442332000,-1.31,9.92,-1.99
937944,22,Upstairs,2057492320000,-1.65,7.27,-2.41
937945,22,Upstairs,2057542308000,-0.69,6.09,-2.14
937946,22,Upstairs,2057592326000,-0.04,6.4,-3.49
937947,22,Upstairs,2057642345000,-0.99,10.84,-6.7
937948,22,Upstairs,2057692332000,-2.07,10.5,-8.01
937949,22,Upstairs,2057742320000,-1.92,17.88,-0.42
937950,22,Upstairs,2057792338000,0.57,3.41,-0.38
937951,22,Upstairs,2057842326000,-9.19,9.23,3.15
937952,22,Upstairs,2057892345000,-2.53,9.19,0.08
937953,22,Upstairs,2057942332000,0.84,9.23,-0.34
937954,22,Upstairs,2057992290000,-3.98,9.34,1.12
937955,22,Upstairs,2058042308000,-4.29,8.31,0.19
937956,22,Upstairs,2058092326000,-3.3,8.62,0.93
937957,22,Upstairs,2058142345000,-2.49,9.43,0.72
937958,22,Upstairs,2058192332000,-2.87,10.04,0.95
937959,22,Upstairs,2058242320000,-3.79,10.65,0.0
937960,22,Upstairs,2058292369000,-4.67,10.31,-0.69
937961,22,Upstairs,2058342326000,-8.54,14.06,1.46
937962,22,Upstairs,2058392345000,-1.8,9.51,2.03
937963,22,Upstairs,2058442332000,0.23,11.14,-1.18
937964,22,Upstairs,2058492320000,-2.37,10.15,2.15
937965,22,Upstairs,2058542308000,-3.57,8.92,0.15
937966,22,Upstairs,2058592326000,-1.84,9.53,-0.08
937967,22,Upstairs,2058642345000,-1.76,8.28,-1.23
937968,22,Upstairs,2058692332000,-0.53,6.7,-0.46
937969,22,Upstairs,2058742320000,-0.27,7.08,-1.12
937970,22,Upstairs,2058792400000,0.5,7.59,-2.18
937971,22,Upstairs,2058842326000,-1.23,11.99,-5.43
937972,22,Upstairs,2058892345000,-4.59,12.37,-8.12
937973,22,Upstairs,2058942332000,-0.38,6.17,-3.34
937974,22,Upstairs,2058992290000,0.15,16.74,-1.57
937975,22,Upstairs,2059042308000,1.73,6.89,-0.27
937976,22,Upstairs,2059092326000,-7.46,8.39,2.68
937977,22,Upstairs,2059142345000,-3.87,8.5,0.27
937978,22,Upstairs,2059192210000,-0.8,9.47,-0.89
937979,22,Upstairs,2059242290000,-3.83,8.66,0.53
937980,22,Upstairs,2059292338000,-4.52,8.73,-0.42
937981,22,Upstairs,2059342326000,-3.3,8.54,0.08
937982,22,Upstairs,2059392345000,-2.53,9.04,0.11
937983,22,Upstairs,2059442332000,-2.3,8.47,0.95
937984,22,Upstairs,2059492320000,-3.68,10.42,0.61
937985,22,Upstairs,2059542308000,-3.41,12.22,-0.46
937986,22,Upstairs,2059602336000,-7.44,10.69,-1.08
937987,22,Upstairs,2059652293000,-7.35,12.15,2.83
937988,22,Upstairs,2059702373000,1.23,10.12,0.04
937989,22,Upstairs,2059752269000,-3.21,13.1,0.31
937990,22,Upstairs,2059802348000,-4.86,10.46,1.12
937991,22,Upstairs,2059852336000,-2.64,11.5,-2.3
937992,22,Upstairs,2059902324000,-1.18,9.0,-3.98
937993,22,Upstairs,2059952342000,-2.37,6.82,-3.3
937994,22,Upstairs,2060002544000,0.76,6.55,-2.11
937995,22,Upstairs,2060052348000,1.76,6.59,-3.3
937996,22,Upstairs,2060102336000,1.12,6.55,-3.83
937997,22,Upstairs,2060152324000,1.8,5.09,-5.09
937998,22,Upstairs,2060202342000,1.73,6.44,-7.46
937999,22,Upstairs,2060252299000,1.57,16.63,-7.7
938000,22,Upstairs,2060302348000,2.64,6.89,-4.44
938001,22,Upstairs,2060352336000,-1.88,9.7,-3.64
938002,22,Upstairs,2060402324000,-1.12,6.44,-3.45
938003,22,Upstairs,2060462260000,-3.98,7.25,-2.34
938004,22,Upstairs,2060512309000,-3.45,7.4,-2.11
938005,22,Upstairs,2060562328000,-2.91,8.73,-1.73
938006,22,Upstairs,2060612315000,-2.41,9.51,-1.18
938007,22,Upstairs,2060662303000,-3.15,9.38,-0.72
938008,22,Upstairs,2060712291000,-3.45,9.15,-1.18
938009,22,Upstairs,2060762309000,-3.41,8.12,-0.23
938010,22,Upstairs,2060812297000,-3.72,9.38,0.31
938011,22,Upstairs,2060862315000,-4.29,10.5,1.65
