,user,label,timestamp,x,y,z
612152,24,Upstairs,15917571665000,-4.02,1.88,-0.99
612153,24,Upstairs,15917611521000,-1.92,-1.92,2.11
612154,24,Upstairs,15917651529000,-0.11,1.12,1.5
612155,24,Upstairs,15917691538000,3.11,-1.23,3.83
612156,24,Upstairs,15917771524000,5.13,-0.89,-0.31
612157,24,Upstairs,15917811624000,10.88,12.53,6.17
612158,24,Upstairs,15917851511000,10.15,16.86,-0.89
612159,24,Upstairs,15917891489000,0.08,3.83,-0.04
612160,24,Upstairs,15917971628000,-1.42,15.28,-1.99
612161,24,Upstairs,15918012399000,3.72,11.26,-1.42
612162,24,Upstairs,15918051676000,2.56,5.98,-1.18
612163,24,Upstairs,15918091532000,2.68,5.28,-1.57
612164,24,Upstairs,15918171488000,2.75,11.26,-5.22
612165,24,Upstairs,15918211557000,3.57,17.62,-13.4
612166,24,Upstairs,15918251474000,-10.57,19.57,0.61
612167,24,Upstairs,15918291544000,-0.93,17.2,5.24
612168,24,Upstairs,15918371469000,11.6,6.59,3.68
612169,24,Upstairs,15918411630000,7.78,4.48,-1.76
612170,24,Upstairs,15918451639000,1.92,4.6,-1.88
612171,24,Upstairs,15918491556000,-14.48,19.57,-10.46
612172,24,Upstairs,15918571634000,-3.53,11.92,-1.73
612173,24,Upstairs,15918611521000,-0.69,9.92,-0.89
612174,24,Upstairs,15918651499000,-3.72,9.66,-5.48
612177,24,Upstairs,15918811441000,0.57,0.38,-2.07
612175,24,Upstairs,15918811441000,0.57,0.38,-2.07
612176,24,Upstairs,15918811441000,0.57,0.38,-2.07
612178,24,Upstairs,15918851480000,3.34,-4.06,0.27
612179,24,Upstairs,15918891672000,5.52,7.67,-0.72
612180,24,Upstairs,15918971628000,4.1,18.89,-4.71
612181,24,Upstairs,15919011484000,1.18,14.86,-1.76
612182,24,Upstairs,15919051523000,-0.11,2.22,0.3
612183,24,Upstairs,15919091532000,-2.34,9.19,-3.72
612184,24,Upstairs,15919171518000,0.57,7.86,-3.02
612185,24,Upstairs,15919213510000,1.92,6.59,-1.57
612186,24,Upstairs,15919251627000,2.03,6.74,-2.15
612187,24,Upstairs,15919291513000,-3.72,8.62,-10.5
612188,24,Upstairs,15919371469000,-16.4,12.18,-1.12
612189,24,Upstairs,15919411630000,-10.99,18.5,-4.1
612190,24,Upstairs,15919451486000,-17.05,13.02,-0.11
612191,24,Upstairs,15919491495000,6.09,9.08,-10.5
612192,24,Upstairs,15919571481000,12.3,10.34,-7.59
612193,24,Upstairs,15919611521000,4.63,5.98,0.04
612194,24,Upstairs,15919651499000,-5.37,6.02,-3.6
612195,24,Upstairs,15919691629000,-10.95,10.8,-5.33
612196,24,Upstairs,15919771646000,-10.19,9.92,-6.32
612197,24,Upstairs,15919811624000,-6.85,8.12,-7.35
612198,24,Upstairs,15919851511000,-3.68,7.67,-5.86
612199,24,Upstairs,15919891519000,-2.79,5.33,0.15
612200,24,Upstairs,15919971506000,-1.69,6.32,0.04
612201,24,Upstairs,15920011484000,-4.18,5.48,-2.76
612202,24,Upstairs,15920051523000,-5.43,0.61,-0.34
612203,24,Upstairs,15920131510000,0.19,6.17,-1.46
612204,24,Upstairs,15920171640000,-2.18,7.74,-2.07
612205,24,Upstairs,15920211588000,-4.63,9.11,-2.53
612206,24,Upstairs,15920251566000,-2.07,10.8,-4.82
612207,24,Upstairs,15920291635000,0.65,9.19,-3.68
612208,24,Upstairs,15920371500000,0.34,1.57,0.8
612209,24,Upstairs,15920411508000,-2.79,8.05,-6.21
612210,24,Upstairs,15920452158000,-4.79,8.62,-6.66
612211,24,Upstairs,15920491617000,-2.34,4.63,-5.41
612212,24,Upstairs,15920571634000,-1.57,6.36,-6.47
612213,24,Upstairs,15920611521000,-1.95,6.74,-7.08
612214,24,Upstairs,15920651682000,-2.68,5.86,-5.79
612215,24,Upstairs,15920691629000,-6.74,5.56,-1.61
612216,24,Upstairs,15920771524000,-5.52,4.44,-4.06
612217,24,Upstairs,15920811502000,-4.9,5.22,-3.64
612218,24,Upstairs,15920851480000,-4.94,4.33,-4.86
612219,24,Upstairs,15920891519000,-6.13,9.08,-6.02
612220,24,Upstairs,15920971506000,-5.6,12.41,-8.92
612221,24,Upstairs,15921011453000,-2.6,10.92,-3.83
612222,24,Upstairs,15921051645000,-1.38,7.89,-0.93
612223,24,Upstairs,15921091501000,-5.9,9.34,-10.88
612224,24,Upstairs,15921171640000,-10.99,12.15,-14.02
612225,24,Upstairs,15921211496000,-11.07,7.44,-13.91
612226,24,Upstairs,15921251627000,-9.89,3.45,-6.44
612227,24,Upstairs,15921291635000,-8.24,8.08,0.23
612228,24,Upstairs,15921371500000,-7.63,4.4,-5.18
612229,24,Upstairs,15921411508000,-7.55,2.41,-3.21
612230,24,Upstairs,15921451486000,-8.24,5.37,2.49
612231,24,Upstairs,15921491495000,-4.21,9.04,0.23
612232,24,Upstairs,15921571481000,-2.18,10.15,-1.5
612233,24,Upstairs,15921611643000,0.61,14.14,-8.28
612234,24,Upstairs,15921651499000,-1.76,14.33,-4.1
612235,24,Upstairs,15921691660000,-6.55,12.49,-3.53
612236,24,Upstairs,15921771524000,-4.29,7.16,-8.2
612237,24,Upstairs,15921811502000,-1.92,1.92,-4.6
612238,24,Upstairs,15921851511000,-3.49,3.76,-8.66
612239,24,Upstairs,15921891519000,-7.31,3.91,-5.98
612240,24,Upstairs,15921971506000,-10.53,6.7,1.18
612241,24,Upstairs,15922011606000,-4.86,6.02,0.27
612242,24,Upstairs,15922051523000,-0.69,11.54,1.84
612243,24,Upstairs,15922091501000,-1.69,7.4,-3.21
612244,24,Upstairs,15922171488000,-5.33,11.03,-2.41
612245,24,Upstairs,15922213266000,-4.33,15.21,-3.76
612246,24,Upstairs,15922251413000,1.18,17.27,-1.69
612247,24,Upstairs,15922291544000,1.23,13.02,-2.98
612248,24,Upstairs,15922371591000,-9.0,13.57,-6.82
612249,24,Upstairs,15922411508000,-12.11,14.29,-10.57
612250,24,Upstairs,15922451547000,-11.11,10.08,-8.85
612251,24,Upstairs,15922491495000,-7.01,10.31,1.08
612252,24,Upstairs,15922571481000,2.83,13.72,-1.65
612253,24,Upstairs,15922611643000,-2.03,9.62,-3.45
612254,24,Upstairs,15922651499000,-4.63,2.68,-1.5
612255,24,Upstairs,15922691599000,-4.25,-0.5,-0.31
612256,24,Upstairs,15922771494000,2.14,0.11,-0.84
612257,24,Upstairs,15922811502000,1.76,2.45,-2.72
612258,24,Upstairs,15922851511000,2.14,4.71,-0.11
612259,24,Upstairs,15922891489000,2.91,8.77,-1.12
612260,24,Upstairs,15922971506000,4.86,16.93,-9.77
612261,24,Upstairs,15923011575000,-2.15,18.96,-9.85
612262,24,Upstairs,15923051523000,-0.38,2.98,0.65
612263,24,Upstairs,15923091623000,2.68,2.87,-4.52
612264,24,Upstairs,15923171518000,-4.44,12.83,-6.24
612265,24,Upstairs,15923211435000,-2.34,8.16,-1.76
612266,24,Upstairs,15923251444000,-1.38,6.51,-3.34
612267,24,Upstairs,15923291483000,-1.27,15.36,-17.5
612268,24,Upstairs,15923371469000,-18.2,15.28,-18.05
612269,24,Upstairs,15923411508000,-4.67,9.53,-2.37
612270,24,Upstairs,15923451517000,5.09,12.11,-8.69
612271,24,Upstairs,15923491647000,13.38,11.45,-0.11
612272,24,Upstairs,15923571481000,5.41,0.84,0.46
612273,24,Upstairs,15923611521000,3.76,5.37,-4.29
612274,24,Upstairs,15923651499000,-5.01,17.86,-17.47
612275,24,Upstairs,15923691507000,-7.01,9.23,-4.71
612276,24,Upstairs,15923771494000,-10.15,2.41,-5.18
612277,24,Upstairs,15923821542000,-10.15,9.15,-1.12
612278,24,Upstairs,15923861521000,-6.21,-4.86,8.31
612279,24,Upstairs,15923901468000,-3.45,-11.41,9.77
612280,24,Upstairs,15923941538000,-3.15,-3.53,-0.61
612281,24,Upstairs,15924021494000,-11.41,9.15,-6.21
612282,24,Upstairs,15924061502000,-3.95,14.21,-12.57
612283,24,Upstairs,15924101511000,4.06,10.12,-9.89
612284,24,Upstairs,15924181619000,-7.67,19.53,-15.89
612285,24,Upstairs,15924226145000,5.67,15.36,-9.3
612286,24,Upstairs,15924263254000,10.19,8.62,1.84
612287,24,Upstairs,15924301492000,10.34,6.78,2.79
612288,24,Upstairs,15924341654000,5.52,-0.95,-0.69
612289,24,Upstairs,15924421518000,4.44,6.36,-9.15
612290,24,Upstairs,15924461496000,-4.99,19.11,-19.38
612291,24,Upstairs,15924501627000,-7.59,17.82,-9.53
612292,24,Upstairs,15924546152000,-8.31,9.43,-4.02
612293,24,Upstairs,15924621469000,-3.87,-0.91,-1.18
612294,24,Upstairs,15924661630000,-6.74,-10.57,2.6
612295,24,Upstairs,15924701639000,-10.15,-13.44,1.42
612296,24,Upstairs,15924781473000,-6.13,9.04,1.84
612297,24,Upstairs,15924821481000,-13.29,19.31,-7.74
612298,24,Upstairs,15924861521000,0.3,19.04,-16.78
612299,24,Upstairs,15924901621000,5.18,11.11,-8.24
612300,24,Upstairs,15924981516000,-0.72,6.66,0.76
612301,24,Upstairs,15925021494000,-2.64,8.2,2.14
612302,24,Upstairs,15925061472000,-1.57,6.63,-1.57
612303,24,Upstairs,15925101633000,-1.33,3.68,-5.37
612304,24,Upstairs,15925181467000,-0.76,6.97,-6.93
612305,24,Upstairs,15925221475000,-1.61,10.95,-6.85
612306,24,Upstairs,15925261484000,-0.27,17.05,-3.06
612307,24,Upstairs,15925301492000,0.61,16.74,-2.96
612308,24,Upstairs,15925341501000,-0.84,11.41,-5.48
612309,24,Upstairs,15925421640000,2.96,15.36,-10.73
612310,24,Upstairs,15925461466000,0.61,16.21,-17.05
612311,24,Upstairs,15925501627000,1.23,6.24,-13.44
612312,24,Upstairs,15925541544000,-1.61,1.46,-8.43
612313,24,Upstairs,15925621469000,-5.75,3.53,-3.79
612314,24,Upstairs,15925661478000,-3.38,7.12,-2.64
612315,24,Upstairs,15925701486000,0.0,8.62,-5.6
612316,24,Upstairs,15925741525000,0.38,7.21,-1.88
612317,24,Upstairs,15925821512000,-3.95,5.63,-2.49
612318,24,Upstairs,15925861521000,-4.94,3.72,-0.84
612319,24,Upstairs,15925901621000,-5.09,5.86,3.91
612320,24,Upstairs,15925941507000,2.03,19.31,-9.81
612321,24,Upstairs,15926021616000,-8.12,17.24,0.99
612322,24,Upstairs,15926061502000,0.08,9.77,-6.51
612323,24,Upstairs,15926101480000,0.08,2.07,-2.18
612324,24,Upstairs,15926141702000,0.34,5.83,-12.68
612325,24,Upstairs,15926221597000,-4.21,4.25,-8.47
612326,24,Upstairs,15926261545000,-4.25,3.68,-7.31
612327,24,Upstairs,15926301676000,-1.99,8.16,-5.71
612328,24,Upstairs,15926341532000,-1.12,7.46,-3.3
612329,24,Upstairs,15926421640000,-5.79,5.75,0.08
612330,24,Upstairs,15926461496000,-0.04,10.34,-0.84
612331,24,Upstairs,15926501474000,0.3,9.62,-1.8
612332,24,Upstairs,15926581552000,-4.18,15.32,-2.18
612335,24,Upstairs,15926701303000,-0.93,15.32,-2.18
612333,24,Upstairs,15926701303000,-0.93,15.32,-2.18
612334,24,Upstairs,15926701303000,-0.93,15.32,-2.18
612336,24,Upstairs,15926741922000,-3.79,18.24,-18.47
612337,24,Upstairs,15926821481000,-0.61,13.21,-15.17
612338,24,Upstairs,15926861521000,-1.57,7.89,-7.35
612339,24,Upstairs,15926901499000,-4.79,10.42,-1.33
612340,24,Upstairs,15926981485000,-1.65,8.35,-2.37
612341,24,Upstairs,15927021494000,-6.7,1.92,-1.23
612342,24,Upstairs,15927061594000,-5.52,-2.49,0.69
612343,24,Upstairs,15927101511000,0.5,-3.76,1.65
612344,24,Upstairs,15927141519000,7.44,1.88,-0.89
612345,24,Upstairs,15927221475000,4.29,6.93,-0.61
612346,24,Upstairs,15927262003000,3.36,18.7,-9.53
612347,24,Upstairs,15927301492000,4.21,16.32,-5.37
612348,24,Upstairs,15927381510000,-2.18,8.96,-3.02
612349,24,Upstairs,15927421488000,-0.34,7.12,-4.02
612350,24,Upstairs,15927461496000,0.91,5.83,-4.1
612351,24,Upstairs,15927501627000,0.46,6.82,-5.79
