,user,label,timestamp,x,y,z
214829,27,Upstairs,11841252240000,2.53,-8.62,-3.2961242
214830,27,Upstairs,11841302381000,4.06,-2.18,-4.0588636
214831,27,Upstairs,11841352277000,1.76,1.12,-1.9885708
214832,27,Upstairs,11841402295000,0.76,1.69,-1.607201
214833,27,Upstairs,11841462232000,-5.13,3.26,2.6832085
214834,27,Upstairs,11841512250000,1.5,0.38,3.6366330000000002
214835,27,Upstairs,11841562299000,1.46,-0.61,-3.9771416
214836,27,Upstairs,11841612226000,10.61,-15.05,-6.973617999999999
214837,27,Upstairs,11841662274000,14.79,-13.59,9.275456
214838,27,Upstairs,11841712201000,3.72,-5.48,3.173541
214839,27,Upstairs,11841762311000,0.31,-3.91,5.597963
214840,27,Upstairs,11841812207000,0.34,-3.57,2.2201166000000003
214841,27,Upstairs,11841862317000,1.38,-2.3,-3.1054392
214842,27,Upstairs,11841912305000,11.69,-15.36,-4.9850473
214843,27,Upstairs,11841962354000,19.0,-19.61,1.0351465
214844,27,Upstairs,11842012250000,9.0,-9.58,-4.630918
214845,27,Upstairs,11842062268000,11.96,0.61,-6.5513873
214846,27,Upstairs,11842112226000,12.91,4.06,-5.5571017
214847,27,Upstairs,11842162305000,5.94,10.61,0.84446156
214848,27,Upstairs,11842212201000,-9.77,6.02,5.1348709999999995
214849,27,Upstairs,11842262311000,-0.89,-8.54,14.941522
214850,27,Upstairs,11842312207000,8.92,-6.66,1.7570249
214851,27,Upstairs,11842362287000,10.23,-3.11,-1.334794
214852,27,Upstairs,11842362287000,10.23,-3.11,-1.334794
214854,27,Upstairs,11842362287000,10.23,-3.11,-1.334794
214853,27,Upstairs,11842362287000,10.23,-3.11,-1.334794
214856,27,Upstairs,11842562146000,18.01,-19.19,1.6480621
214857,27,Upstairs,11842612287000,8.16,-12.79,7.3958488
214858,27,Upstairs,11842662305000,-1.04,-7.63,8.894086999999999
214859,27,Upstairs,11842712262000,0.11,-1.65,0.08172209
214860,27,Upstairs,11842762281000,-1.04,0.69,4.7126402999999994
214861,27,Upstairs,11842812329000,7.25,-11.14,-7.4639505999999995
214862,27,Upstairs,11842862317000,19.23,-15.4,3.8273177000000005
214863,27,Upstairs,11842912274000,3.83,-0.61,-0.9125633
214864,27,Upstairs,11842962293000,0.38,1.8,-2.2201166000000003
214865,27,Upstairs,11843012281000,-1.33,2.15,-0.84446156
214866,27,Upstairs,11843062299000,-1.88,1.88,-0.0
214867,27,Upstairs,11843062299000,-1.88,1.88,-0.0
214868,27,Upstairs,11843062299000,-1.88,1.88,-0.0
214871,27,Upstairs,11843332135000,6.02,-2.75,-4.944186
214872,27,Upstairs,11843383557000,0.34,-1.99,-0.88532263
214873,27,Upstairs,11843432233000,0.53,-0.08,2.0294318
214874,27,Upstairs,11843482312000,11.96,-8.16,-3.336985
214875,27,Upstairs,11843532270000,15.7,-9.3,-0.95342433
214876,27,Upstairs,11843582410000,6.47,2.45,-1.1168685
214877,27,Upstairs,11843632123000,0.53,1.54,-1.6480621
214880,27,Upstairs,11843683362000,-0.69,0.46,-1.525479
214879,27,Upstairs,11843683362000,-0.69,0.46,-1.525479
214878,27,Upstairs,11843683362000,-0.69,0.46,-1.525479
214882,27,Upstairs,11843872144000,5.33,2.11,-4.099725
214883,27,Upstairs,11843922254000,19.57,10.57,-3.6774937999999993
214884,27,Upstairs,11843972211000,7.5,-5.41,15.363751999999998
214885,27,Upstairs,11844022290000,4.33,-2.41,0.23154591
214886,27,Upstairs,11844072248000,0.34,-1.27,-2.7921712000000003
214887,27,Upstairs,11844122296000,5.28,-2.07,3.5276701
214888,27,Upstairs,11844172254000,18.92,2.91,-0.7627395
214889,27,Upstairs,11844222272000,12.53,3.15,-1.4165162
214890,27,Upstairs,11844272260000,3.99,4.06,-1.9477096999999999
214891,27,Upstairs,11844322797000,-0.3,1.27,-1.3756552
214892,27,Upstairs,11844372235000,-1.57,0.34,-1.7978859
214893,27,Upstairs,11844422315000,-0.95,-0.46,-1.2666923
214894,27,Upstairs,11844472211000,-0.42,-1.33,-1.2666923
214895,27,Upstairs,11844522260000,3.95,1.33,-2.4925237
214896,27,Upstairs,11844572339000,19.57,19.42,-6.0474343
214897,27,Upstairs,11844622235000,3.68,-3.6,14.09706
214898,27,Upstairs,11844672223000,4.75,0.61,-5.7886477
214899,27,Upstairs,11844722272000,-1.31,-0.46,3.5276701
214900,27,Upstairs,11844772199000,4.99,1.69,-5.09401
214901,27,Upstairs,11844822248000,19.57,11.99,2.070293
214902,27,Upstairs,11844872205000,11.8,6.55,-0.84446156
214903,27,Upstairs,11844922284000,4.4,7.55,0.10896278
214904,27,Upstairs,11844972333000,0.19,2.26,-1.3075534
214905,27,Upstairs,11845022504000,-0.65,-0.08,-0.84446156
214906,27,Upstairs,11845072217000,-0.57,-0.8,-1.0760075
214907,27,Upstairs,11845122296000,0.31,-0.76,-0.8036005
214908,27,Upstairs,11845172254000,1.33,0.46,1.4982381999999999
214909,27,Upstairs,11845222272000,18.89,15.66,-4.3993720000000005
214910,27,Upstairs,11845272260000,9.72,8.28,9.302697
214911,27,Upstairs,11845322278000,4.94,-1.76,3.1054392
214912,27,Upstairs,11845372266000,4.6,-3.36,-3.1463002999999996
214913,27,Upstairs,11845422284000,0.27,-3.49,3.7864565999999997
214914,27,Upstairs,11845472241000,7.08,1.31,-1.3756552
214915,27,Upstairs,11845522321000,19.31,16.13,0.08172209
214916,27,Upstairs,11845572217000,14.14,5.48,0.3405087
214917,27,Upstairs,11845622296000,6.66,7.21,-0.61291564
214918,27,Upstairs,11845672223000,1.14,2.98,-1.525479
214919,27,Upstairs,11845722272000,-0.38,0.04,-0.6946376999999999
214920,27,Upstairs,11845772229000,-0.72,-0.99,-0.7218784
214921,27,Upstairs,11845822278000,0.04,-1.27,3.9499009
214922,27,Upstairs,11845872205000,0.72,-0.04,-1.2666923
214923,27,Upstairs,11845872205000,0.72,-0.04,-1.2666923
214924,27,Upstairs,11845972150000,19.46,17.24,2.0294318
214925,27,Upstairs,11846022382000,8.77,3.83,8.281172
214926,27,Upstairs,11846072309000,9.51,-0.15,8.308413
214927,27,Upstairs,11846122235000,5.13,-2.03,-0.0
214928,27,Upstairs,11846172345000,2.18,-5.41,1.9477096999999999
214929,27,Upstairs,11846172345000,2.18,-5.41,1.9477096999999999
214930,27,Upstairs,11846232251000,4.33,-3.87,-1.7978859
214931,27,Upstairs,11846282209000,18.89,-0.95,-6.891896000000001
214932,27,Upstairs,11846332288000,19.57,11.41,3.9090397000000006
214933,27,Upstairs,11846382245000,15.47,14.75,-2.6423476000000004
214934,27,Upstairs,11846432233000,5.67,9.66,-0.8036005
214935,27,Upstairs,11846482251000,1.31,2.96,-2.982856
214936,27,Upstairs,11846532209000,-1.08,0.99,-2.0294318
214937,27,Upstairs,11846582257000,-1.8,0.8,-2.1383946
214938,27,Upstairs,11846632276000,-0.23,0.42,-0.27240697
214939,27,Upstairs,11846682263000,8.85,8.28,-1.2666923
214940,27,Upstairs,11846732221000,18.62,19.53,-8.689782000000001
214941,27,Upstairs,11846782239000,4.56,5.75,-3.336985
214942,27,Upstairs,11846832288000,17.43,7.63,10.923519
214943,27,Upstairs,11846882245000,8.85,-0.99,5.366417
214944,27,Upstairs,11846932263000,3.72,-2.03,2.982856
214945,27,Upstairs,11846982251000,9.34,-0.08,-3.3642258999999997
214946,27,Upstairs,11847032239000,19.57,11.84,2.6832085
214947,27,Upstairs,11847082257000,19.5,9.96,-4.7126402999999994
214948,27,Upstairs,11847132245000,15.02,4.02,-6.0882955
214949,27,Upstairs,11847182233000,8.12,12.6,-11.114203
214950,27,Upstairs,11847232251000,1.46,7.55,-7.5456724
214951,27,Upstairs,11847282239000,-9.3,7.5,-9.765789
214952,27,Upstairs,11847332257000,-6.13,-2.26,-0.19068487
214953,27,Upstairs,11847332257000,-6.13,-2.26,-0.19068487
214954,27,Upstairs,11847453382000,-1.04,4.1,4.903325
214956,27,Upstairs,11847582196000,4.48,4.6,-7.3141264999999995
214957,27,Upstairs,11847632398000,15.7,15.28,2.6832085
214958,27,Upstairs,11847682263000,18.35,11.22,-2.7921712000000003
214959,27,Upstairs,11847682263000,18.35,11.22,-2.7921712000000003
214960,27,Upstairs,11847682263000,18.35,11.22,-2.7921712000000003
214961,27,Upstairs,11847732282000,19.53,1.84,1.7978859
214962,27,Upstairs,11847810651000,6.02,3.21,13.102775
214965,27,Upstairs,11847992383000,16.51,7.67,4.0588636
214966,27,Upstairs,11848042371000,17.86,7.5,0.10896278
214967,27,Upstairs,11848042371000,17.86,7.5,0.10896278
214968,27,Upstairs,11848142377000,3.17,4.9,-1.3756552
214969,27,Upstairs,11848192304000,-0.42,0.65,-1.4165162
214970,27,Upstairs,11848242353000,-0.8,-0.11,-0.7218784
214971,27,Upstairs,11848292279000,-0.15,-0.15,0.88532263
214972,27,Upstairs,11848342298000,1.12,1.04,1.7297841
214973,27,Upstairs,11848392285000,11.35,15.94,-9.343558
214974,27,Upstairs,11848442365000,15.83,19.0,2.2609777
214975,27,Upstairs,11848502301000,6.44,3.6,5.0531489999999994
214976,27,Upstairs,11848552198000,3.02,-1.04,-1.7570249
214977,27,Upstairs,11848602277000,1.04,-0.19,0.46309182
214978,27,Upstairs,11848652234000,8.2,11.3,-5.8158884
214979,27,Upstairs,11848702314000,17.35,17.62,2.152015
214980,27,Upstairs,11848752210000,2.53,5.01,0.10896278
214981,27,Upstairs,11848802289000,-0.27,0.89,-2.6423476000000004
214982,27,Upstairs,11848852246000,-0.38,-0.46,-2.1792557
214983,27,Upstairs,11848902265000,0.0,-0.8,-1.1441092
214984,27,Upstairs,11848952222000,0.27,-3.57,-0.6537767
214985,27,Upstairs,11849002301000,0.23,-0.42,2.070293
214986,27,Upstairs,11849052228000,1.04,0.34,0.27240697
214987,27,Upstairs,11849102307000,-8.01,19.5,-14.015338
214988,27,Upstairs,11849152234000,1.27,17.01,11.454713
214989,27,Upstairs,11849202283000,1.27,9.3,5.175732
214990,27,Upstairs,11849252118000,8.28,3.17,4.903325
214991,27,Upstairs,11849303754000,4.18,2.41,-1.2258313
214992,27,Upstairs,11849303754000,4.18,2.41,-1.2258313
214993,27,Upstairs,11849303754000,4.18,2.41,-1.2258313
214995,27,Upstairs,11849482160000,2.03,15.6,0.5720546
214996,27,Upstairs,11849532270000,-3.45,6.59,-0.23154591
214997,27,Upstairs,11849582288000,-0.95,1.12,-1.7570249
214998,27,Upstairs,11849632245000,0.04,-0.5,-0.95342433
214999,27,Upstairs,11849682294000,0.46,-0.69,-0.88532263
215000,27,Upstairs,11849732251000,0.76,-0.46,-0.7218784
215001,27,Upstairs,11849782300000,-2.87,4.06,-0.5720546
215002,27,Upstairs,11849832257000,-16.21,19.57,2.1111538
215003,27,Upstairs,11849882306000,0.57,7.7,16.739407
215004,27,Upstairs,11849932233000,0.38,7.08,5.09401
215005,27,Upstairs,11849982312000,2.18,1.5,-2.070293
215006,27,Upstairs,11850032239000,0.31,0.8,0.46309182
215007,27,Upstairs,11850082318000,-10.53,13.59,4.018002500000001
215008,27,Upstairs,11850132276000,0.72,18.96,7.2732660000000005
215009,27,Upstairs,11850182294000,-3.11,5.75,-4.2086873
215010,27,Upstairs,11850232251000,-0.27,-0.04,-3.3642258999999997
215011,27,Upstairs,11850282300000,0.72,-1.84,-1.9477096999999999
215012,27,Upstairs,11850332257000,1.61,-1.42,-1.56634
215013,27,Upstairs,11850382306000,1.54,-1.84,0.08172209
215014,27,Upstairs,11850432233000,0.69,0.0,1.1849703
215015,27,Upstairs,11850482282000,-6.85,9.23,-7.9679036
215016,27,Upstairs,11850532117000,-14.56,19.53,-1.6889231
215018,27,Upstairs,11850582349000,0.42,0.89,15.826844
215020,27,Upstairs,11850582349000,0.42,0.89,15.826844
215019,27,Upstairs,11850582349000,0.42,0.89,15.826844
215017,27,Upstairs,11850582349000,0.42,0.89,15.826844
215022,27,Upstairs,11850812207000,7.59,19.53,5.7886477
215023,27,Upstairs,11850862226000,-2.22,7.7,-4.7126402999999994
215024,27,Upstairs,11850912305000,0.04,0.27,-1.9477096999999999
215025,27,Upstairs,11850962293000,0.65,-1.12,-1.7978859
215026,27,Upstairs,11851012250000,0.8,-1.23,-0.84446156
215027,27,Upstairs,11851062299000,1.33,-1.18,-0.95342433
215028,27,Upstairs,11851112256000,0.57,-0.3,-0.88532263
215029,27,Upstairs,11851162305000,-1.33,7.06,-6.1291566
215030,27,Upstairs,11851212262000,-17.62,19.57,-1.334794
215031,27,Upstairs,11851262372000,-8.35,10.53,2.7921712000000003
215032,27,Upstairs,11851312207000,4.99,-1.8,12.217452
215033,27,Upstairs,11851362317000,3.38,0.72,-3.2552630000000002
215034,27,Upstairs,11851412244000,2.79,1.76,-0.7627395
215035,27,Upstairs,11851462262000,0.04,12.64,-4.290409599999999
215036,27,Upstairs,11851512250000,-6.09,19.57,-10.991621
215037,27,Upstairs,11851562329000,-10.11,18.35,2.5333846
