,user,label,timestamp,x,y,z
216627,27,Upstairs,11982642346000,5.67,-2.11,6.891896000000001
216628,27,Upstairs,11982692273000,1.33,-6.17,2.9556155
216629,27,Upstairs,11982742322000,1.12,-5.94,0.8036005
216630,27,Upstairs,11982792279000,7.89,0.0,0.61291564
216631,27,Upstairs,11982842328000,19.57,17.08,-1.8796080000000002
216632,27,Upstairs,11982892285000,11.22,10.15,2.7240696
216633,27,Upstairs,11982942304000,4.33,6.28,-0.08172209
216634,27,Upstairs,11982992230000,0.57,1.57,-1.1849703
216635,27,Upstairs,11983042310000,-0.3,-0.27,-0.8036005
216636,27,Upstairs,11983092267000,0.19,-2.07,-1.6480621
216637,27,Upstairs,11983142346000,0.27,-1.53,-0.8036005
216638,27,Upstairs,11983192273000,3.57,-0.61,2.2201166000000003
216639,27,Upstairs,11983242322000,19.57,14.44,-6.1291566
216640,27,Upstairs,11983292279000,11.69,11.99,12.53072
216641,27,Upstairs,11983342359000,0.57,2.49,5.366417
216642,27,Upstairs,11983392255000,3.45,-2.22,2.982856
216643,27,Upstairs,11983442304000,2.41,-1.76,-0.88532263
216644,27,Upstairs,11983492230000,6.17,-3.57,-2.5333846
216645,27,Upstairs,11983542310000,19.53,6.17,1.4165162
216646,27,Upstairs,11983592237000,18.66,6.89,1.7978859
216647,27,Upstairs,11983642316000,10.53,7.5,-2.8738932999999998
216648,27,Upstairs,11983692243000,2.76,4.71,-2.2201166000000003
216649,27,Upstairs,11983742292000,-0.34,0.93,-1.0351465
216650,27,Upstairs,11983792279000,-0.84,-1.61,1.1441092
216651,27,Upstairs,11983842298000,-0.95,-1.27,-0.10896278
216652,27,Upstairs,11983892255000,-0.27,-0.5,-0.08172209
216653,27,Upstairs,11983942304000,0.89,0.84,0.46309182
216654,27,Upstairs,11983992230000,19.57,17.88,-12.176591
216655,27,Upstairs,11984042249000,12.15,5.94,1.7570249
216656,27,Upstairs,11984092237000,11.45,0.99,-2.3426998
216657,27,Upstairs,11984142316000,2.96,-0.42,-1.7570249
216658,27,Upstairs,11984192243000,1.14,-3.41,6.973617999999999
216659,27,Upstairs,11984242292000,0.93,-2.75,3.1463002999999996
216660,27,Upstairs,11984292249000,5.94,-0.5,-1.6480621
216661,27,Upstairs,11984342298000,18.73,2.22,-5.325556
216662,27,Upstairs,11984392285000,19.57,9.23,-4.7943625
216663,27,Upstairs,11984442304000,16.02,8.66,-1.607201
216664,27,Upstairs,11984492230000,9.19,7.7,-2.7240696
216665,27,Upstairs,11984542310000,2.76,5.09,-2.4516625
216666,27,Upstairs,11984592237000,-0.84,1.95,-1.9477096999999999
216667,27,Upstairs,11984642316000,-0.61,0.46,-0.27240697
216668,27,Upstairs,11984692243000,-1.38,-0.34,3.5957718
216669,27,Upstairs,11984742292000,5.05,4.14,-2.4108016
216670,27,Upstairs,11984792249000,19.57,18.01,-6.0882955
216671,27,Upstairs,11984842298000,14.41,3.11,-0.29964766
216672,27,Upstairs,11984892255000,19.04,-4.67,10.310603
216673,27,Upstairs,11984942304000,10.42,-1.88,0.5720546
216674,27,Upstairs,11984992230000,4.33,-2.56,6.469665
216675,27,Upstairs,11985042310000,1.57,-3.34,0.313268
216676,27,Upstairs,11985092267000,2.6,-2.53,0.14982383
216677,27,Upstairs,11985142316000,17.47,0.42,-4.3993720000000005
216678,27,Upstairs,11985192243000,19.57,5.52,4.5628166
216679,27,Upstairs,11985242322000,14.37,4.44,-1.4573771999999998
216680,27,Upstairs,11985292249000,2.6,8.85,-0.14982383
216681,27,Upstairs,11985342298000,0.89,3.26,-1.525479
216682,27,Upstairs,11985392255000,-1.33,0.61,-0.9942854
216683,27,Upstairs,11985442304000,-0.34,-0.08,-0.3405087
216684,27,Upstairs,11985502271000,-0.04,1.04,3.5276701
216685,27,Upstairs,11985552228000,3.06,6.93,-1.525479
216686,27,Upstairs,11985602277000,19.57,19.57,-6.5105260000000005
216687,27,Upstairs,11985652234000,17.77,3.95,11.75436
216688,27,Upstairs,11985702314000,8.73,-4.82,4.3993720000000005
216689,27,Upstairs,11985752271000,4.29,-5.86,1.9204689999999998
216690,27,Upstairs,11985802259000,0.61,-5.43,1.2258313
216691,27,Upstairs,11985852277000,0.38,0.42,-0.42223078
216692,27,Upstairs,11985902295000,13.25,7.7,-0.9125633
216693,27,Upstairs,11985952252000,16.13,10.95,5.7886477
216694,27,Upstairs,11986002301000,6.63,7.82,1.56634
216695,27,Upstairs,11986052228000,5.18,5.24,-2.3018389
216696,27,Upstairs,11986102307000,2.41,0.57,-1.2666923
216697,27,Upstairs,11986161542000,-1.33,-2.3,0.84446156
216698,27,Upstairs,11986212293000,3.45,-0.5,2.6832085
216699,27,Upstairs,11986262342000,14.06,4.67,-2.3018389
216700,27,Upstairs,11986312329000,19.57,11.65,-1.7570249
216701,27,Upstairs,11986362287000,18.47,9.3,-1.9885708
216702,27,Upstairs,11986422406000,15.21,4.86,4.7126402999999994
216703,27,Upstairs,11986472241000,3.49,-1.76,7.7772183
216704,27,Upstairs,11986522260000,2.53,-5.13,-4.099725
216705,27,Upstairs,11986572217000,1.69,-5.67,4.099725
216706,27,Upstairs,11986622266000,9.28,1.84,0.19068487
216707,27,Upstairs,11986672254000,19.57,17.62,2.1111538
216708,27,Upstairs,11986722272000,10.84,7.27,-0.95342433
216709,27,Upstairs,11986772229000,5.05,7.06,-0.8036005
216710,27,Upstairs,11986822278000,0.42,2.26,-1.2258313
216711,27,Upstairs,11986872266000,-0.15,-0.69,-0.7627395
216712,27,Upstairs,11986922284000,0.04,-1.8,-0.61291564
216713,27,Upstairs,11986972272000,0.08,-1.61,1.1168685
216714,27,Upstairs,11987022260000,0.99,0.23,0.88532263
216715,27,Upstairs,11987072217000,19.04,15.79,-5.09401
216716,27,Upstairs,11987122266000,15.05,10.08,9.234595
216717,27,Upstairs,11987172254000,11.99,3.26,2.9147543999999996
216718,27,Upstairs,11987222241000,8.05,-0.89,6.238119
216719,27,Upstairs,11987272199000,3.6,-2.34,-1.4982381999999999
216720,27,Upstairs,11987322278000,0.23,-6.82,2.5333846
216721,27,Upstairs,11987372235000,6.05,-1.69,0.92618364
216722,27,Upstairs,11987422284000,18.16,13.57,0.23154591
216723,27,Upstairs,11987472241000,14.71,10.38,1.607201
216724,27,Upstairs,11987522260000,8.12,5.28,-1.3756552
216725,27,Upstairs,11987572217000,2.91,5.09,-0.7627395
216726,27,Upstairs,11987572217000,2.91,5.09,-0.7627395
216727,27,Upstairs,11987572217000,2.91,5.09,-0.7627395
216728,27,Upstairs,11987722211000,0.65,-1.8,-0.9942854
216729,27,Upstairs,11987772351000,1.65,0.0,3.0237172
216730,27,Upstairs,11987822248000,18.81,13.72,-4.5628166
216733,27,Upstairs,11987872266000,16.25,10.88,-0.42223078
216731,27,Upstairs,11987872266000,16.25,10.88,-0.42223078
216732,27,Upstairs,11987872266000,16.25,10.88,-0.42223078
216734,27,Upstairs,11987992292000,5.22,-0.72,8.689782000000001
216735,27,Upstairs,11988042218000,5.01,-0.95,-1.4982381999999999
216736,27,Upstairs,11988092359000,1.31,-3.41,-0.5720546
216737,27,Upstairs,11988152265000,13.25,0.34,3.7864565999999997
216738,27,Upstairs,11988212232000,18.92,15.7,0.7627395
216739,27,Upstairs,11988262250000,11.18,3.72,-0.9942854
216740,27,Upstairs,11988312268000,5.18,5.18,-1.1168685
216741,27,Upstairs,11988362226000,0.93,1.61,-1.334794
216742,27,Upstairs,11988412274000,-0.34,0.08,-0.7218784
216743,27,Upstairs,11988462201000,0.0,-0.53,-0.6946376999999999
216744,27,Upstairs,11988512311000,1.04,-1.23,-0.8036005
216745,27,Upstairs,11988562207000,6.21,2.98,-1.6480621
216746,27,Upstairs,11988612287000,19.57,18.96,-1.8796080000000002
216747,27,Upstairs,11988662244000,13.14,4.79,11.686258
216748,27,Upstairs,11988712262000,10.27,2.18,4.372132
216749,27,Upstairs,11988762220000,5.86,-1.73,4.372132
216750,27,Upstairs,11988812299000,2.68,-4.21,-2.9556155
216751,27,Upstairs,11988862256000,2.64,-5.71,3.1463002999999996
216752,27,Upstairs,11988912305000,13.59,3.68,-0.50395286
216753,27,Upstairs,11988962232000,18.62,14.82,2.4108016
216754,27,Upstairs,11989012342000,9.53,6.63,-0.42223078
216755,27,Upstairs,11989062238000,4.94,6.44,-0.19068487
216756,27,Upstairs,11989112287000,1.31,3.3,-0.29964766
216757,27,Upstairs,11989162274000,0.46,-0.15,-0.50395286
216758,27,Upstairs,11989212323000,0.5,-0.99,-0.7627395
216759,27,Upstairs,11989262250000,1.5,-1.27,-1.334794
216760,27,Upstairs,11989312268000,17.24,8.43,2.4516625
216761,27,Upstairs,11989362256000,18.09,12.3,0.14982383
216762,27,Upstairs,11989412274000,18.39,7.97,0.38136974
216763,27,Upstairs,11989462201000,15.28,2.87,4.862464
216764,27,Upstairs,11989512311000,1.92,-1.76,6.170017700000001
216765,27,Upstairs,11989562207000,2.91,-3.3,-1.334794
216766,27,Upstairs,11989612287000,1.76,-3.76,3.1054392
216767,27,Upstairs,11989662213000,11.92,2.79,-1.525479
216768,27,Upstairs,11989712262000,19.53,15.05,-2.6832085
216769,27,Upstairs,11989762250000,10.88,8.73,-2.7513103
216770,27,Upstairs,11989812268000,9.34,9.34,-2.982856
216772,27,Upstairs,11989862226000,2.53,5.22,0.95342433
216771,27,Upstairs,11989862226000,2.53,5.22,0.95342433
216773,27,Upstairs,11989925489000,0.0,1.31,-0.0
216776,27,Upstairs,11990072156000,4.29,1.27,-1.4982381999999999
216777,27,Upstairs,11990122235000,19.57,17.54,-3.8273177000000005
216778,27,Upstairs,11990172345000,12.6,6.74,0.08172209
216779,27,Upstairs,11990222455000,13.48,9.89,8.580819
216780,27,Upstairs,11990272138000,9.08,1.42,-0.3405087
216781,27,Upstairs,11990272138000,9.08,1.42,-0.3405087
216782,27,Upstairs,11990322248000,2.34,-1.61,0.84446156
216783,27,Upstairs,11990322248000,2.34,-1.61,0.84446156
216786,27,Upstairs,11990542157000,6.09,4.67,0.14982383
216787,27,Upstairs,11990642285000,1.08,3.15,-1.7570249
216788,27,Upstairs,11990692243000,-0.57,0.61,-1.7297841
216789,27,Upstairs,11990742261000,0.46,0.11,-1.6889231
216790,27,Upstairs,11990792279000,15.79,13.48,-2.8330324
216791,27,Upstairs,11990842267000,18.96,16.09,-4.3312707
216792,27,Upstairs,11990892285000,15.98,6.32,13.633968
216794,27,Upstairs,11990942212000,13.53,3.11,5.938472
216793,27,Upstairs,11990942212000,13.53,3.11,5.938472
216795,27,Upstairs,11991042218000,1.76,-3.53,5.175732
216796,27,Upstairs,11991092298000,1.92,-2.3,-1.4982381999999999
216797,27,Upstairs,11991142224000,17.62,9.51,-2.5333846
216798,27,Upstairs,11991192273000,16.63,11.69,0.42223078
216799,27,Upstairs,11991242231000,7.89,7.08,1.4165162
216800,27,Upstairs,11991292279000,1.61,4.21,-2.3426998
216801,27,Upstairs,11991342237000,-0.84,0.65,-1.8387468999999996
216802,27,Upstairs,11991342237000,-0.84,0.65,-1.8387468999999996
216803,27,Upstairs,11991442243000,0.0,-1.8,-0.19068487
216804,27,Upstairs,11991492261000,-0.5,0.93,2.4925237
216805,27,Upstairs,11991542279000,11.11,11.75,-6.3607025
216806,27,Upstairs,11991592267000,19.5,16.04,-0.7218784
216807,27,Upstairs,11991642255000,10.8,2.22,4.7126402999999994
216808,27,Upstairs,11991692273000,4.48,-2.18,6.0201936
216809,27,Upstairs,11991742231000,1.84,-5.98,-3.5957718
216810,27,Upstairs,11991742231000,1.84,-5.98,-3.5957718
216811,27,Upstairs,11991842206000,13.8,7.7,-1.7297841
216812,27,Upstairs,11991892285000,17.01,15.47,3.2961242
216814,27,Upstairs,11991942243000,4.21,7.06,2.7649305
216813,27,Upstairs,11991942243000,4.21,7.06,2.7649305
216816,27,Upstairs,11992042127000,-0.5,-0.04,-1.4982381999999999
216815,27,Upstairs,11992042127000,-0.5,-0.04,-1.4982381999999999
216817,27,Upstairs,11992095319000,-0.42,-1.73,-1.7978859
216818,27,Upstairs,11992172132000,0.34,-1.18,-0.27240697
216820,27,Upstairs,11992322736000,6.17,11.5,17.502148000000002
216822,27,Upstairs,11992372266000,3.41,-1.33,1.8796080000000002
216824,27,Upstairs,11992372266000,3.41,-1.33,1.8796080000000002
216823,27,Upstairs,11992372266000,3.41,-1.33,1.8796080000000002
216821,27,Upstairs,11992372266000,3.41,-1.33,1.8796080000000002
216826,27,Upstairs,11992592572000,18.16,16.21,3.7592160000000003
216827,27,Upstairs,11992642743000,10.84,6.66,-1.4573771999999998
216828,27,Upstairs,11992702191000,4.14,6.4,-0.7218784
216829,27,Upstairs,11992752271000,1.57,2.68,-1.7297841
216830,27,Upstairs,11992802259000,0.27,-0.11,-0.7218784
216831,27,Upstairs,11992852307000,0.61,-0.91,-0.9942854
216832,27,Upstairs,11992902265000,2.83,0.61,-0.88532263
