,user,label,timestamp,x,y,z
219768,27,Upstairs,12208502179000,-17.62,17.69,1.8387468999999996
219769,27,Upstairs,12208552320000,-17.58,12.03,0.040861044
219770,27,Upstairs,12208602368000,-9.62,8.54,5.5571017
219771,27,Upstairs,12208652387000,-4.75,4.14,11.727119
219772,27,Upstairs,12208702222000,-0.76,5.52,-1.7570249
219773,27,Upstairs,12208752637000,1.12,1.99,-0.46309182
219774,27,Upstairs,12208802320000,0.46,1.23,1.2666923
219775,27,Upstairs,12208852277000,-14.71,13.44,8.117727
219776,27,Upstairs,12208902234000,-18.12,17.27,-3.6366330000000002
219777,27,Upstairs,12208952283000,-7.55,2.18,1.0351465
219778,27,Upstairs,12209002271000,-3.53,0.76,-1.7978859
219779,27,Upstairs,12209052259000,0.89,-0.04,-1.1168685
219780,27,Upstairs,12209102246000,0.76,0.38,-0.040861044
219781,27,Upstairs,12209152265000,0.99,0.84,6.3198414000000005
219782,27,Upstairs,12209202222000,-1.53,1.54,-4.7943625
219783,27,Upstairs,12209252271000,-19.53,0.0,1.7297841
219784,27,Upstairs,12209302259000,-19.5,-4.67,-0.040861044
219785,27,Upstairs,12209352277000,-16.66,0.31,1.7297841
219786,27,Upstairs,12209402234000,-7.63,1.08,6.238119
219787,27,Upstairs,12209452283000,-2.34,4.63,7.7772183
219788,27,Upstairs,12209502210000,-1.12,2.11,-2.1792557
219789,27,Upstairs,12209552259000,-0.65,2.56,-0.50395286
219790,27,Upstairs,12209602216000,-16.24,5.67,-4.5628166
219791,27,Upstairs,12209652295000,-19.61,2.45,10.651112
219792,27,Upstairs,12209702222000,-16.7,1.5,-3.336985
219793,27,Upstairs,12209752301000,-6.13,-3.79,-3.0645783
219794,27,Upstairs,12209802198000,-0.04,-2.03,-2.5606253
219795,27,Upstairs,12209852307000,3.49,0.11,3.3778462
219796,27,Upstairs,12209902173000,4.94,2.26,1.8387468999999996
219797,27,Upstairs,12209952314000,0.5,-1.12,2.8738932999999998
219798,27,Upstairs,12210002271000,-6.32,1.42,-9.847511
219799,27,Upstairs,12210002271000,-6.32,1.42,-9.847511
219802,27,Upstairs,12210162213000,-6.43,2.41,4.099725
219803,27,Upstairs,12210212293000,-5.18,3.83,3.7864565999999997
219804,27,Upstairs,12210212293000,-5.18,3.83,3.7864565999999997
219805,27,Upstairs,12210212293000,-5.18,3.83,3.7864565999999997
219807,27,Upstairs,12210382184000,-9.08,0.42,1.1849703
219808,27,Upstairs,12210432599000,-18.54,-1.5,-2.7921712000000003
219809,27,Upstairs,12210482221000,-18.31,-5.33,-0.53119355
219810,27,Upstairs,12210532270000,-10.69,-4.29,-0.9942854
219811,27,Upstairs,12210582318000,-7.16,-4.33,-1.525479
219812,27,Upstairs,12210632154000,-5.52,-4.06,-0.42223078
219813,27,Upstairs,12210682202000,-1.76,-0.8,5.706926
219814,27,Upstairs,12210732221000,-6.7,-3.34,0.38136974
219815,27,Upstairs,12210782300000,-14.6,-1.61,-3.336985
219816,27,Upstairs,12210832257000,-14.18,-0.76,-0.42223078
219817,27,Upstairs,12210882276000,-17.97,-0.08,-0.19068487
219818,27,Upstairs,12210932233000,-13.29,0.08,8.008764
219819,27,Upstairs,12210982312000,-7.16,2.07,5.175732
219820,27,Upstairs,12211032239000,-0.69,3.68,7.504811999999999
219821,27,Upstairs,12211082318000,-0.89,-1.46,-0.84446156
219822,27,Upstairs,12211132215000,-18.96,1.04,-3.5957718
219823,27,Upstairs,12211182324000,-18.2,6.89,5.7477865
219824,27,Upstairs,12211232221000,-12.3,-1.12,-2.070293
219825,27,Upstairs,12211282270000,-3.3,-3.21,-7.04172
219826,27,Upstairs,12211332257000,1.33,-2.41,-3.214402
219827,27,Upstairs,12211382276000,1.23,0.04,0.040861044
219828,27,Upstairs,12211432111000,3.64,2.18,8.158588
219829,27,Upstairs,12211482282000,1.38,0.65,-1.4573771999999998
219830,27,Upstairs,12211532483000,-10.27,-13.82,-15.213928
219835,27,Upstairs,12211692151000,-1.31,4.71,8.771504
219833,27,Upstairs,12211692151000,-1.31,4.71,8.771504
219834,27,Upstairs,12211692151000,-1.31,4.71,8.771504
219837,27,Upstairs,12211852307000,-16.32,-4.33,-1.3756552
219838,27,Upstairs,12211902173000,-14.9,-11.95,11.876944
219839,27,Upstairs,12211952252000,-4.29,-3.06,1.7978859
219840,27,Upstairs,12212002362000,-1.12,-0.61,-2.3018389
219841,27,Upstairs,12212002362000,-1.12,-0.61,-2.3018389
219842,27,Upstairs,12212102155000,1.31,1.38,-1.6480621
219843,27,Upstairs,12212152265000,0.11,0.65,-1.607201
219844,27,Upstairs,12212202283000,-15.47,-9.04,-3.9090397000000006
219845,27,Upstairs,12212252271000,-15.94,-12.98,9.888372
219846,27,Upstairs,12212302259000,-13.59,-2.96,6.9327570000000005
219847,27,Upstairs,12212352307000,-0.61,3.76,1.9885708
219848,27,Upstairs,12212402295000,1.95,4.75,4.7126402999999994
219849,27,Upstairs,12212452283000,-0.11,6.17,2.1792557
219850,27,Upstairs,12212502301000,-17.12,0.0,-8.390134
219851,27,Upstairs,12212552259000,-19.08,-13.59,6.0201936
219852,27,Upstairs,12212602307000,-6.74,-5.37,2.1792557
219853,27,Upstairs,12212652265000,-1.84,-2.14,-2.1111538
219854,27,Upstairs,12212702436000,1.23,0.34,-1.8387468999999996
219855,27,Upstairs,12212752301000,1.61,1.18,-1.0351465
219856,27,Upstairs,12212802320000,1.04,0.95,-0.46309182
219857,27,Upstairs,12212852277000,-0.19,0.0,-1.4165162
219858,27,Upstairs,12212902295000,-16.7,-18.62,2.8738932999999998
219859,27,Upstairs,12212952283000,-11.41,-6.02,7.2732660000000005
219860,27,Upstairs,12213002271000,-8.35,-0.04,4.903325
219861,27,Upstairs,12213052259000,0.0,3.26,2.1111538
219862,27,Upstairs,12213102307000,1.76,5.43,-1.56634
219863,27,Upstairs,12213152265000,-1.5,2.37,3.336985
219864,27,Upstairs,12213202314000,-17.35,-6.21,-2.1383946
219865,27,Upstairs,12213252271000,-17.16,-9.04,5.5162406
219866,27,Upstairs,12213302289000,-5.09,-4.44,-0.88532263
219867,27,Upstairs,12213352277000,-0.57,-1.27,-2.3018389
219868,27,Upstairs,12213402295000,0.93,0.31,-1.2258313
219869,27,Upstairs,12213452283000,0.69,0.69,-0.6946376999999999
219870,27,Upstairs,12213502301000,0.65,0.5,0.92618364
219871,27,Upstairs,12213552259000,-1.88,0.27,-1.0351465
219872,27,Upstairs,12213602307000,-18.01,-19.42,-3.8681788
219873,27,Upstairs,12213652265000,-10.0,-1.46,5.243834
219874,27,Upstairs,12213702314000,-5.43,0.76,2.2609777
219875,27,Upstairs,12213752271000,0.5,3.95,4.6036777
219876,27,Upstairs,12213802259000,3.11,6.85,-0.27240697
219877,27,Upstairs,12213852307000,-7.44,3.6,0.6537767
219878,27,Upstairs,12213912335000,-19.61,-16.36,5.597963
219879,27,Upstairs,12213962201000,-8.01,-6.97,2.6423476000000004
219880,27,Upstairs,12214012311000,-1.31,-1.08,-1.7297841
219881,27,Upstairs,12214062238000,1.33,0.89,-1.1849703
219882,27,Upstairs,12214112256000,1.18,1.54,-0.50395286
219883,27,Upstairs,12214162335000,2.76,1.5,0.92618364
219884,27,Upstairs,12214222272000,0.27,-0.8,0.42223078
219885,27,Upstairs,12214272290000,-8.92,-10.76,-5.8567495
219886,27,Upstairs,12214322309000,-15.85,-15.4,9.152874
219887,27,Upstairs,12214372235000,-6.28,5.33,4.440233
219888,27,Upstairs,12214422315000,-1.14,1.54,-0.84446156
219889,27,Upstairs,12214472272000,1.46,4.06,0.38136974
219890,27,Upstairs,12214522290000,-2.6,5.22,-0.84446156
219891,27,Upstairs,12214572278000,-18.81,-7.82,2.1111538
219892,27,Upstairs,12214622296000,-17.27,-11.41,4.4810944
219893,27,Upstairs,12214672284000,-5.9,-5.28,-4.4810944
219894,27,Upstairs,12214722272000,1.14,-0.72,-2.4108016
219895,27,Upstairs,12214772260000,3.64,1.5,-2.4516625
219896,27,Upstairs,12214822309000,2.76,2.26,-1.4982381999999999
219898,27,Upstairs,12214872266000,3.3,0.99,1.1441092
219897,27,Upstairs,12214872266000,3.3,0.99,1.1441092
219899,27,Upstairs,12214942365000,0.76,-0.04,0.10896278
219902,27,Upstairs,12215112317000,-7.59,0.0,-0.29964766
219903,27,Upstairs,12215162335000,-1.84,1.46,-2.2201166000000003
219904,27,Upstairs,12215212323000,1.23,2.03,-1.3075534
219905,27,Upstairs,12215263257000,-12.56,1.23,-8.730642999999999
219906,27,Upstairs,12215312390000,-19.57,-13.57,4.2086873
219907,27,Upstairs,12215362287000,-12.37,-1.84,3.7592160000000003
219908,27,Upstairs,12215412274000,-5.82,-0.61,-3.4050870000000004
219909,27,Upstairs,12215462262000,-2.49,-3.11,-2.1792557
219910,27,Upstairs,12215512342000,-0.19,-1.42,-0.8036005
219911,27,Upstairs,12215562299000,0.57,0.08,-0.7218784
219913,27,Upstairs,12215612287000,0.69,0.42,-0.5720546
219912,27,Upstairs,12215612287000,0.69,0.42,-0.5720546
219914,27,Upstairs,12215722272000,-18.47,-12.98,-3.3642258999999997
219915,27,Upstairs,12215772351000,-12.15,-2.37,-0.5720546
219916,27,Upstairs,12215822248000,-14.48,-0.95,0.8036005
219917,27,Upstairs,12215872296000,-13.87,0.5,5.7886477
219918,27,Upstairs,12215922223000,-3.41,0.95,-0.7627395
219919,27,Upstairs,12215972272000,0.31,3.02,0.14982383
219920,27,Upstairs,12216022138000,0.31,1.5,-1.4165162
219921,27,Upstairs,12216072278000,-9.53,-1.27,-0.50395286
219922,27,Upstairs,12216122388000,-19.61,-3.11,-2.4108016
219925,27,Upstairs,12216282453000,-0.69,-1.12,-3.7864565999999997
219926,27,Upstairs,12216332257000,1.5,0.5,-0.50395286
219927,27,Upstairs,12216382215000,3.26,1.46,2.8330324
219928,27,Upstairs,12216432233000,0.84,-0.27,-0.08172209
219929,27,Upstairs,12216432233000,0.84,-0.27,-0.08172209
219930,27,Upstairs,12216503858000,-4.18,-14.52,-4.2086873
219933,27,Upstairs,12216672559000,-10.0,4.71,7.9679036
219936,27,Upstairs,12216722211000,-0.46,3.49,7.927042500000001
219934,27,Upstairs,12216722211000,-0.46,3.49,7.927042500000001
219935,27,Upstairs,12216722211000,-0.46,3.49,7.927042500000001
219937,27,Upstairs,12216872296000,-19.61,-14.25,-2.0294318
219938,27,Upstairs,12216922284000,-14.21,-3.64,5.625203599999999
219939,27,Upstairs,12216972241000,-7.08,-4.71,-1.0351465
219940,27,Upstairs,12217022260000,-0.23,-0.91,-2.4925237
219941,27,Upstairs,12217072248000,2.45,0.65,-1.4982381999999999
219942,27,Upstairs,12217122296000,0.89,0.76,0.27240697
219943,27,Upstairs,12217172254000,0.84,0.57,1.6889231
219944,27,Upstairs,12217222303000,-4.56,-0.46,-5.366417
219945,27,Upstairs,12217272229000,-19.61,-18.43,9.00305
219946,27,Upstairs,12217322309000,-5.63,-2.68,6.0474343
219947,27,Upstairs,12217372235000,-0.8,2.22,0.53119355
219948,27,Upstairs,12217422315000,2.34,4.6,5.243834
219949,27,Upstairs,12217472119000,-0.53,2.18,4.2086873
219951,27,Upstairs,12217523908000,-14.48,-4.4,-10.079058
219950,27,Upstairs,12217523908000,-14.48,-4.4,-10.079058
219954,27,Upstairs,12217692182000,0.84,0.23,-2.6832085
219955,27,Upstairs,12217742261000,1.92,1.33,-1.7570249
219956,27,Upstairs,12217792249000,2.07,1.57,-0.040861044
219957,27,Upstairs,12217842206000,1.33,0.61,-0.19068487
219958,27,Upstairs,12217892346000,-4.18,-7.63,-3.6366330000000002
219959,27,Upstairs,12217942243000,-18.31,-17.2,6.782933
219960,27,Upstairs,12217992261000,-4.06,-1.69,10.228881
219961,27,Upstairs,12218042218000,0.27,3.26,-0.61291564
219962,27,Upstairs,12218092298000,3.11,6.13,1.607201
219963,27,Upstairs,12218142224000,-4.71,1.73,3.1463002999999996
219964,27,Upstairs,12218192243000,-19.53,-9.89,-4.290409599999999
219965,27,Upstairs,12218242200000,-14.79,-5.6,4.3993720000000005
219966,27,Upstairs,12218292340000,-4.1,-3.68,-2.4925237
219967,27,Upstairs,12218342237000,0.69,-0.38,-1.6480621
219968,27,Upstairs,12218392316000,1.12,0.72,-0.7218784
219969,27,Upstairs,12218442243000,1.14,1.46,0.040861044
219970,27,Upstairs,12218492261000,1.14,0.38,-0.8036005
219971,27,Upstairs,12218542249000,-2.79,-4.37,-3.6774937999999993
219972,27,Upstairs,12218592298000,-19.61,-19.61,0.9942854
219973,27,Upstairs,12218642224000,-8.35,3.41,9.656827
219974,27,Upstairs,12218692273000,-2.98,1.31,0.88532263
219975,27,Upstairs,12218742200000,1.12,3.11,2.3699405
219976,27,Upstairs,12218792310000,-0.89,5.05,2.1111538
219977,27,Upstairs,12218842237000,-15.7,-4.79,-5.8567495
219978,27,Upstairs,12218892316000,-19.04,-12.34,1.6889231
219979,27,Upstairs,12218942243000,-6.55,-4.99,0.10896278
219980,27,Upstairs,12218992292000,-0.11,-1.38,-2.9147543999999996
219981,27,Upstairs,12219042249000,2.49,0.61,-1.9204689999999998
