,user,label,timestamp,x,y,z
450090,28,Upstairs,2539162273000,0.38,9.77,1.6480621
450091,28,Upstairs,2539212261000,0.5,9.43,1.3075534
450092,28,Upstairs,2539262279000,0.31,10.73,1.7297841
450093,28,Upstairs,2539312267000,0.19,12.11,2.6014863999999998
450094,28,Upstairs,2539362255000,2.53,14.21,1.5390993
450095,28,Upstairs,2539412304000,-1.42,13.82,2.070293
450096,28,Upstairs,2539462231000,0.11,12.49,3.1463002999999996
450097,28,Upstairs,2539512463000,1.12,10.38,1.6889231
450098,28,Upstairs,2539562206000,-0.95,9.92,3.0645783
450099,28,Upstairs,2539612316000,-1.12,9.28,3.2552630000000002
450100,28,Upstairs,2539662212000,0.27,8.24,3.0645783
450101,28,Upstairs,2539812115000,-1.65,5.41,4.290409599999999
450102,28,Upstairs,2539812115000,-1.65,5.41,4.290409599999999
450103,28,Upstairs,2539812115000,-1.65,5.41,4.290409599999999
450104,28,Upstairs,2539862225000,-1.8,4.79,5.434519
450105,28,Upstairs,2539912304000,-1.88,3.45,7.246025
450106,28,Upstairs,2539962322000,-1.12,3.64,9.343558
450107,28,Upstairs,2540022259000,-5.67,8.77,9.915613
450108,28,Upstairs,2540022259000,-5.67,8.77,9.915613
450109,28,Upstairs,2540082317000,-3.02,10.46,6.742072
450110,28,Upstairs,2540132275000,-1.88,6.82,3.0645783
450111,28,Upstairs,2540182293000,-2.53,11.14,3.173541
450112,28,Upstairs,2540232281000,-0.15,9.38,3.0645783
450113,28,Upstairs,2540282299000,0.5,8.2,1.6480621
450114,28,Upstairs,2540332531000,-0.53,9.47,1.8796080000000002
450115,28,Upstairs,2540382305000,-1.46,8.81,1.4573771999999998
450116,28,Upstairs,2540432262000,-0.3,8.85,1.4982381999999999
450117,28,Upstairs,2540482311000,-0.19,9.15,2.070293
450118,28,Upstairs,2540532268000,0.57,8.39,2.3018389
450119,28,Upstairs,2540582287000,1.04,10.23,3.5957718
450120,28,Upstairs,2540632275000,0.46,12.26,5.012288
450121,28,Upstairs,2540682293000,1.27,13.82,3.0645783
450122,28,Upstairs,2540732281000,-0.84,14.06,0.92618364
450123,28,Upstairs,2540782299000,-1.23,12.72,2.6832085
450124,28,Upstairs,2540832348000,-0.19,11.92,2.2609777
450125,28,Upstairs,2540882305000,-0.95,10.84,0.6537767
450126,28,Upstairs,2540932323000,-1.8,8.66,2.0294318
450127,28,Upstairs,2540982311000,0.65,8.28,3.4050870000000004
450128,28,Upstairs,2541032299000,-0.38,5.94,1.8387468999999996
450129,28,Upstairs,2541082317000,-0.19,6.7,3.6366330000000002
450130,28,Upstairs,2541132275000,-1.5,5.67,4.8216033
450131,28,Upstairs,2541182293000,-1.08,5.37,6.3607025
450132,28,Upstairs,2541232281000,0.76,5.86,9.466142
450133,28,Upstairs,2541282299000,-1.42,4.44,8.812365
450134,28,Upstairs,2541332317000,-1.31,12.37,4.3993720000000005
450135,28,Upstairs,2541382305000,-2.41,8.62,5.434519
450136,28,Upstairs,2541432262000,-0.53,8.5,3.2961242
450137,28,Upstairs,2541482281000,-0.04,10.92,3.2961242
450138,28,Upstairs,2541532268000,-0.42,7.63,2.4925237
450139,28,Upstairs,2541582287000,0.61,8.96,1.5390993
450140,28,Upstairs,2541632305000,-0.38,8.43,1.3756552
450141,28,Upstairs,2541682262000,-0.34,9.15,1.56634
450142,28,Upstairs,2541732281000,-0.04,9.38,1.8796080000000002
450143,28,Upstairs,2541782268000,0.76,9.19,1.7297841
450144,28,Upstairs,2541832378000,1.08,9.28,2.5333846
450145,28,Upstairs,2541882336000,0.08,10.88,2.6014863999999998
450146,28,Upstairs,2541932262000,0.31,12.91,1.1441092
450147,28,Upstairs,2541982311000,-2.41,13.4,1.1168685
450148,28,Upstairs,2542032268000,-2.26,11.8,0.7627395
450149,28,Upstairs,2542082348000,-0.04,10.88,2.3699405
450150,28,Upstairs,2542132275000,-0.84,10.5,2.7240696
450151,28,Upstairs,2542182293000,-0.57,9.51,2.1792557
450152,28,Upstairs,2542232281000,-1.23,8.01,2.4516625
450153,28,Upstairs,2542282299000,-0.84,8.08,3.0237172
450154,28,Upstairs,2542332745000,-0.15,8.89,2.4925237
450155,28,Upstairs,2542382305000,-0.99,9.92,3.7592160000000003
450156,28,Upstairs,2542432262000,-1.14,9.15,5.597963
450157,28,Upstairs,2542482311000,-0.08,8.54,5.7886477
450158,28,Upstairs,2542532268000,0.11,7.55,5.5162406
450159,28,Upstairs,2542582317000,-1.33,5.71,5.5571017
450160,28,Upstairs,2542632275000,-1.99,4.9,5.706926
450161,28,Upstairs,2542682262000,-1.73,4.67,6.66035
450162,28,Upstairs,2542732281000,-0.3,4.56,8.62168
450163,28,Upstairs,2542782299000,-3.64,7.93,9.425281
450164,28,Upstairs,2542832287000,0.34,10.65,8.894086999999999
450165,28,Upstairs,2542882275000,-1.95,8.92,5.8567495
450166,28,Upstairs,2542932262000,-1.31,8.77,4.3312707
450167,28,Upstairs,2542982342000,-1.92,7.82,3.8681788
450168,28,Upstairs,2543032268000,0.0,8.12,4.372132
450169,28,Upstairs,2543082317000,0.95,8.66,4.099725
450170,28,Upstairs,2543132275000,-0.15,8.24,3.2552630000000002
450171,28,Upstairs,2543182293000,-0.3,9.11,3.0645783
450172,28,Upstairs,2543232281000,0.19,8.96,2.5333846
450173,28,Upstairs,2543282268000,0.19,9.43,2.0294318
450174,28,Upstairs,2543332287000,-0.08,9.51,1.7297841
450175,28,Upstairs,2543382275000,-0.3,9.77,1.2666923
450176,28,Upstairs,2543432262000,-0.15,10.04,1.0351465
450177,28,Upstairs,2543482281000,-0.34,9.89,0.84446156
450178,28,Upstairs,2543532268000,-0.04,9.92,0.42223078
450179,28,Upstairs,2543582256000,-0.15,9.92,0.42223078
450180,28,Upstairs,2543632275000,0.11,10.31,0.6537767
450181,28,Upstairs,2543682262000,0.38,10.65,1.2258313
450182,28,Upstairs,2543732342000,0.46,10.04,1.0351465
450183,28,Upstairs,2543782238000,0.34,9.7,1.0351465
450184,28,Upstairs,2543832592000,0.34,9.58,1.334794
450185,28,Upstairs,2543882244000,0.31,9.58,1.56634
450186,28,Upstairs,2543932262000,0.8,9.53,1.9204689999999998
450187,28,Upstairs,2543982281000,0.34,10.61,1.2666923
450188,28,Upstairs,2544032299000,-0.11,9.89,0.92618364
450189,28,Upstairs,2544082287000,-0.19,10.04,0.23154591
450190,28,Upstairs,2544132305000,0.72,9.89,0.53119355
450191,28,Upstairs,2544182262000,0.99,10.5,0.27240697
450192,28,Upstairs,2544232311000,-0.15,11.54,0.313268
450193,28,Upstairs,2544282268000,-1.23,12.26,-0.29964766
450194,28,Upstairs,2544332287000,-1.84,11.07,-0.88532263
450195,28,Upstairs,2544382275000,-0.99,9.47,-0.10896278
450196,28,Upstairs,2544432262000,-0.65,8.85,1.0351465
450197,28,Upstairs,2544482281000,-1.33,8.01,0.5720546
450198,28,Upstairs,2544532268000,-1.38,7.97,0.10896278
450199,28,Upstairs,2544582256000,-1.38,8.96,0.6946376999999999
450200,28,Upstairs,2544632275000,-1.33,9.96,0.3405087
450201,28,Upstairs,2544682262000,-1.23,10.38,0.19068487
450202,28,Upstairs,2544732281000,-1.38,10.92,0.3405087
450203,28,Upstairs,2544782268000,-0.91,10.34,0.19068487
450204,28,Upstairs,2544842297000,-0.34,10.12,0.5720546
450205,28,Upstairs,2544892223000,-0.04,9.72,0.6946376999999999
450206,28,Upstairs,2544942333000,0.38,9.89,1.0351465
450207,28,Upstairs,2545002270000,0.69,10.31,0.8036005
450208,28,Upstairs,2545052227000,0.23,10.42,0.38136974
450209,28,Upstairs,2545102306000,-0.04,10.61,0.38136974
450210,28,Upstairs,2545152203000,-0.42,11.37,0.08172209
450211,28,Upstairs,2545202282000,-1.08,12.18,-0.29964766
450212,28,Upstairs,2545252270000,-1.8,11.56,0.08172209
450213,28,Upstairs,2545302288000,-1.18,10.31,0.6537767
450214,28,Upstairs,2545352245000,-1.23,9.96,0.50395286
450215,28,Upstairs,2545402386000,-1.53,9.04,0.50395286
450216,28,Upstairs,2545452557000,-1.33,8.73,0.88532263
450217,28,Upstairs,2545502361000,-1.27,9.15,0.9942854
450218,28,Upstairs,2545552288000,-2.03,9.51,0.6946376999999999
450219,28,Upstairs,2545602276000,-1.99,9.77,0.50395286
450220,28,Upstairs,2545652233000,-2.18,9.66,0.7627395
450221,28,Upstairs,2545702282000,-1.84,9.11,0.92618364
450222,28,Upstairs,2545752209000,-1.69,9.23,0.92618364
450223,28,Upstairs,2545802288000,-2.22,9.19,1.0760075
450224,28,Upstairs,2545852245000,-2.41,8.89,1.4573771999999998
450225,28,Upstairs,2545902264000,-1.95,8.81,1.1849703
450226,28,Upstairs,2545952221000,-1.99,9.11,1.1441092
450227,28,Upstairs,2546002270000,-1.61,9.08,0.7627395
450228,28,Upstairs,2546052258000,-1.53,8.92,0.10896278
450229,28,Upstairs,2546102306000,-1.69,9.53,-0.42223078
450230,28,Upstairs,2546152233000,-3.15,10.99,0.10896278
450231,28,Upstairs,2546202282000,-2.68,10.31,0.46309182
450232,28,Upstairs,2546252209000,-1.38,9.58,0.040861044
450233,28,Upstairs,2546302288000,-1.57,9.66,-0.19068487
450234,28,Upstairs,2546352215000,-1.76,10.04,0.08172209
450235,28,Upstairs,2546402264000,-1.18,10.0,0.08172209
450236,28,Upstairs,2546452251000,-1.23,9.72,0.040861044
450237,28,Upstairs,2546502270000,-1.53,9.96,0.23154591
450238,28,Upstairs,2546552227000,-1.61,9.96,0.313268
450239,28,Upstairs,2546602306000,-1.14,9.85,0.3405087
450240,28,Upstairs,2546652203000,-1.31,9.85,0.42223078
450241,28,Upstairs,2546702282000,-1.53,10.0,0.5720546
450242,28,Upstairs,2546752239000,-1.23,9.92,0.53119355
450243,28,Upstairs,2546802349000,-1.38,10.12,0.61291564
450244,28,Upstairs,2546852245000,-1.27,9.89,0.53119355
450245,28,Upstairs,2546902264000,-1.18,9.96,0.53119355
450246,28,Upstairs,2546952221000,-0.99,9.92,0.5720546
450247,28,Upstairs,2547002300000,-0.89,9.96,0.7627395
450248,28,Upstairs,2547052257000,-0.91,9.96,0.8036005
450249,28,Upstairs,2547102276000,-1.27,10.12,0.6946376999999999
450250,28,Upstairs,2547152203000,-1.53,10.12,0.6537767
450251,28,Upstairs,2547202282000,-1.31,10.0,0.6537767
450252,28,Upstairs,2547252209000,-1.18,10.0,0.6946376999999999
450253,28,Upstairs,2547302288000,-1.14,10.38,0.6946376999999999
450254,28,Upstairs,2547352215000,-0.84,10.08,0.6537767
450255,28,Upstairs,2547402264000,-0.38,9.51,0.7218784
450256,28,Upstairs,2547452221000,-0.23,9.51,0.6946376999999999
450257,28,Upstairs,2547512310000,-0.34,9.72,0.7218784
450258,28,Upstairs,2547562237000,-0.61,9.96,0.92618364
450259,28,Upstairs,2547612286000,-0.46,10.19,1.1441092
450260,28,Upstairs,2547662212000,-0.27,10.27,1.3075534
450261,28,Upstairs,2547712261000,-0.42,10.34,1.4573771999999998
450262,28,Upstairs,2547762249000,-0.27,10.12,1.2258313
450263,28,Upstairs,2547812267000,-0.27,9.81,1.1849703
450264,28,Upstairs,2547862225000,-0.08,9.81,1.4573771999999998
450265,28,Upstairs,2547912273000,-0.08,10.08,1.56634
450266,28,Upstairs,2547962200000,-0.3,10.23,1.8796080000000002
450267,28,Upstairs,2548012310000,-0.19,10.38,2.1111538
450268,28,Upstairs,2548062206000,0.0,9.92,2.6832085
450269,28,Upstairs,2548112316000,0.34,9.34,2.2609777
450270,28,Upstairs,2548162212000,0.34,9.43,3.173541
450271,28,Upstairs,2548212261000,0.31,9.08,2.9556155
450272,28,Upstairs,2548262249000,0.27,9.58,3.336985
450273,28,Upstairs,2548312267000,0.27,9.3,3.2961242
450274,28,Upstairs,2548362225000,0.61,9.08,3.5685309999999997
450275,28,Upstairs,2548412304000,0.8,8.96,3.5957718
450276,28,Upstairs,2548462200000,0.8,9.04,3.6774937999999993
450277,28,Upstairs,2548512279000,0.95,9.19,3.5957718
450278,28,Upstairs,2548562237000,1.18,9.11,3.7592160000000003
450279,28,Upstairs,2548612316000,1.5,9.08,4.2495484
450280,28,Upstairs,2548662273000,1.69,9.47,4.290409599999999
450281,28,Upstairs,2548712292000,1.38,9.3,4.630918
450282,28,Upstairs,2548762279000,1.61,9.53,5.09401
450283,28,Upstairs,2548812267000,2.34,8.77,4.862464
450284,28,Upstairs,2548862286000,2.18,9.15,5.9793324
450285,28,Upstairs,2548912304000,2.26,8.73,6.5922484
450286,28,Upstairs,2548962261000,2.56,8.05,7.014479
450287,28,Upstairs,2549012310000,2.07,7.16,6.5513873
450288,28,Upstairs,2549062206000,0.93,6.59,7.205164
450289,28,Upstairs,2549112316000,1.12,6.36,7.8861814
