,user,label,timestamp,x,y,z
450890,28,Upstairs,2579123760000,2.76,7.4,3.1463002999999996
450891,28,Upstairs,2579172253000,-0.23,3.91,0.92618364
450892,28,Upstairs,2579222271000,-2.26,3.34,2.4925237
450893,28,Upstairs,2579273815000,-3.83,3.38,6.170017700000001
450894,28,Upstairs,2579323620000,-2.37,4.18,11.34575
450895,28,Upstairs,2579372265000,-3.49,5.56,8.894086999999999
450896,28,Upstairs,2579423901000,-3.06,13.4,7.9679036
450897,28,Upstairs,2579473675000,-1.31,5.94,4.3312707
450898,28,Upstairs,2579522106000,-0.53,11.18,2.7240696
450899,28,Upstairs,2579572216000,1.18,9.96,2.2201166000000003
450900,28,Upstairs,2579623882000,-0.04,7.89,1.334794
450901,28,Upstairs,2579673626000,-0.65,8.24,0.9942854
450902,28,Upstairs,2579722240000,0.19,7.7,1.6889231
450903,28,Upstairs,2579773937000,0.15,7.59,1.8796080000000002
450904,28,Upstairs,2579823681000,0.76,8.73,3.4868089999999996
450905,28,Upstairs,2579872204000,0.8,12.41,5.2165932999999995
450906,28,Upstairs,2579923992000,0.65,13.91,5.5571017
450907,28,Upstairs,2579973858000,1.92,15.94,5.366417
450908,28,Upstairs,2580023601000,-2.37,13.02,1.9885708
450909,28,Upstairs,2580072247000,-1.57,13.14,1.2258313
450910,28,Upstairs,2580123913000,-1.88,10.57,0.9942854
450911,28,Upstairs,2580173626000,-2.72,9.0,-0.19068487
450912,28,Upstairs,2580232830000,0.19,6.66,1.5390993
450913,28,Upstairs,2580282268000,-0.27,6.55,2.1792557
450914,28,Upstairs,2580332317000,-1.18,5.05,3.2552630000000002
450915,28,Upstairs,2580382275000,-2.03,4.18,5.012288
450916,28,Upstairs,2580432262000,-0.57,4.52,7.2732660000000005
450917,28,Upstairs,2580482281000,1.33,5.37,11.073342
450918,28,Upstairs,2580532299000,-3.41,6.17,8.19945
450919,28,Upstairs,2580582287000,-2.64,15.94,7.1234417
450920,28,Upstairs,2580632305000,-0.8,3.64,4.4810944
450921,28,Upstairs,2580682262000,-0.27,9.96,3.4050870000000004
450922,28,Upstairs,2580732281000,0.65,10.88,3.1463002999999996
450923,28,Upstairs,2580782268000,0.61,7.44,1.4982381999999999
450924,28,Upstairs,2580832317000,-0.84,9.96,1.334794
450925,28,Upstairs,2580882275000,-0.89,8.69,0.9942854
450926,28,Upstairs,2580932262000,0.31,8.58,1.607201
450927,28,Upstairs,2580982250000,0.31,9.11,1.8796080000000002
450928,28,Upstairs,2581032268000,0.93,9.0,1.9885708
450929,28,Upstairs,2581082287000,0.61,9.23,2.5333846
450930,28,Upstairs,2581132275000,0.19,9.77,2.6014863999999998
450931,28,Upstairs,2581182262000,-0.23,11.69,2.2609777
450932,28,Upstairs,2581232281000,0.93,14.29,2.2609777
450933,28,Upstairs,2581282268000,-0.27,14.67,3.2552630000000002
450934,28,Upstairs,2581332317000,1.5,11.65,1.1849703
450935,28,Upstairs,2581382671000,-0.5,11.84,1.0760075
450936,28,Upstairs,2581432262000,-0.23,10.23,0.08172209
450937,28,Upstairs,2581482281000,-1.23,8.47,0.23154591
450938,28,Upstairs,2581532268000,-0.34,7.46,0.53119355
450939,28,Upstairs,2581582287000,-0.5,8.01,0.6537767
450940,28,Upstairs,2581632275000,-0.38,8.08,1.334794
450941,28,Upstairs,2581682262000,-0.27,8.69,2.7649305
450942,28,Upstairs,2581732281000,-0.19,8.69,3.4459480000000005
450943,28,Upstairs,2581782268000,0.19,7.89,3.7183550000000003
450944,28,Upstairs,2581832317000,-0.08,7.78,4.671779
450945,28,Upstairs,2581882275000,0.08,6.89,4.630918
450946,28,Upstairs,2581932262000,0.15,6.47,4.140586
450947,28,Upstairs,2581982281000,0.11,7.46,4.290409599999999
450948,28,Upstairs,2582032268000,0.53,10.23,5.625203599999999
450949,28,Upstairs,2582082256000,2.11,10.23,6.701211
450950,28,Upstairs,2582132305000,2.56,8.35,6.823794400000001
450951,28,Upstairs,2582182262000,-0.84,16.4,2.9147543999999996
450952,28,Upstairs,2582232281000,-0.08,6.51,2.6423476000000004
450953,28,Upstairs,2582282268000,-0.46,8.66,1.1849703
450954,28,Upstairs,2582332287000,-0.11,10.34,0.08172209
450955,28,Upstairs,2582382275000,0.04,9.47,1.1168685
450956,28,Upstairs,2582432262000,0.15,9.7,0.9942854
450957,28,Upstairs,2582482281000,0.46,9.96,0.6537767
450958,28,Upstairs,2582532268000,-0.04,9.85,1.7978859
450959,28,Upstairs,2582582287000,0.04,9.89,1.1441092
450960,28,Upstairs,2582632305000,-0.19,9.7,1.3075534
450961,28,Upstairs,2582682232000,-0.11,9.43,1.3075534
450962,28,Upstairs,2582732281000,-0.61,11.14,2.4925237
450963,28,Upstairs,2582782268000,0.5,14.21,1.7297841
450964,28,Upstairs,2582832317000,1.69,15.43,3.5685309999999997
450965,28,Upstairs,2582882275000,-1.08,12.64,2.8330324
450966,28,Upstairs,2582932262000,0.0,13.21,2.6423476000000004
450967,28,Upstairs,2582982281000,-2.75,12.11,1.56634
450968,28,Upstairs,2583032268000,-2.11,9.3,0.53119355
450969,28,Upstairs,2583082287000,-1.69,8.01,1.4982381999999999
450970,28,Upstairs,2583132275000,-0.3,7.06,2.7921712000000003
450971,28,Upstairs,2583182262000,-0.46,4.56,1.9204689999999998
450972,28,Upstairs,2583232281000,-0.89,4.82,4.2495484
450973,28,Upstairs,2583282268000,-1.88,3.41,5.2165932999999995
450974,28,Upstairs,2583332287000,0.23,4.9,8.812365
450975,28,Upstairs,2583382275000,-1.61,6.63,11.032481
450976,28,Upstairs,2583432293000,-3.17,11.26,7.6954966
450977,28,Upstairs,2583482281000,-4.99,13.14,7.1234417
450978,28,Upstairs,2583532299000,-1.5,3.68,2.6832085
450979,28,Upstairs,2583582287000,-0.15,14.37,2.1111538
450980,28,Upstairs,2583632275000,-1.76,6.93,2.3699405
450981,28,Upstairs,2583682262000,-0.91,7.74,1.4573771999999998
450982,28,Upstairs,2583732281000,0.15,8.05,1.1441092
450983,28,Upstairs,2583782268000,0.76,7.97,2.3018389
450984,28,Upstairs,2583832317000,1.18,8.69,2.3426998
450985,28,Upstairs,2583882275000,1.8,8.69,3.4868089999999996
450986,28,Upstairs,2583932323000,0.34,12.68,5.434519
450987,28,Upstairs,2583982281000,0.57,13.33,5.5571017
450988,28,Upstairs,2584032299000,0.8,15.36,1.9885708
450989,28,Upstairs,2584082348000,-3.34,14.71,1.8796080000000002
450990,28,Upstairs,2584132305000,-1.46,13.1,1.8796080000000002
450991,28,Upstairs,2584182293000,-1.88,10.61,0.38136974
450992,28,Upstairs,2584232281000,-2.72,7.82,-0.23154591
450993,28,Upstairs,2584282268000,0.46,6.59,2.152015
450994,28,Upstairs,2584332348000,-0.19,4.67,2.3018389
450995,28,Upstairs,2584382275000,-0.38,4.37,3.0237172
450996,28,Upstairs,2584432262000,-1.33,3.83,5.1348709999999995
450997,28,Upstairs,2584482281000,-1.61,4.71,7.6273947
450998,28,Upstairs,2584532330000,-0.27,6.05,11.223166
450999,28,Upstairs,2584582287000,-3.79,7.4,9.765789
451000,28,Upstairs,2584632275000,-3.15,14.33,7.164303
451001,28,Upstairs,2584682293000,-1.92,3.91,4.140586
451002,28,Upstairs,2584732281000,-1.92,11.56,3.5685309999999997
451003,28,Upstairs,2584782268000,-0.19,10.08,2.8330324
451004,28,Upstairs,2584832348000,0.57,7.12,1.4165162
451005,28,Upstairs,2584882275000,-0.8,8.96,0.6537767
451006,28,Upstairs,2584932323000,-1.33,8.01,0.88532263
451007,28,Upstairs,2584982281000,-0.72,8.89,1.4165162
451008,28,Upstairs,2585032299000,0.65,8.69,1.1441092
451009,28,Upstairs,2585082287000,1.42,9.08,2.152015
451010,28,Upstairs,2585132305000,0.42,11.3,3.2552630000000002
451011,28,Upstairs,2585182110000,-0.65,13.63,3.173541
451012,28,Upstairs,2585232311000,2.3,14.33,2.6014863999999998
451013,28,Upstairs,2585282268000,-1.46,12.53,3.5685309999999997
451014,28,Upstairs,2585332317000,-1.73,12.49,3.9090397000000006
451015,28,Upstairs,2585382305000,-0.69,11.45,1.7570249
451016,28,Upstairs,2585432262000,-3.06,11.69,-0.040861044
451017,28,Upstairs,2585482311000,-2.56,10.12,0.84446156
451018,28,Upstairs,2585532268000,-1.04,7.67,2.2609777
451019,28,Upstairs,2585582317000,-0.42,7.12,3.5276701
451020,28,Upstairs,2585632275000,-0.61,8.05,3.5685309999999997
451021,28,Upstairs,2585682262000,-3.68,4.63,3.5685309999999997
451022,28,Upstairs,2585732281000,-2.98,3.17,3.7864565999999997
451023,28,Upstairs,2585782299000,-2.34,2.79,6.3607025
451024,28,Upstairs,2585832287000,-1.12,3.3,10.501288
451025,28,Upstairs,2585882305000,-6.59,9.0,9.152874
451026,28,Upstairs,2585932262000,-3.11,12.18,8.921327999999999
451027,28,Upstairs,2585982311000,-1.27,4.33,4.440233
451028,28,Upstairs,2586032268000,-2.91,12.98,5.407278
451029,28,Upstairs,2586082317000,1.12,9.0,4.099725
451030,28,Upstairs,2586132275000,2.49,8.89,2.2609777
451031,28,Upstairs,2586182293000,-1.33,8.96,1.3756552
451032,28,Upstairs,2586232281000,-1.95,8.31,0.27240697
451033,28,Upstairs,2586282268000,-1.46,8.24,1.2258313
451034,28,Upstairs,2586332287000,0.27,8.05,1.7297841
451035,28,Upstairs,2586382305000,1.42,9.81,2.7921712000000003
451036,28,Upstairs,2586432262000,0.76,12.26,4.372132
451037,28,Upstairs,2586482281000,-0.89,13.1,4.903325
451038,28,Upstairs,2586532268000,1.84,14.44,3.6774937999999993
451039,28,Upstairs,2586582317000,-1.42,12.64,2.5606253
451040,28,Upstairs,2586632275000,-1.04,12.22,2.3699405
451041,28,Upstairs,2586682262000,-1.61,10.76,0.53119355
451042,28,Upstairs,2586732281000,-3.36,8.62,0.46309182
451043,28,Upstairs,2586782268000,-0.38,8.5,2.2201166000000003
451044,28,Upstairs,2586832287000,-0.61,7.35,2.5333846
451045,28,Upstairs,2586882275000,-0.42,6.97,2.982856
451046,28,Upstairs,2586932262000,-1.18,5.13,4.671779
451047,28,Upstairs,2586982311000,-2.22,4.56,4.372132
451048,28,Upstairs,2587032268000,-0.57,4.63,7.6682559999999995
451049,28,Upstairs,2587082287000,0.04,4.79,9.888372
451050,28,Upstairs,2587132275000,-5.43,9.3,8.19945
451051,28,Upstairs,2587182293000,-2.98,14.1,8.240311
451052,28,Upstairs,2587232281000,-1.5,3.87,2.8738932999999998
451053,28,Upstairs,2587282330000,-1.12,13.99,3.6366330000000002
451054,28,Upstairs,2587332287000,0.27,8.54,2.9147543999999996
451055,28,Upstairs,2587382305000,-0.19,7.74,2.070293
451056,28,Upstairs,2587432262000,-0.76,9.62,1.0760075
451057,28,Upstairs,2587482311000,-0.23,7.93,1.1849703
451058,28,Upstairs,2587532268000,-0.42,8.12,1.7570249
451059,28,Upstairs,2587582317000,0.76,8.28,2.3018389
451060,28,Upstairs,2587632275000,1.33,9.7,2.7649305
451061,28,Upstairs,2587682293000,0.5,10.42,3.5957718
451062,28,Upstairs,2587732281000,-1.31,12.57,2.7921712000000003
451063,28,Upstairs,2587782268000,-0.04,15.47,2.3426998
451064,28,Upstairs,2587832287000,-1.61,13.21,3.6774937999999993
451065,28,Upstairs,2587882275000,-0.99,12.37,3.6774937999999993
451066,28,Upstairs,2587932262000,-0.89,11.3,0.7218784
451067,28,Upstairs,2587982311000,-5.05,10.38,0.6537767
451068,28,Upstairs,2588032268000,-2.41,8.77,1.1168685
451069,28,Upstairs,2588082317000,-0.08,8.12,3.1463002999999996
451070,28,Upstairs,2588132275000,-2.07,7.44,3.3778462
451071,28,Upstairs,2588182293000,-2.14,5.63,3.8273177000000005
451072,28,Upstairs,2588232281000,-3.21,4.56,3.7592160000000003
451073,28,Upstairs,2588282299000,-2.41,4.86,4.7535014
451074,28,Upstairs,2588332287000,-2.75,3.57,6.0201936
451075,28,Upstairs,2588382275000,-1.99,3.26,8.19945
451076,28,Upstairs,2588432262000,-3.41,8.39,9.956474
451077,28,Upstairs,2588482281000,-3.41,12.49,8.471855999999999
451078,28,Upstairs,2588532268000,-3.17,5.09,3.7864565999999997
451079,28,Upstairs,2588582317000,-3.49,10.34,5.9793324
451080,28,Upstairs,2588632275000,1.31,9.28,3.336985
451081,28,Upstairs,2588682293000,1.57,8.62,3.4868089999999996
451082,28,Upstairs,2588732281000,-0.08,7.89,2.070293
451083,28,Upstairs,2588782268000,-0.65,9.11,1.0351465
451084,28,Upstairs,2588832287000,-1.38,9.28,1.5390993
451085,28,Upstairs,2588882305000,-0.15,9.72,1.334794
451086,28,Upstairs,2588932262000,0.34,9.77,1.3756552
451087,28,Upstairs,2588982281000,0.0,9.85,1.9477096999999999
451088,28,Upstairs,2589032268000,-0.34,9.53,2.6832085
451089,28,Upstairs,2589082287000,-0.89,11.37,2.3018389
