,user,label,timestamp,x,y,z
452750,28,Upstairs,2793342266000,-2.07,6.85,4.7535014
452751,28,Upstairs,2793392284000,-3.76,10.42,4.5219555
452752,28,Upstairs,2793442791000,0.34,9.89,3.7183550000000003
452753,28,Upstairs,2793492260000,2.15,9.0,3.5685309999999997
452754,28,Upstairs,2793542309000,0.46,6.32,3.1054392
452755,28,Upstairs,2793592266000,1.57,8.47,2.8738932999999998
452756,28,Upstairs,2793642284000,1.12,8.62,2.7921712000000003
452757,28,Upstairs,2793692272000,0.89,9.58,2.7921712000000003
452758,28,Upstairs,2793742260000,1.23,9.62,2.5333846
452759,28,Upstairs,2793792278000,2.79,9.34,2.4516625
452760,28,Upstairs,2793842297000,2.03,9.15,2.3426998
452761,28,Upstairs,2793892284000,0.76,10.08,2.9556155
452762,28,Upstairs,2793942272000,0.15,11.37,2.7240696
452763,28,Upstairs,2793992260000,2.26,13.63,2.4516625
452764,28,Upstairs,2794042278000,4.21,15.55,3.2552630000000002
452765,28,Upstairs,2794092266000,0.5,13.02,2.4108016
452766,28,Upstairs,2794142284000,0.0,15.09,3.4868089999999996
452767,28,Upstairs,2794192272000,0.46,12.98,0.6537767
452768,28,Upstairs,2794242290000,-1.23,8.92,0.53119355
452769,28,Upstairs,2794292278000,-0.11,5.94,0.46309182
452770,28,Upstairs,2794342297000,0.34,4.86,1.3075534
452771,28,Upstairs,2794392284000,-0.99,5.75,2.3426998
452772,28,Upstairs,2794442303000,-2.14,4.02,3.1463002999999996
452773,28,Upstairs,2794492260000,-3.26,3.79,6.3607025
452774,28,Upstairs,2794542278000,-4.1,4.14,9.343558
452775,28,Upstairs,2794592266000,-4.29,4.14,8.962189
452776,28,Upstairs,2794642284000,-0.76,16.21,7.6273947
452777,28,Upstairs,2794692272000,-3.06,6.59,4.7943625
452778,28,Upstairs,2794742260000,0.95,10.73,3.0237172
452779,28,Upstairs,2794792248000,2.56,10.73,1.9885708
452780,28,Upstairs,2794842297000,-0.65,7.12,1.8796080000000002
452781,28,Upstairs,2794892284000,0.27,8.47,0.8036005
452782,28,Upstairs,2794942272000,0.08,7.46,1.9204689999999998
452783,28,Upstairs,2794992260000,-0.19,7.25,1.334794
452784,28,Upstairs,2795042309000,1.84,8.85,3.0237172
452785,28,Upstairs,2795092266000,2.98,10.8,4.6036777
452786,28,Upstairs,2795142284000,2.79,14.9,3.4459480000000005
452787,28,Upstairs,2795192272000,-1.31,15.17,3.4868089999999996
452788,28,Upstairs,2795242351000,3.21,13.95,2.2201166000000003
452789,28,Upstairs,2795292278000,1.57,12.87,2.3018389
452790,28,Upstairs,2795342266000,0.69,11.73,-1.0760075
452791,28,Upstairs,2795392284000,-0.38,9.43,0.14982383
452792,28,Upstairs,2795442272000,1.12,8.16,1.1168685
452793,28,Upstairs,2795492260000,0.57,6.55,0.19068487
452794,28,Upstairs,2795542278000,0.23,5.22,1.2666923
452795,28,Upstairs,2795592266000,0.04,4.37,1.4982381999999999
452796,28,Upstairs,2795642284000,-0.5,5.01,1.7297841
452797,28,Upstairs,2795692272000,0.11,5.9,4.440233
452798,28,Upstairs,2795742260000,1.08,10.38,6.469665
452799,28,Upstairs,2795792614000,-1.61,14.02,6.66035
452800,28,Upstairs,2795852306000,-0.42,16.66,4.372132
452801,28,Upstairs,2795902203000,2.72,7.21,3.2552630000000002
452802,28,Upstairs,2795952343000,5.18,8.24,-1.3756552
452803,28,Upstairs,2796012279000,-0.3,10.19,2.070293
452804,28,Upstairs,2796062237000,-0.53,10.04,0.7627395
452805,28,Upstairs,2796112316000,2.37,10.15,0.08172209
452806,28,Upstairs,2796162151000,1.84,9.58,1.2258313
452807,28,Upstairs,2796212292000,1.33,9.23,0.8036005
452808,28,Upstairs,2796262279000,0.84,9.3,0.7627395
452809,28,Upstairs,2796312267000,1.18,9.34,1.0760075
452810,28,Upstairs,2796362286000,1.18,9.92,0.88532263
452811,28,Upstairs,2796412212000,2.07,10.5,1.9204689999999998
452812,28,Upstairs,2796462261000,4.71,11.8,2.6423476000000004
452813,28,Upstairs,2796512218000,4.29,13.33,2.070293
452814,28,Upstairs,2796562267000,-0.38,11.75,0.7627395
452815,28,Upstairs,2796612225000,-2.07,12.79,2.3018389
452816,28,Upstairs,2796662273000,4.33,11.69,0.3405087
452817,28,Upstairs,2796712200000,-0.23,11.41,1.2666923
452818,28,Upstairs,2796762310000,-0.99,11.22,3.990762
452819,28,Upstairs,2796812206000,-0.11,9.11,3.9090397000000006
452820,28,Upstairs,2796862286000,-1.27,7.7,3.214402
452821,28,Upstairs,2796912273000,-1.84,5.63,4.3993720000000005
452822,28,Upstairs,2796962322000,-1.88,3.49,5.9793324
452823,28,Upstairs,2797012279000,-0.99,3.72,7.6682559999999995
452824,28,Upstairs,2797062298000,-3.17,4.1,5.9793324
452825,28,Upstairs,2797112255000,-0.08,18.89,8.499097
452826,28,Upstairs,2797162273000,-1.84,3.49,4.2086873
452827,28,Upstairs,2797212292000,-1.42,11.73,4.140586
452828,28,Upstairs,2797262279000,-0.61,9.11,3.5685309999999997
452829,28,Upstairs,2797312237000,2.07,7.59,2.0294318
452830,28,Upstairs,2797362286000,1.04,9.66,1.9477096999999999
452831,28,Upstairs,2797412243000,1.04,9.04,1.1441092
452832,28,Upstairs,2797462292000,1.18,9.15,1.6889231
452833,28,Upstairs,2797512249000,1.65,9.3,2.3426998
452834,28,Upstairs,2797562267000,1.76,8.43,1.9885708
452835,28,Upstairs,2797612255000,0.72,8.96,2.982856
452836,28,Upstairs,2797662273000,0.84,10.12,4.0588636
452837,28,Upstairs,2797712261000,1.46,14.37,3.0645783
452838,28,Upstairs,2797762310000,1.61,15.7,4.140586
452839,28,Upstairs,2797812206000,-1.38,14.52,3.0237172
452840,28,Upstairs,2797862316000,-0.38,12.11,3.6366330000000002
452841,28,Upstairs,2797912243000,-1.04,11.14,2.3699405
452842,28,Upstairs,2797962261000,-2.11,9.62,0.50395286
452843,28,Upstairs,2798012279000,-0.08,7.25,0.92618364
452844,28,Upstairs,2798062298000,0.38,6.28,2.3426998
452845,28,Upstairs,2798112255000,0.27,5.56,2.8738932999999998
452846,28,Upstairs,2798162304000,-1.42,4.71,5.012288
452847,28,Upstairs,2798212200000,-3.21,3.95,7.3958488
452848,28,Upstairs,2798262310000,-2.91,5.09,10.18802
452849,28,Upstairs,2798312267000,-4.14,3.53,7.014479
452850,28,Upstairs,2798362255000,-1.53,15.17,6.701211
452851,28,Upstairs,2798412334000,-3.06,6.36,4.018002500000001
452852,28,Upstairs,2798462261000,1.27,9.51,2.9147543999999996
452853,28,Upstairs,2798512279000,1.95,10.69,2.4108016
452854,28,Upstairs,2798562237000,-0.34,7.63,2.4108016
452855,28,Upstairs,2798612286000,0.23,8.77,1.1168685
452856,28,Upstairs,2798662243000,0.99,7.67,1.6480621
452857,28,Upstairs,2798712292000,1.04,8.08,2.9556155
452858,28,Upstairs,2798762249000,0.53,7.4,3.173541
452859,28,Upstairs,2798812267000,2.34,10.57,5.325556
452860,28,Upstairs,2798862286000,2.3,14.14,4.7535014
452861,28,Upstairs,2798912334000,0.89,15.7,4.7126402999999994
452862,28,Upstairs,2798962231000,0.27,12.18,3.1054392
452863,28,Upstairs,2799012218000,-0.53,13.33,3.7864565999999997
452864,28,Upstairs,2799062206000,-0.15,11.45,1.7978859
452865,28,Upstairs,2799112286000,-2.18,10.38,1.3756552
452866,28,Upstairs,2799162212000,-0.19,7.59,1.334794
452867,28,Upstairs,2799212261000,0.34,5.9,3.214402
452868,28,Upstairs,2799262249000,-0.8,5.28,2.9556155
452869,28,Upstairs,2799312328000,-2.26,4.4,3.4050870000000004
452870,28,Upstairs,2799362255000,-3.21,3.57,6.2789803
452871,28,Upstairs,2799412304000,-2.56,4.06,9.724928
452872,28,Upstairs,2799462231000,-3.83,4.75,9.956474
452873,28,Upstairs,2799512310000,-2.18,13.57,7.436710000000001
452874,28,Upstairs,2799562298000,-4.29,6.47,5.012288
452875,28,Upstairs,2799612286000,0.46,9.96,3.2552630000000002
452876,28,Upstairs,2799662243000,1.76,11.35,3.214402
452877,28,Upstairs,2799712261000,0.65,7.55,2.2609777
452878,28,Upstairs,2799762249000,0.31,8.47,1.334794
452879,28,Upstairs,2799812298000,0.65,7.93,1.1441092
452880,28,Upstairs,2799862225000,0.5,7.93,2.1792557
452881,28,Upstairs,2799912273000,0.95,7.82,2.7240696
452882,28,Upstairs,2799962231000,1.8,10.92,3.990762
452883,28,Upstairs,2800012279000,2.18,12.26,5.5571017
452884,28,Upstairs,2800062237000,2.41,13.72,5.2165932999999995
452885,28,Upstairs,2800112316000,2.07,13.18,3.2552630000000002
452886,28,Upstairs,2800162243000,-0.38,11.54,4.0588636
452887,28,Upstairs,2800212322000,1.61,11.3,3.336985
452888,28,Upstairs,2800262249000,-0.34,10.73,0.42223078
452889,28,Upstairs,2800312267000,-2.96,10.57,1.4982381999999999
452890,28,Upstairs,2800362255000,0.65,8.28,3.7592160000000003
452891,28,Upstairs,2800412273000,-0.23,7.46,2.4108016
452892,28,Upstairs,2800462231000,-0.8,6.7,4.2086873
452893,28,Upstairs,2800512310000,-2.56,5.41,3.9090397000000006
452894,28,Upstairs,2800562206000,-2.56,3.76,4.903325
452895,28,Upstairs,2800612347000,-2.6,2.87,7.8589406
452896,28,Upstairs,2800662212000,-2.83,4.1,11.304889
452897,28,Upstairs,2800712322000,-7.65,9.15,9.343558
452898,28,Upstairs,2800762249000,-2.64,10.76,6.469665
452899,28,Upstairs,2800812298000,-2.22,5.56,3.9499009
452900,28,Upstairs,2800862255000,0.11,12.41,3.6366330000000002
452901,28,Upstairs,2800912304000,0.5,8.2,3.0237172
452902,28,Upstairs,2800962200000,0.46,7.46,1.8387468999999996
452903,28,Upstairs,2801012218000,0.38,8.89,1.2666923
452904,28,Upstairs,2801062237000,-0.15,8.47,1.5390993
452905,28,Upstairs,2801112316000,0.0,8.85,2.2609777
452906,28,Upstairs,2801162243000,1.46,9.62,2.4925237
452907,28,Upstairs,2801212292000,1.5,11.8,3.9499009
452908,28,Upstairs,2801262249000,2.64,10.8,5.366417
452909,28,Upstairs,2801312328000,1.23,14.18,4.862464
452910,28,Upstairs,2801372234000,-0.8,15.28,2.6423476000000004
452911,28,Upstairs,2801422222000,-0.34,14.6,2.3699405
452912,28,Upstairs,2801472301000,-1.46,11.45,1.5390993
452913,28,Upstairs,2801472301000,-1.46,11.45,1.5390993
452914,28,Upstairs,2801572277000,1.92,6.44,3.7183550000000003
452915,28,Upstairs,2801622265000,-1.04,4.86,1.4573771999999998
452916,28,Upstairs,2801672375000,-1.84,3.99,3.2961242
452917,28,Upstairs,2801722271000,-1.5,4.1,5.625203599999999
452918,28,Upstairs,2801772228000,-2.79,4.75,9.112013000000001
452919,28,Upstairs,2801822277000,-2.91,3.76,5.325556
452920,28,Upstairs,2801872204000,-2.53,18.09,8.008764
452921,28,Upstairs,2801922283000,-3.72,5.28,4.8216033
452922,28,Upstairs,2801972240000,1.84,10.46,3.2961242
452923,28,Upstairs,2802022259000,-1.23,10.27,2.8330324
452924,28,Upstairs,2802072216000,-0.11,6.51,1.7570249
452925,28,Upstairs,2802122265000,1.42,8.47,0.84446156
452926,28,Upstairs,2802172253000,0.53,7.89,1.607201
452927,28,Upstairs,2802222271000,0.93,8.73,2.1792557
452928,28,Upstairs,2802272228000,1.14,8.39,2.9556155
452929,28,Upstairs,2802322277000,2.26,10.27,4.5219555
452930,28,Upstairs,2802372234000,1.69,10.88,5.012288
452931,28,Upstairs,2802422283000,1.04,12.72,4.5219555
452932,28,Upstairs,2802472240000,2.56,13.87,4.1814466
452933,28,Upstairs,2802522259000,0.27,12.64,2.6832085
452934,28,Upstairs,2802572216000,-0.23,12.76,3.3778462
452935,28,Upstairs,2802622265000,0.38,12.3,2.3699405
452936,28,Upstairs,2802672222000,-2.11,10.88,0.5720546
452937,28,Upstairs,2802722271000,-0.15,8.89,1.1849703
452938,28,Upstairs,2802772198000,0.23,6.24,1.4982381999999999
452939,28,Upstairs,2802822277000,-0.95,7.12,2.7240696
452940,28,Upstairs,2802872234000,-1.27,6.24,3.8681788
452941,28,Upstairs,2802922283000,-1.14,4.21,5.407278
452942,28,Upstairs,2802972271000,-0.27,3.95,7.504811999999999
452943,28,Upstairs,2803022259000,-2.14,3.34,10.038197
452944,28,Upstairs,2803072277000,-4.48,9.72,7.586533500000001
452945,28,Upstairs,2803122265000,-1.76,11.96,7.5456724
452946,28,Upstairs,2803172283000,-1.61,5.79,3.7592160000000003
452947,28,Upstairs,2803222271000,1.95,15.24,4.140586
452948,28,Upstairs,2803272198000,0.76,7.55,1.7570249
452949,28,Upstairs,2803322277000,-0.3,8.08,1.3075534
