,user,label,timestamp,x,y,z
97956,29,Upstairs,9334903392000,1.88,13.14,-1.9477096999999999
97957,29,Upstairs,9334952891000,3.57,12.98,-2.6014863999999998
97958,29,Upstairs,9335003337000,2.72,14.25,0.313268
97959,29,Upstairs,9335052836000,-1.12,14.1,7.164303
97960,29,Upstairs,9335103313000,0.72,11.14,4.630918
97961,29,Upstairs,9335152812000,0.19,12.18,-6.2789803
97962,29,Upstairs,9335203288000,3.6,10.08,2.4925237
97963,29,Upstairs,9335253398000,0.89,9.15,2.4108016
97964,29,Upstairs,9335302867000,0.95,8.43,0.10896278
97965,29,Upstairs,9335353374000,4.29,8.31,1.607201
97966,29,Upstairs,9335402873000,1.5,6.05,1.9885708
97967,29,Upstairs,9335453319000,1.88,5.9,1.7297841
97968,29,Upstairs,9335502879000,3.17,5.33,1.7570249
97969,29,Upstairs,9335553264000,4.06,4.52,2.6014863999999998
97970,29,Upstairs,9335602885000,4.9,5.28,4.2086873
97971,29,Upstairs,9335653331000,1.14,5.9,4.7943625
97972,29,Upstairs,9335702861000,-0.08,6.82,5.47538
97973,29,Upstairs,9335753306000,12.15,19.11,-2.1383946
97974,29,Upstairs,9335802836000,6.74,9.28,3.0645783
97975,29,Upstairs,9335853252000,3.91,5.37,0.14982383
97976,29,Upstairs,9335902812000,3.02,11.88,-1.7297841
97977,29,Upstairs,9335953288000,4.18,7.63,0.84446156
97978,29,Upstairs,9336002849000,1.88,8.01,-0.19068487
97979,29,Upstairs,9336053264000,2.41,9.04,-1.4982381999999999
97980,29,Upstairs,9336102824000,4.06,8.39,-0.6946376999999999
97981,29,Upstairs,9336153239000,4.29,8.5,0.6537767
97982,29,Upstairs,9336202800000,3.49,9.15,-0.23154591
97983,29,Upstairs,9336253215000,3.45,10.73,-0.5720546
97984,29,Upstairs,9336302959000,3.49,10.46,-1.2666923
97985,29,Upstairs,9336352367000,2.76,12.34,-0.61291564
97986,29,Upstairs,9336402232000,4.14,13.67,1.9204689999999998
97987,29,Upstairs,9336453502000,7.97,11.54,2.2609777
97988,29,Upstairs,9336503001000,3.02,12.11,6.2789803
97989,29,Upstairs,9336562297000,3.11,10.53,0.9942854
97990,29,Upstairs,9336612285000,0.76,11.99,-3.2552630000000002
97991,29,Upstairs,9336662303000,4.99,10.0,2.4516625
97992,29,Upstairs,9336712260000,4.02,8.31,0.7627395
97993,29,Upstairs,9336762309000,2.15,7.06,0.53119355
97994,29,Upstairs,9336812266000,3.99,6.32,1.4573771999999998
97995,29,Upstairs,9336862285000,2.26,5.28,1.3756552
97996,29,Upstairs,9336922313000,2.18,4.56,1.5390993
97997,29,Upstairs,9336972209000,5.75,6.17,1.607201
97998,29,Upstairs,9337022227000,1.61,8.47,3.5276701
97999,29,Upstairs,9337072276000,2.26,15.21,-4.862464
98000,29,Upstairs,9337122203000,13.06,14.29,1.6889231
98001,29,Upstairs,9337172282000,4.67,4.75,3.5276701
98002,29,Upstairs,9337222209000,3.45,10.57,-2.7240696
98003,29,Upstairs,9337272288000,1.88,8.43,1.1441092
98004,29,Upstairs,9337322215000,0.95,8.96,-0.27240697
98005,29,Upstairs,9337372295000,2.79,8.47,-1.0760075
98006,29,Upstairs,9337422221000,4.52,7.27,-0.7627395
98007,29,Upstairs,9337472270000,2.68,8.35,-0.040861044
98008,29,Upstairs,9337522227000,4.56,11.54,-1.7978859
98009,29,Upstairs,9337572276000,3.79,11.84,-1.6480621
98010,29,Upstairs,9337622203000,2.87,14.29,1.9477096999999999
98011,29,Upstairs,9337672313000,6.78,15.36,4.099725
98012,29,Upstairs,9337722331000,7.63,9.0,2.982856
98013,29,Upstairs,9337772288000,7.89,8.96,0.6537767
98014,29,Upstairs,9337822215000,2.87,14.86,-0.42223078
98015,29,Upstairs,9337872264000,-3.06,9.7,0.23154591
98016,29,Upstairs,9337922252000,1.65,6.02,-0.7218784
98017,29,Upstairs,9337972301000,5.94,7.5,0.46309182
98018,29,Upstairs,9338022227000,3.79,8.73,-0.040861044
98019,29,Upstairs,9338072307000,2.56,6.97,1.1168685
98020,29,Upstairs,9338122203000,1.31,5.75,-0.6537767
98021,29,Upstairs,9338172282000,3.06,7.44,-0.19068487
98022,29,Upstairs,9338222240000,3.76,10.42,-0.6946376999999999
98023,29,Upstairs,9338272319000,13.8,15.79,3.4459480000000005
98024,29,Upstairs,9338322307000,2.83,6.7,-0.23154591
98025,29,Upstairs,9338372295000,3.57,10.04,-2.8330324
98026,29,Upstairs,9338422282000,5.33,8.16,-0.19068487
98027,29,Upstairs,9338472270000,1.33,9.11,-0.08172209
98028,29,Upstairs,9338522197000,1.92,8.28,-1.0351465
98029,29,Upstairs,9338572307000,2.72,7.31,-0.29964766
98030,29,Upstairs,9338622203000,3.64,7.7,-0.38136974
98031,29,Upstairs,9338672282000,1.92,9.89,-0.19068487
98032,29,Upstairs,9338722240000,3.11,11.69,-2.1792557
98033,29,Upstairs,9338772288000,4.33,12.68,-1.0351465
98034,29,Upstairs,9338822215000,2.76,16.74,3.2552630000000002
98035,29,Upstairs,9338872295000,9.43,13.99,3.8273177000000005
98036,29,Upstairs,9338922221000,9.62,7.31,3.1054392
98037,29,Upstairs,9338972301000,7.63,9.19,-1.7978859
98038,29,Upstairs,9339022197000,1.54,14.52,-1.9477096999999999
98039,29,Upstairs,9339072276000,-1.12,9.23,0.8036005
98040,29,Upstairs,9339122203000,1.23,6.63,-0.3405087
98041,29,Upstairs,9339122203000,1.23,6.63,-0.3405087
98042,29,Upstairs,9339222179000,3.57,7.7,0.313268
98043,29,Upstairs,9339272258000,1.42,6.89,-0.29964766
98044,29,Upstairs,9339322307000,2.98,6.28,0.040861044
98045,29,Upstairs,9339372295000,3.15,9.72,1.8387468999999996
98046,29,Upstairs,9339422313000,4.44,13.87,-2.4516625
98047,29,Upstairs,9339472240000,12.87,14.25,3.4868089999999996
98048,29,Upstairs,9339522288000,2.3,4.14,-1.7978859
98049,29,Upstairs,9339572246000,4.99,8.24,-1.1849703
98050,29,Upstairs,9339622295000,1.61,8.43,0.8036005
98051,29,Upstairs,9339672221000,1.08,8.66,-0.0
98052,29,Upstairs,9339722301000,1.73,8.54,0.313268
98053,29,Upstairs,9339772197000,5.9,8.43,-0.040861044
98054,29,Upstairs,9339822307000,4.86,6.74,-1.1441092
98055,29,Upstairs,9339872203000,3.02,9.53,-0.9942854
98056,29,Upstairs,9339922313000,2.98,10.99,-2.4516625
98057,29,Upstairs,9339972209000,2.34,13.72,-1.9204689999999998
98058,29,Upstairs,9340022258000,2.18,15.64,2.982856
98059,29,Upstairs,9340072246000,10.12,15.17,2.9147543999999996
98060,29,Upstairs,9340122295000,7.06,9.34,4.2495484
98061,29,Upstairs,9340172252000,8.05,9.58,-1.1168685
98062,29,Upstairs,9340222301000,2.49,13.02,-1.0760075
98063,29,Upstairs,9340272197000,0.11,9.3,1.334794
98064,29,Upstairs,9340322307000,1.57,8.16,-1.2666923
98065,29,Upstairs,9340372203000,3.99,8.62,0.92618364
98066,29,Upstairs,9340422282000,2.87,10.46,0.27240697
98067,29,Upstairs,9340472240000,-0.19,6.4,-1.7570249
98068,29,Upstairs,9340522288000,1.57,4.48,-1.2258313
98069,29,Upstairs,9340572215000,0.89,4.82,1.4573771999999998
98070,29,Upstairs,9340622295000,6.13,15.94,-3.4050870000000004
98071,29,Upstairs,9340672221000,10.76,10.76,2.1792557
98072,29,Upstairs,9340722270000,4.9,7.4,-1.1849703
98073,29,Upstairs,9340772227000,-0.15,11.92,-1.334794
98074,29,Upstairs,9340822276000,0.23,7.55,0.5720546
98075,29,Upstairs,9340872203000,2.87,8.69,-0.95342433
98076,29,Upstairs,9340922313000,3.68,7.93,-0.6537767
98077,29,Upstairs,9340972209000,3.06,11.03,-1.6889231
98078,29,Upstairs,9341022227000,4.71,13.91,-2.7513103
98079,29,Upstairs,9341072215000,4.6,14.71,4.7943625
98080,29,Upstairs,9341122295000,10.92,13.06,5.2165932999999995
98081,29,Upstairs,9341172221000,4.82,10.08,1.8387468999999996
98082,29,Upstairs,9341222301000,2.11,13.29,-1.8387468999999996
98083,29,Upstairs,9341272197000,0.27,10.92,-0.84446156
98084,29,Upstairs,9341322276000,0.34,7.55,0.7218784
98085,29,Upstairs,9341372203000,4.86,6.93,-0.14982383
98086,29,Upstairs,9341422435000,3.91,6.78,0.6946376999999999
98087,29,Upstairs,9341472209000,3.87,8.01,0.38136974
98088,29,Upstairs,9341522258000,0.76,7.12,-1.1441092
98089,29,Upstairs,9341572215000,-1.14,8.01,0.313268
98090,29,Upstairs,9341622203000,0.65,11.14,-0.7218784
98091,29,Upstairs,9341672282000,7.86,16.63,-3.5957718
98092,29,Upstairs,9341722209000,9.7,10.53,4.440233
98093,29,Upstairs,9341772258000,1.69,7.74,-1.8796080000000002
98094,29,Upstairs,9341822246000,-0.34,8.85,-1.9204689999999998
98095,29,Upstairs,9341872264000,0.5,7.08,-1.3756552
98096,29,Upstairs,9341922252000,4.18,6.24,-1.2258313
98097,29,Upstairs,9341972301000,5.22,7.55,-0.84446156
98098,29,Upstairs,9342022197000,4.14,10.69,-1.3756552
98099,29,Upstairs,9342072307000,3.95,14.02,-2.5333846
98100,29,Upstairs,9342122203000,0.76,14.71,3.7864565999999997
98101,29,Upstairs,9342172282000,3.15,14.25,2.5606253
98102,29,Upstairs,9342222240000,4.44,10.31,2.6014863999999998
98103,29,Upstairs,9342272288000,6.44,8.31,3.214402
98104,29,Upstairs,9342322215000,-0.23,13.57,3.336985
98105,29,Upstairs,9342372295000,-4.1,8.47,2.6014863999999998
98106,29,Upstairs,9342422221000,-1.08,6.74,-3.6774937999999993
98107,29,Upstairs,9342472301000,4.79,7.55,1.4165162
98108,29,Upstairs,9342522197000,1.5,6.74,-0.9125633
98109,29,Upstairs,9342572276000,-0.8,6.17,-1.0351465
98110,29,Upstairs,9342622203000,1.04,6.17,-3.0645783
98111,29,Upstairs,9342672282000,5.83,7.7,-1.2666923
98112,29,Upstairs,9342722270000,14.75,7.31,6.742072
98113,29,Upstairs,9342772288000,2.18,13.76,0.7218784
98114,29,Upstairs,9342822215000,-2.11,14.25,2.4108016
98115,29,Upstairs,9342872295000,-0.76,8.12,-3.8681788
98116,29,Upstairs,9342922252000,2.03,12.41,-4.2495484
98117,29,Upstairs,9342972301000,3.3,10.27,-2.9556155
98118,29,Upstairs,9343022197000,3.21,7.5,-1.7978859
98119,29,Upstairs,9343072307000,3.64,8.62,-1.334794
98120,29,Upstairs,9343122203000,2.64,10.0,-2.8330324
98121,29,Upstairs,9343172313000,3.26,10.19,-1.9204689999999998
98122,29,Upstairs,9343222209000,4.18,9.28,-1.6889231
98123,29,Upstairs,9343272288000,5.83,9.58,-2.070293
98124,29,Upstairs,9343322246000,13.18,8.69,7.055340299999999
98125,29,Upstairs,9343372295000,7.35,13.29,8.580819
98126,29,Upstairs,9343422221000,-0.89,18.24,-0.23154591
98127,29,Upstairs,9343472270000,2.34,17.54,1.9885708
98128,29,Upstairs,9343522227000,8.96,9.28,0.6537767
98129,29,Upstairs,9343572276000,1.76,8.05,-1.1441092
98130,29,Upstairs,9343622203000,1.57,3.68,0.23154591
98131,29,Upstairs,9343672282000,4.86,3.6,-0.14982383
98132,29,Upstairs,9343722240000,4.33,3.57,-0.3405087
98133,29,Upstairs,9343772288000,5.67,3.64,0.27240697
98134,29,Upstairs,9343822215000,1.42,5.09,4.7943625
98135,29,Upstairs,9343872295000,5.52,14.6,-4.440233
98136,29,Upstairs,9343922221000,11.84,15.94,0.88532263
98137,29,Upstairs,9343972301000,2.22,10.57,3.1054392
98138,29,Upstairs,9344022197000,2.79,10.19,-3.5685309999999997
98139,29,Upstairs,9344072307000,3.83,6.55,-3.6774937999999993
98140,29,Upstairs,9344122203000,5.67,6.51,-2.5606253
98141,29,Upstairs,9344172313000,6.63,7.4,-0.84446156
98142,29,Upstairs,9344222209000,2.49,8.54,1.1441092
98143,29,Upstairs,9344272319000,1.92,10.04,0.92618364
98144,29,Upstairs,9344322276000,3.15,11.3,-2.3699405
98145,29,Upstairs,9344372233000,1.12,14.29,-0.19068487
98146,29,Upstairs,9344422313000,3.95,13.95,2.8738932999999998
98147,29,Upstairs,9344472209000,7.5,12.57,1.7978859
98148,29,Upstairs,9344522258000,7.08,8.66,0.42223078
98149,29,Upstairs,9344572246000,6.36,13.1,1.0351465
98150,29,Upstairs,9344622264000,-3.02,12.68,-1.7297841
98151,29,Upstairs,9344672221000,0.46,8.31,-1.2666923
98152,29,Upstairs,9344722270000,6.47,9.23,-0.14982383
98153,29,Upstairs,9344772227000,2.83,8.85,0.10896278
98154,29,Upstairs,9344822276000,0.84,9.0,-1.6480621
98155,29,Upstairs,9344872203000,0.72,6.78,-4.099725
