,user,label,timestamp,x,y,z
819566,31,Upstairs,24370161537000,-4.18,8.66,1.42
819567,31,Upstairs,24370201607000,-3.64,8.92,-1.65
819568,31,Upstairs,24370241524000,-4.75,8.24,-1.08
819569,31,Upstairs,24370321510000,-3.34,10.5,0.95
819570,31,Upstairs,24370361519000,-2.79,11.65,0.34
819571,31,Upstairs,24370401558000,-3.06,12.64,0.38
819572,31,Upstairs,24370441505000,-3.53,11.65,1.27
819573,31,Upstairs,24370521522000,-6.85,11.22,-0.27
819574,31,Upstairs,24370561500000,-6.7,11.18,-1.65
819575,31,Upstairs,24370601539000,-6.05,10.61,-1.69
819576,31,Upstairs,24370641487000,-1.27,11.88,4.33
819577,31,Upstairs,24370721504000,-6.13,8.62,2.56
819578,31,Upstairs,24370761543000,-4.67,7.27,3.79
819579,31,Upstairs,24370900398000,-1.57,2.03,3.79
819580,31,Upstairs,24370900398000,-1.57,2.03,3.79
819581,31,Upstairs,24370900398000,-1.57,2.03,3.79
819582,31,Upstairs,24370941536000,-1.14,2.91,5.41
819583,31,Upstairs,24371021522000,-7.46,9.58,2.11
819584,31,Upstairs,24371061561000,-8.12,15.32,3.68
819585,31,Upstairs,24371101509000,-2.96,10.0,1.99
819586,31,Upstairs,24371141518000,-4.18,9.92,0.3
819587,31,Upstairs,24371221474000,-3.34,8.39,0.72
819588,31,Upstairs,24371261482000,-3.41,8.39,1.27
819589,31,Upstairs,24371301582000,-3.26,7.55,2.49
819590,31,Upstairs,24371341926000,-3.53,8.92,2.11
819591,31,Upstairs,24371421638000,-2.22,9.77,-0.31
819592,31,Upstairs,24371461555000,-3.38,10.88,-0.65
819593,31,Upstairs,24371501503000,-4.75,12.15,-0.04
819594,31,Upstairs,24371541511000,-3.87,11.07,1.73
819595,31,Upstairs,24371621498000,-7.06,12.18,5.05
819596,31,Upstairs,24371661537000,-6.51,11.3,5.75
819597,31,Upstairs,24371701515000,-4.86,11.56,0.69
819598,31,Upstairs,24371741493000,-5.67,10.04,-2.18
819599,31,Upstairs,24371821510000,-5.05,7.27,3.95
819600,31,Upstairs,24371861641000,-3.72,7.89,1.95
819601,31,Upstairs,24371901497000,-2.3,7.97,0.89
819602,31,Upstairs,24371941597000,-2.79,8.05,1.53
819603,31,Upstairs,24372021492000,-1.8,0.27,1.33
819604,31,Upstairs,24372061531000,-1.33,-0.08,0.95
819605,31,Upstairs,24372101662000,-0.72,3.17,5.48
819606,31,Upstairs,24372141487000,-10.73,16.47,2.83
819607,31,Upstairs,24372221474000,-0.93,6.05,0.57
819608,31,Upstairs,24372261635000,-3.91,11.92,1.18
819609,31,Upstairs,24372301521000,-3.64,9.28,0.89
819610,31,Upstairs,24372341469000,-2.91,7.44,0.95
819611,31,Upstairs,24372421516000,-2.56,7.01,0.95
819612,31,Upstairs,24372461677000,-3.34,9.15,1.27
819613,31,Upstairs,24372501503000,-3.41,10.38,1.08
819614,31,Upstairs,24372541481000,-3.68,10.8,0.0
819615,31,Upstairs,24372621498000,-5.37,11.3,1.12
819616,31,Upstairs,24372661659000,-5.01,9.89,4.82
819617,31,Upstairs,24372701515000,-5.13,13.18,3.53
819618,31,Upstairs,24372741493000,-2.83,12.18,2.98
819619,31,Upstairs,24372821632000,-5.86,10.19,-1.38
819620,31,Upstairs,24372861519000,-5.86,7.82,-1.04
819621,31,Upstairs,24372901649000,-4.94,5.6,-0.84
819622,31,Upstairs,24372941505000,-4.56,7.55,3.49
819623,31,Upstairs,24373021553000,-3.79,7.4,0.61
819624,31,Upstairs,24373061622000,-3.95,7.01,2.68
819625,31,Upstairs,24373101692000,-1.95,3.68,1.46
819626,31,Upstairs,24373141487000,-1.08,2.37,1.88
819627,31,Upstairs,24373221626000,-7.16,9.85,1.27
819628,31,Upstairs,24373261513000,-10.04,16.36,2.75
819629,31,Upstairs,24373301521000,-2.3,8.43,-0.46
819630,31,Upstairs,24373341469000,-2.49,11.99,0.0
819631,31,Upstairs,24373421516000,-3.17,8.08,1.76
819632,31,Upstairs,24373461525000,-4.02,7.08,1.88
819633,31,Upstairs,24373501533000,-3.34,6.66,0.53
819634,31,Upstairs,24373541481000,-2.83,7.21,0.46
819635,31,Upstairs,24373621528000,-3.68,9.96,1.08
819636,31,Upstairs,24373661537000,-5.37,9.89,0.27
819637,31,Upstairs,24373701515000,-5.48,9.7,-0.42
819638,31,Upstairs,24373741493000,-5.09,10.69,0.84
819639,31,Upstairs,24373821510000,-4.37,13.1,3.02
819640,31,Upstairs,24373861519000,-6.97,10.76,4.79
819641,31,Upstairs,24373901497000,-4.94,12.3,4.18
819642,31,Upstairs,24373941475000,-4.99,10.42,-1.27
819643,31,Upstairs,24374021614000,-4.18,7.78,1.08
819644,31,Upstairs,24374061500000,-5.43,8.12,2.22
819645,31,Upstairs,24374101509000,-3.95,7.55,1.23
819646,31,Upstairs,24374141456000,-3.3,8.47,1.57
819647,31,Upstairs,24374221474000,-2.96,4.67,0.61
819648,31,Upstairs,24374261543000,-2.87,2.03,2.37
819649,31,Upstairs,24374301491000,-1.76,0.34,5.67
819650,31,Upstairs,24374341438000,-6.51,7.25,-0.5
819651,31,Upstairs,24374421486000,-3.64,11.35,-1.18
819652,31,Upstairs,24374461555000,-1.65,11.26,0.8
819653,31,Upstairs,24374501625000,-1.31,9.85,1.18
819654,31,Upstairs,24374541450000,-2.53,8.77,1.42
819655,31,Upstairs,24374621620000,-3.41,7.46,0.53
819656,31,Upstairs,24374661476000,-3.72,8.96,0.57
819657,31,Upstairs,24374701515000,-3.21,10.53,0.04
819658,31,Upstairs,24374741585000,-3.79,10.8,-0.08
819659,31,Upstairs,24374821480000,-4.1,10.84,7.65
819660,31,Upstairs,24374861519000,-4.37,11.03,2.11
819661,31,Upstairs,24374901466000,-6.47,11.45,4.06
819662,31,Upstairs,24374941444000,-4.6,11.45,1.57
819663,31,Upstairs,24375021614000,-5.79,9.66,-0.65
819664,31,Upstairs,24375061500000,-5.22,7.55,2.14
819665,31,Upstairs,24375102821000,-5.67,7.82,2.79
819666,31,Upstairs,24375141609000,-2.6,7.63,0.84
819667,31,Upstairs,24375221443000,-1.95,7.31,0.76
819668,31,Upstairs,24375261543000,-2.3,4.4,0.08
819669,31,Upstairs,24375301491000,-2.18,2.96,-0.04
819670,31,Upstairs,24375341469000,-1.8,1.42,3.68
819671,31,Upstairs,24375421638000,-10.8,18.2,2.45
819672,31,Upstairs,24375461464000,-2.56,11.11,2.22
819673,31,Upstairs,24375501472000,-1.99,10.08,1.69
819674,31,Upstairs,24375541572000,-3.57,9.72,0.95
819675,31,Upstairs,24375621467000,-3.53,6.66,0.76
819676,31,Upstairs,24375661598000,-2.96,6.74,0.46
819677,31,Upstairs,24375701698000,-3.3,8.62,0.5
819678,31,Upstairs,24375741463000,-3.38,9.43,1.46
819679,31,Upstairs,24375821480000,-5.05,10.5,-0.53
819680,31,Upstairs,24375861519000,-4.63,10.69,1.18
819681,31,Upstairs,24375901497000,-3.64,11.5,4.1
819682,31,Upstairs,24375941780000,-4.75,13.02,3.21
819683,31,Upstairs,24376021492000,-4.79,12.07,2.96
819684,31,Upstairs,24376061653000,-5.48,10.04,-0.8
819685,31,Upstairs,24376101509000,-5.98,9.43,1.14
819686,31,Upstairs,24376141640000,-5.94,7.78,3.15
819687,31,Upstairs,24376221596000,-3.79,8.77,0.99
819688,31,Upstairs,24376261513000,-2.03,9.04,2.49
819689,31,Upstairs,24376301521000,-2.22,7.01,0.46
819690,31,Upstairs,24376341591000,-1.92,4.18,0.95
819691,31,Upstairs,24376421486000,0.0,1.38,2.03
819692,31,Upstairs,24376461525000,-3.6,-0.34,8.16
819693,31,Upstairs,24376501503000,-7.35,10.53,-6.7
819694,31,Upstairs,24376541603000,-12.34,19.0,2.18
819695,31,Upstairs,24376621467000,-1.08,9.66,1.18
819696,31,Upstairs,24376661507000,-4.06,9.11,1.31
819697,31,Upstairs,24376701515000,-4.21,8.2,0.91
819698,31,Upstairs,24376741646000,-2.91,5.63,1.08
819699,31,Upstairs,24376821510000,-3.6,8.66,0.89
819700,31,Upstairs,24376861519000,-3.3,9.72,1.33
819701,31,Upstairs,24376901497000,-4.1,10.57,-0.11
819702,31,Upstairs,24376941475000,-6.74,12.11,-0.76
819703,31,Upstairs,24377021614000,-3.87,10.23,5.71
819704,31,Upstairs,24377061531000,-4.9,13.63,4.02
819705,31,Upstairs,24377101509000,-3.41,12.3,3.6
819706,31,Upstairs,24377141456000,-4.29,11.88,3.34
819707,31,Upstairs,24377221474000,-7.16,8.05,-0.15
819708,31,Upstairs,24377261635000,-5.24,7.78,-0.15
819709,31,Upstairs,24377301521000,-3.76,10.84,2.3
819710,31,Upstairs,24377341591000,-2.56,9.77,0.91
819711,31,Upstairs,24377421516000,-3.38,5.37,0.46
819712,31,Upstairs,24377461494000,-2.34,1.69,0.34
819713,31,Upstairs,24377501625000,-1.33,1.31,0.19
819714,31,Upstairs,24377541481000,0.27,3.21,2.03
819715,31,Upstairs,24377621467000,-13.63,18.39,1.76
819716,31,Upstairs,24377661476000,-2.98,7.08,1.31
819717,31,Upstairs,24377701485000,-2.15,9.43,0.72
819718,31,Upstairs,24377741615000,-3.68,11.8,0.57
819719,31,Upstairs,24377821480000,-2.34,7.5,0.53
819720,31,Upstairs,24377861519000,-2.37,6.93,0.84
819721,31,Upstairs,24377901619000,-3.49,7.27,0.95
819722,31,Upstairs,24377941444000,-4.48,7.67,1.12
819723,31,Upstairs,24378021614000,-4.14,7.78,-0.23
819724,31,Upstairs,24378061470000,-4.52,7.82,-0.72
819725,31,Upstairs,24378101509000,-5.75,8.62,-0.5
819726,31,Upstairs,24378141487000,-6.21,8.5,0.23
819727,31,Upstairs,24378221596000,-5.28,14.06,7.16
819728,31,Upstairs,24378261604000,-3.95,12.3,1.84
819729,31,Upstairs,24378301491000,-3.83,10.84,-0.27
819730,31,Upstairs,24378341438000,-4.71,11.11,-0.8
819731,31,Upstairs,24378421486000,-6.24,10.34,-1.76
819732,31,Upstairs,24378461525000,-6.17,8.66,-1.69
819733,31,Upstairs,24378501625000,-4.29,5.75,-1.33
819734,31,Upstairs,24378541481000,-2.76,5.98,-0.8
819735,31,Upstairs,24378621467000,-5.01,6.51,0.69
819736,31,Upstairs,24378661629000,-6.17,4.1,0.23
819737,31,Upstairs,24378821266000,-4.56,2.91,1.14
819739,31,Upstairs,24378821266000,-4.56,2.91,1.14
819738,31,Upstairs,24378821266000,-4.56,2.91,1.14
819740,31,Upstairs,24378861915000,-7.55,8.81,1.42
819741,31,Upstairs,24378901466000,-5.63,10.27,-3.34
819742,31,Upstairs,24378941444000,-3.06,7.27,-0.61
819743,31,Upstairs,24379021492000,-4.75,10.15,-0.57
819744,31,Upstairs,24379061470000,-4.99,8.43,-0.57
819745,31,Upstairs,24379101478000,-5.71,7.67,-0.42
819746,31,Upstairs,24379141487000,-4.94,5.52,0.23
819747,31,Upstairs,24379221474000,-5.71,6.97,0.08
819748,31,Upstairs,24379261482000,-5.22,7.01,0.11
819749,31,Upstairs,24379301521000,-7.27,9.0,0.72
819750,31,Upstairs,24379341438000,-6.7,11.14,4.79
819751,31,Upstairs,24379421486000,-4.33,14.1,-0.08
819752,31,Upstairs,24379461647000,-0.57,16.47,3.76
819753,31,Upstairs,24379501503000,-4.37,14.02,-1.57
819754,31,Upstairs,24379541542000,-8.77,16.4,-2.64
819755,31,Upstairs,24379621498000,-4.48,8.43,-2.45
819756,31,Upstairs,24379661598000,-0.89,9.58,1.69
819757,31,Upstairs,24379701515000,-4.29,10.04,6.28
819759,31,Upstairs,24379741615000,-4.82,7.89,-0.57
819758,31,Upstairs,24379741615000,-4.82,7.89,-0.57
819760,31,Upstairs,24379871590000,-1.08,1.5,2.41
819761,31,Upstairs,24379911476000,-1.31,1.65,4.37
819762,31,Upstairs,24379951729000,0.72,5.83,6.7
819763,31,Upstairs,24379991493000,-2.98,2.11,4.79
819764,31,Upstairs,24380071480000,-12.95,15.66,2.6
819765,31,Upstairs,24380111427000,-2.45,5.43,0.57
