,user,label,timestamp,x,y,z
823175,31,Upstairs,24577911507000,3.49,8.81,-0.19
823176,31,Upstairs,24577991615000,1.12,10.34,-0.95
823177,31,Upstairs,24578031471000,3.34,12.41,0.08
823178,31,Upstairs,24578071510000,3.06,14.21,0.65
823179,31,Upstairs,24578111519000,2.91,13.76,1.73
823180,31,Upstairs,24578191597000,3.45,12.07,0.38
823181,31,Upstairs,24578233101000,4.63,10.53,2.53
823182,31,Upstairs,24578272316000,2.72,8.69,1.65
823183,31,Upstairs,24578311500000,0.38,8.08,-0.42
823184,31,Upstairs,24578391609000,1.57,8.96,2.11
823185,31,Upstairs,24578431923000,1.65,8.12,0.42
823186,31,Upstairs,24578471626000,2.79,8.73,1.57
823187,31,Upstairs,24578511543000,0.89,8.05,2.41
823188,31,Upstairs,24578591591000,0.46,3.83,2.72
823189,31,Upstairs,24578631508000,1.14,2.26,2.26
823190,31,Upstairs,24578671516000,0.42,1.69,5.24
823191,31,Upstairs,24578711555000,1.73,8.05,7.82
823192,31,Upstairs,24578791756000,2.98,8.92,1.73
823193,31,Upstairs,24578831520000,3.02,8.81,1.88
823194,31,Upstairs,24578871620000,2.72,10.73,-0.42
823195,31,Upstairs,24578951515000,5.24,8.66,-0.42
823196,31,Upstairs,24578991615000,3.49,8.5,0.76
823197,31,Upstairs,24579031624000,2.07,6.44,1.14
823198,31,Upstairs,24579071541000,1.8,6.85,1.04
823199,31,Upstairs,24579151619000,2.87,8.43,2.18
823200,31,Upstairs,24579191597000,2.34,9.23,1.57
823201,31,Upstairs,24579231514000,2.26,8.85,-1.27
823202,31,Upstairs,24579271492000,3.41,9.15,-1.42
823203,31,Upstairs,24579311500000,4.21,10.42,-1.76
823204,31,Upstairs,24579391640000,2.14,13.33,0.04
823205,31,Upstairs,24579431557000,1.69,13.1,2.26
823206,31,Upstairs,24579471504000,1.27,12.41,2.79
823207,31,Upstairs,24579511665000,3.26,12.95,3.11
823208,31,Upstairs,24579591713000,1.84,10.57,-1.42
823209,31,Upstairs,24579631477000,0.38,9.85,-0.27
823210,31,Upstairs,24579671516000,0.5,8.85,1.73
823211,31,Upstairs,24579711555000,0.65,7.97,1.38
823212,31,Upstairs,24579791725000,2.26,7.63,1.99
823213,31,Upstairs,24579831520000,1.12,5.52,2.11
823214,31,Upstairs,24579871620000,1.92,3.79,2.3
823215,31,Upstairs,24579911537000,0.53,0.61,3.3
823216,31,Upstairs,24579991707000,-0.15,6.63,6.17
823217,31,Upstairs,24580031471000,5.52,16.66,3.87
823218,31,Upstairs,24580071541000,3.64,11.26,2.07
823219,31,Upstairs,24580151527000,4.59,10.38,0.69
823220,31,Upstairs,24580191597000,4.44,9.34,0.3
823221,31,Upstairs,24580231514000,3.72,9.28,0.19
823222,31,Upstairs,24580271614000,2.96,7.44,1.8
823223,31,Upstairs,24580311500000,2.41,7.25,1.18
823224,31,Upstairs,24580391548000,2.75,7.06,0.38
823225,31,Upstairs,24580431801000,2.07,9.34,1.31
823226,31,Upstairs,24580471504000,1.69,9.62,1.12
823227,31,Upstairs,24580511543000,1.61,8.77,-0.57
823228,31,Upstairs,24580591591000,2.98,10.12,-1.46
823229,31,Upstairs,24580631477000,4.02,12.03,0.19
823230,31,Upstairs,24580672554000,3.95,14.86,-1.31
823231,31,Upstairs,24580712135000,2.91,15.21,1.31
823232,31,Upstairs,24580791847000,2.96,11.45,3.6
823233,31,Upstairs,24580831520000,4.14,9.23,0.42
823234,31,Upstairs,24580871528000,1.99,9.3,-1.8
823235,31,Upstairs,24580951515000,1.5,8.24,3.41
823236,31,Upstairs,24580991615000,-0.23,7.27,-0.04
823237,31,Upstairs,24581031624000,1.95,8.66,1.5
823238,31,Upstairs,24581071541000,2.41,8.62,2.03
823239,31,Upstairs,24581151436000,0.61,5.09,2.26
823240,31,Upstairs,24581191597000,0.34,2.49,3.36
823241,31,Upstairs,24581231514000,-0.42,1.69,3.34
823242,31,Upstairs,24581271461000,3.34,2.79,8.24
823243,31,Upstairs,24581311531000,5.18,10.92,9.11
823244,31,Upstairs,24581391609000,3.49,6.32,3.15
823245,31,Upstairs,24581431618000,3.72,8.39,1.99
823246,31,Upstairs,24581471504000,3.15,12.15,-1.14
823247,31,Upstairs,24581551674000,9.3,9.28,-0.11
823248,31,Upstairs,24581591591000,6.4,8.28,1.88
823249,31,Upstairs,24581631508000,3.3,8.5,3.3
823250,31,Upstairs,24581671516000,3.21,7.7,0.0
823251,31,Upstairs,24581711525000,3.72,5.48,-0.72
823252,31,Upstairs,24581791756000,2.91,9.7,0.91
823253,31,Upstairs,24581831520000,2.75,10.23,-0.93
823254,31,Upstairs,24581871498000,2.75,11.6,-1.46
823255,31,Upstairs,24581911537000,1.76,12.68,0.99
823256,31,Upstairs,24581991615000,4.52,13.67,0.61
823257,31,Upstairs,24582031471000,3.87,10.84,0.46
823258,31,Upstairs,24582071510000,5.01,10.92,1.5
823259,31,Upstairs,24582111519000,4.99,10.42,1.65
823260,31,Upstairs,24582191566000,0.04,8.24,-1.38
823261,31,Upstairs,24582231514000,-0.27,8.31,-0.89
823262,31,Upstairs,24582271583000,1.61,8.31,2.14
823263,31,Upstairs,24582351601000,1.18,9.58,1.84
823264,31,Upstairs,24582391762000,-0.57,6.05,1.53
823265,31,Upstairs,24582431496000,0.61,4.86,2.14
823266,31,Upstairs,24582471504000,1.57,3.76,1.69
823267,31,Upstairs,24582511543000,2.3,3.02,2.14
823268,31,Upstairs,24582591713000,4.14,16.86,1.92
823269,31,Upstairs,24582631508000,4.56,10.5,2.14
823270,31,Upstairs,24582671516000,3.15,7.4,1.38
823271,31,Upstairs,24582711586000,4.44,11.3,0.5
823272,31,Upstairs,24582791969000,4.59,8.35,-0.61
823273,31,Upstairs,24582831520000,4.52,9.92,0.11
823274,31,Upstairs,24582871498000,2.22,10.23,2.18
823275,31,Upstairs,24582911537000,1.73,8.39,0.46
823276,31,Upstairs,24582991707000,2.98,5.37,0.76
823277,31,Upstairs,24583111305000,0.38,11.07,0.76
823279,31,Upstairs,24583111305000,0.38,11.07,0.76
823278,31,Upstairs,24583111305000,0.38,11.07,0.76
823280,31,Upstairs,24583191536000,3.87,10.12,-1.27
823281,31,Upstairs,24583231514000,4.94,12.18,-1.14
823282,31,Upstairs,24583271553000,6.66,16.04,-1.31
823283,31,Upstairs,24583311500000,3.68,14.63,3.15
823284,31,Upstairs,24583391823000,6.13,10.65,1.53
823285,31,Upstairs,24583431465000,4.86,8.54,-1.88
823286,31,Upstairs,24583471504000,4.25,7.97,-2.07
823287,31,Upstairs,24583511543000,3.91,8.08,-1.65
823288,31,Upstairs,24583591591000,-0.46,9.34,2.41
823289,31,Upstairs,24583631569000,-0.57,8.73,3.72
823290,31,Upstairs,24583671608000,1.53,6.55,0.38
823291,31,Upstairs,24583711555000,1.95,7.31,1.76
823292,31,Upstairs,24583791756000,0.34,5.05,2.75
823293,31,Upstairs,24583831520000,0.0,4.9,2.3
823294,31,Upstairs,24583871498000,2.22,5.98,5.41
823295,31,Upstairs,24583951546000,7.21,17.27,4.33
823296,31,Upstairs,24583991585000,2.64,4.6,-0.42
823297,31,Upstairs,24584031471000,5.13,8.5,-0.08
823298,31,Upstairs,24584071541000,5.79,9.3,-1.08
823299,31,Upstairs,24584151588000,4.48,6.66,0.27
823300,31,Upstairs,24584191597000,5.09,6.97,0.76
823301,31,Upstairs,24584231514000,4.99,8.24,0.53
823302,31,Upstairs,24584272407000,4.06,7.89,0.27
823303,31,Upstairs,24584311500000,3.34,8.28,0.0
823304,31,Upstairs,24584391640000,1.65,8.73,0.11
823305,31,Upstairs,24584431496000,2.3,8.43,-0.57
823306,31,Upstairs,24584471535000,3.02,8.01,-0.99
823307,31,Upstairs,24584511574000,3.06,8.31,-0.76
823308,31,Upstairs,24584591621000,2.14,9.15,-0.65
823309,31,Upstairs,24584631630000,2.03,8.85,-0.57
823310,31,Upstairs,24584701637000,2.18,9.66,-0.11
823311,31,Upstairs,24584741829000,4.02,12.03,0.42
823312,31,Upstairs,24584781441000,3.49,11.14,2.79
823313,31,Upstairs,24584821480000,2.14,10.84,2.41
823314,31,Upstairs,24584861549000,3.53,8.81,-0.27
823315,31,Upstairs,24584941536000,4.67,10.19,-1.54
823316,31,Upstairs,24584981453000,3.76,10.0,-1.57
823317,31,Upstairs,24585021553000,2.83,9.15,-1.18
823318,31,Upstairs,24585061561000,2.83,8.08,-0.34
823319,31,Upstairs,24585141640000,1.95,7.7,-0.46
823320,31,Upstairs,24585181465000,0.84,7.59,-0.34
823321,31,Upstairs,24585221474000,0.3,7.35,-0.5
823322,31,Upstairs,24585261665000,0.69,8.89,0.38
823323,31,Upstairs,24585341469000,0.84,10.8,6.47
823324,31,Upstairs,24585381447000,3.49,7.93,0.23
823325,31,Upstairs,24585421486000,4.94,7.5,-2.07
823326,31,Upstairs,24585461555000,6.43,12.34,0.38
823327,31,Upstairs,24585541481000,-2.07,6.85,-0.61
823328,31,Upstairs,24585581489000,1.46,9.47,-2.11
823329,31,Upstairs,24585621467000,3.3,9.28,-2.07
823330,31,Upstairs,24585661537000,1.92,8.96,-1.92
823331,31,Upstairs,24585741493000,0.53,9.0,-0.23
823332,31,Upstairs,24585781471000,2.26,9.04,-0.04
823333,31,Upstairs,24585821510000,3.49,8.5,-0.93
823334,31,Upstairs,24585861671000,4.14,9.0,-0.84
823335,31,Upstairs,24585941658000,1.5,10.31,1.61
823336,31,Upstairs,24585981483000,0.99,13.48,3.36
823337,31,Upstairs,24586021492000,3.53,12.91,3.11
823338,31,Upstairs,24586061531000,4.86,11.03,1.31
823339,31,Upstairs,24586141518000,4.56,9.77,-2.98
823340,31,Upstairs,24586181465000,6.4,9.53,0.76
823341,31,Upstairs,24586221657000,5.56,10.76,3.68
823342,31,Upstairs,24586261543000,0.53,8.43,0.99
823343,31,Upstairs,24586341591000,2.75,7.5,1.69
823344,31,Upstairs,24586381477000,2.79,6.93,1.99
823345,31,Upstairs,24586421638000,1.84,5.18,3.21
823346,31,Upstairs,24586501564000,2.75,4.52,5.05
823347,31,Upstairs,24586541542000,3.21,3.91,4.71
823348,31,Upstairs,24586581489000,2.45,6.24,5.79
823349,31,Upstairs,24586621467000,1.61,14.37,8.12
823350,31,Upstairs,24586661659000,2.03,13.4,3.57
823351,31,Upstairs,24586741493000,0.53,10.95,4.1
823352,31,Upstairs,24586781471000,1.12,10.08,3.11
823353,31,Upstairs,24586821510000,1.69,9.3,1.12
823354,31,Upstairs,24586861549000,2.64,9.43,0.69
823355,31,Upstairs,24586941719000,1.99,7.67,1.14
823356,31,Upstairs,24586981483000,1.61,7.44,0.76
823357,31,Upstairs,24587021492000,1.73,7.97,0.08
823358,31,Upstairs,24587061531000,1.69,8.2,0.8
823359,31,Upstairs,24587141548000,2.64,9.08,-0.15
823360,31,Upstairs,24587181465000,2.37,8.24,-1.27
823361,31,Upstairs,24587221474000,2.34,9.04,-1.65
823362,31,Upstairs,24587261574000,2.3,9.53,-1.23
823363,31,Upstairs,24587341469000,1.57,11.3,-1.08
823364,31,Upstairs,24587381447000,1.84,13.63,-1.12
823365,31,Upstairs,24587421486000,2.98,14.02,-0.72
823366,31,Upstairs,24587461647000,3.95,13.72,-0.38
823367,31,Upstairs,24587541481000,3.15,11.35,2.34
823368,31,Upstairs,24587581611000,2.14,10.15,0.95
823369,31,Upstairs,24587621498000,-0.08,8.81,-1.23
823370,31,Upstairs,24587661568000,-0.42,7.86,-0.31
823371,31,Upstairs,24587741646000,0.42,8.81,1.31
823372,31,Upstairs,24587781471000,1.04,9.15,1.65
823373,31,Upstairs,24587821480000,0.8,8.47,1.12
823374,31,Upstairs,24587901497000,1.12,6.51,3.26
