,user,label,timestamp,x,y,z
823375,31,Upstairs,24587941566000,1.23,5.48,2.87
823376,31,Upstairs,24587981483000,3.17,6.02,2.96
823377,31,Upstairs,24588021522000,1.92,2.49,3.21
823378,31,Upstairs,24588061653000,2.79,2.6,6.47
823379,31,Upstairs,24588142158000,3.53,9.04,7.78
823380,31,Upstairs,24588182045000,7.21,16.74,0.42
823381,31,Upstairs,24588221626000,4.9,8.43,4.44
823382,31,Upstairs,24588261574000,-0.19,8.58,4.63
823383,31,Upstairs,24588341591000,2.53,9.3,-0.57
823384,31,Upstairs,24588381477000,3.06,9.15,-1.08
823385,31,Upstairs,24588421547000,3.87,8.2,1.65
823386,31,Upstairs,24588461677000,2.75,8.35,1.31
823387,31,Upstairs,24588541481000,2.68,7.44,0.19
823388,31,Upstairs,24588581489000,2.07,7.82,0.46
823389,31,Upstairs,24588621498000,2.37,9.23,0.84
823390,31,Upstairs,24588661507000,2.37,8.47,0.04
823391,31,Upstairs,24588741493000,1.73,10.38,-1.33
823392,31,Upstairs,24588781471000,0.84,11.26,-0.93
823393,31,Upstairs,24588821480000,2.75,10.42,0.0
823394,31,Upstairs,24588861549000,2.87,12.91,0.0
823395,31,Upstairs,24588941536000,3.6,11.54,0.19
823396,31,Upstairs,24588981483000,3.02,11.5,-0.5
823397,31,Upstairs,24589021522000,3.98,11.45,1.38
823398,31,Upstairs,24589061653000,2.83,10.61,1.92
823399,31,Upstairs,24589141518000,-0.99,7.46,-1.14
823400,31,Upstairs,24589181587000,0.69,6.59,0.34
823401,31,Upstairs,24589221504000,2.3,7.89,1.33
823402,31,Upstairs,24589261574000,2.83,9.15,2.11
823403,31,Upstairs,24589341438000,0.57,7.74,2.34
823404,31,Upstairs,24589381477000,0.46,6.51,2.53
823405,31,Upstairs,24589421577000,0.84,3.87,3.02
823406,31,Upstairs,24589461616000,2.37,4.21,3.41
823407,31,Upstairs,24589541542000,3.83,4.48,5.94
823408,31,Upstairs,24589581673000,2.37,10.99,2.49
823409,31,Upstairs,24589621559000,5.94,14.21,3.45
823410,31,Upstairs,24589661598000,2.79,11.65,2.56
823411,31,Upstairs,24589741432000,0.53,9.3,0.42
823412,31,Upstairs,24589781410000,1.53,9.58,-0.04
823413,31,Upstairs,24589821876000,1.57,9.23,0.46
823414,31,Upstairs,24589861549000,0.95,8.24,2.14
823415,31,Upstairs,24589941841000,3.06,6.93,-0.53
823416,31,Upstairs,24589981453000,3.49,6.85,0.04
823417,31,Upstairs,24590021675000,3.76,8.85,0.38
823418,31,Upstairs,24590061561000,2.64,10.31,0.69
823419,31,Upstairs,24590141518000,1.95,8.62,-1.18
823420,31,Upstairs,24590181496000,1.14,10.04,-1.8
823421,31,Upstairs,24590221474000,1.33,11.41,-1.76
823422,31,Upstairs,24590261696000,3.34,14.79,2.07
823423,31,Upstairs,24590308998000,2.68,14.48,-1.14
823424,31,Upstairs,24590371406000,3.36,10.42,0.19
823425,31,Upstairs,24590411568000,7.01,12.34,3.79
823426,31,Upstairs,24590491768000,-0.15,9.23,-2.72
823427,31,Upstairs,24590531502000,-1.08,8.77,-1.99
823428,31,Upstairs,24590651253000,3.11,8.2,2.11
823429,31,Upstairs,24590651253000,3.11,8.2,2.11
823430,31,Upstairs,24590691597000,1.42,7.89,1.61
823431,31,Upstairs,24590731514000,1.61,4.99,2.11
823432,31,Upstairs,24590771522000,1.53,4.79,2.22
823433,31,Upstairs,24590811500000,1.33,3.38,3.76
823434,31,Upstairs,24590891640000,1.18,3.6,5.28
823435,31,Upstairs,24590931465000,0.23,9.81,7.35
823436,31,Upstairs,24590971504000,4.82,16.17,3.3
823437,31,Upstairs,24591011482000,4.18,7.97,3.34
823438,31,Upstairs,24591091621000,5.63,11.26,-1.5
823439,31,Upstairs,24591131508000,6.89,8.66,-1.04
823440,31,Upstairs,24591171516000,5.56,8.69,-0.23
823441,31,Upstairs,24591211525000,2.96,8.58,0.57
823442,31,Upstairs,24591291603000,2.64,6.85,-0.42
823443,31,Upstairs,24591331459000,2.83,6.93,-0.76
823444,31,Upstairs,24591371620000,3.64,8.58,-0.27
823445,31,Upstairs,24591451576000,2.03,7.74,-0.84
823446,31,Upstairs,24591491615000,1.65,8.31,-1.18
823447,31,Upstairs,24591531502000,1.8,10.57,-1.54
823448,31,Upstairs,24591571510000,1.76,10.65,-1.76
823449,31,Upstairs,24591611549000,1.73,10.61,-1.65
823450,31,Upstairs,24591691597000,3.26,14.98,-0.19
823451,31,Upstairs,24591731514000,2.79,14.14,-0.53
823452,31,Upstairs,24591771522000,3.06,11.84,-0.31
823453,31,Upstairs,24591811531000,3.91,13.87,2.53
823454,31,Upstairs,24591891609000,0.46,8.96,-1.23
823455,31,Upstairs,24591931465000,-0.15,8.31,-1.57
823456,31,Upstairs,24591971504000,-0.69,7.74,-1.33
823457,31,Upstairs,24592051613000,2.91,7.86,2.91
823458,31,Upstairs,24592091621000,2.56,6.66,0.27
823459,31,Upstairs,24592131477000,1.27,5.52,3.34
823460,31,Upstairs,24592171516000,0.04,4.67,3.06
823461,31,Upstairs,24592211647000,1.08,4.25,3.41
823462,31,Upstairs,24592291603000,2.18,2.15,6.21
823463,31,Upstairs,24592331581000,2.22,4.33,6.47
823464,31,Upstairs,24592371620000,5.05,14.63,4.29
823465,31,Upstairs,24592451576000,3.3,7.25,2.11
823466,31,Upstairs,24592491768000,2.96,10.31,0.53
823467,31,Upstairs,24592531471000,5.94,10.42,0.42
823468,31,Upstairs,24592571663000,5.6,9.19,-0.57
823469,31,Upstairs,24592611519000,3.17,8.47,1.23
823470,31,Upstairs,24592691597000,2.18,6.59,0.57
823471,31,Upstairs,24592731514000,2.22,7.63,0.89
823472,31,Upstairs,24592771522000,3.11,8.69,0.91
823473,31,Upstairs,24592811775000,2.83,8.66,0.61
823474,31,Upstairs,24592891609000,0.95,9.34,0.27
823475,31,Upstairs,24592931496000,2.87,9.28,0.11
823476,31,Upstairs,24592971474000,3.53,10.0,0.65
823477,31,Upstairs,24593011482000,2.87,11.54,-0.69
823478,31,Upstairs,24593091591000,2.64,14.98,-0.65
823479,31,Upstairs,24593131416000,3.87,11.22,1.61
823480,31,Upstairs,24593171516000,3.11,10.46,1.69
823481,31,Upstairs,24593211464000,4.71,10.38,1.99
823482,31,Upstairs,24593291725000,0.69,10.42,-0.57
823483,31,Upstairs,24593331489000,-2.96,9.47,0.34
823484,31,Upstairs,24593371498000,-2.18,8.89,1.14
823485,31,Upstairs,24593411537000,0.38,9.66,2.64
823486,31,Upstairs,24593491615000,2.98,7.63,0.46
823487,31,Upstairs,24593531624000,2.6,6.24,2.45
823488,31,Upstairs,24593571510000,0.76,4.44,2.14
823489,31,Upstairs,24593651497000,0.89,3.76,3.15
823490,31,Upstairs,24593691627000,1.42,4.94,3.72
823491,31,Upstairs,24593731514000,2.72,5.79,4.21
823492,31,Upstairs,24593771522000,4.86,7.78,11.73
823493,31,Upstairs,24593851509000,2.14,7.97,4.1
823494,31,Upstairs,24593891731000,4.48,9.23,3.02
823495,31,Upstairs,24593931618000,3.87,11.88,1.99
823496,31,Upstairs,24593971504000,4.4,10.31,0.04
823497,31,Upstairs,24594051521000,3.34,9.58,-0.5
823498,31,Upstairs,24594091591000,2.79,7.78,1.18
823499,31,Upstairs,24594131508000,1.88,7.4,1.08
823500,31,Upstairs,24594171516000,1.92,7.5,0.11
823501,31,Upstairs,24594211647000,2.72,7.46,-0.27
823502,31,Upstairs,24594291603000,2.83,8.62,0.0
823503,31,Upstairs,24594331581000,1.84,8.73,-0.95
823504,31,Upstairs,24594371620000,0.89,9.38,-1.46
823505,31,Upstairs,24594411507000,0.3,11.22,-1.84
823506,31,Upstairs,24594491615000,2.22,11.84,0.3
823507,31,Upstairs,24594531502000,1.92,16.4,0.27
823508,31,Upstairs,24594571510000,3.3,16.09,1.65
823509,31,Upstairs,24594611549000,5.67,10.23,1.38
823510,31,Upstairs,24594691597000,6.97,10.19,-2.18
823511,31,Upstairs,24594731636000,2.64,9.92,-3.06
823512,31,Upstairs,24594771522000,-0.46,9.66,-2.72
823513,31,Upstairs,24594812507000,-1.23,7.93,-2.34
823514,31,Upstairs,24594891670000,-0.11,7.93,-1.33
823515,31,Upstairs,24594931496000,1.14,8.58,1.65
823516,31,Upstairs,24594971474000,-0.38,5.94,2.56
823517,31,Upstairs,24595011604000,-0.46,4.18,-0.65
823518,31,Upstairs,24595091743000,-2.3,5.94,1.69
823519,31,Upstairs,24595131477000,-0.11,9.62,4.75
823520,31,Upstairs,24595171638000,2.41,14.21,8.05
823521,31,Upstairs,24595211525000,-1.31,11.45,5.52
823522,31,Upstairs,24595291603000,1.92,10.12,0.23
823523,31,Upstairs,24595333656000,1.27,11.11,-1.54
823524,31,Upstairs,24595371834000,1.65,8.47,-0.99
823525,31,Upstairs,24595411537000,2.07,8.69,-0.46
823526,31,Upstairs,24595491615000,0.42,9.3,0.46
823527,31,Upstairs,24595531471000,1.57,10.42,0.0
823528,31,Upstairs,24595571510000,2.45,9.96,-0.61
823529,31,Upstairs,24595611549000,2.26,8.43,-1.23
823530,31,Upstairs,24595692634000,0.99,9.34,-1.14
823531,31,Upstairs,24595732246000,1.14,9.7,-0.89
823532,31,Upstairs,24595771522000,1.38,8.77,-0.11
823533,31,Upstairs,24595811531000,2.6,8.96,0.23
823534,31,Upstairs,24595871498000,3.34,8.92,-0.46
823535,31,Upstairs,24595911812000,3.76,9.66,-0.15
823536,31,Upstairs,24595991524000,5.41,10.99,0.23
823537,31,Upstairs,24596031502000,7.01,10.76,-0.38
823538,31,Upstairs,24596071541000,6.74,10.57,-0.65
823539,31,Upstairs,24596111549000,4.79,10.31,0.34
823540,31,Upstairs,24596191688000,3.15,10.76,-2.53
823541,31,Upstairs,24596231514000,3.53,10.53,-2.56
823542,31,Upstairs,24596271675000,4.1,10.84,-2.56
823543,31,Upstairs,24596311439000,3.79,9.28,-2.15
823544,31,Upstairs,24596391731000,1.92,11.88,2.98
823545,31,Upstairs,24596431496000,2.91,10.95,1.18
823546,31,Upstairs,24596471504000,3.91,10.12,2.07
823547,31,Upstairs,24596511543000,2.56,7.16,2.34
823548,31,Upstairs,24596591591000,1.12,5.67,3.6
823549,31,Upstairs,24596631508000,1.57,2.76,2.83
823550,31,Upstairs,24596671516000,3.06,3.6,4.21
823551,31,Upstairs,24596711677000,3.11,3.17,3.49
823552,31,Upstairs,24596791725000,4.75,13.57,1.08
823553,31,Upstairs,24596831642000,3.72,14.41,3.68
823554,31,Upstairs,24596871528000,0.34,7.21,2.14
823555,31,Upstairs,24596911537000,1.88,12.57,1.65
823556,31,Upstairs,24596991768000,1.14,9.0,0.42
823557,31,Upstairs,24597031502000,1.5,8.05,0.99
823558,31,Upstairs,24597071510000,1.84,8.43,0.84
823559,31,Upstairs,24597111549000,1.53,8.01,0.38
823560,31,Upstairs,24597191566000,1.84,9.11,1.27
823561,31,Upstairs,24597231544000,2.72,9.15,0.38
823562,31,Upstairs,24597271675000,1.27,8.77,-0.34
823563,31,Upstairs,24597311531000,0.27,9.43,-0.72
823564,31,Upstairs,24597391579000,2.98,9.81,-0.11
823565,31,Upstairs,24597431496000,1.92,13.29,-0.23
823566,31,Upstairs,24597471535000,1.31,15.36,-0.38
823567,31,Upstairs,24597511513000,1.27,13.33,-0.27
823568,31,Upstairs,24597591591000,2.91,12.57,1.46
823569,31,Upstairs,24597631508000,2.75,10.53,1.14
823570,31,Upstairs,24597671516000,0.08,8.77,-1.42
823571,31,Upstairs,24597711738000,-1.08,9.0,-1.18
823572,31,Upstairs,24597791786000,2.53,8.31,3.64
823573,31,Upstairs,24597831489000,2.07,7.59,1.23
823574,31,Upstairs,24597871651000,3.21,6.7,2.11
