,user,label,timestamp,x,y,z
307101,32,Upstairs,24889632308000,4.02,8.85,-1.8796080000000002
307102,32,Upstairs,24889682235000,5.33,6.21,-1.7297841
307103,32,Upstairs,24889732314000,5.05,7.06,-3.1054392
307104,32,Upstairs,24889782241000,2.18,9.77,-0.6537767
307105,32,Upstairs,24889832290000,1.27,10.57,0.313268
307106,32,Upstairs,24889882216000,3.26,10.5,-1.1168685
307107,32,Upstairs,24889932296000,5.94,9.7,-1.334794
307108,32,Upstairs,24889982223000,2.83,9.96,-0.8036005
307109,32,Upstairs,24890102309000,-0.08,13.59,3.336985
307110,32,Upstairs,24890102309000,-0.08,13.59,3.336985
307111,32,Upstairs,24890152328000,-3.83,12.22,-2.1792557
307112,32,Upstairs,24890152328000,-3.83,12.22,-2.1792557
307113,32,Upstairs,24890252242000,1.54,9.08,-1.6889231
307114,32,Upstairs,24890302230000,0.5,6.82,-1.4573771999999998
307115,32,Upstairs,24890352279000,1.23,6.59,-1.7570249
307116,32,Upstairs,24890402236000,0.27,6.17,-0.7627395
307117,32,Upstairs,24890452285000,2.41,7.63,-0.46309182
307118,32,Upstairs,24890502273000,10.5,11.45,1.7978859
307119,32,Upstairs,24890552291000,6.28,8.12,2.8738932999999998
307120,32,Upstairs,24890602248000,1.61,9.89,-2.9147543999999996
307121,32,Upstairs,24890652266000,-0.42,17.31,-1.607201
307122,32,Upstairs,24890702254000,-3.83,8.77,0.19068487
307123,32,Upstairs,24890752303000,0.84,8.54,-7.082580999999999
307124,32,Upstairs,24890802230000,3.17,11.11,-4.862464
307125,32,Upstairs,24890852279000,1.12,9.38,-1.7978859
307126,32,Upstairs,24890902205000,1.46,10.23,-6.973617999999999
307127,32,Upstairs,24890952285000,7.55,8.73,-1.7978859
307128,32,Upstairs,24891002212000,3.57,9.3,-2.9556155
307129,32,Upstairs,24891052291000,2.91,9.92,-2.3699405
307130,32,Upstairs,24891102248000,4.94,9.7,-1.3756552
307131,32,Upstairs,24891152266000,4.4,10.27,-1.2666923
307132,32,Upstairs,24891202254000,2.91,13.91,0.3405087
307133,32,Upstairs,24891252273000,5.83,12.91,0.8036005
307134,32,Upstairs,24891302230000,5.83,11.37,0.14982383
307135,32,Upstairs,24891352279000,3.95,12.57,1.6480621
307136,32,Upstairs,24891402205000,2.49,10.61,2.5333846
307137,32,Upstairs,24891452315000,5.13,11.14,3.7592160000000003
307138,32,Upstairs,24891452315000,5.13,11.14,3.7592160000000003
307139,32,Upstairs,24891552474000,3.26,11.26,-0.6946376999999999
307140,32,Upstairs,24891602248000,0.19,9.08,-1.7297841
307141,32,Upstairs,24891602248000,0.19,9.08,-1.7297841
307142,32,Upstairs,24891702254000,1.5,-1.08,-0.84446156
307143,32,Upstairs,24891752334000,2.37,-1.99,1.4982381999999999
307144,32,Upstairs,24891812270000,6.78,16.28,5.012288
307145,32,Upstairs,24891862258000,-1.5,10.99,2.4925237
307146,32,Upstairs,24891912246000,-2.98,8.85,-0.6537767
307147,32,Upstairs,24891962234000,3.17,15.21,-1.607201
307148,32,Upstairs,24892012282000,4.29,10.23,-2.0294318
307149,32,Upstairs,24892062240000,4.44,8.89,-2.9147543999999996
307150,32,Upstairs,24892112258000,5.48,10.34,-0.040861044
307151,32,Upstairs,24892162276000,5.79,8.5,-0.53119355
307152,32,Upstairs,24892212234000,2.49,5.79,1.7297841
307153,32,Upstairs,24892262282000,4.1,7.93,-1.3075534
307154,32,Upstairs,24892312301000,6.97,9.04,-0.95342433
307155,32,Upstairs,24892362227000,5.98,13.53,0.14982383
307156,32,Upstairs,24892412246000,6.17,16.17,1.1849703
307157,32,Upstairs,24892462264000,8.96,11.18,1.2258313
307158,32,Upstairs,24892512252000,8.96,11.26,0.14982383
307159,32,Upstairs,24892562270000,2.68,14.14,-3.4868089999999996
307160,32,Upstairs,24892612258000,-4.1,14.56,-0.040861044
307161,32,Upstairs,24892662215000,3.02,7.59,-1.0351465
307162,32,Upstairs,24892712234000,1.33,7.46,-1.1849703
307163,32,Upstairs,24892762252000,0.93,5.18,-1.525479
307164,32,Upstairs,24892812270000,-0.91,4.48,-1.6480621
307165,32,Upstairs,24892862197000,1.27,3.49,-1.4573771999999998
307166,32,Upstairs,24892862197000,1.27,3.49,-1.4573771999999998
307167,32,Upstairs,24892862197000,1.27,3.49,-1.4573771999999998
307168,32,Upstairs,24892998885000,7.16,15.13,3.1054392
307169,32,Upstairs,24892998885000,7.16,15.13,3.1054392
307170,32,Upstairs,24892998885000,7.16,15.13,3.1054392
307172,32,Upstairs,24893172164000,5.05,8.89,-2.3018389
307173,32,Upstairs,24893222304000,4.29,6.21,-3.3642258999999997
307174,32,Upstairs,24893272750000,0.5,4.6,1.6480621
307175,32,Upstairs,24893322341000,4.37,7.89,-1.0760075
307176,32,Upstairs,24893372329000,3.17,8.54,-0.9942854
307177,32,Upstairs,24893422317000,1.57,13.76,-2.7921712000000003
307178,32,Upstairs,24893472335000,4.52,14.56,1.0351465
307179,32,Upstairs,24893532241000,6.05,14.75,-0.6946376999999999
307180,32,Upstairs,24893532241000,6.05,14.75,-0.6946376999999999
307181,32,Upstairs,24893592483000,5.63,12.34,2.152015
307182,32,Upstairs,24893642287000,4.18,10.99,-1.56634
307183,32,Upstairs,24893692397000,-0.5,13.91,-2.7240696
307184,32,Upstairs,24893742263000,0.53,10.95,0.10896278
307185,32,Upstairs,24893792434000,1.92,8.08,-1.1168685
307186,32,Upstairs,24893842269000,0.76,5.24,-2.4108016
307187,32,Upstairs,24893892440000,-0.91,4.25,-1.6480621
307188,32,Upstairs,24893942275000,0.11,5.09,-1.6889231
307189,32,Upstairs,24893992293000,4.86,3.57,1.2666923
307190,32,Upstairs,24894042861000,4.99,17.2,4.290409599999999
307191,32,Upstairs,24894092391000,3.91,10.99,2.1792557
307192,32,Upstairs,24894142287000,0.38,11.07,-1.56634
307193,32,Upstairs,24894192367000,1.18,14.44,-2.7513103
307194,32,Upstairs,24894242263000,5.24,11.07,-1.56634
307195,32,Upstairs,24894292312000,4.02,6.93,-1.1168685
307196,32,Upstairs,24894342727000,2.91,3.57,-3.5685309999999997
307197,32,Upstairs,24894392318000,1.04,5.05,0.14982383
307198,32,Upstairs,24894442702000,3.38,10.19,-0.27240697
307199,32,Upstairs,24894492293000,2.49,13.82,-2.4516625
307200,32,Upstairs,24894542647000,4.02,15.89,-0.6537767
307201,32,Upstairs,24894592299000,5.24,15.7,1.3075534
307202,32,Upstairs,24894642623000,6.36,12.41,-0.10896278
307203,32,Upstairs,24894692306000,6.82,11.07,1.2666923
307204,32,Upstairs,24894742568000,1.65,11.5,-4.0588636
307205,32,Upstairs,24894792312000,-2.98,13.18,2.7649305
307206,32,Upstairs,24894842849000,1.61,7.31,-1.56634
307207,32,Upstairs,24894892318000,1.76,7.82,-1.7570249
307208,32,Upstairs,24894942458000,0.65,5.33,-1.525479
307209,32,Upstairs,24894992263000,-0.15,6.55,-1.2258313
307210,32,Upstairs,24895042403000,-0.19,5.37,-2.1383946
307211,32,Upstairs,24895092299000,2.72,5.33,0.3405087
307212,32,Upstairs,24895150374000,7.06,18.39,7.3549875999999985
307213,32,Upstairs,24895222487000,1.65,9.96,-1.0351465
307214,32,Upstairs,24895272109000,-0.04,13.87,-3.4868089999999996
307215,32,Upstairs,24895332351000,5.9,11.5,-2.4108016
307216,32,Upstairs,24895332351000,5.9,11.5,-2.4108016
307217,32,Upstairs,24895432265000,2.56,2.11,-2.7240696
307218,32,Upstairs,24895482314000,-0.23,7.21,0.7218784
307219,32,Upstairs,24895482314000,-0.23,7.21,0.7218784
307220,32,Upstairs,24895542312000,5.52,16.63,1.607201
307222,32,Upstairs,24895652114000,5.52,16.63,1.607201
307221,32,Upstairs,24895652114000,5.52,16.63,1.607201
307223,32,Upstairs,24895702224000,5.37,12.34,-0.38136974
307224,32,Upstairs,24895752425000,5.01,11.07,0.3405087
307225,32,Upstairs,24895802260000,2.79,10.38,-2.4516625
307226,32,Upstairs,24895852279000,-0.15,14.9,1.1441092
307227,32,Upstairs,24895912276000,0.27,9.7,-2.070293
307228,32,Upstairs,24895962234000,0.99,7.4,-1.7978859
307229,32,Upstairs,24896012282000,-0.3,4.6,-1.4165162
307230,32,Upstairs,24896062209000,0.0,6.13,-1.3756552
307231,32,Upstairs,24896112258000,-0.11,4.75,-3.5957718
307232,32,Upstairs,24896162246000,3.17,5.6,1.0351465
307233,32,Upstairs,24896212264000,8.5,18.77,8.853226
307234,32,Upstairs,24896262404000,2.6,6.7,-0.0
307235,32,Upstairs,24896312545000,0.08,10.0,-4.018002500000001
307236,32,Upstairs,24896362197000,2.3,15.09,-3.214402
307237,32,Upstairs,24896412276000,6.21,10.15,-0.9125633
307238,32,Upstairs,24896462234000,3.64,7.7,-1.0760075
307239,32,Upstairs,24896512313000,2.79,4.52,-3.7592160000000003
307240,32,Upstairs,24896562209000,0.53,6.13,0.53119355
307241,32,Upstairs,24896612258000,1.54,10.8,-1.4982381999999999
307242,32,Upstairs,24896662246000,2.91,12.91,-2.1792557
307243,32,Upstairs,24896712325000,4.52,15.51,0.7218784
307244,32,Upstairs,24896762221000,4.18,15.02,0.61291564
307245,32,Upstairs,24896812301000,2.07,13.29,-0.3405087
307246,32,Upstairs,24896862227000,2.79,10.5,-0.38136974
307247,32,Upstairs,24896912276000,1.42,11.22,-1.607201
307248,32,Upstairs,24896962234000,1.14,11.03,2.7240696
307249,32,Upstairs,24897012252000,0.65,7.67,-1.3075534
307250,32,Upstairs,24897062209000,1.12,7.25,-1.0351465
307251,32,Upstairs,24897112258000,1.33,7.74,-0.6946376999999999
307252,32,Upstairs,24897162246000,1.73,4.14,-0.61291564
307253,32,Upstairs,24897212295000,0.57,2.87,-0.27240697
307254,32,Upstairs,24897262526000,9.04,8.43,3.2552630000000002
307255,32,Upstairs,24897312575000,5.22,15.85,5.597963
307256,32,Upstairs,24897362227000,-0.69,8.01,3.1054392
307257,32,Upstairs,24897412307000,-1.33,10.53,-1.56634
307258,32,Upstairs,24897462234000,3.17,11.22,-2.8330324
307259,32,Upstairs,24897512282000,3.6,9.7,-1.7978859
307260,32,Upstairs,24897562270000,2.64,8.16,-2.1383946
307261,32,Upstairs,24897612258000,5.33,7.4,-1.525479
307262,32,Upstairs,24897662276000,7.55,8.28,-1.7978859
307263,32,Upstairs,24897712264000,3.34,9.96,-1.4573771999999998
307264,32,Upstairs,24897762252000,0.04,10.8,-3.0645783
307265,32,Upstairs,24897812392000,0.08,10.0,-3.0237172
307266,32,Upstairs,24897862227000,0.57,9.7,-2.6832085
307267,32,Upstairs,24897912276000,0.99,9.28,-3.173541
307268,32,Upstairs,24897962234000,2.07,9.72,-1.3756552
307269,32,Upstairs,24898012282000,2.64,9.58,-2.1111538
307270,32,Upstairs,24898062209000,4.44,9.72,-2.6832085
307271,32,Upstairs,24898112288000,3.95,10.69,-1.2666923
307272,32,Upstairs,24898162215000,4.71,12.11,-0.3405087
307273,32,Upstairs,24898212264000,0.99,12.22,2.8330324
307274,32,Upstairs,24898262221000,-3.06,15.02,-1.4573771999999998
307275,32,Upstairs,24898312270000,-1.65,12.98,4.3312707
307276,32,Upstairs,24898362197000,1.54,12.91,0.7218784
307277,32,Upstairs,24898412276000,0.11,10.5,1.2666923
307278,32,Upstairs,24898462203000,3.15,9.85,1.9885708
307279,32,Upstairs,24898512313000,5.79,8.05,2.2201166000000003
307280,32,Upstairs,24898562240000,5.09,4.37,1.2666923
307281,32,Upstairs,24898612349000,3.87,2.37,1.3756552
307282,32,Upstairs,24898662246000,2.87,1.18,2.2201166000000003
307283,32,Upstairs,24898712295000,3.15,2.79,3.7183550000000003
307284,32,Upstairs,24898762252000,6.13,5.56,7.6273947
307285,32,Upstairs,24898812575000,8.35,11.8,4.1814466
307286,32,Upstairs,24898862227000,3.15,6.89,2.3426998
307287,32,Upstairs,24898912276000,-0.38,12.3,1.7978859
307288,32,Upstairs,24898962234000,2.98,12.6,-0.6537767
307289,32,Upstairs,24899012313000,3.34,10.12,-2.8738932999999998
307290,32,Upstairs,24899062240000,2.3,11.41,-3.173541
307291,32,Upstairs,24899112288000,3.02,11.37,-2.6832085
307292,32,Upstairs,24899162246000,6.21,8.85,-3.7183550000000003
307293,32,Upstairs,24899212295000,7.35,5.37,-4.2086873
307294,32,Upstairs,24899262252000,3.45,7.21,-0.42223078
307295,32,Upstairs,24899312240000,4.44,11.73,-0.50395286
307296,32,Upstairs,24899362197000,3.87,12.95,-0.50395286
307297,32,Upstairs,24899412307000,3.83,15.17,-0.0
307298,32,Upstairs,24899462234000,5.94,13.87,-0.14982383
307299,32,Upstairs,24899512313000,5.71,12.22,0.6537767
307300,32,Upstairs,24899562270000,3.95,11.35,-2.1792557
307301,32,Upstairs,24899612258000,0.08,14.48,0.10896278
