,user,label,timestamp,x,y,z
451363,28,Downstairs,2695972240000,0.15,8.39,3.0237172
451364,28,Downstairs,2696022228000,-1.76,5.37,1.607201
451365,28,Downstairs,2696072216000,-1.12,4.79,1.9885708
451366,28,Downstairs,2696122265000,0.19,5.52,2.3426998
451367,28,Downstairs,2696172222000,0.72,7.82,5.284695
451368,28,Downstairs,2696222301000,3.34,12.3,9.697687
451369,28,Downstairs,2696272228000,-0.57,10.92,8.689782000000001
451370,28,Downstairs,2696322277000,-2.34,11.84,6.782933
451371,28,Downstairs,2696372234000,-0.38,12.95,0.27240697
451372,28,Downstairs,2696422253000,1.76,5.22,-1.1168685
451373,28,Downstairs,2696472240000,2.03,11.41,-0.50395286
451374,28,Downstairs,2696522259000,0.76,10.46,0.8036005
451375,28,Downstairs,2696572216000,1.33,10.15,-0.61291564
451376,28,Downstairs,2696622234000,1.99,10.57,0.88532263
451377,28,Downstairs,2696672222000,2.6,9.47,0.88532263
451378,28,Downstairs,2696722240000,1.18,9.66,1.0351465
451379,28,Downstairs,2696772198000,0.69,9.81,1.0351465
451380,28,Downstairs,2696822247000,1.18,9.72,0.50395286
451381,28,Downstairs,2696872204000,1.46,9.43,0.27240697
451382,28,Downstairs,2696922283000,0.61,9.66,0.38136974
451383,28,Downstairs,2696972240000,1.04,9.7,0.42223078
451384,28,Downstairs,2697022228000,1.65,9.62,0.46309182
451385,28,Downstairs,2697072247000,1.14,9.81,0.95342433
451386,28,Downstairs,2697122234000,1.38,9.58,1.4165162
451387,28,Downstairs,2697172222000,1.33,9.53,2.1111538
451388,28,Downstairs,2697222240000,2.41,10.88,1.1849703
451389,28,Downstairs,2697272198000,0.5,12.37,-0.9125633
451390,28,Downstairs,2697322247000,-3.72,15.94,-0.7627395
451391,28,Downstairs,2697372204000,-4.25,12.03,0.10896278
451392,28,Downstairs,2697422253000,0.04,9.96,0.95342433
451393,28,Downstairs,2697472240000,-0.69,9.08,1.7570249
451394,28,Downstairs,2697522259000,-1.08,6.89,1.9885708
451395,28,Downstairs,2697572216000,0.46,7.82,3.4459480000000005
451396,28,Downstairs,2697622234000,0.0,8.2,3.9499009
451397,28,Downstairs,2697672253000,-0.11,8.16,4.630918
451399,28,Downstairs,2697722240000,-0.23,7.4,4.2086873
451398,28,Downstairs,2697722240000,-0.23,7.4,4.2086873
451400,28,Downstairs,2697792339000,0.72,7.63,4.671779
451401,28,Downstairs,2697842236000,-0.19,7.12,4.862464
451402,28,Downstairs,2697892315000,-0.46,8.35,5.706926
451403,28,Downstairs,2697952282000,-0.5,8.89,5.938472
451404,28,Downstairs,2698002270000,-2.07,12.22,7.3958488
451405,28,Downstairs,2698052288000,-0.23,16.13,0.95342433
451406,28,Downstairs,2698102459000,-2.07,5.05,1.0760075
451407,28,Downstairs,2698152264000,-0.3,7.44,-1.0351465
451408,28,Downstairs,2698202221000,5.18,13.1,0.27240697
451409,28,Downstairs,2698252270000,-0.23,8.54,-0.38136974
451410,28,Downstairs,2698302257000,0.15,10.84,1.0760075
451411,28,Downstairs,2698352276000,2.98,9.72,-0.19068487
451412,28,Downstairs,2698402233000,2.15,9.77,0.84446156
451413,28,Downstairs,2698452282000,2.26,9.23,1.4573771999999998
451414,28,Downstairs,2698502239000,2.64,9.15,1.3756552
451415,28,Downstairs,2698552288000,1.99,9.3,1.3756552
451416,28,Downstairs,2698602245000,1.8,9.7,1.334794
451417,28,Downstairs,2698652264000,1.04,9.92,0.6537767
451418,28,Downstairs,2698702251000,1.38,10.15,0.27240697
451419,28,Downstairs,2698752270000,1.38,11.56,0.8036005
451420,28,Downstairs,2698802227000,2.76,12.83,-0.10896278
451421,28,Downstairs,2698852276000,-0.72,11.69,0.040861044
451422,28,Downstairs,2698902203000,-1.57,9.47,-0.08172209
451423,28,Downstairs,2698952343000,-1.8,11.56,-0.08172209
451424,28,Downstairs,2699002117000,0.31,11.45,1.8796080000000002
451425,28,Downstairs,2699052410000,2.18,9.96,3.2552630000000002
451426,28,Downstairs,2699102245000,-0.84,7.31,3.7864565999999997
451427,28,Downstairs,2699152294000,-0.91,6.17,3.1463002999999996
451428,28,Downstairs,2699202282000,-0.46,6.02,3.8681788
451429,28,Downstairs,2699252270000,-0.3,5.63,4.099725
451430,28,Downstairs,2699302257000,0.84,6.82,6.823794400000001
451431,28,Downstairs,2699352306000,1.42,9.3,8.894086999999999
451432,28,Downstairs,2699402264000,-2.53,9.53,6.701211
451433,28,Downstairs,2699452282000,-3.95,11.56,5.243834
451434,28,Downstairs,2699502239000,-3.34,14.33,2.0294318
451435,28,Downstairs,2699552288000,0.53,6.74,0.42223078
451436,28,Downstairs,2699602245000,2.18,9.51,-0.42223078
451437,28,Downstairs,2699652264000,1.99,10.65,0.313268
451438,28,Downstairs,2699702251000,-0.42,9.38,1.1441092
451439,28,Downstairs,2699752270000,1.04,10.0,0.9942854
451440,28,Downstairs,2699802257000,2.22,9.47,1.0760075
451441,28,Downstairs,2699852306000,1.76,9.51,2.1111538
451442,28,Downstairs,2699902233000,1.8,9.23,2.1792557
451443,28,Downstairs,2699952282000,1.8,9.19,1.7570249
451444,28,Downstairs,2700002239000,1.61,9.23,1.1849703
451445,28,Downstairs,2700052319000,0.72,10.0,0.7627395
451446,28,Downstairs,2700102245000,1.04,10.76,1.0760075
451447,28,Downstairs,2700152264000,2.3,10.92,1.607201
451448,28,Downstairs,2700202404000,3.38,11.41,1.9885708
451449,28,Downstairs,2700252300000,0.89,12.6,1.6889231
451450,28,Downstairs,2700302257000,-1.73,10.04,-0.3405087
451451,28,Downstairs,2700352306000,-2.68,11.03,1.1849703
451452,28,Downstairs,2700402233000,-0.04,11.14,2.070293
451453,28,Downstairs,2700452343000,1.61,9.66,2.6423476000000004
451454,28,Downstairs,2700502239000,-0.34,7.7,3.5957718
451455,28,Downstairs,2700552288000,-0.95,5.9,2.3699405
451456,28,Downstairs,2700602215000,-0.23,6.05,2.7240696
451457,28,Downstairs,2700652264000,0.23,5.98,3.2961242
451458,28,Downstairs,2700702221000,0.99,6.97,4.6036777
451459,28,Downstairs,2700752270000,0.5,7.59,4.290409599999999
451460,28,Downstairs,2700802288000,0.72,7.7,4.7535014
451461,28,Downstairs,2700852276000,0.61,7.78,5.243834
451462,28,Downstairs,2700902264000,-0.04,8.5,5.0531489999999994
451463,28,Downstairs,2700952282000,-1.12,11.8,5.666064700000001
451464,28,Downstairs,2701002239000,-0.42,12.91,0.8036005
451465,28,Downstairs,2701052319000,3.38,12.07,2.6423476000000004
451466,28,Downstairs,2701102245000,1.84,13.91,1.7570249
451467,28,Downstairs,2701152264000,0.84,10.42,0.6537767
451468,28,Downstairs,2701202251000,-0.15,10.04,1.1441092
451469,28,Downstairs,2701252270000,1.14,7.89,1.56634
451470,28,Downstairs,2701302257000,1.76,7.21,2.5606253
451471,28,Downstairs,2701352276000,2.79,8.58,3.6366330000000002
451472,28,Downstairs,2701402233000,1.99,6.17,3.1463002999999996
451473,28,Downstairs,2701452282000,3.41,7.59,3.2961242
451474,28,Downstairs,2701502239000,2.15,8.62,4.944186
451475,28,Downstairs,2701552288000,-1.14,12.07,6.170017700000001
451476,28,Downstairs,2701602245000,-4.29,13.57,6.3198414000000005
451477,28,Downstairs,2701652294000,-0.84,11.84,8.730642999999999
451478,28,Downstairs,2701702251000,-3.3,8.62,6.782933
451479,28,Downstairs,2701752270000,-1.42,6.74,5.366417
451480,28,Downstairs,2701802257000,-0.65,3.99,3.5685309999999997
451481,28,Downstairs,2701852337000,-0.99,3.41,2.5333846
451482,28,Downstairs,2701902264000,-0.61,4.52,2.7921712000000003
451483,28,Downstairs,2701952312000,1.18,10.61,5.407278
451484,28,Downstairs,2702002270000,-1.46,8.43,6.469665
451485,28,Downstairs,2702052319000,-0.53,8.92,5.434519
451486,28,Downstairs,2702102276000,-2.11,7.93,5.8567495
451487,28,Downstairs,2702152294000,-2.75,13.95,5.666064700000001
451488,28,Downstairs,2702202251000,4.67,11.45,0.08172209
451489,28,Downstairs,2702252300000,-0.5,15.75,4.099725
451490,28,Downstairs,2702302288000,1.73,10.19,0.95342433
451491,28,Downstairs,2702352306000,2.87,9.15,0.53119355
451492,28,Downstairs,2702402233000,1.18,9.7,2.4516625
451493,28,Downstairs,2702452312000,1.5,8.85,3.5957718
451494,28,Downstairs,2702502270000,2.45,7.55,3.5957718
451495,28,Downstairs,2702552319000,3.02,6.82,3.0237172
451496,28,Downstairs,2702602276000,1.57,6.97,3.6774937999999993
451497,28,Downstairs,2702652294000,3.21,7.5,3.5276701
451498,28,Downstairs,2702702251000,1.73,8.62,4.2495484
451499,28,Downstairs,2702752300000,-0.69,11.18,5.2165932999999995
451500,28,Downstairs,2702802319000,-3.36,14.29,6.5105260000000005
451501,28,Downstairs,2702852306000,-0.27,12.11,8.499097
451502,28,Downstairs,2702902264000,-3.15,10.27,6.4424243
451503,28,Downstairs,2702952312000,0.0,6.02,4.2086873
451504,28,Downstairs,2703002270000,0.04,3.57,3.5957718
451505,28,Downstairs,2703052319000,-0.95,3.34,2.8738932999999998
451506,28,Downstairs,2703102276000,0.0,3.41,2.3018389
451507,28,Downstairs,2703152294000,0.99,10.53,4.3993720000000005
451508,28,Downstairs,2703202282000,-1.69,9.81,6.3607025
451509,28,Downstairs,2703252300000,0.15,7.63,5.434519
451510,28,Downstairs,2703302257000,-2.37,14.48,6.0882955
451511,28,Downstairs,2703352306000,1.84,11.88,0.53119355
451512,28,Downstairs,2703402233000,4.1,15.89,5.175732
451513,28,Downstairs,2703452312000,1.38,10.53,2.7649305
451514,28,Downstairs,2703502239000,2.76,9.15,-0.14982383
451515,28,Downstairs,2703552349000,1.18,7.93,1.0760075
451516,28,Downstairs,2703602245000,0.65,8.89,2.9556155
451517,28,Downstairs,2703652294000,1.14,8.05,5.09401
451518,28,Downstairs,2703702282000,2.96,5.86,2.8330324
451519,28,Downstairs,2703752300000,2.18,6.59,4.140586
451520,28,Downstairs,2703802288000,2.91,7.06,3.8681788
451521,28,Downstairs,2703852306000,1.12,11.35,4.9850473
451522,28,Downstairs,2703902264000,-2.98,15.28,6.973617999999999
451523,28,Downstairs,2703952312000,-0.69,12.79,8.499097
451524,28,Downstairs,2704002422000,-1.18,9.89,6.633109599999999
451525,28,Downstairs,2704052380000,-0.46,4.29,3.9499009
451526,28,Downstairs,2704102306000,-1.33,4.44,2.7921712000000003
451527,28,Downstairs,2704152264000,-1.23,2.87,2.4925237
451528,28,Downstairs,2704202312000,2.15,11.84,5.8567495
451529,28,Downstairs,2704252270000,-1.38,8.08,6.9327570000000005
451530,28,Downstairs,2704302319000,-2.03,7.82,3.5957718
451531,28,Downstairs,2704352245000,-2.18,6.85,6.469665
451532,28,Downstairs,2704402294000,0.38,16.59,1.1168685
451533,28,Downstairs,2704452251000,2.34,12.6,3.7864565999999997
451534,28,Downstairs,2704502300000,3.17,16.28,2.8330324
451535,28,Downstairs,2704552258000,0.72,7.46,-0.53119355
451536,28,Downstairs,2704602337000,1.76,10.5,1.4982381999999999
451537,28,Downstairs,2704652233000,1.88,9.0,3.3778462
451538,28,Downstairs,2704702312000,1.95,8.85,3.5276701
451539,28,Downstairs,2704752270000,2.53,8.85,4.6036777
451540,28,Downstairs,2704802319000,2.07,7.01,3.5276701
451541,28,Downstairs,2704852276000,3.49,6.66,2.4108016
451542,28,Downstairs,2704902294000,3.41,8.39,2.6014863999999998
451543,28,Downstairs,2704952282000,1.5,8.24,3.8273177000000005
451544,28,Downstairs,2705002300000,1.92,8.89,4.7943625
451545,28,Downstairs,2705052258000,1.69,9.19,4.0588636
451546,28,Downstairs,2705102306000,-3.72,14.82,5.0531489999999994
451547,28,Downstairs,2705253857000,-1.14,8.54,4.099725
451548,28,Downstairs,2705253857000,-1.14,8.54,4.099725
451549,28,Downstairs,2705253857000,-1.14,8.54,4.099725
451550,28,Downstairs,2705302319000,-0.95,5.18,3.0237172
451551,28,Downstairs,2705352337000,-1.46,3.79,1.3756552
451552,28,Downstairs,2705402294000,-1.33,6.97,1.4982381999999999
451553,28,Downstairs,2705452251000,-0.8,11.6,4.290409599999999
451554,28,Downstairs,2705502331000,-1.57,11.69,5.434519
451555,28,Downstairs,2705562267000,0.42,7.25,5.284695
451556,28,Downstairs,2705612286000,-0.08,6.02,3.5685309999999997
451557,28,Downstairs,2705662304000,0.34,7.12,3.1054392
451558,28,Downstairs,2705712200000,0.69,15.43,3.1054392
451559,28,Downstairs,2705762310000,-2.03,9.81,2.3426998
451560,28,Downstairs,2705812237000,4.29,15.94,2.2201166000000003
451561,28,Downstairs,2705862316000,3.34,12.76,1.4573771999999998
451562,28,Downstairs,2705912243000,1.46,11.3,1.4982381999999999
