,user,label,timestamp,x,y,z
1161,33,Upstairs,49560572311000,10.119919,4.3312707,-3.7864565999999997
1162,33,Upstairs,49560682449000,4.862464,3.9090397000000006,-2.7921712000000003
1163,33,Upstairs,49560782303000,9.466142,13.402422,-3.8273177000000005
1164,33,Upstairs,49560842209000,5.7477865,7.6273947,-3.1463002999999996
1165,33,Upstairs,49560942184000,2.3018389,8.921327999999999,-3.0237172
1166,33,Upstairs,49561002456000,7.8180795,7.055340299999999,-4.3312707
1167,33,Upstairs,49561062118000,2.8330324,8.539958,-3.336985
1168,33,Upstairs,49561162613000,1.7978859,10.95076,-3.1054392
1169,33,Upstairs,49561262283000,0.9942854,8.771504,-3.5685309999999997
1170,33,Upstairs,49561332321000,1.2258313,9.466142,-3.5276701
1171,33,Upstairs,49561392288000,0.14982383,9.343558,-3.4050870000000004
1172,33,Upstairs,49561492233000,0.42223078,6.823794400000001,-3.3642258999999997
1173,33,Upstairs,49561592270000,3.2961242,11.563675,-3.6366330000000002
1174,33,Upstairs,49561692276000,0.313268,12.598822,-2.8738932999999998
1175,33,Upstairs,49561792312000,0.92618364,9.466142,0.5720546
1176,33,Upstairs,49561902206000,0.8036005,9.084772000000001,-0.08172209
1177,33,Upstairs,49561968765000,-0.23154591,9.915613,0.46309182
1178,33,Upstairs,49562182144000,-1.334794,9.888372,2.5333846
1179,33,Upstairs,49562282272000,0.42223078,8.499097,3.214402
1180,33,Upstairs,49562332657000,-0.42223078,7.082580999999999,3.2961242
1181,33,Upstairs,49562432297000,0.08172209,4.903325,3.8273177000000005
1182,33,Upstairs,49562482681000,1.1168685,4.9850473,5.175732
1183,33,Upstairs,49562582229000,2.8738932999999998,6.633109599999999,6.5105260000000005
1184,33,Upstairs,49562632248000,-0.84446156,11.114203,6.66035
1185,33,Upstairs,49562732254000,0.92618364,14.519291,2.7240696
1186,33,Upstairs,49562782272000,0.42223078,10.038197,1.9477096999999999
1187,33,Upstairs,49562882248000,1.4165162,8.921327999999999,0.5720546
1188,33,Upstairs,49563002365000,1.3075534,8.62168,0.040861044
1189,33,Upstairs,49563102554000,0.9942854,8.471855999999999,0.10896278
1190,33,Upstairs,49563152298000,1.4573771999999998,9.724928,0.38136974
1191,33,Upstairs,49563252640000,0.53119355,12.14935,0.46309182
1192,33,Upstairs,49563352310000,0.040861044,13.633968,0.6537767
1193,33,Upstairs,49563452316000,0.92618364,11.686258,1.6480621
1194,33,Upstairs,49563502365000,-0.42223078,10.760075,1.1441092
1195,33,Upstairs,49563602279000,0.3405087,6.633109599999999,0.95342433
1196,33,Upstairs,49563652206000,-0.19068487,4.8216033,0.7218784
1197,33,Upstairs,49563752243000,0.23154591,4.0588636,2.1792557
1198,33,Upstairs,49563852249000,3.6366330000000002,8.430995,7.8180795
1199,33,Upstairs,49563952255000,1.3756552,7.2732660000000005,1.9885708
1200,33,Upstairs,49564056503000,2.4516625,11.495573,1.2258313
1201,33,Upstairs,49564122970000,0.6537767,7.8180795,0.3405087
1202,33,Upstairs,49564222122000,0.84446156,6.891896000000001,-0.46309182
1203,33,Upstairs,49564322250000,3.0237172,8.962189,-0.08172209
1204,33,Upstairs,49564372269000,3.9499009,11.264028,2.4108016
1205,33,Upstairs,49564472275000,-1.8796080000000002,16.589584,0.8036005
1206,33,Upstairs,49564522232000,2.1111538,14.1787815,0.46309182
1207,33,Upstairs,49564632309000,-2.3426998,11.75436,1.1441092
1208,33,Upstairs,49564742294000,-0.19068487,5.7477865,0.7627395
1209,33,Upstairs,49564792282000,1.0351465,3.9090397000000006,1.1849703
1210,33,Upstairs,49564892319000,2.4516625,3.8681788,4.7126402999999994
1211,33,Upstairs,49564942306000,1.56634,8.008764,5.7886477
1212,33,Upstairs,49565052292000,-2.3426998,8.117727,2.3426998
1213,33,Upstairs,49565162308000,1.1168685,9.915613,1.2258313
1214,33,Upstairs,49565263901000,1.4982381999999999,8.812365,0.040861044
1215,33,Upstairs,49565362259000,0.08172209,7.1234417,0.50395286
1216,33,Upstairs,49565462326000,1.9885708,13.947235999999998,2.0294318
1217,33,Upstairs,49565572342000,-2.982856,13.947235999999998,1.1441092
1218,33,Upstairs,49565682297000,0.27240697,11.727119,0.19068487
1219,33,Upstairs,49565792312000,1.4573771999999998,8.117727,0.42223078
1220,33,Upstairs,49565902298000,1.3075534,4.4810944,1.3075534
1221,33,Upstairs,49566012283000,2.6832085,6.0474343,6.4424243
1222,33,Upstairs,49566062271000,0.7627395,9.425281,7.6682559999999995
1223,33,Upstairs,49566172317000,-2.9147543999999996,5.8976107,2.5333846
1224,33,Upstairs,49566282303000,0.7218784,8.962189,1.7570249
1225,33,Upstairs,49566392319000,1.3075534,7.436710000000001,-0.0
1226,33,Upstairs,49566492264000,0.61291564,7.5456724,0.53119355
1227,33,Upstairs,49566602310000,1.0351465,12.980191,2.1111538
1228,33,Upstairs,49566712295000,-0.10896278,15.785982999999998,0.3405087
1229,33,Upstairs,49566822311000,-1.7297841,11.727119,1.8796080000000002
1230,33,Upstairs,49566922287000,2.070293,6.2108784,-0.10896278
1231,33,Upstairs,49567032303000,0.6537767,3.9499009,1.334794
1232,33,Upstairs,49567142319000,2.4925237,7.5456724,4.9850473
1233,33,Upstairs,49567252304000,-0.3405087,9.765789,3.214402
1234,33,Upstairs,49567362289000,1.1168685,10.038197,0.8036005
1235,33,Upstairs,49567472305000,1.8387468999999996,8.308413,-0.3405087
1236,33,Upstairs,49567582290000,0.3405087,7.3141264999999995,0.7218784
1237,33,Upstairs,49567692306000,2.1792557,12.762266,1.8387468999999996
1238,33,Upstairs,49567802292000,-0.7218784,13.756551000000002,1.607201
1239,33,Upstairs,49567902298000,-0.08172209,11.114203,1.2258313
1240,33,Upstairs,49568002273000,1.3075534,8.580819,1.2258313
1241,33,Upstairs,49568112289000,0.3405087,4.630918,1.3756552
1242,33,Upstairs,49568222336000,0.95342433,4.5219555,4.3993720000000005
1243,33,Upstairs,49568332321000,1.4982381999999999,13.211738,5.366417
1244,33,Upstairs,49568432297000,1.3756552,12.067628,2.1111538
1245,33,Upstairs,49568542312000,0.88532263,8.240311,0.7218784
1246,33,Upstairs,49568652298000,1.6480621,7.5456724,0.5720546
1247,33,Upstairs,49568752273000,2.6014863999999998,8.240311,0.42223078
1248,33,Upstairs,49568862289000,1.3075534,14.1787815,0.88532263
1249,33,Upstairs,49568972305000,0.46309182,13.674829500000001,0.46309182
1250,33,Upstairs,49569082321000,-1.8387468999999996,11.372991,1.0351465
1251,33,Upstairs,49569192306000,1.1168685,7.6273947,0.5720546
1252,33,Upstairs,49569292435000,0.3405087,4.018002500000001,0.6537767
1253,33,Upstairs,49569402298000,1.2666923,3.336985,4.671779
1254,33,Upstairs,49569502243000,1.607201,9.507003,7.6682559999999995
1255,33,Upstairs,49569612289000,-1.334794,12.680544,1.2258313
1256,33,Upstairs,49569722275000,1.56634,9.152874,0.92618364
1257,33,Upstairs,49569832290000,1.2258313,9.765789,-2.1111538
1258,33,Upstairs,49569882156000,1.0760075,8.962189,-1.7297841
1259,33,Upstairs,49569982406000,0.6537767,10.147159,-1.6480621
1260,33,Upstairs,49570092331000,2.5333846,7.8861814,-0.61291564
1261,33,Upstairs,49570202316000,1.8796080000000002,10.147159,-0.7218784
1262,33,Upstairs,49570312301000,-4.2495484,16.970953,-2.0294318
1263,33,Upstairs,49570412247000,3.5685309999999997,11.563675,1.0760075
1264,33,Upstairs,49570512283000,0.42223078,6.2789803,2.8330324
1265,33,Upstairs,49570622299000,1.6889231,2.9556155,2.2609777
1266,33,Upstairs,49570732315000,2.2201166000000003,3.3778462,6.9327570000000005
1267,33,Upstairs,49570842300000,-1.0760075,13.988097,7.2732660000000005
1268,33,Upstairs,49570952316000,2.070293,15.322891,2.1111538
1269,33,Upstairs,49571052292000,1.2666923,10.228881,0.3405087
1270,33,Upstairs,49571162308000,1.9477096999999999,7.205164,0.84446156
1271,33,Upstairs,49571262344000,2.3426998,6.2108784,0.313268
1272,33,Upstairs,49571372299000,1.6480621,14.560151999999999,2.2609777
1273,33,Upstairs,49571482315000,1.4165162,12.176591,-0.5720546
1274,33,Upstairs,49571592300000,-1.4573771999999998,9.343558,0.8036005
1275,33,Upstairs,49571702316000,1.0351465,5.829509,0.5720546
1276,33,Upstairs,49571812332000,0.08172209,4.2086873,2.4925237
1277,33,Upstairs,49571912277000,1.3756552,9.656827,6.4424243
1278,33,Upstairs,49572012253000,-1.607201,6.0882955,1.7297841
1279,33,Upstairs,49572122299000,0.88532263,9.152874,1.3075534
1280,33,Upstairs,49572232315000,1.4982381999999999,8.962189,-0.23154591
1281,33,Upstairs,49572342300000,0.5720546,8.539958,0.27240697
1282,33,Upstairs,49572452316000,2.9556155,12.489859,2.9147543999999996
1283,33,Upstairs,49572562332000,-1.7570249,14.1787815,0.9942854
1284,33,Upstairs,49572672317000,1.0760075,10.337844,-0.53119355
1285,33,Upstairs,49572772232000,1.6480621,8.390134,0.19068487
1286,33,Upstairs,49572882309000,0.9942854,4.7943625,1.3756552
1287,33,Upstairs,49572982315000,2.070293,4.4810944,5.7477865
1288,33,Upstairs,49573092300000,2.6423476000000004,16.970953,4.7943625
1289,33,Upstairs,49573202316000,0.9942854,13.865514000000001,1.334794
1290,33,Upstairs,49573312301000,0.8036005,7.3958488,0.14982383
1291,33,Upstairs,49573412277000,0.53119355,7.5456724,-0.19068487
1292,33,Upstairs,49573512253000,1.7570249,8.921327999999999,0.040861044
1293,33,Upstairs,49573622299000,2.6014863999999998,11.985906,2.8330324
1294,33,Upstairs,49573732284000,-0.08172209,14.410328,0.38136974
1295,33,Upstairs,49573842300000,1.6480621,10.691972999999999,-0.23154591
1296,33,Upstairs,49573952347000,1.7570249,8.471855999999999,-0.0
1297,33,Upstairs,49574062301000,1.334794,5.325556,2.3018389
1298,33,Upstairs,49574172317000,2.070293,3.173541,5.407278
1299,33,Upstairs,49574282303000,-0.8036005,9.112013000000001,3.0645783
1300,33,Upstairs,49574392319000,1.1168685,10.760075,1.3756552
1301,33,Upstairs,49574502304000,1.0760075,8.240311,0.10896278
1302,33,Upstairs,49574612289000,-0.50395286,7.1234417,0.313268
1303,33,Upstairs,49574722305000,2.5333846,12.108489,1.9885708
1304,33,Upstairs,49574832290000,0.313268,15.745122,0.92618364
1305,33,Upstairs,49574932297000,-0.50395286,11.876944,1.4165162
1306,33,Upstairs,49575032364000,1.1168685,9.765789,1.5390993
1307,33,Upstairs,49575092270000,0.9942854,6.0474343,0.6537767
1308,33,Upstairs,49575202316000,0.23154591,4.2495484,1.6480621
1309,33,Upstairs,49575312301000,2.2609777,7.082580999999999,6.633109599999999
1310,33,Upstairs,49575412277000,-1.7570249,6.5105260000000005,2.4925237
1311,33,Upstairs,49575512253000,2.6423476000000004,11.141444,1.3756552
1312,33,Upstairs,49575622299000,1.3075534,8.662541000000001,0.10896278
1313,33,Upstairs,49575732345000,0.040861044,7.927042500000001,0.42223078
1314,33,Upstairs,49575842300000,3.3778462,9.00305,1.56634
1315,33,Upstairs,49575952316000,2.3018389,12.830366999999999,0.38136974
1316,33,Upstairs,49576062301000,0.53119355,12.489859,0.27240697
1317,33,Upstairs,49576172317000,-1.1849703,10.732834,0.6537767
1318,33,Upstairs,49576282303000,0.46309182,5.8976107,-0.040861044
1319,33,Upstairs,49576392349000,0.7627395,4.290409599999999,1.9477096999999999
1320,33,Upstairs,49576502304000,0.6537767,10.460427000000001,6.823794400000001
1321,33,Upstairs,49576612289000,-0.8036005,8.962189,2.0294318
1322,33,Upstairs,49576722305000,1.1441092,8.539958,0.84446156
1323,33,Upstairs,49576832290000,2.4108016,9.234595,-0.46309182
1324,33,Upstairs,49576932266000,0.50395286,8.240311,-0.27240697
1325,33,Upstairs,49577032272000,2.8330324,11.304889,1.3756552
1326,33,Upstairs,49577142319000,1.0760075,13.674829500000001,0.27240697
1327,33,Upstairs,49577252334000,1.1441092,10.56939,0.040861044
1328,33,Upstairs,49577362289000,-2.3426998,9.00305,-1.2666923
1329,33,Upstairs,49577412979000,0.3405087,7.8861814,0.9942854
1330,33,Upstairs,49577512283000,1.5390993,4.7943625,-0.0
1331,33,Upstairs,49577622299000,-0.38136974,5.325556,2.7240696
1332,33,Upstairs,49577732315000,2.070293,15.935807,5.8567495
1333,33,Upstairs,49577842300000,-1.3075534,6.851035,-3.9771416
1334,33,Upstairs,49577942306000,0.46309182,8.812365,-4.099725
1335,33,Upstairs,49578042343000,3.173541,9.615966,-1.1849703
1336,33,Upstairs,49578152267000,3.5276701,9.152874,-1.4165162
1337,33,Upstairs,49578262314000,2.152015,9.956474,-0.38136974
1338,33,Upstairs,49578372330000,1.8796080000000002,11.727119,-1.4165162
1339,33,Upstairs,49578422226000,-1.0760075,13.102775,-1.8796080000000002
1340,33,Upstairs,49578522354000,-0.3405087,13.824653,0.19068487
1341,33,Upstairs,49578632309000,1.7297841,8.812365,2.3018389
1342,33,Upstairs,49578742294000,2.070293,5.7886477,2.4516625
1343,33,Upstairs,49578852310000,0.38136974,3.2961242,3.5957718
1344,33,Upstairs,49578962295000,4.0588636,5.325556,7.3141264999999995
1345,33,Upstairs,49579072311000,-0.040861044,8.662541000000001,2.5333846
1346,33,Upstairs,49579182297000,1.4165162,10.18802,1.1441092
1347,33,Upstairs,49579292312000,2.5606253,8.689782000000001,0.5720546
1348,33,Upstairs,49579402298000,1.2258313,7.4639505999999995,0.6946376999999999
1349,33,Upstairs,49579512314000,3.214402,11.264028,1.9204689999999998
1350,33,Upstairs,49579622299000,-0.50395286,15.213928,0.3405087
1351,33,Upstairs,49579732315000,0.38136974,10.732834,0.8036005
1352,33,Upstairs,49579842300000,1.3756552,8.853226,1.3075534
1353,33,Upstairs,49579942306000,1.1441092,4.7126402999999994,1.8387468999999996
1354,33,Upstairs,49580042343000,1.6480621,2.7240696,3.9090397000000006
1355,33,Upstairs,49580152298000,2.3018389,15.213928,3.9090397000000006
1356,33,Upstairs,49580252273000,2.5606253,10.760075,1.0760075
1357,33,Upstairs,49580362259000,0.84446156,8.049625,0.27240697
1358,33,Upstairs,49580472336000,0.313268,7.5456724,0.313268
1359,33,Upstairs,49580582321000,4.862464,10.18802,1.9885708
1360,33,Upstairs,49580692306000,0.9942854,14.206022,0.38136974
