,user,label,timestamp,x,y,z
1361,33,Upstairs,49580792312000,0.46309182,10.337844,-0.08172209
1362,33,Upstairs,49580902298000,-0.84446156,9.615966,0.6537767
1363,33,Upstairs,49581002273000,0.61291564,6.0882955,1.8387468999999996
1364,33,Upstairs,49581112289000,0.27240697,3.8273177000000005,1.3075534
1365,33,Upstairs,49581222336000,4.3312707,9.275456,9.234595
1366,33,Upstairs,49581332290000,-1.3756552,4.5628166,1.7297841
1367,33,Upstairs,49581432266000,2.0294318,8.730642999999999,1.1168685
1368,33,Upstairs,49581532486000,2.152015,8.853226,0.3405087
1369,33,Upstairs,49581642319000,1.1168685,7.8589406,1.0351465
1370,33,Upstairs,49581752304000,2.1111538,7.205164,0.7627395
1371,33,Upstairs,49581862259000,3.9499009,14.669114000000002,0.6537767
1372,33,Upstairs,49581972305000,1.1168685,11.372991,0.6946376999999999
1373,33,Upstairs,49582082321000,-1.3075534,10.119919,1.1849703
1374,33,Upstairs,49582192306000,0.27240697,4.862464,0.38136974
1375,33,Upstairs,49582302292000,-0.3405087,3.1463002999999996,3.8273177000000005
1376,33,Upstairs,49582412308000,3.1463002999999996,15.472714999999999,5.1348709999999995
1377,33,Upstairs,49582512283000,2.4108016,11.876944,1.5390993
1378,33,Upstairs,49582622299000,0.9942854,7.504811999999999,0.95342433
1379,33,Upstairs,49582732315000,0.84446156,7.7363577,0.84446156
1380,33,Upstairs,49582842300000,3.1463002999999996,9.152874,1.9477096999999999
1381,33,Upstairs,49582942276000,1.6480621,13.375181,1.607201
1382,33,Upstairs,49583042282000,1.334794,10.732834,-0.040861044
1383,33,Upstairs,49583152298000,-1.8796080000000002,9.343558,0.42223078
1384,33,Upstairs,49583262314000,0.9942854,4.903325,1.56634
1385,33,Upstairs,49583372299000,1.5390993,4.671779,5.09401
1386,33,Upstairs,49583472305000,2.3699405,14.601013,4.862464
1387,33,Upstairs,49583582352000,1.607201,12.571581,0.92618364
1388,33,Upstairs,49583642288000,1.8796080000000002,8.349273,0.08172209
1389,33,Upstairs,49583752304000,2.6014863999999998,8.921327999999999,-0.19068487
1390,33,Upstairs,49583822311000,-0.46309182,6.633109599999999,0.88532263
1391,33,Upstairs,49583922409000,3.7864565999999997,13.525004999999998,2.6014863999999998
1392,33,Upstairs,49584022323000,-1.4982381999999999,13.715691,0.88532263
1393,33,Upstairs,49584082260000,1.5390993,12.367275999999999,-0.6946376999999999
1394,33,Upstairs,49584192337000,-1.8387468999999996,9.847511,1.334794
1395,33,Upstairs,49584302292000,0.6537767,4.7535014,0.95342433
1396,33,Upstairs,49584412308000,0.50395286,3.8681788,3.8273177000000005
1397,33,Upstairs,49584522323000,2.070293,14.1787815,8.580819
1398,33,Upstairs,49584632309000,-0.50395286,9.765789,1.3075534
1399,33,Upstairs,49584742294000,0.53119355,7.3549875999999985,0.50395286
1400,33,Upstairs,49584852310000,1.9477096999999999,8.921327999999999,0.8036005
1401,33,Upstairs,49584962326000,4.099725,10.732834,2.4925237
1402,33,Upstairs,49585072311000,0.42223078,12.598822,0.50395286
1403,33,Upstairs,49585182297000,0.92618364,9.697687,0.92618364
1404,33,Upstairs,49585292312000,1.3756552,7.9679036,-0.0
1405,33,Upstairs,49585402298000,1.4573771999999998,4.1814466,-0.0
1406,33,Upstairs,49585512314000,0.10896278,6.633109599999999,4.1814466
1407,33,Upstairs,49585622299000,-1.7297841,18.237645999999998,-0.0
1408,33,Upstairs,49585732284000,-0.46309182,16.630445,-1.4573771999999998
1409,33,Upstairs,49585842300000,1.7978859,9.152874,-1.525479
1410,33,Upstairs,49585942276000,3.1054392,8.812365,0.19068487
1411,33,Upstairs,49586042557000,4.5219555,10.310603,-1.2666923
1412,33,Upstairs,49586152298000,0.6537767,13.633968,0.50395286
1413,33,Upstairs,49586262314000,2.1792557,9.507003,-0.3405087
1414,33,Upstairs,49586372299000,-0.29964766,4.9850473,1.4165162
1415,33,Upstairs,49586482315000,1.9477096999999999,8.281172,6.2108784
1416,33,Upstairs,49586592300000,-2.3699405,14.750835999999998,1.8387468999999996
1417,33,Upstairs,49586702316000,3.0237172,14.560151999999999,-0.23154591
1418,33,Upstairs,49586812881000,3.8681788,10.147159,-0.0
1419,33,Upstairs,49586862137000,2.5606253,8.730642999999999,0.7218784
1420,33,Upstairs,49586972458000,3.7592160000000003,8.308413,0.6537767
1421,33,Upstairs,49587082290000,2.3018389,14.941522,0.50395286
1422,33,Upstairs,49587192306000,1.1849703,11.75436,-1.2666923
1423,33,Upstairs,49587302292000,0.10896278,9.534244000000001,0.9942854
1424,33,Upstairs,49587412308000,1.0351465,4.862464,1.5390993
1425,33,Upstairs,49587522293000,1.2666923,3.990762,5.47538
1426,33,Upstairs,49587632309000,1.7570249,15.554437,4.5628166
1427,33,Upstairs,49587742294000,1.7570249,9.193735,0.46309182
1428,33,Upstairs,49587852310000,0.95342433,7.504811999999999,0.27240697
1429,33,Upstairs,49587952316000,0.8036005,6.782933,-0.42223078
1430,33,Upstairs,49588052261000,3.214402,13.102775,1.9204689999999998
1431,33,Upstairs,49588162338000,-0.0,16.126492000000002,0.95342433
1432,33,Upstairs,49588272293000,0.10896278,9.507003,0.8036005
1433,33,Upstairs,49588382309000,1.607201,6.973617999999999,1.3075534
1434,33,Upstairs,49588492294000,-0.27240697,4.944186,2.3018389
1435,33,Upstairs,49588602310000,3.8273177000000005,7.1234417,8.921327999999999
1436,33,Upstairs,49588712295000,-1.3756552,5.2165932999999995,1.56634
1437,33,Upstairs,49588822311000,0.92618364,7.7363577,0.10896278
1438,33,Upstairs,49588922287000,2.5606253,8.962189,-0.08172209
1439,33,Upstairs,49589022262000,0.3405087,8.308413,0.61291564
1440,33,Upstairs,49589132309000,4.0588636,14.750835999999998,1.8387468999999996
1441,33,Upstairs,49589242294000,-0.53119355,13.865514000000001,1.607201
1442,33,Upstairs,49589352310000,0.42223078,9.466142,0.53119355
1443,33,Upstairs,49589452286000,1.9477096999999999,7.8861814,0.8036005
1444,33,Upstairs,49589552261000,0.42223078,3.990762,1.7978859
1445,33,Upstairs,49589662338000,3.173541,5.243834,9.615966
1446,33,Upstairs,49589772354000,-4.440233,6.701211,1.9885708
1447,33,Upstairs,49589882309000,2.7921712000000003,7.7772183,0.7627395
1448,33,Upstairs,49589982315000,1.5390993,8.308413,0.7218784
1449,33,Upstairs,49590092300000,1.3756552,9.193735,1.4165162
1450,33,Upstairs,49590202347000,1.3075534,14.206022,2.0294318
1451,33,Upstairs,49590312301000,0.7627395,11.454713,-0.46309182
1452,33,Upstairs,49590422317000,1.3756552,8.499097,1.2258313
1453,33,Upstairs,49590532303000,1.1849703,4.671779,2.152015
1454,33,Upstairs,49590642319000,0.9942854,2.4925237,2.8738932999999998
1455,33,Upstairs,49590752304000,-0.23154591,10.882658000000001,2.7649305
1456,33,Upstairs,49590862289000,1.7978859,11.223166,0.5720546
1457,33,Upstairs,49590972305000,2.8738932999999998,8.499097,-0.5720546
1458,33,Upstairs,49591082290000,0.7627395,7.4639505999999995,0.040861044
1459,33,Upstairs,49591192306000,4.1814466,15.213928,2.4925237
1460,33,Upstairs,49591302292000,0.38136974,13.865514000000001,1.2258313
1461,33,Upstairs,49591412308000,-2.1111538,10.147159,0.88532263
1462,33,Upstairs,49591522323000,0.38136974,5.366417,0.6537767
1463,33,Upstairs,49591632309000,1.1849703,4.018002500000001,3.5957718
1464,33,Upstairs,49591742294000,1.334794,17.011814,4.0588636
1465,33,Upstairs,49591852310000,3.5685309999999997,11.073342,0.6946376999999999
1466,33,Upstairs,49591952316000,1.1849703,6.742072,0.10896278
1467,33,Upstairs,49592052292000,0.6537767,7.1234417,0.6946376999999999
1468,33,Upstairs,49592112228000,1.5390993,8.076866,0.313268
1469,33,Upstairs,49592222305000,4.3312707,13.102775,0.95342433
1470,33,Upstairs,49592332290000,-0.08172209,15.023244,0.14982383
1471,33,Upstairs,49592432236000,-2.3426998,11.563675,1.3075534
1472,33,Upstairs,49592532272000,1.607201,6.973617999999999,0.3405087
1473,33,Upstairs,49592642319000,0.7218784,4.3312707,1.56634
1474,33,Upstairs,49592752304000,3.4459480000000005,3.9499009,6.782933
1475,33,Upstairs,49592862289000,-0.27240697,11.223166,3.5276701
1476,33,Upstairs,49592972305000,0.7627395,11.604536,1.1441092
1477,33,Upstairs,49593072281000,5.434519,8.62168,-2.2201166000000003
1478,33,Upstairs,49593182297000,0.42223078,7.927042500000001,-1.334794
1479,33,Upstairs,49593292312000,4.944186,7.8589406,-0.08172209
1480,33,Upstairs,49593402328000,0.7627395,12.4489975,-1.0351465
1481,33,Upstairs,49593512314000,-0.0,12.789507,-1.1849703
1482,33,Upstairs,49593622299000,3.2552630000000002,6.2789803,1.2258313
1483,33,Upstairs,49593732345000,1.1849703,6.2108784,2.7921712000000003
1484,33,Upstairs,49593842300000,2.0294318,9.80665,4.7126402999999994
1485,33,Upstairs,49593942276000,-1.3075534,11.454713,0.10896278
1486,33,Upstairs,49594042312000,2.6423476000000004,11.182305,-0.6537767
1487,33,Upstairs,49594152298000,3.8681788,8.689782000000001,1.1849703
1488,33,Upstairs,49594262314000,2.4108016,6.823794400000001,0.46309182
1489,33,Upstairs,49594372299000,2.8330324,13.756551000000002,0.95342433
1490,33,Upstairs,49594482315000,1.7570249,14.410328,-0.53119355
1491,33,Upstairs,49594592300000,-0.8036005,10.501288,0.5720546
1492,33,Upstairs,49594702316000,2.5333846,7.2732660000000005,0.92618364
1493,33,Upstairs,49594802231000,2.3699405,4.4810944,2.9556155
1494,33,Upstairs,49594912308000,0.23154591,8.894086999999999,4.290409599999999
1495,33,Upstairs,49595022293000,0.42223078,10.732834,1.3756552
1496,33,Upstairs,49595132309000,1.4982381999999999,9.152874,0.42223078
1497,33,Upstairs,49595242294000,2.2609777,7.586533500000001,0.92618364
1498,33,Upstairs,49595352310000,3.4050870000000004,10.991621,2.1111538
1499,33,Upstairs,49595402176000,2.152015,13.184497,2.1792557
1500,33,Upstairs,49595512436000,1.4573771999999998,13.756551000000002,-0.29964766
1501,33,Upstairs,49595622299000,-1.2666923,10.337844,1.56634
1502,33,Upstairs,49595732315000,1.56634,5.7477865,0.92618364
1503,33,Upstairs,49595842300000,0.95342433,2.8330324,2.4516625
1504,33,Upstairs,49595942306000,3.4050870000000004,10.991621,7.586533500000001
1505,33,Upstairs,49596042282000,-1.4573771999999998,5.597963,1.7570249
1506,33,Upstairs,49596152298000,1.334794,6.823794400000001,0.27240697
1507,33,Upstairs,49596252304000,2.8738932999999998,9.888372,-0.8036005
1508,33,Upstairs,49596362259000,0.313268,7.6954966,-0.27240697
1509,33,Upstairs,49596472305000,4.8216033,15.854085000000001,2.2201166000000003
1510,33,Upstairs,49596572281000,0.3405087,13.824653,0.84446156
1511,33,Upstairs,49596682297000,0.5720546,9.507003,0.5720546
1512,33,Upstairs,49596782272000,2.5333846,7.6682559999999995,-0.27240697
1513,33,Upstairs,49596892319000,1.56634,3.8273177000000005,1.8796080000000002
1514,33,Upstairs,49596992233000,1.3756552,6.170017700000001,5.938472
1515,33,Upstairs,49597102310000,-2.3699405,4.6036777,2.9147543999999996
1516,33,Upstairs,49597212265000,2.8330324,8.962189,1.5390993
1517,33,Upstairs,49597322311000,2.6832085,8.308413,0.08172209
1518,33,Upstairs,49597422317000,1.607201,9.915613,1.5390993
1519,33,Upstairs,49597532303000,4.2495484,12.299174,2.070293
1520,33,Upstairs,49597642319000,3.5685309999999997,10.61025,-1.0351465
1521,33,Upstairs,49597752273000,0.46309182,8.894086999999999,-0.08172209
1522,33,Upstairs,49597862289000,0.53119355,4.099725,0.92618364
1523,33,Upstairs,49597972336000,1.9477096999999999,3.4868089999999996,4.2495484
1524,33,Upstairs,49598072281000,1.0760075,15.050485,2.070293
1525,33,Upstairs,49598182327000,3.4050870000000004,12.489859,1.0351465
1526,33,Upstairs,49598292312000,1.3756552,8.812365,0.040861044
1527,33,Upstairs,49598402267000,0.5720546,6.5513873,-0.14982383
1528,33,Upstairs,49598512314000,3.6774937999999993,10.882658000000001,1.4165162
1529,33,Upstairs,49598622299000,2.8330324,12.4489975,0.6537767
1530,33,Upstairs,49598732315000,0.9942854,11.413852,0.19068487
1531,33,Upstairs,49598842300000,1.7297841,9.656827,0.84446156
1532,33,Upstairs,49598942245000,0.3405087,4.2086873,1.4573771999999998
1533,33,Upstairs,49599052322000,1.9885708,3.5276701,5.5162406
1534,33,Upstairs,49599162338000,1.7570249,9.043911,2.8738932999999998
1535,33,Upstairs,49599272323000,3.0237172,9.615966,0.3405087
1536,33,Upstairs,49599382309000,2.7921712000000003,8.117727,0.19068487
1537,33,Upstairs,49599492264000,-0.08172209,7.164303,0.92618364
1538,33,Upstairs,49599602310000,3.8273177000000005,12.912089,2.7240696
1539,33,Upstairs,49599712295000,1.4573771999999998,12.408136,1.4982381999999999
1540,33,Upstairs,49599812271000,1.9477096999999999,10.651112,0.6946376999999999
1541,33,Upstairs,49599922317000,1.2666923,10.269741999999999,1.2666923
1542,33,Upstairs,49600032303000,1.8387468999999996,5.2165932999999995,1.334794
1543,33,Upstairs,49600142319000,0.95342433,2.7649305,4.372132
1544,33,Upstairs,49600242294000,3.0645783,9.043911,9.656827
1545,33,Upstairs,49600352310000,-1.4982381999999999,7.6954966,0.9942854
1546,33,Upstairs,49600452286000,0.38136974,8.19945,-0.38136974
1547,33,Upstairs,49600552322000,4.099725,8.471855999999999,-1.2666923
1548,33,Upstairs,49600612259000,1.0760075,9.275456,0.5720546
1549,33,Upstairs,49600722305000,3.6774937999999993,8.894086999999999,-0.08172209
1550,33,Upstairs,49600832290000,1.4573771999999998,12.217452,-1.56634
1551,33,Upstairs,49600932266000,-0.9942854,11.264028,-0.61291564
1552,33,Upstairs,49601042343000,3.1054392,8.499097,0.08172209
1553,33,Upstairs,49601152359000,1.2666923,5.5162406,2.152015
1554,33,Upstairs,49601262314000,3.3778462,10.18802,5.625203599999999
1555,33,Upstairs,49601372299000,2.7240696,12.299174,0.6946376999999999
1556,33,Upstairs,49601482345000,2.6832085,13.593107,-0.08172209
1557,33,Upstairs,49601582260000,3.214402,9.112013000000001,0.42223078
1558,33,Upstairs,49601692306000,4.372132,7.205164,1.3756552
1559,33,Upstairs,49601792251000,3.7864565999999997,12.598822,-0.08172209
1560,33,Upstairs,49601902298000,3.6366330000000002,11.686258,-1.56634
