,user,label,timestamp,x,y,z
746164,34,Upstairs,2648582347000,3.34,5.63,-1.92
746165,34,Upstairs,2648632304000,-0.89,11.88,-1.08
746166,34,Upstairs,2648682323000,5.9,16.21,0.04
746167,34,Upstairs,2648732310000,9.58,13.1,0.04
746168,34,Upstairs,2648782329000,2.64,10.12,-2.37
746169,34,Upstairs,2648832347000,4.06,9.3,-9.08
746170,34,Upstairs,2648882335000,2.11,7.08,-7.89
746171,34,Upstairs,2648932353000,6.74,12.22,-0.19
746172,34,Upstairs,2648982371000,-3.68,13.02,-1.14
746173,34,Upstairs,2649032329000,4.37,14.56,-3.17
746174,34,Upstairs,2649082347000,5.05,10.61,-2.37
746175,34,Upstairs,2649132304000,1.27,4.37,-1.61
746176,34,Upstairs,2649182323000,-3.15,0.8,1.8
746177,34,Upstairs,2649232341000,-2.64,-0.42,-2.87
746178,34,Upstairs,2649282329000,5.48,7.55,5.67
746179,34,Upstairs,2649332347000,6.97,15.55,-7.65
746180,34,Upstairs,2649382304000,-0.04,4.14,-1.46
746181,34,Upstairs,2649432323000,0.69,15.09,-1.31
746182,34,Upstairs,2649482341000,10.42,15.98,2.3
746183,34,Upstairs,2649532329000,2.98,11.75,-1.08
746184,34,Upstairs,2649582347000,4.99,12.26,-6.74
746185,34,Upstairs,2649632304000,4.29,7.74,-10.04
746186,34,Upstairs,2649682323000,1.99,7.67,-3.6
746187,34,Upstairs,2649732341000,5.01,14.98,-1.73
746188,34,Upstairs,2649782329000,-3.02,15.4,0.0
746189,34,Upstairs,2649832347000,7.08,16.04,-3.45
746190,34,Upstairs,2649882365000,2.15,8.08,-1.76
746191,34,Upstairs,2649932323000,-1.14,2.72,-1.27
746192,34,Upstairs,2649982341000,-1.57,-0.04,1.65
746193,34,Upstairs,2650032329000,0.08,-3.11,-2.68
746194,34,Upstairs,2650082347000,2.53,10.12,3.34
746195,34,Upstairs,2650132335000,5.28,14.25,-2.79
746196,34,Upstairs,2650182323000,2.11,7.67,-1.88
746197,34,Upstairs,2650232341000,5.9,17.47,0.27
746198,34,Upstairs,2650232341000,5.9,17.47,0.27
746199,34,Upstairs,2650344646000,5.56,12.45,0.53
746200,34,Upstairs,2650344646000,5.56,12.45,0.53
746201,34,Upstairs,2650402324000,5.43,7.25,-8.39
746202,34,Upstairs,2650452342000,3.95,6.93,-6.02
746203,34,Upstairs,2650502330000,5.43,11.65,-0.34
746204,34,Upstairs,2650552348000,-4.44,15.94,-1.53
746205,34,Upstairs,2650602336000,5.41,13.44,-3.15
746206,34,Upstairs,2650652324000,4.6,12.57,-2.64
746207,34,Upstairs,2650702342000,1.38,7.55,-3.21
746208,34,Upstairs,2650752330000,-0.46,3.11,-1.14
746209,34,Upstairs,2650802318000,-0.46,0.8,-0.46
746210,34,Upstairs,2650852336000,-1.31,0.42,-1.46
746211,34,Upstairs,2650902324000,7.16,9.89,3.45
746212,34,Upstairs,2650952342000,5.48,12.64,-5.56
746213,34,Upstairs,2651002330000,-0.15,4.4,-2.14
746214,34,Upstairs,2651052348000,3.26,15.28,-0.11
746215,34,Upstairs,2651102336000,8.62,14.02,1.12
746216,34,Upstairs,2651152324000,2.64,13.25,1.18
746217,34,Upstairs,2651202342000,3.76,11.8,-4.56
746218,34,Upstairs,2651252299000,4.56,7.78,-7.65
746219,34,Upstairs,2651302409000,2.37,6.28,-8.12
746220,34,Upstairs,2651352336000,7.16,11.73,1.04
746221,34,Upstairs,2651402324000,-0.57,15.51,-2.87
746222,34,Upstairs,2651452342000,-1.99,12.91,-0.15
746223,34,Upstairs,2651502330000,7.4,15.4,-3.95
746224,34,Upstairs,2651552348000,2.64,8.01,-1.73
746225,34,Upstairs,2651602336000,0.61,4.6,-1.12
746226,34,Upstairs,2651652324000,-2.07,0.84,2.83
746227,34,Upstairs,2651702342000,-2.26,-6.28,-2.68
746228,34,Upstairs,2651752330000,4.56,7.78,0.93
746229,34,Upstairs,2651802379000,8.12,14.29,-4.4
746230,34,Upstairs,2651852397000,3.49,7.35,-0.91
746231,34,Upstairs,2651912303000,6.13,16.25,2.76
746232,34,Upstairs,2651962260000,2.49,11.73,0.08
746233,34,Upstairs,2652012279000,3.06,10.57,-2.53
746234,34,Upstairs,2652062327000,4.82,7.16,-6.02
746235,34,Upstairs,2652112346000,2.98,8.28,-7.63
746236,34,Upstairs,2652162334000,1.95,16.04,-3.57
746237,34,Upstairs,2652212321000,-2.45,16.36,-1.18
746238,34,Upstairs,2652272319000,-6.89,12.95,-1.65
746239,34,Upstairs,2652322337000,8.62,12.45,-2.98
746240,34,Upstairs,2652372356000,0.89,4.9,-0.76
746241,34,Upstairs,2652422343000,-1.38,2.68,-0.53
746242,34,Upstairs,2652472362000,0.0,-0.38,-1.14
746243,34,Upstairs,2652522319000,1.99,0.69,-3.34
746244,34,Upstairs,2652572337000,8.85,9.89,-0.72
746245,34,Upstairs,2652622325000,-1.18,14.86,-8.92
746246,34,Upstairs,2652672313000,-3.6,1.84,1.23
746247,34,Upstairs,2652722331000,1.73,16.47,0.61
746248,34,Upstairs,2652772288000,5.41,10.8,-0.53
746249,34,Upstairs,2652822337000,2.91,8.85,-0.99
746250,34,Upstairs,2652872325000,3.26,8.66,0.69
746251,34,Upstairs,2652922343000,3.68,7.97,0.65
746252,34,Upstairs,2652972331000,1.61,7.78,-0.46
746253,34,Upstairs,2653022288000,-0.08,10.12,-0.34
746254,34,Upstairs,2653072337000,3.87,8.81,0.8
746255,34,Upstairs,2653122325000,6.4,9.85,1.12
746256,34,Upstairs,2653172588000,6.85,12.15,-2.96
746257,34,Upstairs,2653222331000,4.44,16.36,-2.41
746258,34,Upstairs,2653272319000,-6.05,14.86,-2.22
746259,34,Upstairs,2653322337000,-7.74,14.21,2.98
746260,34,Upstairs,2653372325000,0.42,11.22,-0.46
746261,34,Upstairs,2653422343000,2.6,7.27,0.72
746262,34,Upstairs,2653472331000,-1.14,5.09,0.0
746263,34,Upstairs,2653522319000,-3.21,4.29,0.65
746264,34,Upstairs,2653572368000,0.93,4.33,0.42
746265,34,Upstairs,2653622325000,10.19,13.02,-3.72
746266,34,Upstairs,2653672343000,10.27,10.84,-5.01
746267,34,Upstairs,2653722331000,1.08,15.21,-1.46
746268,34,Upstairs,2653772288000,-9.47,12.41,-5.13
746269,34,Upstairs,2653822337000,-1.46,7.86,2.76
746270,34,Upstairs,2653872325000,4.29,11.07,8.16
746271,34,Upstairs,2653922343000,5.79,7.5,3.72
746272,34,Upstairs,2653972331000,3.87,8.54,0.69
746273,34,Upstairs,2654022319000,0.46,11.37,-5.2
746274,34,Upstairs,2654072337000,4.14,8.81,0.93
746275,34,Upstairs,2654122325000,3.53,8.81,1.84
746276,34,Upstairs,2654172343000,2.87,9.28,1.38
746277,34,Upstairs,2654222331000,5.01,12.03,-1.73
746278,34,Upstairs,2654272319000,6.4,16.4,-4.56
746279,34,Upstairs,2654322337000,-1.08,16.02,-3.95
746280,34,Upstairs,2654372295000,-7.97,18.54,0.76
746281,34,Upstairs,2654422343000,4.9,12.26,0.19
746282,34,Upstairs,2654472331000,5.24,11.07,-1.84
746283,34,Upstairs,2654522319000,-0.76,5.71,-0.08
746284,34,Upstairs,2654582530000,-0.11,0.89,0.0
746285,34,Upstairs,2654632243000,4.02,1.57,-4.29
746286,34,Upstairs,2654682323000,3.3,1.69,-6.05
746287,34,Upstairs,2654732310000,0.99,8.85,-4.9
746288,34,Upstairs,2654782298000,3.38,17.86,-4.18
746289,34,Upstairs,2654832347000,3.21,6.78,-0.08
746290,34,Upstairs,2654882335000,3.6,12.45,-1.92
746291,34,Upstairs,2654932323000,3.95,9.38,-1.33
746292,34,Upstairs,2654982341000,5.63,10.95,-1.88
746293,34,Upstairs,2655032329000,7.06,14.18,1.04
746294,34,Upstairs,2655092296000,0.8,11.26,-0.99
746295,34,Upstairs,2655142314000,7.08,10.53,-5.18
746296,34,Upstairs,2655192302000,2.56,10.38,-8.24
746297,34,Upstairs,2655242290000,2.37,9.92,-5.13
746298,34,Upstairs,2655292308000,3.26,11.5,0.19
746299,34,Upstairs,2655342326000,0.84,15.79,-3.76
746300,34,Upstairs,2655392314000,4.37,13.87,-2.56
746301,34,Upstairs,2655442302000,2.03,7.4,-2.91
746302,34,Upstairs,2655492290000,0.93,4.14,-1.92
746303,34,Upstairs,2655542338000,-1.5,-0.3,1.42
746304,34,Upstairs,2655592296000,0.11,-0.5,-2.34
746305,34,Upstairs,2655642345000,5.94,10.27,2.98
746306,34,Upstairs,2655692302000,5.24,13.4,-5.24
746307,34,Upstairs,2655742290000,1.18,4.86,-2.56
746308,34,Upstairs,2655792308000,2.87,13.38,-1.5
746309,34,Upstairs,2655842296000,7.59,13.44,0.84
746310,34,Upstairs,2655892314000,6.02,10.84,0.34
746311,34,Upstairs,2655942302000,2.79,11.84,-4.25
746312,34,Upstairs,2655992869000,3.17,9.43,-7.25
746313,34,Upstairs,2656042308000,3.83,8.05,-5.43
746314,34,Upstairs,2656092296000,4.6,11.41,-3.6
746315,34,Upstairs,2656142314000,0.57,14.02,-1.69
746316,34,Upstairs,2656192302000,-3.21,12.11,-1.53
746317,34,Upstairs,2656242290000,9.53,15.05,-4.63
746318,34,Upstairs,2656292308000,2.56,7.44,-2.98
746319,34,Upstairs,2656342296000,-0.15,2.07,-1.69
746320,34,Upstairs,2656392314000,-1.69,0.19,1.08
746321,34,Upstairs,2656442302000,-2.34,0.15,-0.11
746322,34,Upstairs,2656492290000,8.2,12.95,-0.34
746323,34,Upstairs,2656542308000,4.37,9.34,-2.3
746324,34,Upstairs,2656592326000,3.41,6.13,-2.96
746325,34,Upstairs,2656642345000,3.21,14.37,-0.53
746326,34,Upstairs,2656692302000,7.4,13.95,2.15
746327,34,Upstairs,2656742290000,4.99,12.91,-0.15
746328,34,Upstairs,2656792308000,3.06,11.54,-5.79
746329,34,Upstairs,2656842296000,4.6,9.28,-8.05
746330,34,Upstairs,2656892314000,0.34,8.62,-7.55
746331,34,Upstairs,2656942332000,5.83,11.54,0.38
746332,34,Upstairs,2656992290000,0.34,15.4,-1.65
746333,34,Upstairs,2657042369000,4.21,13.82,-2.07
746334,34,Upstairs,2657092296000,2.53,9.89,-2.45
746335,34,Upstairs,2657142314000,1.92,6.05,-2.11
746336,34,Upstairs,2657192302000,-1.08,2.22,0.0
746337,34,Upstairs,2657242290000,-1.53,-0.72,-0.84
746338,34,Upstairs,2657292308000,0.93,3.45,5.13
746339,34,Upstairs,2657342296000,6.97,17.73,-9.23
746340,34,Upstairs,2657392345000,2.34,2.03,-0.72
746341,34,Upstairs,2657442332000,3.68,10.73,-2.49
746342,34,Upstairs,2657492290000,5.48,14.29,-0.04
746343,34,Upstairs,2657542308000,5.94,12.41,1.18
746344,34,Upstairs,2657592326000,-0.04,13.48,-0.34
746345,34,Upstairs,2657642314000,4.44,11.5,-4.94
746346,34,Upstairs,2657692302000,3.21,6.7,-6.13
746347,34,Upstairs,2657742259000,1.99,6.7,-5.82
746348,34,Upstairs,2657792308000,6.36,12.95,-2.96
746349,34,Upstairs,2657842296000,1.38,15.32,-0.91
746350,34,Upstairs,2657892345000,-0.99,13.91,-2.6
746351,34,Upstairs,2657942302000,5.71,13.48,-1.8
746352,34,Upstairs,2657992259000,2.18,9.77,-2.72
746353,34,Upstairs,2658042308000,0.99,4.79,-1.31
746354,34,Upstairs,2658042308000,0.99,4.79,-1.31
746355,34,Upstairs,2658133403000,-0.46,-0.8,0.61
746356,34,Upstairs,2658182292000,-1.04,1.84,4.79
746357,34,Upstairs,2658232188000,4.14,19.0,-5.52
746358,34,Upstairs,2658282298000,5.75,6.55,-3.83
746359,34,Upstairs,2658332347000,2.87,11.8,-0.99
746360,34,Upstairs,2658382335000,4.86,12.07,-0.42
746361,34,Upstairs,2658432323000,6.89,12.49,0.65
746362,34,Upstairs,2658482371000,-1.57,12.3,-0.95
746363,34,Upstairs,2658532329000,2.87,10.15,-3.72
