,user,label,timestamp,x,y,z
945960,1,Walking,5191942304000,-6.24,9.7,-5.18
945961,1,Walking,5191992292000,-2.41,11.6,-0.42
945962,1,Walking,5192042310000,0.5,8.73,-1.38
945963,1,Walking,5192092298000,3.17,7.78,-0.5
945964,1,Walking,5192142316000,4.67,6.55,-1.27
945965,1,Walking,5192192304000,2.03,9.11,-0.84
945966,1,Walking,5192242292000,3.99,12.3,2.96
945967,1,Walking,5192292310000,6.09,13.25,1.33
945968,1,Walking,5192342298000,12.64,12.95,3.34
945969,1,Walking,5192392316000,6.93,12.34,-1.42
945970,1,Walking,5192442304000,2.56,19.0,-2.3
945971,1,Walking,5192492292000,-4.75,18.92,-5.67
945972,1,Walking,5192542310000,-5.79,7.78,0.0
945973,1,Walking,5192592298000,1.04,0.04,-0.95
945974,1,Walking,5192642316000,-2.18,-0.53,-2.26
945975,1,Walking,5192692304000,-9.89,2.6,0.61
945976,1,Walking,5192742292000,17.92,19.46,-2.56
945977,1,Walking,5192792310000,7.12,10.15,-0.5
945978,1,Walking,5192842298000,2.98,13.4,3.17
945979,1,Walking,5192892316000,-6.17,13.21,-7.01
945980,1,Walking,5192942304000,-4.33,10.19,-0.3
945982,1,Walking,5192999799000,-0.27,9.04,-0.95
945981,1,Walking,5192999799000,-0.27,9.04,-0.95
945983,1,Walking,5193052289000,3.06,7.63,-0.65
945984,1,Walking,5193102338000,3.38,6.36,-2.87
945985,1,Walking,5193152326000,4.6,10.73,4.25
945986,1,Walking,5193202344000,3.64,11.22,0.04
945987,1,Walking,5193252332000,6.09,12.72,0.95
945988,1,Walking,5193302320000,12.83,13.48,3.6
945989,1,Walking,5193352338000,4.37,14.56,-0.38
945990,1,Walking,5193402326000,-1.8,19.53,-6.32
945991,1,Walking,5193452344000,-6.78,17.12,1.12
945992,1,Walking,5193502393000,-3.34,6.28,-3.21
945993,1,Walking,5193552350000,1.57,-0.3,0.11
945994,1,Walking,5193602338000,-3.79,0.76,-2.45
945995,1,Walking,5193652326000,-7.97,4.63,2.98
945996,1,Walking,5193702344000,19.5,19.5,-7.97
945997,1,Walking,5193752332000,4.6,4.86,0.93
945998,1,Walking,5193802320000,-2.6,18.12,-0.38
945999,1,Walking,5193852338000,-5.67,12.22,-5.9
946000,1,Walking,5193902326000,-2.56,10.31,-0.3
946001,1,Walking,5193952344000,0.34,9.53,-1.61
946002,1,Walking,5194002790000,3.26,7.89,-1.04
946003,1,Walking,5194052350000,4.18,5.79,-1.42
946004,1,Walking,5194102338000,3.87,8.54,0.15
946005,1,Walking,5194152326000,4.18,11.54,2.34
946006,1,Walking,5194202344000,6.09,13.02,0.27
946007,1,Walking,5194252362000,12.6,14.37,5.18
946008,1,Walking,5194302320000,6.17,12.83,-0.76
946009,1,Walking,5194352338000,1.76,18.85,-4.18
946010,1,Walking,5194402326000,-3.02,18.89,-3.98
946011,1,Walking,5194452344000,-7.04,8.62,-0.72
946012,1,Walking,5194502332000,-0.3,0.8,-0.89
946013,1,Walking,5194552320000,-1.18,-0.3,-2.53
946014,1,Walking,5194602338000,-9.77,3.72,0.5
946015,1,Walking,5194652326000,16.28,18.92,-1.5
946016,1,Walking,5194702344000,8.24,11.14,2.53
946017,1,Walking,5194752332000,-2.14,13.18,2.41
946018,1,Walking,5194802320000,-5.01,11.37,-5.09
946019,1,Walking,5194852338000,-3.76,12.34,-2.53
946020,1,Walking,5194902326000,0.11,9.08,-0.8
946021,1,Walking,5194952344000,2.56,7.25,-0.84
946022,1,Walking,5195002332000,3.53,6.89,-2.56
946023,1,Walking,5195052350000,4.99,10.8,3.95
946024,1,Walking,5195102338000,1.92,10.12,0.04
946025,1,Walking,5195152326000,5.13,13.29,0.72
946026,1,Walking,5195202344000,13.63,12.83,2.6
946027,1,Walking,5195252332000,7.7,13.29,0.5
946028,1,Walking,5195302320000,2.26,19.31,-1.57
946029,1,Walking,5195412122000,-6.66,5.75,-0.46
946030,1,Walking,5195412122000,-6.66,5.75,-0.46
946031,1,Walking,5195462262000,3.49,-1.65,-0.76
946032,1,Walking,5195512403000,-1.8,-0.27,-1.53
946033,1,Walking,5195562330000,-8.24,3.17,-1.76
946034,1,Walking,5195612378000,17.88,19.57,-2.53
946035,1,Walking,5195672345000,7.01,8.28,0.46
946036,1,Walking,5195722333000,-0.91,18.77,-0.76
946037,1,Walking,5195772321000,-7.31,10.19,-5.48
946038,1,Walking,5195822370000,-3.26,10.42,-0.76
946039,1,Walking,5195872327000,0.72,9.7,-1.23
946040,1,Walking,5195922345000,3.38,7.12,-1.04
946041,1,Walking,5195972333000,3.02,6.36,-3.02
946042,1,Walking,5196022321000,3.68,10.99,2.91
946043,1,Walking,5196072339000,4.94,10.92,0.08
946044,1,Walking,5196122327000,5.83,13.57,1.08
946045,1,Walking,5196172345000,12.22,12.18,3.26
946046,1,Walking,5196222333000,2.72,14.06,0.27
946047,1,Walking,5196272382000,-1.65,19.5,-5.63
946048,1,Walking,5196322339000,-6.4,16.4,1.95
946049,1,Walking,5196372327000,-2.83,5.9,-2.91
946050,1,Walking,5196422345000,2.11,0.04,0.04
946051,1,Walking,5196472333000,-2.6,1.54,-2.79
946052,1,Walking,5196522321000,-8.08,2.64,-3.21
946053,1,Walking,5196572339000,12.98,18.12,2.91
946054,1,Walking,5196622327000,11.41,12.64,5.75
946055,1,Walking,5196672345000,-2.75,13.29,-0.57
946056,1,Walking,5196722333000,-7.16,11.73,-5.01
946057,1,Walking,5196772321000,-4.18,12.41,-0.53
946058,1,Walking,5196822309000,0.15,10.73,-2.83
946059,1,Walking,5196872327000,3.17,6.93,-1.14
946060,1,Walking,5196922345000,4.79,6.44,-1.18
946061,1,Walking,5196972333000,2.18,8.28,0.46
946062,1,Walking,5197022321000,1.61,11.11,-0.84
946063,1,Walking,5197072339000,4.02,12.68,0.72
946064,1,Walking,5197122327000,7.97,13.18,1.31
946065,1,Walking,5197172345000,12.07,12.41,2.56
946066,1,Walking,5197222333000,2.72,15.28,-1.57
946067,1,Walking,5197272321000,-2.56,19.53,-5.82
946068,1,Walking,5197322339000,-5.41,13.59,-0.34
946069,1,Walking,5197372327000,-2.41,5.67,-2.41
946070,1,Walking,5197422345000,0.04,0.38,-0.34
946071,1,Walking,5197472333000,-4.86,2.07,-3.21
946072,1,Walking,5197522321000,-7.01,7.89,8.43
946073,1,Walking,5197572339000,19.53,18.89,-9.85
946074,1,Walking,5197622327000,4.56,2.83,0.34
946075,1,Walking,5197672345000,-0.5,13.72,-1.08
946076,1,Walking,5197722333000,-4.99,16.44,-3.6
946077,1,Walking,5197772321000,-5.05,9.43,-0.61
946078,1,Walking,5197822339000,-0.65,8.2,-2.3
946079,1,Walking,5197872327000,3.02,8.69,-3.6
946080,1,Walking,5197922345000,2.49,6.13,1.12
946081,1,Walking,5197972333000,3.15,10.95,1.08
946082,1,Walking,5198022321000,4.79,10.04,-1.27
946083,1,Walking,5198072339000,4.33,13.4,2.07
946084,1,Walking,5198122327000,12.34,12.26,1.88
946085,1,Walking,5198172345000,5.41,12.49,0.99
946086,1,Walking,5198222333000,-1.61,18.96,-5.75
946087,1,Walking,5198272321000,-2.64,17.58,-0.23
946088,1,Walking,5198322370000,-2.37,9.7,-2.87
946089,1,Walking,5198372327000,-1.14,3.91,-0.3
946090,1,Walking,5198422345000,-3.06,0.04,-1.95
946091,1,Walking,5198472333000,-8.85,1.57,0.15
946092,1,Walking,5198522321000,13.59,17.16,0.65
946093,1,Walking,5198572339000,11.14,13.18,1.84
946094,1,Walking,5198622327000,-3.87,8.43,3.15
946095,1,Walking,5198672345000,-3.11,17.27,-4.86
946096,1,Walking,5198722333000,-3.45,9.81,-2.68
946097,1,Walking,5198772351000,-2.41,9.66,-1.04
946098,1,Walking,5198822339000,1.46,9.11,-1.12
946099,1,Walking,5198872327000,3.02,6.74,-2.49
946100,1,Walking,5198922345000,4.67,7.5,-0.15
946101,1,Walking,5198972333000,3.6,10.61,1.14
946102,1,Walking,5199022321000,4.02,12.18,0.31
946103,1,Walking,5199072339000,8.05,12.11,0.95
946104,1,Walking,5199122327000,11.3,11.92,2.98
946105,1,Walking,5199172345000,1.8,14.86,-2.11
946106,1,Walking,5199222333000,-2.14,19.57,-5.37
946107,1,Walking,5199272321000,-4.06,15.05,-0.46
946108,1,Walking,5199322339000,-1.12,6.4,-1.46
946109,1,Walking,5199372327000,-1.14,0.93,-0.34
946110,1,Walking,5199422345000,-4.25,0.84,-2.49
946111,1,Walking,5199472364000,-8.39,5.24,3.99
946112,1,Walking,5199522321000,19.5,19.15,-7.55
946113,1,Walking,5199572370000,3.72,7.25,2.3
946114,1,Walking,5199622358000,-2.87,15.79,0.31
946115,1,Walking,5199672345000,-6.13,12.45,-7.46
946116,1,Walking,5199722333000,-1.5,10.76,-0.15
946117,1,Walking,5199772321000,1.14,9.58,-2.3
946118,1,Walking,5199822339000,3.15,7.31,-1.38
946119,1,Walking,5199872358000,3.21,6.63,-1.69
946120,1,Walking,5199922345000,2.26,9.66,1.73
946121,1,Walking,5199972333000,4.18,10.57,-0.38
946122,1,Walking,5200022321000,4.14,13.33,1.04
946123,1,Walking,5200072339000,11.5,12.6,1.84
946124,1,Walking,5200122327000,8.01,11.22,0.65
946125,1,Walking,5200172345000,-0.42,18.58,-2.98
946126,1,Walking,5200222333000,-3.87,18.89,-1.23
946127,1,Walking,5200272260000,-2.83,10.0,-3.41
946128,1,Walking,5200322339000,0.11,4.02,-0.99
946129,1,Walking,5200372327000,-2.26,0.84,-1.53
946130,1,Walking,5200439161000,-8.39,1.8,-3.26
946131,1,Walking,5200492322000,17.05,19.27,-2.45
946132,1,Walking,5200542310000,8.24,7.59,0.61
946133,1,Walking,5200592298000,2.45,14.21,1.23
946134,1,Walking,5200642316000,-6.78,14.56,-7.46
946135,1,Walking,5200692304000,-5.52,9.7,1.31
946136,1,Walking,5200742322000,-1.84,10.31,-2.49
946137,1,Walking,5200792310000,2.53,8.24,-1.46
946138,1,Walking,5200842298000,3.38,5.71,-2.37
946139,1,Walking,5200892316000,5.37,9.34,1.23
946140,1,Walking,5200942304000,4.67,11.18,0.23
946141,1,Walking,5200992292000,1.38,13.53,1.14
946142,1,Walking,5201042310000,10.57,12.57,1.27
946143,1,Walking,5201092298000,7.59,12.26,1.14
946144,1,Walking,5201142316000,-1.88,17.92,-3.76
946145,1,Walking,5201192304000,-5.13,18.43,1.5
946146,1,Walking,5201242292000,-3.41,9.62,-3.95
946147,1,Walking,5201292310000,0.72,4.33,-0.65
946148,1,Walking,5201342298000,-1.76,1.33,-0.99
946149,1,Walking,5201392316000,-7.46,2.37,-3.36
946150,1,Walking,5201442304000,6.44,13.87,7.12
946151,1,Walking,5201492292000,15.17,16.82,-0.15
946152,1,Walking,5201542310000,0.23,11.8,4.6
946153,1,Walking,5201592298000,-6.43,12.34,-7.74
946154,1,Walking,5201642347000,-5.33,11.88,0.5
946155,1,Walking,5201692334000,-0.72,10.69,-3.95
946156,1,Walking,5201742292000,3.3,7.06,-0.69
946157,1,Walking,5201792341000,3.17,6.47,-1.84
946158,1,Walking,5201842298000,1.5,7.35,2.03
946159,1,Walking,5201892316000,1.23,10.92,-3.17
