,user,label,timestamp,x,y,z
947760,1,Walking,5281902326000,0.5,-2.87,-1.27
947761,1,Walking,5281952649000,-8.05,0.89,-2.98
947762,1,Walking,5282003278000,8.16,14.25,6.82
947763,1,Walking,5282062360000,14.02,15.64,2.64
947764,1,Walking,5282122297000,-4.25,12.76,2.91
947765,1,Walking,5282172345000,-4.37,10.53,-8.27
947766,1,Walking,5282222303000,-2.11,10.42,-1.38
947767,1,Walking,5282272321000,0.15,9.51,-2.72
947768,1,Walking,5282322370000,2.79,6.78,1.42
947769,1,Walking,5282388623000,2.68,7.12,-2.18
947770,1,Walking,5282442304000,3.41,11.03,3.26
947771,1,Walking,5282492292000,5.24,11.37,0.76
947772,1,Walking,5282542310000,8.08,13.02,2.41
947773,1,Walking,5282592298000,12.45,11.84,3.17
947774,1,Walking,5282642316000,4.94,15.89,-1.23
947775,1,Walking,5282692304000,1.33,19.57,-5.94
947776,1,Walking,5282742292000,-6.28,14.56,-3.11
947777,1,Walking,5282792310000,-3.53,5.18,-2.26
947778,1,Walking,5282842298000,1.27,-1.88,-0.8
947779,1,Walking,5282892347000,-3.83,0.04,-2.53
947780,1,Walking,5282942304000,-5.63,9.53,5.98
947781,1,Walking,5282992292000,16.66,19.27,-5.01
947782,1,Walking,5283042310000,4.75,3.15,-1.88
947783,1,Walking,5283092298000,-1.04,19.15,-2.98
947784,1,Walking,5283142316000,-4.9,9.15,-5.79
947785,1,Walking,5283192304000,-3.6,11.07,-0.23
947786,1,Walking,5283242292000,0.0,8.12,-1.73
947787,1,Walking,5283292310000,2.91,6.7,-0.65
947788,1,Walking,5283342298000,3.49,6.89,-1.99
947789,1,Walking,5283392316000,6.4,11.3,4.21
947790,1,Walking,5283442334000,6.02,11.45,1.08
947791,1,Walking,5283492292000,9.19,13.99,3.21
947792,1,Walking,5283542310000,11.65,12.95,1.54
947793,1,Walking,5283592298000,3.76,16.59,-1.76
947794,1,Walking,5283642316000,-0.99,19.57,-7.97
947795,1,Walking,5283692304000,-5.86,12.18,1.42
947796,1,Walking,5283742292000,-1.73,3.57,-2.56
947797,1,Walking,5283792310000,0.42,-1.99,-1.61
947798,1,Walking,5283842298000,-3.49,-1.04,-2.75
947799,1,Walking,5283892316000,-4.94,10.38,5.37
947800,1,Walking,5283942334000,14.86,19.11,-3.79
947801,1,Walking,5283992292000,5.33,11.69,3.87
947802,1,Walking,5284042310000,-5.01,11.92,-9.23
947803,1,Walking,5284092298000,-3.17,3.17,-5.2
947804,1,Walking,5284142316000,-0.89,15.43,-2.11
947805,1,Walking,5284192304000,-1.84,8.92,5.05
947806,1,Walking,5284242292000,3.06,7.59,-1.69
947807,1,Walking,5284292341000,4.4,7.93,-3.34
947808,1,Walking,5284342298000,5.09,10.15,5.6
947809,1,Walking,5284392316000,7.74,13.18,2.41
947810,1,Walking,5284442304000,13.33,11.54,3.79
947811,1,Walking,5284492322000,9.47,15.7,-0.8
947812,1,Walking,5284542310000,1.65,19.23,-4.33
947813,1,Walking,5284592298000,-6.28,18.47,-0.08
947814,1,Walking,5284642316000,-5.63,7.59,-4.06
947815,1,Walking,5284692304000,0.8,-0.08,-1.14
947816,1,Walking,5284742292000,-3.45,-1.12,-1.76
947817,1,Walking,5284792310000,-8.81,19.11,-5.75
947818,1,Walking,5284842298000,19.04,19.11,-5.75
947819,1,Walking,5284892286000,6.63,9.47,-0.23
947820,1,Walking,5284942212000,2.3,17.2,2.49
947821,1,Walking,5284992292000,-5.2,11.22,-10.38
947822,1,Walking,5285042310000,-4.63,8.43,2.11
947823,1,Walking,5285092298000,-1.95,9.47,-0.8
947824,1,Walking,5285142316000,2.98,9.0,-0.76
947825,1,Walking,5285192304000,3.83,6.63,-2.07
947826,1,Walking,5285242292000,3.57,9.85,3.3
947827,1,Walking,5285292310000,5.86,10.57,0.42
947828,1,Walking,5285342298000,9.11,14.52,3.45
947829,1,Walking,5285392316000,13.29,12.22,2.34
947830,1,Walking,5285442304000,4.37,14.86,-0.89
947831,1,Walking,5285492292000,0.08,19.5,-4.33
947832,1,Walking,5285542310000,-7.7,17.16,0.04
947833,1,Walking,5285592298000,-3.64,5.67,-2.49
947834,1,Walking,5285642316000,2.03,-0.46,-0.65
947835,1,Walking,5285692304000,-4.21,0.15,-2.18
947836,1,Walking,5285742292000,-6.7,4.52,4.86
947837,1,Walking,5285792310000,18.96,19.57,-7.08
947838,1,Walking,5285842298000,2.83,5.05,-0.65
947839,1,Walking,5285892316000,-1.84,16.63,2.34
947840,1,Walking,5285942304000,-3.49,11.69,-6.93
947841,1,Walking,5285992261000,-1.76,9.47,-1.27
947842,1,Walking,5286042279000,-0.72,9.81,-1.27
947843,1,Walking,5286092328000,2.98,8.05,0.23
947844,1,Walking,5286142316000,3.34,6.63,-2.26
947845,1,Walking,5286192304000,4.29,10.04,2.41
947846,1,Walking,5286242292000,5.09,9.92,0.57
947847,1,Walking,5286292310000,8.28,16.13,3.11
947848,1,Walking,5286342298000,12.3,12.03,3.72
947849,1,Walking,5286392316000,5.86,13.63,-1.73
947850,1,Walking,5286442304000,1.88,19.31,-3.11
947851,1,Walking,5286492292000,-7.01,17.47,-3.98
947852,1,Walking,5286542310000,-4.52,5.56,-2.79
947853,1,Walking,5286592328000,0.99,-1.08,-0.57
947854,1,Walking,5286642316000,-2.18,-0.3,-2.53
947855,1,Walking,5286692304000,-8.5,6.47,3.41
947856,1,Walking,5286742292000,19.15,19.57,-5.28
947857,1,Walking,5286792310000,3.21,4.14,-0.46
947858,1,Walking,5286842298000,-2.75,18.05,-1.04
947859,1,Walking,5286892316000,-5.33,10.88,-7.4
947860,1,Walking,5286942304000,-2.14,10.42,0.65
947861,1,Walking,5286992261000,0.04,8.69,-1.84
947862,1,Walking,5287042310000,2.98,7.93,-1.31
947863,1,Walking,5287092298000,4.4,5.75,-1.33
947864,1,Walking,5287142316000,5.37,10.08,1.95
947865,1,Walking,5287192304000,4.82,12.03,0.89
947866,1,Walking,5287242292000,7.21,13.25,1.57
947867,1,Walking,5287292310000,13.33,13.02,3.68
947868,1,Walking,5287342298000,3.21,14.33,-1.65
947869,1,Walking,5287392316000,0.76,19.5,-4.71
947870,1,Walking,5287442304000,-5.82,16.36,-1.27
947871,1,Walking,5287492322000,-2.41,5.71,-2.79
947872,1,Walking,5287542310000,0.38,-0.11,-0.46
947873,1,Walking,5287592298000,-3.26,0.31,-1.8
947874,1,Walking,5287642316000,-7.59,7.27,4.67
947875,1,Walking,5287692304000,18.43,19.57,-6.21
947876,1,Walking,5287742292000,3.79,3.68,-1.73
947877,1,Walking,5287792341000,-0.11,17.69,-0.95
947878,1,Walking,5287842298000,-4.18,11.56,-6.78
947879,1,Walking,5287892316000,-5.09,10.76,2.34
947880,1,Walking,5287942304000,-1.14,7.59,-0.99
947881,1,Walking,5287992292000,2.6,7.93,-2.11
947882,1,Walking,5288042310000,4.25,6.89,-2.68
947883,1,Walking,5288092298000,6.02,10.15,2.64
947884,1,Walking,5288142316000,5.41,12.45,1.69
947885,1,Walking,5288192304000,7.27,12.79,1.33
947886,1,Walking,5288242292000,14.18,13.14,3.02
947887,1,Walking,5288292310000,3.49,16.09,-0.72
947888,1,Walking,5288342298000,0.72,19.57,-4.1
947889,1,Walking,5288392316000,-8.27,15.64,-1.04
947890,1,Walking,5288442304000,-4.02,5.01,-2.14
947891,1,Walking,5288492292000,2.07,-1.88,-1.12
947892,1,Walking,5288542310000,-4.02,0.69,-2.96
947893,1,Walking,5288592298000,-5.05,7.74,7.89
947894,1,Walking,5288642316000,18.47,19.46,-5.71
947895,1,Walking,5288692304000,1.12,5.6,0.42
947896,1,Walking,5288742292000,-0.61,18.28,-5.75
947897,1,Walking,5288792310000,-4.44,8.5,-6.47
947898,1,Walking,5288842328000,-2.49,11.56,-2.22
947899,1,Walking,5288892316000,0.57,7.08,0.93
947900,1,Walking,5288942304000,2.98,7.93,-2.03
947901,1,Walking,5288992292000,5.6,5.83,-0.15
947902,1,Walking,5289042279000,5.6,12.15,2.11
947903,1,Walking,5289092298000,4.02,12.3,0.53
947904,1,Walking,5289142316000,10.34,12.07,1.99
947905,1,Walking,5289192304000,11.65,12.07,3.49
947906,1,Walking,5289242322000,2.18,17.31,-2.22
947907,1,Walking,5289292310000,0.34,19.57,-4.99
947908,1,Walking,5289342298000,-10.08,15.32,-0.19
947909,1,Walking,5289392316000,-2.98,2.64,-1.88
947910,1,Walking,5289442304000,3.11,-3.53,-0.5
947911,1,Walking,5289492292000,-4.33,-0.76,-0.57
947912,1,Walking,5289542310000,4.94,11.26,8.28
947913,1,Walking,5289592328000,14.48,18.81,0.89
947914,1,Walking,5289642316000,-1.65,14.67,4.06
947915,1,Walking,5289692304000,-3.79,9.81,-10.5
947916,1,Walking,5289742292000,-4.37,11.69,-4.02
947917,1,Walking,5289792341000,-0.04,10.5,-1.38
947918,1,Walking,5289842298000,1.73,7.25,0.23
947919,1,Walking,5289899518000,2.6,6.93,-2.26
947920,1,Walking,5289899518000,2.6,6.93,-2.26
947921,1,Walking,5289952314000,4.37,9.77,0.19
947922,1,Walking,5290002820000,4.52,10.08,0.57
947923,1,Walking,5290052350000,6.85,13.63,2.18
947924,1,Walking,5290102399000,11.45,12.57,2.34
947925,1,Walking,5290152326000,8.2,12.72,1.18
947926,1,Walking,5290202375000,1.73,18.73,-3.6
947927,1,Walking,5290252362000,-4.14,19.38,-1.92
947928,1,Walking,5290302320000,-5.9,10.19,-3.57
947929,1,Walking,5290352399000,1.54,0.72,-1.84
947930,1,Walking,5290402356000,-1.5,0.42,-1.08
947931,1,Walking,5290452375000,-9.72,3.15,-1.5
947932,1,Walking,5290502362000,15.36,18.28,1.18
947933,1,Walking,5290552320000,5.28,10.76,0.23
947934,1,Walking,5290602338000,2.91,14.33,0.46
947935,1,Walking,5290652326000,-3.41,12.79,-8.39
947936,1,Walking,5290702344000,-2.72,8.28,-0.8
947937,1,Walking,5290752332000,-2.96,7.78,0.42
947938,1,Walking,5290802320000,1.61,9.23,-0.65
947939,1,Walking,5290852338000,4.06,7.12,-2.03
947940,1,Walking,5290902326000,6.47,10.04,1.08
947941,1,Walking,5290952344000,7.06,11.75,3.87
947942,1,Walking,5291002332000,5.94,12.57,0.99
947943,1,Walking,5291052320000,12.53,12.26,4.21
947944,1,Walking,5291102338000,5.28,13.59,-1.76
947945,1,Walking,5291152326000,2.37,19.42,-4.67
947946,1,Walking,5291202344000,-6.74,17.27,-2.26
947947,1,Walking,5291252362000,-4.67,6.13,-1.73
947948,1,Walking,5291302320000,2.6,0.19,-1.23
947949,1,Walking,5291352338000,-2.87,1.12,-1.88
947950,1,Walking,5291402326000,-8.66,5.9,2.15
947951,1,Walking,5291452344000,19.23,19.57,-4.02
947952,1,Walking,5291502332000,3.34,5.01,-1.92
947953,1,Walking,5291552320000,-2.83,17.5,2.45
947954,1,Walking,5291602338000,-5.33,11.75,-6.51
947955,1,Walking,5291652356000,-1.27,9.43,-0.99
947956,1,Walking,5291702741000,-0.15,9.85,-1.65
947957,1,Walking,5291752332000,2.49,8.54,-0.65
947958,1,Walking,5291802320000,3.11,6.09,-2.22
947959,1,Walking,5291852338000,5.83,10.31,-0.42
