,user,label,timestamp,x,y,z
454903,28,Downstairs,3110962261000,0.34,10.88,1.1441092
454904,28,Downstairs,3111012249000,-0.61,8.39,1.8387468999999996
454905,28,Downstairs,3111062267000,1.54,8.89,2.2609777
454906,28,Downstairs,3111112255000,1.46,10.19,3.1054392
454907,28,Downstairs,3111162273000,0.5,9.51,2.9556155
454908,28,Downstairs,3111212231000,0.69,9.0,3.1054392
454909,28,Downstairs,3111262280000,1.12,8.54,2.4108016
454910,28,Downstairs,3111312237000,0.61,8.5,2.7921712000000003
454911,28,Downstairs,3111362377000,-0.08,8.81,2.6423476000000004
454912,28,Downstairs,3111412243000,-0.04,8.39,2.982856
454913,28,Downstairs,3111462261000,0.31,8.31,3.3778462
454914,28,Downstairs,3111512249000,0.04,7.63,4.7535014
454915,28,Downstairs,3111562267000,0.95,7.27,4.7126402999999994
454916,28,Downstairs,3111612255000,1.33,12.34,4.903325
454917,28,Downstairs,3111662243000,-2.45,13.44,5.7886477
454918,28,Downstairs,3111712261000,-2.41,13.29,8.499097
454919,28,Downstairs,3111762280000,0.31,9.47,6.4424243
454920,28,Downstairs,3111812237000,0.08,7.16,3.4459480000000005
454921,28,Downstairs,3111862255000,0.69,5.83,3.5685309999999997
454922,28,Downstairs,3111912273000,0.61,4.99,3.8681788
454923,28,Downstairs,3111962261000,0.15,5.33,4.440233
454924,28,Downstairs,3112012280000,0.57,6.47,4.2495484
454925,28,Downstairs,3112072765000,-0.27,9.77,5.09401
454926,28,Downstairs,3112122204000,0.53,8.81,5.175732
454927,28,Downstairs,3112172283000,-0.11,7.44,5.012288
454928,28,Downstairs,3112222210000,-2.34,11.99,4.7126402999999994
454929,28,Downstairs,3112272259000,0.23,11.69,1.5390993
454930,28,Downstairs,3112322216000,1.8,13.82,2.982856
454931,28,Downstairs,3112372265000,0.72,13.95,3.6774937999999993
454932,28,Downstairs,3112422222000,-0.46,8.66,0.6946376999999999
454933,28,Downstairs,3112472271000,0.11,9.96,1.4982381999999999
454934,28,Downstairs,3112522228000,0.27,8.89,3.214402
454935,28,Downstairs,3112572277000,1.61,8.39,4.2086873
454936,28,Downstairs,3112622234000,1.54,8.16,4.290409599999999
454937,28,Downstairs,3112672314000,0.89,6.47,2.9147543999999996
454938,28,Downstairs,3112722210000,0.19,6.74,2.0294318
454939,28,Downstairs,3112772259000,-0.15,7.01,3.9090397000000006
454940,28,Downstairs,3112822247000,1.84,7.35,4.671779
454941,28,Downstairs,3112872265000,-1.31,14.79,6.5513873
454942,28,Downstairs,3112922222000,-4.56,14.29,7.3958488
454943,28,Downstairs,3112972302000,-4.9,12.45,7.7363577
454944,28,Downstairs,3113022228000,-2.53,8.24,5.1348709999999995
454945,28,Downstairs,3113072308000,-1.92,4.99,3.0645783
454946,28,Downstairs,3113122204000,-2.07,3.3,2.6423476000000004
454947,28,Downstairs,3113172314000,-1.12,1.95,1.8387468999999996
454948,28,Downstairs,3113222210000,0.46,9.23,4.018002500000001
454949,28,Downstairs,3113272259000,-0.69,7.74,5.5162406
454950,28,Downstairs,3113322216000,-0.57,7.86,4.630918
454951,28,Downstairs,3113372295000,-2.87,10.73,5.284695
454952,28,Downstairs,3113422222000,-1.31,12.57,2.2201166000000003
454953,28,Downstairs,3113472271000,5.18,16.21,5.938472
454954,28,Downstairs,3113522289000,-1.14,4.82,3.5276701
454955,28,Downstairs,3113572247000,1.84,11.65,0.5720546
454956,28,Downstairs,3113622326000,0.15,8.81,3.1054392
454957,28,Downstairs,3113682232000,0.38,8.24,2.152015
454958,28,Downstairs,3113732220000,1.38,8.16,4.140586
454959,28,Downstairs,3113782269000,1.61,7.01,4.944186
454960,28,Downstairs,3113832226000,1.12,6.82,3.214402
454961,28,Downstairs,3113882305000,0.53,7.5,3.6366330000000002
454962,28,Downstairs,3113932232000,0.93,6.85,3.7183550000000003
454963,28,Downstairs,3113982281000,0.0,13.02,4.671779
454964,28,Downstairs,3114032238000,-2.83,14.25,5.706926
454965,28,Downstairs,3114082287000,-3.53,14.48,8.539958
454966,28,Downstairs,3114132214000,-0.57,7.27,4.903325
454967,28,Downstairs,3114182293000,0.38,3.64,2.7649305
454968,28,Downstairs,3114232220000,-2.75,0.65,2.5606253
454969,28,Downstairs,3114282299000,-0.8,11.96,3.990762
454970,28,Downstairs,3114383953000,-1.04,11.96,3.990762
454971,28,Downstairs,3114383953000,-1.04,11.96,3.990762
454972,28,Downstairs,3114432171000,0.19,9.7,0.84446156
454973,28,Downstairs,3114482250000,-0.61,15.4,5.47538
454974,28,Downstairs,3114532208000,3.95,12.91,3.5276701
454975,28,Downstairs,3114582348000,2.11,8.08,2.2609777
454976,28,Downstairs,3114642254000,-1.76,9.62,3.4868089999999996
454977,28,Downstairs,3114692242000,-0.04,4.63,4.440233
454978,28,Downstairs,3114742229000,1.57,5.94,3.9090397000000006
454979,28,Downstairs,3114792248000,3.06,8.28,4.0588636
454980,28,Downstairs,3114842236000,0.27,11.07,5.47538
454981,28,Downstairs,3114892254000,-3.64,12.11,4.3993720000000005
454982,28,Downstairs,3114942242000,-0.34,11.03,7.7363577
454983,28,Downstairs,3114992199000,-2.79,8.5,5.0531489999999994
454984,28,Downstairs,3115042278000,0.34,2.64,3.7592160000000003
454985,28,Downstairs,3115092236000,-0.15,-0.11,4.5628166
454987,28,Downstairs,3115142254000,-1.46,14.21,2.3018389
454986,28,Downstairs,3115142254000,-1.46,14.21,2.3018389
454988,28,Downstairs,3115203014000,-1.12,9.23,3.9499009
454989,28,Downstairs,3115252697000,0.11,11.18,2.5333846
454990,28,Downstairs,3115302441000,1.33,13.06,3.7183550000000003
454991,28,Downstairs,3115352276000,3.06,14.56,4.140586
454992,28,Downstairs,3115402874000,-0.61,7.01,2.070293
454993,28,Downstairs,3115452648000,-0.65,9.28,3.9090397000000006
454994,28,Downstairs,3115502392000,2.68,6.51,4.9850473
454995,28,Downstairs,3115552288000,0.0,6.74,3.7592160000000003
454996,28,Downstairs,3115602734000,-0.57,10.0,4.4810944
454997,28,Downstairs,3115652508000,-2.91,12.3,5.243834
454998,28,Downstairs,3115702312000,-2.14,11.88,8.390134
454999,28,Downstairs,3115752941000,-5.94,7.06,5.7886477
455000,28,Downstairs,3115802715000,-0.11,2.83,2.070293
455001,28,Downstairs,3115852459000,-2.26,-1.33,3.2552630000000002
455002,28,Downstairs,3115902264000,-0.15,13.38,1.8796080000000002
455003,28,Downstairs,3115952892000,-4.99,5.67,8.349273
455004,28,Downstairs,3116002697000,-5.09,13.99,-3.9090397000000006
455005,28,Downstairs,3116052502000,4.82,15.83,0.6537767
455006,28,Downstairs,3116102276000,-7.21,7.67,-1.3075534
455007,28,Downstairs,3116152813000,3.26,14.94,-2.6014863999999998
455008,28,Downstairs,3116202557000,5.05,8.89,0.10896278
455009,28,Downstairs,3116252270000,1.54,8.85,1.56634
455010,28,Downstairs,3116302898000,3.17,8.16,2.1111538
455011,28,Downstairs,3116352673000,3.64,7.25,1.607201
455012,28,Downstairs,3116402416000,2.3,12.03,3.4050870000000004
455013,28,Downstairs,3116452282000,0.57,12.95,2.5333846
455014,28,Downstairs,3116502819000,-7.21,11.18,1.607201
455015,28,Downstairs,3116552593000,-2.75,15.83,1.56634
455016,28,Downstairs,3116602306000,5.71,11.6,4.4810944
455017,28,Downstairs,3116652966000,-0.84,5.9,3.4050870000000004
455018,28,Downstairs,3116702740000,-1.88,5.13,3.5276701
455019,28,Downstairs,3116752453000,-0.5,5.13,3.2961242
455020,28,Downstairs,3116802288000,-2.03,5.79,4.671779
455021,28,Downstairs,3116852917000,-0.5,6.78,6.0882955
455022,28,Downstairs,3116902691000,-0.57,8.58,7.586533500000001
455023,28,Downstairs,3116952465000,-1.73,10.31,8.894086999999999
455024,28,Downstairs,3117002270000,-3.87,12.03,6.0201936
455025,28,Downstairs,3117052837000,-2.6,9.47,3.2961242
455026,28,Downstairs,3117102581000,-3.11,6.74,-0.040861044
455027,28,Downstairs,3117152355000,2.37,12.22,-0.0
455028,28,Downstairs,3117202312000,-1.46,9.92,0.8036005
455029,28,Downstairs,3117252636000,-0.76,9.92,0.6537767
455030,28,Downstairs,3117302380000,0.95,10.08,0.7627395
455031,28,Downstairs,3117352306000,0.31,9.92,1.7978859
455032,28,Downstairs,3117402752000,1.04,9.92,2.152015
455033,28,Downstairs,3117452465000,1.38,9.51,2.9147543999999996
455034,28,Downstairs,3117503246000,1.54,8.28,3.6774937999999993
455035,28,Downstairs,3117552990000,1.61,6.93,3.3778462
455036,28,Downstairs,3117602764000,1.84,6.85,3.0237172
455037,28,Downstairs,3117652538000,0.04,6.59,3.5685309999999997
455038,28,Downstairs,3117702251000,0.04,6.89,4.140586
455039,28,Downstairs,3117752941000,0.8,7.44,5.09401
455040,28,Downstairs,3117802563000,-0.19,12.07,5.938472
455041,28,Downstairs,3117852337000,-3.34,14.71,6.1291566
455042,28,Downstairs,3117903118000,-7.16,15.75,9.043911
455043,28,Downstairs,3117952862000,-2.14,7.01,5.243834
455044,28,Downstairs,3118002575000,-2.6,4.25,3.6366330000000002
455045,28,Downstairs,3118052319000,-2.37,2.98,2.2609777
455046,28,Downstairs,3118103008000,-1.42,0.93,2.4516625
455047,28,Downstairs,3118152752000,-0.84,2.79,3.7183550000000003
455048,28,Downstairs,3118202496000,-2.07,13.21,4.5219555
455049,28,Downstairs,3118252270000,-3.64,8.66,6.0882955
455050,28,Downstairs,3118302929000,-4.82,12.83,1.3075534
455051,28,Downstairs,3118352673000,0.89,16.63,1.6889231
455052,28,Downstairs,3118402660000,0.53,14.63,5.666064700000001
455053,28,Downstairs,3118452282000,2.07,11.3,2.4925237
455054,28,Downstairs,3118502819000,0.38,10.31,2.6423476000000004
455055,28,Downstairs,3118552593000,0.19,7.82,2.3699405
455056,28,Downstairs,3118602337000,1.08,8.12,2.9556155
455057,28,Downstairs,3118652264000,-0.27,6.47,3.9499009
455058,28,Downstairs,3118702740000,2.15,6.47,3.4868089999999996
455059,28,Downstairs,3118752453000,1.08,6.32,3.0645783
455060,28,Downstairs,3118802288000,-2.56,12.41,6.469665
455061,28,Downstairs,3118852886000,-0.61,9.85,8.240311
455062,28,Downstairs,3118902630000,-2.72,10.76,10.147159
455063,28,Downstairs,3118952404000,-1.14,6.32,5.666064700000001
455064,28,Downstairs,3119002270000,0.57,1.5,4.018002500000001
455065,28,Downstairs,3119052837000,-0.84,-2.96,1.7297841
455066,28,Downstairs,3119102551000,2.03,16.21,3.9499009
455067,28,Downstairs,3119152325000,-4.21,6.74,0.6946376999999999
455068,28,Downstairs,3119203045000,-0.53,13.99,2.7921712000000003
455069,28,Downstairs,3119252819000,2.98,18.31,8.580819
455070,28,Downstairs,3119302563000,2.26,2.56,2.5606253
455071,28,Downstairs,3119352276000,-0.53,12.87,2.8738932999999998
455072,28,Downstairs,3119412304000,1.54,6.97,4.8216033
455073,28,Downstairs,3119462231000,0.27,5.75,4.140586
455074,28,Downstairs,3119512341000,0.04,6.97,2.3699405
455075,28,Downstairs,3119572247000,-0.69,12.11,4.140586
455076,28,Downstairs,3119622204000,-1.38,13.57,8.158588
455077,28,Downstairs,3119672314000,-5.01,11.07,7.3141264999999995
455078,28,Downstairs,3119722240000,1.8,5.05,3.7864565999999997
455079,28,Downstairs,3119772259000,0.15,-1.33,4.1814466
455080,28,Downstairs,3119822216000,-1.23,6.24,1.2666923
455081,28,Downstairs,3119872265000,0.31,9.43,7.014479
455082,28,Downstairs,3119922222000,-2.18,13.21,-0.53119355
455083,28,Downstairs,3119972271000,0.11,14.82,5.0531489999999994
455084,28,Downstairs,3120022198000,2.83,11.26,6.0882955
455085,28,Downstairs,3120072277000,0.23,7.25,0.14982383
455086,28,Downstairs,3120132305000,-0.15,8.66,0.46309182
455087,28,Downstairs,3120182201000,0.57,7.12,5.1348709999999995
455088,28,Downstairs,3120232342000,-0.08,5.98,4.018002500000001
455089,28,Downstairs,3120282360000,3.57,6.28,4.630918
455090,28,Downstairs,3120332317000,4.56,8.66,5.434519
455091,28,Downstairs,3120382244000,-3.87,15.17,6.2108784
455092,28,Downstairs,3120432232000,-2.18,10.92,6.4015636
455093,28,Downstairs,3120482281000,-6.89,11.8,6.3607025
455094,28,Downstairs,3120532238000,0.72,5.41,3.7864565999999997
455095,28,Downstairs,3120582287000,-1.46,2.87,3.2552630000000002
455096,28,Downstairs,3120632244000,-2.79,0.46,2.6014863999999998
455097,28,Downstairs,3120682201000,1.84,12.6,4.5219555
455098,28,Downstairs,3120732281000,-3.45,7.7,4.290409599999999
455099,28,Downstairs,3120782269000,-0.27,10.57,0.84446156
455100,28,Downstairs,3120832226000,0.27,14.29,4.903325
455101,28,Downstairs,3120882336000,5.6,9.58,3.5957718
455102,28,Downstairs,3120932232000,0.23,6.13,1.4573771999999998
