,user,label,timestamp,x,y,z
955560,1,Walking,5758002759000,-4.71,-1.61,-1.33
955561,1,Walking,5758052320000,-12.56,15.24,8.77
955562,1,Walking,5758102338000,-4.02,13.33,1.65
955563,1,Walking,5758152326000,-6.32,-1.92,1.08
955564,1,Walking,5758202344000,-18.58,9.15,-3.76
955565,1,Walking,5758252332000,-6.89,3.15,0.15
955566,1,Walking,5758302320000,-7.25,3.68,-0.11
955567,1,Walking,5758352308000,-8.24,4.79,-1.8
955568,1,Walking,5758402326000,-5.33,3.79,-2.37
955569,1,Walking,5758452344000,-5.63,5.67,-1.14
955570,1,Walking,5758502393000,-7.89,7.59,0.11
955571,1,Walking,5758552320000,-8.47,9.0,0.46
955572,1,Walking,5758602338000,-7.55,14.56,9.62
955573,1,Walking,5758652326000,-6.02,14.44,-1.65
955574,1,Walking,5758702344000,-6.74,9.47,2.37
955575,1,Walking,5758752332000,-17.67,10.31,-0.99
955576,1,Walking,5758802320000,-18.81,4.52,-1.27
955577,1,Walking,5758852338000,-12.64,0.27,0.61
955578,1,Walking,5758902356000,-2.91,1.42,-0.08
955579,1,Walking,5758952344000,0.23,1.5,-1.88
955580,1,Walking,5759002332000,-3.45,-0.76,-2.26
955581,1,Walking,5759052320000,-8.77,0.57,2.03
955582,1,Walking,5759052320000,-8.77,0.57,2.03
955583,1,Walking,5759117536000,-13.72,19.57,1.38
955584,1,Walking,5759182264000,-11.14,1.38,-0.72
955585,1,Walking,5759232312000,-10.19,4.33,-0.23
955586,1,Walking,5759282422000,-9.08,6.17,-1.38
955587,1,Walking,5759332349000,-8.05,6.59,-1.73
955588,1,Walking,5759382337000,-3.45,3.06,-2.34
955589,1,Walking,5759432325000,-4.59,3.76,-2.07
955590,1,Walking,5759482343000,-6.59,5.56,-1.27
955591,1,Walking,5759532331000,-9.49,7.55,-0.08
955592,1,Walking,5759582349000,-7.97,11.6,9.0
955593,1,Walking,5759632337000,-8.16,9.08,-2.72
955594,1,Walking,5759682325000,-7.59,13.21,-0.72
955595,1,Walking,5759732343000,-4.48,10.95,4.48
955596,1,Walking,5759782331000,-16.04,10.38,-0.11
955597,1,Walking,5759832349000,-17.88,5.9,-3.76
955598,1,Walking,5759882337000,-10.42,0.61,0.15
955599,1,Walking,5759932325000,-5.01,0.95,1.23
955600,1,Walking,5759982343000,-0.95,0.61,-1.92
955601,1,Walking,5760032331000,-3.72,-0.34,-3.91
955602,1,Walking,5760082349000,-9.96,-0.89,2.87
955603,1,Walking,5760132337000,-11.33,19.57,-2.87
955604,1,Walking,5760182325000,-0.69,3.72,2.45
955605,1,Walking,5760232343000,-11.37,2.18,-5.09
955606,1,Walking,5760292310000,-14.18,8.2,-0.53
955607,1,Walking,5760342633000,-6.89,3.79,0.19
955608,1,Walking,5760392347000,-7.97,4.56,-0.53
955609,1,Walking,5760442334000,-6.4,4.86,-0.89
955610,1,Walking,5760492322000,-4.06,3.53,-1.23
955611,1,Walking,5760542341000,-6.82,6.78,-1.92
955612,1,Walking,5760592328000,-8.73,8.28,-0.23
955613,1,Walking,5760642347000,-9.0,9.38,1.08
955614,1,Walking,5760692334000,-6.85,13.67,7.46
955615,1,Walking,5760742322000,-5.86,14.41,-0.5
955616,1,Walking,5760792341000,-11.11,8.66,2.34
955617,1,Walking,5760842298000,-19.04,9.58,-1.8
955618,1,Walking,5760892316000,-16.4,1.65,-1.8
955619,1,Walking,5760942304000,-4.67,-0.72,1.65
955620,1,Walking,5760992292000,-1.46,-0.27,0.19
955621,1,Walking,5761042341000,-2.41,-0.04,-2.45
955622,1,Walking,5761092328000,-9.38,2.34,3.34
955623,1,Walking,5761142377000,-11.8,19.46,-0.46
955624,1,Walking,5761192334000,-0.8,6.05,1.12
955625,1,Walking,5761242322000,-15.7,6.51,-4.21
955626,1,Walking,5761292341000,-9.7,4.14,0.0
955627,1,Walking,5761342298000,-9.08,5.22,-1.14
955628,1,Walking,5761392377000,-7.55,4.9,-0.61
955629,1,Walking,5761442334000,-4.9,3.3,-2.18
955630,1,Walking,5761492627000,-5.18,4.4,-2.07
955631,1,Walking,5761542341000,-6.36,6.32,-1.5
955632,1,Walking,5761592328000,-8.43,7.82,-0.3
955633,1,Walking,5761642347000,-8.54,10.99,6.78
955634,1,Walking,5761692334000,-7.93,11.11,-0.23
955635,1,Walking,5761742322000,-6.51,14.14,0.53
955636,1,Walking,5761792341000,-6.32,8.85,2.79
955637,1,Walking,5761842298000,-16.4,9.96,-2.03
955638,1,Walking,5761892347000,-16.24,4.9,-0.95
955639,1,Walking,5761942334000,-8.58,2.34,-0.08
955640,1,Walking,5761992292000,-4.21,1.88,0.8
955641,1,Walking,5762042341000,-2.18,1.42,-2.03
955642,1,Walking,5762092328000,-4.48,-0.38,-2.6
955643,1,Walking,5762142316000,-9.77,0.53,1.27
955644,1,Walking,5762192334000,-12.41,19.57,0.8
955645,1,Walking,5762242322000,-2.37,8.81,-1.57
955646,1,Walking,5762292371000,-11.99,4.75,-3.6
955647,1,Walking,5762342298000,-11.73,2.53,-0.72
955648,1,Walking,5762392347000,-9.62,3.83,0.23
955649,1,Walking,5762442334000,-6.74,3.91,-1.42
955650,1,Walking,5762492292000,-5.71,4.06,-0.61
955651,1,Walking,5762542310000,-5.37,5.6,-0.61
955652,1,Walking,5762600385000,-6.51,7.5,-1.61
955653,1,Walking,5762652295000,-7.7,8.01,-0.23
955654,1,Walking,5762702344000,-9.85,10.57,5.79
955655,1,Walking,5762752332000,-8.81,11.37,2.15
955656,1,Walking,5762802320000,-5.75,11.41,0.11
955657,1,Walking,5762852338000,-9.96,7.55,2.07
955658,1,Walking,5762902326000,-15.94,7.63,-1.57
955659,1,Walking,5762952344000,-16.97,3.3,-0.15
955660,1,Walking,5763002332000,-6.93,1.33,0.84
955661,1,Walking,5763052320000,-2.83,1.27,0.08
955662,1,Walking,5763102338000,-2.26,2.07,-1.46
955663,1,Walking,5763152295000,-4.37,-0.23,-1.99
955664,1,Walking,5763202344000,-12.49,10.57,8.62
955665,1,Walking,5763252332000,-5.43,16.36,-0.38
955666,1,Walking,5763302320000,-7.25,-1.18,3.15
955667,1,Walking,5763352338000,-14.33,7.35,-2.03
955668,1,Walking,5763402326000,-9.19,5.41,-1.33
955669,1,Walking,5763452344000,-7.04,4.67,-0.91
955670,1,Walking,5763502332000,-7.01,5.24,-2.22
955671,1,Walking,5763552320000,-5.9,4.56,-1.65
955672,1,Walking,5763602338000,-5.28,5.52,-1.38
955673,1,Walking,5763652326000,-6.93,6.7,-0.3
955674,1,Walking,5763702344000,-7.89,7.4,0.0
955675,1,Walking,5763752332000,-8.47,9.47,5.22
955676,1,Walking,5763802320000,-8.73,10.23,1.14
955677,1,Walking,5763852338000,-7.27,14.21,-1.33
955678,1,Walking,5763902326000,-5.13,9.11,3.17
955679,1,Walking,5763952375000,-13.91,9.47,0.8
955680,1,Walking,5764002607000,-17.86,7.5,-1.88
955681,1,Walking,5764052320000,-13.25,1.5,-2.79
955682,1,Walking,5764102338000,-4.4,0.76,2.68
955683,1,Walking,5764152326000,-2.6,0.84,-0.61
955684,1,Walking,5764202344000,-2.79,0.15,-2.6
955685,1,Walking,5764252332000,-8.66,0.72,3.41
955686,1,Walking,5764302320000,-11.37,19.57,-3.53
955687,1,Walking,5764352338000,-3.06,4.6,1.8
955688,1,Walking,5764402326000,-12.45,4.56,-2.64
955689,1,Walking,5764452344000,-11.6,5.37,-0.46
955690,1,Walking,5764502332000,-7.97,3.79,-0.57
955691,1,Walking,5764552320000,-7.65,4.71,-0.76
955692,1,Walking,5764602338000,-5.6,4.63,-0.69
955693,1,Walking,5764652326000,-5.01,4.75,-1.08
955694,1,Walking,5764702344000,-6.55,6.13,-2.53
955695,1,Walking,5764752332000,-8.16,7.46,-0.8
955696,1,Walking,5764802320000,-8.66,8.69,0.04
955697,1,Walking,5764852338000,-7.46,12.34,8.96
955698,1,Walking,5764902326000,-8.08,13.06,0.76
955699,1,Walking,5764952344000,-5.79,9.58,1.33
955700,1,Walking,5765002332000,-13.29,8.89,-0.15
955701,1,Walking,5765052320000,-18.05,7.7,-1.69
955702,1,Walking,5765102338000,-14.06,1.73,-1.04
955703,1,Walking,5765152326000,-4.59,1.08,1.33
955704,1,Walking,5765202253000,-1.76,0.89,-0.57
955705,1,Walking,5765252301000,-2.45,0.84,-3.21
955706,1,Walking,5765302320000,-6.43,-0.8,-1.18
955707,1,Walking,5765352338000,-11.95,19.53,2.76
955708,1,Walking,5765402326000,-12.53,4.79,-4.25
955710,1,Walking,5765462293000,-12.53,4.79,-4.25
955709,1,Walking,5765462293000,-12.53,4.79,-4.25
955711,1,Walking,5765512220000,-6.36,2.72,0.61
955712,1,Walking,5765562330000,-6.36,2.72,0.11
955713,1,Walking,5765612256000,-10.04,5.13,0.11
955714,1,Walking,5765663129000,-6.93,4.82,-0.08
955715,1,Walking,5765713727000,-4.63,4.52,-1.04
955716,1,Walking,5765772321000,-5.09,6.4,-2.79
955717,1,Walking,5765822339000,-8.66,8.31,-0.34
955718,1,Walking,5765872327000,-8.73,9.92,5.43
955719,1,Walking,5765922345000,-8.24,10.69,3.45
955720,1,Walking,5765972333000,-6.21,13.14,0.5
955721,1,Walking,5766022351000,-8.73,8.05,2.03
955722,1,Walking,5766072339000,-16.21,9.51,-2.26
955723,1,Walking,5766122327000,-18.69,2.53,3.11
955724,1,Walking,5766172345000,-9.28,1.95,-1.5
955725,1,Walking,5766222364000,-1.38,1.69,-0.5
955726,1,Walking,5766272260000,-1.33,2.76,-1.46
955727,1,Walking,5766322339000,-4.14,-0.61,-1.69
955728,1,Walking,5766372327000,-9.19,3.53,2.79
955729,1,Walking,5766422345000,-12.72,19.38,3.38
955730,1,Walking,5766472333000,-1.69,2.3,1.12
955731,1,Walking,5766522351000,-12.79,6.78,-5.63
955732,1,Walking,5766572339000,-10.65,5.24,-1.38
955733,1,Walking,5766622327000,-7.04,3.17,0.15
955734,1,Walking,5766672345000,-8.16,4.37,0.11
955735,1,Walking,5766722333000,-6.59,4.9,-0.11
955736,1,Walking,5766772321000,-5.28,4.94,-1.04
955737,1,Walking,5766822339000,-7.12,6.55,-2.49
955738,1,Walking,5766872327000,-7.93,7.55,-0.91
955739,1,Walking,5766922345000,-7.7,8.16,-0.04
955740,1,Walking,5766972333000,-9.15,11.22,4.44
955741,1,Walking,5767022321000,-6.7,11.92,3.06
955742,1,Walking,5767072339000,-5.9,9.89,0.93
955743,1,Walking,5767122327000,-12.11,8.35,0.46
955744,1,Walking,5767172345000,-17.67,8.2,-1.8
955745,1,Walking,5767222333000,-14.98,1.92,-1.23
955746,1,Walking,5767272321000,-4.06,0.69,2.07
955747,1,Walking,5767322339000,-2.07,1.23,-0.15
955748,1,Walking,5767372327000,-3.3,2.22,-2.34
955749,1,Walking,5767422345000,-4.99,-0.19,-1.69
955750,1,Walking,5767472333000,-10.88,18.73,9.15
955751,1,Walking,5767522321000,-3.49,10.08,3.99
955752,1,Walking,5767572339000,-12.3,1.99,-4.1
955753,1,Walking,5767622327000,-14.79,3.57,-0.76
955754,1,Walking,5767672345000,-9.38,3.34,-0.23
955755,1,Walking,5767722333000,-8.43,4.63,-0.69
955756,1,Walking,5767772351000,-6.55,5.75,-0.5
955757,1,Walking,5767822400000,-5.05,5.48,-0.3
955758,1,Walking,5767872327000,-4.18,6.4,-1.92
955759,1,Walking,5767922345000,-7.59,8.31,-2.07
