,user,label,timestamp,x,y,z
958633,1,Walking,5915602308000,-3.87,1.92,-2.68
958634,1,Walking,5915652326000,-7.25,8.39,5.86
958635,1,Walking,5915702344000,14.75,19.57,-10.88
958636,1,Walking,5915752332000,4.06,5.48,6.13
958637,1,Walking,5915802320000,-6.93,14.79,0.53
958638,1,Walking,5915852338000,-6.82,11.41,-1.31
958639,1,Walking,5915902326000,-4.4,10.15,-0.11
958640,1,Walking,5915952344000,-2.11,9.58,-0.19
958641,1,Walking,5916002454000,-1.18,6.89,-0.95
958642,1,Walking,5916052320000,-1.08,6.05,-1.08
958643,1,Walking,5916102308000,-0.61,7.4,-1.53
958644,1,Walking,5916152326000,-1.04,14.02,0.04
958645,1,Walking,5916202344000,1.08,15.02,0.38
958646,1,Walking,5916252301000,6.47,15.28,6.63
958647,1,Walking,5916302350000,6.74,14.33,0.76
958648,1,Walking,5916352338000,-1.42,14.37,0.57
958649,1,Walking,5916402326000,-8.24,19.53,0.19
958650,1,Walking,5916452344000,-12.98,12.57,-0.27
958651,1,Walking,5916502332000,-3.53,4.37,-1.27
958652,1,Walking,5916552320000,2.87,1.18,0.23
958653,1,Walking,5916602308000,-2.72,2.91,-1.61
958654,1,Walking,5916652326000,-6.43,3.11,-3.11
958655,1,Walking,5916702344000,10.61,19.08,0.72
958656,1,Walking,5916752332000,11.03,12.22,7.12
958657,1,Walking,5916802320000,-8.35,12.76,-0.42
958658,1,Walking,5916852369000,-8.85,11.41,-1.88
958659,1,Walking,5916902295000,-6.09,9.85,0.46
958660,1,Walking,5916952344000,-2.37,7.63,1.5
958661,1,Walking,5917002332000,-2.14,6.74,-0.42
958662,1,Walking,5917052320000,-1.92,6.7,-2.07
958663,1,Walking,5917102308000,-1.76,9.92,-1.84
958664,1,Walking,5917152326000,-1.14,14.1,-0.5
958665,1,Walking,5917202344000,1.42,15.28,2.37
958666,1,Walking,5917252332000,3.91,13.06,1.46
958667,1,Walking,5917302320000,6.66,13.76,-0.89
958668,1,Walking,5917352338000,3.49,12.34,0.23
958669,1,Walking,5917402326000,-3.98,19.23,-0.23
958670,1,Walking,5917452344000,-12.56,17.62,-0.89
958671,1,Walking,5917502332000,-9.85,5.71,2.41
958672,1,Walking,5917552350000,0.8,2.3,0.61
958673,1,Walking,5917602338000,0.04,2.91,-1.57
958674,1,Walking,5917652326000,-7.93,1.99,-4.4
958675,1,Walking,5917702344000,7.7,18.47,-0.91
958676,1,Walking,5917752332000,12.49,15.43,-0.08
958677,1,Walking,5917802320000,-2.87,11.26,7.4
958678,1,Walking,5917852338000,-7.86,11.73,-2.34
958679,1,Walking,5917902326000,-6.66,12.37,-0.91
958680,1,Walking,5917952344000,-3.02,8.47,-0.34
958681,1,Walking,5918002637000,-1.8,6.7,-0.53
958682,1,Walking,5918052289000,-1.18,6.63,-1.18
958683,1,Walking,5918102308000,-1.04,7.25,-0.46
958684,1,Walking,5918152295000,-0.95,11.8,-0.46
958685,1,Walking,5918202344000,0.31,14.75,-0.53
958686,1,Walking,5918252332000,6.7,16.28,8.24
958687,1,Walking,5918302320000,5.83,14.75,-2.07
958688,1,Walking,5918352338000,2.07,12.07,0.72
958689,1,Walking,5918402326000,-5.41,19.11,0.57
958690,1,Walking,5918452344000,-11.22,17.31,-2.53
958691,1,Walking,5918502332000,-7.16,6.21,-0.57
958692,1,Walking,5918552289000,0.23,2.49,0.46
958693,1,Walking,5918602308000,-2.22,1.54,-2.79
958694,1,Walking,5918652326000,-9.0,2.11,-1.18
958695,1,Walking,5918702344000,6.13,17.92,1.04
958696,1,Walking,5918752332000,11.5,15.75,-3.36
958697,1,Walking,5918802350000,0.04,10.61,7.86
958698,1,Walking,5918852338000,-7.35,13.06,-1.69
958699,1,Walking,5918902326000,-5.01,11.07,-1.46
958700,1,Walking,5918952344000,-2.72,8.66,-2.75
958701,1,Walking,5919002332000,-2.14,5.94,-1.04
958702,1,Walking,5919052320000,-2.98,5.48,-0.69
958703,1,Walking,5919102308000,-2.91,8.16,-0.11
958704,1,Walking,5919152295000,-1.38,12.18,-0.34
958705,1,Walking,5919202344000,5.01,15.51,7.82
958706,1,Walking,5919252332000,2.91,13.59,-3.76
958707,1,Walking,5919302320000,9.38,14.37,4.79
958708,1,Walking,5919352338000,1.46,12.72,-0.23
958709,1,Walking,5919402326000,-5.86,19.53,-1.38
958710,1,Walking,5919452344000,-10.08,14.44,-0.23
958711,1,Walking,5919502332000,-6.24,7.01,-1.53
958712,1,Walking,5919552320000,2.18,1.23,-0.11
958713,1,Walking,5919602308000,-1.27,2.68,-1.38
958714,1,Walking,5919652326000,-6.7,2.72,-4.1
958716,1,Walking,5919702344000,7.7,17.16,2.53
958715,1,Walking,5919702344000,7.7,17.16,2.53
958717,1,Walking,5919772290000,9.72,12.3,5.13
958718,1,Walking,5919822309000,-6.43,14.86,0.42
958719,1,Walking,5919872358000,-7.7,12.76,-3.64
958720,1,Walking,5919922345000,-5.18,10.69,-1.53
958721,1,Walking,5919972364000,-3.3,8.16,-0.27
958722,1,Walking,5920022321000,-1.92,6.78,-0.69
958723,1,Walking,5920072339000,0.27,7.78,-1.14
958724,1,Walking,5920122358000,1.54,9.19,-0.89
958725,1,Walking,5920172345000,0.61,9.72,-1.23
958726,1,Walking,5920222333000,1.31,14.29,-1.23
958727,1,Walking,5920272290000,3.79,14.44,3.11
958728,1,Walking,5920322339000,8.43,13.87,2.18
958729,1,Walking,5920372327000,1.38,13.91,-1.08
958730,1,Walking,5920422345000,-4.52,19.42,0.04
958731,1,Walking,5920472333000,-9.81,16.25,-3.11
958732,1,Walking,5920522321000,-8.73,8.16,-0.08
958733,1,Walking,5920572339000,0.19,2.83,-0.34
958734,1,Walking,5920622327000,-0.38,1.8,-1.12
958735,1,Walking,5920672345000,-6.17,1.61,-3.21
958736,1,Walking,5920722333000,2.49,13.76,7.63
958737,1,Walking,5920772321000,13.14,17.92,-3.21
958738,1,Walking,5920822339000,-3.57,1.31,6.85
958739,1,Walking,5920872327000,-4.82,18.66,-5.43
958740,1,Walking,5920922345000,-5.63,11.41,-2.96
958741,1,Walking,5920972364000,-2.83,8.58,-0.99
958742,1,Walking,5921022321000,-2.22,9.38,0.19
958743,1,Walking,5921072339000,-0.11,6.51,-0.65
958744,1,Walking,5921122327000,-0.23,6.09,-0.72
958745,1,Walking,5921172345000,-0.69,11.18,-1.46
958746,1,Walking,5921222364000,-0.08,11.41,-1.04
958747,1,Walking,5921272290000,4.37,15.89,5.67
958748,1,Walking,5921322339000,5.98,14.41,0.5
958749,1,Walking,5921372327000,6.82,12.76,-0.11
958750,1,Walking,5921422345000,-1.76,17.5,1.08
958751,1,Walking,5921472333000,-8.77,19.27,-3.64
958752,1,Walking,5921522321000,-10.46,8.31,-0.61
958753,1,Walking,5921572339000,-1.5,2.87,0.15
958754,1,Walking,5921622327000,0.89,1.84,-1.18
958755,1,Walking,5921672345000,-5.33,2.56,-3.79
958756,1,Walking,5921722333000,-2.41,12.07,9.19
958757,1,Walking,5921772321000,14.29,19.15,-6.82
958758,1,Walking,5921822370000,0.99,2.22,4.29
958759,1,Walking,5921872327000,-3.17,16.97,-2.56
958760,1,Walking,5921922345000,-5.56,11.35,-2.11
958761,1,Walking,5921972333000,-3.95,10.88,-2.11
958762,1,Walking,5922022321000,-3.21,8.66,0.15
958763,1,Walking,5922072339000,-1.5,6.21,-0.38
958764,1,Walking,5922122327000,-1.14,6.13,-0.95
958765,1,Walking,5922172345000,-0.95,9.81,-0.57
958766,1,Walking,5922222333000,0.08,11.92,-1.23
958767,1,Walking,5922272321000,3.49,15.17,1.31
958768,1,Walking,5922322339000,6.47,14.9,2.34
958769,1,Walking,5922372327000,7.78,13.29,1.23
958770,1,Walking,5922422345000,-1.69,15.85,0.8
958771,1,Walking,5922472333000,-6.78,19.42,-2.07
958773,1,Walking,5922582135000,-2.22,4.37,-0.04
958772,1,Walking,5922582135000,-2.22,4.37,-0.04
958774,1,Walking,5922632245000,1.54,2.15,-0.61
958775,1,Walking,5922692365000,-4.63,2.45,-2.87
958776,1,Walking,5922742261000,-0.08,11.88,8.54
958777,1,Walking,5922792341000,16.74,18.96,-8.27
958778,1,Walking,5922842328000,-5.01,1.54,13.06
958779,1,Walking,5922892347000,-3.64,17.97,-5.33
958780,1,Walking,5922942334000,-4.75,12.57,-3.68
958781,1,Walking,5922992322000,-1.46,8.31,-1.8
958782,1,Walking,5923042341000,-3.02,7.86,-0.15
958783,1,Walking,5923092328000,-1.8,6.09,-0.46
958784,1,Walking,5923142347000,-2.18,7.12,-0.5
958785,1,Walking,5923192334000,-0.5,12.15,2.34
958786,1,Walking,5923242322000,4.02,12.83,3.34
958787,1,Walking,5923292341000,2.37,13.44,-0.91
958788,1,Walking,5923342328000,6.66,14.98,2.18
958789,1,Walking,5923392347000,7.93,12.76,2.26
958790,1,Walking,5923442304000,-1.76,17.24,-0.27
958791,1,Walking,5923492322000,-7.55,19.04,-3.72
958792,1,Walking,5923542402000,-8.58,11.07,1.38
958793,1,Walking,5923592328000,-2.14,4.86,-1.42
958794,1,Walking,5923642347000,2.45,1.54,-0.11
958795,1,Walking,5923692365000,-2.96,2.03,-1.73
958796,1,Walking,5923742322000,-7.46,2.15,-4.02
958797,1,Walking,5923792371000,14.33,19.57,-2.34
958798,1,Walking,5923842328000,7.55,10.23,5.05
958799,1,Walking,5923892347000,-6.7,10.84,1.88
958800,1,Walking,5923942395000,-7.7,13.18,-3.45
958801,1,Walking,5923992292000,-4.52,11.22,-2.34
958802,1,Walking,5924042341000,-2.75,8.66,-0.19
958803,1,Walking,5924092298000,-1.04,8.35,-1.08
958804,1,Walking,5924142347000,0.5,7.59,-1.57
958805,1,Walking,5924192304000,0.99,8.39,-1.33
958806,1,Walking,5924242322000,0.57,11.69,1.99
958807,1,Walking,5924292341000,1.88,11.18,-0.65
958808,1,Walking,5924342328000,3.83,13.63,1.42
958809,1,Walking,5924392347000,5.75,14.94,2.15
958810,1,Walking,5924442334000,3.53,11.92,-0.27
958811,1,Walking,5924492322000,-2.41,18.24,1.12
958812,1,Walking,5924542341000,-8.43,19.31,-4.44
958813,1,Walking,5924592359000,-8.77,10.08,1.14
958814,1,Walking,5924642347000,-1.5,2.15,-0.57
958815,1,Walking,5924692334000,1.73,0.53,-0.46
958816,1,Walking,5924742322000,-3.98,2.15,-3.34
958817,1,Walking,5924792341000,-8.08,7.5,3.45
958818,1,Walking,5924842328000,13.82,19.57,-8.62
958819,1,Walking,5924892347000,3.02,4.02,1.61
958820,1,Walking,5924942304000,-3.02,15.43,0.0
958821,1,Walking,5924992322000,-5.48,12.49,-2.83
958822,1,Walking,5925042341000,-3.34,9.85,-0.23
958823,1,Walking,5925092298000,-1.84,8.16,-0.57
958824,1,Walking,5925142347000,-1.04,5.56,-0.04
958825,1,Walking,5925192304000,-1.53,6.32,-0.61
958826,1,Walking,5925242353000,-1.33,10.5,-2.14
958827,1,Walking,5925302320000,0.11,12.87,-0.61
958828,1,Walking,5925352338000,2.26,14.79,-0.8
958829,1,Walking,5925402326000,7.89,14.82,10.04
958830,1,Walking,5925452344000,5.41,12.83,-0.65
958831,1,Walking,5925502332000,-2.75,16.44,1.14
958832,1,Walking,5925552320000,-9.28,18.85,-0.34
