,user,label,timestamp,x,y,z
988446,2,Walking,8121302320000,-0.84,10.23,-3.64
988447,2,Walking,8121352338000,-2.34,8.31,-2.49
988448,2,Walking,8121402326000,-1.73,4.52,6.02
988449,2,Walking,8121452344000,2.03,4.6,1.38
988450,2,Walking,8121502332000,-2.72,12.15,2.22
988451,2,Walking,8121552320000,-4.33,14.06,0.5
988452,2,Walking,8121602338000,-3.02,12.83,2.11
988453,2,Walking,8121652326000,-2.18,12.87,0.5
988454,2,Walking,8121702344000,-7.82,11.41,-5.18
988455,2,Walking,8121752332000,-9.38,8.05,-4.56
988456,2,Walking,8121802320000,-3.57,3.53,6.32
988457,2,Walking,8121852369000,-1.53,3.45,-0.15
988458,2,Walking,8121902326000,-1.95,4.6,0.04
988459,2,Walking,8121952344000,-3.11,10.61,4.4
988460,2,Walking,8122002576000,-6.02,17.5,1.38
988461,2,Walking,8122052320000,-6.82,10.46,3.26
988462,2,Walking,8122102338000,-9.0,9.66,-1.12
988463,2,Walking,8122152326000,-9.81,11.96,-5.18
988464,2,Walking,8122202375000,-2.79,8.69,-0.5
988465,2,Walking,8122252332000,2.07,9.47,-3.34
988466,2,Walking,8122302320000,0.5,6.44,-5.18
988467,2,Walking,8122352338000,-0.65,5.33,2.18
988468,2,Walking,8122402326000,-1.84,5.43,8.08
988469,2,Walking,8122452344000,-3.72,13.25,2.87
988470,2,Walking,8122502332000,-2.34,12.6,-0.11
988471,2,Walking,8122552320000,-2.45,10.53,-0.69
988472,2,Walking,8122602338000,-4.25,12.91,0.8
988473,2,Walking,8122652326000,-7.08,10.76,-3.02
988474,2,Walking,8122702344000,-9.53,8.39,-3.17
988475,2,Walking,8122752332000,-4.14,5.37,4.4
988476,2,Walking,8122802320000,-1.04,4.86,0.72
988477,2,Walking,8122852338000,-1.14,5.71,1.12
988478,2,Walking,8122902326000,-1.57,9.23,3.91
988479,2,Walking,8122952344000,-3.87,10.73,0.99
988480,2,Walking,8123002332000,-7.89,14.44,4.86
988481,2,Walking,8123052320000,-7.86,13.02,1.08
988482,2,Walking,8123102338000,-9.34,10.38,-3.91
988483,2,Walking,8123152326000,-2.64,6.55,-0.84
988484,2,Walking,8123202344000,-0.04,10.12,-3.83
988485,2,Walking,8123252332000,-0.65,9.11,-3.49
988486,2,Walking,8123302320000,-2.68,3.57,1.88
988487,2,Walking,8123352338000,0.53,4.67,6.47
988488,2,Walking,8123402326000,-2.26,10.23,3.26
988489,2,Walking,8123452344000,-4.25,11.65,0.08
988490,2,Walking,8123502332000,-2.56,13.72,-0.57
988491,2,Walking,8123552320000,-4.06,13.48,2.03
988492,2,Walking,8123602369000,-5.94,11.6,-2.14
988493,2,Walking,8123652357000,-10.69,9.85,-5.09
988494,2,Walking,8123702344000,-6.85,4.71,0.04
988495,2,Walking,8123752332000,-1.46,4.99,3.76
988496,2,Walking,8123802320000,-1.57,6.05,0.76
988497,2,Walking,8123852338000,-0.11,5.83,1.84
988498,2,Walking,8123902326000,-1.53,10.34,3.21
988499,2,Walking,8123952344000,-6.09,12.95,0.15
988500,2,Walking,8124002790000,-8.43,14.33,4.79
988501,2,Walking,8124052320000,-7.25,11.54,-2.3
988502,2,Walking,8124102338000,-6.02,8.08,-3.64
988503,2,Walking,8124152326000,-2.03,8.05,-0.11
988504,2,Walking,8124202344000,-0.99,10.19,-3.26
988505,2,Walking,8124252332000,-1.08,6.47,-3.36
988506,2,Walking,8124302320000,-1.57,4.33,3.83
988507,2,Walking,8124352369000,-0.34,5.52,5.41
988508,2,Walking,8124402357000,-5.13,13.76,2.6
988509,2,Walking,8124452344000,-4.18,12.34,-0.89
988510,2,Walking,8124502332000,-2.3,12.87,-0.76
988511,2,Walking,8124552320000,-3.76,13.02,0.11
988512,2,Walking,8124602338000,-8.2,10.15,-3.91
988514,2,Walking,8124652326000,-8.73,7.06,-2.72
988513,2,Walking,8124652326000,-8.73,7.06,-2.72
988515,2,Walking,8124722303000,-2.79,4.9,2.15
988516,2,Walking,8124772291000,-0.15,5.6,1.8
988517,2,Walking,8124822339000,-0.95,6.05,3.76
988518,2,Walking,8124872327000,-5.63,9.81,1.38
988519,2,Walking,8124922346000,-6.66,13.1,0.46
988520,2,Walking,8124972333000,-5.13,13.29,5.28
988521,2,Walking,8125022321000,-8.69,12.3,-2.11
988522,2,Walking,8125072339000,-6.09,9.23,-2.98
988523,2,Walking,8125122327000,-1.04,9.43,-0.04
988524,2,Walking,8125172346000,0.04,11.26,-3.64
988525,2,Walking,8125222364000,-2.68,4.02,-1.69
988526,2,Walking,8125272291000,-1.57,2.79,4.86
988527,2,Walking,8125322339000,0.69,6.47,3.15
988528,2,Walking,8125372327000,-3.87,12.11,1.88
988529,2,Walking,8125422346000,-5.37,14.41,1.12
988530,2,Walking,8125472333000,-2.75,13.48,2.83
988531,2,Walking,8125522321000,-4.02,13.8,-1.42
988532,2,Walking,8125572339000,-8.08,10.04,-4.29
988533,2,Walking,8125622327000,-6.32,6.09,-1.5
988534,2,Walking,8125672346000,-1.65,5.43,5.75
988535,2,Walking,8125722333000,-1.18,5.56,0.46
988536,2,Walking,8125772321000,-0.27,6.28,0.89
988537,2,Walking,8125822370000,0.15,9.92,4.14
988538,2,Walking,8125872327000,-3.11,14.06,-0.19
988539,2,Walking,8125922346000,-7.63,14.9,5.56
988540,2,Walking,8125972364000,-7.27,13.14,-1.61
988541,2,Walking,8126022321000,-5.37,8.96,-3.98
988542,2,Walking,8126072339000,1.33,7.63,-3.41
988543,2,Walking,8126122327000,1.08,9.53,-3.36
988544,2,Walking,8126172346000,-6.89,6.89,4.67
988545,2,Walking,8126222364000,-0.57,4.18,3.79
988546,2,Walking,8126272260000,1.84,5.75,-1.5
988547,2,Walking,8126322339000,-3.36,12.07,0.84
988548,2,Walking,8126372327000,-5.13,14.63,4.21
988549,2,Walking,8126422346000,-1.57,12.57,1.5
988550,2,Walking,8126472333000,-3.72,14.41,-0.57
988551,2,Walking,8126522321000,-6.97,10.23,-4.4
988552,2,Walking,8126572339000,-6.24,6.09,-2.56
988553,2,Walking,8126622327000,-3.64,5.83,6.7
988554,2,Walking,8126672346000,-1.14,5.13,-0.89
988555,2,Walking,8126722333000,-1.5,6.09,2.15
988556,2,Walking,8126772321000,-1.53,7.67,3.3
988557,2,Walking,8126822339000,-5.52,12.49,2.91
988558,2,Walking,8126872327000,-7.82,13.06,3.79
988559,2,Walking,8126922346000,-8.08,11.96,0.89
988560,2,Walking,8126972364000,-8.96,10.5,-4.44
988561,2,Walking,8127022321000,-2.96,7.74,-2.75
988562,2,Walking,8127072339000,-0.08,8.62,-1.73
988563,2,Walking,8127122327000,-3.26,8.01,-0.8
988564,2,Walking,8127172346000,-1.8,4.79,4.25
988565,2,Walking,8127222333000,0.61,4.37,0.95
988566,2,Walking,8127272321000,-2.87,11.92,4.9
988567,2,Walking,8127322339000,-5.71,11.03,0.84
988568,2,Walking,8127372327000,-5.98,11.73,-0.61
988569,2,Walking,8127422346000,-4.14,14.14,2.45
988570,2,Walking,8127472364000,-4.52,10.5,-3.21
988571,2,Walking,8127522321000,-7.93,8.66,-6.21
988572,2,Walking,8127632123000,-0.3,7.59,2.22
988573,2,Walking,8127632123000,-0.3,7.59,2.22
988574,2,Walking,8127682233000,-1.5,3.95,-0.15
988575,2,Walking,8127732374000,-2.26,7.21,3.83
988576,2,Walking,8127782270000,-4.02,12.37,2.41
988577,2,Walking,8127832349000,-7.25,11.11,2.18
988578,2,Walking,8127882306000,-6.66,13.82,2.41
988579,2,Walking,8127932325000,-8.81,11.07,-2.87
988580,2,Walking,8127982374000,-2.83,7.31,-1.53
988581,2,Walking,8128032331000,1.61,10.19,-3.72
988582,2,Walking,8128082349000,-1.76,9.62,-4.79
988583,2,Walking,8128132337000,-5.75,5.67,6.47
988584,2,Walking,8128182325000,0.65,4.71,2.37
988585,2,Walking,8128232343000,0.53,7.55,-0.53
988586,2,Walking,8128282331000,-6.28,13.06,3.79
988587,2,Walking,8128332349000,-3.83,12.87,0.95
988588,2,Walking,8128382306000,-1.57,12.79,1.08
988589,2,Walking,8128432325000,-4.02,12.53,-0.61
988590,2,Walking,8128482343000,-8.43,9.92,-4.67
988591,2,Walking,8128532331000,-6.93,6.59,-1.84
988592,2,Walking,8128582319000,-3.02,6.59,5.67
988593,2,Walking,8128632337000,-1.88,5.43,-0.69
988594,2,Walking,8128682325000,-1.69,4.79,1.92
988595,2,Walking,8128732343000,-3.11,9.38,3.53
988596,2,Walking,8128782331000,-4.21,13.1,2.3
988597,2,Walking,8128832349000,-7.04,10.73,2.64
988598,2,Walking,8128882306000,-7.04,13.91,1.69
988599,2,Walking,8128932325000,-7.63,11.45,-2.34
988600,2,Walking,8128982343000,-2.72,7.27,-0.84
988601,2,Walking,8129032331000,0.27,9.58,-2.53
988602,2,Walking,8129082349000,-0.89,8.16,-4.14
988603,2,Walking,8129132337000,-1.88,3.87,0.99
988604,2,Walking,8129182325000,0.0,5.37,6.4
988605,2,Walking,8129232343000,-2.03,10.95,2.91
988606,2,Walking,8129282331000,-5.18,12.53,0.76
988607,2,Walking,8129332349000,-3.91,10.0,0.11
988608,2,Walking,8129382306000,-2.26,12.07,1.31
988609,2,Walking,8129432325000,-4.4,13.67,-0.89
988610,2,Walking,8129482343000,-8.27,10.73,-3.49
988611,2,Walking,8129532331000,-7.27,5.67,-2.34
988612,2,Walking,8129582349000,-5.13,4.25,4.6
988613,2,Walking,8129632337000,-2.96,4.94,-0.15
988614,2,Walking,8129682355000,-2.49,6.59,2.37
988615,2,Walking,8129732343000,-3.02,9.51,3.34
988616,2,Walking,8129782331000,-4.25,11.84,0.38
988617,2,Walking,8129832349000,-6.05,13.44,2.83
988618,2,Walking,8129882306000,-8.77,13.25,1.54
988619,2,Walking,8129932325000,-9.11,11.45,-3.41
988620,2,Walking,8129982374000,-2.03,6.59,-1.42
988621,2,Walking,8130032331000,1.38,8.47,-3.83
988622,2,Walking,8130082349000,-0.69,7.97,-4.1
988623,2,Walking,8130132337000,-3.11,5.9,3.02
988624,2,Walking,8130182325000,1.04,4.63,5.75
988625,2,Walking,8130232343000,-1.69,10.38,0.53
988626,2,Walking,8130302228000,-5.67,13.53,1.23
988627,2,Walking,8130352338000,-2.91,12.45,0.65
988628,2,Walking,8130402326000,-3.57,14.1,-0.84
988629,2,Walking,8130452344000,-7.65,9.77,-3.6
988630,2,Walking,8130502332000,-7.27,6.63,-2.49
988631,2,Walking,8130552320000,-4.71,5.75,4.18
988632,2,Walking,8130602338000,-2.26,6.4,0.89
988633,2,Walking,8130652326000,-1.18,4.6,1.14
988634,2,Walking,8130702344000,-3.41,8.58,2.87
988635,2,Walking,8130752332000,-3.34,12.26,1.95
988636,2,Walking,8130752332000,-3.34,12.26,1.95
988637,2,Walking,8130752332000,-3.34,12.26,1.95
988638,2,Walking,8130863752000,-6.51,13.21,1.33
988639,2,Walking,8130922284000,-9.08,9.96,-3.15
988640,2,Walking,8130972333000,-0.95,6.85,-0.19
988641,2,Walking,8131022321000,-0.23,11.96,-4.18
988642,2,Walking,8131072339000,-2.64,8.5,-2.87
988643,2,Walking,8131122327000,-0.95,3.6,7.12
988644,2,Walking,8131172346000,0.5,4.63,1.92
988645,2,Walking,8131222333000,-4.56,12.18,2.15
