,user,label,timestamp,x,y,z
682979,4,Downstairs,3460872325000,-6.63,13.21,-6.78
682980,4,Downstairs,3460922344000,-3.64,10.19,-8.27
682981,4,Downstairs,3460972331000,-2.34,8.35,-0.99
682982,4,Downstairs,3461022319000,2.6,0.93,3.53
682983,4,Downstairs,3461072337000,-1.04,7.93,0.42
682984,4,Downstairs,3461122325000,4.71,12.45,-1.92
682985,4,Downstairs,3461172344000,-0.11,10.88,-2.34
682986,4,Downstairs,3461222331000,-5.82,11.84,-2.18
682987,4,Downstairs,3461272319000,-5.43,10.95,-5.05
682988,4,Downstairs,3461322337000,-2.91,2.79,-6.82
682989,4,Downstairs,3461372325000,0.11,8.85,-1.38
682990,4,Downstairs,3461422313000,-8.54,18.16,-5.48
682991,4,Downstairs,3461472331000,8.2,7.97,3.02
682992,4,Downstairs,3461522350000,1.5,14.06,-0.5
682993,4,Downstairs,3461572337000,-4.9,8.77,-4.29
682994,4,Downstairs,3461622325000,-2.03,9.62,0.72
682995,4,Downstairs,3461672344000,-1.88,8.54,-0.23
682996,4,Downstairs,3461722362000,-9.0,6.13,-2.56
682997,4,Downstairs,3461772350000,-2.64,15.51,-5.56
682998,4,Downstairs,3461822337000,2.22,11.6,-4.71
682999,4,Downstairs,3461872325000,-0.95,13.33,-2.56
683000,4,Downstairs,3461922344000,0.89,11.8,-3.64
683001,4,Downstairs,3461972362000,3.83,6.21,-1.76
683002,4,Downstairs,3462022319000,2.3,6.28,-4.99
683003,4,Downstairs,3462072612000,-4.14,9.11,-6.63
683004,4,Downstairs,3462122356000,-6.63,14.33,-8.24
683005,4,Downstairs,3462172344000,1.46,11.41,-0.5
683006,4,Downstairs,3462232311000,1.31,8.31,-0.5
683007,4,Downstairs,3462282268000,0.61,11.8,-5.05
683008,4,Downstairs,3462332378000,3.34,12.11,-4.1
683009,4,Downstairs,3462382304000,1.61,6.97,0.46
683010,4,Downstairs,3462432323000,-0.42,10.15,0.69
683011,4,Downstairs,3462482341000,0.53,9.72,1.04
683012,4,Downstairs,3462532329000,0.57,9.23,1.99
683013,4,Downstairs,3462582317000,0.99,8.85,2.96
683014,4,Downstairs,3462632335000,-0.99,10.73,1.23
683015,4,Downstairs,3462682323000,-1.14,12.45,-1.42
683016,4,Downstairs,3462732311000,-1.33,9.38,2.68
683017,4,Downstairs,3462782329000,-2.75,9.89,1.27
683018,4,Downstairs,3462832378000,0.72,9.43,0.11
683019,4,Downstairs,3462882335000,-0.61,8.89,1.31
683020,4,Downstairs,3462932323000,-2.56,9.7,1.73
683021,4,Downstairs,3462982341000,-1.14,9.47,0.8
683022,4,Downstairs,3463032329000,-1.73,9.89,0.72
683023,4,Downstairs,3463082317000,-1.57,9.7,0.8
683024,4,Downstairs,3463132335000,-0.04,10.19,1.31
683025,4,Downstairs,3463182292000,-0.04,12.72,0.93
683026,4,Downstairs,3463232372000,0.38,11.35,-1.42
683027,4,Downstairs,3463282329000,2.26,10.76,-4.33
683028,4,Downstairs,3463332347000,4.67,11.69,-1.84
683029,4,Downstairs,3463382335000,2.72,13.14,2.37
683030,4,Downstairs,3463432323000,-4.02,10.08,1.12
683031,4,Downstairs,3463482341000,-1.95,8.16,-0.84
683032,4,Downstairs,3463532329000,-1.53,7.35,-0.89
683033,4,Downstairs,3463582317000,0.61,6.85,-1.46
683034,4,Downstairs,3463632335000,0.93,8.66,-2.79
683035,4,Downstairs,3463682323000,-0.8,9.58,-5.24
683036,4,Downstairs,3463732311000,-3.64,10.8,-6.43
683037,4,Downstairs,3463782329000,-4.02,12.15,-2.64
683038,4,Downstairs,3463832347000,2.96,8.28,-0.42
683039,4,Downstairs,3463882335000,1.95,10.42,-2.37
683040,4,Downstairs,3463932323000,-1.57,9.77,0.72
683041,4,Downstairs,3463982341000,-1.65,9.92,0.31
683042,4,Downstairs,3464032329000,-0.76,10.57,0.19
683043,4,Downstairs,3464082317000,-0.84,10.08,0.0
683044,4,Downstairs,3464132335000,-1.27,10.15,0.27
683045,4,Downstairs,3464182292000,-0.42,9.85,0.46
683046,4,Downstairs,3464232311000,-0.11,9.85,-0.08
683047,4,Downstairs,3464282329000,-1.88,9.96,0.42
683048,4,Downstairs,3464332347000,-1.31,10.15,-0.11
683049,4,Downstairs,3464382335000,-1.46,9.53,-1.14
683050,4,Downstairs,3464432323000,-2.49,9.11,-1.5
683051,4,Downstairs,3464482372000,-3.34,8.47,-2.34
683052,4,Downstairs,3464532329000,-0.65,9.47,-1.57
683053,4,Downstairs,3464582317000,-0.3,9.96,1.95
683054,4,Downstairs,3464632335000,-4.25,12.07,-0.53
683055,4,Downstairs,3464682323000,-2.53,11.11,-3.98
683056,4,Downstairs,3464732311000,-3.45,8.24,-7.16
683057,4,Downstairs,3464782329000,1.84,6.89,-2.22
683058,4,Downstairs,3464832347000,-0.38,1.99,5.86
683059,4,Downstairs,3464882335000,1.14,6.82,-0.5
683060,4,Downstairs,3464932323000,2.37,11.14,-1.33
683061,4,Downstairs,3464982341000,0.76,13.57,-3.17
683062,4,Downstairs,3465032298000,-6.43,13.57,-1.57
683063,4,Downstairs,3465082317000,-2.91,8.54,-8.88
683064,4,Downstairs,3465132335000,-6.59,-3.06,-1.23
683065,4,Downstairs,3465182323000,-1.33,15.66,-6.02
683067,4,Downstairs,3465232341000,-3.34,13.82,-4.67
683066,4,Downstairs,3465232341000,-3.34,13.82,-4.67
683068,4,Downstairs,3465293041000,2.98,11.5,4.99
683069,4,Downstairs,3465342967000,-11.65,10.65,-8.47
683070,4,Downstairs,3465392986000,-5.01,5.01,2.56
683071,4,Downstairs,3465442973000,6.13,2.87,2.76
683072,4,Downstairs,3465492961000,5.37,14.6,0.34
683073,4,Downstairs,3465542980000,0.57,11.73,-1.65
683074,4,Downstairs,3465592967000,-3.64,11.84,-1.08
683075,4,Downstairs,3465642986000,-7.08,9.11,-7.86
683076,4,Downstairs,3465692943000,-4.67,-0.3,-5.98
683077,4,Downstairs,3465752300000,2.91,13.99,-1.42
683078,4,Downstairs,3465802318000,-11.65,16.09,-5.18
683079,4,Downstairs,3465852336000,3.06,9.85,4.21
683080,4,Downstairs,3465902324000,-4.75,13.21,-6.78
683081,4,Downstairs,3465952342000,-4.33,10.61,-8.05
683082,4,Downstairs,3466002635000,-3.41,7.7,3.79
683083,4,Downstairs,3466052348000,4.21,2.3,2.56
683084,4,Downstairs,3466102336000,3.06,14.14,0.15
683085,4,Downstairs,3466152324000,1.31,12.18,-0.95
683086,4,Downstairs,3466202342000,-3.3,7.63,-1.12
683087,4,Downstairs,3466252391000,-5.13,1.84,-3.21
683088,4,Downstairs,3466302348000,-1.04,4.52,-13.72
683089,4,Downstairs,3466352336000,-0.15,18.2,9.08
683090,4,Downstairs,3466402324000,-7.78,12.22,-4.67
683091,4,Downstairs,3466452342000,-0.38,10.5,-5.24
683092,4,Downstairs,3466502330000,-4.71,12.72,-3.95
683093,4,Downstairs,3466552348000,3.91,2.64,1.84
683094,4,Downstairs,3466602336000,0.34,14.44,1.99
683095,4,Downstairs,3466652324000,2.83,13.44,-1.8
683096,4,Downstairs,3466702342000,-1.99,8.31,-0.95
683097,4,Downstairs,3466752330000,-8.88,4.71,-6.17
683098,4,Downstairs,3466802348000,-7.74,-1.18,-4.71
683099,4,Downstairs,3466852367000,4.18,16.74,1.95
683100,4,Downstairs,3466902629000,-8.58,16.36,-8.16
683101,4,Downstairs,3466982311000,3.34,10.92,-2.68
683102,4,Downstairs,3467032298000,-3.53,13.33,0.93
683103,4,Downstairs,3467082378000,4.63,0.61,3.72
683104,4,Downstairs,3467132366000,0.15,9.51,1.57
683105,4,Downstairs,3467182323000,3.95,13.57,0.69
683106,4,Downstairs,3467232341000,-0.19,12.11,0.34
683107,4,Downstairs,3467292430000,-6.47,9.89,-6.21
683108,4,Downstairs,3467292430000,-6.47,9.89,-6.21
683109,4,Downstairs,3467342967000,-7.82,1.08,-10.99
683110,4,Downstairs,3467392986000,0.19,9.28,-0.61
683111,4,Downstairs,3467442973000,-2.75,17.58,-9.15
683112,4,Downstairs,3467493022000,3.99,7.93,6.55
683113,4,Downstairs,3467543041000,-10.95,17.27,-9.11
683114,4,Downstairs,3467593028000,0.23,8.08,5.01
683115,4,Downstairs,3467643047000,1.08,2.68,5.63
683116,4,Downstairs,3467693034000,0.89,8.43,2.68
683117,4,Downstairs,3467743022000,2.96,14.37,-1.76
683118,4,Downstairs,3467793041000,-0.69,12.26,-8.69
683119,4,Downstairs,3467842998000,-9.43,9.89,-10.15
683120,4,Downstairs,3467892986000,-4.9,9.66,-6.05
683121,4,Downstairs,3467943034000,3.68,12.03,11.8
683122,4,Downstairs,3467993022000,1.27,11.35,0.46
683123,4,Downstairs,3468042980000,7.5,11.92,15.13
683124,4,Downstairs,3468093028000,1.46,12.49,-8.12
683125,4,Downstairs,3468143047000,0.93,9.0,4.86
683126,4,Downstairs,3468193004000,-7.7,7.31,4.63
683127,4,Downstairs,3468243022000,-6.97,7.93,0.89
683128,4,Downstairs,3468293041000,-4.21,9.23,1.33
683129,4,Downstairs,3468342998000,0.57,11.41,-3.87
683130,4,Downstairs,3468393047000,-2.49,11.99,-1.46
683131,4,Downstairs,3468443034000,-2.34,16.82,-0.15
683132,4,Downstairs,3468493022000,5.09,10.65,-8.35
683133,4,Downstairs,3468543010000,6.85,14.98,-0.27
683134,4,Downstairs,3468592967000,1.65,12.64,2.45
683135,4,Downstairs,3468643047000,-3.64,8.39,0.84
683136,4,Downstairs,3468693004000,-0.61,7.16,-0.84
683137,4,Downstairs,3468743022000,0.23,6.13,0.34
683138,4,Downstairs,3468793071000,2.07,5.98,-0.3
683139,4,Downstairs,3468843028000,1.46,6.78,-1.31
683140,4,Downstairs,3468893047000,-1.42,9.66,-2.56
683141,4,Downstairs,3468942973000,-9.04,16.66,-11.73
683142,4,Downstairs,3468993022000,-0.5,13.53,-6.21
683143,4,Downstairs,3469043041000,2.34,7.21,-1.69
683144,4,Downstairs,3469092967000,-0.04,9.11,-2.34
683145,4,Downstairs,3469143016000,3.06,14.41,-4.06
683146,4,Downstairs,3469202373000,4.06,6.85,0.31
683147,4,Downstairs,3469252330000,-1.46,10.27,1.12
683148,4,Downstairs,3469302348000,-0.61,10.19,1.14
683149,4,Downstairs,3469352336000,-0.3,9.72,1.12
683150,4,Downstairs,3469402324000,1.5,10.34,0.0
683151,4,Downstairs,3469452312000,1.5,9.47,1.23
683152,4,Downstairs,3469502330000,-0.04,10.0,1.69
683153,4,Downstairs,3469552318000,-0.38,10.0,1.57
683154,4,Downstairs,3469602336000,-1.18,9.72,1.12
683155,4,Downstairs,3469652324000,-3.72,10.04,0.99
683156,4,Downstairs,3469702342000,-4.06,9.51,0.5
683157,4,Downstairs,3469752330000,-1.18,10.0,-0.38
683158,4,Downstairs,3469802318000,-0.3,10.0,-0.84
683159,4,Downstairs,3469852336000,-1.42,10.34,1.33
683160,4,Downstairs,3469902324000,-1.14,11.45,0.61
683161,4,Downstairs,3469952342000,-3.83,14.18,0.11
683162,4,Downstairs,3470002635000,2.72,11.65,-8.47
683163,4,Downstairs,3470052409000,6.13,12.57,-0.95
683164,4,Downstairs,3470102336000,2.96,14.25,3.6
683165,4,Downstairs,3470152324000,-6.02,8.66,1.61
683166,4,Downstairs,3470202342000,-1.12,7.4,-1.23
683167,4,Downstairs,3470262218000,-0.11,6.21,-0.42
683168,4,Downstairs,3470312328000,2.6,5.75,-1.69
683169,4,Downstairs,3470362346000,1.27,7.59,-2.26
683170,4,Downstairs,3470412364000,-1.46,9.04,-4.52
683171,4,Downstairs,3470462322000,-2.07,10.5,-3.79
683172,4,Downstairs,3470512340000,-1.99,11.96,-4.71
683173,4,Downstairs,3470562328000,-0.15,10.99,-4.33
683174,4,Downstairs,3470612315000,0.08,8.39,-3.3
683175,4,Downstairs,3470682353000,-3.6,-3.68,5.28
683176,4,Downstairs,3470732189000,1.95,6.89,-4.9
683177,4,Downstairs,3470782268000,-8.39,17.88,0.31
683178,4,Downstairs,3470832378000,3.11,11.8,-4.18
