,user,label,timestamp,x,y,z
990846,2,Walking,8241302320000,-0.84,9.58,8.85
990847,2,Walking,8241352369000,-4.86,12.26,-0.34
990848,2,Walking,8241402326000,-4.33,12.98,-1.27
990849,2,Walking,8241452344000,-1.57,13.33,3.95
990850,2,Walking,8241502332000,-6.59,12.98,-1.12
990851,2,Walking,8241552320000,-8.12,8.5,-5.71
990852,2,Walking,8241602338000,-5.79,3.72,-1.18
990853,2,Walking,8241652326000,-3.95,4.79,4.1
990854,2,Walking,8241702375000,-2.96,5.71,0.08
990855,2,Walking,8241752332000,-1.38,6.74,1.88
990856,2,Walking,8241802320000,-2.03,9.43,2.15
990857,2,Walking,8241852338000,-5.94,13.87,0.34
990858,2,Walking,8241902326000,-10.99,12.3,4.56
990859,2,Walking,8241952314000,-9.28,10.73,-2.37
990860,2,Walking,8242002546000,-7.59,10.88,-4.56
990861,2,Walking,8242052320000,-1.95,8.85,-0.99
990862,2,Walking,8242102308000,-0.19,8.89,-4.21
990863,2,Walking,8242152326000,-0.57,5.9,-3.34
990864,2,Walking,8242202344000,-1.5,4.86,0.08
990865,2,Walking,8242252332000,-0.57,7.01,10.27
990866,2,Walking,8242302320000,-3.41,11.35,3.72
990867,2,Walking,8242352338000,-4.4,10.99,-1.73
990868,2,Walking,8242402326000,-2.91,11.03,-1.33
990869,2,Walking,8242452314000,-3.91,14.41,5.28
990870,2,Walking,8242502332000,-4.99,10.88,-1.73
990871,2,Walking,8242552320000,-7.27,8.16,-5.2
990872,2,Walking,8242602338000,-8.5,5.83,2.91
990873,2,Walking,8242652357000,-2.83,5.98,1.92
990874,2,Walking,8242702344000,-1.73,3.99,-0.84
990875,2,Walking,8242752332000,-2.6,5.75,1.84
990876,2,Walking,8242802320000,-3.79,11.75,4.1
990877,2,Walking,8242852338000,-7.44,15.17,0.34
990878,2,Walking,8242902326000,-6.02,10.76,2.41
990879,2,Walking,8242952314000,-10.04,12.83,-2.87
990880,2,Walking,8243002332000,-6.05,7.74,-3.34
990881,2,Walking,8243052320000,-0.91,6.66,-0.42
990882,2,Walking,8243102338000,-0.99,9.53,-3.45
990883,2,Walking,8243152326000,-2.3,6.7,-3.49
990884,2,Walking,8243202344000,-1.5,5.05,3.38
990885,2,Walking,8243252332000,1.12,7.67,8.62
990886,2,Walking,8243302320000,-4.82,10.99,1.46
990887,2,Walking,8243352338000,-4.9,12.6,-1.53
990888,2,Walking,8243402326000,-3.17,13.21,0.57
990889,2,Walking,8243452314000,-5.09,13.67,0.53
990890,2,Walking,8243502332000,-7.04,9.04,-3.83
990891,2,Walking,8243552320000,-8.05,5.24,-3.36
990892,2,Walking,8243602338000,-5.05,5.01,4.52
990893,2,Walking,8243652326000,-2.18,5.63,0.42
990894,2,Walking,8243702344000,-1.18,4.94,0.61
990895,2,Walking,8243752332000,-2.56,9.15,1.95
990896,2,Walking,8243802320000,-6.21,14.14,0.89
990897,2,Walking,8243852338000,-8.69,11.26,3.49
990898,2,Walking,8243902418000,-7.59,10.46,0.11
990899,2,Walking,8243952314000,-8.16,9.23,-4.82
990900,2,Walking,8244002942000,-3.11,7.46,-2.18
990901,2,Walking,8244052320000,-2.14,10.76,-3.21
990902,2,Walking,8244102338000,-2.07,8.39,-3.41
990903,2,Walking,8244152326000,-1.65,4.06,2.79
990904,2,Walking,8244202344000,2.96,3.6,5.98
990905,2,Walking,8244252332000,-2.37,10.5,3.64
990906,2,Walking,8244302320000,-4.79,13.8,-0.91
990907,2,Walking,8244352338000,-3.41,12.53,-0.99
990908,2,Walking,8244352338000,-3.41,12.53,-0.99
990909,2,Walking,8244422284000,-3.41,14.6,2.37
990910,2,Walking,8244472303000,-9.28,11.03,-6.02
990911,2,Walking,8244522321000,-9.23,4.79,-0.91
990912,2,Walking,8244572339000,-3.79,3.38,3.17
990913,2,Walking,8244622327000,-1.73,5.83,0.76
990914,2,Walking,8244672346000,-1.27,4.56,-0.04
990915,2,Walking,8244722333000,-2.34,8.01,2.18
990916,2,Walking,8244772321000,-5.13,14.52,0.72
990917,2,Walking,8244822339000,-10.27,14.14,5.22
990918,2,Walking,8244872327000,-9.72,11.18,-2.83
990919,2,Walking,8244922346000,-9.38,10.99,-4.48
990920,2,Walking,8244972333000,-1.61,7.55,-0.84
990921,2,Walking,8245022321000,0.65,8.28,-3.68
990922,2,Walking,8245072339000,-0.3,5.71,-3.76
990923,2,Walking,8245122327000,-1.76,4.56,-0.27
990924,2,Walking,8245172346000,0.65,6.74,9.81
990925,2,Walking,8245222364000,-2.22,11.92,3.6
990926,2,Walking,8245272260000,-5.56,12.98,-1.84
990927,2,Walking,8245322339000,-4.48,10.92,0.8
990928,2,Walking,8245372327000,-2.6,13.95,2.37
990929,2,Walking,8245422346000,-6.63,12.41,-2.68
990930,2,Walking,8245472364000,-9.04,8.77,-5.56
990931,2,Walking,8245522321000,-6.43,2.96,7.35
990932,2,Walking,8245572339000,-2.14,4.79,-0.84
990933,2,Walking,8245622327000,-1.53,3.02,-0.53
990934,2,Walking,8245672346000,-3.02,6.32,2.03
990935,2,Walking,8245722333000,-5.41,15.83,4.1
990936,2,Walking,8245772321000,-4.52,13.63,1.42
990937,2,Walking,8245822339000,-7.08,10.19,-0.91
990938,2,Walking,8245872327000,-11.56,12.6,-4.9
990939,2,Walking,8245922346000,-3.21,6.66,-1.14
990940,2,Walking,8245972364000,-0.42,8.69,-0.89
990941,2,Walking,8246022321000,-1.23,9.7,-4.29
990942,2,Walking,8246072339000,-1.42,6.05,-0.46
990943,2,Walking,8246122327000,0.34,3.68,4.21
990944,2,Walking,8246172346000,-1.84,8.77,5.63
990945,2,Walking,8246222333000,-4.52,12.11,0.27
990946,2,Walking,8246272321000,-4.25,13.4,-1.31
990947,2,Walking,8246322339000,-4.02,14.79,1.92
990948,2,Walking,8246372327000,-4.59,11.11,-0.99
990949,2,Walking,8246422346000,-6.63,8.08,-4.29
990950,2,Walking,8246472547000,-6.59,4.99,0.99
990951,2,Walking,8246522352000,-2.49,5.22,2.3
990952,2,Walking,8246572339000,-2.68,4.18,-1.33
990953,2,Walking,8246622327000,-3.17,5.75,2.03
990954,2,Walking,8246672346000,-4.56,12.22,3.95
990955,2,Walking,8246722333000,-5.56,14.9,0.0
990956,2,Walking,8246772321000,-6.63,12.07,1.31
990957,2,Walking,8246822339000,-10.88,12.49,-3.79
990958,2,Walking,8246872327000,-4.25,7.16,-2.41
990959,2,Walking,8246922346000,-0.53,8.24,-0.91
990960,2,Walking,8246972364000,-1.12,8.73,-4.25
990961,2,Walking,8247022321000,-2.07,5.24,-1.65
990962,2,Walking,8247072339000,-0.19,4.56,3.38
990963,2,Walking,8247122327000,-0.53,7.67,6.44
990964,2,Walking,8247172346000,-5.98,12.83,1.04
990965,2,Walking,8247222333000,-4.29,13.38,-1.42
990966,2,Walking,8247332136000,-4.33,11.5,-0.76
990967,2,Walking,8247332136000,-4.33,11.5,-0.76
990968,2,Walking,8247382276000,-6.59,7.82,-5.82
990969,2,Walking,8247432386000,-6.66,4.86,-2.53
990970,2,Walking,8247482313000,-3.83,4.75,6.97
990971,2,Walking,8247532331000,-2.18,4.48,-0.19
990972,2,Walking,8247582349000,-3.26,6.24,0.76
990973,2,Walking,8247632337000,-4.18,11.11,2.96
990974,2,Walking,8247682325000,-6.28,14.33,1.18
990975,2,Walking,8247732343000,-7.5,12.41,1.57
990976,2,Walking,8247782361000,-11.33,11.88,-3.6
990977,2,Walking,8247832349000,-5.6,7.12,-3.21
990978,2,Walking,8247882337000,-1.84,7.35,-0.46
990979,2,Walking,8247932325000,-0.99,9.15,-4.79
990980,2,Walking,8247982374000,-0.61,5.79,-3.41
990981,2,Walking,8248032331000,-0.27,5.75,-0.04
990982,2,Walking,8248082349000,-0.42,7.97,9.51
990983,2,Walking,8248132337000,-4.29,11.96,3.68
990984,2,Walking,8248182325000,-3.79,13.48,-1.53
990985,2,Walking,8248232343000,-3.49,13.25,-0.65
990986,2,Walking,8248282331000,-4.71,12.3,1.31
990987,2,Walking,8248332349000,-6.55,9.58,-3.98
990988,2,Walking,8248382337000,-9.08,6.63,-3.76
990989,2,Walking,8248432325000,-3.02,3.21,5.43
990990,2,Walking,8248482343000,-1.84,5.01,0.46
990991,2,Walking,8248532331000,-1.88,5.13,0.11
990992,2,Walking,8248582349000,-4.18,9.38,2.53
990993,2,Walking,8248632337000,-6.78,16.17,1.12
990994,2,Walking,8248682325000,-7.93,12.34,2.26
990995,2,Walking,8248732343000,-10.57,10.15,-4.06
990996,2,Walking,8248782331000,-6.85,7.89,-4.1
990997,2,Walking,8248832349000,-1.57,7.5,-0.34
990998,2,Walking,8248882337000,0.34,9.7,-3.72
990999,2,Walking,8248932325000,-1.38,6.66,-3.95
991000,2,Walking,8248982343000,-0.34,5.13,4.02
991001,2,Walking,8249032331000,-0.5,6.28,7.5
991002,2,Walking,8249082380000,-5.48,13.87,2.3
991003,2,Walking,8249132337000,-2.56,12.45,-0.8
991004,2,Walking,8249182325000,-1.33,11.41,-1.57
991005,2,Walking,8249232343000,-4.71,14.86,-0.27
991006,2,Walking,8249282331000,-8.66,10.99,-3.17
991007,2,Walking,8249332349000,-9.0,2.53,4.1
991008,2,Walking,8249382337000,-3.6,4.52,-0.27
991009,2,Walking,8249432325000,-2.14,5.48,-0.3
991010,2,Walking,8249482313000,-1.38,5.22,1.5
991011,2,Walking,8249532331000,-2.79,10.19,3.76
991012,2,Walking,8249582349000,-5.79,14.67,0.27
991013,2,Walking,8249632337000,-7.25,11.6,3.45
991014,2,Walking,8249682325000,-9.72,12.34,-2.22
991015,2,Walking,8249732343000,-7.89,9.19,-4.37
991016,2,Walking,8249782331000,-1.04,6.74,-0.65
991017,2,Walking,8249832349000,-0.84,9.96,-3.64
991018,2,Walking,8249882337000,-2.03,6.74,-3.79
991019,2,Walking,8249932325000,-1.8,4.52,4.21
991020,2,Walking,8249982343000,1.88,6.66,4.6
991021,2,Walking,8250032331000,-4.9,11.8,3.11
991022,2,Walking,8250082349000,-4.99,11.99,-0.42
991023,2,Walking,8250132337000,-2.91,12.15,0.5
991024,2,Walking,8250182325000,-3.64,14.67,2.98
991025,2,Walking,8250232343000,-6.13,10.31,-2.91
991026,2,Walking,8250292249000,-7.44,6.89,-5.33
991027,2,Walking,8250342359000,-6.7,2.83,6.97
991028,2,Walking,8250392347000,-3.53,5.56,-0.04
991029,2,Walking,8250442335000,-2.22,6.28,0.65
991030,2,Walking,8250492322000,-2.53,8.85,2.98
991031,2,Walking,8250542341000,-4.44,13.8,0.38
991032,2,Walking,8250592328000,-8.2,11.73,2.53
991033,2,Walking,8250642347000,-9.53,12.07,0.08
991034,2,Walking,8250692335000,-7.89,10.61,-4.18
991035,2,Walking,8250742322000,-1.92,6.7,-2.22
991036,2,Walking,8250792341000,-0.76,8.69,-2.75
991037,2,Walking,8250842328000,-0.84,7.67,-3.15
991038,2,Walking,8250892347000,-1.84,4.86,-0.89
991039,2,Walking,8250942335000,-2.03,5.52,7.63
991040,2,Walking,8250992353000,-2.18,10.99,4.75
991041,2,Walking,8251042371000,-5.09,12.11,-1.31
991042,2,Walking,8251092328000,-4.33,11.18,0.46
991043,2,Walking,8251142347000,-2.96,14.86,4.9
991044,2,Walking,8251192335000,-4.63,11.11,-1.31
991045,2,Walking,8251242322000,-7.08,8.58,-6.02
