,user,label,timestamp,x,y,z
1009673,2,Walking,9716402295000,-5.18,9.51,1.04
1009674,2,Walking,9716452314000,-5.43,9.43,-1.12
1009675,2,Walking,9716502302000,-10.38,11.92,2.15
1009676,2,Walking,9716552289000,-9.96,10.34,-0.65
1009677,2,Walking,9716602338000,-6.78,7.44,-5.86
1009678,2,Walking,9716652295000,-3.79,7.55,-1.92
1009679,2,Walking,9716702314000,1.46,9.47,-3.49
1009680,2,Walking,9716752302000,0.65,6.13,-5.6
1009681,2,Walking,9716802259000,-5.56,6.13,0.31
1009682,2,Walking,9716852308000,-3.68,7.46,4.99
1009683,2,Walking,9716902295000,-5.2,10.92,3.38
1009684,2,Walking,9716952314000,-7.89,9.23,0.95
1009685,2,Walking,9717002332000,-4.75,10.15,-2.11
1009686,2,Walking,9717052289000,-4.21,12.26,-1.38
1009687,2,Walking,9717102338000,-10.65,10.04,-0.95
1009688,2,Walking,9717152295000,-9.89,3.49,-1.53
1009689,2,Walking,9717202314000,-6.21,0.69,-1.65
1009690,2,Walking,9717261060000,-3.02,5.01,-2.72
1009691,2,Walking,9717261060000,-3.02,5.01,-2.72
1009692,2,Walking,9717312696000,-3.41,9.04,1.54
1009693,2,Walking,9717362317000,-5.41,6.51,4.71
1009694,2,Walking,9717412885000,-5.98,7.55,0.5
1009695,2,Walking,9717462537000,-9.53,9.0,0.46
1009696,2,Walking,9717513105000,-9.53,10.61,3.3
1009697,2,Walking,9717562726000,-10.38,10.0,-1.8
1009698,2,Walking,9717612379000,-5.41,6.89,-4.82
1009699,2,Walking,9717662885000,1.38,6.85,-5.94
1009700,2,Walking,9717712507000,-6.32,7.16,-1.84
1009701,2,Walking,9717763135000,-8.16,2.96,7.21
1009702,2,Walking,9717812726000,-1.69,3.17,-0.76
1009703,2,Walking,9717862409000,-3.87,8.24,-2.34
1009704,2,Walking,9717912855000,-7.93,10.19,2.15
1009705,2,Walking,9717962446000,-6.66,8.89,2.68
1009706,2,Walking,9718012983000,-8.62,10.88,0.42
1009707,2,Walking,9718062604000,-7.93,10.12,-3.17
1009708,2,Walking,9718113264000,-6.4,6.4,-4.79
1009709,2,Walking,9718172346000,-7.08,4.21,-3.3
1009710,2,Walking,9718232313000,-4.37,5.94,1.31
1009711,2,Walking,9718282300000,-0.99,7.86,-0.08
1009712,2,Walking,9718332319000,-4.82,7.01,3.41
1009713,2,Walking,9718382337000,-6.02,6.93,2.18
1009714,2,Walking,9718432325000,-6.66,10.0,-0.38
1009715,2,Walking,9718482343000,-10.15,9.92,3.21
1009716,2,Walking,9718532331000,-9.96,11.56,0.61
1009717,2,Walking,9718582349000,-6.51,8.2,-4.52
1009718,2,Walking,9718632337000,-1.42,7.93,-4.71
1009719,2,Walking,9718682325000,0.31,9.19,-5.37
1009720,2,Walking,9718732343000,-7.74,6.44,0.19
1009721,2,Walking,9718782331000,-5.33,1.54,6.09
1009722,2,Walking,9718832349000,-1.61,6.89,0.19
1009723,2,Walking,9718882337000,-5.56,11.11,-0.95
1009724,2,Walking,9718932355000,-7.27,7.06,0.89
1009725,2,Walking,9718982374000,-6.78,9.04,0.0
1009726,2,Walking,9719032331000,-7.16,14.9,0.61
1009727,2,Walking,9719082349000,-8.5,9.89,-2.14
1009728,2,Walking,9719132398000,-7.63,2.91,-2.79
1009729,2,Walking,9719182325000,-6.89,0.89,1.14
1009730,2,Walking,9719232343000,-1.65,7.21,-0.42
1009731,2,Walking,9719282331000,-2.72,8.47,-0.08
1009732,2,Walking,9719332349000,-6.74,7.86,2.45
1009733,2,Walking,9719382337000,-5.24,9.38,2.49
1009734,2,Walking,9719432325000,-6.59,8.58,0.15
1009735,2,Walking,9719482343000,-10.88,10.38,2.07
1009736,2,Walking,9719532331000,-11.54,11.75,-0.8
1009737,2,Walking,9719582349000,-2.41,7.12,-4.63
1009738,2,Walking,9719632368000,3.79,7.7,-5.41
1009739,2,Walking,9719682355000,-4.44,7.5,-2.56
1009740,2,Walking,9719732343000,-9.62,4.33,4.79
1009741,2,Walking,9719782331000,-2.68,4.71,0.46
1009742,2,Walking,9719832349000,-3.36,9.72,-0.95
1009743,2,Walking,9719882337000,-5.43,8.92,2.26
1009744,2,Walking,9719932325000,-6.63,8.85,0.34
1009745,2,Walking,9719982374000,-5.13,11.6,-0.11
1009746,2,Walking,9720032331000,-7.55,12.11,-0.99
1009747,2,Walking,9720082349000,-8.81,6.93,-1.42
1009748,2,Walking,9720132337000,-6.13,2.49,-1.65
1009749,2,Walking,9720182325000,-7.5,3.68,-1.53
1009750,2,Walking,9720232343000,-2.53,7.86,-0.99
1009751,2,Walking,9720282331000,-2.41,8.47,0.93
1009752,2,Walking,9720332349000,-5.09,6.13,3.57
1009753,2,Walking,9720382337000,-6.43,8.66,1.57
1009754,2,Walking,9720432325000,-6.28,9.19,0.31
1009755,2,Walking,9720482343000,-9.49,9.58,3.95
1009756,2,Walking,9720532361000,-8.27,9.72,2.45
1009757,2,Walking,9720582349000,-7.04,8.47,-2.91
1009758,2,Walking,9720632337000,-3.21,7.59,-4.71
1009759,2,Walking,9720682325000,-0.34,9.43,-5.94
1009760,2,Walking,9720732343000,-7.93,8.01,-1.38
1009761,2,Walking,9720782331000,-5.37,1.65,5.09
1009762,2,Walking,9720832349000,-0.8,5.24,-0.53
1009763,2,Walking,9720882337000,-5.18,8.24,-1.76
1009764,2,Walking,9720932355000,-9.89,9.3,1.65
1009765,2,Walking,9720982374000,-5.18,10.34,0.38
1009766,2,Walking,9721032331000,-4.79,13.48,-0.84
1009767,2,Walking,9721082471000,-7.82,10.04,-2.91
1009768,2,Walking,9721132337000,-10.65,4.4,-3.72
1009769,2,Walking,9721182325000,-10.11,1.61,-2.11
1009770,2,Walking,9721232343000,-2.07,3.95,-0.91
1009771,2,Walking,9721282331000,0.65,7.31,0.65
1009772,2,Walking,9721332349000,-4.02,8.28,2.3
1009773,2,Walking,9721382337000,-7.89,9.66,2.98
1009774,2,Walking,9721432325000,-7.44,9.51,-0.8
1009775,2,Walking,9721482343000,-9.08,10.08,3.45
1009776,2,Walking,9721532331000,-9.47,10.84,0.38
1009777,2,Walking,9721582654000,-5.98,8.12,-4.18
1009778,2,Walking,9721632337000,-1.33,8.39,-4.25
1009779,2,Walking,9721682325000,1.92,9.19,-4.56
1009780,2,Walking,9721732343000,-6.36,7.12,-0.34
1009781,2,Walking,9721782300000,-7.12,3.38,4.75
1009782,2,Walking,9721832288000,-1.53,5.9,0.0
1009783,2,Walking,9721882306000,-4.75,9.53,-1.46
1009784,2,Walking,9721932325000,-6.21,9.77,0.95
1009785,2,Walking,9721982343000,-5.24,9.58,2.07
1009786,2,Walking,9722032300000,-6.55,12.72,1.04
1009787,2,Walking,9722082288000,-6.13,11.96,-1.04
1009788,2,Walking,9722152357000,-5.67,7.4,-3.41
1009789,2,Walking,9722202253000,-6.17,3.87,-3.79
1009790,2,Walking,9722252332000,-8.08,4.48,2.03
1009791,2,Walking,9722302259000,-1.84,6.28,0.11
1009792,2,Walking,9722352308000,-2.83,7.63,1.31
1009793,2,Walking,9722402295000,-6.09,7.5,1.92
1009794,2,Walking,9722452314000,-5.98,10.8,0.89
1009795,2,Walking,9722502302000,-8.96,10.34,0.8
1009796,2,Walking,9722552289000,-9.04,11.41,1.08
1009797,2,Walking,9722602338000,-7.12,9.62,-2.11
1009798,2,Walking,9722652295000,-2.83,8.12,-3.95
1009799,2,Walking,9722702314000,1.61,9.89,-5.56
1009800,2,Walking,9722752302000,-3.64,7.4,-3.57
1009801,2,Walking,9722802289000,-6.74,3.17,5.79
1009802,2,Walking,9722852308000,-0.95,3.83,0.0
1009803,2,Walking,9722902295000,-5.13,8.85,-0.95
1009804,2,Walking,9722952314000,-8.62,11.8,1.14
1009805,2,Walking,9723002302000,-5.33,10.88,1.31
1009806,2,Walking,9723052289000,-4.06,13.02,-1.57
1009807,2,Walking,9723102338000,-7.27,10.38,-3.34
1009808,2,Walking,9723152295000,-8.92,7.01,-5.37
1009809,2,Walking,9723202344000,-9.3,2.6,-2.68
1009810,2,Walking,9723252302000,-3.41,2.3,1.54
1009811,2,Walking,9723302289000,-1.95,4.48,0.31
1009812,2,Walking,9723352308000,-3.41,8.16,-0.08
1009813,2,Walking,9723402295000,-6.13,11.14,3.53
1009814,2,Walking,9723452314000,-5.43,9.89,0.95
1009815,2,Walking,9723502302000,-9.0,9.38,1.5
1009816,2,Walking,9723552289000,-10.99,11.5,0.72
1009817,2,Walking,9723602338000,-7.46,8.35,-3.49
1009818,2,Walking,9723652295000,-1.23,8.85,-4.86
1009819,2,Walking,9723702314000,-0.23,10.34,-5.71
1009820,2,Walking,9723752302000,-6.59,5.33,0.04
1009821,2,Walking,9723802289000,-5.75,1.88,3.79
1009822,2,Walking,9723852308000,-2.49,5.24,-0.15
1009823,2,Walking,9723902295000,-5.82,10.84,1.88
1009824,2,Walking,9723952314000,-5.6,8.01,1.99
1009825,2,Walking,9724002546000,-4.86,11.45,-0.15
1009826,2,Walking,9724052289000,-5.41,12.76,3.02
1009827,2,Walking,9724102338000,-7.21,9.15,-1.18
1009828,2,Walking,9724152295000,-5.94,6.02,-4.59
1009829,2,Walking,9724202314000,-8.73,4.63,-3.02
1009830,2,Walking,9724252363000,-5.05,6.93,1.38
1009831,2,Walking,9724302289000,-0.27,6.55,0.04
1009832,2,Walking,9724352308000,-3.36,8.16,3.02
1009833,2,Walking,9724402295000,-5.67,7.25,3.68
1009834,2,Walking,9724452314000,-3.72,11.07,0.53
1009835,2,Walking,9724502302000,-6.05,9.92,2.18
1009836,2,Walking,9724552289000,-9.49,13.33,3.3
1009837,2,Walking,9724602338000,-9.96,10.65,-2.26
1009838,2,Walking,9724652295000,-2.07,6.02,-4.02
1009839,2,Walking,9724702314000,1.92,8.96,-5.43
1009840,2,Walking,9724752302000,-6.55,9.11,-2.18
1009841,2,Walking,9724802289000,-7.16,2.68,6.24
1009842,2,Walking,9724852308000,0.65,3.17,0.27
1009843,2,Walking,9724902295000,-5.33,9.3,0.11
1009844,2,Walking,9724952314000,-8.16,11.5,2.49
1009845,2,Walking,9725002302000,-3.6,10.08,1.23
1009846,2,Walking,9725052320000,-4.99,14.1,0.76
1009847,2,Walking,9725102338000,-8.54,11.22,-0.72
1009848,2,Walking,9725152295000,-8.39,6.24,-3.6
1009849,2,Walking,9725202253000,-7.21,3.6,-4.06
1009850,2,Walking,9725252302000,-6.51,3.41,1.42
1009851,2,Walking,9725302289000,-0.89,5.63,0.15
1009852,2,Walking,9725352308000,-1.42,7.86,0.61
1009853,2,Walking,9725402295000,-5.48,12.15,4.33
1009854,2,Walking,9725452314000,-2.64,10.46,2.03
1009855,2,Walking,9725502302000,-6.74,8.85,-0.69
1009856,2,Walking,9725552320000,-10.5,11.92,3.34
1009857,2,Walking,9725602308000,-9.11,12.03,-0.65
1009858,2,Walking,9725652295000,-3.36,7.27,-3.45
1009859,2,Walking,9725702314000,2.56,8.39,-4.75
1009860,2,Walking,9725752302000,-2.22,8.54,-5.67
1009861,2,Walking,9725802289000,-11.69,5.13,7.63
1009862,2,Walking,9725852308000,0.04,2.41,2.07
1009863,2,Walking,9725902295000,-2.45,8.43,-2.45
1009864,2,Walking,9725952314000,-7.89,12.76,1.61
1009865,2,Walking,9726002576000,-4.48,9.34,3.02
1009866,2,Walking,9726052289000,-4.29,10.0,1.88
1009867,2,Walking,9726102338000,-7.35,13.02,-0.08
1009868,2,Walking,9726152295000,-8.24,7.93,-3.3
1009869,2,Walking,9726202314000,-7.16,4.82,-3.53
1009870,2,Walking,9726252332000,-6.7,3.57,-0.53
1009871,2,Walking,9726302289000,-2.41,7.46,0.99
1009872,2,Walking,9726352308000,-1.99,7.74,1.95
