,user,label,timestamp,x,y,z
1010273,2,Walking,9746382306000,-1.27,2.68,-1.73
1010274,2,Walking,9746432294000,-1.33,5.79,1.99
1010275,2,Walking,9746482313000,-5.82,14.82,5.37
1010276,2,Walking,9746532331000,-7.27,15.51,-1.33
1010277,2,Walking,9746582349000,-7.89,10.53,0.53
1010278,2,Walking,9746632337000,-10.53,12.45,-6.17
1010279,2,Walking,9746682325000,-3.6,8.28,-4.99
1010280,2,Walking,9746732343000,-0.5,8.08,-3.95
1010281,2,Walking,9746782331000,-0.99,4.94,-2.53
1010282,2,Walking,9746832349000,-3.34,2.15,1.14
1010283,2,Walking,9746882337000,-4.25,3.3,3.45
1010284,2,Walking,9746932325000,-3.41,12.18,3.91
1010285,2,Walking,9746982343000,-7.82,12.07,0.65
1010286,2,Walking,9747032331000,-6.21,8.39,-0.95
1010287,2,Walking,9747082349000,-5.37,13.63,-2.64
1010288,2,Walking,9747140363000,-7.55,13.48,-5.28
1010289,2,Walking,9747202283000,-6.89,5.67,-4.44
1010290,2,Walking,9747252271000,-5.48,2.3,6.44
1010291,2,Walking,9747302320000,-1.95,3.64,-0.34
1010292,2,Walking,9747352338000,-2.03,3.76,-1.53
1010293,2,Walking,9747402295000,-1.92,8.24,0.0
1010294,2,Walking,9747452314000,-4.79,16.17,4.14
1010295,2,Walking,9747502302000,-6.89,11.8,1.33
1010296,2,Walking,9747552289000,-9.77,10.34,-2.79
1010297,2,Walking,9747602338000,-7.82,8.81,-6.93
1010298,2,Walking,9747652295000,-4.9,7.7,-4.29
1010299,2,Walking,9747702314000,-4.06,9.38,-3.72
1010300,2,Walking,9747752302000,-1.31,5.37,-2.53
1010301,2,Walking,9747802289000,-4.29,2.76,1.95
1010302,2,Walking,9747852308000,0.76,3.99,2.07
1010303,2,Walking,9747902295000,-3.21,10.88,2.68
1010304,2,Walking,9747952314000,-9.72,13.4,-1.31
1010305,2,Walking,9748002820000,-7.65,9.08,-0.76
1010306,2,Walking,9748052289000,-3.21,11.5,-2.87
1010307,2,Walking,9748102338000,-7.46,12.37,-6.36
1010308,2,Walking,9748152295000,-10.0,8.01,-7.55
1010309,2,Walking,9748202314000,-7.08,2.72,4.75
1010310,2,Walking,9748252302000,-1.18,4.56,1.38
1010311,2,Walking,9748302289000,-0.72,4.82,0.42
1010312,2,Walking,9748352308000,-2.96,6.24,3.26
1010313,2,Walking,9748402295000,-7.5,10.95,-0.61
1010314,2,Walking,9748452314000,-8.16,13.8,-1.99
1010315,2,Walking,9748502302000,-7.31,10.84,2.91
1010316,2,Walking,9748552289000,-11.03,10.65,-6.09
1010317,2,Walking,9748602369000,-4.18,6.85,-4.82
1010318,2,Walking,9748652295000,-2.87,9.38,-2.56
1010319,2,Walking,9748702314000,-1.73,8.81,-3.79
1010320,2,Walking,9748752302000,-0.69,3.38,-2.56
1010321,2,Walking,9748802289000,-1.46,0.99,2.18
1010322,2,Walking,9748852308000,-4.56,9.08,5.13
1010323,2,Walking,9748902295000,-6.09,13.1,1.76
1010324,2,Walking,9748952314000,-4.1,11.92,-1.69
1010325,2,Walking,9749002271000,-5.28,11.99,-1.69
1010326,2,Walking,9749052289000,-5.63,10.73,-3.49
1010327,2,Walking,9749102338000,-9.7,9.47,-9.47
1010328,2,Walking,9749152295000,-9.34,4.63,-3.34
1010329,2,Walking,9749202314000,-0.53,3.6,6.32
1010330,2,Walking,9749252302000,-1.65,4.02,-0.65
1010331,2,Walking,9749302289000,-2.64,5.18,-0.34
1010332,2,Walking,9749352308000,-7.21,11.41,3.06
1010333,2,Walking,9749402295000,-9.72,13.53,-3.64
1010334,2,Walking,9749452314000,-9.7,9.81,3.15
1010335,2,Walking,9749502302000,-7.86,8.5,-4.9
1010336,2,Walking,9749552289000,-5.9,10.23,-6.09
1010337,2,Walking,9749602308000,-1.33,10.84,-2.68
1010338,2,Walking,9749652295000,0.84,9.15,-4.67
1010339,2,Walking,9749702314000,-0.65,4.02,-3.26
1010340,2,Walking,9749752302000,-3.02,1.18,0.19
1010341,2,Walking,9749802289000,-5.52,5.13,4.21
1010342,2,Walking,9749852338000,-6.51,12.95,1.04
1010343,2,Walking,9749902326000,-6.51,13.48,-0.42
1010344,2,Walking,9749952314000,-3.53,13.29,-1.5
1010345,2,Walking,9750002515000,-4.75,11.73,-2.07
1010346,2,Walking,9750052289000,-7.01,8.12,-6.97
1010347,2,Walking,9750102308000,-9.47,4.71,-7.27
1010348,2,Walking,9750152295000,-4.86,1.84,2.98
1010349,2,Walking,9750202314000,-1.38,4.1,2.07
1010350,2,Walking,9750252302000,-2.64,3.99,-0.91
1010351,2,Walking,9750302289000,-4.99,9.34,1.5
1010352,2,Walking,9750352338000,-7.82,17.12,-1.12
1010353,2,Walking,9750402295000,-7.86,11.35,1.88
1010354,2,Walking,9750452314000,-8.5,9.58,-4.33
1010355,2,Walking,9750502302000,-8.2,9.81,-7.01
1010356,2,Walking,9750552289000,-3.83,8.01,-3.41
1010357,2,Walking,9750602552000,-1.27,8.69,-3.68
1010358,2,Walking,9750652295000,-0.69,6.17,-3.64
1010359,2,Walking,9750702314000,-2.22,3.64,-1.38
1010360,2,Walking,9750752302000,-4.44,4.94,4.14
1010361,2,Walking,9750802289000,-3.83,9.15,4.06
1010362,2,Walking,9750852308000,-5.13,9.19,1.04
1010363,2,Walking,9750902295000,-4.48,11.65,-1.88
1010364,2,Walking,9750952314000,-6.47,14.29,-2.87
1010365,2,Walking,9751002302000,-6.66,11.35,-5.71
1010366,2,Walking,9751052289000,-8.08,7.82,-7.7
1010367,2,Walking,9751102338000,-7.59,4.1,3.41
1010368,2,Walking,9751152326000,-2.41,4.75,0.57
1010369,2,Walking,9751202314000,-2.22,3.45,-1.61
1010370,2,Walking,9751252302000,-2.26,4.52,1.18
1010371,2,Walking,9751302289000,-5.09,11.84,3.64
1010372,2,Walking,9751352338000,-6.7,14.14,-3.57
1010373,2,Walking,9751402295000,-9.11,11.37,1.65
1010374,2,Walking,9751452314000,-8.31,10.8,-3.11
1010375,2,Walking,9751502302000,-6.63,8.5,-5.9
1010376,2,Walking,9751552289000,-2.07,7.55,-2.49
1010377,2,Walking,9751602308000,-1.31,9.43,-3.57
1010378,2,Walking,9751652295000,-0.38,5.43,-3.26
1010379,2,Walking,9751702314000,-2.22,2.22,-1.08
1010380,2,Walking,9751752302000,-5.01,5.79,4.21
1010381,2,Walking,9751802289000,-8.39,13.59,4.37
1010382,2,Walking,9751852308000,-3.53,9.81,-0.23
1010383,2,Walking,9751902295000,-3.72,13.02,-2.49
1010384,2,Walking,9751952314000,-6.63,13.76,-3.53
1010385,2,Walking,9752002546000,-7.89,9.51,-7.44
1010386,2,Walking,9752052289000,-8.47,2.37,6.02
1010387,2,Walking,9752102338000,-4.56,2.37,6.02
1010388,2,Walking,9752152265000,-2.68,4.4,-1.27
1010389,2,Walking,9752202222000,-2.45,4.18,0.0
1010390,2,Walking,9752252332000,-4.4,8.35,3.06
1010391,2,Walking,9752302289000,-6.05,11.6,-1.53
1010392,2,Walking,9752352308000,-7.4,16.86,2.96
1010393,2,Walking,9752402326000,-8.39,9.3,1.33
1010394,2,Walking,9752452314000,-9.3,9.0,-8.43
1010395,2,Walking,9752502302000,-3.02,7.16,-3.15
1010396,2,Walking,9752552289000,-0.57,8.2,-2.56
1010397,2,Walking,9752602308000,-0.3,5.9,-3.49
1010398,2,Walking,9752652295000,-2.6,3.53,-2.26
1010399,2,Walking,9752702314000,-4.9,3.57,1.92
1010400,2,Walking,9752752302000,-5.28,9.19,3.83
1010401,2,Walking,9752802289000,-5.43,14.79,0.8
1010402,2,Walking,9752852308000,-7.63,14.71,1.18
1010403,2,Walking,9752902295000,-6.24,11.75,-3.68
1010404,2,Walking,9752952314000,-7.78,9.43,-8.73
1010405,2,Walking,9753002332000,-8.31,5.48,-5.98
1010406,2,Walking,9753052289000,-4.48,3.34,5.41
1010407,2,Walking,9753102308000,-1.69,3.57,-0.27
1010408,2,Walking,9753152295000,-0.53,2.87,-0.11
1010409,2,Walking,9753202314000,-2.56,9.19,1.84
1010410,2,Walking,9753252302000,-5.37,18.66,1.38
1010411,2,Walking,9753302289000,-8.66,11.75,3.41
1010412,2,Walking,9753352308000,-10.15,8.81,-1.53
1010413,2,Walking,9753402295000,-8.47,9.38,-5.82
1010414,2,Walking,9753452314000,-2.72,7.86,-4.18
1010415,2,Walking,9753502302000,0.84,8.85,-3.72
1010416,2,Walking,9753552289000,-0.57,5.9,-3.91
1010417,2,Walking,9753602308000,-3.41,2.41,0.31
1010418,2,Walking,9753652295000,-2.75,3.57,1.57
1010419,2,Walking,9753702344000,-4.75,11.92,1.12
1010420,2,Walking,9753752302000,-7.65,15.98,0.89
1010421,2,Walking,9753802289000,-3.79,11.65,0.19
1010422,2,Walking,9753852277000,-3.68,11.65,-3.91
1010423,2,Walking,9753902295000,-8.58,11.84,-9.43
1010424,2,Walking,9753952314000,-10.31,6.89,-5.75
1010425,2,Walking,9754002515000,-3.17,2.03,6.13
1010426,2,Walking,9754052289000,-1.61,3.02,-0.38
1010427,2,Walking,9754102308000,-1.76,2.64,-1.18
1010428,2,Walking,9754152295000,-4.21,7.12,1.76
1010429,2,Walking,9754202314000,-6.24,15.51,0.65
1010430,2,Walking,9754252302000,-4.9,13.29,0.46
1010431,2,Walking,9754302289000,-10.15,10.95,-2.34
1010432,2,Walking,9754352338000,-11.26,11.56,-8.35
1010433,2,Walking,9754402295000,-3.17,8.01,-3.06
1010434,2,Walking,9754452283000,-0.8,9.81,-3.06
1010435,2,Walking,9754502302000,0.04,6.59,-4.02
1010436,2,Walking,9754552289000,-1.27,2.64,-1.84
1010437,2,Walking,9754602308000,-2.83,1.5,3.21
1010438,2,Walking,9754652295000,-3.15,8.54,3.49
1010439,2,Walking,9754702314000,-7.44,16.7,-0.34
1010440,2,Walking,9754752302000,-4.52,10.88,-0.5
1010441,2,Walking,9754802289000,-2.68,11.84,-1.42
1010442,2,Walking,9754852308000,-6.7,12.79,-4.4
1010443,2,Walking,9754902295000,-8.92,8.35,-8.77
1010444,2,Walking,9754952314000,-7.97,1.14,4.18
1010445,2,Walking,9755002302000,-3.26,3.41,0.57
1010446,2,Walking,9755052289000,-2.87,4.94,-2.11
1010447,2,Walking,9755102308000,-3.36,7.59,2.53
1010448,2,Walking,9755152295000,-4.02,10.04,2.49
1010449,2,Walking,9755202344000,-5.43,9.89,-3.41
1010450,2,Walking,9755252302000,-9.0,14.6,1.69
1010451,2,Walking,9755302320000,-10.11,11.69,0.42
1010452,2,Walking,9755352369000,-5.86,7.59,-6.55
1010453,2,Walking,9755402295000,-1.73,7.82,-5.33
1010454,2,Walking,9755452314000,-0.61,8.43,-5.48
1010455,2,Walking,9755502363000,-1.99,4.56,-1.95
1010456,2,Walking,9755552289000,-5.28,2.26,3.87
1010457,2,Walking,9755602338000,0.08,5.94,2.07
1010458,2,Walking,9755652326000,-6.4,13.99,1.65
1010459,2,Walking,9755702314000,-7.55,13.4,0.11
1010460,2,Walking,9755752302000,-3.68,11.35,0.19
1010461,2,Walking,9755802320000,-4.63,12.6,-0.42
1010462,2,Walking,9755852338000,-6.63,9.96,-5.01
1010463,2,Walking,9755902295000,-8.73,6.85,-8.92
1010464,2,Walking,9755952314000,-6.28,2.91,0.31
1010465,2,Walking,9756002637000,-1.27,4.86,4.33
1010466,2,Walking,9756052289000,-2.53,4.14,-0.57
1010467,2,Walking,9756102369000,-3.91,6.36,1.99
1010468,2,Walking,9756152295000,-6.36,12.18,2.53
1010469,2,Walking,9756202314000,-8.96,14.52,-1.08
1010470,2,Walking,9756252363000,-8.35,9.47,3.95
1010471,2,Walking,9756302289000,-7.78,8.28,-5.01
1010472,2,Walking,9756352308000,-5.71,8.5,-5.18
