,user,label,timestamp,x,y,z
870133,3,Walking,100922341590000,-3.38,11.99,-3.68
870134,3,Walking,100922381476000,-5.01,12.22,-2.26
870135,3,Walking,100922421516000,-9.89,14.1,1.69
870136,3,Walking,100922501563000,-1.23,3.95,-0.93
870137,3,Walking,100922541602000,-0.38,2.37,-2.64
870138,3,Walking,100922581489000,-1.08,1.46,-2.45
870139,3,Walking,100922621497000,-2.72,0.31,-2.07
870140,3,Walking,100922701514000,-8.77,15.47,11.92
870141,3,Walking,100922741614000,-2.56,8.08,1.65
870142,3,Walking,100922781501000,-3.6,11.14,0.46
870143,3,Walking,100922821540000,-11.37,13.95,3.02
870144,3,Walking,100922901527000,-3.41,7.01,-2.07
870145,3,Walking,100922941596000,-4.6,14.41,-3.53
870146,3,Walking,100922981513000,-1.42,9.62,-2.34
870147,3,Walking,100923021522000,0.11,4.75,0.57
870148,3,Walking,100923101478000,-3.79,8.28,0.46
870149,3,Walking,100923141608000,-3.38,10.46,3.17
870150,3,Walking,100923181586000,-1.99,10.57,1.99
870151,3,Walking,100923221534000,0.11,13.06,1.14
870152,3,Walking,100923301581000,-3.87,13.14,0.72
870153,3,Walking,100923341682000,-2.15,15.47,-4.48
870154,3,Walking,100923381599000,-5.67,15.83,-1.73
870155,3,Walking,100923421516000,-8.43,13.82,2.41
870156,3,Walking,100923501502000,-1.31,3.17,-0.42
870157,3,Walking,100923541694000,-0.8,1.27,-3.38
870158,3,Walking,100923581519000,-1.57,0.76,-4.63
870159,3,Walking,100923621619000,-2.76,-0.3,-3.02
870160,3,Walking,100923701514000,-9.43,15.13,12.26
870161,3,Walking,100923741645000,-6.09,9.19,3.72
870162,3,Walking,100923781715000,-4.25,13.53,0.27
870163,3,Walking,100923821509000,-6.09,4.6,-3.64
870164,3,Walking,100923901527000,-5.48,12.34,-1.92
870165,3,Walking,100923942603000,-1.69,11.69,-0.93
870166,3,Walking,100923981666000,1.23,7.5,1.8
870167,3,Walking,100924021552000,-0.95,6.4,-0.15
870168,3,Walking,100924101661000,-2.72,7.27,-0.23
870169,3,Walking,100924141700000,-2.15,11.6,4.82
870170,3,Walking,100924181525000,-2.41,10.15,1.18
870171,3,Walking,100924221503000,-0.15,13.25,0.95
870172,3,Walking,100924301581000,-4.86,13.44,0.95
870173,3,Walking,100924341743000,-4.75,13.02,-2.91
870174,3,Walking,100924381507000,-6.74,16.13,-1.88
870175,3,Walking,100924421516000,-7.59,13.4,0.72
870176,3,Walking,100924501594000,-1.33,2.53,-1.5
870177,3,Walking,100924541633000,-0.11,1.73,-2.98
870178,3,Walking,100924581519000,-0.19,0.84,-3.64
870179,3,Walking,100924621650000,-1.69,0.11,-2.79
870180,3,Walking,100924701514000,-9.7,15.43,8.92
870181,3,Walking,100924741645000,-5.24,12.57,0.61
870182,3,Walking,100924781501000,-6.85,12.11,-1.23
870183,3,Walking,100924821509000,-4.94,2.6,-2.22
870184,3,Walking,100924903052000,-3.38,11.5,-1.95
870185,3,Walking,100924941627000,-1.27,10.19,-0.93
870186,3,Walking,100924981513000,0.23,6.09,2.64
870187,3,Walking,100925021644000,-0.89,7.55,-1.31
870188,3,Walking,100925101478000,-2.83,9.04,-0.11
870189,3,Walking,100925141639000,-4.56,10.15,4.9
870190,3,Walking,100925181525000,-2.64,11.41,0.19
870191,3,Walking,100925221625000,-0.31,12.37,1.76
870192,3,Walking,100925301490000,-2.72,13.38,-3.11
870193,3,Walking,100925341743000,-4.33,13.21,-2.3
870194,3,Walking,100925381568000,-8.01,16.55,-1.46
870195,3,Walking,100925421516000,-8.35,11.69,2.14
870196,3,Walking,100925501563000,-0.72,1.95,-2.07
870197,3,Walking,100925541633000,-0.53,1.57,-3.11
870198,3,Walking,100925581489000,-1.46,0.31,-3.83
870199,3,Walking,100925621528000,-3.11,2.18,-0.61
870200,3,Walking,100925701514000,-7.46,9.43,4.86
870201,3,Walking,100925741614000,-2.91,11.41,1.57
870202,3,Walking,100925781470000,-5.6,12.98,-1.5
870204,3,Walking,100925901343000,-4.48,11.18,-1.12
870203,3,Walking,100925901343000,-4.48,11.18,-1.12
870205,3,Walking,100925942145000,-0.93,9.34,0.42
870206,3,Walking,100925982246000,0.65,6.21,1.95
870207,3,Walking,100926021522000,-1.46,8.31,-1.12
870208,3,Walking,100926101508000,-3.45,7.97,0.42
870209,3,Walking,100926141608000,-3.99,10.95,5.56
870210,3,Walking,100926181525000,-2.34,11.03,-0.5
870211,3,Walking,100926221656000,0.11,14.14,1.73
870212,3,Walking,100926301581000,-4.63,12.41,-2.3
870213,3,Walking,100926341712000,-6.44,12.6,-2.64
870214,3,Walking,100926381507000,-9.43,14.21,0.46
870215,3,Walking,100926421516000,-5.28,8.96,0.3
870216,3,Walking,100926501594000,-0.34,2.98,-1.8
870217,3,Walking,100926541663000,-0.84,1.65,-3.15
870218,3,Walking,100926581367000,-2.34,0.0,-3.26
870219,3,Walking,100926621284000,-3.17,3.95,3.17
870220,3,Walking,100926701484000,-7.59,7.06,5.6
870221,3,Walking,100926741614000,0.38,9.96,-0.04
870222,3,Walking,100926781470000,-6.51,14.94,-2.6
870223,3,Walking,100926821570000,-6.47,3.38,-1.5
870224,3,Walking,100926901557000,-1.38,11.22,-0.15
870225,3,Walking,100926941566000,-0.15,9.81,-0.19
870226,3,Walking,100926981513000,-1.5,5.83,0.42
870227,3,Walking,100927021552000,-2.37,6.7,-1.12
870228,3,Walking,100927101478000,-2.3,9.89,1.69
870229,3,Walking,100927141639000,-4.56,9.04,2.22
870230,3,Walking,100927181586000,-1.14,11.99,0.15
870231,3,Walking,100927221503000,-0.95,12.64,0.61
870232,3,Walking,100927301490000,-4.21,13.33,-0.69
870233,3,Walking,100927341621000,-3.91,12.3,-3.41
870234,3,Walking,100927381476000,-6.02,13.38,-2.26
870235,3,Walking,100927421516000,-6.47,13.25,3.53
870236,3,Walking,100927501533000,-0.31,3.26,-2.34
870237,3,Walking,100927541633000,-0.95,2.18,-1.54
870238,3,Walking,100927581489000,-2.56,1.12,-2.41
870239,3,Walking,100927621497000,-3.06,1.38,-0.42
870240,3,Walking,100927701484000,-8.05,12.53,9.43
870241,3,Walking,100927741614000,-5.13,12.22,3.57
870242,3,Walking,100927781501000,-2.6,12.79,-1.42
870243,3,Walking,100927821540000,-4.29,2.15,-3.79
870244,3,Walking,100927901527000,-3.72,11.84,-0.69
870245,3,Walking,100927941627000,-0.76,10.69,0.76
870246,3,Walking,100927981513000,-1.31,8.16,-0.46
870247,3,Walking,100928021552000,-1.38,6.05,-0.42
870248,3,Walking,100928101478000,-3.3,8.39,1.14
870249,3,Walking,100928141761000,-3.15,10.23,2.98
870250,3,Walking,100928181525000,-2.68,10.92,1.92
870251,3,Walking,100928221503000,0.3,13.21,0.04
870252,3,Walking,100928301612000,-4.56,13.53,-0.61
870253,3,Walking,100928341743000,-4.44,12.3,-3.79
870254,3,Walking,100928381538000,-6.7,13.4,-2.37
870255,3,Walking,100928421516000,-7.01,11.99,2.53
870256,3,Walking,100928501594000,-0.19,3.6,-1.76
870257,3,Walking,100928541602000,-0.53,2.6,-2.03
870258,3,Walking,100928581519000,-2.34,1.23,-2.49
870259,3,Walking,100928621497000,-3.57,1.14,-0.72
870260,3,Walking,100928701484000,-9.19,12.3,9.08
870261,3,Walking,100928741645000,-4.44,8.16,2.22
870262,3,Walking,100928781501000,-2.34,13.29,-0.38
870263,3,Walking,100928821540000,-4.67,4.33,-4.63
870264,3,Walking,100928901496000,-3.49,11.65,0.19
870265,3,Walking,100928941627000,-2.22,10.99,-0.19
870266,3,Walking,100928981513000,-0.8,7.46,0.15
870267,3,Walking,100929021522000,-0.72,6.17,-0.27
870268,3,Walking,100929101478000,-2.53,8.5,1.33
870269,3,Walking,100929141608000,-2.96,10.0,2.87
870270,3,Walking,100929181525000,-3.45,10.61,2.03
870271,3,Walking,100929221717000,-0.27,12.41,0.04
870272,3,Walking,100929301612000,-4.25,12.41,1.42
870273,3,Walking,100929341621000,-3.17,13.91,-4.94
870274,3,Walking,100929381507000,-5.6,13.95,-3.3
870275,3,Walking,100929421516000,-7.31,14.44,3.34
870276,3,Walking,100929501563000,-1.04,4.37,-1.46
870277,3,Walking,100929541633000,-1.14,2.96,-2.45
870278,3,Walking,100929581641000,-2.3,0.72,-3.06
870279,3,Walking,100929621497000,-3.15,-0.38,-1.04
870280,3,Walking,100929701484000,-7.01,15.21,10.72
870281,3,Walking,100929741614000,-4.82,10.42,4.21
870282,3,Walking,100929781501000,-4.1,12.03,2.14
870283,3,Walking,100929821540000,-6.59,6.93,-3.49
870284,3,Walking,100929901465000,-6.02,10.95,-2.96
870285,3,Walking,100929941596000,-2.45,11.88,-2.26
870286,3,Walking,100929981635000,1.69,8.47,1.88
870287,3,Walking,100930021522000,-0.8,8.08,-0.11
870288,3,Walking,100930101478000,-2.41,7.06,0.69
870289,3,Walking,100930141608000,-2.07,9.96,1.12
870290,3,Walking,100930181525000,-3.83,9.0,1.38
870291,3,Walking,100930221503000,-1.8,11.54,1.12
870292,3,Walking,100930301490000,-2.07,13.8,3.57
870293,3,Walking,100930341590000,-4.4,12.64,0.65
870294,3,Walking,100930381507000,-3.34,11.75,-3.49
870295,3,Walking,100930421516000,-5.41,12.45,-2.41
870296,3,Walking,100930501472000,-2.53,7.82,0.38
870297,3,Walking,100930541694000,-0.69,4.1,-1.38
870298,3,Walking,100930581519000,-0.84,3.26,-2.11
870299,3,Walking,100930621497000,-2.22,1.61,-3.02
870300,3,Walking,100930701606000,-4.52,12.98,16.17
870301,3,Walking,100930741675000,-4.99,13.18,8.96
870302,3,Walking,100930781501000,-4.99,10.65,4.59
870303,3,Walking,100930821540000,-5.48,11.56,0.91
870304,3,Walking,100930901557000,-6.09,6.05,-1.33
870305,3,Walking,100930942237000,-4.79,11.56,-2.37
870306,3,Walking,100930981483000,0.15,11.03,0.65
870307,3,Walking,100931021522000,0.57,8.62,0.72
870308,3,Walking,100931101630000,-1.69,6.51,-1.5
870309,3,Walking,100931141639000,-3.15,7.67,0.99
870310,3,Walking,100931181647000,-3.15,10.65,3.11
870311,3,Walking,100931221564000,-3.3,10.0,0.91
870312,3,Walking,100931301520000,-1.23,13.33,3.6
870313,3,Walking,100931341590000,-3.34,13.14,3.83
870314,3,Walking,100931381507000,-2.83,11.96,-2.79
870315,3,Walking,100931421546000,-3.76,12.64,-3.15
870316,3,Walking,100931501502000,-5.48,11.37,3.6
870317,3,Walking,100931541724000,-1.73,5.01,-0.95
870318,3,Walking,100931581519000,-0.93,2.56,-2.76
870319,3,Walking,100931621528000,-1.54,0.99,-2.98
870320,3,Walking,100931671393000,-3.3,0.19,-1.33
870321,3,Walking,100931751441000,-8.01,13.8,10.65
870322,3,Walking,100931791511000,-3.34,8.92,4.63
870323,3,Walking,100931831519000,-3.11,12.53,0.57
870324,3,Walking,100931871528000,-8.2,9.04,-4.44
870325,3,Walking,100931951484000,-5.6,10.65,-1.95
870326,3,Walking,100931991614000,-0.76,10.0,-0.15
870327,3,Walking,100932031470000,0.89,8.69,1.61
870328,3,Walking,100932071540000,-1.54,7.4,0.04
870329,3,Walking,100932151435000,-2.22,7.35,-0.5
870330,3,Walking,100932191474000,-2.49,10.65,3.72
870331,3,Walking,100932231605000,-3.17,10.15,2.3
870332,3,Walking,100932271522000,-1.12,12.18,0.57
