,user,label,timestamp,x,y,z
883579,3,Walking,101739481544000,9.81,7.16,0.04
883580,3,Walking,101739521705000,11.37,7.86,4.94
883581,3,Walking,101739601478000,9.92,9.96,-2.3
883582,3,Walking,101739641669000,10.57,14.48,-2.34
883583,3,Walking,101739681525000,6.59,13.57,-1.88
883584,3,Walking,101739761481000,1.27,1.54,-0.89
883585,3,Walking,101739801490000,0.76,1.08,-2.56
883586,3,Walking,101739841498000,-0.5,1.84,-3.38
883587,3,Walking,101739881690000,-1.23,1.54,-2.49
883588,3,Walking,101739921668000,11.07,11.35,12.64
883589,3,Walking,101740001533000,7.7,7.7,2.56
883590,3,Walking,101740041602000,8.5,10.84,0.46
883591,3,Walking,101740081519000,1.88,9.34,-1.73
883592,3,Walking,101740121650000,0.95,6.02,-2.07
883593,3,Walking,101740201514000,9.08,6.7,-2.41
883594,3,Walking,101740241553000,6.93,4.99,-0.31
883595,3,Walking,101740281501000,4.21,3.02,2.83
883596,3,Walking,101740321540000,6.02,5.22,0.0
883597,3,Walking,101740361610000,5.09,5.94,0.95
883598,3,Walking,101740421668000,6.21,8.05,1.88
883599,3,Walking,101740503303000,9.53,8.81,5.43
883600,3,Walking,101740661384000,9.66,16.32,0.08
883601,3,Walking,101740701392000,3.36,8.16,1.5
883602,3,Walking,101740701392000,3.36,8.16,1.5
883603,3,Walking,101740701392000,3.36,8.16,1.5
883604,3,Walking,101740741584000,1.18,2.45,-0.61
883605,3,Walking,101740781501000,0.72,0.72,-2.37
883606,3,Walking,101740821540000,0.11,1.88,-3.76
883607,3,Walking,101740901496000,4.1,8.39,7.59
883608,3,Walking,101740941474000,12.37,14.98,14.6
883609,3,Walking,101740981513000,9.19,4.79,1.95
883610,3,Walking,101741021491000,12.72,8.96,-0.31
883611,3,Walking,101741101447000,0.42,6.09,-1.31
883612,3,Walking,101741141517000,4.94,9.72,-2.49
883613,3,Walking,101741181525000,5.75,6.85,-1.61
883614,3,Walking,101741221534000,5.67,5.09,-1.18
883615,3,Walking,101741301734000,6.36,4.18,0.42
883616,3,Walking,101741341621000,5.75,6.24,1.38
883617,3,Walking,101741381507000,6.17,8.28,2.98
883618,3,Walking,101741461494000,10.95,6.59,0.84
883619,3,Walking,101741501594000,10.31,8.66,6.55
883620,3,Walking,101741541572000,10.99,9.85,-1.95
883621,3,Walking,101741581641000,11.33,11.6,-2.26
883622,3,Walking,101741621528000,10.27,18.01,1.88
883623,3,Walking,101741701453000,1.33,2.26,-1.18
883624,3,Walking,101741741584000,0.84,-0.04,-2.34
883625,3,Walking,101741781562000,0.08,1.31,-3.15
883626,3,Walking,101741821540000,-0.95,2.15,-3.87
883627,3,Walking,101741901496000,14.02,16.28,15.83
883628,3,Walking,101741941505000,7.55,7.31,2.11
883629,3,Walking,101741981666000,9.77,12.76,0.57
883630,3,Walking,101742061500000,1.27,5.33,-2.72
883631,3,Walking,101742101478000,6.47,9.19,-2.6
883632,3,Walking,101742141639000,7.78,6.82,-0.42
883633,3,Walking,101742181525000,6.43,4.18,0.8
883634,3,Walking,101742221595000,5.09,3.53,1.08
883635,3,Walking,101742301490000,4.86,5.75,0.27
883636,3,Walking,101742341468000,7.4,8.62,3.34
883637,3,Walking,101742381629000,6.97,7.63,0.95
883638,3,Walking,101742461494000,11.37,9.11,4.1
883639,3,Walking,101742501594000,11.33,10.61,0.0
883640,3,Walking,101742541511000,9.92,10.31,-3.17
883641,3,Walking,101742581641000,9.3,13.44,-2.41
883642,3,Walking,101742621528000,5.28,12.07,-0.23
883643,3,Walking,101742701362000,1.23,1.57,-1.38
883644,3,Walking,101742741645000,1.38,1.31,-3.21
883645,3,Walking,101742781592000,0.34,1.88,-4.21
883646,3,Walking,101742821540000,-0.46,2.96,-1.38
883647,3,Walking,101742901465000,7.78,6.47,4.14
883648,3,Walking,101742941505000,9.43,6.93,-0.57
883649,3,Walking,101742981513000,8.27,14.48,-0.42
883650,3,Walking,101743021522000,1.04,6.4,-1.5
883651,3,Walking,101743101447000,7.08,7.4,-2.56
883652,3,Walking,101743141639000,6.93,5.79,-1.38
883653,3,Walking,101743181525000,4.79,3.99,1.33
883654,3,Walking,101743261481000,4.71,6.44,2.98
883655,3,Walking,101743301490000,7.21,6.51,0.3
883656,3,Walking,101743341559000,8.73,7.01,1.38
883657,3,Walking,101743381507000,10.0,6.74,-0.31
883658,3,Walking,101743461463000,9.85,10.19,1.33
883659,3,Walking,101743501533000,9.62,9.72,-3.57
883660,3,Walking,101743541572000,9.53,11.99,-2.22
883661,3,Walking,101743581519000,7.59,15.51,2.79
883662,3,Walking,101743621528000,3.15,5.52,-0.38
883663,3,Walking,101743701362000,2.14,1.61,-2.56
883664,3,Walking,101743741614000,0.57,2.83,-2.3
883665,3,Walking,101743781623000,-0.84,1.76,-2.49
883666,3,Walking,101743821540000,9.66,11.69,11.45
883667,3,Walking,101743861487000,9.7,11.6,9.81
883668,3,Walking,101743861487000,9.7,11.6,9.81
883669,3,Walking,101743981544000,1.31,6.28,-2.34
883670,3,Walking,101744061469000,8.08,9.53,-1.88
883671,3,Walking,101744101478000,7.04,5.52,-0.84
883672,3,Walking,101744141639000,4.52,2.83,2.83
883673,3,Walking,101744181678000,5.52,5.01,0.42
883674,3,Walking,101744221564000,5.37,5.67,-0.99
883675,3,Walking,101744301490000,6.36,7.74,1.84
883676,3,Walking,101744341468000,9.28,7.35,-0.31
883677,3,Walking,101744381568000,10.76,7.89,4.1
883678,3,Walking,101744423530000,10.61,10.38,2.91
883679,3,Walking,101744501594000,9.3,11.92,-2.45
883680,3,Walking,101744541511000,7.82,14.67,2.37
883681,3,Walking,101744581519000,4.14,5.9,-0.72
883682,3,Walking,101744661506000,1.8,1.38,-2.07
883683,3,Walking,101744701484000,0.42,2.56,-2.64
883684,3,Walking,101744741553000,-1.08,2.64,-2.76
883685,3,Walking,101744781653000,7.12,9.51,9.43
883686,3,Walking,101744821540000,14.94,12.34,12.26
883687,3,Walking,101744901588000,8.62,10.15,-2.3
883688,3,Walking,101744941627000,1.57,10.69,0.69
883689,3,Walking,101744981513000,1.8,6.24,-2.11
883690,3,Walking,101745021552000,7.35,9.08,-2.68
883691,3,Walking,101745101447000,6.13,3.91,1.08
883692,3,Walking,101745141517000,4.1,4.56,3.26
883693,3,Walking,101745181525000,6.59,6.28,-1.95
883694,3,Walking,101745221686000,4.33,5.6,0.04
883695,3,Walking,101745301612000,8.27,7.35,0.15
883696,3,Walking,101745341498000,10.88,7.55,2.34
883697,3,Walking,101745381507000,11.6,9.53,3.17
883698,3,Walking,101745421699000,9.89,10.27,-2.03
883699,3,Walking,101745501472000,7.63,15.47,2.22
883700,3,Walking,101745541511000,4.99,8.89,-1.08
883701,3,Walking,101745581519000,2.37,3.3,-1.5
883702,3,Walking,101745661445000,1.38,2.72,-1.69
883703,3,Walking,101745712592000,-1.18,1.5,-2.56
883704,3,Walking,101745752112000,6.82,8.96,9.34
883705,3,Walking,101745791511000,14.21,12.49,12.53
883706,3,Walking,101745831519000,6.32,5.24,1.04
883707,3,Walking,101745871558000,8.96,9.53,-2.53
883708,3,Walking,101745951636000,2.26,4.82,-2.83
883709,3,Walking,101745991492000,8.66,10.23,-4.63
883710,3,Walking,101746031501000,8.5,6.89,-2.56
883711,3,Walking,101746071540000,4.63,3.6,2.18
883712,3,Walking,101746151527000,6.74,5.94,-3.3
883713,3,Walking,101746191474000,4.29,6.63,2.45
883714,3,Walking,101746231635000,7.27,6.66,1.31
883715,3,Walking,101746271552000,8.24,8.47,0.76
883716,3,Walking,101746351447000,12.03,8.89,4.9
883717,3,Walking,101746391639000,8.43,10.0,-3.15
883718,3,Walking,101746433112000,9.58,11.8,-1.27
883719,3,Walking,101746471625000,8.47,14.18,2.22
883720,3,Walking,101746551490000,3.49,2.72,-0.65
883721,3,Walking,101746591498000,1.76,1.92,-0.89
883722,3,Walking,101746631507000,-0.08,2.98,-2.37
883723,3,Walking,101746711707000,4.63,7.7,8.43
883724,3,Walking,101746751502000,14.67,13.44,14.94
883725,3,Walking,101746791633000,9.58,2.6,0.84
883726,3,Walking,101746831489000,10.04,9.19,-2.83
883727,3,Walking,101746871528000,1.57,14.67,4.25
883728,3,Walking,101746951484000,7.12,8.39,-4.48
883729,3,Walking,101746991614000,8.73,6.32,-2.3
883730,3,Walking,101747031501000,5.48,3.38,2.98
883731,3,Walking,101747071662000,5.09,5.33,2.53
883732,3,Walking,101747151679000,3.17,6.55,3.79
883733,3,Walking,101747191444000,7.4,7.55,1.84
883734,3,Walking,101747231483000,9.53,7.5,1.42
883735,3,Walking,101747271705000,11.37,7.55,4.25
883736,3,Walking,101747351417000,10.38,10.27,-4.56
883737,3,Walking,101747391517000,10.34,14.98,-0.72
883738,3,Walking,101747431586000,6.43,15.55,1.76
883739,3,Walking,101747471473000,3.11,4.48,-1.14
883740,3,Walking,101747551429000,1.69,0.99,-2.37
883741,3,Walking,101747591621000,-0.27,2.3,-3.68
883742,3,Walking,101747631507000,-1.23,1.84,-3.57
883743,3,Walking,101747671546000,12.95,13.76,2.68
883745,3,Walking,101747801307000,9.38,15.09,2.68
883744,3,Walking,101747801307000,9.38,15.09,2.68
883746,3,Walking,101747841956000,1.42,6.21,-1.88
883747,3,Walking,101747881507000,4.56,6.36,-2.91
883748,3,Walking,101747921546000,7.01,7.59,-1.99
883749,3,Walking,101748001624000,5.13,2.98,2.64
883750,3,Walking,101748041511000,5.86,4.86,-0.34
883751,3,Walking,101748081641000,4.44,5.71,-0.27
883752,3,Walking,101748121528000,6.43,8.12,2.41
883753,3,Walking,101748201636000,10.42,6.7,1.42
883754,3,Walking,101748241492000,10.34,8.24,5.94
883755,3,Walking,101748281623000,10.53,9.81,0.5
883756,3,Walking,101748361487000,11.07,14.63,0.19
883757,3,Walking,101748401527000,6.66,14.18,1.65
883758,3,Walking,101748441474000,2.22,4.14,-1.04
883759,3,Walking,101748481666000,1.18,0.46,-1.95
883760,3,Walking,101748521522000,0.8,0.99,-3.15
883761,3,Walking,101748601447000,-1.46,2.6,-2.37
883762,3,Walking,101748641517000,12.64,16.17,16.74
883763,3,Walking,101748681525000,7.12,7.93,3.49
883764,3,Walking,101748761542000,9.23,12.98,-0.42
883765,3,Walking,101748801490000,0.95,6.97,-0.99
883766,3,Walking,101748841498000,4.67,7.93,-2.96
883767,3,Walking,101748881507000,6.85,7.4,-2.07
883768,3,Walking,101748922248000,6.28,5.09,-1.12
883769,3,Walking,101749001624000,5.6,5.52,-0.72
883770,3,Walking,101749041633000,4.63,5.52,-0.42
883771,3,Walking,101749081672000,7.35,6.89,2.96
883772,3,Walking,101749121528000,7.78,8.31,1.53
883773,3,Walking,101749201575000,13.21,6.89,3.91
883774,3,Walking,101749241492000,10.8,11.5,1.46
883775,3,Walking,101749281501000,9.85,10.69,-4.94
883776,3,Walking,101749321540000,9.96,13.53,-2.68
883777,3,Walking,101749401465000,3.02,4.52,-0.34
883778,3,Walking,101749441627000,1.42,1.12,-2.18
