,user,label,timestamp,x,y,z
885579,3,Walking,101839491523000,10.69,8.01,1.61
885580,3,Walking,101839531745000,12.37,8.12,-1.04
885581,3,Walking,101839611487000,10.31,15.21,-1.08
885582,3,Walking,101839651465000,2.07,7.01,1.53
885583,3,Walking,101839691535000,0.08,1.65,-0.08
885584,3,Walking,101839731757000,-0.15,0.8,-2.72
885585,3,Walking,101839811469000,-1.42,1.54,-3.87
885586,3,Walking,101839851630000,10.38,13.82,13.4
885587,3,Walking,101839891517000,8.66,10.69,7.65
885588,3,Walking,101839931495000,4.52,2.34,-2.6
885589,3,Walking,101840011451000,4.94,10.19,-0.76
885590,3,Walking,101840051490000,2.41,4.63,-2.91
885591,3,Walking,101840092536000,6.74,7.63,-3.41
885592,3,Walking,101840132728000,8.01,6.82,-1.88
885593,3,Walking,101840211585000,5.13,3.17,0.99
885594,3,Walking,101840251472000,5.37,4.75,3.41
885595,3,Walking,101840291511000,7.46,7.82,3.49
885596,3,Walking,101840331794000,8.85,6.28,1.38
885597,3,Walking,101840411506000,12.3,6.4,3.53
885598,3,Walking,101840451484000,11.26,8.85,1.18
885599,3,Walking,101840491645000,11.88,9.19,-1.31
885600,3,Walking,101840531745000,13.44,15.21,-1.31
885601,3,Walking,101840611610000,0.95,4.9,0.04
885602,3,Walking,101840651588000,-0.46,1.18,-1.31
885603,3,Walking,101840691505000,-0.72,1.04,-4.29
885604,3,Walking,101840811469000,15.51,15.66,15.89
885605,3,Walking,101840811469000,15.51,6.74,2.75
885606,3,Walking,101840851508000,7.4,6.74,2.75
885607,3,Walking,101840891486000,6.59,7.86,-3.11
885608,3,Walking,101840931708000,6.85,13.38,0.89
885609,3,Walking,101840971503000,2.98,6.24,-1.27
885610,3,Walking,101841051520000,8.2,6.89,-2.11
885611,3,Walking,101841091498000,6.32,4.25,-1.38
885612,3,Walking,101841131629000,5.09,2.83,-0.5
885613,3,Walking,101841171577000,5.82,2.91,1.84
885614,3,Walking,101841251472000,8.12,6.47,1.38
885615,3,Walking,101841291633000,8.54,7.5,0.99
885616,3,Walking,101841331611000,10.23,6.55,0.11
885617,3,Walking,101841412269000,11.45,9.11,1.95
885618,3,Walking,101841451484000,10.42,7.46,-0.93
885619,3,Walking,101841491675000,12.72,12.22,0.65
885620,3,Walking,101841531623000,10.72,13.91,-1.42
885621,3,Walking,101841571509000,2.53,6.32,0.99
885622,3,Walking,101841651496000,-0.04,0.89,-3.49
885623,3,Walking,101841691627000,-0.93,0.72,-4.99
885624,3,Walking,101841731574000,-1.18,2.11,-2.45
885625,3,Walking,101841811500000,5.43,10.38,3.34
885626,3,Walking,101841851478000,9.53,10.8,2.56
885627,3,Walking,101841891517000,6.55,8.66,-2.76
885628,3,Walking,101841931617000,0.99,2.91,-3.02
885629,3,Walking,101842011573000,9.28,9.7,-1.61
885630,3,Walking,101842051490000,7.44,5.43,-0.5
885631,3,Walking,101842091498000,5.01,2.26,2.34
885632,3,Walking,101842131507000,6.05,2.83,1.08
885633,3,Walking,101842211433000,7.04,6.4,1.27
885634,3,Walking,101842251502000,7.65,9.0,3.02
885635,3,Walking,101842291633000,9.85,7.46,-0.11
885636,3,Walking,101842331611000,10.99,5.9,1.95
885637,3,Walking,101842411658000,10.27,7.7,-1.04
885638,3,Walking,101842451667000,11.92,10.76,-0.53
885639,3,Walking,101842491523000,12.98,15.43,-1.27
885640,3,Walking,101842531409000,5.2,8.89,-0.19
885641,3,Walking,101842611487000,-0.23,0.69,-1.14
885642,3,Walking,101842651588000,-0.57,1.18,-3.99
885643,3,Walking,101842691505000,-1.61,1.27,-5.71
885644,3,Walking,101842731635000,3.83,6.89,3.41
885645,3,Walking,101842811469000,4.37,0.95,-1.54
885646,3,Walking,101842851508000,11.88,8.77,4.06
885647,3,Walking,101842891456000,8.39,13.72,0.11
885648,3,Walking,101842931830000,1.04,3.57,-2.64
885649,3,Walking,101843011451000,8.39,8.28,-2.11
885650,3,Walking,101843051612000,6.82,5.63,-0.5
885651,3,Walking,101843091498000,4.25,3.15,0.8
885652,3,Walking,101843131476000,5.01,3.41,1.18
885653,3,Walking,101843211463000,7.65,5.52,0.89
885654,3,Walking,101843251472000,8.27,8.35,3.02
885655,3,Walking,101843291511000,11.07,5.67,1.23
885656,3,Walking,101843331733000,13.59,6.93,4.56
885657,3,Walking,101843411628000,13.06,10.88,-0.8
885658,3,Walking,101843451484000,13.14,16.28,-1.46
885659,3,Walking,101843491645000,5.6,10.84,-0.84
885660,3,Walking,101843531776000,0.72,2.96,-0.11
885661,3,Walking,101843611487000,-0.34,0.65,-3.17
885662,3,Walking,101843611487000,-0.34,2.41,-2.68
885663,3,Walking,101843681251000,-0.76,2.41,-2.68
885664,3,Walking,101843762488000,5.01,5.94,1.69
885665,3,Walking,101843801642000,5.86,5.28,-5.79
885666,3,Walking,101843841621000,11.75,16.02,1.76
885667,3,Walking,101843881538000,3.49,5.18,-0.46
885668,3,Walking,101843961494000,6.85,6.47,-1.65
885669,3,Walking,101844001533000,6.93,5.86,-0.65
885670,3,Walking,101844041663000,5.2,4.25,-0.08
885671,3,Walking,101844081550000,5.13,3.68,1.46
885672,3,Walking,101844161445000,8.24,6.05,1.27
885673,3,Walking,101844201514000,7.89,5.75,2.14
885674,3,Walking,101844241492000,10.27,6.51,2.18
885675,3,Walking,101844281470000,10.42,8.43,5.24
885676,3,Walking,101844361487000,13.02,8.89,-0.46
885677,3,Walking,101844401496000,13.33,13.33,-0.08
885678,3,Walking,101844441474000,8.35,12.26,-1.42
885679,3,Walking,101844481483000,1.88,5.41,1.08
885680,3,Walking,101844561591000,-0.11,1.57,-2.87
885681,3,Walking,101844601478000,-1.08,2.11,-5.63
885682,3,Walking,101844643622000,-1.46,2.98,-3.11
885683,3,Walking,101844682014000,12.68,14.6,15.09
885684,3,Walking,101844761481000,9.34,8.62,-2.96
885685,3,Walking,101844801520000,9.04,13.72,2.22
885686,3,Walking,101844841621000,1.14,3.38,-1.12
885687,3,Walking,101844881507000,5.63,6.66,-3.17
885688,3,Walking,101844961524000,7.16,6.13,-0.89
885689,3,Walking,101845001929000,5.05,3.83,-0.04
885690,3,Walking,101845041480000,4.44,2.96,1.38
885691,3,Walking,101845081489000,6.7,6.36,3.3
885692,3,Walking,101845161628000,8.27,7.44,2.68
885693,3,Walking,101845201545000,11.95,5.52,-0.38
885694,3,Walking,101845241492000,15.79,5.6,0.89
885695,3,Walking,101845281623000,10.84,9.85,2.18
885696,3,Walking,101845361487000,12.15,15.05,-2.07
885697,3,Walking,101845401527000,6.59,12.15,-2.26
885698,3,Walking,101845441596000,1.42,4.02,-1.33
885699,3,Walking,101845481513000,0.27,0.95,-2.03
885700,3,Walking,101845561469000,-0.08,0.76,-3.6
885701,3,Walking,101845601630000,1.76,4.6,1.18
885702,3,Walking,101845641669000,13.91,16.04,17.43
885703,3,Walking,101845681495000,6.02,4.33,1.61
885704,3,Walking,101845761451000,11.99,16.51,1.61
885705,3,Walking,101845801520000,4.02,8.08,-1.33
885706,3,Walking,101845841498000,4.52,4.9,-1.92
885707,3,Walking,101845881934000,6.74,7.08,-2.11
885708,3,Walking,101845961463000,4.4,3.57,-0.65
885709,3,Walking,101846001655000,4.33,3.6,-0.04
885710,3,Walking,101846041541000,7.21,4.99,2.41
885711,3,Walking,101846081672000,10.31,7.08,4.4
885712,3,Walking,101846121497000,8.88,4.86,1.08
885713,3,Walking,101846201667000,13.17,7.82,3.06
885714,3,Walking,101846241523000,10.92,9.81,0.5
885715,3,Walking,101846281501000,9.96,9.15,-1.12
885716,3,Walking,101846361487000,7.65,12.64,-0.38
885717,3,Walking,101846401496000,1.33,3.87,0.8
885718,3,Walking,101846441657000,0.53,1.12,-1.61
885719,3,Walking,101846481605000,0.57,1.08,-3.91
885720,3,Walking,101846561469000,1.65,3.41,1.04
885721,3,Walking,101846601539000,14.94,15.7,16.24
885722,3,Walking,101846641547000,6.13,7.97,0.34
885723,3,Walking,101846681525000,9.53,12.79,0.34
885724,3,Walking,101846761481000,3.6,5.24,-2.6
885725,3,Walking,101846801642000,8.5,9.11,-2.98
885726,3,Walking,101846841468000,8.66,6.74,-1.31
885727,3,Walking,101846881629000,6.43,4.21,-0.31
885728,3,Walking,101846961524000,5.75,4.56,0.08
885729,3,Walking,101847001960000,5.98,5.94,2.03
885730,3,Walking,101847041480000,8.39,6.36,1.61
885731,3,Walking,101847081519000,8.12,7.25,1.08
885732,3,Walking,101847161475000,13.21,6.51,3.76
885733,3,Walking,101847201545000,11.54,9.28,1.33
885734,3,Walking,101847241675000,10.53,8.77,-1.12
885735,3,Walking,101847281501000,12.72,13.25,-1.42
885736,3,Walking,101847361487000,2.14,5.56,-0.31
885737,3,Walking,101847401618000,-0.04,1.14,-0.53
885738,3,Walking,101847441505000,-0.23,0.93,-2.68
885739,3,Walking,101847481635000,-0.72,1.95,-4.67
885740,3,Walking,101847561591000,14.4,15.94,17.27
885741,3,Walking,101847601417000,6.89,5.28,3.34
885742,3,Walking,101847641578000,8.16,7.44,-1.54
885743,3,Walking,101847681525000,7.01,13.1,0.04
885744,3,Walking,101847761481000,6.43,6.7,-1.57
885745,3,Walking,101847801490000,7.44,6.47,-1.46
885746,3,Walking,101847841651000,6.32,4.75,-0.89
885747,3,Walking,101847881507000,5.2,3.72,3.57
885748,3,Walking,101848001441000,8.5,7.44,3.57
885749,3,Walking,101848001441000,8.5,7.44,3.57
885750,3,Walking,101848041877000,8.43,7.21,1.76
885751,3,Walking,101848081519000,11.95,4.56,1.23
885752,3,Walking,101848121467000,12.64,6.24,4.37
885753,3,Walking,101848201575000,12.6,9.23,-1.08
885754,3,Walking,101848241614000,14.21,14.33,-1.23
885755,3,Walking,101848281501000,9.47,13.38,-2.56
885756,3,Walking,101848321479000,1.5,5.48,-0.34
885757,3,Walking,101848401496000,-1.12,0.69,-3.11
885758,3,Walking,101848441627000,-2.03,0.95,-5.37
885759,3,Walking,101848481483000,-1.57,17.2,15.98
885760,3,Walking,101848561591000,6.24,5.67,2.64
885761,3,Walking,101848601478000,7.65,5.67,-2.22
885762,3,Walking,101848641517000,9.7,12.91,1.8
885763,3,Walking,101848682654000,2.18,5.24,-0.61
885764,3,Walking,101848761359000,8.12,7.74,-1.33
885765,3,Walking,101848801581000,6.36,5.13,0.0
885766,3,Walking,101848841498000,4.52,2.83,-0.15
885767,3,Walking,101848881507000,5.24,3.45,-0.11
885768,3,Walking,101848961616000,8.31,6.74,3.98
885769,3,Walking,101849001746000,8.43,6.82,2.03
885770,3,Walking,101849041480000,11.88,5.6,1.53
885771,3,Walking,101849081550000,14.71,5.9,3.72
885772,3,Walking,101849161597000,11.26,9.08,-0.89
885773,3,Walking,101849201636000,13.91,15.66,-2.15
885774,3,Walking,101849241645000,8.2,13.29,-1.73
885775,3,Walking,101849281501000,1.42,4.44,0.11
885776,3,Walking,101849361610000,-0.15,0.34,-3.26
885777,3,Walking,101849401618000,-0.99,0.23,-4.06
885778,3,Walking,101849441505000,-0.61,2.41,-2.07
