,user,label,timestamp,x,y,z
675774,4,Walking,2650182353000,4.33,12.41,-3.06
675775,4,Walking,2650232341000,2.53,8.2,-4.52
675776,4,Walking,2650282298000,-2.98,5.13,-4.52
675777,4,Walking,2650332347000,-2.87,2.37,-5.33
675778,4,Walking,2650382335000,-3.79,3.26,2.64
675779,4,Walking,2650442302000,7.89,16.13,10.27
675780,4,Walking,2650492229000,2.34,12.11,6.89
675781,4,Walking,2650542339000,-5.82,8.54,-0.38
675782,4,Walking,2650592265000,2.45,9.62,-8.24
675783,4,Walking,2650642345000,6.89,12.91,-5.37
675784,4,Walking,2650692363000,3.26,10.38,-1.04
675785,4,Walking,2650742290000,-2.03,9.23,-1.38
675786,4,Walking,2650792308000,2.76,9.38,-1.18
675787,4,Walking,2650842296000,3.68,7.89,-2.18
675788,4,Walking,2650892436000,3.68,8.69,-2.6
675789,4,Walking,2650942424000,5.24,8.92,-3.06
675790,4,Walking,2650992290000,2.53,11.73,0.57
675791,4,Walking,2651042339000,6.82,12.15,-1.92
675792,4,Walking,2651092296000,13.53,13.02,-1.27
675793,4,Walking,2651142314000,-1.76,15.21,3.57
675794,4,Walking,2651192302000,-2.22,17.24,-4.25
675795,4,Walking,2651242290000,3.21,14.37,-2.72
675796,4,Walking,2651292308000,4.25,9.7,-3.87
675797,4,Walking,2651342296000,-0.3,5.09,-4.44
675798,4,Walking,2651392314000,-4.79,1.69,-5.37
675799,4,Walking,2651442302000,-4.25,2.68,-2.3
675800,4,Walking,2651492290000,5.33,10.42,10.61
675801,4,Walking,2651542308000,6.82,12.11,10.04
675802,4,Walking,2651592296000,4.44,15.6,6.66
675803,4,Walking,2651642345000,-12.3,4.02,-4.67
675804,4,Walking,2651692302000,0.61,12.76,-7.25
675805,4,Walking,2651742290000,10.57,11.3,-3.83
675806,4,Walking,2651792339000,0.8,8.85,-2.56
675807,4,Walking,2651842296000,0.04,9.08,-0.76
675808,4,Walking,2651892314000,1.04,9.72,-1.27
675809,4,Walking,2651942302000,3.83,7.89,-0.76
675810,4,Walking,2651992259000,3.68,8.01,-5.13
675811,4,Walking,2652042339000,3.3,10.76,0.95
675812,4,Walking,2652092296000,4.56,11.92,-1.69
675813,4,Walking,2652142314000,9.51,12.3,0.27
675814,4,Walking,2652192302000,8.01,12.6,-0.08
675815,4,Walking,2652242290000,-4.29,18.28,-0.3
675816,4,Walking,2652292308000,-0.8,16.25,-3.95
675817,4,Walking,2652342296000,5.94,11.5,-2.45
675818,4,Walking,2652392314000,3.41,6.59,-4.56
675819,4,Walking,2652442302000,-4.06,3.49,-4.99
675820,4,Walking,2652492290000,-3.76,2.45,-5.24
675821,4,Walking,2652542308000,-3.98,4.71,0.08
675822,4,Walking,2652592387000,10.0,15.7,12.53
675823,4,Walking,2652642314000,6.28,9.43,8.28
675824,4,Walking,2652692302000,4.21,17.24,4.82
675825,4,Walking,2652742290000,-11.92,3.91,-4.9
675826,4,Walking,2652792308000,1.18,15.32,-7.44
675827,4,Walking,2652842296000,9.85,9.28,-1.33
675828,4,Walking,2652892314000,0.04,9.15,-3.87
675829,4,Walking,2652942302000,0.57,9.23,-0.89
675830,4,Walking,2652992290000,1.46,9.51,-0.5
675831,4,Walking,2653042339000,4.37,7.7,-1.88
675832,4,Walking,2653092326000,3.6,7.89,-3.45
675833,4,Walking,2653142314000,3.02,10.42,0.8
675834,4,Walking,2653192302000,5.52,11.8,-3.83
675835,4,Walking,2653242320000,11.26,12.03,-0.08
675836,4,Walking,2653292308000,7.55,12.15,1.84
675837,4,Walking,2653342296000,-3.68,18.89,-1.53
675838,4,Walking,2653392314000,-1.46,15.83,-2.3
675839,4,Walking,2653442302000,4.79,11.5,-2.53
675840,4,Walking,2653492290000,4.33,6.02,-4.25
675841,4,Walking,2653542308000,-4.25,3.79,-4.82
675842,4,Walking,2653592296000,-3.57,1.92,-5.56
675843,4,Walking,2653642314000,-3.34,4.52,1.38
675844,4,Walking,2653692302000,8.01,15.51,10.92
675845,4,Walking,2653742290000,6.32,9.77,8.01
675846,4,Walking,2653792308000,-0.53,14.79,4.71
675847,4,Walking,2653842296000,-5.6,8.92,-3.02
675849,4,Walking,2653892314000,-1.73,9.0,-8.24
675848,4,Walking,2653892314000,-1.73,9.0,-8.24
675850,4,Walking,2653962352000,8.92,11.11,-0.84
675851,4,Walking,2654012279000,-0.38,8.77,-4.67
675852,4,Walking,2654062328000,2.3,9.62,-0.91
675853,4,Walking,2654112346000,1.31,8.89,-1.8
675854,4,Walking,2654162334000,2.64,8.16,-0.99
675855,4,Walking,2654212321000,5.37,8.47,-4.06
675856,4,Walking,2654262340000,4.18,10.88,0.76
675857,4,Walking,2654312328000,5.86,12.18,-1.99
675858,4,Walking,2654362346000,12.41,12.68,2.07
675859,4,Walking,2654412364000,1.08,15.17,0.95
675860,4,Walking,2654462321000,-2.45,19.08,-3.83
675861,4,Walking,2654512309000,1.84,14.33,-1.53
675862,4,Walking,2654562328000,4.86,9.47,-3.79
675863,4,Walking,2654612315000,2.53,5.48,-3.95
675864,4,Walking,2654662334000,-5.01,2.72,-6.02
675865,4,Walking,2654712321000,-4.37,2.22,-3.72
675866,4,Walking,2654762340000,2.91,8.01,8.66
675867,4,Walking,2654812297000,5.33,13.57,10.19
675868,4,Walking,2654862346000,2.64,9.38,4.6
675869,4,Walking,2654912334000,2.87,14.52,4.25
675870,4,Walking,2654962352000,-8.81,3.87,-8.54
675871,4,Walking,2655012248000,9.15,17.16,-5.09
675872,4,Walking,2655062328000,4.33,9.15,0.11
675873,4,Walking,2655112346000,0.23,8.2,-2.34
675874,4,Walking,2655162334000,2.83,9.38,-1.18
675875,4,Walking,2655212321000,3.53,7.74,-1.38
675876,4,Walking,2655262279000,1.84,8.08,-3.41
675877,4,Walking,2655312297000,3.06,8.89,-1.99
675878,4,Walking,2655362346000,3.53,11.45,-1.69
675879,4,Walking,2655412334000,5.98,12.07,-2.14
675880,4,Walking,2655462321000,11.54,13.18,1.04
675881,4,Walking,2655522288000,1.73,13.57,1.69
675882,4,Walking,2655572307000,-2.26,19.04,-2.96
675883,4,Walking,2655622295000,0.53,13.91,-2.22
675884,4,Walking,2655672343000,5.13,10.57,-4.67
675885,4,Walking,2655722301000,3.49,5.71,-3.68
675886,4,Walking,2655772319000,-5.01,3.95,-5.82
675887,4,Walking,2655822337000,-3.64,2.11,-4.06
675888,4,Walking,2655872325000,1.73,5.41,7.27
675889,4,Walking,2655922374000,4.4,12.57,9.92
675890,4,Walking,2655972331000,6.44,14.86,10.08
675891,4,Walking,2656022319000,-9.34,4.48,-3.79
675892,4,Walking,2656072337000,2.03,12.57,-5.56
675893,4,Walking,2656122325000,8.73,12.6,-5.05
675894,4,Walking,2656172343000,2.56,9.58,-0.95
675895,4,Walking,2656222301000,0.46,8.89,-1.8
675896,4,Walking,2656272350000,1.46,9.3,-0.57
675897,4,Walking,2656322337000,2.76,8.35,-1.76
675898,4,Walking,2656372325000,2.64,8.73,-2.3
675899,4,Walking,2656422343000,6.05,8.89,-3.53
675900,4,Walking,2656472331000,3.21,11.41,0.76
675901,4,Walking,2656522319000,6.44,11.88,-1.38
675902,4,Walking,2656572337000,11.45,14.02,0.8
675903,4,Walking,2656622295000,0.72,12.76,1.27
675904,4,Walking,2656672343000,-1.65,19.23,-3.36
675905,4,Walking,2656722301000,0.53,14.29,-1.53
675906,4,Walking,2656772777000,5.71,9.08,-2.75
675907,4,Walking,2656822337000,2.68,5.24,-4.02
675908,4,Walking,2656872325000,-3.72,3.41,-5.18
675909,4,Walking,2656922374000,-4.06,2.64,-4.37
675910,4,Walking,2656972362000,-0.5,5.94,3.72
675911,4,Walking,2657022319000,5.33,13.48,10.69
675912,4,Walking,2657072337000,5.83,9.66,7.86
675913,4,Walking,2657122356000,8.77,18.2,5.79
675914,4,Walking,2657172313000,-15.28,1.27,-5.67
675915,4,Walking,2657222301000,6.89,17.16,-7.65
675916,4,Walking,2657272319000,7.16,9.11,-0.23
675917,4,Walking,2657322704000,-0.69,8.85,-3.72
675918,4,Walking,2657372325000,1.46,9.81,-0.65
675919,4,Walking,2657422343000,2.18,9.0,-1.8
675920,4,Walking,2657472331000,3.76,8.24,-1.5
675921,4,Walking,2657522319000,4.37,8.69,-4.37
675922,4,Walking,2657572337000,4.21,9.81,1.69
675923,4,Walking,2657622295000,4.79,10.92,-2.96
675924,4,Walking,2657672343000,9.15,11.37,1.54
675925,4,Walking,2657722301000,9.72,12.53,-0.65
675926,4,Walking,2657772319000,-6.17,19.42,0.11
675927,4,Walking,2657822368000,1.31,15.02,-4.63
675928,4,Walking,2657872325000,5.52,11.37,-1.27
675929,4,Walking,2657922374000,3.49,6.66,-4.52
675930,4,Walking,2657972331000,-3.15,4.79,-4.48
675931,4,Walking,2658022319000,-3.41,3.6,-5.01
675932,4,Walking,2658072337000,-3.98,5.41,-0.89
675933,4,Walking,2658122325000,5.52,11.54,10.27
675934,4,Walking,2658172374000,7.59,12.11,9.51
675935,4,Walking,2658222301000,-0.46,12.26,2.6
675936,4,Walking,2658292308000,-2.6,11.54,0.5
675937,4,Walking,2658342265000,4.33,13.72,-9.92
675938,4,Walking,2658392345000,7.63,10.46,-0.57
675939,4,Walking,2658442271000,-1.04,8.81,-3.57
675940,4,Walking,2658492290000,0.23,9.66,-1.53
675941,4,Walking,2658542308000,2.83,8.85,-2.98
675942,4,Walking,2658592204000,3.76,9.19,-0.5
675943,4,Walking,2658642406000,6.28,8.2,-4.67
675945,4,Walking,2658692302000,2.64,11.07,1.69
675944,4,Walking,2658692302000,2.64,11.07,1.69
675946,4,Walking,2658760478000,4.6,10.88,-3.17
675947,4,Walking,2658822490000,11.22,12.72,1.12
675948,4,Walking,2658872173000,-1.65,15.4,1.14
675949,4,Walking,2658922252000,-2.56,17.92,-4.06
675950,4,Walking,2658972270000,6.32,11.56,-2.56
675951,4,Walking,2659022319000,5.05,9.53,-3.68
675952,4,Walking,2659072337000,-0.5,6.32,-4.33
675953,4,Walking,2659122356000,-3.41,4.44,-5.09
675954,4,Walking,2659172343000,-5.75,3.45,-2.96
675955,4,Walking,2659222331000,-0.57,7.16,4.75
675956,4,Walking,2659272319000,12.22,15.09,10.95
675957,4,Walking,2659322704000,4.63,6.36,5.28
675958,4,Walking,2659372325000,-2.53,16.93,5.05
675959,4,Walking,2659422374000,-5.33,5.52,-6.89
675960,4,Walking,2659472331000,-0.23,13.53,-9.92
675961,4,Walking,2659522319000,11.07,11.84,-2.34
675962,4,Walking,2659572337000,-1.53,9.04,-2.87
675963,4,Walking,2659622325000,-1.27,10.76,-1.12
675964,4,Walking,2659673717000,3.53,7.78,-1.76
675965,4,Walking,2659732280000,3.34,6.78,-4.4
675966,4,Walking,2659782329000,4.44,9.47,0.23
675967,4,Walking,2659832347000,4.4,12.22,-1.04
675968,4,Walking,2659882365000,7.74,12.03,-1.12
675969,4,Walking,2659932323000,11.8,12.64,0.46
675970,4,Walking,2659982341000,-1.88,15.47,1.46
675971,4,Walking,2660032359000,-3.3,17.92,-4.33
675972,4,Walking,2660082347000,4.14,13.18,-2.41
675973,4,Walking,2660132335000,4.33,7.97,-3.17
