,user,label,timestamp,x,y,z
377129,5,Walking,1462342144000,4.99,5.37,-1.2666923
377130,5,Walking,1462392223000,3.15,2.22,0.42223078
377131,5,Walking,1462442394000,-0.89,1.8,1.0760075
377132,5,Walking,1462492260000,1.27,4.14,3.5276701
377133,5,Walking,1462542309000,7.06,10.53,9.112013000000001
377134,5,Walking,1462592266000,-0.3,14.67,9.956474
377135,5,Walking,1462642284000,2.72,13.14,4.7126402999999994
377136,5,Walking,1462692242000,-0.42,9.15,0.23154591
377137,5,Walking,1462742260000,5.86,6.36,0.23154591
377138,5,Walking,1462792217000,7.31,7.21,-0.6946376999999999
377139,5,Walking,1462842296000,1.65,7.74,3.4050870000000004
377140,5,Walking,1462892254000,1.65,5.13,-0.5720546
377141,5,Walking,1462942333000,3.17,9.15,1.334794
377142,5,Walking,1462992199000,5.01,7.27,0.6537767
377143,5,Walking,1463042309000,6.85,9.77,1.607201
377144,5,Walking,1463092235000,6.59,12.26,0.46309182
377145,5,Walking,1463142315000,7.25,13.63,2.8738932999999998
377146,5,Walking,1463192272000,6.7,9.72,-1.9885708
377147,5,Walking,1463242290000,1.33,15.32,0.5720546
377148,5,Walking,1463292217000,2.98,14.06,2.7921712000000003
377149,5,Walking,1463342296000,5.05,3.72,-1.0760075
377150,5,Walking,1463392223000,2.37,2.79,-0.040861044
377151,5,Walking,1463442272000,-0.89,2.26,-0.38136974
377152,5,Walking,1463492199000,0.5,5.6,3.173541
377153,5,Walking,1463542309000,4.75,12.07,9.00305
377154,5,Walking,1463592235000,1.46,12.98,10.18802
377155,5,Walking,1463642315000,3.34,8.85,5.938472
377156,5,Walking,1463692211000,2.53,15.13,-0.38136974
377157,5,Walking,1463742290000,5.33,5.75,1.2258313
377158,5,Walking,1463792217000,3.15,5.63,-2.3699405
377159,5,Walking,1463842296000,2.07,12.11,2.7649305
377160,5,Walking,1463892254000,1.73,4.6,1.8796080000000002
377161,5,Walking,1463942303000,4.21,6.7,-1.7978859
377162,5,Walking,1463992260000,5.43,8.05,1.5390993
377163,5,Walking,1464042309000,4.6,10.27,1.56634
377164,5,Walking,1464092235000,5.6,12.83,0.6946376999999999
377165,5,Walking,1464142284000,8.01,13.44,1.607201
377166,5,Walking,1464142284000,8.01,13.44,1.607201
377167,5,Walking,1464222179000,3.64,10.38,-1.8796080000000002
377168,5,Walking,1464272259000,2.53,15.51,4.1814466
377169,5,Walking,1464322613000,4.21,7.35,-0.23154591
377170,5,Walking,1464372265000,3.53,4.14,0.38136974
377171,5,Walking,1464422375000,0.46,2.56,-0.50395286
377172,5,Walking,1464482281000,0.38,3.83,1.5390993
377173,5,Walking,1464532238000,1.65,10.0,6.3607025
377174,5,Walking,1464582317000,4.33,14.86,9.152874
377175,5,Walking,1464632244000,1.65,8.08,9.152874
377176,5,Walking,1464682262000,1.92,15.98,2.1111538
377177,5,Walking,1464732220000,2.64,6.32,1.334794
377178,5,Walking,1464782299000,7.16,4.94,-1.8796080000000002
377179,5,Walking,1464832256000,2.03,10.69,1.8387468999999996
377180,5,Walking,1464882274000,2.45,5.28,2.4516625
377181,5,Walking,1464932262000,2.68,6.93,-2.6423476000000004
377182,5,Walking,1464982311000,3.91,8.77,2.9147543999999996
377183,5,Walking,1465032238000,3.72,8.16,0.19068487
377184,5,Walking,1465082653000,7.55,11.07,1.1168685
377185,5,Walking,1465132366000,7.06,13.29,1.0351465
377186,5,Walking,1465182262000,7.7,11.69,0.08172209
377187,5,Walking,1465232220000,3.3,11.26,-2.4108016
377188,5,Walking,1465282268000,2.6,16.04,5.2165932999999995
377189,5,Walking,1465332226000,4.99,8.31,-0.53119355
377190,5,Walking,1465382305000,3.95,1.8,0.27240697
377191,5,Walking,1465432201000,0.04,2.72,0.040861044
377192,5,Walking,1465482281000,-0.5,3.76,0.08172209
377193,5,Walking,1465532268000,1.04,9.7,5.5571017
377194,5,Walking,1465582287000,6.55,15.83,8.349273
377195,5,Walking,1465632244000,1.57,8.08,9.425281
377196,5,Walking,1465682293000,2.56,16.02,1.9477096999999999
377197,5,Walking,1465732281000,3.21,5.52,0.19068487
377198,5,Walking,1465782268000,6.13,5.6,-0.88532263
377199,5,Walking,1465832256000,1.61,10.34,0.84446156
377200,5,Walking,1465882274000,1.8,5.52,3.1054392
377201,5,Walking,1465932232000,2.64,7.25,-2.7513103
377202,5,Walking,1465982281000,3.6,8.73,2.2609777
377203,5,Walking,1466032238000,5.67,9.58,1.5390993
377204,5,Walking,1466082287000,6.02,12.26,0.8036005
377205,5,Walking,1466132274000,8.16,13.38,1.6480621
377206,5,Walking,1466182293000,7.01,9.81,-1.1849703
377207,5,Walking,1466232250000,1.88,15.09,0.84446156
377208,5,Walking,1466282268000,4.29,12.72,2.2201166000000003
377209,5,Walking,1466332287000,5.18,3.53,-1.4573771999999998
377210,5,Walking,1466382305000,1.65,2.56,-0.42223078
377211,5,Walking,1466432201000,-0.19,2.76,-0.6946376999999999
377212,5,Walking,1466482311000,0.57,7.63,3.9090397000000006
377213,5,Walking,1466532268000,4.33,14.9,6.973617999999999
377214,5,Walking,1466582317000,0.65,9.38,11.114203
377215,5,Walking,1466632274000,5.28,11.84,4.018002500000001
377216,5,Walking,1466682293000,2.03,11.5,-0.10896278
377217,5,Walking,1466732250000,4.14,4.82,0.3405087
377218,5,Walking,1466782299000,5.05,8.69,-2.1111538
377219,5,Walking,1466832287000,2.49,7.82,3.8273177000000005
377220,5,Walking,1466882336000,2.56,4.52,-1.334794
377221,5,Walking,1466932232000,3.83,8.92,1.8387468999999996
377222,5,Walking,1466982311000,4.14,7.59,0.19068487
377223,5,Walking,1467032238000,6.21,11.07,1.9204689999999998
377224,5,Walking,1467082287000,6.66,12.53,0.53119355
377225,5,Walking,1467132244000,5.9,14.9,1.4982381999999999
377226,5,Walking,1467182293000,6.47,8.05,-1.9477096999999999
377227,5,Walking,1467232281000,2.11,15.6,2.3426998
377228,5,Walking,1467282299000,3.15,12.68,1.5390993
377229,5,Walking,1467332287000,4.48,3.45,-0.9942854
377230,5,Walking,1467382305000,1.57,2.3,-0.0
377231,5,Walking,1467432201000,-0.65,2.79,0.7627395
377232,5,Walking,1467482342000,0.42,7.86,4.862464
377233,5,Walking,1467542278000,5.79,12.49,7.7772183
377234,5,Walking,1467592205000,0.5,7.63,11.141444
377235,5,Walking,1467642284000,1.5,13.33,1.2258313
377236,5,Walking,1467692211000,4.71,11.14,2.2201166000000003
377237,5,Walking,1467742290000,4.48,4.1,-0.27240697
377238,5,Walking,1467792217000,3.79,7.21,-2.2201166000000003
377239,5,Walking,1467842296000,1.95,8.5,3.9090397000000006
377240,5,Walking,1467892223000,2.68,6.21,-1.6889231
377241,5,Walking,1467942272000,4.99,8.47,1.8796080000000002
377242,5,Walking,1467992229000,4.71,8.2,0.92618364
377243,5,Walking,1468042309000,5.98,11.8,1.6889231
377244,5,Walking,1468092357000,7.89,13.95,0.7218784
377245,5,Walking,1468142315000,7.01,11.5,-0.27240697
377246,5,Walking,1468192242000,2.15,11.84,-1.525479
377247,5,Walking,1468242290000,3.26,15.51,4.1814466
377248,5,Walking,1468292370000,4.52,6.51,-0.7218784
377249,5,Walking,1468342358000,2.87,2.49,0.313268
377250,5,Walking,1468392254000,0.08,1.92,-0.42223078
377251,5,Walking,1468442333000,0.15,4.33,2.2201166000000003
377252,5,Walking,1468502270000,4.94,12.68,8.430995
377253,5,Walking,1468552227000,0.34,13.06,10.732834
377254,5,Walking,1468602245000,5.05,13.02,4.630918
377255,5,Walking,1468652264000,-1.18,6.4,0.27240697
377256,5,Walking,1468702251000,6.7,7.44,0.27240697
377257,5,Walking,1468752209000,5.6,8.81,-0.53119355
377258,5,Walking,1468802318000,0.8,6.97,3.9090397000000006
377259,5,Walking,1468852276000,2.03,5.28,-0.8036005
377260,5,Walking,1468902264000,4.33,7.89,1.1849703
377261,5,Walking,1468952251000,4.6,7.67,0.27240697
377262,5,Walking,1469002239000,5.37,10.53,1.8387468999999996
377263,5,Walking,1469052257000,6.7,12.45,-0.040861044
377264,5,Walking,1469102276000,7.12,14.94,1.56634
377265,5,Walking,1469152233000,4.37,9.19,-0.53119355
377266,5,Walking,1469202251000,0.99,16.04,2.4108016
377267,5,Walking,1469252270000,4.02,12.22,0.8036005
377268,5,Walking,1469302257000,4.94,2.91,-0.23154591
377269,5,Walking,1469352245000,1.42,1.42,0.84446156
377270,5,Walking,1469402264000,0.5,1.92,-0.46309182
377271,5,Walking,1469452251000,0.65,7.06,4.018002500000001
377272,5,Walking,1469502270000,6.28,13.95,10.079058
377273,5,Walking,1469552227000,-0.91,7.35,9.915613
377274,5,Walking,1469602337000,3.3,14.56,3.0645783
377275,5,Walking,1469652202000,2.56,10.73,1.4982381999999999
377276,5,Walking,1469702251000,5.13,5.09,1.1168685
377277,5,Walking,1469752209000,4.52,7.7,-1.525479
377278,5,Walking,1469802257000,1.54,8.2,3.9090397000000006
377279,5,Walking,1469852245000,1.95,5.48,-1.3756552
377280,5,Walking,1469902264000,4.63,7.93,2.8330324
377281,5,Walking,1469952282000,3.99,7.7,-0.3405087
377282,5,Walking,1470002270000,6.09,10.42,1.56634
377283,5,Walking,1470052288000,7.35,14.44,1.8387468999999996
377284,5,Walking,1470052288000,7.35,14.44,1.8387468999999996
377285,5,Walking,1470113781000,7.25,10.8,0.23154591
377286,5,Walking,1470162304000,2.76,15.43,1.7297841
377287,5,Walking,1470212688000,3.95,13.29,3.7864565999999997
377288,5,Walking,1470262310000,4.33,4.63,-0.6946376999999999
377289,5,Walking,1470312328000,1.38,1.99,-0.7218784
377290,5,Walking,1470372265000,-0.23,1.54,-0.08172209
377291,5,Walking,1470432293000,2.64,9.92,6.891896000000001
377292,5,Walking,1470482281000,5.6,15.98,7.014479
377293,5,Walking,1470532299000,0.8,11.37,8.580819
377294,5,Walking,1470582226000,1.69,13.59,0.5720546
377295,5,Walking,1470632305000,2.72,5.9,0.46309182
377296,5,Walking,1470682201000,2.72,10.69,2.3699405
377297,5,Walking,1470732342000,3.91,6.93,2.2609777
377298,5,Walking,1470782207000,4.63,3.21,1.2258313
377299,5,Walking,1470832317000,3.79,5.43,-2.5333846
377300,5,Walking,1470882274000,2.76,8.54,4.0588636
377301,5,Walking,1470932293000,5.9,10.5,-0.6946376999999999
377302,5,Walking,1470982250000,6.02,13.02,1.9477096999999999
377303,5,Walking,1471032299000,9.47,12.49,2.3426998
377304,5,Walking,1471082256000,3.79,11.88,-2.4108016
377305,5,Walking,1471132305000,3.21,15.75,4.372132
377306,5,Walking,1471182232000,4.06,9.28,1.56634
377307,5,Walking,1471232281000,3.06,2.3,-1.3756552
377308,5,Walking,1471282238000,0.04,1.12,-0.3405087
377309,5,Walking,1471332317000,0.53,3.15,2.0294318
377310,5,Walking,1471382274000,3.15,9.15,8.117727
377311,5,Walking,1471432293000,7.27,15.02,8.499097
377312,5,Walking,1471482311000,0.89,7.46,5.8976107
377313,5,Walking,1471532268000,-0.65,12.64,-0.5720546
377314,5,Walking,1471582256000,6.85,9.77,0.3405087
377315,5,Walking,1471632305000,7.21,6.74,-3.7592160000000003
377316,5,Walking,1471682201000,2.83,11.37,4.671779
377317,5,Walking,1471732311000,1.88,5.52,-0.23154591
377318,5,Walking,1471782238000,5.33,6.78,-1.2258313
377319,5,Walking,1471832317000,4.48,5.86,-0.6946376999999999
377320,5,Walking,1471882274000,4.82,8.39,0.95342433
377321,5,Walking,1471932293000,8.85,10.31,0.5720546
377322,5,Walking,1471982281000,7.46,11.75,2.5606253
377323,5,Walking,1472032299000,8.01,10.15,-0.23154591
377324,5,Walking,1472082256000,4.56,13.29,-1.525479
377325,5,Walking,1472132305000,4.79,16.04,3.6774937999999993
377326,5,Walking,1472182232000,4.6,6.93,-1.4573771999999998
377327,5,Walking,1472232311000,3.21,2.96,-0.53119355
377328,5,Walking,1472282207000,0.57,2.03,-0.53119355
