,user,label,timestamp,x,y,z
377529,5,Walking,1482352245000,4.48,7.55,0.95342433
377530,5,Walking,1482402233000,5.24,5.98,-0.9942854
377531,5,Walking,1482452282000,2.34,9.62,3.0645783
377532,5,Walking,1482502239000,2.3,4.4,0.46309182
377533,5,Walking,1482552257000,4.1,7.01,-0.10896278
377534,5,Walking,1482602276000,4.29,7.86,0.5720546
377535,5,Walking,1482652264000,5.67,10.38,2.1792557
377536,5,Walking,1482702282000,7.4,11.75,-0.19068487
377537,5,Walking,1482752270000,6.55,15.47,1.6889231
377538,5,Walking,1482802257000,4.52,9.72,-1.3075534
377539,5,Walking,1482852276000,2.53,15.17,1.7978859
377540,5,Walking,1482902264000,4.4,11.92,1.7297841
377541,5,Walking,1482952251000,4.4,4.33,-0.5720546
377542,5,Walking,1483002239000,1.73,2.53,0.38136974
377543,5,Walking,1483052288000,-0.38,2.76,0.8036005
377544,5,Walking,1483102245000,-0.42,6.51,3.336985
377545,5,Walking,1483152294000,6.36,10.99,7.3958488
377546,5,Walking,1483202251000,3.15,11.11,14.709975
377547,5,Walking,1483252270000,3.83,13.57,2.152015
377548,5,Walking,1483302288000,0.57,6.05,2.1792557
377549,5,Walking,1483352276000,7.55,7.59,-1.8387468999999996
377550,5,Walking,1483402202000,1.88,10.38,1.1849703
377551,5,Walking,1483452282000,1.46,5.75,0.88532263
377552,5,Walking,1483502239000,2.72,6.93,-2.5606253
377553,5,Walking,1483552257000,4.21,8.62,1.8387468999999996
377554,5,Walking,1483602245000,6.09,8.28,1.1849703
377555,5,Walking,1483652264000,8.47,9.92,1.0760075
377556,5,Walking,1483702251000,7.08,17.97,1.3075534
377557,5,Walking,1483752270000,1.92,10.53,1.3756552
377558,5,Walking,1483802257000,2.98,14.14,-0.29964766
377559,5,Walking,1483852276000,2.72,10.0,1.4573771999999998
377560,5,Walking,1483902264000,5.6,6.55,-0.23154591
377561,5,Walking,1483952312000,0.57,2.53,0.5720546
377562,5,Walking,1484002239000,-1.18,2.96,1.3075534
377563,5,Walking,1484052288000,1.76,5.48,4.630918
377564,5,Walking,1484102245000,6.97,10.08,10.460427000000001
377565,5,Walking,1484152233000,0.95,8.54,10.800936
377566,5,Walking,1484202251000,0.19,14.86,0.6946376999999999
377567,5,Walking,1484252239000,5.9,12.15,2.152015
377568,5,Walking,1484302257000,4.37,5.48,-1.1849703
377569,5,Walking,1484352276000,2.79,8.28,0.5720546
377570,5,Walking,1484402264000,3.95,4.79,1.6889231
377571,5,Walking,1484452282000,2.6,5.48,-1.1441092
377572,5,Walking,1484502270000,4.82,8.96,2.7649305
377573,5,Walking,1484552288000,4.29,9.15,1.6480621
377574,5,Walking,1484602276000,7.74,10.61,0.27240697
377575,5,Walking,1484652264000,8.28,15.09,2.9147543999999996
377576,5,Walking,1484702221000,5.24,12.98,-1.0760075
377577,5,Walking,1484752239000,1.14,17.35,0.7218784
377578,5,Walking,1484802227000,3.45,11.07,1.1849703
377579,5,Walking,1484852245000,6.51,2.37,-0.84446156
377580,5,Walking,1484902233000,1.92,1.38,-0.29964766
377581,5,Walking,1484952282000,-1.18,5.05,0.46309182
377582,5,Walking,1485002209000,-0.76,6.47,2.9147543999999996
377583,5,Walking,1485052288000,2.34,7.31,9.615966
377584,5,Walking,1485102276000,5.41,14.67,9.112013000000001
377585,5,Walking,1485152264000,1.95,9.85,6.0882955
377587,5,Walking,1485202312000,-0.15,13.1,0.08172209
377586,5,Walking,1485202312000,-0.15,13.1,0.08172209
377588,5,Walking,1485302257000,5.41,4.63,-2.1111538
377590,5,Walking,1485352306000,2.26,9.96,2.7921712000000003
377589,5,Walking,1485352306000,2.26,9.96,2.7921712000000003
377591,5,Walking,1485412304000,1.54,4.71,-1.1168685
377592,5,Walking,1485462261000,4.6,8.62,3.2552630000000002
377593,5,Walking,1485512798000,3.91,7.44,-0.29964766
377594,5,Walking,1485562267000,7.27,10.34,2.1792557
377595,5,Walking,1485612316000,9.47,12.45,1.2666923
377596,5,Walking,1485662273000,7.21,13.87,-0.08172209
377597,5,Walking,1485712261000,1.54,13.33,-0.42223078
377598,5,Walking,1485762279000,1.88,15.51,1.4982381999999999
377599,5,Walking,1485812267000,4.18,9.72,0.10896278
377600,5,Walking,1485862285000,4.94,2.98,-0.50395286
377601,5,Walking,1485912304000,0.53,2.96,0.14982383
377602,5,Walking,1485962261000,-0.3,4.18,0.040861044
377603,5,Walking,1486012279000,0.8,5.94,6.170017700000001
377604,5,Walking,1486062298000,4.63,10.8,8.730642999999999
377605,5,Walking,1486112194000,0.5,10.8,11.413852
377606,5,Walking,1486162426000,1.69,12.87,1.4573771999999998
377607,5,Walking,1486212261000,4.1,10.5,1.3756552
377608,5,Walking,1486262279000,6.21,5.94,0.27240697
377609,5,Walking,1486312267000,3.87,7.89,-1.1168685
377610,5,Walking,1486362285000,2.34,7.97,3.173541
377611,5,Walking,1486412395000,0.57,5.48,-2.7513103
377612,5,Walking,1486462322000,4.06,8.43,2.982856
377613,5,Walking,1486512279000,5.86,8.73,0.7627395
377614,5,Walking,1486562267000,7.67,10.8,0.61291564
377615,5,Walking,1486612285000,7.97,12.91,2.3699405
377616,5,Walking,1486662304000,6.63,9.58,-1.1441092
377617,5,Walking,1486712261000,2.64,14.21,0.14982383
377618,5,Walking,1486762279000,2.34,15.43,3.9090397000000006
377619,5,Walking,1486812267000,4.94,7.21,-0.3405087
377620,5,Walking,1486862316000,2.41,1.95,-0.84446156
377621,5,Walking,1486912304000,-0.57,3.6,0.9942854
377622,5,Walking,1486962292000,0.38,4.29,2.0294318
377623,5,Walking,1487012279000,5.37,8.24,8.281172
377624,5,Walking,1487062298000,5.48,15.24,9.534244000000001
377625,5,Walking,1487112316000,0.19,8.96,6.4015636
377626,5,Walking,1487162273000,3.38,14.06,0.61291564
377627,5,Walking,1487212261000,4.02,5.22,-2.0294318
377628,5,Walking,1487262279000,5.05,9.0,2.070293
377629,5,Walking,1487312267000,5.71,8.58,4.099725
377630,5,Walking,1487362285000,2.83,3.99,-1.3075534
377631,5,Walking,1487412273000,3.11,4.86,1.4982381999999999
377632,5,Walking,1487462292000,4.06,9.7,1.7978859
377633,5,Walking,1487512279000,6.59,9.23,0.3405087
377634,5,Walking,1487562267000,7.7,12.15,0.88532263
377635,5,Walking,1487612316000,9.3,11.92,3.4050870000000004
377636,5,Walking,1487662273000,3.41,10.38,-1.4982381999999999
377637,5,Walking,1487712261000,3.83,16.36,4.5628166
377638,5,Walking,1487762279000,4.48,10.12,1.4165162
377639,5,Walking,1487812237000,2.91,1.46,-0.19068487
377640,5,Walking,1487862316000,0.8,0.72,0.14982383
377641,5,Walking,1487912273000,0.99,3.02,0.50395286
377642,5,Walking,1487962292000,3.53,9.96,8.240311
377643,5,Walking,1488012279000,5.98,16.44,8.076866
377644,5,Walking,1488062328000,-1.88,5.86,7.246025
377645,5,Walking,1488112316000,3.3,16.04,1.607201
377646,5,Walking,1488162273000,6.21,8.01,0.27240697
377647,5,Walking,1488212231000,-1.38,7.97,3.8273177000000005
377648,5,Walking,1488262310000,5.48,5.83,-2.1792557
377649,5,Walking,1488312267000,3.06,4.33,0.92618364
377650,5,Walking,1488362316000,3.6,7.82,0.95342433
377651,5,Walking,1488412273000,5.05,7.78,0.6946376999999999
377652,5,Walking,1488462292000,8.54,9.58,0.42223078
377653,5,Walking,1488512279000,7.31,12.87,2.9556155
377654,5,Walking,1488562267000,8.5,10.57,1.0760075
377655,5,Walking,1488612285000,3.68,13.57,-2.4516625
377656,5,Walking,1488662304000,5.13,17.58,4.6036777
377657,5,Walking,1488712261000,4.44,7.21,0.3405087
377658,5,Walking,1488762279000,4.82,2.6,-1.2666923
377659,5,Walking,1488812267000,-0.5,1.57,-0.5720546
377660,5,Walking,1488862316000,0.57,3.49,2.152015
377661,5,Walking,1488912273000,3.57,8.54,8.158588
377662,5,Walking,1488962292000,4.52,14.94,10.732834
377663,5,Walking,1489012279000,2.91,10.61,3.5685309999999997
377664,5,Walking,1489062267000,2.91,14.37,2.6832085
377665,5,Walking,1489112285000,6.05,3.95,-0.5720546
377666,5,Walking,1489162273000,3.53,5.71,-1.0760075
377667,5,Walking,1489212261000,3.02,8.66,4.7126402999999994
377668,5,Walking,1489262279000,2.34,3.38,-2.1111538
377669,5,Walking,1489312267000,5.22,8.58,1.9477096999999999
377670,5,Walking,1489362316000,4.18,8.43,1.0351465
377671,5,Walking,1489412273000,8.58,11.45,-0.0
377672,5,Walking,1489462292000,6.09,14.33,2.1111538
377673,5,Walking,1489512279000,7.7,10.38,-0.53119355
377674,5,Walking,1489562298000,3.26,10.65,0.7627395
377675,5,Walking,1489612285000,3.99,13.99,3.5276701
377676,5,Walking,1489662273000,5.86,6.4,-0.88532263
377677,5,Walking,1489712261000,3.15,4.14,1.3075534
377678,5,Walking,1489762279000,0.23,5.37,0.23154591
377679,5,Walking,1489812267000,0.15,0.61,3.1463002999999996
377680,5,Walking,1489862316000,6.4,10.53,8.662541000000001
377681,5,Walking,1489912273000,2.11,11.54,10.269741999999999
377682,5,Walking,1489962292000,4.21,9.85,6.0201936
377683,5,Walking,1490012279000,4.67,12.68,-0.10896278
377684,5,Walking,1490062267000,4.82,4.1,-0.14982383
377685,5,Walking,1490112285000,5.09,8.5,-2.4925237
377686,5,Walking,1490162304000,1.42,7.7,3.6774937999999993
377687,5,Walking,1490212292000,1.88,4.4,-2.5333846
377688,5,Walking,1490262279000,4.94,9.0,2.5333846
377689,5,Walking,1490312267000,5.98,8.2,0.53119355
377690,5,Walking,1490362316000,8.08,10.38,0.92618364
377691,5,Walking,1490412273000,7.35,13.72,1.5390993
377692,5,Walking,1490462292000,7.21,10.31,-1.1168685
377693,5,Walking,1490512279000,3.06,14.44,-1.0351465
377694,5,Walking,1490562267000,3.38,15.32,3.5957718
377695,5,Walking,1490612316000,4.75,6.24,-1.2666923
377696,5,Walking,1490662273000,3.6,1.38,-0.50395286
377697,5,Walking,1490712261000,0.57,1.88,0.23154591
377698,5,Walking,1490762279000,0.84,5.28,3.1054392
377699,5,Walking,1490812267000,3.76,11.65,8.853226
377700,5,Walking,1490862316000,2.83,11.11,10.95076
377701,5,Walking,1490912273000,2.72,10.95,4.3312707
377702,5,Walking,1490962261000,1.84,12.41,1.6480621
377703,5,Walking,1491012279000,5.01,6.21,0.14982383
377704,5,Walking,1491062298000,5.37,6.36,-2.4108016
377705,5,Walking,1491132274000,2.49,6.7,2.9556155
377706,5,Walking,1491182232000,3.06,6.66,-2.7513103
377707,5,Walking,1491232250000,5.13,7.86,1.7297841
377708,5,Walking,1491282329000,5.86,8.85,2.2609777
377709,5,Walking,1491332287000,8.12,11.45,0.6946376999999999
377710,5,Walking,1491382305000,7.12,14.98,0.9942854
377711,5,Walking,1491432232000,5.63,10.42,-1.2666923
377712,5,Walking,1491482281000,2.83,13.38,0.10896278
377713,5,Walking,1491532207000,3.68,14.6,2.4516625
377714,5,Walking,1491582317000,4.6,3.91,-1.0351465
377715,5,Walking,1491632213000,3.02,2.45,0.50395286
377716,5,Walking,1491682262000,0.34,2.53,0.08172209
377717,5,Walking,1491732250000,0.23,7.44,5.8567495
377718,5,Walking,1491782299000,5.63,9.85,7.8180795
377719,5,Walking,1491832317000,0.8,10.23,11.182305
377720,5,Walking,1491882274000,2.91,16.28,1.4165162
377722,5,Walking,1491932232000,3.64,5.79,0.10896278
377721,5,Walking,1491932232000,3.64,5.79,0.10896278
377723,5,Walking,1492032146000,2.53,9.96,1.6889231
377724,5,Walking,1492082226000,1.54,5.37,0.84446156
377725,5,Walking,1492132427000,2.91,6.97,-0.9942854
377726,5,Walking,1492182232000,4.9,8.08,0.92618364
377727,5,Walking,1492232311000,6.44,9.53,2.2201166000000003
377728,5,Walking,1492282238000,8.35,10.95,0.46309182
