,user,label,timestamp,x,y,z
175027,6,Walking,3272732219000,5.67,7.21,-1.7297841
175028,6,Walking,3272732219000,5.67,7.21,-1.7297841
175029,6,Walking,3272832317000,8.58,5.63,-0.6946376999999999
175030,6,Walking,3272882304000,7.86,5.94,0.8036005
175031,6,Walking,3272932231000,6.24,8.58,0.46309182
175032,6,Walking,3272982280000,9.89,5.83,-2.3699405
175033,6,Walking,3273032237000,11.96,7.67,0.42223078
175034,6,Walking,3273082286000,11.35,8.5,4.7535014
175035,6,Walking,3273132243000,9.7,9.92,4.099725
175036,6,Walking,3273182292000,7.35,14.18,-2.5333846
175037,6,Walking,3273232249000,7.82,9.72,-2.6423476000000004
175038,6,Walking,3273282268000,3.91,4.1,-2.4108016
175040,6,Walking,3273342296000,2.11,4.21,-2.4108016
175039,6,Walking,3273342296000,2.11,4.21,-2.4108016
175041,6,Walking,3273402293000,0.0,5.98,-3.3642258999999997
175042,6,Walking,3273452251000,-0.38,7.5,-0.61291564
175043,6,Walking,3273502422000,17.5,14.25,13.021052000000001
175044,6,Walking,3273552135000,8.73,1.31,1.607201
175045,6,Walking,3273604808000,1.57,9.62,-0.0
175046,6,Walking,3273604808000,1.57,9.62,-0.0
175047,6,Walking,3273604808000,1.57,9.62,-0.0
175048,6,Walking,3273604808000,1.57,9.62,-0.0
175049,6,Walking,3273604808000,1.57,9.62,-0.0
175050,6,Walking,3273732860000,4.99,6.02,-1.4982381999999999
175052,6,Walking,3273992168000,9.47,6.89,-1.4165162
175053,6,Walking,3274042308000,6.13,8.43,-1.56634
175054,6,Walking,3274092204000,6.17,8.43,3.990762
175055,6,Walking,3274142314000,7.82,7.27,-1.2666923
175056,6,Walking,3274192241000,8.01,13.57,6.4424243
175057,6,Walking,3274242290000,8.62,18.7,9.425281
175058,6,Walking,3274292277000,8.69,15.21,-3.7183550000000003
175059,6,Walking,3274342296000,2.3,4.33,-4.4810944
175060,6,Walking,3274392253000,1.46,5.79,-2.8738932999999998
175061,6,Walking,3274442302000,4.33,5.83,2.1792557
175062,6,Walking,3274492229000,2.49,4.52,-1.9885708
175063,6,Walking,3274542308000,-1.27,5.79,-3.5276701
175064,6,Walking,3274592204000,-1.18,10.46,0.14982383
175065,6,Walking,3274642345000,-0.38,13.02,13.988097
175066,6,Walking,3274692241000,12.22,9.43,5.938472
175067,6,Walking,3274742290000,7.86,15.6,-1.6889231
175068,6,Walking,3274792247000,6.74,13.06,0.61291564
175069,6,Walking,3274842296000,-2.26,1.99,-4.630918
175070,6,Walking,3274892223000,1.65,10.19,-3.7592160000000003
175071,6,Walking,3274942210000,6.51,13.87,-0.23154591
175072,6,Walking,3274992290000,3.95,4.6,-0.8036005
175073,6,Walking,3275042247000,4.48,7.25,-0.6946376999999999
175074,6,Walking,3275092296000,2.76,8.85,-0.88532263
175075,6,Walking,3275142223000,1.73,11.41,2.7649305
175076,6,Walking,3275192302000,4.79,10.46,0.7218784
175077,6,Walking,3275242900000,12.72,7.93,-1.9204689999999998
175078,6,Walking,3275292338000,14.48,6.63,6.66035
175079,6,Walking,3275342326000,12.22,9.15,2.1111538
175080,6,Walking,3275392223000,8.16,15.36,-2.1383946
175081,6,Walking,3275442302000,3.26,10.84,-3.5276701
175082,6,Walking,3275492229000,4.18,2.11,-2.070293
175083,6,Walking,3275542308000,3.15,4.79,-2.2609777
175084,6,Walking,3275592235000,0.23,6.51,-2.9147543999999996
175085,6,Walking,3275642375000,-1.5,6.66,-2.3699405
175086,6,Walking,3275692271000,7.08,11.84,11.876944
175087,6,Walking,3275742259000,14.52,7.31,2.3018389
175088,6,Walking,3275792247000,8.92,12.41,-2.2609777
175089,6,Walking,3275842357000,3.06,9.38,-3.214402
175090,6,Walking,3275892253000,-0.46,4.94,-1.7978859
175091,6,Walking,3275942302000,4.9,13.72,-2.6423476000000004
175092,6,Walking,3275992259000,2.72,7.31,-3.1463002999999996
175093,6,Walking,3276042338000,6.47,5.28,-2.2201166000000003
175094,6,Walking,3276092113000,10.8,7.46,-1.3075534
175095,6,Walking,3276142284000,8.01,5.79,2.3018389
175096,6,Walking,3276192271000,7.01,6.89,0.42223078
175097,6,Walking,3276242259000,9.11,7.35,-0.46309182
175098,6,Walking,3276292277000,10.38,8.24,-0.14982383
175099,6,Walking,3276352275000,11.03,6.24,3.173541
175100,6,Walking,3276402232000,9.47,9.85,2.7240696
175101,6,Walking,3276452281000,9.11,15.4,-2.070293
175102,6,Walking,3276502208000,6.13,8.73,-3.4459480000000005
175103,6,Walking,3276552318000,4.67,4.33,-0.84446156
175105,6,Walking,3276602245000,2.37,4.56,-2.2201166000000003
175104,6,Walking,3276602245000,2.37,4.56,-2.2201166000000003
175106,6,Walking,3276672313000,0.27,5.37,-3.5685309999999997
175107,6,Walking,3276723735000,-0.3,7.7,-1.7297841
175108,6,Walking,3276772258000,17.39,14.48,12.367275999999999
175109,6,Walking,3276822612000,11.03,1.57,0.27240697
175110,6,Walking,3276822612000,11.03,1.57,0.27240697
175111,6,Walking,3276822612000,11.03,1.57,0.27240697
175113,6,Walking,3277022563000,7.08,10.46,-2.6423476000000004
175114,6,Walking,3277072551000,5.83,5.94,-1.56634
175115,6,Walking,3277122325000,7.97,5.6,-0.6946376999999999
175116,6,Walking,3277172343000,8.01,4.94,-0.10896278
175117,6,Walking,3277222301000,6.97,6.51,-1.1849703
175118,6,Walking,3277272533000,5.63,8.31,0.19068487
175119,6,Walking,3277322276000,7.35,7.27,-0.88532263
175120,6,Walking,3277372264000,12.49,6.97,-2.3018389
175121,6,Walking,3277422435000,13.4,8.16,5.2165932999999995
175122,6,Walking,3277472301000,9.81,7.46,3.7592160000000003
175123,6,Walking,3277522288000,7.67,12.45,-0.9125633
175124,6,Walking,3277572307000,6.63,11.69,-3.5957718
175125,6,Walking,3277622264000,6.51,4.06,-1.7297841
175126,6,Walking,3277672313000,2.79,5.52,-2.1383946
175127,6,Walking,3277722270000,0.61,4.75,-1.7570249
175128,6,Walking,3277772258000,-0.34,6.66,-3.1463002999999996
175129,6,Walking,3277822826000,-0.69,9.77,3.8681788
175130,6,Walking,3277893382000,16.89,4.06,4.440233
175133,6,Walking,3278282298000,7.44,6.44,0.53119355
175134,6,Walking,3278332378000,6.63,7.35,-0.19068487
175135,6,Walking,3278382121000,7.63,8.2,-0.19068487
175136,6,Walking,3278432201000,10.53,5.67,-1.7570249
175137,6,Walking,3278482249000,12.37,7.16,2.7921712000000003
175138,6,Walking,3278532237000,11.99,6.89,3.2961242
175139,6,Walking,3278582286000,9.7,12.64,1.56634
175140,6,Walking,3278632243000,7.44,14.79,-2.6423476000000004
175141,6,Walking,3278682262000,4.21,7.55,-2.2609777
175142,6,Walking,3278732249000,3.91,4.56,-1.3075534
175143,6,Walking,3278782268000,1.61,4.6,-2.1111538
175144,6,Walking,3278832286000,0.42,6.09,-3.1054392
175145,6,Walking,3278882213000,-0.3,6.66,-2.1111538
175146,6,Walking,3278932262000,12.57,12.95,11.032481
175147,6,Walking,3278982249000,14.79,0.76,3.8681788
175148,6,Walking,3279032268000,4.1,11.69,-0.7218784
175149,6,Walking,3279082225000,4.48,9.23,-2.4516625
175150,6,Walking,3279132274000,2.18,7.86,-1.6480621
175151,6,Walking,3279182262000,5.41,11.03,-2.8330324
175152,6,Walking,3279232249000,5.52,6.28,-2.3426998
175153,6,Walking,3279282268000,8.31,6.02,-1.4165162
175154,6,Walking,3279332286000,9.19,4.6,-0.46309182
175155,6,Walking,3279382274000,7.35,6.13,0.53119355
175156,6,Walking,3279432231000,5.9,8.16,0.313268
175157,6,Walking,3279482280000,6.09,7.89,0.27240697
175158,6,Walking,3279532237000,9.92,5.86,-1.525479
175159,6,Walking,3279582286000,13.18,7.78,0.8036005
175160,6,Walking,3279632213000,11.73,7.55,5.175732
175161,6,Walking,3279682262000,9.23,10.99,2.7921712000000003
175162,6,Walking,3279732249000,6.89,12.6,-2.6423476000000004
175163,6,Walking,3279782268000,6.63,8.89,-4.3312707
175164,6,Walking,3279832225000,4.56,3.76,-0.040861044
175165,6,Walking,3279882243000,1.65,4.9,-2.1111538
175166,6,Walking,3279932292000,0.46,5.01,-2.8330324
175167,6,Walking,3279982249000,-0.46,8.12,-1.9477096999999999
175168,6,Walking,3280032268000,12.98,14.25,13.184497
175169,6,Walking,3280082225000,13.18,2.87,2.070293
175170,6,Walking,3280132274000,6.13,13.76,1.1441092
175171,6,Walking,3280182536000,3.02,5.79,-5.434519
175172,6,Walking,3280182536000,3.02,5.79,-5.434519
175173,6,Walking,3280252360000,3.45,8.12,-1.7297841
175174,6,Walking,3280302257000,7.78,9.62,-4.290409599999999
175175,6,Walking,3280352306000,5.98,5.83,-0.6537767
175176,6,Walking,3280402232000,8.31,5.79,-0.7218784
175177,6,Walking,3280452220000,6.85,5.28,-0.50395286
175178,6,Walking,3280502330000,6.47,7.5,-0.6537767
175179,6,Walking,3280562266000,6.28,8.24,-0.27240697
175180,6,Walking,3280612254000,9.58,6.78,-0.95342433
175181,6,Walking,3280662303000,12.34,6.89,-1.1849703
175182,6,Walking,3280712260000,12.3,6.93,5.8976107
175183,6,Walking,3280762309000,11.03,8.31,4.3312707
175184,6,Walking,3280812205000,7.7,13.48,-1.8387468999999996
175185,6,Walking,3280862346000,6.59,11.37,-4.5900574
175186,6,Walking,3280912212000,4.44,4.44,-0.6946376999999999
175187,6,Walking,3280962260000,3.02,5.01,-2.0294318
175188,6,Walking,3281012462000,1.33,4.99,-2.4108016
175189,6,Walking,3281062266000,0.08,6.85,-3.173541
175190,6,Walking,3281112285000,4.02,11.22,7.6682559999999995
175191,6,Walking,3281172588000,15.02,5.37,3.8273177000000005
175192,6,Walking,3281172588000,15.02,5.37,3.8273177000000005
175194,6,Walking,3281292186000,4.18,6.47,-3.336985
175195,6,Walking,3281342265000,4.02,6.89,-1.0760075
175196,6,Walking,3281392467000,9.28,9.72,-1.6889231
175197,6,Walking,3281442332000,4.4,5.98,-0.8036005
175198,6,Walking,3281492198000,5.79,5.63,-1.4165162
175199,6,Walking,3281542400000,7.82,6.28,-1.9477096999999999
175200,6,Walking,3281592235000,6.78,6.55,-0.61291564
175201,6,Walking,3281642314000,6.97,8.39,0.23154591
175202,6,Walking,3281692241000,7.16,7.78,2.070293
175203,6,Walking,3281742290000,10.15,6.63,-2.1383946
175204,6,Walking,3281792247000,13.57,6.4,4.440233
175205,6,Walking,3281842265000,11.69,6.4,3.5685309999999997
175206,6,Walking,3281892253000,9.89,12.83,-0.27240697
175207,6,Walking,3281942302000,7.97,14.18,-4.5900574
175208,6,Walking,3281992229000,5.43,3.68,-1.2666923
175209,6,Walking,3282042308000,3.68,3.95,-1.56634
175210,6,Walking,3282092235000,1.84,4.14,-2.7240696
175211,6,Walking,3282142314000,0.93,6.09,-3.6774937999999993
175212,6,Walking,3282192210000,0.23,7.93,-1.4573771999999998
175213,6,Walking,3282242320000,14.48,13.25,13.565866
175214,6,Walking,3282292216000,12.18,1.69,0.46309182
175215,6,Walking,3282342265000,5.13,11.6,-1.2666923
175216,6,Walking,3282392131000,6.36,9.96,-0.50395286
175217,6,Walking,3282442424000,1.18,5.52,-0.27240697
175218,6,Walking,3282442424000,1.18,5.52,-0.27240697
175219,6,Walking,3282442424000,1.18,5.52,-0.27240697
175220,6,Walking,3282442424000,1.18,5.52,-0.27240697
175222,6,Walking,3282672343000,7.55,5.6,0.46309182
175223,6,Walking,3282722331000,6.74,6.85,-0.3405087
175224,6,Walking,3282772227000,7.16,8.05,0.50395286
175225,6,Walking,3282822368000,8.92,6.85,0.6537767
175226,6,Walking,3282872295000,12.37,7.01,-1.1849703
175227,6,Walking,3282922282000,13.4,7.59,6.4424243
175228,6,Walking,3282972270000,10.42,9.85,0.42223078
175229,6,Walking,3283022288000,7.78,12.98,-1.2258313
175230,6,Walking,3283072276000,5.13,10.19,-3.4459480000000005
175231,6,Walking,3283122295000,4.37,5.22,-0.88532263
175232,6,Walking,3283172282000,2.96,5.71,-1.3756552
