,user,label,timestamp,x,y,z
175233,6,Walking,3283222270000,1.23,6.02,-2.2201166000000003
175234,6,Walking,3283272258000,-0.57,6.89,-2.8330324
175235,6,Walking,3283322307000,-0.27,8.31,3.990762
175236,6,Walking,3283372203000,19.46,10.31,4.1814466
175237,6,Walking,3283422282000,14.44,7.46,3.9499009
175238,6,Walking,3283422282000,14.44,7.46,3.9499009
175241,6,Walking,3283632274000,3.38,5.79,-1.9885708
175243,6,Walking,3283682201000,6.74,6.17,-1.525479
175242,6,Walking,3283682201000,6.74,6.17,-1.525479
175244,6,Walking,3283732280000,8.77,6.28,-0.6537767
175245,6,Walking,3283782237000,6.97,5.63,0.14982383
175246,6,Walking,3283882274000,7.06,8.24,2.1111538
175247,6,Walking,3283882274000,7.06,8.24,2.1111538
175248,6,Walking,3283982280000,13.76,7.25,0.3405087
175249,6,Walking,3283982280000,13.76,7.25,0.3405087
175250,6,Walking,3284082255000,8.92,12.6,1.9885708
175251,6,Walking,3284082255000,8.92,12.6,1.9885708
175252,6,Walking,3284182231000,5.98,6.66,-3.4868089999999996
175253,6,Walking,3284182231000,5.98,6.66,-3.4868089999999996
175254,6,Walking,3284282207000,1.33,5.22,-1.9885708
175255,6,Walking,3284282207000,1.33,5.22,-1.9885708
175256,6,Walking,3284382213000,-0.34,7.21,-1.525479
175257,6,Walking,3284382213000,-0.34,7.21,-1.525479
175258,6,Walking,3284432262000,12.15,13.82,12.789507
175260,6,Walking,3284532298000,4.9,10.95,0.23154591
175259,6,Walking,3284532298000,4.9,10.95,0.23154591
175261,6,Walking,3284582133000,5.48,8.81,-2.7921712000000003
175262,6,Walking,3284635203000,2.6,6.44,-1.4982381999999999
175263,6,Walking,3284635203000,2.6,6.44,-1.4982381999999999
175265,6,Walking,3284822246000,7.67,6.66,-0.7627395
175266,6,Walking,3284872203000,8.81,6.66,-0.9942854
175267,6,Walking,3284922282000,8.12,5.79,-0.42223078
175268,6,Walking,3284972240000,8.28,6.47,0.50395286
175269,6,Walking,3285022258000,8.66,6.66,1.1441092
175270,6,Walking,3285072276000,10.76,6.36,-0.9125633
175271,6,Walking,3285122234000,12.26,7.78,4.099725
175272,6,Walking,3285172282000,12.98,4.86,2.5333846
175273,6,Walking,3285222240000,9.3,13.44,-0.0
175274,6,Walking,3285272258000,7.55,13.91,-3.5276701
175275,6,Walking,3285322246000,4.79,5.24,-3.0237172
175276,6,Walking,3285372264000,3.41,5.18,-1.4982381999999999
175277,6,Walking,3285422252000,1.31,4.37,-2.3699405
175279,6,Walking,3285472209000,0.15,5.6,-3.5276701
175278,6,Walking,3285472209000,0.15,5.6,-3.5276701
175280,6,Walking,3285572154000,18.35,12.07,8.853226
175281,6,Walking,3285572154000,18.35,12.07,8.853226
175282,6,Walking,3285622295000,9.19,2.53,-0.6946376999999999
175283,6,Walking,3285622295000,9.19,2.53,-0.6946376999999999
175285,6,Walking,3285732463000,2.22,6.24,-2.982856
175286,6,Walking,3285782268000,4.44,9.19,-0.53119355
175287,6,Walking,3285832561000,6.59,8.69,-2.2201166000000003
175288,6,Walking,3285882487000,6.66,5.63,-1.9885708
175289,6,Walking,3285933147000,7.59,5.28,-1.2258313
175290,6,Walking,3285983653000,7.7,6.55,0.08172209
175291,6,Walking,3286033183000,7.12,6.47,-0.0
175292,6,Walking,3286083598000,6.78,8.01,2.3699405
175293,6,Walking,3286132884000,9.47,5.56,-1.8387468999999996
175294,6,Walking,3286183299000,13.72,6.89,0.38136974
175295,6,Walking,3286232829000,12.79,7.16,5.434519
175296,6,Walking,3286283275000,10.34,11.18,3.2961242
175297,6,Walking,3286333690000,7.31,15.17,-3.214402
175298,6,Walking,3286383189000,4.75,6.51,-1.8387468999999996
175299,6,Walking,3286433635000,4.52,3.49,-1.9204689999999998
175300,6,Walking,3286483134000,2.98,4.9,-2.1383946
175301,6,Walking,3286533672000,1.23,4.6,-3.1054392
175302,6,Walking,3286583049000,0.0,7.25,-2.6014863999999998
175303,6,Walking,3286633464000,12.11,12.87,13.143635999999999
175304,6,Walking,3286682811000,12.91,1.54,3.6366330000000002
175305,6,Walking,3286733318000,4.71,10.5,-2.4516625
175306,6,Walking,3286782146000,7.74,10.38,0.08172209
175308,6,Walking,3286832835000,1.95,6.66,-1.3756552
175309,6,Walking,3286832835000,1.95,6.66,-1.3756552
175307,6,Walking,3286832835000,1.95,6.66,-1.3756552
175311,6,Walking,3287052348000,7.93,5.43,-1.0351465
175312,6,Walking,3287102245000,7.46,6.24,-0.38136974
175313,6,Walking,3287152293000,8.16,7.25,0.14982383
175314,6,Walking,3287203105000,8.47,5.75,1.9204689999999998
175315,6,Walking,3287252360000,12.68,5.52,-1.56634
175316,6,Walking,3287302409000,13.06,9.28,5.7886477
175317,6,Walking,3287352245000,11.07,8.2,3.3778462
175318,6,Walking,3287402263000,7.7,13.14,-0.5720546
175319,6,Walking,3287452281000,6.24,13.06,-3.1054392
175320,6,Walking,3287502269000,4.21,4.25,-3.0237172
175321,6,Walking,3287552226000,4.48,4.25,-1.7570249
175322,6,Walking,3287602275000,2.07,4.18,-2.6014863999999998
175323,6,Walking,3287652202000,0.19,5.71,-3.7183550000000003
175324,6,Walking,3287702312000,2.53,9.53,4.1814466
175325,6,Walking,3287752208000,17.12,10.84,7.6954966
175326,6,Walking,3287802287000,5.41,5.24,0.10896278
175327,6,Walking,3287802287000,5.41,5.24,0.10896278
175330,6,Walking,3288022136000,7.16,7.86,-2.9147543999999996
175331,6,Walking,3288072215000,6.17,4.56,-1.3075534
175332,6,Walking,3288122203000,8.85,5.28,-0.9942854
175333,6,Walking,3288172221000,8.16,5.86,-0.040861044
175334,6,Walking,3288222270000,7.93,6.44,0.313268
175335,6,Walking,3288272227000,7.7,7.06,1.3756552
175336,6,Walking,3288322276000,10.23,6.13,-0.040861044
175337,6,Walking,3288372234000,13.18,7.4,2.0294318
175338,6,Walking,3288422313000,12.91,6.05,4.018002500000001
175339,6,Walking,3288472240000,10.04,12.26,1.56634
175340,6,Walking,3288522288000,6.93,13.48,-2.1792557
175341,6,Walking,3288572276000,5.09,6.28,-3.1054392
175342,6,Walking,3288622264000,5.9,4.6,-0.9125633
175343,6,Walking,3288672252000,2.37,5.43,-2.1111538
175344,6,Walking,3288722270000,0.15,6.17,-3.173541
175345,6,Walking,3288772227000,-1.14,6.7,-2.1383946
175346,6,Walking,3288822276000,10.99,12.26,11.75436
175347,6,Walking,3288872203000,14.67,1.04,2.1111538
175348,6,Walking,3288872203000,14.67,1.04,2.1111538
175349,6,Walking,3288972118000,7.59,12.03,0.8036005
175351,6,Walking,3289022411000,2.41,6.51,-1.2258313
175350,6,Walking,3289022411000,2.41,6.51,-1.2258313
175352,6,Walking,3289092204000,6.36,9.77,-1.0351465
175354,6,Walking,3289192241000,7.35,4.52,-1.8387468999999996
175355,6,Walking,3289242137000,8.24,5.63,-0.10896278
175356,6,Walking,3289292277000,7.67,6.24,-0.040861044
175357,6,Walking,3289342265000,8.05,7.7,0.46309182
175358,6,Walking,3289392314000,8.69,7.27,1.7978859
175359,6,Walking,3289443065000,13.8,5.01,-0.61291564
175360,6,Walking,3289492290000,14.1,6.09,5.434519
175361,6,Walking,3289542369000,9.28,11.07,2.152015
175362,6,Walking,3289592265000,8.31,14.02,-2.3018389
175363,6,Walking,3289642314000,6.63,7.16,-2.7513103
175364,6,Walking,3289692241000,6.21,4.94,-1.7570249
175365,6,Walking,3289742290000,2.64,5.75,-2.1792557
175366,6,Walking,3289792247000,0.27,4.56,-2.7240696
175367,6,Walking,3289842265000,-0.89,6.59,-2.6014863999999998
175368,6,Walking,3289892253000,6.55,12.26,8.539958
175369,6,Walking,3289942302000,15.79,6.13,3.6774937999999993
175370,6,Walking,3289992107000,6.82,11.11,2.1792557
175371,6,Walking,3290043193000,4.6,7.4,-2.982856
175372,6,Walking,3290043193000,4.6,7.4,-2.982856
175373,6,Walking,3290112254000,4.48,6.13,-2.1383946
175376,6,Walking,3290272441000,7.44,6.09,-1.1849703
175377,6,Walking,3290322185000,7.4,6.51,-1.1849703
175378,6,Walking,3290372234000,8.43,6.05,-0.3405087
175379,6,Walking,3290422282000,8.31,6.7,0.6946376999999999
175380,6,Walking,3290472270000,9.11,6.36,1.4573771999999998
175381,6,Walking,3290522197000,13.18,5.33,-1.4165162
175382,6,Walking,3290572276000,12.87,7.01,6.3607025
175383,6,Walking,3290622234000,11.26,7.63,3.6774937999999993
175384,6,Walking,3290672282000,9.38,14.33,-1.6889231
175385,6,Walking,3290722209000,6.78,12.53,-2.3018389
175386,6,Walking,3290772258000,3.76,3.91,-2.8738932999999998
175387,6,Walking,3290822246000,3.87,4.63,-1.6480621
175388,6,Walking,3290872264000,0.93,3.83,-2.5606253
175389,6,Walking,3290922221000,-0.76,5.63,-2.3018389
175390,6,Walking,3290972301000,9.92,11.18,11.114203
175391,6,Walking,3291022227000,14.79,3.15,4.944186
175392,6,Walking,3291022227000,14.79,3.15,4.944186
175393,6,Walking,3291122111000,7.82,11.54,-2.6832085
175394,6,Walking,3291172343000,4.06,6.05,-2.6832085
175397,6,Walking,3291382304000,9.23,4.33,-0.9125633
175398,6,Walking,3291432170000,8.12,4.99,1.6889231
175399,6,Walking,3291482310000,7.16,7.01,-0.27240697
175400,6,Walking,3291532268000,7.44,7.31,0.3405087
175401,6,Walking,3291582286000,10.04,5.86,-1.6889231
175402,6,Walking,3291632243000,12.57,6.55,2.070293
175403,6,Walking,3291682292000,12.37,5.48,4.018002500000001
175404,6,Walking,3291732249000,10.27,11.37,3.9499009
175405,6,Walking,3291782298000,8.28,12.76,-2.8330324
175406,6,Walking,3291832255000,6.47,7.78,-2.6423476000000004
175407,6,Walking,3291882274000,4.4,4.75,-1.7570249
175408,6,Walking,3291932262000,3.17,4.4,-1.8387468999999996
175409,6,Walking,3291982280000,1.65,5.9,-3.214402
175410,6,Walking,3292032207000,0.23,6.78,-2.3018389
175411,6,Walking,3292082286000,12.11,12.07,11.985906
175412,6,Walking,3292132243000,13.63,-0.11,4.1814466
175413,6,Walking,3292182262000,2.15,8.24,-3.8273177000000005
175414,6,Walking,3292232219000,8.62,13.25,-1.8387468999999996
175415,6,Walking,3292282268000,2.6,7.7,-0.7627395
175416,6,Walking,3292332255000,5.41,8.01,-2.1792557
175417,6,Walking,3292382274000,7.55,7.55,-2.5606253
175418,6,Walking,3292432201000,7.4,4.71,-1.9204689999999998
175419,6,Walking,3292482280000,9.3,4.56,-1.3075534
175420,6,Walking,3292532207000,8.35,5.9,0.50395286
175421,6,Walking,3292582317000,6.32,7.08,1.0760075
175422,6,Walking,3292632243000,9.11,6.66,-1.56634
175423,6,Walking,3292682292000,12.72,5.18,-0.6537767
175424,6,Walking,3292732280000,13.25,6.66,4.099725
175425,6,Walking,3292782298000,11.56,6.47,3.5957718
175426,6,Walking,3292832225000,9.15,13.14,-1.0760075
175427,6,Walking,3292882304000,7.63,11.96,-3.336985
175428,6,Walking,3292932262000,5.37,4.29,-2.3018389
175429,6,Walking,3292982280000,3.26,4.82,-2.1792557
175430,6,Walking,3293032207000,1.18,4.67,-2.4516625
175431,6,Walking,3293082286000,-0.11,6.66,-3.2961242
175433,6,Walking,3293132274000,3.76,10.61,4.5628166
175432,6,Walking,3293132274000,3.76,10.61,4.5628166
175434,6,Walking,3293232127000,5.83,6.36,-1.2258313
175435,6,Walking,3293282359000,6.28,12.91,0.10896278
175436,6,Walking,3293282359000,6.28,12.91,0.10896278
175437,6,Walking,3293282359000,6.28,12.91,0.10896278
175438,6,Walking,3293282359000,6.28,12.91,0.10896278
175439,6,Walking,3293282359000,6.28,12.91,0.10896278
175441,6,Walking,3293562175000,9.04,5.37,-0.95342433
175442,6,Walking,3293612193000,7.82,6.32,0.27240697
175443,6,Walking,3293662364000,6.47,7.63,1.8387468999999996
175444,6,Walking,3293712291000,10.08,5.75,-1.2666923
175445,6,Walking,3293762279000,12.53,4.44,-0.88532263
