,user,label,timestamp,x,y,z
176858,6,Walking,3364342296000,-4.06,18.39,14.9006605
176859,6,Walking,3364392253000,-7.4,17.43,2.3426998
176860,6,Walking,3364442271000,-5.67,8.96,-0.6946376999999999
176861,6,Walking,3364492198000,0.38,-0.34,-7.205164
176862,6,Walking,3364542308000,2.3,12.64,-0.9942854
176863,6,Walking,3364592204000,-0.72,13.21,-0.040861044
176864,6,Walking,3364642314000,-1.5,6.09,-2.1792557
176865,6,Walking,3364692241000,-1.53,8.16,-0.29964766
176866,6,Walking,3364742290000,-3.79,8.85,0.3405087
176867,6,Walking,3364792216000,-0.69,8.85,2.6014863999999998
176868,6,Walking,3364842296000,-2.49,15.51,-0.10896278
176869,6,Walking,3364902446000,1.12,15.51,-0.10896278
176870,6,Walking,3364952312000,-4.25,15.4,6.4424243
176871,6,Walking,3364952312000,-4.25,15.4,6.4424243
176872,6,Walking,3365052287000,-4.99,12.95,-2.1111538
176873,6,Walking,3365102306000,-3.68,7.44,-0.46309182
176874,6,Walking,3365152263000,-0.95,6.59,-2.4925237
176875,6,Walking,3365202281000,2.22,5.28,-4.9850473
176876,6,Walking,3365252269000,-0.61,4.52,-2.4925237
176877,6,Walking,3365302318000,-5.09,1.57,-4.2495484
176878,6,Walking,3365352245000,-8.85,11.5,12.258313000000001
176879,6,Walking,3365402263000,-0.11,12.3,3.6366330000000002
176880,6,Walking,3365452251000,-6.36,10.46,-4.862464
176881,6,Walking,3365502269000,-2.18,14.25,0.7218784
176882,6,Walking,3365552226000,0.42,1.38,-3.173541
176883,6,Walking,3365602275000,-9.96,13.18,-2.4108016
176884,6,Walking,3365652202000,2.18,6.21,0.88532263
176885,6,Walking,3365702312000,-0.61,8.39,-1.7978859
176886,6,Walking,3365752208000,-3.45,9.85,-0.84446156
176887,6,Walking,3365802318000,-0.27,10.15,2.982856
176888,6,Walking,3365852245000,-3.41,10.84,3.4459480000000005
176889,6,Walking,3365902263000,-0.8,12.15,-2.2201166000000003
176890,6,Walking,3365952220000,0.8,17.54,-0.46309182
176891,6,Walking,3366002269000,-2.41,15.43,8.308413
176892,6,Walking,3366052287000,-9.92,14.37,-5.938472
176893,6,Walking,3366102641000,-5.09,8.69,3.4459480000000005
176894,6,Walking,3366152202000,-1.61,8.12,-2.1792557
176895,6,Walking,3366202312000,-0.91,5.94,-2.7921712000000003
176896,6,Walking,3366252208000,-1.23,3.11,-2.3699405
176897,6,Walking,3366302287000,-3.57,0.0,-3.7864565999999997
176898,6,Walking,3366352245000,-4.21,9.43,8.390134
176899,6,Walking,3366402293000,0.89,15.47,6.782933
176900,6,Walking,3366452281000,-7.27,7.27,-5.407278
176901,6,Walking,3366502299000,-4.02,12.91,4.140586
176902,6,Walking,3366552287000,-3.79,6.44,-3.214402
176903,6,Walking,3366602306000,-2.41,8.05,-1.0760075
176904,6,Walking,3366652263000,-0.89,10.95,-1.1168685
176905,6,Walking,3366702312000,0.46,7.93,-0.9125633
176906,6,Walking,3366752208000,0.76,8.77,-1.56634
176907,6,Walking,3366802318000,1.33,9.96,-0.5720546
176908,6,Walking,3366852245000,0.61,9.89,-0.6537767
176909,6,Walking,3366902293000,-2.37,12.49,2.9147543999999996
176910,6,Walking,3366952251000,3.83,13.67,0.23154591
176911,6,Walking,3367002299000,4.6,15.28,8.662541000000001
176912,6,Walking,3367052226000,-0.8,17.69,-3.0645783
176913,6,Walking,3367102306000,-6.17,14.25,-3.336985
176914,6,Walking,3367152202000,-2.98,7.67,-0.9125633
176915,6,Walking,3367202312000,0.99,7.59,-2.3018389
176916,6,Walking,3367252269000,-0.57,5.24,-2.5333846
176917,6,Walking,3367302287000,-3.64,3.21,-4.099725
176918,6,Walking,3367352214000,-6.17,0.76,-2.3426998
176919,6,Walking,3367402263000,3.34,14.79,13.484144
176920,6,Walking,3367452251000,3.72,13.02,2.0294318
176921,6,Walking,3367502299000,-4.29,12.34,-0.95342433
176922,6,Walking,3367552226000,-4.02,10.19,-3.5276701
176923,6,Walking,3367602306000,-1.69,5.13,-1.7570249
176924,6,Walking,3367652232000,-0.99,14.86,-2.7240696
176925,6,Walking,3367702312000,1.46,9.53,-1.0351465
176926,6,Walking,3367752238000,3.57,5.48,-0.7627395
176927,6,Walking,3367802318000,-0.91,7.06,-1.1849703
176928,6,Walking,3367852275000,-5.05,11.26,-0.14982383
176929,6,Walking,3367902263000,-0.99,9.77,-1.3756552
176930,6,Walking,3367952281000,0.76,12.37,5.7886477
176931,6,Walking,3368002299000,4.14,13.53,-1.9477096999999999
176932,6,Walking,3368052257000,9.58,12.95,3.990762
176933,6,Walking,3368102306000,2.6,17.47,0.95342433
176934,6,Walking,3368152202000,-4.94,18.58,-6.3198414000000005
176935,6,Walking,3368202312000,-0.76,4.75,-1.9204689999999998
176936,6,Walking,3368252208000,-0.11,5.63,-0.88532263
176937,6,Walking,3368302348000,-1.46,5.56,-3.5685309999999997
176938,6,Walking,3368352214000,-4.59,3.72,-4.2495484
176939,6,Walking,3368402324000,-6.85,1.99,-0.19068487
176940,6,Walking,3368452281000,9.53,18.81,12.980191
176941,6,Walking,3368502269000,3.72,5.18,-0.10896278
176942,6,Walking,3368552257000,-3.26,14.21,-6.3198414000000005
176943,6,Walking,3368602306000,-1.8,10.95,4.440233
176944,6,Walking,3368652232000,-2.45,4.67,-1.4982381999999999
176945,6,Walking,3368702312000,-2.37,12.49,-1.3756552
176946,6,Walking,3368752208000,-0.19,7.67,-2.1792557
176947,6,Walking,3368802318000,1.14,6.13,-1.56634
176948,6,Walking,3368852214000,1.14,11.45,-1.9204689999999998
176949,6,Walking,3368902263000,1.46,9.66,-1.9204689999999998
176950,6,Walking,3368952220000,1.27,11.6,-1.3756552
176951,6,Walking,3369002299000,6.28,12.72,2.1111538
176952,6,Walking,3369052318000,9.3,13.91,8.471855999999999
176953,6,Walking,3369102245000,3.64,15.05,-0.6537767
176954,6,Walking,3369152263000,-1.46,19.53,-2.070293
176955,6,Walking,3369202251000,-4.63,11.3,-4.7535014
176956,6,Walking,3369252299000,-0.69,4.86,-1.334794
176957,6,Walking,3369302257000,0.31,6.55,-3.173541
176958,6,Walking,3369352275000,-3.17,4.06,-2.4516625
176959,6,Walking,3369402202000,-4.99,3.76,-3.2961242
176960,6,Walking,3369452312000,-5.2,8.89,7.055340299999999
176961,6,Walking,3369502208000,9.23,16.36,4.7126402999999994
176962,6,Walking,3369552287000,-2.03,10.12,-4.1814466
176963,6,Walking,3369602245000,-2.41,14.79,2.152015
176964,6,Walking,3369652293000,-2.26,4.86,-3.0645783
176965,6,Walking,3369702251000,-1.12,11.84,-3.2552630000000002
176966,6,Walking,3369752269000,2.49,9.11,-1.0351465
176967,6,Walking,3369802257000,-0.53,6.36,-2.3426998
176968,6,Walking,3369852275000,-1.27,8.62,-1.3075534
176969,6,Walking,3369902202000,-1.33,9.7,0.313268
176970,6,Walking,3369952342000,1.14,10.27,0.5720546
176971,6,Walking,3370002330000,1.08,11.37,3.173541
176972,6,Walking,3370052287000,2.6,12.18,-1.1849703
176973,6,Walking,3370102214000,4.67,16.21,4.290409599999999
176974,6,Walking,3370152263000,0.27,17.31,0.95342433
176975,6,Walking,3370202220000,-4.25,15.64,-4.7535014
176976,6,Walking,3370252269000,-2.53,9.38,1.1849703
176977,6,Walking,3370302257000,0.34,7.4,-3.0645783
176978,6,Walking,3370352275000,-0.3,4.99,-2.6423476000000004
176979,6,Walking,3370402232000,-3.15,2.68,-3.5685309999999997
176980,6,Walking,3370452281000,-5.43,0.65,-3.8681788
176981,6,Walking,3370502238000,4.02,15.02,11.604536
176982,6,Walking,3370552287000,4.21,10.92,2.8330324
176983,6,Walking,3370602275000,-4.56,9.47,-5.7886477
176984,6,Walking,3370652293000,-0.11,14.6,3.6774937999999993
176985,6,Walking,3370702251000,-0.11,5.52,-2.1383946
176986,6,Walking,3370752299000,-1.92,11.54,-1.56634
176987,6,Walking,3370802318000,0.72,8.54,-2.0294318
176988,6,Walking,3370852275000,-1.76,5.43,-1.0351465
176989,6,Walking,3370902202000,-1.27,9.53,-1.3756552
176991,6,Walking,3370952312000,-0.19,9.66,-1.7297841
176990,6,Walking,3370952312000,-0.19,9.66,-1.7297841
176992,6,Walking,3371052287000,1.88,11.84,5.5162406
176993,6,Walking,3371102275000,4.14,11.99,-1.7570249
176994,6,Walking,3371152232000,7.67,15.66,-2.6423476000000004
176995,6,Walking,3371202312000,7.44,13.76,7.504811999999999
176996,6,Walking,3371252208000,0.04,15.98,-0.08172209
176997,6,Walking,3371302318000,-4.59,14.86,-7.504811999999999
176998,6,Walking,3371352245000,-0.57,5.79,-3.2961242
176999,6,Walking,3371402232000,-1.23,5.33,-1.4165162
177000,6,Walking,3371452251000,-3.49,3.87,-3.9090397000000006
177001,6,Walking,3371502238000,-5.6,2.64,-3.1463002999999996
177002,6,Walking,3371552318000,-0.76,11.75,10.18802
177003,6,Walking,3371602214000,9.19,15.79,0.53119355
177004,6,Walking,3371652263000,-0.53,8.47,-1.8387468999999996
177005,6,Walking,3371702220000,-1.46,15.13,-0.84446156
177006,6,Walking,3371752238000,-1.53,5.75,-0.08172209
177007,6,Walking,3371802287000,-0.23,10.76,-0.95342433
177008,6,Walking,3371852214000,-0.08,9.04,-2.3426998
177009,6,Walking,3371902263000,0.15,7.01,-0.84446156
177010,6,Walking,3371952281000,0.93,9.08,-1.56634
177011,6,Walking,3372002299000,0.34,9.62,-1.7297841
177012,6,Walking,3372052257000,1.57,10.42,-1.0351465
177013,6,Walking,3372102275000,3.02,12.37,-0.3405087
177014,6,Walking,3372152232000,8.58,13.91,3.7183550000000003
177015,6,Walking,3372202312000,9.72,13.48,2.8330324
177016,6,Walking,3372252208000,1.54,19.08,0.42223078
177017,6,Walking,3372302318000,-7.31,18.5,-6.823794400000001
177018,6,Walking,3372352214000,-2.68,5.01,-2.3699405
177019,6,Walking,3372402232000,-0.8,4.71,-0.84446156
177020,6,Walking,3372452281000,0.61,5.05,-3.5276701
177021,6,Walking,3372502238000,-3.83,4.06,-3.8273177000000005
177022,6,Walking,3372552348000,-5.94,4.44,-0.3405087
177023,6,Walking,3372552348000,-5.94,4.44,-0.3405087
177024,6,Walking,3372613231000,11.75,19.31,10.528528999999999
177025,6,Walking,3372663646000,0.8,7.7,-1.6480621
177026,6,Walking,3372713084000,-1.65,17.5,-4.2086873
177027,6,Walking,3372763591000,-2.11,4.67,2.5333846
177028,6,Walking,3372813060000,-2.45,9.47,-0.88532263
177029,6,Walking,3372863475000,-0.8,12.15,-2.2609777
177030,6,Walking,3372913005000,0.27,5.6,-2.3018389
177031,6,Walking,3372963390000,0.34,8.2,-1.9885708
177032,6,Walking,3373012279000,1.14,10.65,-2.1111538
177033,6,Walking,3373063304000,1.76,10.46,-1.6480621
177034,6,Walking,3373113719000,3.02,12.68,-0.53119355
177035,6,Walking,3373163280000,5.83,11.41,6.2789803
177036,6,Walking,3373213664000,7.31,13.33,-2.9556155
177037,6,Walking,3373263164000,4.29,13.25,3.9499009
177038,6,Walking,3373313579000,-0.34,18.24,1.9885708
177039,6,Walking,3373363109000,-5.43,16.63,-7.1234417
177040,6,Walking,3373413524000,0.5,4.18,-0.53119355
177041,6,Walking,3373463084000,0.34,6.7,-2.070293
177042,6,Walking,3373513469000,-1.14,3.79,-3.2961242
177043,6,Walking,3373562999000,-3.91,2.56,-3.9771416
177044,6,Walking,3373613444000,-6.59,5.79,1.7297841
177045,6,Walking,3373662242000,11.69,19.23,6.3607025
177046,6,Walking,3373713359000,-0.57,3.57,-0.10896278
177047,6,Walking,3373762248000,-2.68,13.87,-5.325556
177048,6,Walking,3373813335000,-0.19,10.92,1.2258313
177049,6,Walking,3373863719000,-1.8,6.85,-0.08172209
177050,6,Walking,3373913249000,-0.57,11.8,-1.6889231
177051,6,Walking,3373963695000,0.84,8.2,-1.2666923
177052,6,Walking,3374013133000,1.31,6.55,-1.7297841
177053,6,Walking,3374063579000,0.99,10.88,-2.1792557
177054,6,Walking,3374113017000,2.15,9.7,-1.2666923
177055,6,Walking,3374163493000,1.31,10.73,-1.2258313
177056,6,Walking,3374212230000,4.18,11.41,3.0645783
177057,6,Walking,3374263377000,6.93,14.25,2.5333846
