,user,label,timestamp,x,y,z
178460,6,Walking,3444382823000,4.75,9.92,-1.334794
178461,6,Walking,3444433299000,7.74,11.18,1.4982381999999999
178462,6,Walking,3444483684000,13.76,9.77,5.666064700000001
178463,6,Walking,3444533214000,11.92,8.73,2.2609777
178464,6,Walking,3444583690000,8.16,17.05,-0.42223078
178465,6,Walking,3444633159000,0.61,19.08,-2.3699405
178466,6,Walking,3444683665000,1.61,6.55,-3.1463002999999996
178467,6,Walking,3444733134000,2.3,4.02,-2.2201166000000003
178468,6,Walking,3444783641000,0.31,2.96,-2.7921712000000003
178469,6,Walking,3444833110000,-2.83,3.6,-3.9499009
178470,6,Walking,3444883708000,-3.83,6.09,-0.53119355
178471,6,Walking,3444933116000,16.93,19.11,9.888372
178472,6,Walking,3444983592000,2.91,6.05,1.6889231
178473,6,Walking,3445033122000,1.38,14.02,0.6946376999999999
178474,6,Walking,3445083659000,-0.23,7.4,-2.7513103
178475,6,Walking,3445133189000,1.69,9.23,-1.0760075
178476,6,Walking,3445183635000,3.95,10.0,-2.5606253
178477,6,Walking,3445233165000,3.34,6.63,-1.6889231
178478,6,Walking,3445283702000,4.4,7.25,-1.525479
178479,6,Walking,3445333171000,4.99,8.96,-1.9885708
178480,6,Walking,3445383678000,5.75,9.62,-0.88532263
178481,6,Walking,3445433086000,4.48,10.65,3.2961242
178482,6,Walking,3445483653000,8.54,9.89,-0.10896278
178483,6,Walking,3445533122000,12.79,10.42,3.173541
178484,6,Walking,3445583629000,9.15,9.58,1.7978859
178485,6,Walking,3445633128000,6.59,17.5,-1.7978859
178486,6,Walking,3445683665000,0.46,17.01,-4.8216033
178487,6,Walking,3445733104000,2.83,4.67,-1.7297841
178488,6,Walking,3445783610000,0.61,5.22,-2.9556155
178489,6,Walking,3445833049000,-0.76,4.1,-2.9556155
178490,6,Walking,3445883586000,-3.15,3.76,-3.5685309999999997
178491,6,Walking,3445933086000,-2.03,9.58,5.434519
178492,6,Walking,3445983592000,15.7,17.39,6.5513873
178493,6,Walking,3446033153000,4.63,1.57,-3.2552630000000002
178494,6,Walking,3446083598000,3.76,14.67,-4.0588636
178495,6,Walking,3446133433000,0.04,11.73,3.5957718
178496,6,Walking,3446183635000,-0.15,5.43,-0.19068487
178497,6,Walking,3446233165000,0.72,11.54,-1.4573771999999998
178498,6,Walking,3446283672000,2.3,7.89,-2.1111538
178499,6,Walking,3446333049000,3.72,7.4,-2.4516625
178500,6,Walking,3446383556000,5.41,8.85,-2.4925237
178501,6,Walking,3446433025000,5.33,8.5,-1.4982381999999999
178502,6,Walking,3446483501000,6.32,9.85,-0.6946376999999999
178503,6,Walking,3446532848000,9.72,9.92,-0.29964766
178504,6,Walking,3446583324000,14.14,10.8,8.117727
178505,6,Walking,3446632823000,9.66,11.3,2.2609777
178506,6,Walking,3446683299000,6.13,16.86,-2.4108016
178507,6,Walking,3446733653000,-0.69,17.05,-3.5276701
178508,6,Walking,3446783153000,1.69,6.47,-3.0237172
178509,6,Walking,3446833629000,0.5,4.82,-2.4108016
178510,6,Walking,3446883189000,-0.65,3.26,-2.9147543999999996
178511,6,Walking,3446933635000,-2.53,3.3,-3.9090397000000006
178512,6,Walking,3446983134000,3.76,12.57,9.847511
178513,6,Walking,3447033610000,11.88,13.14,4.7535014
178514,6,Walking,3447083140000,1.54,6.09,-5.175732
178515,6,Walking,3447133678000,5.98,18.12,0.50395286
178516,6,Walking,3447183086000,-1.84,5.43,0.88532263
178517,6,Walking,3447234203000,0.65,4.99,-0.50395286
178518,6,Walking,3447283641000,2.6,13.4,-1.9477096999999999
178519,6,Walking,3447333110000,3.34,6.59,-2.3699405
178520,6,Walking,3447383617000,4.75,6.36,-1.607201
178521,6,Walking,3447433116000,5.56,9.19,-2.070293
178522,6,Walking,3447483592000,4.82,8.5,-0.7218784
178523,6,Walking,3447533061000,5.75,11.3,-0.0
178524,6,Walking,3447583446000,11.56,11.41,3.9090397000000006
178525,6,Walking,3447632854000,12.91,9.08,4.440233
178526,6,Walking,3447683269000,7.5,15.17,-0.8036005
178527,6,Walking,3447733684000,2.68,19.27,-3.4868089999999996
178528,6,Walking,3447783183000,0.53,7.46,-3.4459480000000005
178529,6,Walking,3447842296000,1.69,4.6,-2.1383946
178530,6,Walking,3447892284000,-0.23,4.14,-3.0237172
178531,6,Walking,3447942302000,-3.57,3.87,-3.8681788
178532,6,Walking,3447992259000,-1.61,8.35,5.9793324
178533,6,Walking,3448042308000,15.6,18.47,3.4868089999999996
178534,6,Walking,3448092265000,3.38,14.14,4.099725
178535,6,Walking,3448142314000,0.93,7.21,-3.7864565999999997
178536,6,Walking,3448192271000,-0.34,3.21,-2.6832085
178537,6,Walking,3448242259000,3.17,15.13,-1.8796080000000002
178538,6,Walking,3448292277000,3.41,7.67,-2.1111538
178539,6,Walking,3448342265000,3.02,5.24,-1.334794
178540,6,Walking,3448392284000,6.4,9.04,-1.4982381999999999
178541,6,Walking,3448442271000,4.37,7.59,-1.334794
178542,6,Walking,3448492320000,3.68,9.62,0.88532263
178544,6,Walking,3448542277000,4.52,11.26,2.4108016
178543,6,Walking,3448542277000,4.52,11.26,2.4108016
178545,6,Walking,3448642131000,15.51,7.93,9.00305
178546,6,Walking,3448692241000,7.89,15.32,0.7627395
178547,6,Walking,3448742412000,3.68,17.31,-3.5685309999999997
178548,6,Walking,3448792277000,1.27,9.96,-5.09401
178549,6,Walking,3448842296000,1.73,4.4,-1.9477096999999999
178550,6,Walking,3448892284000,1.27,4.33,-3.2552630000000002
178551,6,Walking,3448942271000,-0.95,4.14,-4.7126402999999994
178552,6,Walking,3448992259000,-5.13,5.13,-3.1463002999999996
178553,6,Walking,3449042277000,9.77,18.39,13.0619135
178554,6,Walking,3449092265000,2.68,7.46,2.7240696
178555,6,Walking,3449142314000,4.14,15.17,-4.099725
178556,6,Walking,3449192271000,1.69,9.04,-1.9204689999999998
178557,6,Walking,3449242290000,-0.57,3.11,-0.27240697
178558,6,Walking,3449292277000,3.38,16.09,-1.4573771999999998
178559,6,Walking,3449342296000,1.65,6.05,-1.4165162
178560,6,Walking,3449392314000,3.17,5.56,-1.9885708
178561,6,Walking,3449442302000,4.75,10.38,-2.5333846
178562,6,Walking,3449492259000,5.13,8.66,-1.4982381999999999
178563,6,Walking,3449542308000,5.67,10.61,-1.0351465
178564,6,Walking,3449592265000,10.76,10.12,2.5606253
178565,6,Walking,3449642345000,13.02,11.5,8.689782000000001
178566,6,Walking,3449692271000,10.27,10.15,1.1168685
178567,6,Walking,3449742259000,5.33,18.39,-1.1441092
178568,6,Walking,3449792247000,0.8,15.24,-2.8738932999999998
178569,6,Walking,3449842265000,3.06,4.52,-3.0645783
178570,6,Walking,3449892284000,1.54,4.94,-2.7240696
178571,6,Walking,3449942271000,-1.04,4.82,-2.8330324
178572,6,Walking,3449992259000,-3.45,4.52,-3.4459480000000005
178573,6,Walking,3450042277000,0.34,10.99,8.430995
178574,6,Walking,3450092296000,14.02,18.24,0.61291564
178575,6,Walking,3450142284000,3.21,13.06,3.8273177000000005
178576,6,Walking,3450192302000,0.65,6.66,-4.018002500000001
178577,6,Walking,3450242992000,1.14,5.43,-2.070293
178578,6,Walking,3450292277000,5.28,13.72,-3.1054392
178579,6,Walking,3450342265000,3.15,5.18,-1.7297841
178580,6,Walking,3450392284000,4.48,6.85,-1.0351465
178581,6,Walking,3450442271000,6.09,8.62,-2.070293
178582,6,Walking,3450492290000,3.95,8.24,-1.1849703
178583,6,Walking,3450542277000,3.21,10.57,5.2165932999999995
178584,6,Walking,3450592265000,7.82,9.89,-0.6537767
178585,6,Walking,3450642284000,14.56,11.11,-3.214402
178586,6,Walking,3450692271000,13.8,6.32,10.501288
178587,6,Walking,3450742259000,8.24,16.89,-2.3426998
178588,6,Walking,3450792277000,2.26,18.28,-3.6774937999999993
178589,6,Walking,3450842296000,0.61,6.13,-3.7592160000000003
178590,6,Walking,3450892284000,0.69,4.33,-2.2609777
178591,6,Walking,3450942241000,-0.65,4.6,-2.982856
178592,6,Walking,3450992259000,-3.06,3.6,-3.7183550000000003
178593,6,Walking,3451042277000,6.17,13.99,10.460427000000001
178594,6,Walking,3451092265000,11.75,12.15,5.243834
178595,6,Walking,3451142284000,1.14,11.5,-1.8796080000000002
178596,6,Walking,3451192271000,2.76,14.02,-1.4982381999999999
178597,6,Walking,3451242320000,1.31,5.43,-2.7240696
178598,6,Walking,3451292277000,4.9,9.04,-1.3756552
178599,6,Walking,3451342296000,5.13,8.31,-2.6014863999999998
178600,6,Walking,3451392284000,4.21,6.09,-1.3756552
178601,6,Walking,3451442271000,4.86,7.74,-2.1383946
178602,6,Walking,3451492290000,4.44,8.39,-1.1168685
178603,6,Walking,3451542277000,4.37,10.31,-0.9942854
178604,6,Walking,3451592296000,6.47,11.22,4.7943625
178605,6,Walking,3451642284000,13.29,10.61,-2.3018389
178607,6,Walking,3451692302000,17.12,6.21,7.2732660000000005
178606,6,Walking,3451692302000,17.12,6.21,7.2732660000000005
178608,6,Walking,3451692302000,17.12,6.21,7.2732660000000005
178610,6,Walking,3451902171000,0.89,5.01,-2.070293
178611,6,Walking,3451952159000,-0.89,3.49,-2.3699405
178612,6,Walking,3452002208000,-2.91,2.34,-2.9556155
178613,6,Walking,3452052318000,7.67,14.18,10.95076
178614,6,Walking,3452102275000,11.35,11.35,4.018002500000001
178615,6,Walking,3452152263000,1.8,7.5,-3.5957718
178616,6,Walking,3452202281000,5.98,17.2,-0.10896278
178617,6,Walking,3452252269000,-0.46,4.02,-0.5720546
178618,6,Walking,3452312633000,2.72,8.85,-1.3075534
178619,6,Walking,3452312633000,2.72,8.85,-1.3075534
178621,6,Walking,3452423320000,3.02,5.43,-2.070293
178622,6,Walking,3452482371000,6.32,10.27,-2.3018389
178623,6,Walking,3452532359000,5.67,8.92,-1.525479
178624,6,Walking,3452582255000,6.89,10.12,-0.6537767
178625,6,Walking,3452632304000,12.41,9.3,4.7535014
178626,6,Walking,3452682262000,14.06,8.05,5.012288
178627,6,Walking,3452732341000,11.3,10.31,0.040861044
178628,6,Walking,3452782298000,7.5,19.38,-2.9147543999999996
178629,6,Walking,3452832347000,-0.34,13.48,-1.9204689999999998
178630,6,Walking,3452882243000,2.49,4.1,-2.982856
178631,6,Walking,3452932292000,1.61,5.05,-3.8681788
178632,6,Walking,3452982249000,-1.99,4.06,-3.5276701
178633,6,Walking,3453032298000,-4.86,3.64,-3.8681788
178634,6,Walking,3453082255000,4.79,12.15,10.378705
178635,6,Walking,3453132304000,11.65,15.05,1.9885708
178636,6,Walking,3453182445000,3.95,11.07,-2.6014863999999998
178637,6,Walking,3453232310000,3.87,11.88,-1.6889231
178638,6,Walking,3453282237000,-0.34,2.41,-1.4982381999999999
178639,6,Walking,3453332317000,3.41,12.18,-1.1849703
178640,6,Walking,3453382243000,2.6,8.47,-2.7240696
178641,6,Walking,3453432292000,2.15,4.9,-0.9942854
178642,6,Walking,3453482249000,4.82,9.19,-2.1383946
178643,6,Walking,3453532298000,4.67,9.62,-2.1111538
178644,6,Walking,3453582255000,5.94,10.12,-0.7627395
178646,6,Walking,3453682109000,11.22,10.12,-0.7627395
178645,6,Walking,3453682109000,11.22,10.12,-0.7627395
178647,6,Walking,3453732219000,13.59,9.81,6.469665
178648,6,Walking,3453782329000,8.01,13.57,0.95342433
178649,6,Walking,3453832255000,5.33,17.31,-4.099725
178650,6,Walking,3453882365000,1.57,11.14,-2.8738932999999998
178651,6,Walking,3453942271000,3.87,4.14,-2.3426998
178652,6,Walking,3453992229000,1.33,4.75,-3.4868089999999996
178653,6,Walking,3454042277000,-2.34,4.67,-3.8273177000000005
178654,6,Walking,3454092235000,-3.6,4.86,-1.1849703
178655,6,Walking,3454142314000,14.33,19.0,11.223166
178656,6,Walking,3454192271000,5.83,7.86,1.7570249
178657,6,Walking,3454242290000,5.67,14.98,0.95342433
178658,6,Walking,3454292247000,-1.14,5.71,-3.9499009
178659,6,Walking,3454342265000,1.65,8.12,-1.1168685
178660,6,Walking,3454392253000,4.25,12.37,-3.1054392
178661,6,Walking,3454442302000,2.56,4.67,-1.607201
