,user,label,timestamp,x,y,z
181478,6,Walking,3595142253000,-2.56,7.89,2.3018389
181479,6,Walking,3595192302000,-2.18,7.5,-0.040861044
181480,6,Walking,3595242290000,0.31,12.11,-1.4573771999999998
181481,6,Walking,3595292308000,1.46,8.62,-2.070293
181482,6,Walking,3595342204000,3.72,7.78,-0.9125633
181483,6,Walking,3595392284000,3.38,9.08,-1.2666923
181484,6,Walking,3595442241000,2.41,10.08,-0.88532263
181485,6,Walking,3595492290000,2.07,10.92,-0.38136974
181486,6,Walking,3595542247000,3.21,11.6,0.23154591
181487,6,Walking,3595592387000,8.12,13.02,5.47538
181488,6,Walking,3595642284000,9.08,9.66,3.0237172
181489,6,Walking,3595692302000,2.6,17.97,0.50395286
181490,6,Walking,3595742229000,-2.96,17.01,-4.2495484
181491,6,Walking,3595792308000,1.95,4.4,-4.099725
181492,6,Walking,3595842204000,0.04,5.86,-0.5720546
181493,6,Walking,3595892314000,-0.46,5.6,-2.070293
181494,6,Walking,3595942241000,-2.75,5.01,-4.018002500000001
181495,6,Walking,3595992259000,-5.33,7.25,0.61291564
181496,6,Walking,3596042247000,12.18,19.5,10.691972999999999
181497,6,Walking,3596092296000,3.49,13.53,1.56634
181498,6,Walking,3596142223000,-0.46,11.3,-1.9477096999999999
181499,6,Walking,3596192302000,-1.33,2.96,-2.1111538
181500,6,Walking,3596242259000,-0.57,12.6,-2.3426998
181501,6,Walking,3596292308000,0.57,9.66,-2.4925237
181502,6,Walking,3596342204000,0.11,7.25,-1.2258313
181503,6,Walking,3596392314000,3.87,10.19,-0.53119355
181504,6,Walking,3596442241000,3.15,9.62,-1.4165162
181505,6,Walking,3596492290000,2.11,9.51,2.0294318
181506,6,Walking,3596542247000,1.73,10.57,2.2609777
181507,6,Walking,3596592296000,5.67,12.37,-1.8796080000000002
181508,6,Walking,3596642253000,6.28,14.9,-2.1383946
181509,6,Walking,3596692332000,5.63,9.66,7.9679036
181510,6,Walking,3596742198000,0.53,14.98,1.56634
181511,6,Walking,3596792308000,-0.8,14.37,-5.47538
181512,6,Walking,3596842265000,2.79,6.59,-4.4810944
181513,6,Walking,3596892314000,0.5,5.22,-0.9942854
181514,6,Walking,3596942210000,-1.65,4.86,-1.0760075
181515,6,Walking,3596992290000,-2.75,6.09,-4.2495484
181516,6,Walking,3597042247000,-3.49,10.42,4.099725
181517,6,Walking,3597092296000,13.91,18.24,6.823794400000001
181518,6,Walking,3597142223000,2.22,8.24,-0.95342433
181519,6,Walking,3597192302000,-0.5,14.44,-2.7513103
181520,6,Walking,3597242198000,-2.34,6.74,-0.10896278
181521,6,Walking,3597292277000,-2.53,9.51,-0.10896278
181522,6,Walking,3597342204000,0.53,10.31,-1.334794
181523,6,Walking,3597393443000,1.92,7.86,-1.334794
181524,6,Walking,3597452251000,4.21,9.3,-2.070293
181525,6,Walking,3597502238000,4.33,9.58,-1.56634
181526,6,Walking,3597552318000,3.68,8.69,-0.040861044
181527,6,Walking,3597602245000,3.11,11.37,0.14982383
181528,6,Walking,3597652293000,3.64,13.87,3.5276701
181529,6,Walking,3597702220000,6.13,12.76,3.9499009
181530,6,Walking,3597752299000,6.97,12.53,2.4108016
181531,6,Walking,3597802226000,-0.27,17.01,-0.6537767
181532,6,Walking,3597852306000,0.04,11.8,-5.325556
181533,6,Walking,3597902202000,1.84,5.75,-3.7592160000000003
181534,6,Walking,3597952342000,0.11,4.33,-3.0645783
181535,6,Walking,3598002269000,-3.21,4.56,-1.7570249
181536,6,Walking,3598052318000,-4.86,5.18,-1.4573771999999998
181537,6,Walking,3598102214000,3.83,16.86,11.495573
181538,6,Walking,3598152293000,6.44,11.37,1.5390993
181539,6,Walking,3598202281000,1.27,12.76,-3.1463002999999996
181540,6,Walking,3598252269000,1.84,10.61,-0.6537767
181541,6,Walking,3598302287000,-2.83,6.05,1.0351465
181542,6,Walking,3598454784000,2.15,6.63,-1.2258313
181543,6,Walking,3598454784000,2.15,6.63,-1.2258313
181544,6,Walking,3598454784000,2.15,6.63,-1.2258313
181545,6,Walking,3598454784000,2.15,6.63,-1.2258313
181546,6,Walking,3598562266000,1.73,8.77,-0.53119355
181547,6,Walking,3598612285000,1.5,11.45,-0.10896278
181548,6,Walking,3598662273000,4.1,12.64,-0.50395286
181549,6,Walking,3598712260000,8.85,13.18,1.334794
181550,6,Walking,3598762248000,8.28,10.46,8.812365
181551,6,Walking,3598812266000,0.53,18.28,-0.23154591
181552,6,Walking,3598862254000,-3.3,15.28,-4.862464
181553,6,Walking,3598912273000,1.46,4.37,-2.1111538
181554,6,Walking,3598962199000,0.34,6.17,-2.070293
181555,6,Walking,3599012248000,-0.95,4.18,-1.0351465
181556,6,Walking,3599062236000,-3.45,4.02,-2.9556155
181557,6,Walking,3599112285000,-4.52,10.84,5.7477865
181558,6,Walking,3599162242000,13.57,16.55,6.0201936
181559,6,Walking,3599212260000,2.34,7.5,-1.9477096999999999
181560,6,Walking,3599262218000,3.57,15.75,-2.4516625
181561,6,Walking,3599312297000,-1.73,6.28,0.27240697
181562,6,Walking,3599362224000,-1.84,8.62,0.61291564
181563,6,Walking,3599412334000,0.53,11.54,-1.607201
181564,6,Walking,3599462199000,0.65,8.35,-1.7978859
181565,6,Walking,3599512279000,3.06,8.05,-1.1168685
181566,6,Walking,3599562205000,4.02,9.47,-1.4982381999999999
181567,6,Walking,3599612285000,4.25,9.28,-0.29964766
181568,6,Walking,3599662242000,3.64,10.61,0.3405087
181569,6,Walking,3599712260000,4.9,13.21,3.336985
181570,6,Walking,3599762218000,7.74,11.54,3.336985
181571,6,Walking,3599812266000,7.74,11.5,3.173541
181572,6,Walking,3599862224000,0.46,18.39,-2.0294318
181573,6,Walking,3599912212000,-0.8,13.38,-5.434519
181574,6,Walking,3599962291000,2.22,4.14,-0.6946376999999999
181575,6,Walking,3600012248000,0.0,5.71,-2.2201166000000003
181576,6,Walking,3600012248000,0.0,5.71,-2.2201166000000003
181577,6,Walking,3600082317000,-3.02,5.13,-2.9556155
181578,6,Walking,3600132152000,-5.82,6.55,-0.0
181579,6,Walking,3600182414000,12.49,19.34,10.310603
181580,6,Walking,3600232280000,3.95,7.74,0.7218784
181581,6,Walking,3600282298000,2.64,14.18,-2.4516625
181582,6,Walking,3600342296000,-1.27,6.05,-0.42223078
181583,6,Walking,3600392253000,-0.46,9.3,-0.23154591
181584,6,Walking,3600442271000,1.57,12.07,-1.3756552
181585,6,Walking,3600492198000,1.69,7.12,-1.1849703
181586,6,Walking,3600542308000,3.64,8.01,-1.4982381999999999
181587,6,Walking,3600592204000,3.57,9.47,-1.607201
181588,6,Walking,3600642284000,2.45,9.43,-0.19068487
181589,6,Walking,3600692210000,1.99,11.07,-0.14982383
181590,6,Walking,3600742290000,4.06,12.91,1.56634
181591,6,Walking,3600792247000,7.82,12.49,1.9477096999999999
181592,6,Walking,3600842265000,9.0,10.04,4.440233
181593,6,Walking,3600892223000,2.49,15.83,-0.84446156
181594,6,Walking,3600942332000,-1.46,16.09,-4.671779
181595,6,Walking,3600992229000,1.8,7.16,-4.862464
181596,6,Walking,3601042308000,-0.76,4.94,-1.8796080000000002
181597,6,Walking,3601092235000,-1.76,4.63,-2.1792557
181598,6,Walking,3601142314000,-4.14,5.67,-2.5606253
181599,6,Walking,3601192210000,-4.14,10.84,5.012288
181600,6,Walking,3601242351000,14.25,17.67,3.1054392
181601,6,Walking,3601292247000,2.45,8.92,-0.50395286
181602,6,Walking,3601342265000,0.95,12.49,-1.4573771999999998
181603,6,Walking,3601392223000,0.42,6.36,-1.7297841
181604,6,Walking,3601442302000,0.72,10.8,-1.4573771999999998
181605,6,Walking,3601492259000,1.12,9.15,-1.2258313
181606,6,Walking,3601542308000,1.84,7.74,-0.42223078
181607,6,Walking,3601592204000,2.87,8.73,-1.525479
181608,6,Walking,3601642284000,2.18,9.19,-0.9942854
181609,6,Walking,3601692241000,3.34,9.62,-0.50395286
181610,6,Walking,3601742259000,3.49,10.84,-0.08172209
181611,6,Walking,3601792247000,5.71,11.92,0.61291564
181612,6,Walking,3601842265000,9.81,11.88,6.4424243
181613,6,Walking,3601892253000,7.21,11.65,2.152015
181614,6,Walking,3601942302000,0.95,18.7,-1.7570249
181615,6,Walking,3601992229000,-1.95,14.02,-6.5513873
181616,6,Walking,3602042308000,1.33,4.29,-0.53119355
181617,6,Walking,3602092265000,0.5,5.22,-1.7570249
181618,6,Walking,3602142314000,-2.11,3.83,-2.9556155
181619,6,Walking,3602192241000,-4.4,4.25,-3.2552630000000002
181620,6,Walking,3602242290000,1.23,14.1,9.956474
181621,6,Walking,3602292277000,10.15,13.57,3.6366330000000002
181622,6,Walking,3602342296000,1.46,8.89,-2.3426998
181623,6,Walking,3602392253000,0.57,13.4,-0.95342433
181624,6,Walking,3602442332000,-1.88,7.63,-0.8036005
181625,6,Walking,3602492229000,0.93,10.61,-2.4925237
181626,6,Walking,3602542308000,5.67,8.31,-5.0531489999999994
181627,6,Walking,3602592235000,3.11,7.74,-0.10896278
181628,6,Walking,3602642406000,0.46,10.57,3.3778462
181629,6,Walking,3602692271000,3.34,8.2,-0.23154591
181630,6,Walking,3602742290000,4.06,9.43,-1.3075534
181631,6,Walking,3602792277000,2.18,9.72,0.53119355
181632,6,Walking,3602842296000,5.9,11.07,-1.8796080000000002
181633,6,Walking,3602892253000,9.62,14.56,2.0294318
181634,6,Walking,3602942302000,5.6,13.25,9.084772000000001
181635,6,Walking,3602992229000,-0.8,17.5,-3.5957718
181636,6,Walking,3603042308000,-1.12,9.85,-5.938472
181637,6,Walking,3603092235000,1.27,4.79,-1.1168685
181638,6,Walking,3603142314000,1.88,5.6,-1.7297841
181639,6,Walking,3603192241000,-0.91,4.14,-2.4925237
181640,6,Walking,3603242290000,-2.3,3.79,-3.5685309999999997
181641,6,Walking,3603292277000,9.58,16.74,13.293459
181642,6,Walking,3603342296000,6.32,9.38,4.944186
181643,6,Walking,3603392253000,-2.72,9.58,-3.8681788
181644,6,Walking,3603442271000,1.92,15.98,1.4982381999999999
181645,6,Walking,3603492259000,-1.65,5.86,-0.7627395
181646,6,Walking,3603542308000,0.23,10.42,-0.8036005
181647,6,Walking,3603592235000,2.22,10.92,-2.070293
181648,6,Walking,3603642284000,3.02,7.21,-1.4573771999999998
181649,6,Walking,3603692241000,4.37,7.74,-1.6480621
181650,6,Walking,3603742290000,3.45,8.69,-1.4573771999999998
181651,6,Walking,3603792277000,1.5,10.92,-0.23154591
181652,6,Walking,3603842387000,1.27,9.92,0.3405087
181653,6,Walking,3603892253000,4.21,11.99,0.88532263
181654,6,Walking,3603942332000,7.78,12.6,0.38136974
181655,6,Walking,3603992229000,9.15,9.85,4.862464
181656,6,Walking,3604042308000,2.6,16.78,0.7627395
181657,6,Walking,3604092235000,-1.95,18.54,-5.407278
181658,6,Walking,3604142345000,0.5,5.86,-2.7513103
181659,6,Walking,3604192241000,-0.11,5.67,-1.1168685
181660,6,Walking,3604242290000,-1.38,4.37,-2.3426998
181661,6,Walking,3604292277000,-3.36,3.6,-3.7592160000000003
181662,6,Walking,3604342296000,-2.03,10.19,4.9850473
181663,6,Walking,3604392253000,14.98,17.27,4.290409599999999
181664,6,Walking,3604442302000,1.57,15.43,-0.14982383
181665,6,Walking,3604512340000,1.57,15.43,-0.14982383
181666,6,Walking,3604562328000,-1.23,5.79,-0.6537767
181667,6,Walking,3604562328000,-1.23,5.79,-0.6537767
181668,6,Walking,3604662273000,1.42,9.66,-1.1168685
181669,6,Walking,3604712321000,2.6,7.59,-1.2666923
181670,6,Walking,3604772258000,4.21,8.89,-1.8387468999999996
181671,6,Walking,3604822276000,3.41,9.34,-0.84446156
181672,6,Walking,3604872264000,2.64,10.08,-0.38136974
181673,6,Walking,3604922252000,3.3,11.69,0.53119355
181674,6,Walking,3604972270000,6.85,12.26,1.8796080000000002
181675,6,Walking,3605022288000,10.8,11.26,4.903325
181676,6,Walking,3605072276000,6.17,14.52,1.6889231
181677,6,Walking,3605122234000,-0.72,18.2,-2.2201166000000003
