,user,label,timestamp,x,y,z
184319,6,Walking,3737052928000,-0.23,11.99,0.7627395
184320,6,Walking,3737103435000,3.02,15.09,-0.08172209
184321,6,Walking,3737152263000,2.15,15.98,3.7183550000000003
184322,6,Walking,3737203319000,0.19,16.51,4.671779
184323,6,Walking,3737253612000,-0.38,16.04,-1.6889231
184324,6,Walking,3737303203000,-3.95,9.62,-4.7535014
184325,6,Walking,3737353587000,-2.45,5.52,-2.7513103
184326,6,Walking,3737403087000,1.5,3.3,-2.2201166000000003
184327,6,Walking,3737453532000,0.93,4.48,-3.214402
184328,6,Walking,3737503001000,-3.6,5.52,-0.9942854
184329,6,Walking,3737553416000,-5.13,12.83,5.829509
184330,6,Walking,3737602275000,4.18,12.79,4.2495484
184331,6,Walking,3737653300000,-1.18,6.09,-6.823794400000001
184332,6,Walking,3737703685000,8.2,16.36,-2.6423476000000004
184333,6,Walking,3737753123000,-2.11,9.28,3.214402
184334,6,Walking,3737803538000,1.38,11.37,-5.243834
184335,6,Walking,3737853007000,1.08,9.43,-2.6832085
184336,6,Walking,3737903422000,-1.23,6.63,-1.3075534
184337,6,Walking,3737952281000,-2.6,6.89,0.27240697
184338,6,Walking,3738003398000,-0.8,8.31,-0.5720546
184339,6,Walking,3738053630000,1.54,9.51,2.7649305
184340,6,Walking,3738103221000,4.44,12.91,2.1111538
184341,6,Walking,3738153667000,2.68,14.21,0.3405087
184342,6,Walking,3738203136000,-0.91,17.27,3.5957718
184343,6,Walking,3738253642000,0.04,18.31,-3.2552630000000002
184344,6,Walking,3738362285000,-8.05,6.51,-3.2552630000000002
184345,6,Walking,3738362285000,-8.05,6.51,-3.2552630000000002
184346,6,Walking,3738412303000,-1.42,6.97,-2.7921712000000003
184347,6,Walking,3738462260000,2.87,4.25,0.08172209
184348,6,Walking,3738512279000,-1.65,1.84,-2.070293
184349,6,Walking,3738562297000,-4.63,4.48,-3.9771416
184350,6,Walking,3738612285000,0.53,17.54,11.34575
184351,6,Walking,3738662303000,-1.69,11.45,0.10896278
184352,6,Walking,3738722240000,4.29,14.56,-3.7183550000000003
184353,6,Walking,3738772197000,-0.11,6.78,-3.4050870000000004
184354,6,Walking,3738822276000,-2.11,10.23,-4.3312707
184355,6,Walking,3738882335000,-3.79,8.01,0.08172209
184356,6,Walking,3738932201000,-0.84,7.97,1.9477096999999999
184357,6,Walking,3738982341000,-0.15,9.04,2.7240696
184358,6,Walking,3739032268000,0.31,9.3,0.3405087
184359,6,Walking,3739082255000,0.8,11.3,1.334794
184360,6,Walking,3739132274000,0.84,12.6,0.9942854
184361,6,Walking,3739182231000,0.11,14.25,0.23154591
184362,6,Walking,3739232280000,-2.72,13.21,7.014479
184363,6,Walking,3739282207000,-2.49,16.21,0.313268
184364,6,Walking,3739332286000,-2.91,15.28,-2.1111538
184365,6,Walking,3739382243000,-4.14,6.21,-0.38136974
184366,6,Walking,3739432262000,-0.08,5.56,-0.9125633
184367,6,Walking,3739482249000,2.87,5.67,-2.1383946
184368,6,Walking,3739532298000,-1.12,5.05,-2.9147543999999996
184369,6,Walking,3739582225000,-5.28,5.28,-3.7592160000000003
184370,6,Walking,3739632274000,-7.97,11.5,6.742072
184371,6,Walking,3739682231000,2.91,14.75,10.038197
184372,6,Walking,3739732280000,-0.57,5.98,-8.689782000000001
184373,6,Walking,3739782268000,0.42,18.2,-1.6480621
184374,6,Walking,3739832286000,-3.6,6.24,2.4516625
184375,6,Walking,3739882274000,-5.67,12.72,-3.1054392
184376,6,Walking,3739932262000,2.37,9.0,-1.1849703
184377,6,Walking,3739982219000,1.54,9.23,-0.8036005
184378,6,Walking,3740032237000,-1.5,6.47,-1.0351465
184379,6,Walking,3740082255000,-0.08,7.35,-0.19068487
184380,6,Walking,3740132243000,0.95,9.28,0.95342433
184381,6,Walking,3740182262000,-0.11,12.37,2.3018389
184382,6,Walking,3740232219000,2.68,15.98,0.92618364
184383,6,Walking,3740282268000,-0.27,14.52,7.9679036
184384,6,Walking,3740332286000,-2.34,16.66,-1.525479
184385,6,Walking,3740382274000,-2.75,14.56,-2.6832085
184386,6,Walking,3740432231000,-2.68,8.05,-0.19068487
184387,6,Walking,3740482280000,2.18,6.55,-1.4982381999999999
184388,6,Walking,3740532207000,2.83,5.75,-4.7126402999999994
184389,6,Walking,3740582286000,-1.73,3.02,-0.50395286
184390,6,Walking,3740632213000,-4.37,4.1,-2.982856
184391,6,Walking,3740682292000,-3.26,13.48,6.5513873
184392,6,Walking,3740732249000,5.56,13.06,9.847511
184393,6,Walking,3740782268000,-1.73,10.12,-9.615966
184394,6,Walking,3740832255000,3.53,13.44,4.5219555
184395,6,Walking,3740882335000,-2.6,7.44,-1.7297841
184396,6,Walking,3740932506000,0.27,11.45,-1.4573771999999998
184397,6,Walking,3740982280000,2.18,7.67,-1.7978859
184398,6,Walking,3741032207000,0.53,7.78,-0.6946376999999999
184399,6,Walking,3741082347000,0.65,7.74,0.7218784
184400,6,Walking,3741142253000,0.65,8.39,0.6537767
184401,6,Walking,3741192241000,-1.38,10.19,2.4108016
184402,6,Walking,3741242259000,0.19,12.37,5.407278
184403,6,Walking,3741292216000,2.49,15.32,-0.19068487
184404,6,Walking,3741342265000,1.54,14.75,3.1463002999999996
184405,6,Walking,3741392253000,-0.65,17.92,4.9850473
184406,6,Walking,3741442302000,-4.4,13.67,-5.434519
184407,6,Walking,3741492198000,-1.99,5.56,-0.6946376999999999
184408,6,Walking,3741542277000,3.34,9.66,-1.4573771999999998
184409,6,Walking,3741592265000,1.27,6.13,-3.9090397000000006
184410,6,Walking,3741642223000,-0.46,2.79,-4.140586
184411,6,Walking,3741692210000,-7.08,3.72,-1.4573771999999998
184412,6,Walking,3741742290000,-6.59,12.41,9.534244000000001
184413,6,Walking,3741792247000,4.82,13.1,7.8861814
184414,6,Walking,3741842296000,-3.91,13.8,-7.3549875999999985
184415,6,Walking,3741892284000,5.71,12.37,3.4459480000000005
184416,6,Walking,3741942271000,-8.16,5.24,-5.8567495
184417,6,Walking,3741992198000,0.04,13.53,0.53119355
184418,6,Walking,3742042247000,2.83,9.19,-0.84446156
184419,6,Walking,3742092265000,1.88,5.67,-0.9942854
184420,6,Walking,3742142223000,-1.14,9.72,-0.23154591
184421,6,Walking,3742192271000,1.88,8.96,0.313268
184422,6,Walking,3742242198000,-0.46,11.73,5.325556
184423,6,Walking,3742292277000,4.18,10.65,-0.88532263
184424,6,Walking,3742342204000,2.45,15.24,0.10896278
184425,6,Walking,3742392284000,1.95,13.48,10.732834
184426,6,Walking,3742442210000,-0.42,18.05,-2.4108016
184427,6,Walking,3742492259000,-0.69,13.29,-3.4868089999999996
184428,6,Walking,3742542216000,-3.57,7.31,0.8036005
184429,6,Walking,3742592235000,2.37,8.85,-1.7978859
184430,6,Walking,3742642345000,2.41,5.56,-2.8738932999999998
184431,6,Walking,3742692210000,-2.07,3.02,-3.4050870000000004
184432,6,Walking,3742742290000,-5.52,3.99,-1.7297841
184433,6,Walking,3742792522000,-4.52,11.69,8.853226
184434,6,Walking,3742842296000,6.13,12.22,6.1291566
184435,6,Walking,3742892253000,-3.26,13.18,-7.927042500000001
184436,6,Walking,3742942302000,3.3,12.98,6.3607025
184437,6,Walking,3742992229000,-3.91,4.67,-4.372132
184438,6,Walking,3743042277000,-2.37,12.3,-2.4516625
184439,6,Walking,3743092235000,1.95,9.66,-0.61291564
184440,6,Walking,3743142314000,1.31,7.78,-1.1849703
184441,6,Walking,3743192271000,0.61,8.43,-0.50395286
184442,6,Walking,3743242351000,-0.04,9.23,-0.46309182
184443,6,Walking,3743292277000,1.27,11.41,3.9090397000000006
184444,6,Walking,3743342265000,2.03,11.54,-0.7218784
184445,6,Walking,3743342265000,2.03,11.54,-0.7218784
184446,6,Walking,3743402415000,4.67,16.51,-0.7218784
184447,6,Walking,3743453746000,-0.27,14.86,5.2165932999999995
184448,6,Walking,3743503245000,-3.68,16.82,-3.9499009
184449,6,Walking,3743553630000,-3.6,9.0,1.3075534
184450,6,Walking,3743603160000,3.49,9.47,-2.1383946
184451,6,Walking,3743653545000,0.27,6.74,-2.5606253
184452,6,Walking,3743703075000,-1.27,3.68,-3.2552630000000002
184453,6,Walking,3743753490000,-3.49,4.02,-2.7921712000000003
184454,6,Walking,3743802257000,-5.13,6.74,0.38136974
184455,6,Walking,3743853374000,3.53,18.12,18.305748
184456,6,Walking,3743903697000,-1.27,5.48,-3.9090397000000006
184457,6,Walking,3743953258000,-0.95,10.0,-4.0588636
184458,6,Walking,3744003673000,2.18,10.84,3.4868089999999996
184459,6,Walking,3744053203000,-2.56,8.69,-2.5333846
184460,6,Walking,3744103648000,-0.8,10.23,-0.88532263
184461,6,Walking,3744153056000,1.33,9.34,-0.42223078
184462,6,Walking,3744203593000,1.42,7.08,-0.6946376999999999
184463,6,Walking,3744253001000,-0.65,7.82,-0.9942854
184464,6,Walking,3744303447000,-0.8,10.8,-0.14982383
184465,6,Walking,3744352306000,-0.04,11.84,5.47538
184466,6,Walking,3744403300000,2.15,12.64,-1.1168685
184467,6,Walking,3744453685000,1.33,14.21,-1.8796080000000002
184468,6,Walking,3744502147000,0.42,14.29,11.114203
184469,6,Walking,3744552287000,-1.69,16.47,-2.6423476000000004
184470,6,Walking,3744603618000,-2.98,11.84,-2.1792557
184471,6,Walking,3744653148000,-1.95,8.89,0.23154591
184472,6,Walking,3744703563000,2.45,8.5,-0.50395286
184473,6,Walking,3744753093000,-1.23,5.13,-2.7921712000000003
184474,6,Walking,3744803569000,-2.11,2.68,-3.2552630000000002
184475,6,Walking,3744853130000,-4.71,4.71,-2.4108016
184476,6,Walking,3744903575000,-3.21,13.33,11.795221000000002
184477,6,Walking,3744953105000,6.21,12.18,8.049625
184478,6,Walking,3745003612000,-2.98,13.38,-6.5922484
184479,6,Walking,3745053142000,2.79,11.03,4.018002500000001
184480,6,Walking,3745103618000,-2.79,7.4,-3.4868089999999996
184481,6,Walking,3745153148000,-4.52,10.0,-2.1383946
184482,6,Walking,3745203624000,1.38,7.78,-0.7218784
184483,6,Walking,3745253154000,0.08,9.81,-0.7627395
184484,6,Walking,3745303569000,2.3,9.04,-0.14982383
184485,6,Walking,3745353099000,0.53,10.27,0.61291564
184486,6,Walking,3745403514000,-0.99,9.34,2.7649305
184487,6,Walking,3745453044000,1.27,11.8,0.313268
184488,6,Walking,3745503459000,3.11,14.67,-2.3018389
184489,6,Walking,3745552226000,1.73,14.94,9.275456
184490,6,Walking,3745603404000,0.27,16.17,0.8036005
184491,6,Walking,3745652263000,-1.57,13.67,-4.2086873
184492,6,Walking,3745703349000,-4.9,9.15,-2.6423476000000004
184493,6,Walking,3745753703000,1.18,9.04,1.56634
184494,6,Walking,3745803203000,0.95,6.24,-3.4050870000000004
184495,6,Walking,3745853679000,-1.57,3.45,-3.6366330000000002
184496,6,Walking,3745903056000,-4.86,2.68,-3.173541
184497,6,Walking,3745953532000,-5.67,8.69,4.630918
184498,6,Walking,3746003001000,5.56,17.08,12.571581
184499,6,Walking,3746053477000,-3.45,5.67,-3.6366330000000002
184500,6,Walking,3746102275000,1.5,16.55,0.38136974
184501,6,Walking,3746153331000,-0.19,5.63,-0.3405087
184502,6,Walking,3746203654000,-6.02,8.69,-2.6014863999999998
184503,6,Walking,3746262340000,2.18,9.28,0.9942854
184504,6,Walking,3746312266000,0.27,9.92,-0.9942854
184505,6,Walking,3746362315000,-0.34,8.16,0.8036005
184506,6,Walking,3746412273000,-2.07,8.5,0.92618364
184507,6,Walking,3746462291000,-1.12,6.63,0.27240697
184508,6,Walking,3746512279000,-0.99,10.88,-2.1111538
184509,6,Walking,3746562297000,0.57,16.32,-3.336985
184510,6,Walking,3746612285000,3.21,16.74,13.252598999999998
184511,6,Walking,3746662273000,-1.5,14.71,-1.7570249
184512,6,Walking,3746712291000,-4.82,15.64,-2.1111538
184513,6,Walking,3746762279000,-2.11,9.19,-0.38136974
184514,6,Walking,3746812297000,3.45,8.66,-1.6889231
184515,6,Walking,3746862315000,-1.18,5.56,-3.4459480000000005
184516,6,Walking,3746912303000,-1.33,2.64,-2.8738932999999998
184517,6,Walking,3746962260000,-4.37,2.83,-3.5957718
184518,6,Walking,3747012279000,-6.43,9.08,3.0645783
