,user,label,timestamp,x,y,z
1029335,7,Walking,207842841645000,1.14,6.78,-0.65
1029336,7,Walking,207842891450000,-0.99,3.91,-1.38
1029337,7,Walking,207842931550000,-1.57,3.17,-2.3
1029338,7,Walking,207842971406000,-2.96,2.98,-1.84
1029339,7,Walking,207843051637000,6.36,5.01,10.46
1029340,7,Walking,207843092134000,19.91,6.17,0.23
1029341,7,Walking,207843131501000,15.85,-3.06,-1.57
1029342,7,Walking,207843171510000,5.28,0.8,1.69
1029343,7,Walking,207843251405000,5.37,12.11,1.65
1029344,7,Walking,207843291566000,2.96,7.59,-2.03
1029345,7,Walking,207843331605000,6.28,10.15,-2.41
1029346,7,Walking,207843371522000,5.67,6.7,-1.57
1029347,7,Walking,207843411469000,5.18,3.17,-0.69
1029348,7,Walking,207843503724000,5.71,2.79,-0.99
1029349,7,Walking,207843541627000,5.94,3.83,-2.34
1029350,7,Walking,207843581666000,9.38,5.56,-1.54
1029351,7,Walking,207843621583000,11.56,6.28,-1.08
1029352,7,Walking,207843701661000,13.57,6.09,5.37
1029353,7,Walking,207843741670000,15.36,3.3,4.1
1029354,7,Walking,207843783753000,10.38,3.95,-1.99
1029355,7,Walking,207843821565000,10.95,7.12,-1.08
1029356,7,Walking,207843901643000,12.53,17.2,-4.06
1029357,7,Walking,207843941499000,1.84,7.06,0.3
1029358,7,Walking,207843981660000,0.69,5.98,-2.15
1029359,7,Walking,207844021577000,-0.72,4.44,-3.11
1029360,7,Walking,207844101899000,-4.37,3.49,-0.57
1029361,7,Walking,207844141603000,0.89,4.52,7.08
1029362,7,Walking,207844181550000,17.92,7.59,4.63
1029363,7,Walking,207844221528000,17.27,-1.84,0.08
1029364,7,Walking,207844301850000,10.23,10.0,3.15
1029365,7,Walking,207844341615000,4.79,9.62,-0.72
1029366,7,Walking,207844381532000,3.45,9.34,-2.56
1029367,7,Walking,207844422914000,4.52,8.81,-2.26
1029368,7,Walking,207844501588000,4.99,5.71,-0.38
1029369,7,Walking,207844541627000,5.48,4.4,-0.53
1029370,7,Walking,207844581544000,5.98,3.6,-0.65
1029371,7,Walking,207844621583000,7.21,3.91,-1.14
1029372,7,Walking,207844701753000,10.34,5.56,-0.95
1029373,7,Walking,207844741761000,10.72,4.99,-0.69
1029374,7,Walking,207844784638000,13.57,4.94,2.91
1029375,7,Walking,207844821687000,16.97,3.53,4.82
1029376,7,Walking,207844901643000,11.56,7.31,-0.84
1029377,7,Walking,207844941499000,17.24,15.36,-3.53
1029378,7,Walking,207844981660000,12.45,17.88,-4.06
1029379,7,Walking,207845021699000,1.65,8.62,0.23
1029380,7,Walking,207845101625000,-1.42,3.68,-4.06
1029381,7,Walking,207845141664000,-2.34,1.73,-2.96
1029382,7,Walking,207845181550000,-3.38,2.26,-1.61
1029383,7,Walking,207845221650000,2.79,3.99,7.59
1029384,7,Walking,207845261506000,19.08,7.59,3.72
1029385,7,Walking,207845351502000,13.33,5.09,4.02
1029386,7,Walking,207845391511000,8.73,11.18,2.37
1029387,7,Walking,207845431642000,2.83,8.16,-2.34
1029388,7,Walking,207845591310000,5.63,4.29,-0.93
1029389,7,Walking,207845591310000,5.63,4.29,-0.93
1029390,7,Walking,207845591310000,5.63,4.29,-0.93
1029391,7,Walking,207845631562000,4.75,2.68,-0.69
1029392,7,Walking,207845671510000,5.43,2.64,-0.95
1029393,7,Walking,207845751557000,11.18,7.01,-1.46
1029394,7,Walking,207845791688000,11.14,6.21,-0.46
1029395,7,Walking,207845831544000,11.95,4.71,5.48
1029396,7,Walking,207845871644000,16.09,4.48,5.24
1029397,7,Walking,207845951600000,11.69,5.94,-1.5
1029398,7,Walking,207845992341000,13.91,11.37,-1.46
1029399,7,Walking,207846031648000,16.51,19.15,-4.25
1029400,7,Walking,207846071504000,5.82,12.18,-1.76
1029401,7,Walking,207846151460000,-0.42,4.99,-2.26
1029402,7,Walking,207846191560000,-1.42,3.15,-2.45
1029403,7,Walking,207846231874000,-2.49,2.68,-2.18
1029404,7,Walking,207846271485000,-2.26,3.49,-1.14
1029405,7,Walking,207846351563000,19.91,5.33,1.57
1029406,7,Walking,207846392182000,15.43,-2.83,0.65
1029407,7,Walking,207846432344000,12.76,8.89,4.48
1029408,7,Walking,207846481416000,4.52,9.19,-0.89
1029409,7,Walking,207846521577000,0.95,7.16,-2.37
1029410,7,Walking,207846601472000,5.13,8.66,-1.95
1029411,7,Walking,207846641633000,4.99,6.36,-1.54
1029412,7,Walking,207846681550000,6.02,5.79,-1.76
1029413,7,Walking,207846721559000,6.13,4.52,-1.65
1029414,7,Walking,207846801667000,8.2,4.25,-1.54
1029415,7,Walking,207846841676000,10.69,4.99,-1.14
1029416,7,Walking,207846881654000,12.72,5.48,-0.53
1029417,7,Walking,207846921601000,13.57,4.14,1.8
1029418,7,Walking,207847002107000,12.49,3.99,-1.95
1029419,7,Walking,207847041657000,11.18,7.44,-1.46
1029420,7,Walking,207847081666000,17.27,14.63,-2.87
1029421,7,Walking,207847121705000,16.66,19.72,-4.82
1029422,7,Walking,207847201448000,-1.5,6.59,-1.04
1029423,7,Walking,207847241639000,-2.11,4.79,-2.45
1029424,7,Walking,207847301606000,-3.26,1.8,-2.3
1029425,7,Walking,207847352082000,-2.37,3.06,0.23
1029426,7,Walking,207847392182000,9.62,6.4,14.48
1029427,7,Walking,207847431550000,19.91,6.09,-1.76
1029428,7,Walking,207847471864000,14.71,-2.37,-2.45
1029429,7,Walking,207847554048000,6.63,11.41,5.18
1029430,7,Walking,207847591523000,1.57,7.44,-2.68
1029431,7,Walking,207847631501000,4.52,11.99,-4.18
1029432,7,Walking,207847671510000,5.28,8.96,-2.41
1029433,7,Walking,207847751557000,5.43,5.09,-0.89
1029434,7,Walking,207847791627000,5.41,4.02,-0.99
1029435,7,Walking,207847831513000,6.02,3.57,-1.61
1029436,7,Walking,207847871430000,7.7,4.18,-1.54
1029437,7,Walking,207847951753000,11.84,6.32,-0.5
1029438,7,Walking,207847992097000,12.49,5.33,-0.46
1029439,7,Walking,207848031648000,15.24,3.3,7.97
1029440,7,Walking,207848071626000,13.38,3.64,-1.38
1029441,7,Walking,207848151521000,12.45,9.77,-1.27
1029442,7,Walking,207848191438000,17.46,17.86,-3.26
1029443,7,Walking,207848231629000,9.15,14.98,-2.98
1029444,7,Walking,207848271607000,1.27,7.01,-0.46
1029445,7,Walking,207848351502000,-0.5,3.95,-2.41
1029446,7,Walking,207848392213000,-2.22,3.34,-2.03
1029447,7,Walking,207848431672000,-3.45,3.79,-0.76
1029448,7,Walking,207848471498000,2.34,3.21,6.24
1029449,7,Walking,207848551698000,17.5,-2.49,0.84
1029450,7,Walking,207848592530000,9.53,2.56,-0.95
1029451,7,Walking,207848631501000,11.92,10.84,5.24
1029452,7,Walking,207848671632000,3.3,8.77,-1.04
1029453,7,Walking,207848751435000,5.28,10.38,-2.87
1029454,7,Walking,207848791657000,5.52,7.4,-1.61
1029455,7,Walking,207848831544000,5.18,5.33,-0.95
1029456,7,Walking,207848871522000,5.2,4.06,-0.8
1029457,7,Walking,207848951814000,6.93,3.6,-1.99
1029458,7,Walking,207848992158000,9.47,4.44,-1.99
1029459,7,Walking,207849031526000,11.5,5.94,-1.04
1029460,7,Walking,207849071473000,11.8,5.52,-0.65
1029461,7,Walking,207849151582000,15.24,3.02,3.21
1029462,7,Walking,207849192262000,12.37,4.48,-1.38
1029463,7,Walking,207849231538000,10.57,7.31,-1.31
1029464,7,Walking,207849271455000,16.97,15.13,-2.34
1029465,7,Walking,207849322053000,12.22,17.12,-3.83
1029466,7,Walking,207849401643000,-0.76,5.83,-2.3
1029467,7,Walking,207849441651000,-1.8,4.14,-3.26
1029468,7,Walking,207849481507000,-3.06,2.68,-2.45
1029469,7,Walking,207849521607000,-4.44,3.34,-0.93
1029470,7,Walking,207849606202000,19.15,6.44,2.3
1029471,7,Walking,207849651673000,14.14,-3.6,-0.34
1029472,7,Walking,207849692079000,2.75,2.37,4.48
1029473,7,Walking,207849740235000,13.14,14.86,-2.96
1029474,7,Walking,207849781648000,5.37,11.84,-0.72
1029475,7,Walking,207849821534000,1.99,4.99,-2.18
1029476,7,Walking,207849901612000,6.21,6.28,-1.84
1029477,7,Walking,207849941468000,5.13,4.21,-1.12
1029478,7,Walking,207849981538000,4.44,3.11,-0.89
1029479,7,Walking,207850021577000,5.24,3.72,-1.76
1029480,7,Walking,207850101594000,9.72,5.67,-1.23
1029481,7,Walking,207850141664000,11.37,6.89,-0.69
1029482,7,Walking,207850181520000,11.45,5.63,-0.89
1029483,7,Walking,207850221620000,14.02,4.48,5.43
1029484,7,Walking,207850301545000,10.92,3.06,-1.5
1029485,7,Walking,207850341645000,10.46,8.39,-0.27
1029486,7,Walking,207850381562000,16.21,16.51,-1.65
1029487,7,Walking,207850421723000,12.87,17.47,-3.26
1029488,7,Walking,207850501588000,1.23,5.67,-2.6
1029489,7,Walking,207850541505000,0.04,4.63,-1.88
1029490,7,Walking,207850581636000,-1.18,3.02,-1.69
1029491,7,Walking,207850625855000,-2.79,2.68,-0.84
1029492,7,Walking,207850701478000,15.98,3.87,9.66
1029493,7,Walking,207850741639000,19.15,-1.5,0.11
1029494,7,Walking,207850781495000,7.12,-1.18,-2.96
1029495,7,Walking,207850821595000,12.79,14.82,3.17
1029496,7,Walking,207850901643000,1.46,6.09,-2.07
1029497,7,Walking,207850941468000,5.79,10.34,-3.21
1029498,7,Walking,207850981629000,6.63,8.31,-2.26
1029499,7,Walking,207851021730000,5.41,4.94,-1.61
1029500,7,Walking,207851102021000,5.75,2.83,-0.84
1029501,7,Walking,207851141542000,6.02,2.53,-1.69
1029502,7,Walking,207851181520000,8.12,3.49,-2.03
1029503,7,Walking,207851221559000,10.65,5.37,-1.12
1029504,7,Walking,207851301606000,11.84,7.12,-1.14
1029505,7,Walking,207851347535000,14.67,5.6,5.79
1029506,7,Walking,207851385438000,14.18,2.11,0.0
1029507,7,Walking,207851422517000,10.65,2.64,-1.73
1029508,7,Walking,207851501618000,18.39,16.63,-3.64
1029509,7,Walking,207851541657000,13.21,17.86,-5.75
1029510,7,Walking,207851581544000,1.31,7.89,-1.8
1029511,7,Walking,207851632875000,-1.12,4.14,-2.72
1029512,7,Walking,207851751313000,-3.06,5.86,2.11
1029513,7,Walking,207851751313000,-3.06,5.86,2.11
1029514,7,Walking,207851791352000,6.66,5.52,11.07
1029515,7,Walking,207851791352000,6.66,5.52,11.07
1029516,7,Walking,207851872956000,14.9,-2.14,-3.72
1029517,7,Walking,207851951814000,12.18,14.82,5.28
1029518,7,Walking,207851992066000,2.91,7.7,-1.54
1029519,7,Walking,207852031678000,3.72,8.5,-3.15
1029520,7,Walking,207852071412000,6.4,8.69,-2.49
1029521,7,Walking,207852151612000,5.48,3.99,-1.18
1029522,7,Walking,207852192231000,5.05,3.06,-0.93
1029523,7,Walking,207852231690000,5.28,2.98,-1.69
1029524,7,Walking,207852271516000,8.43,5.09,-2.34
1029525,7,Walking,207852351594000,11.22,5.71,-0.65
1029526,7,Walking,207852393952000,12.22,5.28,-0.84
1029527,7,Walking,207852431581000,15.79,4.06,6.17
1029528,7,Walking,207852471559000,15.32,2.26,3.36
1029529,7,Walking,207852551759000,14.14,9.47,-1.33
1029530,7,Walking,207852592164000,18.66,17.88,-3.68
1029531,7,Walking,207852631684000,8.58,15.21,-2.91
1029532,7,Walking,207852671479000,-0.15,7.67,-0.27
1029533,7,Walking,207852751618000,-2.3,3.49,-2.91
1029534,7,Walking,207852791505000,-3.79,3.06,-2.6
