,user,label,timestamp,x,y,z
1039811,7,Walking,208446621522000,6.43,4.14,-1.04
1039812,7,Walking,208446661592000,7.63,4.75,-1.23
1039813,7,Walking,208446701539000,9.89,6.59,-0.42
1039814,7,Walking,208446741670000,10.88,6.93,-0.57
1039815,7,Walking,208446821626000,15.6,4.82,9.15
1039816,7,Walking,208446861726000,11.56,3.72,-2.49
1039817,7,Walking,208446901521000,11.07,4.99,-2.83
1039818,7,Walking,208446941560000,11.8,8.39,-1.33
1039819,7,Walking,208447021730000,12.11,17.5,-4.21
1039820,7,Walking,208447061524000,1.88,7.16,-2.07
1039821,7,Walking,208447101563000,-1.5,4.14,-1.8
1039822,7,Walking,208447141603000,-1.99,4.6,-2.72
1039823,7,Walking,208447221467000,-2.87,4.6,0.57
1039824,7,Walking,208447261476000,2.14,4.9,5.94
1039825,7,Walking,208447301515000,15.6,6.24,7.89
1039826,7,Walking,208447341523000,19.57,0.15,-2.07
1039827,7,Walking,208447421510000,14.71,14.06,5.28
1039828,7,Walking,208447463624000,4.48,12.87,2.07
1039829,7,Walking,208447501588000,0.65,9.28,-3.3
1039830,7,Walking,208447541627000,2.45,10.0,-2.87
1039831,7,Walking,208447621522000,4.14,5.33,-1.31
1039832,7,Walking,208447661653000,5.33,5.41,-1.14
1039833,7,Walking,208447701509000,5.2,4.29,-0.84
1039834,7,Walking,208447741548000,5.98,4.37,-1.33
1039835,7,Walking,208447821626000,11.95,8.35,-0.38
1039836,7,Walking,208447861512000,11.11,6.21,0.0
1039837,7,Walking,208447901551000,14.1,5.24,7.01
1039838,7,Walking,208447941590000,15.24,4.29,2.87
1039839,7,Walking,208448021699000,10.11,8.69,-0.93
1039840,7,Walking,208448061646000,12.91,14.06,-1.8
1039841,7,Walking,208448101502000,12.83,18.43,-3.15
1039842,7,Walking,208448141664000,3.95,10.23,-3.79
1039843,7,Walking,208448221498000,-0.93,3.02,-2.11
1039844,7,Walking,208448261506000,-1.31,3.91,-1.84
1039845,7,Walking,208448311677000,-2.83,4.14,-1.61
1039846,7,Walking,208448351441000,-0.76,4.94,1.42
1039847,7,Walking,208448391542000,14.75,7.7,13.57
1039848,7,Walking,208448471742000,8.81,-1.76,-2.34
1039849,7,Walking,208448511506000,14.18,11.88,3.95
1039850,7,Walking,208448551637000,5.48,12.37,2.6
1039851,7,Walking,208448591676000,1.8,8.05,-2.49
1039852,7,Walking,208448671632000,4.1,7.12,-2.18
1039853,7,Walking,208448711549000,4.37,5.28,-1.8
1039854,7,Walking,208448751527000,4.79,4.56,-1.27
1039855,7,Walking,208448794190000,5.24,4.25,-0.72
1039856,7,Walking,208448871766000,7.31,5.94,-1.54
1039857,7,Walking,208448911531000,10.34,7.67,-0.53
1039858,7,Walking,208448951600000,10.76,7.25,0.0
1039859,7,Walking,208448991639000,12.87,6.17,8.35
1039860,7,Walking,208449031556000,14.75,5.41,1.65
1039861,7,Walking,208449091706000,10.46,4.9,-1.12
1039862,7,Walking,208449171723000,14.21,15.09,-2.26
1039863,7,Walking,208449211488000,11.3,16.74,-3.83
1039864,7,Walking,208449251588000,3.72,8.85,-3.83
1039865,7,Walking,208449294923000,0.0,3.99,-2.41
1039866,7,Walking,208449376893000,-2.26,4.29,-1.5
1039867,7,Walking,208449414491000,-2.87,4.18,-1.73
1039868,7,Walking,208449451783000,-0.46,4.33,-0.5
1039869,7,Walking,208449491517000,13.72,7.12,12.3
1039870,7,Walking,208449571961000,9.58,-2.64,-3.6
1039871,7,Walking,208449611512000,12.87,10.69,-0.65
1039872,7,Walking,208449651673000,3.64,13.57,4.99
1039873,7,Walking,208449691529000,2.56,10.92,-2.98
1039874,7,Walking,208449771821000,4.18,6.74,-1.18
1039875,7,Walking,208449811463000,4.18,4.63,-0.8
1039876,7,Walking,208449852204000,4.99,4.44,-0.99
1039877,7,Walking,208449891542000,5.37,4.1,-1.08
1039878,7,Walking,208449971772000,6.89,5.6,-1.31
1039879,7,Walking,208450011537000,10.46,7.44,-0.8
1039880,7,Walking,208450051820000,11.11,7.06,-0.46
1039881,7,Walking,208450091523000,15.36,5.37,5.9
1039882,7,Walking,208450171723000,12.26,5.6,-1.46
1039883,7,Walking,208450211457000,11.75,9.53,-2.15
1039884,7,Walking,208450251649000,15.85,17.67,-3.6
1039885,7,Walking,208450292359000,9.38,17.39,-4.06
1039886,7,Walking,208450371705000,-1.99,4.48,-2.91
1039887,7,Walking,208450412110000,-2.34,2.18,-2.79
1039888,7,Walking,208450451478000,18.66,11.07,9.34
1039889,7,Walking,208450571839000,18.66,11.07,9.34
1039890,7,Walking,208450571839000,18.66,11.07,9.34
1039891,7,Walking,208450611451000,17.86,0.89,2.3
1039892,7,Walking,208450651582000,7.59,5.98,1.31
1039893,7,Walking,208450691529000,10.72,14.48,2.56
1039894,7,Walking,208450771638000,3.26,8.08,-1.65
1039895,7,Walking,208450811708000,6.02,11.35,-1.99
1039896,7,Walking,208450851533000,4.56,6.63,-1.27
1039897,7,Walking,208450891725000,4.37,4.18,-1.04
1039898,7,Walking,208450941865000,4.37,3.38,-0.53
1039899,7,Walking,208451021638000,7.31,6.32,-1.57
1039900,7,Walking,208451062470000,10.65,7.55,-0.69
1039901,7,Walking,208451101655000,10.95,7.25,0.11
1039902,7,Walking,208451161531000,16.13,4.33,10.95
1039903,7,Walking,208451201570000,14.14,5.05,-2.03
1039904,7,Walking,208451241548000,12.03,5.48,-1.31
1039905,7,Walking,208451322022000,16.02,18.47,-3.57
1039906,7,Walking,208451361482000,8.16,17.05,-3.3
1039907,7,Walking,208451401551000,0.57,7.67,-2.11
1039908,7,Walking,208451441590000,-0.8,4.71,-2.72
1039909,7,Walking,208451521607000,-2.98,1.76,-3.15
1039910,7,Walking,208451561646000,-3.76,3.34,-2.41
1039911,7,Walking,208451601502000,2.18,5.37,4.82
1039912,7,Walking,208451641542000,19.08,9.77,8.54
1039914,7,Walking,208451767427000,13.17,17.69,1.53
1039913,7,Walking,208451767427000,13.17,17.69,1.53
1039915,7,Walking,208451803956000,2.6,8.35,-1.38
1039916,7,Walking,208451841432000,2.49,7.4,-1.99
1039917,7,Walking,208451921601000,5.13,6.44,-1.61
1039918,7,Walking,208451961488000,4.71,4.25,-1.14
1039919,7,Walking,208452001740000,4.94,3.57,-0.89
1039920,7,Walking,208452041657000,5.79,3.87,-0.69
1039921,7,Walking,208452121614000,9.62,6.97,-1.38
1039922,7,Walking,208452161469000,11.54,7.7,-0.46
1039923,7,Walking,208452201539000,11.56,6.32,5.79
1039924,7,Walking,208452241700000,15.62,6.51,5.75
1039925,7,Walking,208452323426000,11.3,5.43,-1.42
1039926,7,Walking,208452361604000,11.45,10.53,-1.14
1039927,7,Walking,208452401521000,14.67,17.31,-3.15
1039928,7,Walking,208452441560000,7.7,15.13,-4.63
1039929,7,Walking,208452521485000,-0.93,4.06,-2.56
1039930,7,Walking,208452561646000,-1.73,3.41,-2.22
1039931,7,Walking,208452601533000,-2.76,3.91,-2.96
1039932,7,Walking,208452641511000,-3.15,3.34,-0.95
1039933,7,Walking,208452721711000,19.76,10.73,6.05
1039934,7,Walking,208452761598000,15.6,-2.3,0.57
1039935,7,Walking,208452801667000,9.11,3.34,-2.6
1039936,7,Walking,208452841615000,10.15,13.67,5.94
1039937,7,Walking,208452921510000,3.02,10.61,-3.38
1039938,7,Walking,208452961640000,4.79,11.14,-1.88
1039939,7,Walking,208453001557000,7.35,2.15,-3.79
1039940,7,Walking,208453041505000,4.18,5.37,-1.61
1039941,7,Walking,208453126557000,4.33,4.56,-0.5
1039942,7,Walking,208453173493000,5.18,5.71,-0.57
1039943,7,Walking,208453211488000,8.24,8.73,-0.31
1039944,7,Walking,208453251527000,10.27,8.85,-0.31
1039945,7,Walking,208453291657000,13.76,5.41,6.74
1039946,7,Walking,208453371644000,13.91,4.44,-2.64
1039947,7,Walking,208453411653000,11.54,6.89,-1.42
1039948,7,Walking,208453451600000,12.53,12.41,-2.26
1039949,7,Walking,208453491517000,14.98,19.19,-4.56
1039950,7,Walking,208453571595000,0.08,6.09,-2.64
1039951,7,Walking,208453611848000,-1.38,3.41,-2.18
1039952,7,Walking,208453651643000,-2.15,1.99,-2.18
1039953,7,Walking,208453691499000,-3.26,2.26,-2.72
1039954,7,Walking,208453771638000,6.13,4.18,8.66
1039955,7,Walking,208453812379000,19.91,9.15,5.09
1039956,7,Walking,208453851655000,18.35,-2.6,4.48
1039957,7,Walking,208453891542000,14.06,6.24,-3.17
1039958,7,Walking,208453971589000,1.08,10.34,-3.45
1039959,7,Walking,208454011445000,2.64,14.29,-3.06
1039960,7,Walking,208454051637000,2.56,6.85,-0.95
1039961,7,Walking,208454091706000,3.83,5.52,-0.69
1039962,7,Walking,208454171845000,6.13,5.6,-0.99
1039963,7,Walking,208454211518000,6.43,4.18,-0.89
1039964,7,Walking,208454251466000,8.05,4.33,-0.84
1039965,7,Walking,208454291291000,11.14,6.21,-0.89
1039966,7,Walking,208454371583000,11.33,5.48,2.11
1039967,7,Walking,208454411439000,13.72,3.95,3.64
1039968,7,Walking,208454451478000,13.53,3.6,-1.33
1039969,7,Walking,208454491639000,10.88,6.32,-0.99
1039970,7,Walking,208454571717000,15.43,17.16,-2.56
1039971,7,Walking,208454611512000,10.92,18.31,-3.87
1039972,7,Walking,208454651521000,0.76,8.96,-1.46
1039973,7,Walking,208454691682000,-1.04,5.41,-1.84
1039974,7,Walking,208454771760000,-1.99,2.37,-3.02
1039975,7,Walking,208454811524000,-2.96,2.34,-1.33
1039976,7,Walking,208454851533000,1.18,3.38,3.87
1039977,7,Walking,208454891511000,16.74,6.36,13.02
1039978,7,Walking,208454971589000,10.95,3.06,-1.42
1039979,7,Walking,208455011445000,10.65,12.98,3.95
1039980,7,Walking,208455051667000,1.27,7.06,-1.14
1039981,7,Walking,208455091584000,1.84,9.3,-2.87
1039983,7,Walking,208455171632000,4.82,7.16,-1.04
1039982,7,Walking,208455171632000,4.82,7.16,-1.04
1039984,7,Walking,208455271607000,5.41,4.33,-0.57
1039985,7,Walking,208455311494000,5.86,4.14,-0.61
1039986,7,Walking,208455351594000,6.43,4.56,-1.08
1039987,7,Walking,208455391450000,9.34,6.47,-1.12
1039988,7,Walking,208455471589000,11.33,6.74,2.79
1039989,7,Walking,208455511476000,15.62,5.9,7.55
1039990,7,Walking,208455551515000,13.95,4.02,-1.95
1039991,7,Walking,208455591645000,10.65,5.94,-1.42
1039992,7,Walking,208455672212000,14.86,18.7,-4.1
1039993,7,Walking,208455711488000,6.89,14.52,-3.57
1039994,7,Walking,208455751588000,0.65,5.86,-3.17
1039995,7,Walking,208455791505000,-0.57,2.49,-2.49
1039996,7,Walking,208455871858000,-1.42,3.64,-2.64
1039997,7,Walking,208455911469000,-2.87,4.94,-0.93
1039998,7,Walking,208455951600000,3.11,6.63,6.97
1039999,7,Walking,208455991456000,18.12,7.5,9.11
1040000,7,Walking,208456071626000,11.75,3.3,-3.57
1040001,7,Walking,208456111512000,13.72,14.29,4.14
1040002,7,Walking,208456151521000,-0.08,6.85,0.5
1040003,7,Walking,208456191438000,0.53,8.96,-3.06
1040004,7,Walking,208456271638000,3.95,6.74,-1.14
1040005,7,Walking,208456311524000,4.9,5.41,-0.93
1040006,7,Walking,208456351991000,5.86,5.24,-1.12
1040007,7,Walking,208456391450000,5.86,4.33,-0.93
1040008,7,Walking,208456471711000,8.81,5.41,-1.18
1040009,7,Walking,208456511506000,10.95,6.51,-0.65
1040010,7,Walking,208456551515000,10.57,6.59,0.15
