,user,label,timestamp,x,y,z
1041811,7,Walking,208546611512000,-2.03,3.87,0.34
1041812,7,Walking,208546651643000,8.5,8.81,14.86
1041813,7,Walking,208546691499000,19.91,14.98,0.57
1041814,7,Walking,208546771485000,8.58,5.75,-3.76
1041815,7,Walking,208546811524000,6.24,14.67,7.7
1041816,7,Walking,208546851625000,0.53,8.85,-0.84
1041817,7,Walking,208546891633000,1.23,9.66,-2.49
1041818,7,Walking,208546971467000,5.09,7.21,-2.34
1041819,7,Walking,208547011445000,4.52,6.21,-0.99
1041820,7,Walking,208547051698000,3.68,4.21,-0.76
1041821,7,Walking,208547091523000,3.72,5.01,-0.65
1041822,7,Walking,208547171479000,6.36,8.89,-0.34
1041823,7,Walking,208547211518000,7.21,9.77,0.27
1041824,7,Walking,208547251527000,8.58,9.43,6.43
1041825,7,Walking,208547291596000,11.26,10.27,3.95
1041826,7,Walking,208547371553000,10.69,11.07,-0.11
1041827,7,Walking,208547411500000,7.35,14.9,-2.07
1041828,7,Walking,208547451600000,5.24,18.39,-1.99
1041829,7,Walking,208547491609000,1.46,10.31,-2.49
1041830,7,Walking,208547571412000,0.65,4.44,-3.21
1041831,7,Walking,208547611482000,1.08,1.42,-2.49
1041832,7,Walking,208547651704000,0.53,1.18,-1.5
1041833,7,Walking,208547691468000,-0.95,2.49,-1.69
1041834,7,Walking,208547771516000,17.62,12.87,12.64
1041835,7,Walking,208547811524000,16.93,6.66,3.95
1041836,7,Walking,208547854432000,6.02,6.05,-1.92
1041837,7,Walking,208547891480000,5.75,16.47,5.09
1041838,7,Walking,208547971467000,0.53,7.63,-2.53
1041839,7,Walking,208548011506000,3.53,10.23,-2.45
1041840,7,Walking,208548051637000,5.48,9.28,-2.07
1041841,7,Walking,208548091554000,6.43,6.21,-0.76
1041842,7,Walking,208548171449000,3.95,3.99,0.0
1041843,7,Walking,208548222810000,3.57,4.9,-0.19
1041844,7,Walking,208548261933000,4.37,7.01,-0.34
1041845,7,Walking,208548302827000,6.55,9.47,-0.31
1041846,7,Walking,208548341584000,8.62,11.26,-0.34
1041847,7,Walking,208548421540000,7.46,11.65,6.66
1041848,7,Walking,208548463685000,9.96,7.67,0.84
1041849,7,Walking,208548501496000,10.76,8.69,-2.76
1041850,7,Walking,208548541505000,11.73,14.41,-2.3
1041851,7,Walking,208548621491000,1.92,8.96,-1.95
1041852,7,Walking,208548661469000,0.61,4.67,-0.61
1041853,7,Walking,208548701570000,-0.08,5.13,-2.37
1041854,7,Walking,208548741578000,-1.46,3.38,-2.49
1041855,7,Walking,208548821534000,-1.8,3.79,-0.5
1041856,7,Walking,208548861512000,8.92,7.31,11.69
1041857,7,Walking,208548901582000,19.91,11.56,3.45
1041858,7,Walking,208548941468000,14.48,-0.11,3.95
1041859,7,Walking,208549021821000,6.09,15.28,5.48
1041860,7,Walking,208549061494000,0.95,9.11,-1.08
1041861,7,Walking,208549101502000,1.46,9.89,-2.64
1041862,7,Walking,208549141572000,3.36,9.19,-2.07
1041863,7,Walking,208549221467000,4.06,5.18,-0.93
1041864,7,Walking,208549261689000,3.91,5.6,-0.72
1041865,7,Walking,208549311555000,4.06,5.43,-0.53
1041866,7,Walking,208549351655000,5.52,7.35,-0.76
1041867,7,Walking,208549391450000,6.97,8.01,-0.42
1041868,7,Walking,208549471559000,10.72,9.62,8.12
1041869,7,Walking,208549511476000,13.38,9.3,1.18
1041870,7,Walking,208549552278000,12.98,6.47,-2.03
1041871,7,Walking,208549591645000,8.5,8.66,1.76
1041872,7,Walking,208549671540000,8.54,19.65,-3.15
1041873,7,Walking,208549711518000,2.03,12.26,-3.02
1041874,7,Walking,208549751527000,0.42,5.67,-2.07
1041875,7,Walking,208549791566000,-0.08,3.11,-2.07
1041876,7,Walking,208549871491000,-0.31,2.6,-2.22
1041877,7,Walking,208549911897000,-1.46,2.68,-1.8
1041878,7,Walking,208549951631000,0.72,5.22,2.96
1041879,7,Walking,208549991456000,17.12,14.98,13.29
1041880,7,Walking,208550071443000,8.2,4.29,-1.08
1041881,7,Walking,208550191285000,-0.15,5.56,-2.26
1041882,7,Walking,208550191285000,-0.15,5.56,-2.26
1041883,7,Walking,208550191285000,-0.15,5.56,-2.26
1041884,7,Walking,208550271455000,2.75,8.39,-1.14
1041885,7,Walking,208550311555000,3.02,6.36,-0.72
1041886,7,Walking,208550351655000,3.36,5.37,-0.8
1041887,7,Walking,208550391633000,4.02,5.94,-0.72
1041888,7,Walking,208550471467000,4.86,7.63,0.27
1041889,7,Walking,208550511476000,5.52,8.54,0.65
1041890,7,Walking,208550551789000,7.44,10.88,1.46
1041891,7,Walking,208550591493000,8.54,10.42,1.76
1041892,7,Walking,208550671479000,11.73,9.19,5.79
1041893,7,Walking,208550711579000,8.27,9.08,-1.18
1041894,7,Walking,208550751588000,9.58,13.99,-1.65
1041895,7,Walking,208550791505000,7.63,18.77,-3.11
1041896,7,Walking,208550871491000,-1.08,7.12,-1.31
1041897,7,Walking,208550911592000,-1.14,4.14,-1.38
1041898,7,Walking,208550951600000,-0.31,2.68,-2.79
1041899,7,Walking,208550991456000,0.19,1.73,-2.68
1041900,7,Walking,208551071595000,4.86,7.06,9.58
1041901,7,Walking,208551111543000,14.1,16.66,8.47
1041902,7,Walking,208551151704000,11.07,7.06,4.21
1041903,7,Walking,208551191865000,5.86,9.28,-1.27
1041904,7,Walking,208551271485000,0.65,8.24,-1.61
1041905,7,Walking,208551311494000,0.27,10.38,-1.5
1041906,7,Walking,208551351655000,0.27,9.34,-1.95
1041907,7,Walking,208551391572000,2.64,8.89,-2.41
1041908,7,Walking,208551471437000,4.4,6.97,-0.5
1041909,7,Walking,208551511506000,5.48,4.37,2.11
1041910,7,Walking,208551551698000,5.24,4.25,1.88
1041911,7,Walking,208551591523000,6.02,7.31,1.46
1041912,7,Walking,208551671479000,5.9,9.62,0.76
1041913,7,Walking,208551711518000,5.24,10.23,1.04
1041914,7,Walking,208551751588000,5.33,12.07,2.37
1041915,7,Walking,208551791474000,7.5,11.56,1.31
1041916,7,Walking,208551871583000,6.36,10.15,-0.08
1041917,7,Walking,208551911500000,7.08,15.43,-0.53
1041918,7,Walking,208551951631000,4.52,13.44,-5.9
1041919,7,Walking,208551991609000,2.3,8.01,-6.78
1041920,7,Walking,208552071443000,-0.42,3.95,-2.56
1041921,7,Walking,208552111482000,-1.99,3.68,0.08
1041922,7,Walking,208552151612000,-1.84,3.64,-0.57
1041923,7,Walking,208552191529000,-0.31,4.33,-0.46
1041924,7,Walking,208552271485000,10.76,14.63,3.64
1041925,7,Walking,208552312776000,13.63,8.01,-0.69
1041926,7,Walking,208552351777000,7.35,11.14,0.72
1041927,7,Walking,208552391542000,0.8,10.46,-1.69
1041928,7,Walking,208552471955000,-0.19,10.88,-3.99
1041929,7,Walking,208552511476000,1.12,9.47,-4.71
1041930,7,Walking,208552551637000,3.3,5.18,-3.72
1041931,7,Walking,208552591615000,5.24,4.52,-2.53
1041932,7,Walking,208552671510000,3.26,6.78,-1.69
1041933,7,Walking,208552711640000,3.6,8.31,-2.15
1041934,7,Walking,208552751588000,5.18,9.89,-1.31
1041935,7,Walking,208552791505000,6.28,9.28,-0.72
1041936,7,Walking,208552871491000,10.04,11.92,-0.31
1041937,7,Walking,208552913972000,8.27,15.05,6.59
1041938,7,Walking,208552951631000,7.04,11.99,-3.06
1041939,7,Walking,208552992768000,6.32,11.26,-4.18
1041940,7,Walking,208553071595000,3.3,12.53,-5.79
1041941,7,Walking,208553111634000,2.45,7.82,-6.02
1041942,7,Walking,208553151643000,1.12,4.6,-3.49
1041943,7,Walking,208553191468000,0.84,3.95,-2.41
1041944,7,Walking,208553273042000,-1.42,2.49,-1.69
1041945,7,Walking,208553326356000,-0.99,4.33,0.34
1041946,7,Walking,208553362275000,9.15,14.1,12.64
1041947,7,Walking,208553401490000,9.72,13.25,-2.3
1041948,7,Walking,208553441468000,9.08,8.05,-0.34
1041949,7,Walking,208553521455000,-0.08,9.85,3.17
1041950,7,Walking,208553561494000,-1.14,8.69,-2.15
1041951,7,Walking,208553601472000,-0.46,10.61,-3.95
1041952,7,Walking,208553641450000,1.33,9.28,-3.99
1041953,7,Walking,208553721498000,3.83,6.66,-2.91
1041954,7,Walking,208553761506000,4.21,6.28,-1.76
1041955,7,Walking,208553801515000,3.79,6.47,-0.04
1041956,7,Walking,208553841645000,4.71,7.86,-1.33
1041957,7,Walking,208553921571000,7.78,9.66,-1.04
1041958,7,Walking,208553961671000,7.82,9.58,-0.69
1041959,7,Walking,208554001802000,7.74,10.73,-0.42
1041960,7,Walking,208554041505000,9.49,11.45,1.27
1041961,7,Walking,208554121491000,6.97,12.83,-3.76
1041962,7,Walking,208554161500000,6.78,17.27,-5.18
1041963,7,Walking,208554201570000,2.83,14.29,-6.05
1041964,7,Walking,208554241609000,0.46,7.74,-5.01
1041965,7,Walking,208554321443000,-0.34,2.83,-2.41
1041966,7,Walking,208554361695000,-1.33,2.45,-2.68
1041967,7,Walking,208554401490000,-1.42,3.68,-2.18
1041968,7,Walking,208554441529000,-0.93,4.94,0.04
1041969,7,Walking,208554521546000,12.34,11.18,-0.53
1041970,7,Walking,208554561616000,11.75,9.34,-1.88
1041971,7,Walking,208554601594000,8.66,11.35,-1.33
1041972,7,Walking,208554641480000,-1.12,11.3,2.72
1041973,7,Walking,208554721437000,-0.15,9.92,-3.87
1041974,7,Walking,208554761476000,2.26,8.43,-3.68
1041975,7,Walking,208554801515000,3.87,7.08,-3.26
1041976,7,Walking,208554841462000,4.82,6.78,-2.56
1041977,7,Walking,208554921601000,4.82,6.21,-0.61
1041978,7,Walking,208554961579000,3.79,6.44,-1.42
1041979,7,Walking,208555001527000,6.05,7.7,-1.33
1041980,7,Walking,208555041535000,6.78,9.28,-1.8
1041981,7,Walking,208555121553000,6.66,10.42,-3.11
1041982,7,Walking,208555161592000,7.55,10.8,-2.41
1041983,7,Walking,208555201783000,8.12,12.07,2.75
1041984,7,Walking,208555242951000,6.21,10.04,-0.99
1041985,7,Walking,208555321473000,4.75,14.44,-6.82
1041986,7,Walking,208555361604000,2.03,8.39,-5.83
1041987,7,Walking,208555401704000,1.76,4.86,-4.18
1041988,7,Walking,208555441438000,0.99,4.21,-1.61
1041989,7,Walking,208555521455000,-1.46,4.14,-1.42
1041990,7,Walking,208555561585000,-0.42,5.56,-1.18
1041991,7,Walking,208555601472000,2.6,8.35,4.9
1041992,7,Walking,208555641572000,14.4,13.57,8.31
1041993,7,Walking,208555721467000,10.23,10.12,-3.72
1041994,7,Walking,208555761628000,1.76,12.22,4.82
1041995,7,Walking,208555801484000,-0.5,10.76,-1.84
1041996,7,Walking,208555841584000,-0.61,10.38,-3.68
1041997,7,Walking,208555921510000,3.41,6.82,-3.17
1041998,7,Walking,208555961518000,4.75,6.47,-2.56
1041999,7,Walking,208556001740000,5.28,5.79,-0.11
1042000,7,Walking,208556041505000,3.83,5.71,-0.69
1042001,7,Walking,208556121614000,5.09,8.2,-1.18
1042002,7,Walking,208556161531000,6.43,9.51,-2.64
1042003,7,Walking,208556201570000,5.98,11.11,-2.87
1042004,7,Walking,208556241517000,5.18,11.69,-3.02
1042005,7,Walking,208556321473000,7.63,12.07,-5.75
1042008,7,Walking,208556441285000,3.53,12.07,-5.75
1042007,7,Walking,208556441285000,3.53,12.07,-5.75
1042006,7,Walking,208556441285000,3.53,12.07,-5.75
1042009,7,Walking,208556521485000,1.88,3.26,-5.37
1042010,7,Walking,208556561616000,0.11,2.91,-2.76
