,user,label,timestamp,x,y,z
747427,8,Walking,110040651741000,1.8,12.3,-3.41
747428,8,Walking,110040691719000,4.18,7.06,0.95
747429,8,Walking,110040771736000,-0.34,10.53,1.95
747430,8,Walking,110040811622000,1.18,9.96,-0.76
747432,8,Walking,110040851814000,2.41,9.47,-1.76
747431,8,Walking,110040851814000,2.41,9.47,-1.76
747433,8,Walking,110040980323000,7.12,11.69,-1.33
747434,8,Walking,110041022804000,5.48,13.48,1.73
747435,8,Walking,110041061653000,-0.69,14.1,0.8
747436,8,Walking,110041101631000,-0.19,13.06,-7.55
747437,8,Walking,110041141609000,-1.8,11.45,0.95
747438,8,Walking,110041221656000,1.31,7.74,-4.67
747439,8,Walking,110041263344000,0.8,5.09,-3.06
747440,8,Walking,110041301521000,-0.84,3.34,-2.49
747441,8,Walking,110041341591000,-2.96,2.11,-0.34
747442,8,Walking,110041425148000,-2.83,8.73,9.15
747443,8,Walking,110041472572000,5.2,18.96,11.03
747444,8,Walking,110041512184000,0.65,6.55,3.45
747445,8,Walking,110041554176000,-1.95,5.28,1.95
747446,8,Walking,110041591438000,-0.04,9.19,-3.87
747447,8,Walking,110041671455000,-3.95,7.27,-1.65
747448,8,Walking,110041713081000,-2.37,6.93,-2.07
747449,8,Walking,110041751472000,-0.53,11.99,-3.17
747450,8,Walking,110041791511000,5.09,12.15,-1.08
747451,8,Walking,110041838813000,4.94,6.28,-0.61
747452,8,Walking,110041921638000,-0.8,9.38,0.15
747453,8,Walking,110041961555000,1.08,9.62,-1.04
747454,8,Walking,110042001625000,3.02,10.53,0.04
747455,8,Walking,110042041572000,4.18,11.26,-0.95
747456,8,Walking,110042121498000,8.92,13.53,0.3
747457,8,Walking,110042161628000,0.69,14.44,5.33
747458,8,Walking,110042201637000,-0.42,13.53,-6.09
747459,8,Walking,110042281624000,-3.87,12.34,2.41
747460,8,Walking,110042321541000,0.23,9.3,-3.17
747461,8,Walking,110042361641000,1.12,4.99,-3.53
747462,8,Walking,110042401497000,-0.08,2.98,-1.12
747463,8,Walking,110042441627000,-1.95,0.93,-2.56
747464,8,Walking,110042523628000,-1.12,4.02,1.73
747465,8,Walking,110042561409000,2.18,17.67,17.97
747466,8,Walking,110042608009000,2.72,8.01,1.46
747467,8,Walking,110042657631000,-3.6,1.33,1.61
747468,8,Walking,110042711403000,-4.29,13.91,-1.99
747469,8,Walking,110042751442000,-4.52,10.38,-4.71
747470,8,Walking,110042802040000,-1.42,6.97,-3.49
747471,8,Walking,110042844001000,0.72,11.73,-3.21
747472,8,Walking,110042922523000,4.25,6.47,-0.19
747473,8,Walking,110042961403000,0.0,7.67,2.26
747474,8,Walking,110043001503000,-0.27,8.2,0.46
747475,8,Walking,110043041420000,0.95,8.89,-0.99
747476,8,Walking,110043121864000,1.42,11.84,0.23
747477,8,Walking,110043161506000,3.21,12.03,-0.42
747478,8,Walking,110043201667000,7.55,13.14,-0.8
747479,8,Walking,110043241523000,5.13,12.49,1.95
747480,8,Walking,110043323372000,-0.15,13.67,-6.47
747481,8,Walking,110043361580000,-2.56,11.69,-6.28
747482,8,Walking,110043401619000,-3.41,11.6,2.83
747483,8,Walking,110043481575000,1.14,4.29,-1.08
747484,8,Walking,110043601417000,-3.41,1.92,-1.08
747485,8,Walking,110043601417000,-3.41,1.92,-1.08
747486,8,Walking,110043601417000,-3.41,1.92,-1.08
747487,8,Walking,110043681526000,1.84,19.0,17.35
747488,8,Walking,110043721534000,2.3,10.38,2.75
747489,8,Walking,110043761512000,-3.3,1.31,1.18
747490,8,Walking,110043801490000,-3.91,8.24,-2.72
747491,8,Walking,110043841591000,-3.64,13.25,-4.4
747492,8,Walking,110043902687000,-2.07,6.51,-2.91
747493,8,Walking,110043941658000,2.56,13.67,-2.11
747494,8,Walking,110044021583000,5.6,9.19,0.34
747495,8,Walking,110044061531000,0.84,6.44,1.5
747496,8,Walking,110044101631000,-1.18,8.24,0.3
747497,8,Walking,110044141548000,-0.57,9.81,-1.31
747498,8,Walking,110044221656000,2.45,10.31,0.57
747499,8,Walking,110044261635000,3.06,12.45,0.42
747500,8,Walking,110044301552000,6.43,12.79,-0.72
747501,8,Walking,110044341652000,6.82,14.02,3.26
747502,8,Walking,110044421638000,-2.07,14.21,-6.21
747503,8,Walking,110044461677000,-3.57,10.84,-5.9
747504,8,Walking,110044501625000,-2.07,11.75,1.76
747505,8,Walking,110044541633000,1.57,5.37,-3.72
747506,8,Walking,110044621528000,-0.15,3.64,-1.65
747507,8,Walking,110044661537000,-2.37,2.34,-2.76
747508,8,Walking,110044701515000,-4.21,0.53,-1.18
747509,8,Walking,110044741584000,-4.4,16.36,17.24
747510,8,Walking,110044821632000,4.99,13.95,4.29
747511,8,Walking,110044861519000,-3.45,3.26,3.79
747512,8,Walking,110044901588000,-4.02,9.19,-1.73
747513,8,Walking,110044990638000,-2.18,5.48,-3.17
747514,8,Walking,110045031410000,-1.95,7.63,-3.21
747515,8,Walking,110045071388000,0.15,14.06,-2.79
747516,8,Walking,110045111580000,5.75,11.18,0.91
747517,8,Walking,110045151497000,2.26,6.51,0.99
747518,8,Walking,110045191505000,-2.07,7.63,0.15
747519,8,Walking,110045271644000,0.15,9.77,-1.61
747520,8,Walking,110045311561000,2.98,10.53,0.69
747521,8,Walking,110045351539000,2.14,11.45,0.3
747522,8,Walking,110045391578000,3.87,11.8,-1.18
747523,8,Walking,110045471565000,2.96,14.02,3.72
747524,8,Walking,110045511635000,-1.57,15.55,-2.87
747525,8,Walking,110045552192000,-3.17,12.53,-7.74
747526,8,Walking,110045603950000,-3.6,10.08,0.95
747527,8,Walking,110045677620000,2.3,6.36,-4.4
747528,8,Walking,110045721534000,-0.08,4.06,-2.49
747529,8,Walking,110045761482000,-2.34,2.76,-2.83
747530,8,Walking,110045811531000,-3.87,1.23,-1.31
747531,8,Walking,110045854561000,-3.79,4.48,6.7
747532,8,Walking,110045901558000,1.84,19.95,14.75
747533,8,Walking,110045941536000,2.72,7.78,2.6
747534,8,Walking,110046023567000,-2.45,10.15,-4.21
747535,8,Walking,110046061592000,-4.18,6.21,-3.26
747536,8,Walking,110046101509000,-3.53,6.44,-3.21
747537,8,Walking,110046141456000,-2.87,8.43,-3.91
747538,8,Walking,110046191536000,2.87,13.48,-1.18
747539,8,Walking,110046232612000,5.94,9.85,0.95
747540,8,Walking,110046279579000,-0.65,7.08,0.3
747541,8,Walking,110046332618000,-2.26,8.31,-0.53
747542,8,Walking,110046421669000,1.99,10.99,0.34
747543,8,Walking,110046461555000,3.02,12.34,-0.69
747544,8,Walking,110046501472000,6.17,12.64,-0.72
747545,8,Walking,110046541725000,4.94,13.91,2.14
747546,8,Walking,110046621528000,-3.06,14.21,-7.31
747547,8,Walking,110046661445000,-4.79,11.41,-5.33
747548,8,Walking,110046701332000,-2.98,11.03,2.41
747549,8,Walking,110046741371000,1.95,5.01,-4.06
747550,8,Walking,110046821479000,0.11,3.21,-2.79
747551,8,Walking,110046861335000,-2.37,1.61,-3.45
747552,8,Walking,110046902809000,-3.91,0.42,-1.76
747553,8,Walking,110046981422000,-1.8,18.89,17.67
747554,8,Walking,110046981422000,-1.8,18.89,17.67
747555,8,Walking,110047072395000,-3.64,7.08,2.37
747556,8,Walking,110047111458000,-0.65,7.89,-4.71
747557,8,Walking,110047151588000,-3.45,4.82,-3.49
747558,8,Walking,110047191597000,-5.94,7.59,-1.12
747559,8,Walking,110047271522000,0.27,13.67,-4.56
747560,8,Walking,110047311622000,6.82,12.41,0.19
747561,8,Walking,110047352577000,4.1,5.41,0.91
747562,8,Walking,110047431526000,-1.23,9.85,-0.46
747563,8,Walking,110047471595000,0.15,9.47,-0.72
747564,8,Walking,110047511512000,2.3,11.07,0.15
747565,8,Walking,110047551552000,2.45,11.96,0.3
747566,8,Walking,110047591591000,5.48,13.67,0.3
747567,8,Walking,110047671699000,0.72,13.25,3.34
747568,8,Walking,110047711677000,-0.84,14.86,-5.24
747569,8,Walking,110047751503000,-1.88,13.1,-6.93
747570,8,Walking,110047791542000,-1.57,9.81,-0.19
747571,8,Walking,110047871650000,1.18,6.17,-4.6
747572,8,Walking,110047911506000,0.65,4.4,-2.53
747573,8,Walking,110047953163000,-1.61,3.11,-3.34
747574,8,Walking,110047992103000,-4.21,1.46,2.83
747575,8,Walking,110048071479000,-0.5,15.36,16.59
747576,8,Walking,110048113655000,6.36,14.48,5.37
747577,8,Walking,110048151497000,0.15,0.93,3.6
747578,8,Walking,110048191444000,-1.8,15.51,-2.34
747579,8,Walking,110048271644000,-5.01,11.45,-3.49
747580,8,Walking,110048311439000,-1.88,5.13,-2.96
747581,8,Walking,110048351539000,-2.07,7.5,-3.6
747582,8,Walking,110048391548000,1.04,8.77,1.65
747583,8,Walking,110048471412000,0.3,7.7,1.76
747584,8,Walking,110048511665000,-1.5,8.47,0.19
747585,8,Walking,110048553291000,0.0,9.28,-0.89
747586,8,Walking,110048591530000,2.07,10.31,0.61
747587,8,Walking,110048672187000,3.98,11.99,-0.04
747588,8,Walking,110048711555000,5.82,13.18,-0.65
747589,8,Walking,110048751655000,3.3,13.76,1.84
747590,8,Walking,110048791694000,-2.22,14.67,-8.12
747591,8,Walking,110048871650000,-3.11,11.69,-2.91
747592,8,Walking,110048911537000,0.46,12.76,2.22
747593,8,Walking,110048951545000,2.6,8.05,-5.01
747594,8,Walking,110048991523000,1.95,3.17,-2.79
747595,8,Walking,110049071510000,-2.15,1.99,-3.17
747596,8,Walking,110049114052000,-3.57,1.31,-1.38
747597,8,Walking,110049151527000,-4.48,3.3,4.56
747598,8,Walking,110049231666000,6.13,10.34,4.18
747599,8,Walking,110049271553000,0.53,-2.41,2.14
747600,8,Walking,110049311500000,-1.27,9.11,-2.76
747601,8,Walking,110049352119000,-5.56,15.17,-3.83
747602,8,Walking,110049431617000,-2.15,5.48,-2.56
747603,8,Walking,110049471412000,-1.84,11.37,-4.48
747604,8,Walking,110049511635000,3.6,11.11,-1.8
747605,8,Walking,110049551490000,3.57,7.35,1.84
747606,8,Walking,110049592750000,-0.84,8.08,-0.57
747607,8,Walking,110049671547000,-0.42,7.89,-1.84
747608,8,Walking,110049711555000,0.53,9.89,-1.38
747609,8,Walking,110049751533000,0.27,13.48,0.95
747610,8,Walking,110049791664000,2.96,14.29,0.34
747611,8,Walking,110049871498000,1.38,12.87,3.41
747612,8,Walking,110049911628000,-1.95,13.99,-3.41
747613,8,Walking,110049951515000,-3.02,14.67,-8.73
747614,8,Walking,110049993354000,-2.96,10.95,-2.41
747615,8,Walking,110050071479000,2.83,6.02,-3.6
747616,8,Walking,110050111549000,1.18,3.87,-2.37
747617,8,Walking,110050151527000,-0.93,3.26,-2.72
747618,8,Walking,110050231575000,-3.38,1.99,0.27
747619,8,Walking,110050271644000,-3.79,8.85,10.5
747620,8,Walking,110050311531000,-0.57,19.99,14.18
747621,8,Walking,110050351539000,2.18,7.27,3.6
747622,8,Walking,110050391609000,-2.91,10.31,-3.57
747623,8,Walking,110050471443000,-4.86,10.27,-3.68
747624,8,Walking,110050631324000,5.13,10.38,2.49
747625,8,Walking,110050631324000,5.13,10.38,2.49
747626,8,Walking,110050631324000,5.13,10.38,2.49
