,user,label,timestamp,x,y,z
750627,8,Walking,110200651527000,4.56,13.59,0.19
750628,8,Walking,110200691688000,1.61,6.24,-1.33
750629,8,Walking,110200771492000,-0.31,6.89,-1.23
750630,8,Walking,110200811714000,-0.15,8.96,-0.42
750631,8,Walking,110200851509000,2.68,11.14,-0.76
750632,8,Walking,110200891609000,4.06,12.03,-0.19
750633,8,Walking,110200971504000,3.83,12.22,-2.6
750634,8,Walking,110201011604000,6.59,12.95,-0.23
750635,8,Walking,110201051735000,0.19,13.29,5.37
750636,8,Walking,110201131477000,-3.45,13.06,-7.4
750637,8,Walking,110201171486000,-5.37,12.03,1.04
750638,8,Walking,110201211708000,0.91,11.5,-1.27
750639,8,Walking,110201251503000,2.83,7.01,-3.68
750640,8,Walking,110201291664000,1.61,2.72,-1.8
750641,8,Walking,110201331459000,-0.46,1.46,-2.68
750642,8,Walking,110201421516000,-2.76,2.26,-0.11
750643,8,Walking,110201461708000,-0.31,11.35,13.14
750644,8,Walking,110201501625000,0.84,18.89,10.76
750645,8,Walking,110201581550000,-4.99,4.79,-1.18
750646,8,Walking,110201621498000,-4.1,11.56,-2.03
750647,8,Walking,110201661506000,-2.07,6.78,-4.99
750648,8,Walking,110201701484000,-0.99,6.74,-4.44
750649,8,Walking,110201741554000,-1.04,14.52,-0.5
750650,8,Walking,110201821632000,3.6,9.28,0.76
750651,8,Walking,110201861519000,-1.18,7.21,-0.27
750652,8,Walking,110201901527000,-2.41,6.89,-0.42
750653,8,Walking,110201941658000,-0.84,8.31,-0.34
750654,8,Walking,110202022255000,4.86,10.61,0.69
750655,8,Walking,110202064796000,2.53,12.07,0.46
750656,8,Walking,110202101997000,2.91,12.45,-1.95
750657,8,Walking,110202141548000,3.41,12.41,4.71
750658,8,Walking,110202221504000,-2.11,14.71,-3.72
750659,8,Walking,110202261543000,-1.8,13.87,-7.59
750660,8,Walking,110202301521000,-1.8,12.45,1.12
750661,8,Walking,110202341469000,0.65,6.97,-3.38
750662,8,Walking,110202421669000,2.64,5.18,-2.34
750663,8,Walking,110202461525000,-0.31,3.87,-3.06
750664,8,Walking,110202501533000,-2.87,2.34,-3.49
750665,8,Walking,110202541572000,-3.76,4.06,7.16
750666,8,Walking,110202621528000,1.14,18.5,17.12
750667,8,Walking,110202661506000,6.93,11.14,3.26
750668,8,Walking,110202701484000,-0.72,1.84,-0.31
750669,8,Walking,110202741554000,-3.02,8.77,-4.52
750670,8,Walking,110202821541000,-2.22,2.96,-2.3
750671,8,Walking,110202862190000,-3.79,8.08,-2.91
750672,8,Walking,110202902137000,-2.91,12.6,-4.02
750673,8,Walking,110202941597000,3.76,11.73,-1.46
750674,8,Walking,110203021705000,-0.89,7.01,1.23
750675,8,Walking,110203061561000,-2.49,8.69,-0.08
750676,8,Walking,110203103798000,-0.72,9.89,-2.07
750677,8,Walking,110203141609000,1.92,12.3,0.76
750678,8,Walking,110203221504000,2.49,11.69,-1.69
750679,8,Walking,110203261512000,2.96,13.8,0.19
750680,8,Walking,110203301643000,-0.61,13.1,4.33
750681,8,Walking,110203341652000,-1.84,13.8,-5.28
750682,8,Walking,110203400734000,-5.52,14.82,-2.53
750683,8,Walking,110203441932000,-3.41,12.18,-4.71
750684,8,Walking,110203521644000,2.34,4.33,-2.41
750685,8,Walking,110203561531000,1.27,2.34,-2.34
750686,8,Walking,110203601509000,-1.46,1.04,-3.45
750687,8,Walking,110203641609000,-1.73,4.75,5.79
750688,8,Walking,110203721504000,-3.02,18.62,16.78
750689,8,Walking,110203761512000,2.87,12.79,2.18
750690,8,Walking,110203801521000,-1.88,1.46,2.79
750691,8,Walking,110203841530000,-4.29,13.72,-3.49
750692,8,Walking,110203921516000,-6.44,4.6,-2.45
750693,8,Walking,110203961525000,-4.37,6.05,-3.6
750694,8,Walking,110204001594000,-2.72,11.56,-4.82
750695,8,Walking,110204041542000,4.48,8.28,0.72
750696,8,Walking,110204121528000,-0.76,6.89,0.42
750697,8,Walking,110204161628000,-2.68,7.86,0.27
750698,8,Walking,110204201515000,-1.84,8.77,-0.65
750699,8,Walking,110204241676000,0.53,10.42,-0.72
750700,8,Walking,110204321510000,1.8,12.18,0.19
750701,8,Walking,110204361549000,4.21,13.33,-0.95
750702,8,Walking,110204402015000,3.83,14.63,1.76
750703,8,Walking,110204482338000,-1.54,14.06,-6.89
750704,8,Walking,110204521644000,-4.02,13.99,-4.82
750705,8,Walking,110204561622000,-4.63,13.06,2.53
750706,8,Walking,110204601631000,1.88,8.58,-4.37
750707,8,Walking,110204681526000,0.65,2.6,-2.07
750708,8,Walking,110204721656000,-0.89,2.18,-2.3
750709,8,Walking,110204841407000,-2.49,13.72,15.4
750710,8,Walking,110204841407000,-2.49,13.72,15.4
750711,8,Walking,110204841407000,-2.49,16.97,7.59
750712,8,Walking,110204921516000,1.23,0.27,3.91
750713,8,Walking,110204961525000,-2.41,3.11,-2.79
750714,8,Walking,110205001747000,-2.79,17.2,0.46
750715,8,Walking,110205041542000,-4.02,4.18,-2.79
750716,8,Walking,110205121498000,-3.21,8.01,-4.37
750717,8,Walking,110205161628000,-0.76,12.57,-4.79
750718,8,Walking,110205201698000,6.36,11.69,1.92
750719,8,Walking,110205241554000,1.88,6.17,-0.31
750720,8,Walking,110205321510000,-2.68,8.16,-0.19
750721,8,Walking,110205361580000,0.23,11.56,-1.04
750722,8,Walking,110205403480000,3.45,10.76,0.23
750723,8,Walking,110205445320000,1.38,11.22,-0.89
750724,8,Walking,110205521553000,4.59,13.18,-0.11
750725,8,Walking,110205561500000,-0.8,13.06,4.25
750726,8,Walking,110205601600000,-2.3,13.48,-4.29
750727,8,Walking,110205641548000,-3.15,13.8,2.18
750728,8,Walking,110205721626000,-0.04,11.6,-1.95
750729,8,Walking,110205761451000,2.22,6.82,-4.25
750730,8,Walking,110205801704000,1.27,3.45,-1.69
750731,8,Walking,110205841530000,-0.61,2.45,-3.3
750732,8,Walking,110205921791000,-2.07,2.56,-0.76
750733,8,Walking,110205961647000,-2.15,6.82,9.92
750734,8,Walking,110206001533000,-2.3,19.65,14.67
750735,8,Walking,110206041542000,3.98,10.92,3.45
750736,8,Walking,110206122139000,-1.27,11.99,-1.08
750737,8,Walking,110206161506000,-7.25,10.27,-3.15
750738,8,Walking,110206201484000,-5.22,2.91,-2.49
750739,8,Walking,110206281624000,-2.03,14.41,-6.63
750740,8,Walking,110206321663000,6.13,15.64,0.69
750741,8,Walking,110206361641000,5.2,6.89,1.12
750742,8,Walking,110206401527000,-0.31,5.86,-0.69
750743,8,Walking,110206484138000,-2.6,8.58,-0.42
750744,8,Walking,110206521553000,0.76,11.03,-0.72
750745,8,Walking,110206561500000,2.41,11.45,-0.27
750746,8,Walking,110206601478000,1.65,12.64,-2.3
750747,8,Walking,110206641517000,3.72,14.06,1.95
750748,8,Walking,110206721504000,-2.83,12.98,2.98
750749,8,Walking,110206761543000,-2.34,13.18,-4.44
750750,8,Walking,110206801521000,-2.64,11.75,-6.78
750751,8,Walking,110206841652000,-3.49,12.83,-2.41
750752,8,Walking,110206921547000,2.72,6.47,-3.41
750753,8,Walking,110206961647000,1.99,4.1,-2.15
750754,8,Walking,110207001503000,-0.69,2.53,-3.26
750755,8,Walking,110207042305000,-3.87,0.46,2.14
750756,8,Walking,110207121620000,-1.57,11.45,13.99
750757,8,Walking,110207161659000,2.6,18.39,8.54
750758,8,Walking,110207201484000,2.14,1.08,3.83
750759,8,Walking,110207241523000,0.95,15.89,-0.61
750760,8,Walking,110207321632000,-8.08,7.27,-1.27
750761,8,Walking,110207361488000,-5.22,1.84,-0.95
750762,8,Walking,110207401497000,-4.02,5.9,-3.53
750763,8,Walking,110207441780000,-3.17,16.04,-1.65
750764,8,Walking,110207524269000,5.48,6.82,0.53
750765,8,Walking,110207561561000,0.19,4.9,1.65
750766,8,Walking,110207601509000,-1.31,8.05,-0.69
750767,8,Walking,110207641578000,-0.84,10.76,-0.31
750768,8,Walking,110207721534000,2.6,11.75,-0.72
750769,8,Walking,110207761512000,2.14,12.45,-2.79
750770,8,Walking,110207801490000,2.34,14.6,-1.31
750771,8,Walking,110207841530000,-1.73,12.83,-0.15
750772,8,Walking,110207930702000,-1.38,11.54,-6.97
750773,8,Walking,110207971473000,-2.34,11.99,-1.69
750774,8,Walking,110208011726000,0.08,12.37,1.57
750775,8,Walking,110208071296000,2.03,6.09,-3.06
750776,8,Walking,110208111671000,1.8,3.72,-1.95
750777,8,Walking,110208151497000,-1.04,1.84,-2.37
750778,8,Walking,110208191597000,-3.6,1.04,-1.38
750779,8,Walking,110208271553000,0.53,13.53,14.86
750780,8,Walking,110208311653000,5.37,16.7,9.0
750781,8,Walking,110208351661000,0.27,3.53,2.11
750782,8,Walking,110208391578000,-3.38,8.77,-2.53
750783,8,Walking,110208471443000,-4.52,6.55,-2.41
750784,8,Walking,110208517189000,-3.41,7.4,-3.53
750785,8,Walking,110208561470000,-0.46,10.23,-4.71
750786,8,Walking,110208601478000,6.13,14.9,-0.46
750787,8,Walking,110208641578000,5.18,7.89,0.61
750788,8,Walking,110208721534000,-2.68,7.46,0.04
750789,8,Walking,110208761512000,-2.03,9.34,-0.31
750790,8,Walking,110208801613000,1.88,10.57,-1.8
750791,8,Walking,110208841560000,2.6,10.5,-1.5
750792,8,Walking,110208921516000,3.64,12.83,-2.18
750793,8,Walking,110208961525000,2.98,14.29,1.65
750794,8,Walking,110209001747000,-0.5,12.87,4.18
750795,8,Walking,110209041572000,-2.3,11.56,-7.12
750796,8,Walking,110209121620000,-3.02,11.88,-0.42
750797,8,Walking,110209161628000,-0.8,12.34,-0.5
750798,8,Walking,110209201515000,0.99,7.4,-3.68
750799,8,Walking,110209241554000,2.22,2.96,-2.6
750800,8,Walking,110209321571000,-2.26,1.31,-2.96
750801,8,Walking,110209361458000,-3.95,0.61,0.23
750802,8,Walking,110209401466000,-2.07,7.06,10.84
750803,8,Walking,110209441566000,5.2,10.61,2.53
750804,8,Walking,110209481514000,5.2,10.61,2.53
750805,8,Walking,110209571541000,-0.95,12.37,-4.52
750806,8,Walking,110209611641000,-5.63,1.95,-0.95
750807,8,Walking,110209651527000,-4.86,4.4,-3.17
750808,8,Walking,110209691688000,-4.21,16.32,-2.96
750809,8,Walking,110209771675000,8.01,10.99,1.27
750810,8,Walking,110209811744000,2.56,5.79,0.04
750811,8,Walking,110209861549000,-2.72,6.97,0.42
750812,8,Walking,110209901588000,-2.41,9.38,-0.76
750813,8,Walking,110209941566000,1.14,11.22,-2.3
750814,8,Walking,110210021675000,0.11,11.88,-0.34
750815,8,Walking,110210061531000,1.08,11.73,-2.6
750816,8,Walking,110210101570000,4.99,13.91,0.42
750817,8,Walking,110210151588000,-1.61,13.1,4.25
750818,8,Walking,110210191536000,-3.3,12.95,-5.94
750819,8,Walking,110210271919000,-2.22,13.48,3.53
750820,8,Walking,110210311622000,1.88,10.57,-3.38
750821,8,Walking,110210351509000,1.12,6.4,-3.38
750822,8,Walking,110210391548000,1.12,2.18,-2.26
750823,8,Walking,110210471504000,-2.15,1.73,-1.92
750824,8,Walking,110210511818000,-2.83,2.83,1.46
750825,8,Walking,110210551521000,-1.38,10.73,12.76
750826,8,Walking,110210591774000,5.41,19.72,3.6
