,user,label,timestamp,x,y,z
753627,8,Walking,110350671516000,-2.53,13.48,-2.34
753628,8,Walking,110350711555000,1.31,11.14,-0.38
753629,8,Walking,110350752021000,4.94,8.31,-2.22
753630,8,Walking,110350791908000,3.26,4.94,-2.3
753631,8,Walking,110350871528000,-1.84,3.83,-2.53
753632,8,Walking,110350911506000,-3.21,2.56,-1.54
753633,8,Walking,110350951515000,-4.02,1.84,0.89
753634,8,Walking,110350991615000,-1.04,19.95,13.57
753635,8,Walking,110351071510000,1.08,5.9,3.11
753636,8,Walking,110351111519000,-4.29,3.6,-1.04
753637,8,Walking,110351151649000,-0.11,14.79,-3.83
753638,8,Walking,110351231544000,0.23,3.3,-1.76
753639,8,Walking,110351272224000,-1.92,10.31,-2.72
753640,8,Walking,110351311531000,-1.23,15.4,-3.02
753641,8,Walking,110351351478000,3.34,10.12,-0.99
753642,8,Walking,110351431465000,1.92,7.44,0.11
753643,8,Walking,110351471504000,-0.15,8.77,-0.31
753644,8,Walking,110351513954000,0.57,7.86,-1.12
753645,8,Walking,110351551429000,2.72,8.54,-0.34
753646,8,Walking,110351591682000,2.64,9.58,0.04
753647,8,Walking,110351671882000,6.4,12.07,-1.27
753648,8,Walking,110351711464000,6.59,12.98,-0.8
753649,8,Walking,110351751777000,1.08,13.33,1.73
753650,8,Walking,110351791633000,-2.11,14.21,-1.14
753651,8,Walking,110351871589000,-4.99,10.88,-1.04
753652,8,Walking,110351911567000,2.37,11.3,-0.72
753653,8,Walking,110351951515000,7.44,7.93,-2.83
753654,8,Walking,110351991462000,-2.72,3.11,-2.37
753655,8,Walking,110352071632000,-2.6,2.41,-1.12
753656,8,Walking,110352191261000,-1.84,17.08,13.53
753657,8,Walking,110352191261000,-1.84,17.08,13.53
753658,8,Walking,110352231514000,3.57,15.32,5.79
753659,8,Walking,110352271675000,-3.99,4.33,2.53
753660,8,Walking,110352312019000,-5.75,12.79,-1.65
753661,8,Walking,110352351448000,0.15,7.08,-5.9
753662,8,Walking,110352391517000,-1.57,7.5,-4.48
753663,8,Walking,110352471473000,-0.69,16.17,-6.21
753664,8,Walking,110352513649000,6.82,13.57,1.12
753665,8,Walking,110352551582000,3.83,7.5,0.57
753666,8,Walking,110352591560000,-0.72,7.67,-0.23
753667,8,Walking,110352671669000,-0.38,8.2,-0.46
753668,8,Walking,110352671669000,-0.38,8.2,-0.46
753669,8,Walking,110352773079000,2.87,9.66,0.76
753670,8,Walking,110352811378000,2.22,10.61,-0.42
753671,8,Walking,110352851295000,6.85,11.69,-1.84
753672,8,Walking,110352891456000,4.25,13.8,0.99
753673,8,Walking,110352971473000,-2.45,13.67,-3.17
753674,8,Walking,110353011451000,-4.18,13.1,-3.76
753675,8,Walking,110353051490000,-1.31,11.56,-0.5
753676,8,Walking,110353091530000,5.13,7.59,-2.3
753677,8,Walking,110353171638000,1.46,5.67,-2.07
753678,8,Walking,110353212623000,-0.8,4.52,-2.98
753679,8,Walking,110353251625000,-2.72,3.64,-2.56
753680,8,Walking,110353291542000,-3.72,2.68,3.36
753681,8,Walking,110353371467000,-2.26,14.98,15.17
753682,8,Walking,110353411537000,5.05,16.89,5.52
753683,8,Walking,110353451515000,-1.84,1.5,3.26
753684,8,Walking,110353491584000,-1.38,2.11,-1.08
753685,8,Walking,110353571479000,-3.99,7.93,-3.76
753686,8,Walking,110353611549000,-3.68,1.92,-1.27
753687,8,Walking,110353651619000,-2.15,7.4,-4.67
753688,8,Walking,110353691536000,1.53,12.76,0.11
753689,8,Walking,110353771492000,2.96,7.78,1.99
753690,8,Walking,110353811409000,-0.57,7.67,0.08
753691,8,Walking,110353851631000,-1.14,7.55,-1.5
753692,8,Walking,110353891548000,0.19,10.38,0.57
753693,8,Walking,110353971504000,3.87,9.92,1.46
753694,8,Walking,110354011421000,3.57,10.15,-0.72
753695,8,Walking,110354051490000,5.01,10.61,-2.56
753696,8,Walking,110354091804000,4.14,13.57,5.05
753697,8,Walking,110354171638000,-1.5,13.76,-1.08
753698,8,Walking,110354212776000,-1.69,13.76,-5.48
753699,8,Walking,110354251625000,-1.8,13.72,-0.8
753700,8,Walking,110354291572000,3.64,8.92,-2.15
753701,8,Walking,110354371467000,2.3,5.63,-2.72
753702,8,Walking,110354411628000,0.0,3.17,-2.87
753703,8,Walking,110354451484000,-2.18,2.18,-2.83
753704,8,Walking,110354491584000,-3.17,2.64,2.68
753705,8,Walking,110354571449000,-1.54,15.4,15.75
753706,8,Walking,110354611488000,7.12,15.75,6.63
753707,8,Walking,110354651497000,-2.41,1.76,4.48
753708,8,Walking,110354691536000,-2.98,16.36,-1.76
753709,8,Walking,110354771522000,-2.56,8.08,-4.1
753710,8,Walking,110354817848000,-3.95,5.33,-2.15
753711,8,Walking,110354853370000,-2.26,8.54,-3.99
753712,8,Walking,110354891670000,1.57,12.95,-3.95
753713,8,Walking,110354971473000,4.71,6.85,1.18
753714,8,Walking,110355011451000,0.11,7.7,0.34
753715,8,Walking,110355051521000,-0.42,7.86,-1.12
753716,8,Walking,110355092079000,0.3,10.42,0.0
753717,8,Walking,110355171638000,3.17,10.42,1.88
753718,8,Walking,110355211494000,2.45,10.38,0.42
753719,8,Walking,110355251533000,6.05,10.23,-2.83
753720,8,Walking,110355291664000,6.17,13.95,3.6
753721,8,Walking,110355371589000,-0.42,14.37,-0.65
753722,8,Walking,110355411506000,-1.31,14.25,-4.94
753723,8,Walking,110355451637000,-3.6,10.84,-1.8
753724,8,Walking,110355531593000,5.48,9.08,-2.26
753725,8,Walking,110355571602000,2.98,6.55,-1.92
753726,8,Walking,110355611488000,0.46,4.71,-2.41
753727,8,Walking,110355651527000,-2.18,3.45,-2.64
753728,8,Walking,110355691536000,-3.49,2.6,2.26
753729,8,Walking,110355771644000,-0.38,12.41,13.78
753730,8,Walking,110355811470000,5.43,17.82,7.97
753731,8,Walking,110355851448000,-0.95,3.17,2.3
753732,8,Walking,110355891517000,-4.18,11.11,-4.82
753733,8,Walking,110355971473000,-1.57,7.55,-4.56
753734,8,Walking,110356011421000,-3.3,7.44,-2.56
753735,8,Walking,110356051613000,-0.34,10.46,-4.48
753736,8,Walking,110356091469000,4.44,9.62,1.14
753737,8,Walking,110356171516000,-0.84,7.93,-0.72
753738,8,Walking,110356211464000,-0.76,7.46,-0.19
753739,8,Walking,110356251625000,1.04,8.16,-1.27
753740,8,Walking,110356291633000,1.76,9.47,-1.23
753741,8,Walking,110356371406000,2.68,9.34,0.23
753742,8,Walking,110356411537000,0.65,10.88,1.88
753743,8,Walking,110356451606000,1.5,11.5,-0.57
753744,8,Walking,110356491554000,5.52,11.8,0.76
753745,8,Walking,110356571602000,1.38,12.07,3.76
753746,8,Walking,110356611610000,-0.72,13.72,-3.06
753747,8,Walking,110356651436000,-2.96,12.26,-5.33
753748,8,Walking,110356691627000,-2.56,11.5,0.76
753749,8,Walking,110356772163000,5.43,8.16,-2.03
753750,8,Walking,110356811531000,2.68,5.48,-1.65
753751,8,Walking,110356851570000,0.27,3.57,-2.76
753752,8,Walking,110356891578000,-1.69,3.64,0.27
753753,8,Walking,110356971626000,-3.34,4.56,3.91
753754,8,Walking,110357011451000,-2.98,14.6,11.99
753755,8,Walking,110357051490000,4.06,17.77,6.66
753756,8,Walking,110357091591000,-1.99,4.9,0.5
753757,8,Walking,110357171516000,1.95,13.29,-4.1
753758,8,Walking,110357211616000,-2.22,5.48,-2.76
753759,8,Walking,110357251899000,-3.15,5.28,-2.03
753760,8,Walking,110357291664000,-2.76,10.95,-3.87
753761,8,Walking,110357371467000,7.01,9.58,0.46
753762,8,Walking,110357411476000,1.42,7.74,0.27
753763,8,Walking,110357451637000,-1.88,8.12,-0.42
753764,8,Walking,110357491707000,0.69,8.39,-1.18
753765,8,Walking,110357571479000,3.57,9.81,-0.61
753766,8,Walking,110357611702000,4.75,9.58,0.76
753767,8,Walking,110357651466000,3.15,10.84,0.69
753768,8,Walking,110357691414000,6.66,12.26,-0.65
753769,8,Walking,110357771431000,-0.11,13.99,2.45
753770,8,Walking,110357811561000,-1.54,13.76,-1.5
753771,8,Walking,110357851448000,-2.15,13.18,-4.52
753772,8,Walking,110357892036000,-3.76,10.73,-0.89
753773,8,Walking,110357971504000,5.41,8.05,-1.8
753774,8,Walking,110358011482000,2.68,6.02,-1.46
753775,8,Walking,110358058693000,0.27,3.64,-2.37
753776,8,Walking,110358094703000,-1.04,2.76,-2.34
753777,8,Walking,110358171547000,-3.06,3.99,2.22
753778,8,Walking,110358211464000,-3.02,12.91,13.02
753779,8,Walking,110358251503000,1.46,19.11,6.93
753780,8,Walking,110358291542000,0.3,4.02,0.0
753781,8,Walking,110358371437000,-0.34,14.98,-2.49
753782,8,Walking,110358411506000,-1.57,6.09,-5.52
753783,8,Walking,110358451637000,-1.99,4.67,-2.68
753784,8,Walking,110358491707000,-1.92,14.71,-4.1
753785,8,Walking,110358571479000,7.04,10.53,1.65
753786,8,Walking,110358611641000,3.15,7.67,1.92
753787,8,Walking,110358651436000,-0.11,7.86,-0.5
753788,8,Walking,110358691536000,-0.46,7.59,-1.18
753789,8,Walking,110358772499000,3.53,10.46,-0.11
753790,8,Walking,110358811561000,3.87,10.27,1.31
753791,8,Walking,110358851417000,2.37,10.65,0.69
753792,8,Walking,110358891426000,5.67,11.18,-1.99
753793,8,Walking,110358891426000,5.67,11.18,-1.99
753794,8,Walking,110359001533000,-0.95,14.98,0.65
753795,8,Walking,110359042091000,-4.79,11.26,-1.8
753796,8,Walking,110359121437000,0.69,11.75,0.53
753797,8,Walking,110359241371000,0.23,4.25,-2.03
753798,8,Walking,110359241371000,0.23,4.25,-2.03
753799,8,Walking,110359241371000,0.23,2.96,-2.3
753800,8,Walking,110359321632000,-3.21,2.15,-0.99
753801,8,Walking,110359361519000,-2.79,2.83,2.68
753802,8,Walking,110359401619000,-1.88,12.98,13.78
753803,8,Walking,110359481514000,0.91,3.02,4.79
753804,8,Walking,110359521553000,-2.07,5.43,-0.08
753805,8,Walking,110359561500000,0.53,15.94,-1.84
753806,8,Walking,110359601570000,-3.26,5.05,-4.25
753807,8,Walking,110359641487000,-4.02,9.7,-3.38
753808,8,Walking,110359721626000,0.69,15.32,-5.05
753809,8,Walking,110359761787000,8.01,11.11,0.65
753810,8,Walking,110359801521000,4.02,6.59,1.42
753811,8,Walking,110359841530000,-0.69,7.21,-1.33
753812,8,Walking,110359921699000,0.46,7.35,-0.72
753813,8,Walking,110359961647000,3.53,10.88,0.57
753814,8,Walking,110360001716000,3.87,10.57,1.33
753815,8,Walking,110360041542000,3.79,11.5,-2.72
753816,8,Walking,110360121498000,4.18,13.25,0.8
753817,8,Walking,110360161689000,-0.46,14.63,3.57
753818,8,Walking,110360201729000,-1.33,13.95,-3.95
753819,8,Walking,110360241584000,-3.11,13.1,-4.48
753820,8,Walking,110360321663000,5.33,10.42,-1.73
753821,8,Walking,110360361549000,3.64,6.36,-2.56
753822,8,Walking,110360401497000,0.23,3.57,-1.84
753823,8,Walking,110360462776000,-2.15,2.83,-2.68
753824,8,Walking,110360501472000,-3.15,2.37,-0.72
753825,8,Walking,110360542457000,-3.17,14.67,16.04
753826,8,Walking,110360621498000,4.63,16.02,5.41
