,user,label,timestamp,x,y,z
757227,8,Walking,110530651497000,6.63,2.6,-0.8
757228,8,Walking,110530692024000,5.67,3.72,-1.76
757229,8,Walking,110530773750000,9.08,5.37,-0.61
757230,8,Walking,110530817909000,10.61,3.64,-0.19
757231,8,Walking,110530857460000,9.89,5.41,-0.19
757232,8,Walking,110530894630000,10.57,3.53,-2.41
757233,8,Walking,110530971595000,12.72,4.6,3.49
757234,8,Walking,110531011482000,10.8,9.43,0.91
757235,8,Walking,110531051765000,9.62,11.03,-6.66
757236,8,Walking,110531091530000,6.09,11.37,1.61
757237,8,Walking,110531171608000,8.69,1.04,-2.56
757238,8,Walking,110531211494000,5.37,1.27,-2.11
757239,8,Walking,110531251625000,1.73,2.56,-1.84
757240,8,Walking,110531291603000,0.04,4.06,-1.08
757241,8,Walking,110531371498000,3.6,3.11,6.4
757242,8,Walking,110531411506000,18.81,10.57,17.31
757243,8,Walking,110531453804000,8.01,-0.61,3.15
757244,8,Walking,110531491462000,-0.31,9.81,-0.11
757245,8,Walking,110531573799000,5.6,8.47,-5.24
757246,8,Walking,110531611641000,3.53,6.82,-3.21
757247,8,Walking,110531651649000,6.59,7.97,-3.26
757248,8,Walking,110531731727000,10.5,2.56,-1.04
757249,8,Walking,110531771644000,7.01,0.72,0.65
757250,8,Walking,110531811531000,5.86,2.98,-0.5
757251,8,Walking,110531851661000,7.25,4.14,-1.61
757252,8,Walking,110531891578000,9.89,4.18,1.08
757253,8,Walking,110531971504000,10.23,3.83,0.11
757254,8,Walking,110532011451000,11.26,2.72,-1.8
757255,8,Walking,110532051674000,14.86,-0.15,-2.18
757256,8,Walking,110532091530000,13.02,3.57,-0.04
757257,8,Walking,110532171638000,10.69,13.72,-6.28
757258,8,Walking,110532211494000,3.17,13.44,1.38
757259,8,Walking,110532251655000,6.36,7.5,-3.45
757260,8,Walking,110532291542000,9.19,-0.72,-2.07
757261,8,Walking,110532371498000,2.96,3.49,-2.49
757262,8,Walking,110532411537000,-0.38,5.41,-3.38
757263,8,Walking,110532451667000,-2.22,4.1,-0.99
757264,8,Walking,110532491554000,18.58,6.63,16.44
757265,8,Walking,110532573799000,10.8,5.24,4.86
757266,8,Walking,110532611458000,1.84,6.28,-0.61
757267,8,Walking,110532655250000,7.44,5.83,-3.87
757268,8,Walking,110532731544000,3.91,6.24,-3.26
757269,8,Walking,110532771522000,4.63,7.25,-3.15
757270,8,Walking,110532811653000,9.34,7.25,-3.21
757271,8,Walking,110532851631000,13.59,0.89,0.19
757272,8,Walking,110532891548000,8.43,4.4,-0.61
757273,8,Walking,110532971504000,6.36,5.24,-0.69
757274,8,Walking,110533011482000,8.35,4.48,-1.12
757275,8,Walking,110533051643000,10.5,2.37,-0.15
757276,8,Walking,110533091530000,10.8,4.02,-2.11
757277,8,Walking,110533171669000,14.82,0.99,-1.08
757278,8,Walking,110533213020000,11.37,4.48,2.68
757279,8,Walking,110533251625000,11.11,9.66,0.0
757280,8,Walking,110533292061000,10.42,11.45,-4.94
757281,8,Walking,110533371498000,9.66,4.82,-2.76
757282,8,Walking,110533411628000,8.96,-0.04,-3.26
757283,8,Walking,110533451576000,5.56,1.69,-2.56
757284,8,Walking,110533491676000,2.45,3.49,-2.98
757285,8,Walking,110533573616000,-1.18,3.45,-0.89
757286,8,Walking,110533611519000,2.53,3.34,4.63
757287,8,Walking,110533651680000,17.16,10.5,18.35
757288,8,Walking,110533691566000,13.72,4.94,-1.31
757289,8,Walking,110533771583000,6.4,5.24,-5.33
757290,8,Walking,110533811561000,3.72,5.18,-1.95
757291,8,Walking,110533851631000,3.3,6.4,-3.72
757292,8,Walking,110533931648000,9.96,8.24,-3.6
757293,8,Walking,110533971504000,12.15,1.76,-1.92
757294,8,Walking,110534011512000,9.19,-1.88,0.11
757295,8,Walking,110534051643000,6.17,2.96,-0.23
757296,8,Walking,110534091530000,6.82,5.13,-1.54
757297,8,Walking,110534171486000,10.84,3.21,0.8
757298,8,Walking,110534211616000,10.46,3.53,0.23
757299,8,Walking,110534251655000,11.26,2.91,-2.3
757300,8,Walking,110534291572000,13.87,4.02,3.79
757301,8,Walking,110534371620000,10.31,9.3,0.61
757302,8,Walking,110534411537000,11.33,11.92,-6.51
757303,8,Walking,110534451606000,9.11,13.53,1.42
757304,8,Walking,110534491584000,10.23,6.09,-3.06
757305,8,Walking,110534574592000,4.99,0.99,-2.45
757306,8,Walking,110534611793000,2.64,1.99,-2.49
757307,8,Walking,110534651649000,0.42,4.4,-3.02
757308,8,Walking,110534702156000,-0.8,3.79,-0.89
757309,8,Walking,110534744636000,2.87,3.68,8.43
757310,8,Walking,110534821968000,10.69,1.18,4.59
757311,8,Walking,110534861549000,-1.08,4.1,2.11
757312,8,Walking,110534901497000,6.17,9.81,-3.95
757313,8,Walking,110534941505000,7.86,5.28,-3.53
757314,8,Walking,110535021644000,5.18,6.21,-3.02
757315,8,Walking,110535061500000,8.54,6.51,-3.26
757316,8,Walking,110535101539000,12.41,2.76,-1.42
757317,8,Walking,110535141487000,8.92,3.68,-0.42
757318,8,Walking,110535221748000,6.43,4.75,0.69
757319,8,Walking,110535341316000,10.5,3.72,0.69
757320,8,Walking,110535341316000,10.5,3.72,0.69
757321,8,Walking,110535341316000,10.5,2.6,-2.96
757322,8,Walking,110535421516000,14.02,1.08,-1.57
757323,8,Walking,110535461525000,11.95,5.67,3.98
757324,8,Walking,110535501625000,10.72,8.92,0.46
757325,8,Walking,110535541481000,10.8,13.44,1.33
757326,8,Walking,110535621589000,9.85,6.09,-2.98
757327,8,Walking,110535661659000,8.85,0.84,-3.11
757328,8,Walking,110535701576000,5.79,1.14,-2.49
757329,8,Walking,110535741676000,2.6,3.45,-2.64
757330,8,Walking,110535821663000,-1.04,3.53,-1.57
757331,8,Walking,110535861671000,1.14,2.6,3.34
757332,8,Walking,110535901405000,16.13,9.15,17.73
757333,8,Walking,110535941322000,12.87,2.34,1.76
757334,8,Walking,110536021644000,3.21,7.55,-3.21
757335,8,Walking,110536061653000,9.43,8.89,-0.5
757336,8,Walking,110536101509000,6.17,7.25,-4.37
757337,8,Walking,110536141670000,5.28,5.63,-3.17
757338,8,Walking,110536183204000,6.78,6.17,-4.06
757339,8,Walking,110536271492000,9.47,0.65,1.14
757340,8,Walking,110536311470000,5.05,3.83,-0.31
757341,8,Walking,110536351570000,5.37,4.82,-1.27
757342,8,Walking,110536391548000,8.31,3.17,-0.27
757343,8,Walking,110536471473000,11.11,1.95,1.14
757344,8,Walking,110536511512000,11.99,2.22,-2.11
757345,8,Walking,110536551643000,14.33,1.04,-0.72
757346,8,Walking,110536591469000,11.37,7.93,-0.89
757347,8,Walking,110536671547000,12.07,9.85,-7.44
757348,8,Walking,110536723701000,10.0,11.73,2.87
757349,8,Walking,110536761482000,10.0,4.52,-2.98
757350,8,Walking,110536801552000,7.5,0.95,-3.49
757351,8,Walking,110536881508000,1.69,2.07,-2.68
757352,8,Walking,110536921638000,0.19,4.02,-3.41
757353,8,Walking,110536961586000,-0.72,4.82,-0.38
757354,8,Walking,110537001960000,3.21,5.52,9.72
757355,8,Walking,110537041481000,18.35,12.34,3.34
757356,8,Walking,110537121498000,-3.34,1.61,0.5
757357,8,Walking,110537161506000,5.37,11.22,-2.41
757358,8,Walking,110537201545000,12.6,11.96,-3.02
757359,8,Walking,110537241798000,4.82,5.9,-3.21
757360,8,Walking,110537321541000,7.44,7.4,-3.76
757361,8,Walking,110537361641000,11.75,4.1,-2.03
757362,8,Walking,110537401497000,10.0,-0.5,1.33
757363,8,Walking,110537441475000,6.66,2.91,-0.5
757364,8,Walking,110537521553000,7.31,4.44,-0.31
757365,8,Walking,110537561500000,10.19,2.98,-0.08
757366,8,Walking,110537601570000,11.18,2.68,0.95
757367,8,Walking,110537641517000,12.26,0.38,-0.31
757368,8,Walking,110537721565000,11.95,6.47,3.36
757369,8,Walking,110537761787000,11.22,9.77,-2.11
757370,8,Walking,110537801674000,11.41,12.79,-5.22
757371,8,Walking,110537841621000,8.05,5.56,-3.17
757372,8,Walking,110537921516000,8.35,0.23,-3.06
757373,8,Walking,110537961891000,4.48,1.18,-2.49
757374,8,Walking,110538001625000,1.99,2.15,-2.45
757375,8,Walking,110538041542000,-0.27,3.64,-1.38
757376,8,Walking,110538121620000,2.37,3.15,6.09
757377,8,Walking,110538161506000,17.31,11.3,17.92
757378,8,Walking,110538201545000,13.02,2.56,5.09
757379,8,Walking,110538241523000,-0.93,8.05,-3.26
757380,8,Walking,110538321571000,11.56,9.66,0.08
757381,8,Walking,110538361519000,2.64,6.97,-3.79
757382,8,Walking,110538401497000,2.91,7.4,-3.34
757383,8,Walking,110538441505000,5.9,6.24,-5.94
757384,8,Walking,110538521644000,13.48,-1.27,-0.65
757385,8,Walking,110538561592000,6.05,0.65,1.69
757386,8,Walking,110538601539000,5.79,5.09,0.69
757387,8,Walking,110538641517000,6.7,4.1,-1.23
757388,8,Walking,110538723030000,12.34,1.12,0.72
757389,8,Walking,110538769722000,12.76,0.65,-1.84
757390,8,Walking,110538812233000,14.37,2.18,0.08
757391,8,Walking,110538851631000,10.8,6.17,4.25
757392,8,Walking,110538891700000,10.5,8.66,-7.21
757393,8,Walking,110538971626000,9.7,14.29,3.26
757394,8,Walking,110539011482000,9.3,7.46,-3.3
757395,8,Walking,110539051765000,7.63,1.08,-2.98
757396,8,Walking,110539091591000,1.95,1.5,-2.11
757397,8,Walking,110539171608000,-0.15,3.21,-3.15
757398,8,Walking,110539211464000,-1.18,4.4,-1.8
757399,8,Walking,110539251716000,3.02,4.48,7.5
757400,8,Walking,110539291542000,18.31,0.11,5.2
757401,8,Walking,110539371467000,-0.57,2.07,0.89
757402,8,Walking,110539411537000,4.59,9.47,-2.22
757403,8,Walking,110539451667000,11.37,10.04,-1.14
757404,8,Walking,110539531501000,3.68,6.24,-2.87
757405,8,Walking,110539573738000,6.66,6.82,-3.87
757406,8,Walking,110539611458000,12.56,4.63,-3.26
757407,8,Walking,110539652198000,11.37,-1.33,1.38
757408,8,Walking,110539691566000,6.32,5.75,-0.93
757409,8,Walking,110539771522000,6.66,5.63,-0.34
757410,8,Walking,110539811500000,9.81,3.68,-1.08
757411,8,Walking,110539851631000,11.69,1.33,0.99
757412,8,Walking,110539891548000,11.99,1.38,-0.57
757413,8,Walking,110539971504000,12.98,4.25,3.21
757414,8,Walking,110540011512000,10.57,7.82,0.38
757415,8,Walking,110540051643000,12.49,10.46,-6.85
757416,8,Walking,110540091530000,10.04,14.33,-1.92
757417,8,Walking,110540171486000,8.01,1.95,-3.68
757418,8,Walking,110540211555000,5.94,-1.08,-3.02
757419,8,Walking,110540252052000,2.53,1.27,-2.6
757420,8,Walking,110540331459000,-1.76,4.79,-2.6
757421,8,Walking,110540331459000,-1.76,5.37,8.12
757422,8,Walking,110540421486000,18.47,10.88,16.66
757423,8,Walking,110540461555000,12.37,-1.46,4.48
757424,8,Walking,110540501564000,0.27,1.33,1.53
757425,8,Walking,110540541542000,7.04,10.31,-1.5
757426,8,Walking,110540621498000,3.6,6.44,-4.79
