,user,label,timestamp,x,y,z
763735,8,Walking,111150231575000,0.91,4.44,9.3
763736,8,Walking,111150271614000,17.62,14.79,11.84
763737,8,Walking,111150312996000,11.33,9.96,2.3
763738,8,Walking,111150391548000,-4.1,6.85,5.41
763739,8,Walking,111150431587000,10.15,16.13,-6.17
763740,8,Walking,111150471473000,6.47,6.74,0.8
763741,8,Walking,111150511451000,2.22,2.64,-0.89
763742,8,Walking,111150591530000,10.11,9.11,4.56
763743,8,Walking,111150632271000,4.4,5.18,2.96
763744,8,Walking,111150671486000,1.42,5.33,3.45
763745,8,Walking,111150711372000,2.83,7.5,3.17
763746,8,Walking,111150791328000,6.59,4.9,3.06
763747,8,Walking,111150831520000,5.98,4.4,2.45
763748,8,Walking,111150871467000,5.13,5.18,3.68
763749,8,Walking,111150911689000,5.33,7.27,4.14
763750,8,Walking,111150991462000,3.64,6.24,2.18
763751,8,Walking,111151032051000,4.75,8.43,3.11
763752,8,Walking,111151071724000,7.5,8.43,0.99
763753,8,Walking,111151111702000,9.08,10.15,-0.61
763754,8,Walking,111151191505000,1.31,9.81,-5.22
763755,8,Walking,111151231514000,0.69,9.38,-6.44
763756,8,Walking,111151271553000,-0.27,12.3,-8.43
763757,8,Walking,111151312263000,-1.5,17.5,-7.06
763758,8,Walking,111151391517000,2.72,11.35,-1.69
763759,8,Walking,111151432136000,8.39,8.43,-5.56
763760,8,Walking,111151471534000,8.47,5.01,-4.33
763761,8,Walking,111151511573000,8.16,2.83,-0.57
763762,8,Walking,111151591499000,5.75,3.87,-4.48
763763,8,Walking,111151632209000,3.98,7.63,-6.82
763764,8,Walking,111151671547000,2.96,14.41,-4.37
763765,8,Walking,111151711677000,1.92,17.88,-3.68
763766,8,Walking,111151791633000,6.05,12.98,-3.68
763767,8,Walking,111151832191000,7.27,10.15,-3.64
763768,8,Walking,111151871528000,4.06,6.89,-1.27
763769,8,Walking,111151911659000,1.73,5.33,-1.33
763770,8,Walking,111151991493000,-4.44,0.89,6.85
763771,8,Walking,111152032264000,0.95,-1.33,0.5
763772,8,Walking,111152071510000,-2.41,-2.34,-3.79
763773,8,Walking,111152111519000,1.69,9.89,-2.49
763774,8,Walking,111152191444000,13.4,10.73,-1.27
763775,8,Walking,111152231575000,7.4,6.28,-1.08
763776,8,Walking,111152271736000,7.59,5.63,-0.76
763777,8,Walking,111152311531000,7.63,4.4,0.27
763778,8,Walking,111152391548000,2.68,7.06,1.88
763779,8,Walking,111152432289000,1.61,6.78,3.76
763780,8,Walking,111152471626000,6.78,6.09,2.18
763781,8,Walking,111152511512000,11.45,4.9,0.19
763782,8,Walking,111152563026000,11.88,16.25,-6.21
763783,8,Walking,111152667854000,9.43,7.44,1.92
763784,8,Walking,111152667854000,9.43,7.44,1.92
763785,8,Walking,111152741615000,6.02,5.56,-1.08
763786,8,Walking,111152781532000,5.13,1.5,-1.14
763787,8,Walking,111152821663000,3.15,2.34,-0.11
763788,8,Walking,111152861580000,3.17,1.42,0.91
763789,8,Walking,111152944130000,3.64,3.41,15.47
763790,8,Walking,111152981544000,8.85,9.89,10.72
763791,8,Walking,111153021644000,2.22,10.5,-0.65
763792,8,Walking,111153061531000,4.37,13.99,-4.6
763793,8,Walking,111153141670000,4.52,9.11,-2.98
763794,8,Walking,111153182655000,3.98,10.99,-2.72
763795,8,Walking,111153221687000,8.73,6.89,-2.11
763796,8,Walking,111153309333000,5.52,7.25,-0.53
763797,8,Walking,111153346718000,6.47,4.67,0.11
763798,8,Walking,111153383857000,4.48,5.86,-0.46
763799,8,Walking,111153421943000,4.59,7.16,-1.38
763800,8,Walking,111153461677000,3.57,8.69,-0.31
763801,8,Walking,111153543464000,7.01,10.95,-2.6
763802,8,Walking,111153581611000,7.7,11.41,0.65
763803,8,Walking,111153622017000,9.04,12.68,0.0
763804,8,Walking,111153664375000,2.75,13.33,-4.44
763805,8,Walking,111153741646000,3.6,12.64,-1.73
763806,8,Walking,111153781624000,5.2,10.04,-2.18
763807,8,Walking,111153821724000,3.15,5.01,-2.72
763808,8,Walking,111153861580000,2.72,1.54,-1.27
763809,8,Walking,111153941536000,-1.65,2.6,-0.89
763810,8,Walking,111153981544000,-2.18,2.56,1.53
763811,8,Walking,111154021644000,-1.04,6.13,12.68
763812,8,Walking,111154061561000,16.44,19.57,11.41
763813,8,Walking,111154141548000,-3.11,1.8,4.25
763814,8,Walking,111154181495000,3.6,10.12,-1.04
763815,8,Walking,111154224098000,3.72,11.18,-3.53
763816,8,Walking,111154265449000,2.14,8.05,-0.46
763817,8,Walking,111154341865000,1.92,7.08,0.34
763818,8,Walking,111154381538000,4.18,8.01,-0.8
763819,8,Walking,111154421730000,3.87,7.7,-1.12
763820,8,Walking,111154461677000,4.63,6.02,-0.11
763821,8,Walking,111154541511000,3.53,7.97,-3.3
763822,8,Walking,111154581642000,3.91,9.43,-2.76
763823,8,Walking,111154622535000,5.18,10.65,-1.14
763824,8,Walking,111154675331000,7.16,11.45,-1.57
763825,8,Walking,111154712684000,8.31,9.92,-3.11
763826,8,Walking,111154791633000,5.71,12.45,-1.5
763827,8,Walking,111154831520000,5.13,11.41,-7.67
763828,8,Walking,111154871528000,2.64,12.91,-5.6
763829,8,Walking,111154911445000,4.4,11.92,0.46
763830,8,Walking,111154991493000,3.21,5.22,-3.72
763831,8,Walking,111155031471000,2.68,3.3,-2.79
763832,8,Walking,111155071510000,0.53,1.88,-2.15
763833,8,Walking,111155111488000,-2.37,2.07,3.6
763834,8,Walking,111155192695000,5.75,11.69,13.53
763835,8,Walking,111155231483000,18.81,18.05,3.72
763836,8,Walking,111155271736000,4.86,3.99,3.26
763837,8,Walking,111155311500000,2.79,5.28,3.68
763838,8,Walking,111155391578000,-4.21,6.32,-1.04
763839,8,Walking,111155431465000,-3.68,6.09,-1.14
763840,8,Walking,111155471504000,-0.42,11.99,-2.91
763841,8,Walking,111155511451000,4.18,12.49,-5.83
763842,8,Walking,111155591499000,11.8,5.83,0.5
763843,8,Walking,111155631630000,8.39,4.94,4.63
763844,8,Walking,111155671791000,0.3,2.37,1.46
763845,8,Walking,111155711494000,1.84,3.57,-1.04
763846,8,Walking,111155791542000,10.0,12.07,-0.27
763847,8,Walking,111155842048000,8.54,9.19,-1.33
763848,8,Walking,111155881538000,14.44,10.42,1.8
763849,8,Walking,111155921730000,10.72,9.28,-1.12
763850,8,Walking,111155961586000,7.97,11.26,-3.11
763851,8,Walking,111156041633000,3.72,11.88,-2.22
763852,8,Walking,111156081642000,7.78,3.76,-2.11
763853,8,Walking,111156121620000,7.27,3.6,-2.76
763854,8,Walking,111156205024000,1.18,2.72,-3.34
763855,8,Walking,111156243171000,-1.99,2.26,-1.95
763856,8,Walking,111156291572000,0.27,4.67,3.83
763857,8,Walking,111156331489000,1.84,11.84,16.21
763858,8,Walking,111156371528000,16.63,12.57,10.53
763859,8,Walking,111156411445000,9.53,5.52,3.02
763860,8,Walking,111156491554000,4.25,6.82,-5.94
763861,8,Walking,111156531471000,-0.89,7.74,-3.68
763862,8,Walking,111156571724000,-0.93,10.76,-3.72
763863,8,Walking,111156731331000,6.17,5.43,2.3
763864,8,Walking,111156731331000,6.17,5.43,2.3
763865,8,Walking,111156731331000,6.17,6.89,3.06
763866,8,Walking,111156771400000,1.5,6.89,3.06
763867,8,Walking,111156811500000,2.45,8.92,-0.08
763868,8,Walking,111156891731000,1.14,9.96,4.18
763869,8,Walking,111156935341000,3.15,12.72,3.95
763870,8,Walking,111156981605000,7.97,11.96,4.06
763871,8,Walking,111157023506000,6.43,12.26,6.4
763872,8,Walking,111157062538000,2.79,12.37,2.49
763873,8,Walking,111157143135000,-0.57,12.68,0.8
763874,8,Walking,111157186958000,-0.42,10.0,2.56
763875,8,Walking,111157224464000,2.07,8.85,0.27
763876,8,Walking,111157264778000,2.53,5.24,-0.27
763877,8,Walking,111157313362000,2.49,4.37,-0.19
763878,8,Walking,111157391517000,-0.95,3.6,-1.8
763879,8,Walking,111157432502000,-4.4,3.95,2.41
763880,8,Walking,111157472084000,-1.99,12.18,17.35
763881,8,Walking,111157512703000,16.09,15.13,7.46
763882,8,Walking,111157592506000,-0.99,7.78,0.76
763883,8,Walking,111157631508000,1.04,7.63,-0.27
763884,8,Walking,111157671547000,0.3,9.19,-1.99
763885,8,Walking,111157711769000,-2.41,9.85,-1.27
763886,8,Walking,111157791511000,0.3,10.46,-0.53
763887,8,Walking,111157831489000,3.17,9.66,-1.33
763888,8,Walking,111157871620000,4.21,8.24,1.08
763889,8,Walking,111157911445000,2.72,7.25,2.75
763890,8,Walking,111157991615000,0.72,8.35,0.42
763891,8,Walking,111158031562000,0.69,10.0,2.26
763892,8,Walking,111158071541000,2.98,13.4,0.34
763893,8,Walking,111158111488000,5.75,11.75,1.14
763894,8,Walking,111158191627000,8.66,11.45,3.79
763895,8,Walking,111158231605000,6.7,11.22,-2.18
763896,8,Walking,111158271614000,6.21,13.76,-6.05
763897,8,Walking,111158311500000,3.34,14.63,0.8
763898,8,Walking,111158363197000,3.41,10.61,0.8
763899,8,Walking,111158401527000,2.41,2.53,-1.95
763900,8,Walking,111158451423000,2.6,2.53,-1.95
763901,8,Walking,111158541450000,-3.3,2.96,-0.76
763902,8,Walking,111158581337000,-3.57,4.4,5.52
763903,8,Walking,111158622383000,11.69,16.97,18.05
763904,8,Walking,111158661567000,16.17,13.59,1.57
763905,8,Walking,111158701637000,0.57,0.46,2.79
763906,8,Walking,111158762642000,-0.53,9.96,2.18
763907,8,Walking,111158841499000,1.23,6.63,-4.75
763908,8,Walking,111158881630000,2.07,4.71,-0.93
763909,8,Walking,111158921608000,5.56,9.0,0.23
763910,8,Walking,111158961586000,10.0,8.08,1.23
763911,8,Walking,111159041633000,2.75,7.25,0.69
763912,8,Walking,111159092598000,2.79,8.28,-1.18
763913,8,Walking,111159131508000,2.45,8.12,0.0
763914,8,Walking,111159171638000,3.98,10.53,3.83
763915,8,Walking,111159211921000,8.47,11.07,-0.95
763916,8,Walking,111159291572000,11.95,9.62,7.74
763917,8,Walking,111159331581000,6.4,13.02,1.27
763918,8,Walking,111159371498000,5.05,14.9,-6.44
763919,8,Walking,111159411445000,1.46,13.87,0.99
763920,8,Walking,111159491523000,7.12,6.24,-2.41
763921,8,Walking,111159531471000,3.53,3.11,-1.12
763922,8,Walking,111159571510000,1.76,1.69,-1.27
763923,8,Walking,111159611610000,0.89,2.37,-2.72
763924,8,Walking,111159691505000,-3.38,3.06,2.79
763925,8,Walking,111159731422000,4.37,12.76,17.08
763926,8,Walking,111159771614000,19.11,16.97,7.16
763927,8,Walking,111159811470000,6.17,2.53,2.75
763928,8,Walking,111159891517000,1.57,13.99,0.04
763929,8,Walking,111159931526000,-1.33,10.65,-4.14
763930,8,Walking,111159971595000,-0.08,5.43,-3.57
763931,8,Walking,111160011573000,1.99,7.89,-3.34
763932,8,Walking,111160091530000,10.92,6.28,2.18
763933,8,Walking,111160131538000,7.01,4.48,1.12
763934,8,Walking,111160171516000,2.98,6.74,0.3
