,user,label,timestamp,x,y,z
821490,31,Downstairs,24477601509000,-0.95,4.75,-1.54
821491,31,Downstairs,24477681465000,-6.09,15.79,0.57
821492,31,Downstairs,24477721626000,0.46,12.34,3.72
821493,31,Downstairs,24477761635000,-1.57,13.91,-1.12
821494,31,Downstairs,24477801491000,-0.8,8.73,-0.69
821495,31,Downstairs,24477881477000,-0.8,6.78,0.65
821496,31,Downstairs,24477921638000,-2.18,7.08,1.27
821497,31,Downstairs,24477961494000,-2.07,6.7,1.95
821498,31,Downstairs,24478001533000,-0.61,9.72,3.76
821499,31,Downstairs,24478081611000,-0.76,8.39,-0.08
821500,31,Downstairs,24478121620000,2.18,13.48,3.06
821501,31,Downstairs,24478161476000,2.98,14.9,2.79
821502,31,Downstairs,24478201546000,0.46,15.85,0.8
821503,31,Downstairs,24478281471000,-4.37,11.56,-1.08
821504,31,Downstairs,24478321663000,-2.96,6.05,0.27
821505,31,Downstairs,24478361519000,-2.22,5.75,0.57
821506,31,Downstairs,24478434151000,-2.87,3.76,-0.57
821507,31,Downstairs,24478471443000,-2.49,3.38,-0.31
821508,31,Downstairs,24478511482000,-1.92,4.02,1.53
821509,31,Downstairs,24478551674000,-2.18,10.04,5.98
821510,31,Downstairs,24478631569000,-5.24,7.7,4.82
821511,31,Downstairs,24478671486000,-4.25,7.55,-1.5
821512,31,Downstairs,24478711433000,-3.68,15.94,-2.15
821513,31,Downstairs,24478751625000,1.8,17.27,1.12
821514,31,Downstairs,24478831459000,-1.33,10.92,-1.73
821515,31,Downstairs,24478871467000,-1.92,9.11,-1.65
821516,31,Downstairs,24478911476000,-1.54,8.31,-0.65
821517,31,Downstairs,24478951485000,-0.04,8.77,3.45
821518,31,Downstairs,24479031410000,-0.34,6.32,3.26
821519,31,Downstairs,24479071480000,0.23,7.97,3.72
821520,31,Downstairs,24479111427000,-0.19,6.89,1.42
821521,31,Downstairs,24479151497000,0.19,7.27,0.65
821522,31,Downstairs,24479231422000,1.88,12.49,3.83
821523,31,Downstairs,24479271492000,-1.46,14.94,2.07
821524,31,Downstairs,24479311592000,-2.37,14.79,0.57
821525,31,Downstairs,24479471351000,-3.15,6.21,1.57
821527,31,Downstairs,24479471351000,-3.15,6.21,1.57
821526,31,Downstairs,24479471351000,-3.15,6.21,1.57
821528,31,Downstairs,24479511452000,-3.02,4.48,0.53
821529,31,Downstairs,24479551491000,-2.11,3.72,-0.46
821530,31,Downstairs,24479631569000,0.5,5.67,2.26
821531,31,Downstairs,24479671486000,4.06,12.03,7.97
821532,31,Downstairs,24479711616000,0.0,7.7,3.36
821533,31,Downstairs,24479751442000,-4.9,8.47,-0.38
821534,31,Downstairs,24479831581000,-0.89,18.5,5.2
821535,31,Downstairs,24479871498000,-1.88,13.14,-2.37
821536,31,Downstairs,24479911598000,-1.12,7.08,-1.57
821537,31,Downstairs,24479951515000,-1.12,9.38,-1.23
821538,31,Downstairs,24480031410000,-0.76,7.63,0.69
821539,31,Downstairs,24480071510000,-1.54,9.53,6.74
821540,31,Downstairs,24480111488000,0.08,6.85,1.27
821541,31,Downstairs,24480151497000,-0.57,5.37,0.53
821542,31,Downstairs,24480231544000,-0.65,8.31,0.57
821543,31,Downstairs,24480271492000,1.65,11.3,3.6
821544,31,Downstairs,24480311470000,2.11,14.1,2.91
821545,31,Downstairs,24480351509000,-0.11,17.12,1.69
821546,31,Downstairs,24480431526000,-3.99,9.08,-0.53
821547,31,Downstairs,24480471504000,-3.6,4.52,0.84
821548,31,Downstairs,24480511482000,-1.38,5.56,1.46
821549,31,Downstairs,24480551491000,-1.38,4.21,-0.15
821550,31,Downstairs,24480631569000,-1.76,5.75,1.5
821551,31,Downstairs,24480671608000,0.76,6.44,2.53
821552,31,Downstairs,24480711586000,3.06,10.76,4.67
821553,31,Downstairs,24480751472000,1.33,9.77,4.63
821554,31,Downstairs,24480831459000,-2.76,8.12,1.42
821555,31,Downstairs,24480871467000,-1.92,13.91,-3.38
821556,31,Downstairs,24480911598000,-3.91,17.12,1.38
821557,31,Downstairs,24480951485000,-2.37,12.3,-1.31
821558,31,Downstairs,24481031410000,-1.92,8.73,-1.5
821559,31,Downstairs,24481071480000,-1.88,7.4,-0.93
821560,31,Downstairs,24481111610000,-1.46,7.7,-0.61
821561,31,Downstairs,24481151466000,-0.8,7.78,-0.08
821562,31,Downstairs,24481231453000,-1.12,9.11,1.23
821563,31,Downstairs,24481271492000,-2.72,8.89,-0.38
821564,31,Downstairs,24481311439000,-2.96,9.15,-0.19
821565,31,Downstairs,24481351478000,-2.11,9.89,-0.31
821566,31,Downstairs,24481431526000,-3.15,14.82,4.29
821567,31,Downstairs,24481471474000,-3.49,18.43,1.33
821568,31,Downstairs,24481511482000,-4.75,13.99,-0.65
821569,31,Downstairs,24481551613000,-6.82,10.92,-0.61
821570,31,Downstairs,24481631416000,-3.87,3.11,-0.65
821571,31,Downstairs,24481671638000,-3.6,4.52,0.89
821572,31,Downstairs,24481712898000,-3.11,6.82,0.95
821573,31,Downstairs,24481751625000,-2.98,6.7,-0.27
821574,31,Downstairs,24481831459000,-1.61,9.47,4.06
821575,31,Downstairs,24481871498000,-0.57,12.83,6.17
821576,31,Downstairs,24481911476000,0.91,10.42,4.52
821577,31,Downstairs,24481951485000,-0.95,11.65,0.0
821578,31,Downstairs,24482031532000,-5.98,5.75,1.27
821579,31,Downstairs,24482071480000,-6.09,7.01,-2.64
821580,31,Downstairs,24482111458000,-9.11,10.04,-2.98
821581,31,Downstairs,24482151466000,-5.83,7.27,-1.61
821582,31,Downstairs,24482231453000,-2.79,10.95,-2.56
821583,31,Downstairs,24482271492000,-0.57,10.8,-2.41
821584,31,Downstairs,24482311470000,0.95,9.58,-1.8
821585,31,Downstairs,24482351601000,2.07,10.31,-1.42
821586,31,Downstairs,24482431557000,1.73,9.11,-0.69
821587,31,Downstairs,24482471474000,1.31,9.47,0.08
821588,31,Downstairs,24482511604000,-0.84,10.84,6.82
821589,31,Downstairs,24482551491000,-1.23,12.03,2.53
821590,31,Downstairs,24482631416000,-3.45,12.83,2.49
821591,31,Downstairs,24482671608000,-8.35,10.53,4.75
821592,31,Downstairs,24482711494000,-5.28,9.92,-0.8
821593,31,Downstairs,24482751472000,-6.32,9.58,-1.99
821594,31,Downstairs,24482831459000,-3.3,6.59,0.27
821595,31,Downstairs,24482831459000,-3.3,6.59,0.27
821596,31,Downstairs,24482931404000,-1.31,7.67,0.04
821597,31,Downstairs,24482971504000,-3.3,5.94,0.57
821598,31,Downstairs,24483011452000,-3.15,6.44,2.11
821599,31,Downstairs,24483051552000,-1.23,8.05,2.68
821600,31,Downstairs,24483131447000,0.95,6.4,2.11
821601,31,Downstairs,24483171516000,0.19,6.63,2.11
821602,31,Downstairs,24483211433000,-0.53,7.7,1.31
821603,31,Downstairs,24483251503000,-2.45,8.81,2.96
821604,31,Downstairs,24483331459000,-2.98,16.25,-2.26
821605,31,Downstairs,24483371498000,-2.3,14.37,-1.73
821606,31,Downstairs,24483411598000,-2.11,11.26,-1.33
821607,31,Downstairs,24483451485000,-1.84,17.24,0.15
821608,31,Downstairs,24483531563000,-1.61,7.06,-1.46
821609,31,Downstairs,24483571480000,-3.34,8.81,-1.57
821610,31,Downstairs,24483611488000,-2.79,5.9,-0.27
821611,31,Downstairs,24483651527000,0.99,7.31,6.74
821612,31,Downstairs,24483731514000,-1.76,5.43,-0.69
821613,31,Downstairs,24483771492000,-0.93,5.63,-0.27
821614,31,Downstairs,24483811561000,-0.11,9.11,0.34
821615,31,Downstairs,24483851631000,1.65,10.65,1.69
821616,31,Downstairs,24483931434000,1.08,16.51,2.41
821617,31,Downstairs,24483971596000,-1.65,17.5,0.53
821618,31,Downstairs,24484011543000,-3.79,15.51,0.23
821619,31,Downstairs,24484051582000,-3.26,5.86,-0.23
821620,31,Downstairs,24484131599000,-1.99,4.18,-0.65
821621,31,Downstairs,24484171516000,-1.73,3.57,-0.93
821622,31,Downstairs,24484211403000,-1.23,3.17,-0.93
821623,31,Downstairs,24484251625000,-0.5,4.52,-0.11
821624,31,Downstairs,24484331581000,0.27,10.19,7.46
821625,31,Downstairs,24484371467000,-1.95,6.47,1.99
821626,31,Downstairs,24484411598000,-2.3,12.41,-2.87
821627,31,Downstairs,24484451485000,-4.94,17.73,-2.34
821628,31,Downstairs,24484501716000,1.5,16.7,3.6
821629,31,Downstairs,24484581703000,-1.69,6.97,-0.31
821630,31,Downstairs,24484621590000,-3.38,8.77,-0.89
821631,31,Downstairs,24484661507000,-3.06,7.67,-0.34
821632,31,Downstairs,24484701668000,-1.5,7.46,3.68
821633,31,Downstairs,24484781502000,1.73,6.55,4.1
821634,31,Downstairs,24484821663000,0.84,9.0,2.34
821635,31,Downstairs,24484861519000,2.41,14.41,4.37
821636,31,Downstairs,24484901497000,0.53,16.86,0.84
821637,31,Downstairs,24484981605000,-3.34,10.31,-0.57
821638,31,Downstairs,24485021614000,-2.83,4.29,0.15
821639,31,Downstairs,24485061500000,-3.87,6.13,0.15
821640,31,Downstairs,24485101601000,-2.87,4.21,0.3
821641,31,Downstairs,24485181587000,-0.34,3.79,-0.65
821642,31,Downstairs,24485221718000,1.95,5.63,2.18
821643,31,Downstairs,24485261635000,1.99,10.0,6.43
821644,31,Downstairs,24485301521000,-1.95,10.5,6.13
821645,31,Downstairs,24485381477000,-3.41,15.79,-3.68
821646,31,Downstairs,24485421638000,-1.5,17.16,0.57
821647,31,Downstairs,24485461494000,2.18,16.93,1.23
821648,31,Downstairs,24485501503000,-1.38,9.81,-1.46
821649,31,Downstairs,24485581489000,-3.6,8.77,-1.57
821650,31,Downstairs,24485621742000,-1.76,8.12,-1.04
821651,31,Downstairs,24485661507000,-0.08,9.28,2.07
821652,31,Downstairs,24485701668000,0.11,9.72,7.31
821653,31,Downstairs,24485781441000,1.12,5.98,0.76
821654,31,Downstairs,24485821693000,1.14,7.55,-1.04
821655,31,Downstairs,24485861519000,2.45,8.92,1.04
821656,31,Downstairs,24485901497000,2.83,13.29,4.1
821657,31,Downstairs,24485981636000,-1.42,15.79,0.72
821658,31,Downstairs,24486021736000,-3.3,17.27,0.95
821659,31,Downstairs,24486061500000,-3.6,8.24,-0.15
821660,31,Downstairs,24486101662000,-3.17,4.4,0.76
821661,31,Downstairs,24486181465000,-1.14,4.21,-0.42
821662,31,Downstairs,24486221626000,-1.33,4.14,-0.46
821663,31,Downstairs,24486261482000,-1.08,4.14,-0.27
821664,31,Downstairs,24486301521000,0.53,7.67,3.57
821665,31,Downstairs,24486381477000,-1.08,10.46,5.28
821666,31,Downstairs,24486421760000,-2.91,10.61,-0.34
821667,31,Downstairs,24486461494000,-3.95,16.78,-4.1
821668,31,Downstairs,24486501503000,-1.33,16.78,-1.12
821669,31,Downstairs,24486661415000,-2.98,7.01,-1.12
821670,31,Downstairs,24486661415000,-2.98,7.01,-1.12
821671,31,Downstairs,24486661415000,-2.98,7.01,-1.12
821672,31,Downstairs,24486701576000,-0.89,4.94,1.46
821673,31,Downstairs,24486782600000,-0.53,5.24,-0.61
821674,31,Downstairs,24486821571000,0.23,4.48,-0.04
821675,31,Downstairs,24486861519000,1.92,10.12,4.56
821676,31,Downstairs,24486901527000,2.22,13.21,3.76
821677,31,Downstairs,24486981605000,-0.53,15.32,-0.53
821678,31,Downstairs,24487021736000,-2.45,15.4,-1.84
821679,31,Downstairs,24487061622000,-4.94,10.19,0.34
821680,31,Downstairs,24487101509000,-2.87,4.99,0.08
821681,31,Downstairs,24487181587000,-0.76,3.83,0.5
821682,31,Downstairs,24487221718000,-1.14,5.09,0.89
821683,31,Downstairs,24487261513000,-0.57,6.55,3.02
821684,31,Downstairs,24487301521000,1.08,12.3,6.63
821685,31,Downstairs,24487381599000,-1.38,6.17,1.12
821686,31,Downstairs,24487421608000,-2.18,13.87,-2.56
821687,31,Downstairs,24487461525000,-3.53,16.04,-0.95
821688,31,Downstairs,24487501625000,-0.53,11.37,-1.54
821689,31,Downstairs,24487581611000,-1.08,8.62,0.76
