,user,label,timestamp,x,y,z
765935,8,Walking,111260241584000,7.4,4.94,2.03
765936,8,Walking,111260284034000,4.67,6.28,-0.31
765937,8,Walking,111260321571000,4.18,7.82,-1.8
765938,8,Walking,111260401832000,6.66,9.38,1.27
765939,8,Walking,111260441719000,10.53,7.74,-1.92
765940,8,Walking,111260481483000,12.49,5.63,0.8
765941,8,Walking,111260521492000,13.21,9.38,6.51
765942,8,Walking,111260561592000,7.63,13.14,-0.61
765943,8,Walking,111260643135000,3.34,14.41,-2.15
765944,8,Walking,111260682106000,4.29,11.5,-0.04
765945,8,Walking,111260732551000,7.55,4.37,-2.6
765946,8,Walking,111260772224000,3.91,1.38,-0.95
765947,8,Walking,111260811622000,0.89,1.88,-1.61
765948,8,Walking,111260891517000,-1.14,3.83,-1.12
765949,8,Walking,111260932625000,-3.26,3.02,1.69
765950,8,Walking,111260971626000,6.7,10.27,17.05
765951,8,Walking,111261011512000,18.07,17.16,5.79
765952,8,Walking,111261091530000,-2.11,9.58,1.61
765953,8,Walking,111261131447000,1.33,13.91,-5.05
765954,8,Walking,111261171638000,1.27,4.25,-3.79
765955,8,Walking,111261211525000,3.26,4.29,-3.17
765956,8,Walking,111261291542000,9.77,9.53,-0.15
765957,8,Walking,111261332130000,8.39,6.44,2.98
765958,8,Walking,111261371498000,4.75,4.67,1.12
765959,8,Walking,111261411506000,2.83,6.36,-1.14
765960,8,Walking,111261491646000,5.09,8.47,1.73
765961,8,Walking,111261532173000,7.74,9.23,1.42
765962,8,Walking,111261572578000,10.61,8.01,-1.27
765963,8,Walking,111261611488000,12.91,5.6,-0.31
765964,8,Walking,111261691627000,7.89,14.02,-0.23
765965,8,Walking,111261731514000,5.71,15.05,-3.49
765966,8,Walking,111261771644000,2.37,14.25,-2.96
765967,8,Walking,111261811470000,2.96,10.88,-2.72
765968,8,Walking,111261891517000,6.55,1.23,-1.12
765969,8,Walking,111261932289000,2.26,1.57,-1.31
765970,8,Walking,111261971504000,0.23,3.41,-2.56
765971,8,Walking,111262011543000,-1.42,4.21,-1.57
765972,8,Walking,111262091682000,5.43,7.7,15.55
765973,8,Walking,111262131599000,18.89,18.54,7.04
765974,8,Walking,111262171669000,4.4,4.18,3.36
765975,8,Walking,111262211555000,-2.68,4.25,-0.53
765976,8,Walking,111262291572000,0.84,8.58,-4.44
765977,8,Walking,111262331459000,2.14,6.59,-3.68
765978,8,Walking,111262371589000,4.02,9.08,-3.06
765979,8,Walking,111262411567000,9.19,8.92,0.23
765980,8,Walking,111262491523000,5.9,4.6,1.88
765981,8,Walking,111262532203000,2.72,5.63,-0.04
765982,8,Walking,111262571541000,2.11,7.7,-1.14
765983,8,Walking,111262611519000,3.95,8.92,0.34
765984,8,Walking,111262691566000,10.53,8.5,-0.23
765985,8,Walking,111262731514000,12.37,5.24,-0.5
765986,8,Walking,111262771583000,13.87,8.01,4.18
765987,8,Walking,111262811622000,7.44,12.98,-0.5
765988,8,Walking,111262891517000,2.96,15.28,-2.22
765989,8,Walking,111262932228000,0.65,13.06,-0.08
765990,8,Walking,111262971534000,7.97,6.7,-3.57
765991,8,Walking,111263011543000,6.7,1.54,-1.04
765992,8,Walking,111263091530000,0.76,2.64,-2.3
765993,8,Walking,111263132209000,-0.93,3.45,-2.07
765994,8,Walking,111263171547000,-2.96,2.11,0.27
765995,8,Walking,111263211525000,1.76,4.99,12.95
765996,8,Walking,111263291511000,9.53,5.83,3.17
765997,8,Walking,111263331520000,-1.88,2.34,-1.04
765998,8,Walking,111263371498000,0.91,13.44,1.88
765999,8,Walking,111263411567000,-0.42,11.88,-5.37
766000,8,Walking,111263491554000,1.95,7.89,-3.41
766001,8,Walking,111263532264000,8.16,11.37,-3.17
766002,8,Walking,111263571510000,12.95,7.31,-1.42
766004,8,Walking,111263691322000,2.37,7.01,-1.42
766003,8,Walking,111263691322000,2.37,7.01,-1.42
766005,8,Walking,111263731392000,2.41,8.69,-0.99
766006,8,Walking,111263771797000,7.25,9.43,3.41
766007,8,Walking,111263811500000,9.08,8.47,-0.57
766008,8,Walking,111263891517000,13.95,8.24,3.76
766009,8,Walking,111263932289000,9.34,10.76,6.47
766010,8,Walking,111263971443000,6.17,13.29,-3.87
766011,8,Walking,111264011635000,5.6,12.76,-4.75
766012,8,Walking,111264094764000,8.2,9.23,-1.08
766013,8,Walking,111264131599000,7.5,4.29,-2.22
766014,8,Walking,111264171516000,4.25,1.54,-1.27
766015,8,Walking,111264211677000,1.14,1.57,-2.07
766016,8,Walking,111264291542000,-2.79,2.26,-0.27
766017,8,Walking,111264331520000,-2.37,2.53,6.32
766018,8,Walking,111264371528000,12.76,15.17,18.07
766019,8,Walking,111264411354000,15.75,13.25,2.91
766020,8,Walking,111264468177000,-1.95,0.65,1.8
766021,8,Walking,111264542305000,2.49,16.36,-2.56
766022,8,Walking,111264581520000,0.0,9.28,-4.48
766023,8,Walking,111264622139000,0.57,5.67,-3.15
766024,8,Walking,111264661537000,3.45,7.97,-2.56
766025,8,Walking,111264741523000,10.27,5.37,0.5
766026,8,Walking,111264781654000,5.43,4.52,3.57
766027,8,Walking,111264821541000,4.21,6.78,-0.15
766028,8,Walking,111264861549000,3.36,8.85,4.06
766029,8,Walking,111264943519000,10.31,9.08,0.3
766030,8,Walking,111264981514000,11.73,6.13,-1.73
766031,8,Walking,111265021766000,12.91,7.67,2.75
766032,8,Walking,111265061744000,9.15,11.73,4.94
766033,8,Walking,111265144508000,5.79,11.88,-4.71
766034,8,Walking,111265181801000,1.69,13.72,-0.34
766035,8,Walking,111265221534000,5.56,9.89,-1.31
766036,8,Walking,111265261665000,6.05,4.06,-2.98
766037,8,Walking,111265311531000,3.17,0.34,-1.23
766038,8,Walking,111265391487000,-0.08,3.34,-1.95
766039,8,Walking,111265432136000,-2.6,3.38,0.3
766040,8,Walking,111265471565000,2.75,7.67,14.4
766041,8,Walking,111265511512000,18.5,18.96,5.48
766042,8,Walking,111265591530000,-3.02,5.71,5.33
766043,8,Walking,111265632118000,3.02,11.14,-3.99
766044,8,Walking,111265671394000,0.89,7.08,-5.67
766045,8,Walking,111265711403000,0.65,4.99,-3.11
766046,8,Walking,111265791633000,9.19,13.1,-2.26
766047,8,Walking,111265831550000,10.34,6.63,3.02
766048,8,Walking,111265871650000,5.2,6.21,-0.08
766049,8,Walking,111265911781000,1.84,4.79,-0.04
766050,8,Walking,111265993690000,5.67,9.7,-0.46
766051,8,Walking,111266031715000,9.11,7.63,1.31
766052,8,Walking,111266071541000,10.23,6.59,2.34
766053,8,Walking,111266111519000,10.61,7.46,-1.23
766054,8,Walking,111266192604000,9.43,10.46,5.05
766055,8,Walking,111266232307000,6.21,13.99,-3.17
766056,8,Walking,111266271736000,1.08,14.6,-0.08
766057,8,Walking,111266315254000,1.08,14.6,-0.08
766058,8,Walking,111266393226000,7.5,4.06,-2.53
766059,8,Walking,111266432319000,3.6,1.54,-1.08
766060,8,Walking,111266471534000,1.23,1.76,-1.73
766061,8,Walking,111266511512000,0.04,3.06,-2.41
766062,8,Walking,111266591530000,-2.22,3.45,5.13
766063,8,Walking,111266632179000,11.8,15.79,18.43
766064,8,Walking,111266671516000,15.05,13.18,4.21
766065,8,Walking,111266711433000,0.72,0.11,-1.73
766066,8,Walking,111266791542000,3.57,14.02,0.0
766067,8,Walking,111266831642000,-0.27,10.88,-4.25
766068,8,Walking,111266871498000,-0.11,6.66,-3.11
766069,8,Walking,111266912635000,2.07,8.12,-2.64
766070,8,Walking,111266993629000,10.99,6.05,0.19
766071,8,Walking,111267031471000,7.46,3.99,1.14
766072,8,Walking,111267073127000,4.63,5.33,2.79
766073,8,Walking,111267111610000,5.2,7.67,-1.04
766074,8,Walking,111267191505000,6.63,9.3,3.6
766075,8,Walking,111267232307000,9.92,8.54,-0.84
766076,8,Walking,111267271614000,11.54,6.93,-0.04
766077,8,Walking,111267311622000,12.11,9.81,5.2
766078,8,Walking,111267391517000,6.05,14.79,-5.28
766079,8,Walking,111267432228000,1.33,16.89,-0.46
766080,8,Walking,111267471504000,2.49,12.83,-1.31
766081,8,Walking,111267511635000,7.46,5.01,-2.6
766082,8,Walking,111267591530000,1.76,0.8,-1.69
766083,8,Walking,111267632179000,-0.04,2.91,-2.3
766084,8,Walking,111267671516000,-1.99,3.15,-1.8
766085,8,Walking,111267711555000,-2.6,2.22,18.43
766086,8,Walking,111267791694000,15.94,14.98,4.25
766087,8,Walking,111267832283000,0.57,0.5,2.07
766088,8,Walking,111267871498000,-1.31,7.08,0.5
766089,8,Walking,111267911689000,3.02,16.17,-3.91
766090,8,Walking,111267993629000,1.14,6.85,-3.26
766091,8,Walking,111268031562000,3.64,9.81,-3.41
766092,8,Walking,111268071541000,9.0,9.38,-1.14
766093,8,Walking,111268111427000,9.53,5.79,0.46
766094,8,Walking,111268191505000,3.98,6.24,0.34
766095,8,Walking,111268232155000,3.34,7.12,-1.84
766096,8,Walking,111268271553000,3.57,7.86,-0.65
766097,8,Walking,111268311470000,7.01,10.12,4.56
766098,8,Walking,111268391517000,11.92,6.7,-0.23
766099,8,Walking,111268432258000,13.82,8.69,6.89
766100,8,Walking,111268471504000,7.78,11.26,-0.57
766101,8,Walking,111268511635000,7.01,15.75,-5.22
766102,8,Walking,111268591499000,2.83,10.73,-0.89
766103,8,Walking,111268632148000,7.78,4.6,-2.15
766104,8,Walking,111268671730000,5.43,1.27,-1.31
766105,8,Walking,111268711677000,2.91,1.54,-2.07
766106,8,Walking,111268792183000,-0.99,3.83,-1.8
766107,8,Walking,111268831489000,-3.21,2.18,2.11
766108,8,Walking,111268871467000,4.86,9.72,17.01
766109,8,Walking,111268915107000,18.58,17.69,6.89
766110,8,Walking,111268993629000,-0.23,7.08,0.34
766111,8,Walking,111269031471000,3.45,12.18,-5.22
766112,8,Walking,111269071541000,-0.57,6.36,-3.83
766113,8,Walking,111269112831000,4.02,12.11,-3.49
766114,8,Walking,111269162697000,4.02,12.11,-3.49
766115,8,Walking,111269241523000,9.08,4.94,0.76
766116,8,Walking,111269281562000,5.37,4.94,2.11
766117,8,Walking,111269321510000,3.26,6.85,0.04
766118,8,Walking,111269361702000,3.79,8.16,-1.23
766119,8,Walking,111269441627000,8.16,9.11,2.83
766120,8,Walking,111269481544000,10.76,7.08,-1.27
766121,8,Walking,111269521522000,12.49,5.24,0.99
766122,8,Walking,111269561653000,12.72,8.89,-1.99
766123,8,Walking,111269641517000,5.82,15.7,-4.29
766124,8,Walking,111269681526000,0.27,16.4,-0.8
766125,8,Walking,111269721626000,4.33,10.0,-1.27
766126,8,Walking,111269761512000,8.54,3.49,-2.45
766127,8,Walking,111269841499000,2.3,2.72,-1.5
766128,8,Walking,111269881538000,0.38,4.02,-2.07
766129,8,Walking,111269921638000,-1.73,2.6,-0.72
766130,8,Walking,111269961738000,-1.23,1.5,18.73
766131,8,Walking,111270041481000,14.98,17.67,6.02
766132,8,Walking,111270081550000,-0.61,5.56,3.17
766133,8,Walking,111270121498000,-3.72,4.63,2.49
766134,8,Walking,111270161812000,2.03,11.41,-5.33
