,user,label,timestamp,x,y,z
974938,9,Walking,7295892347000,1.31,6.36,-1.14
974939,9,Walking,7295942335000,0.0,5.48,-1.76
974940,9,Walking,7295992292000,-0.27,5.13,0.34
974941,9,Walking,7296042341000,-0.8,7.31,1.04
974942,9,Walking,7296092328000,-1.04,10.73,1.84
974943,9,Walking,7296142347000,1.23,14.98,2.83
974944,9,Walking,7296192335000,3.02,14.02,1.73
974945,9,Walking,7296242353000,4.1,13.63,3.83
974946,9,Walking,7296292341000,0.76,11.5,3.79
974947,9,Walking,7296342298000,-2.11,10.61,3.79
974948,9,Walking,7296392347000,-2.98,7.06,1.33
974949,9,Walking,7296442335000,-0.76,5.48,0.0
974950,9,Walking,7296492322000,0.8,4.37,-1.08
974951,9,Walking,7296542341000,0.27,4.99,-4.29
974952,9,Walking,7296592328000,1.31,11.35,1.23
974953,9,Walking,7296642347000,3.95,15.75,12.26
974954,9,Walking,7296692335000,-0.5,12.22,-1.33
974955,9,Walking,7296742322000,-2.37,14.56,-0.19
974956,9,Walking,7296792341000,-0.11,12.18,0.61
974957,9,Walking,7296842328000,0.38,9.3,-1.53
974958,9,Walking,7296892347000,1.04,7.5,-2.07
974959,9,Walking,7296942335000,0.65,4.25,-0.69
974960,9,Walking,7296992292000,-0.15,3.53,1.04
974961,9,Walking,7297042341000,-0.34,6.36,0.84
974962,9,Walking,7297092328000,0.15,12.98,1.73
974963,9,Walking,7297142347000,1.33,17.01,4.25
974964,9,Walking,7297192335000,3.49,14.86,3.49
974965,9,Walking,7297242322000,4.14,10.27,5.94
974966,9,Walking,7297292341000,-0.53,10.38,2.83
974967,9,Walking,7297342328000,-4.02,11.5,1.08
974968,9,Walking,7297392347000,-3.15,7.21,-0.04
974969,9,Walking,7297442335000,3.49,6.78,1.95
974970,9,Walking,7297492322000,0.93,3.11,-1.27
974971,9,Walking,7297542341000,-0.76,4.33,-0.15
974972,9,Walking,7297592328000,-1.33,15.28,6.97
974973,9,Walking,7297642347000,3.06,15.21,6.66
974974,9,Walking,7297692335000,-3.79,15.02,2.91
974975,9,Walking,7297742322000,-3.17,10.88,-2.41
974976,9,Walking,7297792341000,-2.37,11.6,2.37
974977,9,Walking,7297842328000,0.19,9.53,-1.76
974978,9,Walking,7297892347000,1.65,7.63,-2.34
974979,9,Walking,7297942335000,2.72,4.99,-0.95
974980,9,Walking,7297992353000,1.65,4.86,-0.08
974981,9,Walking,7298042341000,0.11,6.74,0.99
974982,9,Walking,7298092328000,0.0,11.75,1.33
974983,9,Walking,7298142347000,0.23,16.28,2.11
974984,9,Walking,7298192335000,1.5,15.32,3.06
974986,9,Walking,7298302106000,0.53,10.12,3.72
974985,9,Walking,7298302106000,0.53,10.12,3.72
974987,9,Walking,7298352247000,-0.76,9.15,2.76
974988,9,Walking,7298402357000,-0.61,7.01,0.38
974989,9,Walking,7298452314000,0.84,6.36,0.19
974990,9,Walking,7298502332000,0.53,4.06,-1.31
974991,9,Walking,7298552320000,-0.53,6.32,-0.15
974992,9,Walking,7298602338000,-0.27,13.99,5.56
974993,9,Walking,7298652326000,4.33,13.87,6.89
974994,9,Walking,7298702344000,0.69,16.63,3.53
974995,9,Walking,7298752332000,-1.76,11.8,-1.76
974996,9,Walking,7298802320000,-1.27,12.41,0.65
974997,9,Walking,7298852338000,0.15,8.43,-0.15
974998,9,Walking,7298902326000,0.99,6.24,-1.84
974999,9,Walking,7298952344000,0.89,4.63,-0.11
975000,9,Walking,7299002332000,0.19,5.09,-0.8
975001,9,Walking,7299052320000,0.46,6.59,0.57
975002,9,Walking,7299102338000,0.72,13.14,1.76
975003,9,Walking,7299152326000,1.61,17.16,2.3
975004,9,Walking,7299202344000,3.6,14.48,3.41
975005,9,Walking,7299252332000,3.53,11.22,6.55
975006,9,Walking,7299302320000,0.23,9.81,3.57
975007,9,Walking,7299352338000,-4.29,11.45,3.26
975008,9,Walking,7299402326000,-2.96,7.12,0.23
975009,9,Walking,7299452344000,0.57,5.05,-0.08
975010,9,Walking,7299502332000,1.61,4.37,-0.34
975011,9,Walking,7299552320000,0.76,5.79,-0.91
975012,9,Walking,7299602338000,0.84,13.06,1.27
975013,9,Walking,7299652326000,2.41,17.27,10.23
975014,9,Walking,7299702314000,-1.57,11.03,0.15
975015,9,Walking,7299752332000,-1.46,13.76,0.95
975016,9,Walking,7299802320000,0.72,12.49,2.03
975017,9,Walking,7299852338000,0.76,8.81,-0.99
975018,9,Walking,7299902357000,1.18,5.9,-1.31
975019,9,Walking,7299952344000,1.61,6.21,-0.89
975020,9,Walking,7300002546000,1.5,5.83,0.11
975021,9,Walking,7300052320000,0.65,6.13,0.5
975022,9,Walking,7300102338000,0.27,10.15,1.57
975023,9,Walking,7300152357000,1.27,14.94,2.41
975024,9,Walking,7300202344000,2.87,15.17,3.68
975025,9,Walking,7300252302000,3.68,13.57,4.52
975026,9,Walking,7300302320000,1.23,9.72,3.02
975027,9,Walking,7300352338000,-1.38,10.53,3.26
975028,9,Walking,7300402326000,-2.53,9.0,0.38
975029,9,Walking,7300452344000,-0.42,5.67,-0.11
975030,9,Walking,7300502332000,0.8,4.1,-1.04
975031,9,Walking,7300552320000,0.84,4.86,-0.72
975032,9,Walking,7300602338000,0.76,10.99,-0.38
975033,9,Walking,7300652326000,3.45,18.66,13.14
975034,9,Walking,7300702344000,-2.22,9.08,1.42
975035,9,Walking,7300752332000,-0.46,15.28,-0.5
975036,9,Walking,7300802320000,0.23,12.79,0.27
975037,9,Walking,7300852338000,0.42,7.78,0.69
975038,9,Walking,7300902326000,0.57,6.51,-2.79
975039,9,Walking,7300952344000,-0.19,7.06,-1.69
975040,9,Walking,7301002332000,0.69,6.44,0.8
975041,9,Walking,7301052320000,0.27,6.89,1.76
975042,9,Walking,7301102338000,0.8,10.0,2.26
975043,9,Walking,7301152326000,2.15,13.57,3.06
975044,9,Walking,7301202344000,3.41,14.52,3.38
975045,9,Walking,7301252332000,4.4,13.18,5.52
975046,9,Walking,7301302320000,0.8,9.7,3.57
975047,9,Walking,7301352338000,-1.95,10.76,2.26
975048,9,Walking,7301402326000,-3.79,9.11,1.33
975049,9,Walking,7301452344000,-2.37,6.32,-1.65
975050,9,Walking,7301502332000,0.93,4.14,-0.04
975051,9,Walking,7301552320000,1.08,4.63,-0.95
975052,9,Walking,7301602338000,-1.04,8.73,-0.11
975053,9,Walking,7301652326000,3.15,18.5,11.8
975054,9,Walking,7301702344000,-1.84,12.26,4.1
975055,9,Walking,7301752332000,-3.79,14.25,-0.34
975056,9,Walking,7301802320000,-0.3,11.41,-0.5
975057,9,Walking,7301852338000,-0.19,10.65,0.84
975058,9,Walking,7301902357000,0.84,7.21,-0.65
975059,9,Walking,7301952344000,1.27,7.08,-1.18
975060,9,Walking,7302002546000,1.04,6.55,-0.27
975061,9,Walking,7302052320000,0.08,6.09,0.57
975062,9,Walking,7302102338000,-0.15,8.2,1.57
975063,9,Walking,7302152326000,0.93,13.8,2.26
975064,9,Walking,7302202344000,1.8,14.75,1.8
975065,9,Walking,7302252332000,3.72,14.98,2.83
975066,9,Walking,7302302320000,2.03,9.81,4.67
975067,9,Walking,7302352338000,-1.57,10.5,4.1
975068,9,Walking,7302402326000,-3.57,8.31,3.11
975069,9,Walking,7302452375000,-0.42,7.4,0.89
975070,9,Walking,7302502332000,0.95,5.75,-1.73
975071,9,Walking,7302552320000,0.93,4.21,-1.88
975072,9,Walking,7302602338000,-1.04,7.97,0.65
975073,9,Walking,7302652326000,3.34,18.05,13.1
975074,9,Walking,7302702375000,-0.89,10.69,4.82
975075,9,Walking,7302752332000,-4.79,14.48,0.65
975076,9,Walking,7302802320000,-0.27,12.11,-0.69
975077,9,Walking,7302852338000,-0.19,11.5,0.84
975078,9,Walking,7302902326000,0.99,7.46,-0.72
975079,9,Walking,7302952344000,1.33,6.4,-2.07
975080,9,Walking,7303002332000,0.61,5.98,-1.95
975081,9,Walking,7303052320000,0.69,5.83,0.34
975082,9,Walking,7303102338000,0.65,8.43,1.54
975083,9,Walking,7303152326000,1.42,12.41,2.41
975084,9,Walking,7303202344000,1.23,15.6,2.87
975085,9,Walking,7303252332000,3.79,15.09,5.13
975086,9,Walking,7303302289000,2.76,9.77,5.13
975087,9,Walking,7303352277000,-0.95,10.8,3.26
975088,9,Walking,7303402295000,-3.57,10.08,1.65
975089,9,Walking,7303452344000,-3.11,7.44,-1.95
975090,9,Walking,7303502332000,1.18,5.05,0.89
975091,9,Walking,7303552289000,1.18,4.71,-0.8
975092,9,Walking,7303602338000,-2.14,6.02,0.31
975093,9,Walking,7303652326000,-0.3,15.85,7.86
975094,9,Walking,7303702344000,4.1,14.06,4.99
975095,9,Walking,7303752332000,-4.4,14.41,1.92
975096,9,Walking,7303802320000,-1.12,11.22,-0.61
975097,9,Walking,7303852338000,0.27,11.84,3.06
975098,9,Walking,7303902326000,0.84,8.39,-1.18
975099,9,Walking,7303952344000,1.08,6.36,-1.95
975100,9,Walking,7304002942000,0.38,5.56,-1.31
975101,9,Walking,7304052289000,0.38,5.83,0.23
975102,9,Walking,7304102369000,0.46,7.97,1.18
975103,9,Walking,7304152326000,0.95,12.98,2.45
975104,9,Walking,7304202344000,0.99,13.72,2.34
975105,9,Walking,7304252332000,1.54,14.71,3.76
975106,9,Walking,7304302320000,3.45,10.92,4.02
975107,9,Walking,7304352338000,0.11,10.12,2.56
975108,9,Walking,7304402387000,-2.14,9.89,2.6
975109,9,Walking,7304452344000,-1.38,7.31,1.42
975110,9,Walking,7304502332000,-0.11,6.51,-0.27
975111,9,Walking,7304552320000,0.53,5.41,-0.57
975112,9,Walking,7304602338000,-0.04,6.13,-0.08
975113,9,Walking,7304652357000,0.0,12.15,0.31
975114,9,Walking,7304702344000,2.41,18.16,12.18
975115,9,Walking,7304752332000,-2.87,8.96,4.44
975116,9,Walking,7304802320000,-0.38,14.44,3.11
975117,9,Walking,7304852338000,1.04,11.14,0.11
975118,9,Walking,7304902357000,0.8,9.89,-0.34
975119,9,Walking,7304952375000,-0.38,7.08,-4.33
975120,9,Walking,7305002332000,-0.99,6.13,-2.26
975121,9,Walking,7305052320000,0.31,5.71,0.38
975122,9,Walking,7305102338000,0.42,5.63,1.57
975123,9,Walking,7305152326000,0.93,9.43,2.6
975124,9,Walking,7305202344000,2.15,15.6,3.95
975125,9,Walking,7305252302000,3.06,14.48,3.17
975126,9,Walking,7305302320000,5.18,13.48,4.79
975127,9,Walking,7305352338000,3.34,9.53,3.72
975128,9,Walking,7305402295000,-0.99,11.73,2.45
975129,9,Walking,7305452344000,-2.07,9.51,2.26
975130,9,Walking,7305502332000,-1.65,7.4,0.57
975131,9,Walking,7305552320000,-0.69,5.18,-0.27
975132,9,Walking,7305602338000,0.31,3.17,-1.99
975133,9,Walking,7305652326000,-0.27,6.24,-2.83
975134,9,Walking,7305702344000,0.38,15.28,3.6
975135,9,Walking,7305752332000,6.28,16.32,13.63
975136,9,Walking,7305802320000,-2.87,15.02,3.76
975137,9,Walking,7305852338000,-0.72,10.57,-1.76
