,user,label,timestamp,x,y,z
975938,9,Walking,7345932325000,-0.57,12.22,3.57
975939,9,Walking,7345982313000,-0.46,11.5,3.15
975941,9,Walking,7346032331000,-2.14,11.84,0.61
975940,9,Walking,7346032331000,-2.14,11.84,0.61
975942,9,Walking,7346092267000,-0.46,8.39,0.46
975943,9,Walking,7346142408000,0.04,4.02,-1.61
975944,9,Walking,7346192365000,0.5,2.11,-0.42
975945,9,Walking,7346242383000,-0.8,5.94,-0.46
975946,9,Walking,7346292341000,-0.72,16.86,11.5
975947,9,Walking,7346342328000,2.15,12.11,4.29
975948,9,Walking,7346392347000,-2.07,14.6,3.38
975949,9,Walking,7346442335000,-1.08,10.76,-1.5
975950,9,Walking,7346492322000,-0.8,10.61,0.42
975951,9,Walking,7346542341000,0.08,9.0,0.53
975952,9,Walking,7346592359000,-0.34,6.21,-1.14
975953,9,Walking,7346642408000,-0.38,6.13,-0.89
975954,9,Walking,7346692335000,0.04,7.27,0.57
975955,9,Walking,7346742322000,0.42,8.16,1.61
975956,9,Walking,7346792341000,2.03,12.22,2.6
975957,9,Walking,7346842328000,3.11,12.53,1.84
975958,9,Walking,7346892347000,1.23,14.33,2.11
975959,9,Walking,7346942335000,-1.23,13.06,-0.04
975960,9,Walking,7346992322000,-1.12,12.3,-1.95
975961,9,Walking,7347042341000,-1.69,10.95,0.0
975962,9,Walking,7347092328000,-2.87,7.4,1.38
975963,9,Walking,7347142347000,-0.42,5.01,1.23
975964,9,Walking,7347192304000,0.69,5.01,0.11
975965,9,Walking,7347242322000,-0.08,7.4,0.8
975966,9,Walking,7347292341000,-0.46,10.76,0.76
975967,9,Walking,7347342328000,0.89,13.63,7.16
975968,9,Walking,7347392347000,-1.38,15.24,5.28
975969,9,Walking,7347442335000,-0.65,12.72,-2.22
975970,9,Walking,7347492322000,-1.18,12.95,4.21
975971,9,Walking,7347542341000,0.69,7.74,-1.12
975972,9,Walking,7347592328000,2.22,7.63,-2.11
975973,9,Walking,7347642347000,0.95,6.82,1.04
975974,9,Walking,7347692335000,0.57,6.05,-0.8
975975,9,Walking,7347742322000,-0.65,7.21,0.69
975976,9,Walking,7347792341000,-1.04,9.11,1.84
975977,9,Walking,7347842328000,-0.23,11.92,2.34
975978,9,Walking,7347892347000,1.33,15.32,1.8
975979,9,Walking,7347942335000,1.65,15.47,3.68
975980,9,Walking,7347992292000,-2.22,10.95,3.68
975981,9,Walking,7348042341000,-3.45,11.14,0.61
975982,9,Walking,7348092328000,-3.36,9.38,-1.46
975983,9,Walking,7348142347000,-1.38,7.44,-0.69
975984,9,Walking,7348192335000,0.72,5.75,0.72
975985,9,Walking,7348242322000,0.93,5.09,1.76
975986,9,Walking,7348292341000,0.34,5.9,1.23
975987,9,Walking,7348342328000,1.84,9.19,-0.42
975988,9,Walking,7348392347000,-0.76,13.76,3.95
975989,9,Walking,7348442335000,-4.48,15.79,7.93
975990,9,Walking,7348492322000,-2.49,12.45,-4.82
975991,9,Walking,7348542341000,-4.48,14.25,2.79
975992,9,Walking,7348592328000,-1.57,8.54,-1.57
975993,9,Walking,7348642347000,1.04,8.73,-0.76
975994,9,Walking,7348692335000,0.99,6.82,0.89
975995,9,Walking,7348742322000,0.8,5.71,1.14
975996,9,Walking,7348792341000,0.19,5.6,2.98
975997,9,Walking,7348842328000,-0.72,8.01,3.38
975998,9,Walking,7348892347000,0.08,11.65,2.41
975999,9,Walking,7348942335000,0.04,16.21,1.92
976000,9,Walking,7348992322000,-0.8,15.51,3.3
976001,9,Walking,7349042341000,-3.3,10.76,4.02
976002,9,Walking,7349092328000,-2.75,10.65,0.38
976003,9,Walking,7349142347000,-1.46,9.11,-1.76
976004,9,Walking,7349192426000,-1.38,6.74,-1.5
976005,9,Walking,7349242322000,-0.8,4.86,-1.42
976006,9,Walking,7349292341000,0.93,4.6,-0.91
976007,9,Walking,7349342328000,2.45,6.82,1.57
976008,9,Walking,7349392347000,-0.46,8.2,4.33
976009,9,Walking,7349442335000,-2.34,12.03,18.2
976010,9,Walking,7349492322000,-2.96,2.68,2.3
976011,9,Walking,7349542341000,-2.26,17.69,-1.08
976012,9,Walking,7349592359000,1.12,17.35,-5.52
976013,9,Walking,7349642347000,0.69,13.33,-1.12
976014,9,Walking,7349692335000,0.15,9.62,-2.11
976015,9,Walking,7349742322000,-0.84,11.37,0.84
976016,9,Walking,7349792341000,-2.49,10.61,1.04
976017,9,Walking,7349842328000,-0.42,11.99,3.41
976018,9,Walking,7349892347000,-0.23,12.07,3.49
976019,9,Walking,7349942335000,-0.91,10.04,4.44
976020,9,Walking,7349992292000,0.11,7.46,4.25
976021,9,Walking,7350042341000,-3.57,14.82,0.27
976022,9,Walking,7350092328000,-1.57,10.5,-1.42
976023,9,Walking,7350142347000,-1.08,5.01,-2.3
976024,9,Walking,7350192335000,0.0,2.26,-1.33
976025,9,Walking,7350242353000,-0.34,4.67,-0.72
976026,9,Walking,7350292341000,1.23,11.73,-1.04
976027,9,Walking,7350342328000,-2.53,16.82,12.22
976028,9,Walking,7350392347000,-0.5,12.98,7.67
976029,9,Walking,7350442335000,-1.53,13.8,-7.44
976030,9,Walking,7350492353000,-0.19,14.63,2.68
976031,9,Walking,7350542341000,-0.23,8.66,-0.84
976032,9,Walking,7350592328000,1.38,5.56,-0.34
976033,9,Walking,7350642347000,2.49,2.72,-1.38
976034,9,Walking,7350692335000,1.42,5.22,-0.3
976035,9,Walking,7350742322000,-1.23,8.85,2.83
976036,9,Walking,7350792341000,-2.37,14.21,4.52
976037,9,Walking,7350842328000,1.23,16.21,4.4
976038,9,Walking,7350902326000,1.08,14.71,6.4
976039,9,Walking,7350952314000,-2.75,12.34,1.14
976040,9,Walking,7351002302000,-2.75,11.45,-0.76
976041,9,Walking,7351052320000,-1.27,5.33,-1.04
976042,9,Walking,7351102338000,-0.61,4.02,-4.4
976043,9,Walking,7351152326000,0.04,4.33,1.23
976044,9,Walking,7351202344000,-0.84,6.44,1.84
976045,9,Walking,7351252302000,-0.61,12.11,4.1
976046,9,Walking,7351302320000,-1.23,16.44,13.95
976047,9,Walking,7351352338000,-1.5,15.21,3.99
976048,9,Walking,7351402326000,-1.69,13.76,-2.07
976049,9,Walking,7351452344000,1.18,10.23,0.38
976050,9,Walking,7351502332000,2.45,7.78,-3.45
976051,9,Walking,7351552320000,0.53,5.98,1.76
976052,9,Walking,7351602338000,-0.89,5.28,0.84
976053,9,Walking,7351652326000,-2.07,5.98,1.65
976054,9,Walking,7351702344000,-1.88,8.54,3.11
976055,9,Walking,7351752393000,-0.34,12.98,2.41
976056,9,Walking,7351802320000,3.17,17.27,3.99
976057,9,Walking,7351852338000,-1.69,13.95,6.93
976058,9,Walking,7351902326000,-4.14,12.57,2.53
976059,9,Walking,7351952344000,-2.72,10.92,-1.92
976060,9,Walking,7352002881000,-0.99,5.71,-3.06
976061,9,Walking,7352052320000,-0.04,4.21,-0.72
976062,9,Walking,7352102338000,0.19,4.63,2.64
976063,9,Walking,7352152326000,0.08,6.7,1.23
976064,9,Walking,7352202375000,0.65,10.92,-0.3
976065,9,Walking,7352252332000,-4.52,16.78,13.18
976066,9,Walking,7352302320000,-1.84,11.99,4.44
976067,9,Walking,7352352338000,-1.65,15.64,-2.18
976068,9,Walking,7352402326000,1.92,12.07,1.14
976069,9,Walking,7352452344000,0.84,7.59,-2.6
976070,9,Walking,7352502332000,1.31,5.83,-0.15
976071,9,Walking,7352552320000,0.76,4.67,-1.84
976072,9,Walking,7352602338000,1.18,4.86,-0.76
976073,9,Walking,7352652326000,0.65,7.93,-0.04
976074,9,Walking,7352702344000,1.18,13.1,1.31
976075,9,Walking,7352752332000,2.53,16.02,1.04
976076,9,Walking,7352802320000,-1.88,17.08,6.44
976077,9,Walking,7352852338000,-0.84,10.04,6.47
976078,9,Walking,7352902326000,-1.38,11.37,1.57
976079,9,Walking,7352952344000,-1.53,11.69,-1.88
976080,9,Walking,7353002332000,-0.3,5.63,-2.03
976081,9,Walking,7353052320000,0.38,4.75,-0.11
976082,9,Walking,7353102338000,0.89,4.48,0.8
976083,9,Walking,7353152326000,0.34,7.63,-2.26
976084,9,Walking,7353202344000,-0.46,12.49,0.38
976085,9,Walking,7353252363000,-2.72,17.5,11.96
976086,9,Walking,7353302320000,-0.69,12.98,-0.19
976087,9,Walking,7353352338000,0.89,15.24,0.08
976088,9,Walking,7353402326000,-0.11,9.77,2.64
976089,9,Walking,7353452344000,0.08,7.46,-1.84
976090,9,Walking,7353502332000,1.38,6.24,0.42
976091,9,Walking,7353552320000,0.99,4.99,-0.23
976092,9,Walking,7353602338000,0.76,4.94,-0.61
976093,9,Walking,7353652326000,-0.65,8.89,1.14
976094,9,Walking,7353702375000,-0.46,12.64,2.22
976095,9,Walking,7353772321000,3.49,18.66,2.41
976096,9,Walking,7353822248000,-0.08,12.11,4.9
976097,9,Walking,7353872388000,-1.53,11.88,1.27
976098,9,Walking,7353922223000,-3.17,10.04,-0.23
976099,9,Walking,7353972333000,-1.73,5.75,-1.31
976100,9,Walking,7354022321000,0.95,5.6,0.27
976101,9,Walking,7354072339000,2.22,4.71,-1.23
976102,9,Walking,7354122327000,0.84,6.24,-0.95
976103,9,Walking,7354172346000,1.38,11.22,2.72
976104,9,Walking,7354222333000,-2.18,15.98,14.75
976105,9,Walking,7354272321000,1.08,13.99,-3.21
976106,9,Walking,7354322370000,0.19,15.79,-2.53
976107,9,Walking,7354372510000,-0.04,11.56,0.61
976108,9,Walking,7354422346000,2.34,8.96,-1.88
976109,9,Walking,7354472333000,2.3,5.63,-0.27
976110,9,Walking,7354522321000,0.53,4.14,-0.11
976111,9,Walking,7354572339000,-1.23,5.22,2.07
976112,9,Walking,7354622297000,-1.23,8.2,3.15
976113,9,Walking,7354672346000,-0.04,13.48,2.79
976114,9,Walking,7354722333000,3.95,16.82,2.41
976115,9,Walking,7354772321000,0.27,16.4,6.17
976116,9,Walking,7354822370000,-0.34,12.07,3.72
976117,9,Walking,7354872297000,-1.57,11.14,-0.84
976118,9,Walking,7354922346000,-0.91,6.82,-1.33
976119,9,Walking,7354972333000,-1.18,4.86,-1.92
976120,9,Walking,7355022321000,0.42,3.49,-2.68
976121,9,Walking,7355072339000,0.23,5.37,-0.46
976122,9,Walking,7355122327000,0.61,8.62,0.5
976123,9,Walking,7355172346000,0.15,16.86,15.85
976124,9,Walking,7355222333000,2.72,9.04,0.89
976125,9,Walking,7355272291000,-4.82,12.87,0.27
976126,9,Walking,7355322339000,0.57,17.58,-1.33
976127,9,Walking,7355372327000,-0.23,9.66,-1.61
976128,9,Walking,7355422346000,2.72,7.97,-2.98
976129,9,Walking,7355472333000,1.65,5.22,-0.08
976130,9,Walking,7355522321000,-1.31,7.63,3.45
976131,9,Walking,7355572339000,-1.46,6.66,0.8
976132,9,Walking,7355622358000,-0.91,12.76,4.6
976133,9,Walking,7355672346000,-1.04,13.4,2.91
976134,9,Walking,7355722333000,0.19,18.62,5.75
976135,9,Walking,7355772413000,1.69,12.87,2.18
976136,9,Walking,7355822339000,3.34,11.6,-3.68
976137,9,Walking,7355872297000,3.34,8.58,-4.25
