,user,label,timestamp,x,y,z
976138,9,Walking,7355922346000,-1.69,5.63,-4.18
976139,9,Walking,7355972333000,-0.5,4.48,0.27
976140,9,Walking,7356022321000,-0.04,4.37,2.34
976141,9,Walking,7356072339000,0.04,5.94,2.79
976142,9,Walking,7356122297000,-0.04,9.0,0.95
976143,9,Walking,7356172346000,-1.31,14.75,8.73
976144,9,Walking,7356222333000,-1.84,11.35,7.5
976145,9,Walking,7356272687000,-4.99,13.63,1.18
976146,9,Walking,7356322339000,0.84,15.02,2.07
976147,9,Walking,7356372358000,-0.95,9.72,-1.31
976148,9,Walking,7356422346000,1.73,7.46,-1.14
976149,9,Walking,7356472364000,1.65,5.94,-0.76
976150,9,Walking,7356522321000,1.73,4.82,-1.42
976151,9,Walking,7356572339000,-0.3,5.79,0.11
976152,9,Walking,7356622327000,-0.72,8.81,1.42
976153,9,Walking,7356672346000,-0.11,14.63,3.41
976154,9,Walking,7356722364000,-0.38,16.13,5.67
976155,9,Walking,7356772321000,-1.65,12.83,9.23
976156,9,Walking,7356822339000,-2.26,11.45,5.75
976157,9,Walking,7356872358000,-0.72,13.21,1.31
976158,9,Walking,7356922346000,0.65,9.62,-8.54
976159,9,Walking,7356972333000,-0.3,3.34,-2.3
976160,9,Walking,7357022382000,-0.76,4.18,-0.72
976161,9,Walking,7357072339000,-0.69,5.52,0.27
976162,9,Walking,7357122327000,-0.61,10.38,0.76
976163,9,Walking,7357172346000,-4.79,16.09,12.03
976164,9,Walking,7357222333000,1.95,4.52,6.7
976165,9,Walking,7357272352000,-0.42,18.73,2.79
976166,9,Walking,7357322370000,-0.34,12.64,-0.53
976167,9,Walking,7357372388000,0.34,9.04,-3.68
976168,9,Walking,7357422376000,1.5,7.08,-3.11
976169,9,Walking,7357472333000,-0.15,5.56,-1.88
976170,9,Walking,7357522321000,-2.64,5.28,-0.08
976171,9,Walking,7357572370000,-2.72,6.51,1.14
976172,9,Walking,7357622327000,-2.03,12.18,4.6
976173,9,Walking,7357672407000,4.14,15.89,6.93
976174,9,Walking,7357722333000,2.41,13.76,8.85
976175,9,Walking,7357772504000,-2.45,12.57,5.63
976176,9,Walking,7357822339000,-3.53,13.29,0.84
976177,9,Walking,7357872327000,-4.1,11.6,-4.82
976178,9,Walking,7357922346000,-2.14,5.71,-3.91
976179,9,Walking,7357972333000,-0.95,4.52,-1.33
976180,9,Walking,7358022321000,0.11,4.94,0.46
976181,9,Walking,7358072370000,0.23,6.85,-0.99
976182,9,Walking,7358122327000,1.69,11.45,1.27
976183,9,Walking,7358172376000,-3.11,13.91,15.13
976184,9,Walking,7358222364000,4.44,11.11,8.54
976185,9,Walking,7358272840000,-2.6,17.62,-2.37
976186,9,Walking,7358322339000,0.04,10.76,-0.76
976187,9,Walking,7358372358000,-0.11,7.74,-3.68
976188,9,Walking,7358422376000,1.23,6.74,-2.37
976189,9,Walking,7358472333000,0.23,5.6,-0.65
976190,9,Walking,7358522321000,0.11,5.56,0.93
976191,9,Walking,7358572339000,-1.12,7.35,2.79
976192,9,Walking,7358622358000,-1.38,11.54,4.29
976193,9,Walking,7358672346000,0.5,16.21,5.13
976194,9,Walking,7358722333000,-0.27,16.47,5.37
976195,9,Walking,7358772352000,-2.22,10.69,5.9
976196,9,Walking,7358772352000,-2.22,10.69,5.9
976197,9,Walking,7358842298000,-2.49,12.3,0.53
976198,9,Walking,7358892286000,0.42,8.73,-3.72
976199,9,Walking,7358942335000,1.57,5.22,-2.56
976200,9,Walking,7358992292000,0.23,4.44,-0.15
976201,9,Walking,7359042341000,0.72,5.75,-0.08
976202,9,Walking,7359092328000,1.18,9.38,1.18
976203,9,Walking,7359142347000,-3.83,15.83,10.88
976204,9,Walking,7359192335000,-0.38,8.69,7.21
976205,9,Walking,7359242322000,2.26,16.21,1.99
976206,9,Walking,7359292341000,1.54,16.02,-3.53
976207,9,Walking,7359342328000,1.14,9.58,0.19
976208,9,Walking,7359392347000,2.22,6.97,-2.26
976209,9,Walking,7359442365000,1.42,5.94,-0.5
976210,9,Walking,7359492322000,0.84,5.52,1.18
976211,9,Walking,7359542341000,0.57,5.43,3.15
976212,9,Walking,7359592328000,-2.3,9.77,2.37
976213,9,Walking,7359642408000,-4.02,12.41,3.3
976214,9,Walking,7359692335000,-4.71,13.33,0.57
976215,9,Walking,7359742322000,-5.63,14.25,0.11
976216,9,Walking,7359792341000,-4.06,11.03,0.38
976217,9,Walking,7359842298000,-2.79,11.99,0.38
976218,9,Walking,7359892316000,-0.15,8.77,0.38
976219,9,Walking,7359942335000,0.23,5.24,2.03
976220,9,Walking,7359992322000,1.08,2.45,-0.57
976221,9,Walking,7360042341000,0.15,4.99,0.19
976222,9,Walking,7360092328000,0.08,12.3,4.29
976223,9,Walking,7360142347000,-1.99,15.55,7.55
976224,9,Walking,7360192335000,-1.95,13.72,7.89
976225,9,Walking,7360242353000,1.08,12.03,-0.42
976226,9,Walking,7360302350000,2.15,12.95,0.15
976227,9,Walking,7360352338000,3.83,8.92,-3.11
976228,9,Walking,7360402326000,4.99,8.01,-3.15
976229,9,Walking,7360452375000,3.53,6.55,-0.34
976230,9,Walking,7360502332000,-0.34,7.25,2.79
976231,9,Walking,7360552320000,-2.26,4.9,5.05
976232,9,Walking,7360602338000,-0.46,8.35,4.63
976233,9,Walking,7360652326000,1.5,13.82,5.94
976234,9,Walking,7360702375000,3.64,16.59,2.91
976235,9,Walking,7360752363000,0.04,15.05,-2.75
976236,9,Walking,7360802320000,-1.04,12.45,-0.89
976237,9,Walking,7360852338000,-0.99,9.89,-1.5
976238,9,Walking,7360902326000,-0.72,6.89,0.27
976239,9,Walking,7360952344000,0.57,4.75,1.14
976240,9,Walking,7361002332000,1.33,3.38,-0.61
976241,9,Walking,7361052320000,0.27,6.44,-1.33
976242,9,Walking,7361102338000,1.5,11.69,2.07
976243,9,Walking,7361152326000,-1.14,13.67,15.28
976244,9,Walking,7361202375000,-1.84,14.67,6.32
976245,9,Walking,7361252332000,0.8,11.03,-6.13
976246,9,Walking,7361302320000,-0.15,14.6,1.8
976247,9,Walking,7361352338000,2.22,8.54,-1.23
976248,9,Walking,7361402326000,3.26,7.7,-4.14
976249,9,Walking,7361452344000,1.8,7.12,-1.27
976250,9,Walking,7361502332000,-0.23,5.67,0.38
976251,9,Walking,7361552320000,-1.42,5.86,2.91
976252,9,Walking,7361602338000,-1.46,7.27,4.06
976254,9,Walking,7361722333000,4.25,17.62,-0.5
976253,9,Walking,7361722333000,4.25,17.62,-0.5
976255,9,Walking,7361772230000,-0.08,14.6,3.45
976256,9,Walking,7361822370000,-2.83,12.91,2.07
976257,9,Walking,7361872266000,-4.14,9.58,0.89
976258,9,Walking,7361922346000,-2.83,4.82,-0.04
976259,9,Walking,7361972303000,-0.38,4.82,0.42
976260,9,Walking,7362022321000,2.15,5.09,1.23
976261,9,Walking,7362072339000,1.73,5.67,-0.23
976262,9,Walking,7362122327000,0.38,12.83,5.33
976263,9,Walking,7362172346000,-1.14,16.04,12.45
976264,9,Walking,7362222333000,-3.45,12.6,-0.5
976265,9,Walking,7362272291000,-3.34,12.22,-1.65
976266,9,Walking,7362322339000,0.19,14.44,1.27
976267,9,Walking,7362372327000,0.93,8.58,-1.5
976268,9,Walking,7362422346000,1.31,6.85,-1.42
976269,9,Walking,7362472333000,0.31,4.9,-0.99
976270,9,Walking,7362522382000,-0.57,3.99,1.18
976271,9,Walking,7362572339000,-2.37,6.78,1.33
976272,9,Walking,7362622327000,-1.23,11.5,1.92
976273,9,Walking,7362672346000,1.27,16.13,0.46
976274,9,Walking,7362722333000,3.21,15.55,2.76
976275,9,Walking,7362772291000,-0.65,11.92,4.6
976276,9,Walking,7362822339000,-4.14,11.65,1.33
976277,9,Walking,7362872327000,-4.06,10.95,0.76
976278,9,Walking,7362922346000,-2.18,5.56,-1.53
976279,9,Walking,7362972333000,-0.08,4.25,0.89
976280,9,Walking,7363022321000,0.15,3.79,0.46
976281,9,Walking,7363072339000,1.23,6.85,-0.34
976282,9,Walking,7363122327000,2.26,12.72,-0.61
976283,9,Walking,7363172346000,-2.11,15.17,11.37
976284,9,Walking,7363222333000,2.64,14.44,6.36
976285,9,Walking,7363272291000,-0.72,14.63,-4.94
976286,9,Walking,7363322339000,-0.76,10.84,1.42
976287,9,Walking,7363372327000,-1.12,8.35,-2.53
976288,9,Walking,7363422315000,0.08,6.32,-0.5
976289,9,Walking,7363472364000,0.8,4.56,-0.11
976290,9,Walking,7363522321000,-0.42,6.74,1.42
976291,9,Walking,7363572339000,-0.34,7.35,1.84
976292,9,Walking,7363622327000,0.27,12.53,3.15
976293,9,Walking,7363672346000,5.48,14.6,4.06
976294,9,Walking,7363722333000,1.18,16.28,6.97
976295,9,Walking,7363772321000,-3.45,12.3,4.02
976296,9,Walking,7363822339000,-5.2,11.6,2.37
976297,9,Walking,7363872327000,-4.21,9.19,-0.65
976298,9,Walking,7363922346000,-1.12,4.79,-2.83
976299,9,Walking,7363972333000,2.72,4.48,-3.91
976300,9,Walking,7364022321000,0.99,5.43,-4.82
976301,9,Walking,7364072339000,0.95,7.31,1.65
976302,9,Walking,7364122327000,1.14,12.6,3.53
976303,9,Walking,7364172346000,-1.08,12.41,16.66
976304,9,Walking,7364222303000,-3.95,12.53,5.48
976305,9,Walking,7364272291000,-3.34,11.22,-7.12
976306,9,Walking,7364322339000,-2.53,15.4,1.84
976307,9,Walking,7364372327000,-1.31,6.97,0.61
976308,9,Walking,7364422346000,1.54,7.78,-2.18
976309,9,Walking,7364472333000,1.57,5.94,0.11
976310,9,Walking,7364522291000,0.27,5.9,0.11
976311,9,Walking,7364572339000,-0.61,6.78,1.69
976312,9,Walking,7364622327000,-1.38,9.66,2.49
976313,9,Walking,7364672346000,0.99,13.76,3.45
976314,9,Walking,7364722333000,3.02,15.85,5.75
976315,9,Walking,7364772291000,0.42,14.44,5.94
976316,9,Walking,7364822339000,-3.53,12.37,1.57
976317,9,Walking,7364872327000,-3.45,11.07,-0.38
976318,9,Walking,7364922346000,-2.87,5.94,-1.12
976319,9,Walking,7364972333000,-0.95,3.57,0.38
976320,9,Walking,7365022321000,1.38,5.09,-0.72
976321,9,Walking,7365072339000,0.99,6.97,-2.64
976322,9,Walking,7365122327000,-0.11,10.0,1.08
976323,9,Walking,7365172346000,-0.89,17.5,17.08
976324,9,Walking,7365222333000,-0.38,5.67,0.61
976325,9,Walking,7365275312000,-4.75,16.21,0.53
976327,9,Walking,7365332319000,-0.11,13.87,1.65
976326,9,Walking,7365332319000,-0.11,13.87,1.65
976328,9,Walking,7365392286000,-1.04,7.55,-2.3
976329,9,Walking,7365442335000,1.57,6.36,-1.27
976330,9,Walking,7365492353000,-0.19,4.82,0.11
976331,9,Walking,7365542341000,-0.65,5.33,-0.11
976332,9,Walking,7365592328000,-1.69,7.63,2.79
976333,9,Walking,7365642347000,-2.22,12.03,4.75
976334,9,Walking,7365692335000,2.49,16.25,2.98
976335,9,Walking,7365742322000,0.23,14.86,7.12
976336,9,Walking,7365792341000,-5.79,11.3,4.6
976337,9,Walking,7365842328000,-5.33,11.65,2.03
