,user,label,timestamp,x,y,z
1003479,9,Walking,9314932325000,3.15,2.15,-3.72
1003480,9,Walking,9314982343000,4.99,2.07,-4.06
1003481,9,Walking,9315032331000,7.44,3.49,-1.88
1003482,9,Walking,9315082349000,8.54,2.07,-1.61
1003483,9,Walking,9315132337000,10.23,4.6,-6.21
1003484,9,Walking,9315182325000,11.8,5.79,-4.4
1003485,9,Walking,9315232374000,11.84,6.09,-7.93
1003486,9,Walking,9315282331000,7.27,4.67,-9.49
1003487,9,Walking,9315332349000,5.01,3.02,-5.82
1003488,9,Walking,9315382337000,5.79,0.57,-4.75
1003489,9,Walking,9315432325000,5.71,0.42,-4.82
1003490,9,Walking,9315482343000,6.63,0.89,-4.56
1003491,9,Walking,9315532331000,5.98,1.31,-3.3
1003492,9,Walking,9315582349000,6.7,2.68,-3.06
1003493,9,Walking,9315632337000,10.38,4.14,-4.48
1003494,9,Walking,9315682325000,13.57,4.06,-5.09
1003495,9,Walking,9315732343000,14.33,0.95,-7.5
1003496,9,Walking,9315782331000,9.96,4.6,-8.27
1003497,9,Walking,9315832349000,6.09,5.52,-6.7
1003498,9,Walking,9315882337000,3.72,3.83,-3.15
1003499,9,Walking,9315932355000,4.25,2.03,-3.53
1003500,9,Walking,9315982343000,5.52,1.8,-3.53
1003501,9,Walking,9316032331000,6.24,1.95,-3.15
1003502,9,Walking,9316082349000,9.72,0.99,-2.03
1003503,9,Walking,9316132337000,11.96,6.21,-6.89
1003504,9,Walking,9316182325000,11.41,5.63,-6.51
1003505,9,Walking,9316232374000,7.74,6.32,-12.18
1003506,9,Walking,9316282331000,4.52,1.92,-9.58
1003507,9,Walking,9316332349000,4.71,1.73,-8.01
1003508,9,Walking,9316382337000,4.18,2.26,-3.57
1003509,9,Walking,9316432325000,5.24,1.73,-4.02
1003510,9,Walking,9316482343000,6.36,1.73,-4.56
1003511,9,Walking,9316532331000,6.05,1.92,-3.68
1003512,9,Walking,9316582349000,8.01,2.15,-4.82
1003513,9,Walking,9316632337000,11.88,2.91,-5.48
1003514,9,Walking,9316682325000,14.48,3.72,-5.67
1003515,9,Walking,9316732343000,10.61,3.11,-8.85
1003516,9,Walking,9316782331000,7.4,4.33,-8.05
1003517,9,Walking,9316832349000,4.9,3.79,-5.98
1003518,9,Walking,9316882337000,3.57,1.95,-4.44
1003519,9,Walking,9316932325000,4.48,1.57,-4.56
1003520,9,Walking,9316982343000,4.75,1.54,-3.83
1003521,9,Walking,9317032331000,7.08,1.54,-2.22
1003522,9,Walking,9317082349000,12.57,2.56,-5.2
1003523,9,Walking,9317132337000,12.3,4.52,-5.67
1003524,9,Walking,9317182325000,10.53,5.22,-9.96
1003525,9,Walking,9317232374000,6.97,3.41,-9.58
1003526,9,Walking,9317282331000,5.01,-0.23,-8.96
1003527,9,Walking,9317332349000,4.18,0.11,-4.67
1003528,9,Walking,9317382337000,6.13,0.8,-4.37
1003529,9,Walking,9317432325000,6.51,1.33,-5.2
1003530,9,Walking,9317482343000,5.41,1.57,-2.45
1003532,9,Walking,9317592115000,10.65,2.53,-6.63
1003531,9,Walking,9317592115000,10.65,2.53,-6.63
1003533,9,Walking,9317642255000,14.06,2.56,-6.55
1003534,9,Walking,9317692365000,12.79,1.14,-8.08
1003535,9,Walking,9317742292000,9.23,3.21,-8.96
1003536,9,Walking,9317792371000,5.37,3.87,-5.63
1003537,9,Walking,9317842328000,4.18,3.21,-3.76
1003538,9,Walking,9317892347000,4.52,1.18,-3.57
1003539,9,Walking,9317942335000,5.28,2.53,-4.06
1003540,9,Walking,9317992292000,7.97,2.79,-1.61
1003541,9,Walking,9318042341000,10.31,2.15,-2.18
1003542,9,Walking,9318092328000,12.45,4.44,-4.67
1003543,9,Walking,9318142347000,12.83,4.75,-5.28
1003544,9,Walking,9318192335000,10.19,4.18,-9.66
1003545,9,Walking,9318242322000,7.01,2.41,-7.08
1003546,9,Walking,9318292524000,6.97,0.08,-4.4
1003547,9,Walking,9318342328000,5.63,0.84,-3.34
1003548,9,Walking,9318392347000,6.44,0.57,-3.98
1003549,9,Walking,9318442335000,6.97,1.18,-3.21
1003550,9,Walking,9318492353000,7.35,2.72,-1.33
1003551,9,Walking,9318542341000,10.23,2.79,-2.64
1003552,9,Walking,9318592328000,11.41,2.18,-4.06
1003553,9,Walking,9318642347000,14.21,3.34,-2.64
1003554,9,Walking,9318692335000,13.33,2.68,-5.37
1003555,9,Walking,9318742322000,9.96,2.91,-6.36
1003556,9,Walking,9318792890000,7.08,3.6,-4.29
1003557,9,Walking,9318842328000,5.13,2.91,-3.53
1003558,9,Walking,9318892347000,5.37,1.76,-3.02
1003559,9,Walking,9318942335000,6.32,1.23,-2.91
1003560,9,Walking,9318992322000,7.12,1.61,-1.95
1003561,9,Walking,9319042341000,9.43,1.8,-1.42
1003562,9,Walking,9319092328000,13.95,4.4,-2.45
1003563,9,Walking,9319142347000,13.82,2.98,-0.08
1003564,9,Walking,9319192335000,13.76,6.32,-5.2
1003565,9,Walking,9319242322000,9.11,4.4,-4.33
1003566,9,Walking,9319292310000,7.08,2.76,-3.36
1003567,9,Walking,9319342328000,5.43,2.11,-3.49
1003568,9,Walking,9319392347000,6.36,2.22,-3.36
1003569,9,Walking,9319442335000,7.12,1.95,-3.72
1003570,9,Walking,9319492322000,6.55,2.76,-1.61
1003571,9,Walking,9319542341000,10.73,1.95,3.15
1003572,9,Walking,9319592328000,12.07,3.3,-4.48
1003573,9,Walking,9319642347000,13.53,3.26,-1.84
1003574,9,Walking,9319692335000,15.94,3.15,-3.34
1003575,9,Walking,9319742322000,10.38,5.52,-5.13
1003576,9,Walking,9319792341000,7.4,5.18,-4.29
1003577,9,Walking,9319842328000,3.72,4.18,-2.14
1003578,9,Walking,9319892347000,5.13,2.98,-1.73
1003579,9,Walking,9319942335000,7.27,2.53,-1.31
1003580,9,Walking,9319992292000,8.39,1.95,0.69
1003581,9,Walking,9320042341000,9.38,3.83,1.33
1003582,9,Walking,9320092328000,11.8,5.18,-0.72
1003583,9,Walking,9320142347000,13.99,6.02,0.46
1003584,9,Walking,9320192335000,12.34,9.72,-4.86
1003585,9,Walking,9320242353000,9.19,3.95,-3.26
1003586,9,Walking,9320292707000,6.47,2.64,-4.18
1003587,9,Walking,9320342328000,4.9,2.87,-4.21
1003588,9,Walking,9320392377000,5.63,3.11,-3.91
1003589,9,Walking,9320442335000,6.85,2.87,-3.17
1003590,9,Walking,9320492322000,7.21,2.6,-2.79
1003591,9,Walking,9320542341000,10.12,3.45,1.99
1003592,9,Walking,9320592328000,13.29,3.53,-0.27
1003593,9,Walking,9320642377000,14.67,2.3,-2.34
1003594,9,Walking,9320692365000,13.87,4.18,-5.86
1003595,9,Walking,9320742322000,10.46,4.56,-5.56
1003596,9,Walking,9320792310000,5.94,5.63,-5.01
1003597,9,Walking,9320842328000,3.49,4.6,-3.95
1003598,9,Walking,9320892377000,4.82,2.56,-2.68
1003599,9,Walking,9320942335000,6.63,1.31,-2.98
1003600,9,Walking,9320992292000,9.04,0.65,-1.18
1003601,9,Walking,9321042341000,10.27,2.22,0.15
1003602,9,Walking,9321092328000,13.76,5.41,-2.49
1003603,9,Walking,9321142347000,13.33,7.01,-3.53
1003604,9,Walking,9321192335000,10.31,5.33,-9.23
1003605,9,Walking,9321242353000,6.36,3.06,-6.74
1003606,9,Walking,9321292310000,5.52,1.54,-7.01
1003607,9,Walking,9321342328000,4.18,0.38,-5.79
1003608,9,Walking,9321392347000,4.99,1.04,-3.68
1003609,9,Walking,9321442335000,6.55,1.5,-3.06
1003610,9,Walking,9321492322000,7.67,2.03,-1.42
1003611,9,Walking,9321542371000,9.58,3.68,-2.26
1003612,9,Walking,9321592328000,15.55,3.87,-1.27
1003613,9,Walking,9321642347000,14.02,1.61,-3.79
1003614,9,Walking,9321692335000,11.75,1.73,-5.52
1003615,9,Walking,9321742322000,10.08,3.26,-7.04
1003616,9,Walking,9321792341000,4.63,6.82,-6.74
1003617,9,Walking,9321842328000,4.94,1.69,-3.26
1003618,9,Walking,9321892347000,5.22,3.06,-2.41
1003619,9,Walking,9321942335000,7.55,2.72,0.93
1003620,9,Walking,9321992292000,8.92,-0.23,1.18
1003621,9,Walking,9322042341000,10.38,4.06,-2.41
1003622,9,Walking,9322092328000,15.13,4.56,-1.14
1003623,9,Walking,9322142347000,13.4,5.98,-1.92
1003624,9,Walking,9322192335000,11.56,6.05,-7.59
1003625,9,Walking,9322242322000,6.28,2.45,-3.6
1003626,9,Walking,9322292310000,6.55,1.65,-6.32
1003627,9,Walking,9322342359000,6.63,0.93,-2.53
1003628,9,Walking,9322392377000,7.55,1.5,-1.33
1003629,9,Walking,9322442335000,7.12,2.15,-1.65
1003630,9,Walking,9322492322000,7.67,2.87,-0.38
1003631,9,Walking,9322542341000,11.03,2.53,-0.99
1003632,9,Walking,9322592328000,12.76,4.06,0.99
1003633,9,Walking,9322642316000,14.52,3.76,-1.69
1003634,9,Walking,9322692274000,12.03,3.76,-6.43
1003635,9,Walking,9322742322000,9.08,5.18,-5.48
1003636,9,Walking,9322792310000,7.35,3.53,-3.64
1003637,9,Walking,9322842298000,7.35,1.61,-1.69
1003638,9,Walking,9322892347000,7.01,0.04,0.8
1003639,9,Walking,9322942335000,6.51,1.8,1.95
1003640,9,Walking,9322992322000,8.39,0.31,1.31
1003641,9,Walking,9323042341000,10.8,2.45,-3.21
1003642,9,Walking,9323092328000,15.83,1.14,0.0
1003643,9,Walking,9323142347000,14.63,5.52,-2.22
1003644,9,Walking,9323192335000,10.73,4.79,-5.09
1003645,9,Walking,9323242322000,8.16,1.14,-4.79
1003646,9,Walking,9323292310000,7.44,1.69,-4.9
1003647,9,Walking,9323342328000,8.31,2.6,-3.3
1003648,9,Walking,9323392347000,6.78,3.11,5.98
1003649,9,Walking,9323442335000,7.25,1.42,-0.04
1003650,9,Walking,9323492322000,7.86,2.56,-1.31
1003651,9,Walking,9323542341000,12.37,2.41,-1.42
1003652,9,Walking,9323592328000,15.66,0.38,1.27
1003653,9,Walking,9323642377000,14.71,0.69,-4.94
1003654,9,Walking,9323692335000,11.03,3.02,-5.13
1003655,9,Walking,9323742322000,9.11,4.56,-4.37
1003656,9,Walking,9323792310000,6.51,3.02,-3.17
1003657,9,Walking,9323842328000,5.05,1.14,-1.23
1003658,9,Walking,9323892347000,6.28,0.23,2.68
1003659,9,Walking,9323942335000,8.73,0.57,2.22
1003660,9,Walking,9323992322000,9.04,1.08,-2.49
1003661,9,Walking,9324042341000,14.71,4.25,-5.86
1003662,9,Walking,9324092328000,17.82,3.3,-2.49
1003663,9,Walking,9324142347000,9.15,1.42,-6.09
1003664,9,Walking,9324192335000,9.19,2.18,-6.55
1003665,9,Walking,9324242322000,5.79,1.42,-3.21
1003666,9,Walking,9324292310000,5.56,1.27,-2.53
1003667,9,Walking,9324342298000,6.7,1.27,-3.02
1003668,9,Walking,9324392347000,6.66,1.04,-2.53
1003669,9,Walking,9324442335000,8.92,0.38,0.76
1003670,9,Walking,9324492322000,12.37,1.92,0.31
1003671,9,Walking,9324542341000,14.1,2.07,-2.87
1003672,9,Walking,9324592328000,15.66,0.23,-4.21
1003673,9,Walking,9324642347000,11.88,1.38,-5.28
1003674,9,Walking,9324692335000,9.51,2.56,-5.01
1003675,9,Walking,9324742322000,5.41,4.21,-5.52
1003676,9,Walking,9324792310000,3.76,2.79,-2.26
1003677,9,Walking,9324842328000,4.02,1.95,-2.18
1003678,9,Walking,9324892377000,5.79,2.03,-2.49
