,user,label,timestamp,x,y,z
824314,31,Downstairs,24653161507000,-4.52,11.5,-0.04
824315,31,Downstairs,24653201698000,-1.08,7.86,1.12
824316,31,Downstairs,24653241463000,-2.3,4.6,0.08
824317,31,Downstairs,24653281563000,-3.53,3.38,0.69
824318,31,Downstairs,24653361641000,-1.42,6.17,0.65
824319,31,Downstairs,24653401619000,-1.12,6.02,1.95
824320,31,Downstairs,24653441627000,-0.15,7.59,3.72
824321,31,Downstairs,24653481544000,0.11,8.69,4.71
824322,31,Downstairs,24653561622000,-2.03,12.34,-0.23
824323,31,Downstairs,24653681282000,-1.84,12.34,-0.23
824324,31,Downstairs,24653681282000,-1.84,12.34,-0.23
824325,31,Downstairs,24653681282000,-1.84,15.05,0.04
824326,31,Downstairs,24653761482000,-1.88,9.11,-0.89
824327,31,Downstairs,24653801643000,-2.96,6.89,-1.04
824328,31,Downstairs,24653841469000,-3.41,8.05,0.34
824329,31,Downstairs,24653921577000,1.12,9.0,3.72
824330,31,Downstairs,24653961494000,-1.5,9.23,1.23
824331,31,Downstairs,24654001655000,-0.84,7.89,2.56
824332,31,Downstairs,24654041664000,-2.45,5.9,0.61
824333,31,Downstairs,24654121590000,-1.18,8.77,1.23
824334,31,Downstairs,24654161476000,-1.08,11.75,2.53
824335,31,Downstairs,24654201546000,-2.53,15.55,2.87
824336,31,Downstairs,24654241646000,-3.6,16.44,2.07
824337,31,Downstairs,24654321724000,-3.83,11.35,1.18
824338,31,Downstairs,24654361519000,-0.53,6.13,0.15
824339,31,Downstairs,24654401619000,-0.04,6.05,1.46
824340,31,Downstairs,24654441505000,-3.02,6.13,1.38
824341,31,Downstairs,24654521614000,-2.76,4.63,-0.76
824342,31,Downstairs,24654561592000,-3.26,5.28,1.33
824343,31,Downstairs,24654601509000,-0.11,6.36,2.41
824344,31,Downstairs,24654641609000,2.14,9.08,2.07
824345,31,Downstairs,24654681526000,2.03,8.92,4.71
824346,31,Downstairs,24654761513000,-3.41,9.19,2.18
824347,31,Downstairs,24654801521000,-2.98,12.18,-1.54
824348,31,Downstairs,24654841621000,-5.79,18.89,5.82
824349,31,Downstairs,24654921608000,-2.64,7.44,-1.46
824350,31,Downstairs,24654961738000,-2.56,13.4,-1.38
824351,31,Downstairs,24655001747000,-0.46,11.07,-0.93
824352,31,Downstairs,24655041756000,-0.11,6.24,2.11
824353,31,Downstairs,24655081673000,-2.49,8.01,2.68
824354,31,Downstairs,24655161507000,-1.04,6.89,2.34
824355,31,Downstairs,24655201546000,-1.5,7.93,2.45
824356,31,Downstairs,24655241493000,-2.07,6.63,1.31
824357,31,Downstairs,24655281532000,-1.54,9.58,1.31
824358,31,Downstairs,24655361519000,2.11,13.76,3.91
824359,31,Downstairs,24655401649000,1.84,14.82,2.68
824360,31,Downstairs,24655441597000,-1.92,17.16,1.46
824361,31,Downstairs,24655521583000,-4.6,6.59,0.72
824362,31,Downstairs,24655561622000,-1.27,6.13,1.88
824363,31,Downstairs,24655601509000,-1.14,7.16,1.57
824364,31,Downstairs,24655641548000,-3.21,5.71,0.65
824365,31,Downstairs,24655721596000,-4.37,5.24,1.57
824366,31,Downstairs,24655761513000,-2.91,5.9,2.45
824367,31,Downstairs,24655801643000,-0.61,6.55,2.26
824368,31,Downstairs,24655851662000,0.8,9.11,4.14
824369,31,Downstairs,24655891426000,0.15,8.58,3.83
824370,31,Downstairs,24655931496000,-2.41,8.69,3.49
824371,31,Downstairs,24656011940000,-2.96,16.63,-1.42
824372,31,Downstairs,24656051582000,-2.96,14.06,0.72
824373,31,Downstairs,24656091530000,-1.65,17.24,1.57
824374,31,Downstairs,24656131660000,-1.69,10.0,-1.61
824375,31,Downstairs,24656211433000,-3.17,9.15,-0.61
824376,31,Downstairs,24656254646000,-2.34,7.31,-0.76
824377,31,Downstairs,24656292030000,-0.5,7.21,4.29
824378,31,Downstairs,24656331520000,-1.57,6.55,1.42
824379,31,Downstairs,24656411598000,-1.84,6.02,0.57
824380,31,Downstairs,24656451515000,-1.38,8.5,1.33
824381,31,Downstairs,24656491554000,-1.57,9.28,0.91
824382,31,Downstairs,24656531471000,-1.23,13.53,2.6
824383,31,Downstairs,24656611488000,-0.95,15.75,2.6
824384,31,Downstairs,24656651619000,-2.15,13.1,1.14
824385,31,Downstairs,24656691597000,-4.25,12.83,1.84
824386,31,Downstairs,24656731483000,-2.83,4.75,1.57
824387,31,Downstairs,24656811592000,-2.76,6.13,1.46
824388,31,Downstairs,24656851478000,-2.64,6.13,1.12
824389,31,Downstairs,24656891670000,-2.68,5.63,-0.08
824390,31,Downstairs,24656931465000,-2.45,7.44,2.96
824391,31,Downstairs,24657011574000,2.03,8.28,2.6
824392,31,Downstairs,24657051552000,1.95,7.59,3.11
824393,31,Downstairs,24657091652000,-1.88,9.77,5.48
824394,31,Downstairs,24657131477000,-1.84,12.76,-0.93
824395,31,Downstairs,24657211433000,-1.5,15.51,-1.18
824396,31,Downstairs,24657251503000,-0.8,10.19,-2.22
824397,31,Downstairs,24657291664000,-1.54,17.12,0.84
824398,31,Downstairs,24657331489000,-2.3,6.24,-1.54
824399,31,Downstairs,24657411476000,-4.1,8.24,-0.04
824400,31,Downstairs,24657451515000,-2.56,7.97,0.19
824401,31,Downstairs,24657491524000,0.5,8.28,3.68
824402,31,Downstairs,24657531471000,-0.72,6.24,0.34
824403,31,Downstairs,24657611458000,-2.22,5.9,3.21
824404,31,Downstairs,24657651619000,-2.03,9.51,1.23
824405,31,Downstairs,24657691444000,-1.65,7.55,0.11
824406,31,Downstairs,24657771492000,1.88,14.86,3.11
824407,31,Downstairs,24657811439000,-0.15,12.3,1.12
824408,31,Downstairs,24657851478000,-1.99,15.05,1.88
824409,31,Downstairs,24657911415000,-3.95,11.22,1.65
824410,31,Downstairs,24657951576000,-2.98,5.09,0.42
824411,31,Downstairs,24657991493000,-1.99,5.56,2.07
824412,31,Downstairs,24658031471000,-2.18,6.97,0.65
824413,31,Downstairs,24658111458000,-2.96,5.22,0.3
824414,31,Downstairs,24658151497000,-1.5,7.82,1.88
824415,31,Downstairs,24658191597000,0.42,9.19,1.53
824416,31,Downstairs,24658271522000,1.46,9.08,6.05
824417,31,Downstairs,24658311439000,-0.89,8.92,3.83
824418,31,Downstairs,24658351478000,-2.34,8.05,1.53
824419,31,Downstairs,24658391518000,-2.22,13.67,-1.04
824420,31,Downstairs,24658431465000,-3.68,9.81,-2.79
824421,31,Downstairs,24658511482000,-3.68,12.3,-1.42
824422,31,Downstairs,24658551521000,-3.76,13.33,0.42
824423,31,Downstairs,24658591530000,-2.18,6.97,-0.89
824424,31,Downstairs,24658631569000,-2.49,9.28,-0.93
824425,31,Downstairs,24658712410000,-2.07,7.21,-0.23
824426,31,Downstairs,24658752052000,-1.92,10.19,3.36
824427,31,Downstairs,24658791633000,-2.96,8.2,0.76
824428,31,Downstairs,24658831489000,-0.84,7.46,-0.34
824429,31,Downstairs,24658911476000,-0.65,9.62,-0.8
824430,31,Downstairs,24658951515000,-2.03,10.95,4.1
824431,31,Downstairs,24658991493000,-4.18,13.95,4.1
824432,31,Downstairs,24659071480000,-4.67,13.1,1.04
824433,31,Downstairs,24659111488000,-7.08,13.4,1.18
824434,31,Downstairs,24659151405000,-4.52,6.17,0.69
824435,31,Downstairs,24659191444000,-3.41,3.21,1.14
824436,31,Downstairs,24659271492000,-5.22,6.93,0.11
824437,31,Downstairs,24659311592000,-4.52,8.24,-0.27
824438,31,Downstairs,24659351478000,-2.45,8.47,1.23
824439,31,Downstairs,24659391518000,-1.54,9.77,1.95
824440,31,Downstairs,24659431465000,0.46,11.22,2.75
824441,31,Downstairs,24659511482000,2.68,11.84,4.52
824442,31,Downstairs,24659551552000,-3.91,15.36,7.97
824443,31,Downstairs,24659591530000,-1.76,8.43,-2.91
824444,31,Downstairs,24659671638000,-8.43,9.47,-1.42
824445,31,Downstairs,24659711433000,-10.46,8.39,-2.3
824446,31,Downstairs,24659751503000,-6.32,6.05,-0.04
824447,31,Downstairs,24659791603000,-5.52,8.05,0.3
824448,31,Downstairs,24659871498000,-2.68,9.89,-1.61
824449,31,Downstairs,24659911598000,-1.57,9.11,-0.72
824450,31,Downstairs,24659951454000,-0.69,9.85,-0.42
824451,31,Downstairs,24659991463000,0.08,10.46,-0.72
824452,31,Downstairs,24660031471000,0.5,9.81,-0.04
824453,31,Downstairs,24660112099000,0.38,9.38,0.76
824454,31,Downstairs,24660151466000,-0.84,9.51,1.53
824455,31,Downstairs,24660191475000,-1.99,11.22,2.18
824456,31,Downstairs,24660271522000,-1.57,11.8,1.33
824457,31,Downstairs,24660311470000,-3.53,10.15,3.91
824458,31,Downstairs,24660351509000,-4.79,9.23,2.56
824459,31,Downstairs,24660391670000,-3.57,10.69,-0.46
824460,31,Downstairs,24660431465000,-5.83,7.78,-0.89
824461,31,Downstairs,24660511482000,-1.95,6.21,1.31
824462,31,Downstairs,24660551552000,-1.42,7.63,1.42
824463,31,Downstairs,24660591499000,-2.83,7.12,0.53
824464,31,Downstairs,24660671486000,-3.41,6.93,2.22
824465,31,Downstairs,24660711433000,-1.54,7.89,2.34
824466,31,Downstairs,24660751625000,0.23,8.24,1.69
824467,31,Downstairs,24660871284000,-2.53,7.25,1.53
824468,31,Downstairs,24660871284000,-2.53,7.25,1.53
824469,31,Downstairs,24660911476000,-4.14,8.24,2.68
824470,31,Downstairs,24660951485000,-3.3,7.35,1.5
824471,31,Downstairs,24660991463000,-2.79,11.8,-1.76
824472,31,Downstairs,24661071480000,-2.3,14.06,-0.8
824473,31,Downstairs,24661111610000,-3.68,15.98,0.91
824474,31,Downstairs,24661151497000,-3.41,11.96,1.33
824475,31,Downstairs,24661191475000,-2.11,6.32,-0.5
824476,31,Downstairs,24661271522000,-0.15,9.08,-0.8
824477,31,Downstairs,24661311439000,1.31,7.86,2.37
824478,31,Downstairs,24661351478000,0.11,6.24,5.48
824479,31,Downstairs,24661391548000,-1.14,6.78,1.69
824480,31,Downstairs,24661471474000,-1.23,9.96,1.57
824481,31,Downstairs,24661511482000,-0.15,14.86,5.09
824482,31,Downstairs,24661551704000,-1.31,16.44,1.73
824483,31,Downstairs,24661591652000,-3.45,16.13,-0.61
824484,31,Downstairs,24661631599000,-3.17,6.82,0.69
824485,31,Downstairs,24661711464000,-1.23,5.79,0.53
824486,31,Downstairs,24661751503000,-2.72,4.29,0.11
824487,31,Downstairs,24661791756000,-2.37,2.96,-0.34
824488,31,Downstairs,24661831489000,-1.04,7.27,2.11
824489,31,Downstairs,24661911476000,0.0,8.58,2.91
824490,31,Downstairs,24661951637000,-0.8,7.67,5.67
824491,31,Downstairs,24661991463000,-3.21,9.04,5.01
824492,31,Downstairs,24662071510000,-4.14,14.21,-1.57
824493,31,Downstairs,24662111488000,-4.9,15.64,0.5
824494,31,Downstairs,24662151405000,-0.93,14.14,0.76
824495,31,Downstairs,24662191444000,0.04,15.7,-0.53
824496,31,Downstairs,24662271492000,-3.26,9.3,-1.27
824497,31,Downstairs,24662311439000,-3.34,9.3,-1.04
824498,31,Downstairs,24662311439000,-3.34,9.3,-1.04
824499,31,Downstairs,24662401253000,0.46,9.19,3.36
824500,31,Downstairs,24662441505000,-1.46,6.36,1.04
824501,31,Downstairs,24662521614000,-0.34,6.97,0.5
824502,31,Downstairs,24662561500000,0.91,11.07,2.11
824503,31,Downstairs,24662601509000,-0.99,10.42,2.3
824504,31,Downstairs,24662641548000,-2.72,12.72,2.64
824505,31,Downstairs,24662721626000,-1.8,17.05,0.5
824506,31,Downstairs,24662761513000,-4.21,16.97,2.11
824507,31,Downstairs,24662801643000,-3.34,7.55,-0.27
824508,31,Downstairs,24662841499000,-0.57,6.63,0.65
824509,31,Downstairs,24662881508000,-2.15,4.86,-0.08
824510,31,Downstairs,24662961616000,-2.64,2.96,-0.72
824511,31,Downstairs,24663001930000,-2.45,2.56,0.0
824512,31,Downstairs,24663041450000,-1.08,4.4,0.8
824513,31,Downstairs,24663121590000,3.45,11.75,5.71
