,user,label,timestamp,x,y,z
1004679,9,Walking,9374962354000,8.81,6.02,-1.42
1004680,9,Walking,9375012250000,4.63,4.71,-1.46
1004681,9,Walking,9375062330000,4.44,2.37,0.11
1004682,9,Walking,9375112348000,5.67,2.22,1.18
1004683,9,Walking,9375162336000,7.25,1.61,2.49
1004684,9,Walking,9375212354000,9.7,2.64,5.98
1004685,9,Walking,9375263257000,12.83,5.71,4.79
1004687,9,Walking,9375322309000,13.87,6.74,5.33
1004686,9,Walking,9375322309000,13.87,6.74,5.33
1004688,9,Walking,9375382337000,11.45,5.28,2.22
1004689,9,Walking,9375432325000,9.62,2.15,0.0
1004690,9,Walking,9375482313000,7.82,2.15,-1.04
1004691,9,Walking,9375532331000,6.28,1.8,1.27
1004693,9,Walking,9375642164000,6.28,1.8,1.27
1004692,9,Walking,9375642164000,6.28,1.8,1.27
1004694,9,Walking,9375692243000,8.62,3.34,0.95
1004695,9,Walking,9375742353000,13.48,4.44,0.76
1004696,9,Walking,9375792310000,17.35,3.79,2.6
1004697,9,Walking,9375842328000,13.76,5.37,3.11
1004698,9,Walking,9375892377000,9.43,6.47,-1.8
1004699,9,Walking,9375942365000,5.13,5.63,-0.8
1004700,9,Walking,9375992322000,4.82,3.76,0.65
1004701,9,Walking,9376042341000,5.94,2.45,1.33
1004702,9,Walking,9376092389000,6.05,2.18,1.73
1004703,9,Walking,9376142377000,8.16,2.26,3.3
1004704,9,Walking,9376192365000,9.3,4.14,6.97
1004705,9,Walking,9376242353000,13.18,5.67,10.69
1004706,9,Walking,9376292371000,11.84,8.35,3.64
1004707,9,Walking,9376342359000,11.75,4.86,1.84
1004708,9,Walking,9376392347000,9.19,3.91,0.04
1004709,9,Walking,9376442335000,6.74,2.91,-0.5
1004710,9,Walking,9376492353000,6.63,2.96,0.57
1004711,9,Walking,9376542371000,6.17,2.18,1.14
1004712,9,Walking,9376592328000,5.75,3.45,1.14
1004713,9,Walking,9376642377000,9.38,3.49,3.06
1004714,9,Walking,9376692335000,9.77,2.98,7.55
1004715,9,Walking,9376742353000,13.33,2.07,7.25
1004716,9,Walking,9376792371000,15.32,4.94,2.49
1004717,9,Walking,9376842359000,12.98,4.67,0.65
1004718,9,Walking,9376892377000,8.66,5.56,1.18
1004719,9,Walking,9376942335000,3.15,7.5,0.84
1004721,9,Walking,9376992322000,5.71,4.06,2.87
1004720,9,Walking,9376992322000,5.71,4.06,2.87
1004722,9,Walking,9377102338000,4.75,1.84,2.96
1004723,9,Walking,9377152326000,6.36,2.64,6.21
1004724,9,Walking,9377212324000,9.92,4.75,8.05
1004725,9,Walking,9377262342000,11.07,8.05,10.84
1004726,9,Walking,9377312360000,13.48,6.82,5.28
1004727,9,Walking,9377362348000,9.77,4.67,-0.15
1004728,9,Walking,9377412366000,6.78,4.44,0.76
1004729,9,Walking,9377462324000,6.09,4.48,2.6
1004730,9,Walking,9377512372000,7.08,3.45,2.91
1004731,9,Walking,9377562330000,3.83,2.11,1.5
1004732,9,Walking,9377612348000,5.22,1.95,2.56
1004733,9,Walking,9377662336000,9.77,4.6,5.33
1004734,9,Walking,9377712354000,13.18,7.35,7.25
1004735,9,Walking,9377762342000,13.99,7.5,7.44
1004736,9,Walking,9377812330000,11.3,7.5,1.18
1004737,9,Walking,9377862379000,7.86,6.85,-0.53
1004738,9,Walking,9377912336000,5.41,4.18,0.19
1004739,9,Walking,9377962324000,3.95,3.02,2.98
1004740,9,Walking,9378012281000,4.25,2.26,1.38
1004741,9,Walking,9378062330000,7.78,1.08,1.31
1004742,9,Walking,9378112379000,10.38,3.79,4.79
1004743,9,Walking,9378162336000,10.99,5.05,5.9
1004744,9,Walking,9378212324000,11.45,5.71,5.01
1004745,9,Walking,9378262342000,15.55,7.35,3.15
1004746,9,Walking,9378312330000,11.5,3.64,0.57
1004747,9,Walking,9378362317000,6.4,3.64,-1.5
1004748,9,Walking,9378412366000,6.36,2.79,0.27
1004749,9,Walking,9378462324000,5.28,1.57,1.18
1004750,9,Walking,9378512342000,4.6,1.33,1.95
1004751,9,Walking,9378562330000,8.08,1.84,3.91
1004752,9,Walking,9378612379000,11.73,2.79,6.59
1004753,9,Walking,9378662336000,13.38,3.76,5.52
1004754,9,Walking,9378712354000,12.79,4.37,4.75
1004755,9,Walking,9378762372000,13.02,4.99,1.65
1004756,9,Walking,9378812360000,9.04,4.86,2.49
1004757,9,Walking,9378862348000,6.4,4.02,2.3
1004758,9,Walking,9378912336000,5.13,2.91,3.41
1004759,9,Walking,9378962324000,4.44,1.95,1.23
1004760,9,Walking,9379012372000,4.52,0.99,0.76
1004761,9,Walking,9379062330000,8.2,2.76,1.54
1004762,9,Walking,9379112379000,14.9,4.6,4.29
1004763,9,Walking,9379162305000,17.43,3.02,8.5
1004764,9,Walking,9379212324000,9.72,6.97,5.18
1004765,9,Walking,9379262342000,9.81,4.71,0.61
1004766,9,Walking,9379312360000,9.0,4.33,-2.53
1004767,9,Walking,9379362379000,6.44,3.76,-1.38
1004768,9,Walking,9379412336000,5.94,2.83,0.34
1004769,9,Walking,9379462324000,5.09,1.84,0.61
1004770,9,Walking,9379512342000,5.94,0.84,1.33
1004771,9,Walking,9379562330000,10.46,2.26,2.18
1004772,9,Walking,9379612348000,16.82,4.29,3.53
1004773,9,Walking,9379662336000,18.58,0.5,6.21
1004774,9,Walking,9379712324000,12.91,3.38,0.8
1004775,9,Walking,9379762342000,10.8,4.86,-1.31
1004776,9,Walking,9379812330000,6.05,3.34,-0.34
1004777,9,Walking,9379862348000,6.09,4.75,-1.04
1004778,9,Walking,9379912336000,4.37,2.6,-0.57
1004779,9,Walking,9379962324000,4.79,0.89,0.53
1004780,9,Walking,9380012250000,7.06,1.57,0.53
1004781,9,Walking,9380062330000,11.22,2.64,1.08
1004782,9,Walking,9380112348000,17.97,5.56,12.37
1004783,9,Walking,9380162366000,11.45,8.28,6.78
1004784,9,Walking,9380212324000,12.03,4.94,-1.73
1004785,9,Walking,9380266584000,9.38,3.21,-2.22
1004786,9,Walking,9380322309000,7.31,1.08,-3.49
1004787,9,Walking,9380372297000,6.89,2.3,-1.53
1004788,9,Walking,9380422315000,5.75,2.53,-0.23
1004790,9,Walking,9380472303000,5.09,1.88,0.61
1004789,9,Walking,9380472303000,5.09,1.88,0.61
1004791,9,Walking,9380532270000,8.47,1.95,1.46
1004792,9,Walking,9380582349000,16.59,3.06,1.42
1004793,9,Walking,9380632337000,19.19,-0.46,6.02
1004794,9,Walking,9380692274000,13.67,3.83,0.34
1004795,9,Walking,9380742261000,9.62,5.13,-1.04
1004796,9,Walking,9380792341000,5.13,5.79,-4.86
1004797,9,Walking,9380842359000,6.21,3.6,-1.33
1004798,9,Walking,9380892347000,6.17,0.76,-0.04
1004799,9,Walking,9380942335000,6.02,0.08,-0.23
1004800,9,Walking,9380992353000,7.97,0.89,0.15
1004801,9,Walking,9381042371000,13.4,2.22,4.25
1004802,9,Walking,9381092328000,16.04,5.37,12.18
1004803,9,Walking,9381142347000,12.64,5.33,-0.61
1004804,9,Walking,9381192335000,11.69,5.75,-4.21
1004805,9,Walking,9381242353000,8.92,3.06,-3.95
1004806,9,Walking,9381292341000,6.97,3.99,-2.72
1004807,9,Walking,9381342634000,6.93,2.41,-0.95
1004808,9,Walking,9381392347000,5.71,0.93,-0.08
1004809,9,Walking,9381442335000,4.71,1.38,-0.19
1004810,9,Walking,9381492322000,7.93,2.37,-0.08
1004811,9,Walking,9381542341000,13.59,2.6,1.08
1004812,9,Walking,9381592328000,18.35,2.03,9.34
1004813,9,Walking,9381642347000,15.36,0.69,3.15
1004814,9,Walking,9381692365000,10.95,3.34,-0.91
1004815,9,Walking,9381742322000,8.73,6.93,-2.64
1004816,9,Walking,9381792310000,6.85,5.33,-2.64
1004817,9,Walking,9381842359000,6.51,2.03,-1.23
1004818,9,Walking,9381892347000,4.99,1.27,-0.34
1004819,9,Walking,9381942335000,4.63,1.18,0.0
1004820,9,Walking,9381992292000,8.16,1.88,2.26
1004821,9,Walking,9382042341000,16.02,4.67,9.38
1004822,9,Walking,9382092328000,11.41,5.52,13.4
1004823,9,Walking,9382142347000,12.98,5.9,-1.38
1004824,9,Walking,9382192335000,13.21,0.95,-0.57
1004825,9,Walking,9382242322000,8.39,2.6,-2.79
1004826,9,Walking,9382292371000,6.78,2.83,-2.22
1004827,9,Walking,9382342359000,6.51,1.84,0.0
1004828,9,Walking,9382392377000,4.94,1.04,1.04
1004829,9,Walking,9382442365000,5.75,0.99,0.76
1004830,9,Walking,9382492322000,11.41,2.26,1.73
1004831,9,Walking,9382542341000,15.75,2.45,2.6
1004832,9,Walking,9382592359000,16.55,0.11,7.12
1004833,9,Walking,9382642347000,15.13,3.21,0.38
1004834,9,Walking,9382692335000,12.22,6.47,-2.87
1004835,9,Walking,9382742322000,8.54,4.67,-1.61
1004836,9,Walking,9382792341000,5.09,2.83,0.04
1004837,9,Walking,9382842328000,3.79,1.27,0.8
1004838,9,Walking,9382892347000,3.76,0.93,0.31
1004839,9,Walking,9382942304000,7.01,2.03,0.31
1004840,9,Walking,9382992292000,13.14,2.26,2.18
1004841,9,Walking,9383042341000,15.83,3.79,9.19
1004842,9,Walking,9383092359000,11.8,6.93,5.83
1004843,9,Walking,9383142347000,12.49,4.79,0.46
1004844,9,Walking,9383192335000,10.73,1.88,-0.99
1004845,9,Walking,9383242322000,7.97,2.96,-1.08
1004846,9,Walking,9383292341000,6.78,2.64,-1.84
1004847,9,Walking,9383342328000,5.86,1.95,-0.89
1004848,9,Walking,9383392347000,5.18,1.46,0.23
1004849,9,Walking,9383442335000,6.63,2.45,0.93
1004850,9,Walking,9383492322000,12.53,3.83,2.41
1004851,9,Walking,9383542341000,17.39,1.95,11.69
1004852,9,Walking,9383592328000,16.21,1.5,0.95
1004853,9,Walking,9383642347000,12.26,4.25,-2.14
1004854,9,Walking,9383692335000,10.04,6.89,-1.88
1004855,9,Walking,9383742353000,7.82,5.56,-1.04
1004856,9,Walking,9383792341000,5.18,2.91,0.19
1004857,9,Walking,9383842420000,4.21,1.65,0.5
1004858,9,Walking,9383892408000,4.67,0.76,0.42
1004859,9,Walking,9383942335000,7.63,0.42,1.95
1004860,9,Walking,9383992292000,14.75,2.53,11.5
1004861,9,Walking,9384042341000,13.99,4.71,9.34
1004862,9,Walking,9384092328000,15.66,4.06,-3.57
1004863,9,Walking,9384142347000,10.31,4.14,-1.27
1004864,9,Walking,9384192335000,8.24,2.49,-3.57
1004865,9,Walking,9384242322000,6.93,4.29,-1.92
1004866,9,Walking,9384292341000,6.55,2.37,0.53
1004867,9,Walking,9384342695000,4.94,1.46,0.76
1004868,9,Walking,9384392347000,6.4,1.14,0.61
1004869,9,Walking,9384442335000,10.57,1.33,0.93
1004870,9,Walking,9384492322000,16.28,1.54,3.02
1004871,9,Walking,9384542341000,17.08,1.42,6.47
1004872,9,Walking,9384592359000,11.69,2.6,1.31
1004873,9,Walking,9384642347000,10.23,6.02,-0.53
1004874,9,Walking,9384692335000,7.7,5.24,-1.18
1004875,9,Walking,9384742322000,5.52,3.21,0.34
1004876,9,Walking,9384792341000,5.01,1.38,0.31
1004877,9,Walking,9384842603000,5.63,0.5,0.38
1004878,9,Walking,9384892347000,8.85,0.19,1.12
