,user,label,timestamp,x,y,z
1005679,9,Walking,9424942396000,6.17,2.03,2.3
1005680,9,Walking,9424992322000,9.58,2.91,0.19
1005681,9,Walking,9425042341000,13.87,2.72,1.04
1005682,9,Walking,9425092328000,17.92,0.31,0.8
1005683,9,Walking,9425142347000,13.53,0.19,-0.72
1005684,9,Walking,9425192335000,9.53,1.31,-1.23
1005685,9,Walking,9425242322000,7.01,3.06,-2.96
1005686,9,Walking,9425292310000,4.99,3.06,-2.64
1005687,9,Walking,9425342328000,4.37,2.53,-1.84
1005688,9,Walking,9425392347000,5.13,2.76,-2.37
1005689,9,Walking,9425442335000,7.67,2.98,-1.99
1005690,9,Walking,9425492322000,11.84,3.72,-0.57
1005691,9,Walking,9425542341000,16.7,0.23,16.36
1005692,9,Walking,9425592328000,11.11,6.17,0.99
1005693,9,Walking,9425642347000,13.44,4.82,-2.75
1005694,9,Walking,9425692335000,6.93,2.37,-1.88
1005695,9,Walking,9425742322000,7.16,-3.41,-3.11
1005696,9,Walking,9425792341000,7.55,0.38,-5.37
1005697,9,Walking,9425842328000,7.59,2.96,-2.3
1005698,9,Walking,9425892347000,7.01,2.76,-0.99
1005699,9,Walking,9425942304000,9.7,2.76,-0.23
1005700,9,Walking,9425992292000,14.63,3.99,5.22
1005701,9,Walking,9426042371000,15.4,3.26,7.35
1005702,9,Walking,9426092328000,14.9,-0.27,-0.89
1005703,9,Walking,9426142438000,9.0,1.88,-1.95
1005704,9,Walking,9426192365000,9.08,4.06,-3.36
1005705,9,Walking,9426242383000,7.55,2.87,-1.88
1005706,9,Walking,9426292463000,5.63,2.18,-2.34
1005707,9,Walking,9426342328000,6.36,1.76,-1.92
1005708,9,Walking,9426392347000,7.89,1.99,-0.34
1005709,9,Walking,9426442335000,9.58,2.11,1.12
1005710,9,Walking,9426492322000,17.01,5.52,14.21
1005711,9,Walking,9426542341000,14.25,3.99,3.02
1005712,9,Walking,9426592328000,12.34,3.3,-3.87
1005713,9,Walking,9426642347000,10.15,0.27,-2.56
1005714,9,Walking,9426692335000,5.71,3.21,-4.06
1005715,9,Walking,9426742322000,6.59,2.3,-3.87
1005716,9,Walking,9426792341000,5.94,1.42,-1.69
1005717,9,Walking,9426842298000,6.28,1.42,-0.27
1005718,9,Walking,9426892347000,9.43,1.31,0.23
1005719,9,Walking,9426942335000,14.98,1.33,1.95
1005720,9,Walking,9426992322000,15.05,4.1,10.12
1005721,9,Walking,9427042341000,14.75,0.95,0.5
1005722,9,Walking,9427042341000,14.75,0.95,0.5
1005723,9,Walking,9427144483000,10.88,1.27,-1.18
1005724,9,Walking,9427202344000,7.63,4.99,-1.31
1005725,9,Walking,9427252332000,6.05,2.6,-1.61
1005726,9,Walking,9427312299000,6.13,1.99,-0.72
1005727,9,Walking,9427362348000,7.67,3.15,0.53
1005728,9,Walking,9427412336000,9.77,3.49,1.46
1005729,9,Walking,9427462324000,15.51,5.83,9.77
1005730,9,Walking,9427512342000,15.05,5.71,2.96
1005731,9,Walking,9427562330000,12.11,4.18,-3.11
1005732,9,Walking,9427612348000,8.47,3.91,-2.72
1005733,9,Walking,9427662336000,5.98,1.31,-4.75
1005734,9,Walking,9427712324000,6.24,2.53,-5.13
1005735,9,Walking,9427762342000,7.21,1.31,-2.45
1005736,9,Walking,9427812299000,7.21,1.14,-0.84
1005737,9,Walking,9427862348000,9.34,1.65,-0.3
1005738,9,Walking,9427912366000,12.76,2.79,0.57
1005739,9,Walking,9427962324000,12.45,4.02,9.08
1005740,9,Walking,9428012250000,16.63,0.89,1.18
1005741,9,Walking,9428062330000,12.6,1.18,-1.61
1005742,9,Walking,9428112348000,10.08,2.91,-1.57
1005743,9,Walking,9428162336000,8.28,5.05,-1.8
1005744,9,Walking,9428212324000,6.21,3.99,-2.18
1005745,9,Walking,9428262342000,4.18,2.03,-0.61
1005746,9,Walking,9428312330000,4.79,1.73,-0.65
1005747,9,Walking,9428362348000,8.43,3.17,-0.23
1005748,9,Walking,9428412336000,13.67,3.72,-0.15
1005749,9,Walking,9428462324000,14.6,4.56,10.69
1005750,9,Walking,9428512342000,13.72,5.05,3.49
1005751,9,Walking,9428562330000,11.07,4.02,-1.5
1005752,9,Walking,9428612348000,8.54,-0.53,-1.69
1005753,9,Walking,9428662336000,6.85,-0.89,-3.98
1005754,9,Walking,9428712324000,7.63,3.26,-4.18
1005755,9,Walking,9428762342000,6.4,1.73,-2.96
1005756,9,Walking,9428812330000,6.17,2.6,-1.04
1005757,9,Walking,9428862348000,8.58,2.45,0.5
1005758,9,Walking,9428912336000,14.67,1.54,5.63
1005759,9,Walking,9428962324000,15.4,2.68,6.97
1005760,9,Walking,9429020337000,14.6,0.5,-2.34
1005761,9,Walking,9429072278000,10.5,2.6,-2.72
1005762,9,Walking,9429122266000,8.92,3.57,-1.61
1005763,9,Walking,9429172285000,7.27,4.25,-1.61
1005764,9,Walking,9429222272000,7.27,2.91,-0.19
1005765,9,Walking,9429272291000,7.82,0.93,2.41
1005766,9,Walking,9429322309000,5.56,2.03,2.68
1005767,9,Walking,9429372327000,6.74,4.79,4.25
1005768,9,Walking,9429422315000,9.7,5.52,7.74
1005769,9,Walking,9429472333000,12.6,4.29,8.2
1005770,9,Walking,9429522291000,14.1,4.9,3.83
1005771,9,Walking,9429572309000,10.88,2.26,-0.04
1005772,9,Walking,9429622297000,8.16,0.69,-1.42
1005773,9,Walking,9429672315000,7.12,2.03,-1.95
1005774,9,Walking,9429722303000,9.7,2.3,-0.61
1005775,9,Walking,9429772291000,7.82,2.72,2.15
1005776,9,Walking,9429822309000,5.9,2.98,4.4
1005777,9,Walking,9429872632000,3.68,3.41,6.82
1005778,9,Walking,9429872632000,3.68,3.41,6.82
1005779,9,Walking,9429932294000,8.62,5.01,9.38
1005780,9,Walking,9429982465000,11.14,4.56,7.44
1005781,9,Walking,9430032361000,11.6,4.14,5.56
1005782,9,Walking,9430082349000,9.19,4.18,3.06
1005783,9,Walking,9430132337000,8.24,4.1,2.07
1005784,9,Walking,9430182325000,7.06,3.38,0.76
1005785,9,Walking,9430232374000,6.36,3.15,0.23
1005786,9,Walking,9430282361000,6.85,2.64,3.53
1005787,9,Walking,9430332380000,5.24,2.87,5.6
1005788,9,Walking,9430382368000,5.09,3.87,7.97
1005789,9,Walking,9430432325000,4.67,5.43,11.14
1005790,9,Walking,9430482343000,10.69,5.63,10.15
1005791,9,Walking,9430532331000,11.6,5.75,6.13
1005792,9,Walking,9430582349000,9.58,4.02,2.79
1005793,9,Walking,9430632337000,6.63,3.11,0.8
1005794,9,Walking,9430682325000,6.32,3.45,1.18
1005795,9,Walking,9430732343000,6.7,3.41,2.22
1005796,9,Walking,9430782331000,6.32,2.76,3.49
1005797,9,Walking,9430832380000,5.63,2.41,4.86
1005798,9,Walking,9430882368000,8.05,3.6,7.4
1005799,9,Walking,9430932325000,6.4,4.94,10.15
1005800,9,Walking,9430982343000,7.93,3.87,10.15
1005801,9,Walking,9431032331000,9.7,4.14,6.21
1005802,9,Walking,9431082349000,8.85,4.71,3.6
1005803,9,Walking,9431132368000,6.93,4.63,2.49
1005804,9,Walking,9431182355000,7.97,4.48,3.34
1005805,9,Walking,9431232374000,6.78,3.41,3.83
1005806,9,Walking,9431282361000,5.22,3.06,5.22
1005807,9,Walking,9431332410000,3.99,2.72,6.44
1005808,9,Walking,9431382368000,5.52,4.25,9.0
1005809,9,Walking,9431432325000,7.78,6.02,7.46
1005810,9,Walking,9431482343000,13.1,5.43,8.05
1005811,9,Walking,9431532331000,11.3,5.56,4.02
1005812,9,Walking,9431582349000,10.27,2.56,1.57
1005813,9,Walking,9431632337000,6.7,2.6,0.8
1005814,9,Walking,9431682325000,6.93,3.99,0.99
1005815,9,Walking,9431732343000,5.83,3.41,-0.15
1005816,9,Walking,9431782361000,5.86,2.41,2.41
1005817,9,Walking,9431832349000,8.08,2.26,2.11
1005818,9,Walking,9431882368000,12.6,2.45,5.52
1005819,9,Walking,9431932325000,12.45,2.79,7.44
1005820,9,Walking,9431982374000,15.79,2.91,5.28
1005821,9,Walking,9432032331000,10.53,3.95,1.42
1005822,9,Walking,9432082349000,10.04,4.29,0.53
1005823,9,Walking,9432132337000,6.36,5.18,-0.23
1005824,9,Walking,9432182325000,5.33,3.95,0.27
1005825,9,Walking,9432232343000,5.98,2.98,1.69
1005826,9,Walking,9432282361000,6.24,2.45,3.87
1005827,9,Walking,9432332349000,6.32,3.45,6.36
1005828,9,Walking,9432382368000,6.13,3.95,8.43
1005829,9,Walking,9432432325000,5.24,5.41,13.48
1005830,9,Walking,9432482374000,11.69,6.21,8.31
1005831,9,Walking,9432532361000,12.18,4.37,2.98
1005832,9,Walking,9432582349000,8.01,4.21,1.27
1005833,9,Walking,9432632337000,5.98,3.57,-0.27
1005834,9,Walking,9432682325000,6.78,3.6,0.08
1005835,9,Walking,9432732343000,5.98,2.41,1.18
1005836,9,Walking,9432782331000,6.55,2.45,2.15
1005837,9,Walking,9432832349000,9.0,3.68,5.24
1005838,9,Walking,9432882368000,12.22,4.33,6.13
1005839,9,Walking,9432932325000,12.53,4.71,3.41
1005840,9,Walking,9432982374000,13.76,5.33,-0.61
1005841,9,Walking,9433032331000,10.73,5.13,-2.41
1005842,9,Walking,9433082349000,8.47,5.01,-0.3
1005843,9,Walking,9433132337000,6.51,4.25,-0.27
1005844,9,Walking,9433182325000,6.13,3.38,0.95
1005845,9,Walking,9433232343000,5.79,2.53,2.37
1005846,9,Walking,9433282331000,6.05,2.03,3.34
1005847,9,Walking,9433332349000,9.72,3.06,4.06
1005848,9,Walking,9433382368000,13.48,4.71,3.83
1005849,9,Walking,9433432325000,11.8,5.37,5.22
1005850,9,Walking,9433482343000,12.49,7.59,0.38
1005851,9,Walking,9433532331000,10.38,3.68,-0.27
1005853,9,Walking,9433642133000,7.55,3.38,-0.27
1005852,9,Walking,9433642133000,7.55,3.38,-0.27
1005854,9,Walking,9433692274000,7.35,3.02,0.08
1005855,9,Walking,9433742383000,5.71,1.5,0.93
1005856,9,Walking,9433792310000,6.7,1.5,1.65
1005857,9,Walking,9433842328000,10.88,3.34,2.98
1005858,9,Walking,9433892347000,13.25,4.75,2.98
1005859,9,Walking,9433942335000,13.67,4.37,2.76
1005860,9,Walking,9433992322000,13.44,3.76,-0.15
1005861,9,Walking,9434042341000,9.92,4.52,-2.26
1005862,9,Walking,9434092359000,6.55,4.56,-1.5
1005863,9,Walking,9434142377000,5.24,3.38,-0.69
1005864,9,Walking,9434192365000,6.36,3.57,-0.34
1005865,9,Walking,9434242322000,7.21,4.25,-0.11
1005866,9,Walking,9434292371000,7.93,3.99,1.42
1005867,9,Walking,9434342328000,8.39,4.52,4.6
1005868,9,Walking,9434392347000,10.84,7.25,4.21
1005869,9,Walking,9434442335000,16.02,5.43,2.79
1005870,9,Walking,9434492322000,10.84,9.19,-5.98
1005871,9,Walking,9434542341000,6.85,4.52,-5.41
1005872,9,Walking,9434592328000,5.71,3.83,-3.87
1005873,9,Walking,9434642347000,7.74,2.03,-0.95
1005874,9,Walking,9434692335000,7.06,2.98,0.04
1005875,9,Walking,9434742322000,7.27,3.45,0.19
1005876,9,Walking,9434792341000,7.31,3.11,0.08
1005877,9,Walking,9434842328000,10.34,4.56,-0.57
1005878,9,Walking,9434892347000,12.45,5.71,-0.42
