,user,label,timestamp,x,y,z
824514,31,Downstairs,24663161629000,-1.46,9.72,4.06
824515,31,Downstairs,24663201546000,-3.02,10.08,-1.42
824516,31,Downstairs,24663241524000,-4.94,18.24,0.99
824517,31,Downstairs,24663281441000,-4.1,15.21,0.38
824518,31,Downstairs,24663361488000,-1.42,9.53,-1.42
824519,31,Downstairs,24663401619000,-0.95,8.85,-0.34
824520,31,Downstairs,24663441505000,-0.42,9.89,-0.34
824521,31,Downstairs,24663481575000,-0.27,7.82,4.33
824522,31,Downstairs,24663561500000,-1.23,8.24,3.06
824523,31,Downstairs,24663601509000,-2.41,6.59,1.73
824524,31,Downstairs,24663641487000,-2.15,5.9,0.8
824525,31,Downstairs,24663681618000,-1.33,9.38,2.11
824526,31,Downstairs,24663761482000,2.45,14.75,3.3
824527,31,Downstairs,24663801521000,0.95,16.78,1.61
824528,31,Downstairs,24663841591000,-3.21,13.91,-0.04
824529,31,Downstairs,24663921608000,-5.67,8.08,1.08
824530,31,Downstairs,24663961525000,-2.45,5.67,1.46
824531,31,Downstairs,24664001533000,-2.91,4.25,0.8
824532,31,Downstairs,24664041511000,-2.53,4.02,0.84
824533,31,Downstairs,24664121590000,-1.23,7.08,1.99
824534,31,Downstairs,24664161507000,-0.72,7.27,3.3
824535,31,Downstairs,24664201698000,-1.33,9.23,6.09
824536,31,Downstairs,24664241524000,-3.11,8.81,3.64
824537,31,Downstairs,24664321724000,-2.37,8.92,-0.89
824538,31,Downstairs,24664361519000,-1.61,15.47,-0.46
824539,31,Downstairs,24664401619000,-1.65,12.68,-1.18
824540,31,Downstairs,24664441505000,-1.57,17.82,2.18
824541,31,Downstairs,24664481544000,-0.89,7.93,-1.42
824542,31,Downstairs,24664561500000,-2.6,7.46,-0.5
824543,31,Downstairs,24664601509000,-2.96,8.16,-0.69
824544,31,Downstairs,24664641518000,-2.3,5.71,4.37
824545,31,Downstairs,24664681587000,-0.53,7.5,1.53
824546,31,Downstairs,24664761635000,-0.04,6.32,0.34
824547,31,Downstairs,24664801521000,0.34,7.97,0.11
824548,31,Downstairs,24664841469000,0.91,9.38,0.5
824549,31,Downstairs,24664881538000,1.42,14.98,3.34
824550,31,Downstairs,24664961830000,-1.92,18.16,2.3
824551,31,Downstairs,24665001961000,-4.52,15.51,2.34
824552,31,Downstairs,24665041603000,-5.6,8.92,0.65
824553,31,Downstairs,24665081550000,-4.6,5.05,0.91
824554,31,Downstairs,24665161476000,-2.26,6.24,1.18
824555,31,Downstairs,24665201546000,-3.17,4.33,-0.19
824556,31,Downstairs,24665241493000,-2.49,4.52,-0.57
824557,31,Downstairs,24665281532000,-2.07,6.09,2.11
824558,31,Downstairs,24665361641000,0.27,12.37,7.59
824559,31,Downstairs,24665401497000,0.04,11.37,5.75
824560,31,Downstairs,24665441505000,-4.1,7.31,3.21
824561,31,Downstairs,24665481544000,-4.18,8.43,-2.49
824562,31,Downstairs,24665561500000,-3.53,17.88,-1.76
824563,31,Downstairs,24665601509000,-0.93,15.4,2.64
824564,31,Downstairs,24665641518000,0.3,15.7,3.11
824565,31,Downstairs,24665721657000,-2.15,7.08,-1.14
824566,31,Downstairs,24665761482000,-2.96,7.06,-0.5
824567,31,Downstairs,24665801521000,-2.45,7.63,1.18
824568,31,Downstairs,24665841469000,-1.38,7.08,4.99
824569,31,Downstairs,24665881508000,-2.45,5.43,1.5
824570,31,Downstairs,24665931434000,-1.46,6.32,-0.61
824571,31,Downstairs,24666011391000,1.27,9.89,1.99
824572,31,Downstairs,24666052162000,2.68,13.18,3.17
824573,31,Downstairs,24666091530000,0.95,18.01,3.15
824574,31,Downstairs,24666131630000,-3.21,15.55,0.46
824575,31,Downstairs,24666211464000,-4.33,7.21,-0.15
824576,31,Downstairs,24666251472000,-0.72,5.71,0.57
824577,31,Downstairs,24666291511000,-0.72,5.98,1.18
824578,31,Downstairs,24666331611000,-3.11,4.37,-0.38
824579,31,Downstairs,24666411445000,-2.41,4.37,0.23
824580,31,Downstairs,24666451515000,-1.76,7.06,2.79
824581,31,Downstairs,24666491676000,-0.69,9.11,2.75
824582,31,Downstairs,24666571510000,-0.72,10.23,4.99
824583,31,Downstairs,24666611519000,-1.5,8.47,4.21
824584,31,Downstairs,24666651466000,-2.07,7.35,2.26
824585,31,Downstairs,24666691475000,-1.76,11.03,-2.64
824586,31,Downstairs,24666731453000,-2.72,16.21,2.26
824592,31,Downstairs,24666776253000,-2.64,18.7,2.26
824593,31,Downstairs,24666776253000,-2.64,18.7,2.26
824591,31,Downstairs,24666776253000,-2.64,18.7,2.26
824587,31,Downstairs,24666776253000,-2.64,18.7,2.26
824588,31,Downstairs,24666776253000,-2.64,18.7,2.26
824589,31,Downstairs,24666776253000,-2.64,18.7,2.26
824590,31,Downstairs,24666776253000,-2.64,18.7,2.26
824594,31,Downstairs,24667171486000,0.69,8.66,-0.53
824595,31,Downstairs,24667211403000,0.38,8.16,-0.04
824596,31,Downstairs,24667251472000,-1.14,8.81,2.18
824597,31,Downstairs,24667291511000,-4.75,8.5,4.67
824598,31,Downstairs,24667371528000,-1.88,15.02,-0.57
824599,31,Downstairs,24667411384000,0.61,16.97,-0.72
824600,31,Downstairs,24667451332000,-3.87,18.12,1.76
824601,31,Downstairs,24667491432000,-6.05,10.12,1.65
824602,31,Downstairs,24667531471000,-5.9,7.89,0.19
824603,31,Downstairs,24667611458000,-7.06,6.21,3.49
824604,31,Downstairs,24667651497000,-4.71,6.59,0.11
824605,31,Downstairs,24667691475000,-2.96,6.59,-0.61
824606,31,Downstairs,24667731544000,-1.8,7.5,-0.61
824607,31,Downstairs,24667811470000,-0.08,9.15,2.72
824608,31,Downstairs,24667851509000,1.69,11.73,6.59
824609,31,Downstairs,24667891518000,0.46,13.87,-0.11
824610,31,Downstairs,24667971443000,-5.6,7.35,-0.99
824611,31,Downstairs,24668091347000,-5.13,8.69,-0.99
824612,31,Downstairs,24668091347000,-5.13,8.69,-0.99
824613,31,Downstairs,24668091347000,-5.13,8.69,-0.99
824614,31,Downstairs,24668171547000,-2.34,9.11,-1.65
824615,31,Downstairs,24668211525000,-1.54,9.66,-1.65
824616,31,Downstairs,24668251503000,-0.61,9.81,-1.23
824617,31,Downstairs,24668291603000,0.3,10.73,-1.42
824618,31,Downstairs,24668331581000,0.91,8.43,-0.69
824619,31,Downstairs,24668411445000,0.53,9.08,-0.11
824620,31,Downstairs,24668451607000,0.23,10.69,-0.11
824621,31,Downstairs,24668491524000,-1.61,9.51,3.17
824622,31,Downstairs,24668571602000,-1.08,11.92,-0.38
824623,31,Downstairs,24668611580000,-0.99,10.61,-0.31
824624,31,Downstairs,24668651588000,-1.95,9.7,-0.08
824625,31,Downstairs,24668691597000,-6.63,10.31,4.52
824626,31,Downstairs,24668771583000,-5.6,10.65,-1.5
824627,31,Downstairs,24668811561000,-5.41,8.54,-2.03
824628,31,Downstairs,24668851631000,-2.64,6.89,-1.65
824629,31,Downstairs,24668891609000,-0.93,8.31,1.33
824630,31,Downstairs,24668931557000,-0.95,6.63,-0.11
824631,31,Downstairs,24669011452000,-3.21,5.63,-0.15
824632,31,Downstairs,24669051491000,-2.64,5.48,0.15
824633,31,Downstairs,24669091591000,0.19,6.59,0.84
824634,31,Downstairs,24669171608000,3.3,5.41,3.15
824635,31,Downstairs,24669211525000,-0.34,6.59,2.34
824636,31,Downstairs,24669251594000,-1.65,9.19,2.14
824637,31,Downstairs,24669292427000,-1.88,11.54,0.08
824638,31,Downstairs,24669371620000,-4.94,18.24,0.15
824639,31,Downstairs,24669411568000,-3.45,13.38,1.84
824640,31,Downstairs,24669451607000,-1.5,9.34,-1.31
824641,31,Downstairs,24669491646000,-1.76,9.23,-0.15
824642,31,Downstairs,24669571632000,-2.07,6.85,-1.04
824643,31,Downstairs,24669611458000,-1.54,7.35,2.98
824644,31,Downstairs,24669651558000,-0.57,10.12,7.74
824645,31,Downstairs,24669691597000,-2.68,6.4,0.84
824646,31,Downstairs,24669771553000,-0.89,4.4,-0.11
824647,31,Downstairs,24669811439000,-1.12,7.89,1.14
824648,31,Downstairs,24669851478000,-0.72,15.98,4.37
824649,31,Downstairs,24669891518000,-0.27,19.7,2.83
824650,31,Downstairs,24669931465000,-4.99,19.53,3.3
824651,31,Downstairs,24670011482000,-0.23,4.6,0.19
824652,31,Downstairs,24670051613000,1.69,6.85,-0.15
824653,31,Downstairs,24670091621000,-1.14,4.82,-0.34
824654,31,Downstairs,24670171608000,-2.07,2.07,-1.04
824655,31,Downstairs,24670211464000,-2.83,4.25,-0.46
824656,31,Downstairs,24670251594000,-3.53,10.31,8.92
824657,31,Downstairs,24670291633000,-2.37,10.65,4.06
824658,31,Downstairs,24670371498000,-3.72,10.04,0.08
824659,31,Downstairs,24670411568000,-4.6,15.89,-3.02
824660,31,Downstairs,24670451485000,-2.91,16.36,0.19
824661,31,Downstairs,24670491615000,0.46,15.94,1.88
824662,31,Downstairs,24670531593000,0.04,8.24,-0.15
824663,31,Downstairs,24670611580000,-2.3,7.25,-0.19
824664,31,Downstairs,24670651497000,-2.76,4.82,0.69
824665,31,Downstairs,24670691566000,-1.18,8.77,6.32
824666,31,Downstairs,24670771583000,-0.99,6.63,0.99
824667,31,Downstairs,24670811439000,0.57,8.08,3.68
824668,31,Downstairs,24670851478000,-2.79,10.04,2.6
824669,31,Downstairs,24670891609000,-2.41,12.3,2.83
824670,31,Downstairs,24670931557000,-1.12,16.63,-0.04
824671,31,Downstairs,24671011513000,-2.76,12.79,-0.57
824672,31,Downstairs,24671051582000,-4.52,9.04,0.34
824673,31,Downstairs,24671091499000,-2.64,6.78,0.91
824674,31,Downstairs,24671171455000,-1.84,3.11,-0.19
824675,31,Downstairs,24671211525000,-1.73,4.21,0.69
824676,31,Downstairs,24671251594000,-0.23,6.4,1.12
824677,31,Downstairs,24671291603000,-2.07,9.11,2.49
824678,31,Downstairs,24671331611000,-1.88,9.15,4.48
824679,31,Downstairs,24671411568000,-1.33,9.3,3.17
824680,31,Downstairs,24671451607000,-0.46,6.93,-1.38
824681,31,Downstairs,24671491646000,-3.87,15.64,-2.22
824682,31,Downstairs,24671571541000,0.42,15.94,2.83
824683,31,Downstairs,24671611610000,-2.22,10.88,-2.11
824684,31,Downstairs,24671651558000,-1.61,8.2,-0.72
824685,31,Downstairs,24671691505000,-3.3,10.0,-1.12
824686,31,Downstairs,24671731483000,-2.96,7.82,-0.8
824687,31,Downstairs,24671811561000,-0.72,9.28,6.82
824688,31,Downstairs,24671851601000,-1.84,8.73,3.91
824689,31,Downstairs,24671891518000,-2.53,3.83,0.3
824690,31,Downstairs,24671971535000,-1.54,7.12,-1.12
824691,31,Downstairs,24672011543000,-0.89,10.57,0.91
824692,31,Downstairs,24672051613000,0.72,14.21,6.02
824693,31,Downstairs,24672091560000,-0.11,17.31,3.6
824694,31,Downstairs,24672131569000,-2.6,17.67,0.57
824695,31,Downstairs,24672211525000,-3.11,9.34,0.89
824696,31,Downstairs,24672251594000,-0.34,4.75,-0.72
824697,31,Downstairs,24672291511000,-1.42,5.33,0.89
824698,31,Downstairs,24672371528000,-2.87,4.4,-1.08
824699,31,Downstairs,24672411476000,-2.64,4.25,-1.08
824700,31,Downstairs,24672451607000,-2.34,4.75,-0.65
824701,31,Downstairs,24672492592000,-0.38,6.63,3.91
824702,31,Downstairs,24672531563000,0.34,12.37,8.39
824703,31,Downstairs,24672611458000,-3.34,6.47,-1.12
824704,31,Downstairs,24672651588000,-6.17,15.43,-3.21
824705,31,Downstairs,24672691597000,-1.84,18.12,2.91
824706,31,Downstairs,24672731575000,0.11,16.86,3.49
824707,31,Downstairs,24672811409000,-2.18,8.35,-1.12
824708,31,Downstairs,24672851601000,-3.02,11.03,-1.23
824709,31,Downstairs,24672891609000,-1.18,6.63,-0.57
824710,31,Downstairs,24672971657000,0.04,9.3,3.98
824711,31,Downstairs,24673011452000,0.23,7.08,4.14
824712,31,Downstairs,24673051582000,-1.23,5.48,0.99
824713,31,Downstairs,24673091621000,-0.5,8.73,-0.04
