,user,label,timestamp,x,y,z
1007679,9,Walking,9524932325000,9.23,1.5,0.93
1007680,9,Walking,9524982404000,9.47,0.65,4.21
1007681,9,Walking,9525032331000,12.64,3.15,5.79
1007682,9,Walking,9525082349000,14.63,3.38,6.09
1007683,9,Walking,9525132368000,13.8,7.08,-3.64
1007684,9,Walking,9525182325000,9.28,5.9,-3.3
1007685,9,Walking,9525232374000,5.67,3.57,-2.26
1007686,9,Walking,9525282331000,6.55,2.11,-2.45
1007687,9,Walking,9525332319000,9.47,-4.99,-2.45
1007688,9,Walking,9525382337000,7.01,1.73,-3.49
1007689,9,Walking,9525432660000,8.43,3.3,-1.08
1007690,9,Walking,9525482343000,10.34,3.95,0.42
1007691,9,Walking,9525532331000,13.67,3.68,1.5
1007692,9,Walking,9525582349000,15.13,4.52,12.11
1007693,9,Walking,9525632337000,16.04,0.38,0.15
1007694,9,Walking,9525692304000,11.18,2.45,-1.92
1007695,9,Walking,9525742292000,7.93,5.48,-2.56
1007696,9,Walking,9525792341000,5.37,4.75,-1.88
1007697,9,Walking,9525842420000,5.22,2.3,-1.04
1007698,9,Walking,9525892377000,6.47,3.06,-1.5
1007699,9,Walking,9525942335000,9.62,3.72,1.42
1007700,9,Walking,9525992292000,10.27,2.96,3.15
1007701,9,Walking,9526042341000,11.5,3.79,8.81
1007702,9,Walking,9526092328000,11.84,5.41,9.15
1007703,9,Walking,9526142347000,11.56,6.09,0.15
1007704,9,Walking,9526192335000,10.04,5.24,-1.92
1007705,9,Walking,9526242353000,7.06,3.53,-2.45
1007706,9,Walking,9526292341000,5.63,2.56,-2.26
1007707,9,Walking,9526342328000,7.74,1.65,-1.84
1007708,9,Walking,9526392347000,7.7,1.73,-0.91
1007709,9,Walking,9526442304000,8.81,3.11,-0.11
1007710,9,Walking,9526492292000,11.3,3.11,1.04
1007711,9,Walking,9526542341000,12.64,2.64,5.05
1007712,9,Walking,9526592328000,13.48,2.56,4.94
1007713,9,Walking,9526642347000,13.63,1.42,-1.5
1007714,9,Walking,9526692335000,10.34,3.95,-1.04
1007715,9,Walking,9526742322000,8.39,4.94,-0.23
1007716,9,Walking,9526792310000,5.33,4.06,-0.23
1007717,9,Walking,9526842328000,5.22,2.79,0.23
1007718,9,Walking,9526892347000,7.5,2.72,0.57
1007719,9,Walking,9526942335000,9.3,2.07,1.38
1007720,9,Walking,9526992292000,9.34,3.6,3.02
1007721,9,Walking,9527042341000,13.63,2.34,10.42
1007722,9,Walking,9527092328000,10.34,6.66,8.28
1007723,9,Walking,9527142377000,11.56,5.98,-1.38
1007724,9,Walking,9527192365000,11.54,3.83,-3.26
1007725,9,Walking,9527192365000,11.54,3.83,-3.26
1007726,9,Walking,9527302289000,6.24,3.06,-0.04
1007727,9,Walking,9527352338000,7.35,2.18,0.8
1007728,9,Walking,9527412336000,6.66,2.03,0.76
1007729,9,Walking,9527462354000,9.38,3.11,2.6
1007730,9,Walking,9527512342000,13.38,3.21,4.29
1007731,9,Walking,9527562330000,13.33,1.92,3.21
1007732,9,Walking,9527612348000,15.89,2.07,0.76
1007733,9,Walking,9527662336000,10.46,3.99,-0.46
1007734,9,Walking,9527712324000,8.62,4.52,-0.27
1007735,9,Walking,9527762342000,6.21,3.79,-0.53
1007736,9,Walking,9527812330000,6.66,2.79,-0.19
1007737,9,Walking,9527862348000,7.16,2.91,0.19
1007738,9,Walking,9527912336000,7.93,2.41,1.27
1007739,9,Walking,9527962324000,8.73,2.87,3.64
1007740,9,Walking,9528012250000,11.41,3.6,11.84
1007741,9,Walking,9528062330000,11.11,4.99,8.73
1007742,9,Walking,9528112348000,12.64,5.6,0.08
1007743,9,Walking,9528162336000,11.11,4.52,-0.27
1007744,9,Walking,9528212324000,7.16,2.56,0.0
1007745,9,Walking,9528262342000,6.51,2.91,-0.23
1007746,9,Walking,9528312330000,8.08,2.98,0.15
1007747,9,Walking,9528362348000,6.63,1.99,0.61
1007748,9,Walking,9528412397000,7.08,1.54,0.5
1007749,9,Walking,9528462293000,10.95,1.42,1.12
1007750,9,Walking,9528512311000,13.82,1.42,2.96
1007751,9,Walking,9528562330000,14.52,1.54,6.63
1007752,9,Walking,9528612317000,14.33,0.38,0.19
1007753,9,Walking,9528662336000,9.96,1.69,-1.04
1007754,9,Walking,9528712324000,9.0,4.56,-2.64
1007755,9,Walking,9528762342000,7.27,5.43,-2.96
1007756,9,Walking,9528812360000,4.4,3.17,-1.69
1007757,9,Walking,9528862348000,5.24,2.15,-1.99
1007758,9,Walking,9528912336000,8.5,2.07,-1.61
1007759,9,Walking,9528962324000,10.46,2.76,0.27
1007760,9,Walking,9529012250000,16.4,6.02,13.25
1007761,9,Walking,9529062330000,10.73,3.49,6.55
1007762,9,Walking,9529112348000,12.37,3.95,-1.8
1007763,9,Walking,9529162336000,12.98,4.33,-3.95
1007764,9,Walking,9529212324000,7.06,2.41,-3.26
1007765,9,Walking,9529262342000,5.67,1.61,-4.37
1007766,9,Walking,9529312330000,5.86,1.31,-2.79
1007767,9,Walking,9529362379000,6.24,1.46,-1.69
1007768,9,Walking,9529412336000,8.43,1.57,-1.23
1007769,9,Walking,9529462324000,11.6,1.84,-0.42
1007770,9,Walking,9529512342000,15.4,1.42,3.34
1007771,9,Walking,9529562360000,15.85,1.38,13.25
1007772,9,Walking,9529612348000,15.7,-0.53,-0.72
1007773,9,Walking,9529662336000,8.66,2.11,-2.07
1007774,9,Walking,9529712324000,9.0,5.56,-4.56
1007775,9,Walking,9529762342000,6.59,5.24,-3.68
1007776,9,Walking,9529812330000,2.98,2.64,-2.53
1007777,9,Walking,9529862348000,5.09,1.54,-3.57
1007778,9,Walking,9529912336000,8.05,1.42,-3.02
1007779,9,Walking,9529962324000,9.62,2.87,-0.15
1007780,9,Walking,9530012250000,18.31,8.08,16.7
1007781,9,Walking,9530062330000,7.16,3.57,4.02
1007782,9,Walking,9530112348000,12.18,3.41,-0.76
1007783,9,Walking,9530162336000,14.41,4.33,-4.06
1007784,9,Walking,9530212324000,7.5,2.45,-4.21
1007785,9,Walking,9530272291000,6.85,1.27,-3.98
1007786,9,Walking,9530322309000,4.9,1.12,-1.61
1007787,9,Walking,9530372327000,4.86,1.38,-0.69
1007788,9,Walking,9530422254000,7.31,1.73,-0.23
1007789,9,Walking,9530472303000,13.48,2.11,-0.3
1007790,9,Walking,9530522291000,17.5,1.18,6.4
1007791,9,Walking,9530572309000,16.28,0.27,6.02
1007792,9,Walking,9530622327000,12.11,1.33,-0.91
1007793,9,Walking,9530672315000,9.96,3.02,-1.46
1007794,9,Walking,9530722303000,8.43,4.4,-2.03
1007795,9,Walking,9530772291000,6.28,2.98,-1.04
1007796,9,Walking,9530822309000,4.63,2.07,-1.33
1007797,9,Walking,9530872297000,6.02,2.15,-2.07
1007798,9,Walking,9530922315000,8.12,3.02,-2.03
1007799,9,Walking,9530972364000,11.88,5.43,-0.72
1007800,9,Walking,9531022291000,17.01,8.35,14.63
1007801,9,Walking,9531072370000,14.9,7.01,-2.14
1007802,9,Walking,9531122358000,9.28,4.18,-2.11
1007803,9,Walking,9531122358000,9.28,4.18,-2.11
1007804,9,Walking,9531182294000,8.12,3.41,-1.46
1007805,9,Walking,9531232374000,7.86,1.95,-2.11
1007806,9,Walking,9531282453000,7.01,1.61,-1.31
1007807,9,Walking,9531332349000,5.9,1.08,-0.19
1007808,9,Walking,9531382337000,6.36,1.73,0.27
1007809,9,Walking,9531432325000,10.0,3.68,0.89
1007810,9,Walking,9531482374000,14.63,6.66,2.72
1007811,9,Walking,9531532361000,16.25,5.22,5.63
1007812,9,Walking,9531582349000,12.45,2.34,-2.07
1007813,9,Walking,9531632337000,8.81,4.25,-1.31
1007814,9,Walking,9531682325000,7.46,5.24,-1.53
1007815,9,Walking,9531732343000,6.59,5.83,-1.12
1007816,9,Walking,9531812360000,4.9,4.29,-2.07
1007817,9,Walking,9531862378000,3.79,4.18,-1.57
1007818,9,Walking,9531912336000,6.02,5.43,-1.33
1007819,9,Walking,9531962324000,12.76,7.06,6.24
1007820,9,Walking,9532012250000,14.98,5.98,2.76
1007821,9,Walking,9532062330000,10.84,7.16,-2.56
1007822,9,Walking,9532112348000,10.19,5.9,-2.72
1007823,9,Walking,9532162336000,9.47,3.15,-2.3
1007824,9,Walking,9532212324000,8.31,1.23,-0.99
1007825,9,Walking,9532262342000,7.21,1.12,-0.53
1007826,9,Walking,9532312330000,7.08,1.38,-0.3
1007827,9,Walking,9532362348000,6.93,1.73,0.08
1007828,9,Walking,9532412336000,8.69,2.18,1.14
1007829,9,Walking,9532462324000,12.87,4.82,4.06
1007830,9,Walking,9532512342000,14.63,3.76,6.74
1007831,9,Walking,9532562330000,15.43,-0.3,0.27
1007832,9,Walking,9532612379000,10.46,0.93,-2.03
1007833,9,Walking,9532662336000,9.92,2.79,-3.53
1007834,9,Walking,9532712324000,9.89,3.72,-3.11
1007835,9,Walking,9532762342000,5.63,2.6,-1.76
1007836,9,Walking,9532812330000,4.99,1.95,-1.57
1007837,9,Walking,9532862348000,6.02,1.88,-0.5
1007838,9,Walking,9532912336000,9.62,1.61,3.68
1007839,9,Walking,9532962324000,15.4,-0.57,4.75
1007840,9,Walking,9533012372000,13.72,3.15,-0.72
1007841,9,Walking,9533062330000,14.21,5.09,-3.3
1007842,9,Walking,9533112348000,11.92,2.03,-2.64
1007843,9,Walking,9533162336000,8.54,-0.65,-1.84
1007844,9,Walking,9533212354000,6.78,-1.23,-0.99
1007845,9,Walking,9533262311000,7.67,-0.8,-0.99
1007846,9,Walking,9533312330000,8.24,0.5,-1.18
1007847,9,Walking,9533362348000,7.46,1.76,-0.11
1007848,9,Walking,9533412336000,9.85,4.06,6.74
1007849,9,Walking,9533462324000,13.91,1.61,1.88
1007850,9,Walking,9533512342000,12.03,1.88,0.15
1007851,9,Walking,9533562330000,14.25,-0.19,-0.57
1007852,9,Walking,9533612348000,11.45,0.69,-2.6
1007853,9,Walking,9533662336000,10.8,2.83,-2.64
1007854,9,Walking,9533712324000,8.24,2.34,-0.89
1007855,9,Walking,9533762342000,6.66,1.57,0.08
1007856,9,Walking,9533812330000,4.99,1.27,0.95
1007857,9,Walking,9533862379000,6.74,2.26,4.4
1007858,9,Walking,9533912336000,10.27,0.84,1.76
1007859,9,Walking,9533962324000,13.1,4.14,0.5
1007860,9,Walking,9534012250000,14.29,4.25,3.53
1007861,9,Walking,9534062330000,15.24,3.38,-0.61
1007862,9,Walking,9534112348000,11.6,2.83,-1.61
1007863,9,Walking,9534162336000,6.89,0.61,-1.04
1007864,9,Walking,9534212354000,5.67,-0.34,-0.57
1007865,9,Walking,9534262311000,8.08,-0.34,-0.19
1007866,9,Walking,9534312330000,9.81,0.69,0.23
1007867,9,Walking,9534362348000,8.24,1.38,1.57
1007868,9,Walking,9534412336000,9.53,4.82,6.82
1007869,9,Walking,9534462324000,12.91,1.88,2.34
1007870,9,Walking,9534512342000,13.29,0.31,1.76
1007871,9,Walking,9534562330000,13.76,-1.65,0.04
1007872,9,Walking,9534612348000,10.38,-0.3,-1.31
1007873,9,Walking,9534662336000,11.11,2.76,-3.15
1007874,9,Walking,9534712324000,8.5,3.6,-2.11
1007875,9,Walking,9534762342000,5.56,1.5,-0.15
1007876,9,Walking,9534812360000,6.09,1.18,-0.72
1007877,9,Walking,9534862348000,7.78,1.8,-0.15
1007878,9,Walking,9534912366000,9.53,0.42,3.06
