,user,label,timestamp,x,y,z
1008679,9,Walking,9574942335000,4.52,2.18,-1.08
1008680,9,Walking,9574992292000,6.51,1.88,-0.34
1008681,9,Walking,9575042341000,8.77,2.6,-1.57
1008682,9,Walking,9575092328000,9.47,3.15,-1.46
1008683,9,Walking,9575142347000,9.89,3.06,0.15
1008684,9,Walking,9575192335000,11.54,3.38,1.99
1008685,9,Walking,9575242322000,13.4,1.04,9.23
1008686,9,Walking,9575312269000,14.29,2.18,1.65
1008687,9,Walking,9575362348000,9.23,5.33,-2.22
1008688,9,Walking,9575412336000,7.86,8.89,-4.75
1008689,9,Walking,9575462324000,4.37,7.06,-3.49
1008690,9,Walking,9575512342000,6.05,2.96,-1.04
1008691,9,Walking,9575562330000,6.63,2.34,-0.65
1008692,9,Walking,9575612348000,7.12,2.72,-0.15
1008693,9,Walking,9575662336000,12.11,0.38,5.71
1008694,9,Walking,9575712324000,10.38,3.3,4.86
1008695,9,Walking,9575762403000,8.54,6.4,9.0
1008696,9,Walking,9575812330000,13.38,7.89,0.72
1008697,9,Walking,9575862348000,13.33,6.82,-3.83
1008698,9,Walking,9575912336000,7.7,3.83,-2.45
1008699,9,Walking,9575962293000,4.56,2.53,-1.18
1008700,9,Walking,9576012281000,5.22,2.03,-1.23
1008701,9,Walking,9576062330000,9.28,2.34,-1.61
1008702,9,Walking,9576112348000,9.72,3.6,-2.03
1008703,9,Walking,9576162336000,8.66,3.38,0.0
1008704,9,Walking,9576212324000,8.28,3.41,1.57
1008705,9,Walking,9576262342000,12.53,3.21,5.09
1008706,9,Walking,9576312330000,16.25,1.5,6.59
1008707,9,Walking,9576362348000,14.86,2.22,1.8
1008708,9,Walking,9576412336000,10.57,5.41,-2.07
1008709,9,Walking,9576462293000,6.85,8.43,-4.75
1008710,9,Walking,9576512342000,2.45,6.59,-3.02
1008711,9,Walking,9576562330000,4.44,2.91,-1.31
1008712,9,Walking,9576612348000,7.44,2.41,-2.68
1008713,9,Walking,9576662336000,8.28,3.15,-2.22
1008714,9,Walking,9576712324000,10.61,1.61,4.33
1008715,9,Walking,9576762372000,9.72,2.64,10.95
1008716,9,Walking,9576812330000,7.25,4.67,6.24
1008717,9,Walking,9576862348000,12.45,8.66,3.6
1008718,9,Walking,9576912336000,13.02,7.5,-3.34
1008719,9,Walking,9576962568000,8.89,3.76,-2.49
1008720,9,Walking,9577012250000,5.86,2.41,-1.61
1008721,9,Walking,9577062360000,5.22,1.65,-1.12
1008722,9,Walking,9577112348000,8.05,1.5,-1.31
1008723,9,Walking,9577162336000,9.77,2.49,-1.99
1008724,9,Walking,9577212324000,9.51,3.15,-0.89
1008726,9,Walking,9577262342000,8.2,3.76,0.89
1008725,9,Walking,9577262342000,8.2,3.76,0.89
1008727,9,Walking,9577362348000,14.98,3.11,9.3
1008728,9,Walking,9577412336000,14.86,0.84,1.76
1008729,9,Walking,9577462324000,11.35,3.34,-1.38
1008730,9,Walking,9577512342000,8.85,6.97,-5.24
1008731,9,Walking,9577562330000,4.52,5.75,-4.56
1008732,9,Walking,9577612348000,4.71,2.11,-3.26
1008733,9,Walking,9577662336000,8.47,0.15,-2.11
1008734,9,Walking,9577712324000,7.01,1.69,-0.69
1008735,9,Walking,9577762342000,9.62,4.56,3.53
1008736,9,Walking,9577812330000,10.65,6.44,8.08
1008737,9,Walking,9577862348000,5.86,1.99,6.66
1008738,9,Walking,9577912336000,12.72,5.01,6.74
1008739,9,Walking,9577962324000,13.53,5.43,0.11
1008740,9,Walking,9578012250000,11.73,3.79,-1.57
1008741,9,Walking,9578062330000,6.51,2.91,-2.6
1008742,9,Walking,9578112348000,6.4,3.02,-2.98
1008743,9,Walking,9578162336000,8.81,2.22,-4.67
1008744,9,Walking,9578212324000,9.62,1.99,-1.46
1008745,9,Walking,9578262372000,8.92,1.31,1.92
1008746,9,Walking,9578312330000,7.89,2.64,2.6
1008747,9,Walking,9578362379000,11.03,6.36,1.76
1008748,9,Walking,9578412336000,11.69,4.29,7.12
1008749,9,Walking,9578462415000,13.53,0.61,3.17
1008750,9,Walking,9578512342000,13.33,1.31,0.65
1008751,9,Walking,9578562330000,10.8,2.96,-1.5
1008752,9,Walking,9578622297000,8.66,4.79,-3.98
1008753,9,Walking,9578672254000,7.06,3.68,-3.64
1008754,9,Walking,9578722333000,8.54,1.57,-3.87
1008755,9,Walking,9578772260000,6.74,1.54,-2.03
1008756,9,Walking,9578822309000,5.83,2.11,-2.26
1008757,9,Walking,9578872297000,8.96,4.52,4.56
1008758,9,Walking,9578922315000,8.69,8.05,2.22
1008759,9,Walking,9578972303000,13.1,8.2,2.68
1008760,9,Walking,9579022291000,10.61,4.1,6.55
1008761,9,Walking,9579072309000,11.92,2.56,-0.11
1008762,9,Walking,9579122297000,13.76,4.18,-1.46
1008763,9,Walking,9579172315000,8.08,-1.61,-2.07
1008764,9,Walking,9579222303000,6.09,3.26,-1.76
1008765,9,Walking,9579272291000,8.66,2.83,-0.42
1008766,9,Walking,9579322309000,10.23,2.37,0.72
1008767,9,Walking,9579372297000,9.28,2.26,1.69
1008768,9,Walking,9579422315000,7.86,3.34,2.45
1008769,9,Walking,9579472333000,10.19,5.24,2.64
1008770,9,Walking,9579522291000,12.64,2.68,3.76
1008772,9,Walking,9579572339000,14.71,-0.27,2.49
1008771,9,Walking,9579572339000,14.71,-0.27,2.49
1008773,9,Walking,9579632337000,11.6,1.31,-0.08
1008774,9,Walking,9579682355000,9.7,4.67,-3.57
1008775,9,Walking,9579732343000,6.78,4.86,-3.98
1008776,9,Walking,9579782331000,6.85,2.37,-3.06
1008777,9,Walking,9579832380000,8.28,0.61,-1.88
1008778,9,Walking,9579882337000,5.86,0.65,-0.72
1008779,9,Walking,9579932325000,8.01,2.07,-1.46
1008780,9,Walking,9579982343000,11.35,5.41,-1.65
1008781,9,Walking,9580032331000,12.57,9.92,4.67
1008782,9,Walking,9580082380000,7.7,6.36,9.62
1008783,9,Walking,9580132337000,13.8,7.74,-0.99
1008784,9,Walking,9580182325000,13.4,3.06,-2.83
1008785,9,Walking,9580232374000,8.2,1.5,-2.68
1008786,9,Walking,9580282331000,5.9,2.11,-3.06
1008787,9,Walking,9580332349000,6.32,1.54,-3.02
1008788,9,Walking,9580382337000,8.58,0.31,-2.41
1008789,9,Walking,9580432325000,8.77,1.18,-2.26
1008790,9,Walking,9580482343000,9.58,2.41,-1.04
1008791,9,Walking,9580532331000,9.85,4.56,0.72
1008792,9,Walking,9580582349000,12.6,6.36,7.35
1008793,9,Walking,9580632337000,13.48,0.53,5.6
1008794,9,Walking,9580682325000,15.02,2.07,0.27
1008795,9,Walking,9580732343000,10.38,2.98,-1.76
1008796,9,Walking,9580782331000,8.31,4.44,-4.25
1008797,9,Walking,9580832349000,6.09,4.02,-4.52
1008798,9,Walking,9580882337000,6.82,1.12,-3.87
1008799,9,Walking,9580932355000,6.7,-0.72,-1.95
1008800,9,Walking,9580982343000,5.6,0.69,-0.57
1008801,9,Walking,9581032331000,9.77,4.21,2.07
1008802,9,Walking,9581082380000,14.52,9.96,9.47
1008803,9,Walking,9581132337000,6.44,3.99,8.24
1008804,9,Walking,9581182325000,10.57,7.44,5.56
1008805,9,Walking,9581232374000,12.57,6.17,-1.69
1008806,9,Walking,9581282331000,11.18,4.29,-1.76
1008807,9,Walking,9581332349000,6.21,2.79,-2.34
1008808,9,Walking,9581382337000,5.98,2.11,-1.95
1008809,9,Walking,9581432325000,8.16,1.08,-1.04
1008810,9,Walking,9581482343000,9.04,1.18,-0.8
1008811,9,Walking,9581532331000,8.43,1.84,-0.65
1008812,9,Walking,9581582349000,8.58,2.26,0.38
1008813,9,Walking,9581632337000,11.26,4.21,2.72
1008814,9,Walking,9581682325000,15.6,4.94,6.89
1008815,9,Walking,9581732343000,14.21,3.15,3.87
1008816,9,Walking,9581782331000,12.22,4.21,-1.65
1008817,9,Walking,9581832349000,8.24,6.47,-4.33
1008818,9,Walking,9581882337000,4.79,6.02,-4.21
1008819,9,Walking,9581932325000,4.52,2.68,-1.99
1008820,9,Walking,9581982343000,6.24,0.53,-1.12
1008821,9,Walking,9582032331000,5.98,1.57,-2.34
1008822,9,Walking,9582082349000,9.0,2.22,-2.45
1008823,9,Walking,9582132337000,12.95,4.18,3.68
1008824,9,Walking,9582182355000,11.18,8.66,14.41
1008825,9,Walking,9582232374000,5.98,4.67,2.76
1008826,9,Walking,9582282331000,14.52,6.74,-3.34
1008827,9,Walking,9582332349000,10.0,7.06,-3.53
1008828,9,Walking,9582382337000,7.55,3.64,-3.41
1008829,9,Walking,9582432325000,5.98,1.23,-1.12
1008830,9,Walking,9582482343000,7.59,-0.3,1.04
1008831,9,Walking,9582532331000,7.21,0.72,0.5
1008832,9,Walking,9582582349000,9.19,2.64,-0.95
1008833,9,Walking,9582632337000,11.14,3.87,-0.95
1008834,9,Walking,9582682325000,13.1,5.33,3.64
1008835,9,Walking,9582732313000,13.1,1.8,6.05
1008836,9,Walking,9582782331000,13.57,2.26,2.96
1008837,9,Walking,9582832349000,9.47,5.75,-2.34
1008838,9,Walking,9582882337000,8.85,8.92,-6.4
1008839,9,Walking,9582932325000,3.72,5.9,-3.98
1008840,9,Walking,9582982343000,5.13,1.33,-1.33
1008841,9,Walking,9583032331000,5.9,0.11,-1.57
1008842,9,Walking,9583082349000,6.51,1.88,-2.18
1008843,9,Walking,9583132337000,12.41,3.41,3.15
1008844,9,Walking,9583182325000,16.28,4.18,10.5
1008845,9,Walking,9583232374000,2.56,4.52,5.41
1008846,9,Walking,9583282331000,13.29,7.74,1.04
1008847,9,Walking,9583332349000,13.02,7.16,-3.36
1008848,9,Walking,9583382337000,7.35,3.34,-2.83
1008849,9,Walking,9583432325000,5.43,2.3,-2.07
1008850,9,Walking,9583482343000,6.09,1.65,-1.38
1008851,9,Walking,9583532331000,8.31,1.8,-1.42
1008852,9,Walking,9583582380000,9.3,2.6,-1.23
1008853,9,Walking,9583632337000,9.47,2.6,0.65
1008854,9,Walking,9583692335000,10.61,3.6,2.64
1008855,9,Walking,9583742261000,12.87,4.94,5.9
1008856,9,Walking,9583792341000,15.28,2.6,4.6
1008857,9,Walking,9583842328000,11.22,3.79,-1.27
1008858,9,Walking,9583892347000,8.28,6.09,-4.63
1008859,9,Walking,9583942335000,5.98,5.63,-4.25
1008860,9,Walking,9583992322000,5.05,2.56,-1.76
1008861,9,Walking,9584042402000,6.7,0.95,-1.73
1008862,9,Walking,9584092359000,5.86,0.89,-1.92
1008863,9,Walking,9584142377000,8.5,1.5,0.0
1008864,9,Walking,9584192365000,16.55,9.62,15.09
1008865,9,Walking,9584242322000,4.4,3.17,5.24
1008866,9,Walking,9584292341000,7.82,4.21,5.01
1008867,9,Walking,9584342328000,14.75,10.61,-0.72
1008868,9,Walking,9584392347000,10.65,7.44,-1.92
1008869,9,Walking,9584442365000,6.09,2.98,-1.99
1008870,9,Walking,9584492322000,5.63,1.92,-1.18
1008871,9,Walking,9584542371000,7.86,2.11,-1.27
1008872,9,Walking,9584592328000,9.28,1.84,-1.18
1008873,9,Walking,9584642347000,8.12,1.95,-0.99
1008874,9,Walking,9584692365000,8.85,2.53,0.19
1008875,9,Walking,9584742505000,11.26,3.02,1.54
1008876,9,Walking,9584792341000,15.32,3.53,7.35
1008877,9,Walking,9584842328000,14.79,2.64,6.02
1008878,9,Walking,9584892347000,10.42,3.38,-0.08
