,user,label,timestamp,x,y,z
403639,10,Walking,3538112347000,13.48,19.34,16.59
403640,10,Walking,3538162334000,-2.64,6.44,0.15
403641,10,Walking,3538212322000,-2.3,16.93,-2.26
403642,10,Walking,3538262341000,-9.96,3.99,-1.12
403643,10,Walking,3538312328000,-4.9,10.92,-3.72
403644,10,Walking,3538362377000,-3.76,10.92,-1.42
403645,10,Walking,3538412334000,1.18,12.26,-3.02
403646,10,Walking,3538462322000,5.63,11.14,-4.75
403647,10,Walking,3538512341000,-0.42,8.66,5.83
403648,10,Walking,3538562328000,1.54,9.89,0.53
403649,10,Walking,3538612347000,-3.98,11.73,-0.04
403650,10,Walking,3538662334000,3.64,13.25,-2.91
403651,10,Walking,3538712322000,4.9,14.6,6.36
403652,10,Walking,3538762341000,-0.84,15.64,0.89
403653,10,Walking,3538812328000,-9.28,19.19,-10.19
403654,10,Walking,3538862347000,-1.04,13.53,6.17
403655,10,Walking,3538912334000,0.99,8.85,-2.96
403656,10,Walking,3538962353000,-4.82,3.26,-3.98
403657,10,Walking,3539012249000,-5.13,1.38,-4.79
403658,10,Walking,3539062328000,-1.92,2.53,-3.41
403659,10,Walking,3539112347000,3.76,11.45,10.73
403660,10,Walking,3539162334000,9.89,17.5,9.43
403661,10,Walking,3539212322000,-3.17,2.6,-4.4
403662,10,Walking,3539262341000,-4.21,17.73,3.34
403663,10,Walking,3539312328000,-6.4,3.53,-2.49
403664,10,Walking,3539362347000,-4.56,12.15,-2.96
403665,10,Walking,3539412334000,-2.64,12.3,-3.15
403666,10,Walking,3539462322000,1.65,10.04,-4.79
403667,10,Walking,3539512371000,2.76,9.72,-1.57
403668,10,Walking,3539562328000,-0.08,9.11,7.21
403669,10,Walking,3539612347000,-0.84,11.69,-2.83
403670,10,Walking,3539662334000,-2.37,11.84,2.79
403671,10,Walking,3539712322000,7.97,12.72,-3.34
403672,10,Walking,3539762341000,0.76,15.32,5.71
403673,10,Walking,3539812328000,-1.69,14.21,2.34
403674,10,Walking,3539862347000,-4.29,17.39,-7.12
403675,10,Walking,3539912334000,-6.28,13.91,1.69
403676,10,Walking,3539962322000,4.71,9.11,-2.53
403677,10,Walking,3540012341000,-2.34,5.67,-3.6
403678,10,Walking,3540062328000,-5.63,1.76,-5.09
403679,10,Walking,3540112347000,-4.37,1.14,-4.21
403680,10,Walking,3540162334000,-1.23,7.27,6.7
403681,10,Walking,3540212322000,13.1,18.85,13.14
403682,10,Walking,3540262341000,-2.68,11.65,1.23
403683,10,Walking,3540312328000,-8.01,8.96,-1.23
403684,10,Walking,3540362347000,-6.47,3.68,-4.1
403685,10,Walking,3540412334000,-4.99,15.55,-3.79
403686,10,Walking,3540462322000,-0.99,12.22,-4.14
403687,10,Walking,3540512341000,3.76,12.22,-3.57
403688,10,Walking,3540562328000,2.22,8.39,1.99
403689,10,Walking,3540612347000,-0.15,7.89,5.05
403690,10,Walking,3540662334000,-1.14,11.73,-2.91
403691,10,Walking,3540712322000,-1.88,12.79,5.67
403692,10,Walking,3540762341000,8.31,13.25,-5.75
403693,10,Walking,3540812328000,1.38,14.67,7.89
403694,10,Walking,3540862347000,-1.33,14.6,0.76
403695,10,Walking,3540912365000,-4.79,17.62,-7.25
403696,10,Walking,3540962322000,-5.48,14.14,1.95
403697,10,Walking,3541012279000,4.29,8.58,-2.87
403698,10,Walking,3541062328000,-2.45,6.24,-2.83
403699,10,Walking,3541112347000,-5.41,1.65,-4.71
403700,10,Walking,3541162334000,-4.59,1.5,-4.21
403701,10,Walking,3541212322000,-2.56,6.66,3.68
403702,10,Walking,3541262341000,13.95,19.38,15.05
403703,10,Walking,3541312328000,-3.64,6.85,1.12
403704,10,Walking,3541362347000,-2.96,16.86,-1.23
403705,10,Walking,3541422314000,-7.16,1.92,-2.03
403706,10,Walking,3541472271000,-5.37,13.44,-3.34
403707,10,Walking,3541522320000,-2.45,10.88,-4.99
403708,10,Walking,3541572277000,3.6,13.59,-4.99
403709,10,Walking,3541622326000,3.53,10.31,-0.84
403710,10,Walking,3541672344000,-0.42,8.92,9.43
403711,10,Walking,3541722332000,0.04,11.35,-2.79
403712,10,Walking,3541772289000,-2.41,11.35,3.26
403713,10,Walking,3541822338000,7.93,13.25,-4.82
403714,10,Walking,3541872326000,0.84,14.37,7.7
403715,10,Walking,3541922344000,-1.12,14.21,2.41
403716,10,Walking,3541972301000,-5.09,18.2,-6.82
403717,10,Walking,3542022320000,-6.59,14.18,2.15
403718,10,Walking,3542022320000,-6.59,14.18,2.15
403719,10,Walking,3542092327000,5.13,8.69,-2.34
403720,10,Walking,3542142315000,-4.4,4.37,-4.71
403721,10,Walking,3542192333000,-5.56,1.04,-5.37
403722,10,Walking,3542242352000,-3.41,1.84,-3.49
403723,10,Walking,3542292339000,6.55,14.6,15.17
403724,10,Walking,3542342327000,4.44,14.67,8.08
403725,10,Walking,3542392345000,-1.38,13.82,-5.01
403726,10,Walking,3542442333000,-11.07,4.63,4.29
403727,10,Walking,3542492321000,-5.13,7.82,-4.82
403728,10,Walking,3542542339000,-3.79,12.45,-3.17
403729,10,Walking,3542592327000,-0.99,11.88,-5.48
403730,10,Walking,3542642345000,4.4,13.21,-2.3
403731,10,Walking,3542692333000,1.27,7.59,5.41
403732,10,Walking,3542742321000,-0.57,9.58,2.22
403733,10,Walking,3542792339000,-1.5,11.54,-3.98
403734,10,Walking,3542842327000,1.84,13.06,5.01
403735,10,Walking,3542892345000,7.7,13.57,-3.26
403736,10,Walking,3542942333000,0.15,15.32,8.05
403737,10,Walking,3542992290000,-3.57,14.67,-2.53
403738,10,Walking,3543042339000,-8.69,18.58,-3.68
403739,10,Walking,3543092327000,-0.8,10.88,-0.76
403740,10,Walking,3543142345000,4.75,7.01,-1.73
403741,10,Walking,3543192333000,-4.18,4.18,-4.63
403742,10,Walking,3543242321000,-5.52,1.42,-5.37
403743,10,Walking,3543292339000,-3.11,2.76,-3.53
403744,10,Walking,3543342327000,2.22,13.25,12.87
403745,10,Walking,3543392345000,8.28,16.47,10.08
403746,10,Walking,3543442333000,-3.76,9.15,-4.71
403747,10,Walking,3543492352000,-7.82,11.54,6.93
403748,10,Walking,3543542370000,-5.01,5.71,-5.18
403749,10,Walking,3543592327000,-4.4,12.91,-4.79
403750,10,Walking,3543642345000,-1.46,10.38,-4.82
403751,10,Walking,3543692333000,4.63,13.67,-2.49
403752,10,Walking,3543742321000,1.99,8.85,-0.38
403753,10,Walking,3543792339000,-0.5,8.69,7.63
403754,10,Walking,3543842327000,-1.5,11.73,-4.29
403755,10,Walking,3543892345000,0.65,12.6,4.67
403756,10,Walking,3543942333000,7.55,13.25,-3.49
403757,10,Walking,3543992321000,1.04,14.94,6.44
403758,10,Walking,3544042339000,-2.14,15.02,0.57
403759,10,Walking,3544092388000,-7.04,18.39,-5.67
403760,10,Walking,3544142345000,-4.33,12.37,1.04
403761,10,Walking,3544192333000,4.99,8.28,-2.18
403762,10,Walking,3544242321000,-4.06,5.22,-3.91
403763,10,Walking,3544292339000,-5.56,0.65,-5.09
403764,10,Walking,3544342327000,-3.15,1.5,-3.79
403765,10,Walking,3544392345000,2.79,11.54,-4.86
403767,10,Walking,3544502148000,-4.29,11.54,-4.86
403766,10,Walking,3544502148000,-4.29,11.54,-4.86
403768,10,Walking,3544552288000,-8.31,7.12,2.83
403769,10,Walking,3544602428000,-5.63,8.05,-3.83
403770,10,Walking,3544652294000,-3.53,13.63,-2.18
403771,10,Walking,3544702373000,-1.38,9.77,-5.6
403772,10,Walking,3544762341000,4.02,12.34,-3.11
403773,10,Walking,3544812328000,1.18,9.15,4.29
403774,10,Walking,3544862347000,-0.15,10.99,4.1
403775,10,Walking,3544912334000,-1.46,11.07,-3.36
403776,10,Walking,3544962322000,4.44,12.79,0.8
403777,10,Walking,3545012249000,4.56,13.67,3.38
403778,10,Walking,3545062328000,-0.61,14.44,5.28
403779,10,Walking,3545112347000,-2.96,16.28,-4.59
403780,10,Walking,3545162334000,-9.77,17.86,-1.84
403781,10,Walking,3545212322000,0.46,9.58,-0.8
403782,10,Walking,3545262341000,2.53,7.16,-2.45
403783,10,Walking,3545312328000,-5.28,3.34,-4.9
403784,10,Walking,3545362316000,-5.28,0.8,-5.43
403785,10,Walking,3545412334000,-1.69,3.6,-1.31
403786,10,Walking,3545462353000,12.87,17.97,17.01
403787,10,Walking,3545512341000,-0.19,9.96,2.87
403788,10,Walking,3545562328000,-6.63,9.58,-8.43
403789,10,Walking,3545612347000,-7.12,9.28,4.52
403790,10,Walking,3545662334000,-5.24,7.55,-2.72
403791,10,Walking,3545712322000,-3.87,13.29,-2.22
403792,10,Walking,3545762341000,0.08,10.42,-6.7
403793,10,Walking,3545812328000,5.67,12.03,-3.02
403794,10,Walking,3545862347000,1.23,9.0,-0.38
403795,10,Walking,3545912334000,-0.5,10.73,8.35
403796,10,Walking,3545962322000,-1.33,11.3,-3.34
403797,10,Walking,3546012249000,3.26,12.26,0.42
403798,10,Walking,3546062328000,4.21,13.38,0.99
403799,10,Walking,3546112347000,1.08,13.82,5.48
403800,10,Walking,3546162334000,-1.04,15.28,-1.53
403801,10,Walking,3546162334000,-1.04,15.28,-1.53
403802,10,Walking,3546262127000,-3.83,12.11,2.72
403803,10,Walking,3546312420000,3.49,7.4,-1.8
403804,10,Walking,3546362225000,-4.25,4.52,-4.52
403805,10,Walking,3546412334000,-6.05,0.69,-5.18
403806,10,Walking,3546462322000,-3.49,2.11,-2.96
403807,10,Walking,3546512341000,5.98,14.37,14.1
403808,10,Walking,3546562328000,6.28,14.98,7.86
403809,10,Walking,3546612347000,-4.29,8.66,-6.66
403810,10,Walking,3546662365000,-7.16,9.81,6.85
403811,10,Walking,3546712322000,-6.17,6.78,-3.26
403812,10,Walking,3546762341000,-4.06,13.59,-2.68
403813,10,Walking,3546812328000,-0.42,10.15,-6.82
403814,10,Walking,3546862347000,5.09,12.83,-2.98
403815,10,Walking,3546912334000,1.27,9.43,0.61
403816,10,Walking,3546962322000,-0.5,9.81,9.34
403817,10,Walking,3547012249000,-1.53,11.3,-5.75
403818,10,Walking,3547062328000,2.6,12.6,2.91
403819,10,Walking,3547116161000,4.06,14.1,-0.19
403820,10,Walking,3547172344000,2.07,13.59,5.05
403821,10,Walking,3547222332000,-1.92,15.28,-3.15
403822,10,Walking,3547272320000,-8.27,18.81,-5.09
403823,10,Walking,3547322369000,-1.57,10.76,1.18
403824,10,Walking,3547372326000,3.38,7.21,-1.92
403825,10,Walking,3547422344000,-4.82,3.83,-4.44
403826,10,Walking,3547472332000,-6.02,1.14,-4.75
403827,10,Walking,3547522320000,-3.64,2.76,-2.64
403828,10,Walking,3547572308000,7.08,15.09,15.09
403829,10,Walking,3547622326000,3.6,14.18,7.21
403830,10,Walking,3547672344000,-4.63,14.1,-4.37
403831,10,Walking,3547722332000,-9.08,4.44,1.23
403832,10,Walking,3547772320000,-5.63,8.43,-2.11
403833,10,Walking,3547822338000,-3.11,12.45,-2.6
403834,10,Walking,3547872326000,1.76,11.96,-7.21
403835,10,Walking,3547922344000,4.48,12.34,-1.95
403836,10,Walking,3547972332000,-0.5,9.23,6.09
403837,10,Walking,3548022320000,-0.38,10.04,2.83
403838,10,Walking,3548072308000,-1.53,11.07,-3.53
