,user,label,timestamp,x,y,z
416888,10,Walking,4267792339000,-3.76,5.71,-4.25
416889,10,Walking,4267842327000,-5.56,0.42,-5.52
416890,10,Walking,4267892345000,-4.14,0.95,-4.14
416891,10,Walking,4267942333000,-5.24,7.78,5.67
416892,10,Walking,4267992352000,12.68,18.81,15.13
416893,10,Walking,4268042339000,-5.2,5.28,-1.33
416894,10,Walking,4268092327000,-5.28,16.17,-1.42
416895,10,Walking,4268142345000,-7.31,1.38,-1.57
416896,10,Walking,4268192333000,-7.46,13.57,-4.94
416897,10,Walking,4268242321000,-2.68,11.18,-5.05
416898,10,Walking,4268292339000,3.02,11.8,-3.79
416899,10,Walking,4268342327000,2.37,9.08,-1.42
416900,10,Walking,4268392376000,-2.75,11.35,10.19
416901,10,Walking,4268442333000,-0.76,10.92,-3.41
416902,10,Walking,4268492321000,-4.06,11.65,2.15
416903,10,Walking,4268542339000,7.63,13.18,-4.14
416904,10,Walking,4268592327000,-1.08,14.79,8.54
416905,10,Walking,4268642345000,-3.87,13.29,2.72
416906,10,Walking,4268692333000,-8.92,17.77,-4.25
416907,10,Walking,4268742321000,-4.48,12.87,-0.08
416908,10,Walking,4268792339000,4.1,8.16,-0.15
416909,10,Walking,4268842327000,-3.15,5.9,-3.87
416910,10,Walking,4268892345000,-5.33,1.46,-5.67
416911,10,Walking,4268942333000,-4.48,0.95,-4.29
416912,10,Walking,4268992321000,-4.71,6.74,6.02
416913,10,Walking,4269042339000,11.14,18.62,14.98
416914,10,Walking,4269092327000,-5.67,4.9,-4.06
416915,10,Walking,4269142345000,-6.93,14.48,1.65
416916,10,Walking,4269192333000,-6.97,3.76,-3.02
416917,10,Walking,4269242382000,-6.36,13.18,-5.71
416918,10,Walking,4269292370000,-2.26,11.56,-5.09
416919,10,Walking,4269342327000,1.42,12.68,-2.72
416920,10,Walking,4269452129000,-1.61,10.69,8.54
416921,10,Walking,4269452129000,-1.61,10.69,8.54
416922,10,Walking,4269512279000,-0.53,10.53,-3.72
416923,10,Walking,4269562359000,1.8,13.44,0.57
416924,10,Walking,4269612286000,2.18,13.67,2.18
416925,10,Walking,4269662334000,-1.76,14.79,6.55
416926,10,Walking,4269712322000,-3.95,15.89,-3.83
416927,10,Walking,4269772320000,-8.62,17.92,-5.67
416928,10,Walking,4269822338000,2.07,9.85,0.19
416929,10,Walking,4269872295000,-1.73,7.31,-3.11
416930,10,Walking,4269922344000,-5.79,1.31,-5.82
416931,10,Walking,4269972301000,-5.01,-0.19,-4.9
416932,10,Walking,4270022320000,-6.63,2.64,0.04
416933,10,Walking,4270072338000,10.65,19.11,16.97
416934,10,Walking,4270122326000,-4.14,6.32,1.33
416935,10,Walking,4270172344000,-2.53,14.71,-4.79
416936,10,Walking,4270222332000,-9.53,0.95,3.11
416937,10,Walking,4270282299000,-5.86,10.42,-6.05
416938,10,Walking,4270282299000,-5.86,10.42,-6.05
416939,10,Walking,4270342266000,-3.06,12.79,-4.18
416940,10,Walking,4270392345000,1.57,11.99,-1.84
416941,10,Walking,4270442333000,0.95,7.63,0.19
416942,10,Walking,4270492321000,-3.17,8.85,7.7
416943,10,Walking,4270542370000,-0.04,10.69,-4.86
416944,10,Walking,4270592327000,-6.7,11.99,4.44
416945,10,Walking,4270642376000,8.31,13.87,-5.28
416946,10,Walking,4270692364000,-0.72,14.44,7.59
416947,10,Walking,4270742321000,-0.76,13.1,1.92
416948,10,Walking,4270792339000,-5.01,18.16,-5.41
416949,10,Walking,4270842327000,-7.59,14.9,-2.3
416950,10,Walking,4270892345000,2.98,9.28,-0.65
416951,10,Walking,4270942364000,-2.6,5.98,-3.36
416952,10,Walking,4270992290000,-6.05,1.12,-5.18
416953,10,Walking,4271042339000,-5.6,0.53,-4.4
416954,10,Walking,4271092327000,-6.74,4.9,4.56
416955,10,Walking,4271142376000,12.95,19.5,13.72
416956,10,Walking,4271192333000,-9.47,9.3,3.41
416957,10,Walking,4271242290000,-2.72,9.58,-3.36
416958,10,Walking,4271292339000,-5.24,0.31,-3.15
416959,10,Walking,4271342327000,-6.17,17.24,-3.68
416960,10,Walking,4271392345000,-0.5,12.26,-4.25
416961,10,Walking,4271442364000,0.08,10.5,-2.34
416962,10,Walking,4271492321000,-1.99,7.82,3.79
416963,10,Walking,4271542339000,-2.34,8.58,2.96
416964,10,Walking,4271592358000,1.12,10.23,-3.57
416965,10,Walking,4271642345000,-4.75,13.14,5.86
416966,10,Walking,4271692333000,7.74,14.48,-2.53
416967,10,Walking,4271742352000,0.5,16.21,8.05
416968,10,Walking,4271792339000,-1.84,14.29,-1.12
416969,10,Walking,4271842327000,-6.05,18.7,-7.4
416970,10,Walking,4271892345000,-5.01,13.44,1.65
416971,10,Walking,4271942333000,4.71,9.7,-2.03
416972,10,Walking,4271992321000,-3.76,4.44,-5.01
416973,10,Walking,4272042339000,-6.21,-0.15,-6.02
416974,10,Walking,4272092327000,-4.37,0.34,-3.91
416975,10,Walking,4272142345000,-8.01,7.59,8.24
416976,10,Walking,4272192333000,9.72,17.24,10.12
416977,10,Walking,4272242321000,-7.89,6.47,-1.99
416978,10,Walking,4272292339000,-3.68,10.88,5.37
416979,10,Walking,4272342327000,-5.94,0.69,-4.48
416980,10,Walking,4272392345000,-7.86,16.51,-4.56
416981,10,Walking,4272442333000,-1.61,11.65,-4.44
416982,10,Walking,4272492321000,0.89,11.75,-2.68
416983,10,Walking,4272542339000,1.69,9.04,0.08
416984,10,Walking,4272592327000,-1.27,9.77,7.86
416985,10,Walking,4272642345000,0.23,11.54,-2.72
416986,10,Walking,4272692333000,-2.6,12.87,5.63
416987,10,Walking,4272742321000,8.2,13.99,-3.76
416988,10,Walking,4272792339000,-3.64,15.4,6.89
416989,10,Walking,4272842327000,-4.21,13.91,-1.27
416990,10,Walking,4272892376000,-8.62,16.97,-3.76
416991,10,Walking,4272942333000,-4.71,12.22,1.5
416992,10,Walking,4272992321000,5.13,8.77,-1.73
416993,10,Walking,4273042339000,-2.83,5.75,-3.83
416994,10,Walking,4273092327000,-5.67,0.99,-5.6
416995,10,Walking,4273142345000,-3.21,0.93,-4.02
416996,10,Walking,4273192333000,-5.6,6.63,7.89
416997,10,Walking,4273242321000,9.53,18.92,14.18
416998,10,Walking,4273292339000,-5.43,1.88,-1.38
416999,10,Walking,4273342327000,-5.63,16.86,-0.53
417000,10,Walking,4273392345000,-7.7,2.76,-0.69
417001,10,Walking,4273442333000,-5.24,10.69,-4.37
417002,10,Walking,4273492352000,-3.53,11.11,-4.75
417003,10,Walking,4273542339000,0.23,10.73,-3.72
417004,10,Walking,4273592327000,2.03,9.72,-1.38
417005,10,Walking,4273642345000,-1.8,11.69,7.46
417006,10,Walking,4273642345000,-1.8,11.69,7.46
417007,10,Walking,4273742443000,-4.82,10.69,4.67
417008,10,Walking,4273792309000,9.08,14.21,-1.8
417009,10,Walking,4273842266000,-1.14,15.89,6.89
417010,10,Walking,4273892376000,-2.03,15.32,-1.38
417011,10,Walking,4273942333000,-8.16,18.81,-5.71
417012,10,Walking,4273992321000,-5.01,12.34,1.84
417013,10,Walking,4274042339000,2.91,8.08,-1.18
417014,10,Walking,4274092327000,-3.15,4.18,-4.86
417015,10,Walking,4274142376000,-5.41,-0.46,-6.21
417016,10,Walking,4274192333000,-3.02,0.11,-3.57
417017,10,Walking,4274242321000,4.06,13.91,16.78
417018,10,Walking,4274292339000,-2.26,14.63,6.32
417019,10,Walking,4274342327000,-4.94,11.45,3.02
417020,10,Walking,4274392345000,-9.89,2.98,-1.46
417021,10,Walking,4274442333000,-4.71,9.89,-6.55
417022,10,Walking,4274502361000,-2.41,12.3,-3.02
417023,10,Walking,4274552349000,-0.5,11.11,-4.52
417024,10,Walking,4274602337000,-0.19,9.58,0.53
417025,10,Walking,4274652325000,-1.61,8.43,3.87
417026,10,Walking,4274702343000,-0.69,11.03,0.27
417027,10,Walking,4274752361000,-2.75,10.57,0.04
417028,10,Walking,4274802349000,3.95,14.29,0.0
417029,10,Walking,4274852306000,1.99,14.29,5.79
417030,10,Walking,4274902325000,-1.12,14.6,4.94
417031,10,Walking,4274952343000,-2.72,18.39,-6.17
417032,10,Walking,4275002544000,-9.81,17.05,-4.99
417033,10,Walking,4275052349000,0.27,9.72,0.08
417034,10,Walking,4275102337000,-1.57,7.7,-2.11
417035,10,Walking,4275152294000,-6.05,0.89,-5.41
417036,10,Walking,4275202343000,-4.4,-0.99,-4.75
417037,10,Walking,4275252270000,-4.71,2.3,-0.99
417038,10,Walking,4275302349000,10.23,18.89,17.12
417039,10,Walking,4275352337000,-5.71,4.9,2.07
417040,10,Walking,4275402325000,-4.99,14.44,-0.84
417041,10,Walking,4275452373000,-5.48,3.11,-2.41
417042,10,Walking,4275502361000,-5.63,11.18,-5.2
417043,10,Walking,4275552410000,-4.06,12.64,-2.34
417044,10,Walking,4275602337000,-1.18,11.65,-3.72
417045,10,Walking,4275652325000,1.27,10.34,-0.61
417046,10,Walking,4275702343000,3.3,6.63,-1.31
417047,10,Walking,4275752331000,-1.65,12.98,4.86
417048,10,Walking,4275802349000,-6.05,10.76,1.69
417049,10,Walking,4275852337000,4.79,13.02,-1.95
417050,10,Walking,4275902386000,0.99,14.52,2.37
417051,10,Walking,4275952312000,-1.04,14.41,6.85
417052,10,Walking,4276002331000,-3.87,16.47,-3.41
417053,10,Walking,4276052380000,-9.92,18.09,-5.71
417054,10,Walking,4276102337000,-0.15,8.62,1.18
417055,10,Walking,4276152294000,0.46,7.35,-1.65
417056,10,Walking,4276202343000,-4.44,3.06,-4.86
417057,10,Walking,4276252239000,-4.79,0.04,-4.67
417058,10,Walking,4276302349000,-4.06,2.11,-1.8
417059,10,Walking,4276352337000,8.35,16.4,17.2
417060,10,Walking,4276402325000,-5.33,11.18,4.02
417061,10,Walking,4276452343000,-5.9,13.63,-2.03
417062,10,Walking,4276502331000,-6.32,1.27,-2.3
417063,10,Walking,4276552349000,-6.13,12.3,-4.63
417064,10,Walking,4276602337000,-2.87,11.75,-3.15
417065,10,Walking,4276652325000,-0.04,11.22,-4.67
417066,10,Walking,4276702373000,1.23,10.23,-0.3
417067,10,Walking,4276752331000,-2.53,10.0,8.05
417068,10,Walking,4276802349000,-0.46,11.37,-2.34
417069,10,Walking,4276852337000,-2.96,10.15,0.8
417070,10,Walking,4276902325000,4.29,13.48,-1.53
417071,10,Walking,4276952373000,0.95,14.9,2.07
417072,10,Walking,4277002727000,-1.76,14.37,7.16
417073,10,Walking,4277052349000,-4.1,15.4,-5.79
417074,10,Walking,4277102367000,-8.16,16.04,-5.2
417075,10,Walking,4277152355000,0.61,9.3,-0.11
417076,10,Walking,4277202343000,-0.69,7.21,-1.61
417077,10,Walking,4277252331000,-5.52,2.64,-4.9
417078,10,Walking,4277322308000,-4.9,0.57,-4.21
417079,10,Walking,4277372234000,-4.44,7.16,7.44
417080,10,Walking,4277422375000,11.6,18.39,11.5
417081,10,Walking,4277472271000,-4.94,0.99,-1.88
417082,10,Walking,4277522320000,-8.08,14.82,0.65
417084,10,Walking,4277572338000,-5.18,2.26,-0.8
417083,10,Walking,4277572338000,-5.18,2.26,-0.8
417085,10,Walking,4277682293000,-3.64,12.6,-5.82
417086,10,Walking,4277682293000,-3.64,12.6,-5.82
417087,10,Walking,4277742260000,1.12,10.42,-2.37
