,user,label,timestamp,x,y,z
418088,10,Walking,4327802288000,1.84,9.34,-1.61
418089,10,Walking,4327852398000,-3.41,10.23,4.99
418090,10,Walking,4327902325000,-2.49,11.18,-2.49
418091,10,Walking,4327952343000,-4.82,11.3,3.15
418092,10,Walking,4328002331000,8.47,13.44,-4.33
418093,10,Walking,4328052349000,-0.91,14.94,6.93
418094,10,Walking,4328102337000,-2.64,14.52,3.57
418095,10,Walking,4328152325000,-7.27,16.59,-4.44
418096,10,Walking,4328202343000,-8.05,14.14,-2.45
418097,10,Walking,4328252331000,3.87,7.93,-1.84
418098,10,Walking,4328302380000,-2.26,6.93,-2.07
418099,10,Walking,4328352337000,-6.51,1.42,-6.09
418100,10,Walking,4328402325000,-5.6,0.11,-4.56
418101,10,Walking,4328452343000,-5.2,5.67,5.33
418102,10,Walking,4328502331000,13.59,19.5,15.64
418103,10,Walking,4328552349000,-3.15,9.19,0.69
418104,10,Walking,4328602337000,-2.68,15.64,-0.95
418105,10,Walking,4328652325000,-7.93,-2.11,-2.49
418106,10,Walking,4328702343000,-6.7,14.82,-4.52
418107,10,Walking,4328752331000,-2.11,10.99,-1.18
418108,10,Walking,4328802349000,1.46,11.96,-4.33
418109,10,Walking,4328852337000,2.15,9.62,-1.84
418110,10,Walking,4328902325000,-2.53,8.47,3.34
418111,10,Walking,4328952343000,-2.22,10.95,0.27
418112,10,Walking,4329003002000,-5.94,10.92,3.15
418113,10,Walking,4329052349000,8.5,13.29,-5.24
418114,10,Walking,4329102367000,-1.31,14.71,5.56
418115,10,Walking,4329152325000,-1.92,13.95,5.43
418116,10,Walking,4329202343000,-7.44,14.86,-4.33
418117,10,Walking,4329252331000,-9.34,14.98,-3.91
418118,10,Walking,4329302349000,0.46,8.73,-0.53
418119,10,Walking,4329352367000,0.72,8.58,-0.69
418120,10,Walking,4329402325000,-5.56,2.72,-5.05
418121,10,Walking,4329452343000,-4.71,0.53,-4.79
418122,10,Walking,4329502331000,-3.76,2.64,-0.61
418123,10,Walking,4329560345000,11.14,17.92,17.62
418124,10,Walking,4329622295000,-7.12,5.48,-2.22
418125,10,Walking,4329672344000,-3.26,13.8,2.15
418126,10,Walking,4329722301000,-7.04,1.61,-1.42
418127,10,Walking,4329772320000,-5.05,15.94,-2.22
418128,10,Walking,4329822308000,-0.99,11.18,-2.22
418129,10,Walking,4329872295000,0.72,9.77,-4.44
418130,10,Walking,4329922314000,1.61,8.43,-1.57
418131,10,Walking,4329972332000,-0.53,8.73,-2.07
418132,10,Walking,4330022289000,-5.56,12.03,5.86
418133,10,Walking,4330072338000,-2.83,11.37,2.34
418134,10,Walking,4330122326000,9.15,13.38,-4.56
418135,10,Walking,4330172344000,0.11,14.33,6.28
418136,10,Walking,4330222301000,-3.15,14.56,3.64
418137,10,Walking,4330282299000,-7.31,16.86,-3.91
418138,10,Walking,4330282299000,-7.31,16.86,-3.91
418139,10,Walking,4330342297000,-6.59,13.44,-2.53
418140,10,Walking,4330392345000,3.3,8.08,-1.73
418141,10,Walking,4330442333000,-4.4,5.71,-3.6
418142,10,Walking,4330492321000,-6.78,1.04,-5.33
418143,10,Walking,4330542339000,-4.48,0.76,-3.06
418144,10,Walking,4330592327000,0.34,9.43,11.6
418145,10,Walking,4330652874000,9.28,18.24,11.26
418146,10,Walking,4330702343000,-4.06,10.76,-4.82
418147,10,Walking,4330752331000,-9.96,5.24,4.86
418148,10,Walking,4330802349000,-5.98,5.13,-4.71
418149,10,Walking,4330852337000,-4.4,15.02,-1.84
418150,10,Walking,4330902325000,-0.3,11.45,-4.14
418151,10,Walking,4330952343000,1.54,11.56,-2.34
418152,10,Walking,4331002636000,1.31,8.08,-0.91
418153,10,Walking,4331052349000,-3.06,10.34,6.09
418154,10,Walking,4331102337000,-2.22,11.07,-2.49
418155,10,Walking,4331152325000,-3.72,11.88,2.18
418156,10,Walking,4331202343000,7.4,13.14,-4.52
418157,10,Walking,4331252239000,-2.68,14.75,8.16
418158,10,Walking,4331302349000,-1.88,12.76,3.15
418159,10,Walking,4331352337000,-5.41,16.63,-5.75
418160,10,Walking,4331402325000,-6.63,13.14,-1.33
418161,10,Walking,4331452343000,1.95,8.54,-1.23
418162,10,Walking,4331502331000,-2.14,7.74,-2.3
418163,10,Walking,4331552380000,-6.47,2.3,-4.59
418164,10,Walking,4331602337000,-5.18,1.46,-3.26
418165,10,Walking,4331652325000,-4.44,4.56,2.26
418166,10,Walking,4331702343000,12.76,19.31,16.47
418167,10,Walking,4331752331000,0.11,6.55,1.95
418168,10,Walking,4331802349000,-4.29,5.86,-8.58
418169,10,Walking,4331852367000,-8.81,11.96,10.42
418170,10,Walking,4331902325000,-4.33,5.71,-4.48
418171,10,Walking,4331952282000,-5.56,14.86,-4.48
418172,10,Walking,4332002331000,-0.57,9.47,-4.86
418173,10,Walking,4332052349000,1.73,10.15,-2.56
418174,10,Walking,4332102337000,1.27,7.55,-1.5
418175,10,Walking,4332152355000,-4.71,11.75,3.83
418176,10,Walking,4332202373000,-3.87,10.61,0.89
418177,10,Walking,4332252331000,3.41,13.59,-0.84
418178,10,Walking,4332302349000,4.48,13.44,-1.18
418179,10,Walking,4332352337000,-1.23,14.48,-3.49
418180,10,Walking,4332422344000,-4.99,15.94,-3.49
418181,10,Walking,4332472240000,-7.89,15.7,-3.49
418182,10,Walking,4332522350000,1.12,9.3,0.19
418183,10,Walking,4332572277000,-0.53,8.58,-2.3
418184,10,Walking,4332622326000,-5.18,2.96,-5.24
418185,10,Walking,4332672314000,-4.52,0.93,-5.13
418186,10,Walking,4332722332000,-4.59,2.87,-0.89
418187,10,Walking,4332772320000,10.76,18.39,18.81
418188,10,Walking,4332822369000,-0.53,10.31,2.72
418189,10,Walking,4332872326000,-6.09,10.04,-3.6
418190,10,Walking,4332922344000,-6.47,6.85,2.83
418191,10,Walking,4332972362000,-4.59,5.9,-3.21
418192,10,Walking,4333022320000,-4.94,15.89,-1.76
418193,10,Walking,4333072308000,-0.72,9.77,-5.52
418194,10,Walking,4333122326000,1.12,11.41,-2.18
418195,10,Walking,4333172344000,1.38,8.16,-0.72
418196,10,Walking,4333222301000,-0.61,10.27,-0.76
418197,10,Walking,4333272320000,-5.86,11.73,4.56
418198,10,Walking,4333322338000,-1.38,12.18,0.19
418199,10,Walking,4333372326000,7.46,13.18,-3.72
418200,10,Walking,4333422344000,-1.65,14.71,7.4
418201,10,Walking,4333472332000,-2.03,13.02,3.57
418202,10,Walking,4333522442000,-6.24,16.13,-4.67
418203,10,Walking,4333572338000,-7.44,14.75,-2.75
418204,10,Walking,4333622326000,2.64,8.62,-0.72
418205,10,Walking,4333672314000,-2.3,7.25,-1.84
418206,10,Walking,4333722332000,-5.6,2.76,-5.18
418207,10,Walking,4333772320000,-4.86,0.99,-4.18
418208,10,Walking,4333822338000,-4.59,3.41,1.27
418209,10,Walking,4333872326000,12.41,18.77,17.62
418210,10,Walking,4333922344000,-2.41,9.72,2.53
418211,10,Walking,4333972332000,-3.6,13.53,-3.72
418212,10,Walking,4334022625000,-8.47,0.89,0.76
418213,10,Walking,4334072338000,-5.56,12.83,-3.64
418214,10,Walking,4334122326000,-1.92,11.73,-1.31
418215,10,Walking,4334172344000,-0.27,10.27,-5.09
418216,10,Walking,4334222301000,1.04,10.53,-1.99
418217,10,Walking,4334272320000,0.65,8.05,-0.89
418218,10,Walking,4334322338000,-4.56,11.6,8.08
418219,10,Walking,4334372356000,-2.18,10.57,-3.26
418220,10,Walking,4334422344000,0.93,13.33,1.23
418221,10,Walking,4334472393000,3.68,12.98,-1.95
418222,10,Walking,4334522381000,-1.65,14.33,7.27
418223,10,Walking,4334572338000,-3.02,13.18,-0.15
418224,10,Walking,4334622326000,-8.05,17.12,-4.37
418225,10,Walking,4334672344000,-5.05,11.6,-0.46
418226,10,Walking,4334722301000,3.41,8.62,-1.23
418227,10,Walking,4334772320000,-3.79,6.63,-2.49
418228,10,Walking,4334822338000,-5.75,1.18,-4.9
418229,10,Walking,4334872326000,-4.02,0.69,-3.6
418230,10,Walking,4334922344000,-3.17,8.35,8.2
418231,10,Walking,4334972332000,9.77,17.77,11.75
418232,10,Walking,4335022350000,-6.05,4.67,-2.49
418233,10,Walking,4335072338000,-4.59,15.75,4.06
418234,10,Walking,4335122326000,-7.08,1.65,-3.68
418235,10,Walking,4335172344000,-5.6,13.8,-4.14
418237,10,Walking,4335222301000,-1.04,12.3,-3.64
418236,10,Walking,4335222301000,-1.04,12.3,-3.64
418238,10,Walking,4335282238000,1.27,10.5,-2.68
418239,10,Walking,4335342266000,0.61,7.82,-1.38
418240,10,Walking,4335392345000,-4.67,11.03,5.63
418241,10,Walking,4335442333000,-1.73,11.07,-2.3
418242,10,Walking,4335492321000,-0.08,12.87,2.68
418243,10,Walking,4335542400000,6.59,13.63,-4.59
418244,10,Walking,4335632153000,-2.49,14.98,6.7
418245,10,Walking,4335682262000,-7.55,15.36,-4.82
418246,10,Walking,4335732250000,-7.04,14.71,-1.33
418247,10,Walking,4335732250000,-7.04,14.71,-1.33
418248,10,Walking,4335782330000,3.11,9.62,-1.04
418249,10,Walking,4335842297000,-3.15,6.7,-2.6
418250,10,Walking,4335892376000,-5.28,1.65,-4.56
418251,10,Walking,4335942333000,-4.48,1.23,-4.21
418252,10,Walking,4335992321000,-6.02,5.24,4.82
418253,10,Walking,4336042370000,11.07,18.77,13.63
418254,10,Walking,4336092327000,-8.85,10.15,0.0
418255,10,Walking,4336142345000,-3.21,6.66,-1.33
418256,10,Walking,4336192333000,-5.2,2.15,-2.96
418257,10,Walking,4336242382000,-7.08,17.58,-2.96
418258,10,Walking,4336292339000,-0.72,9.7,-1.92
418259,10,Walking,4336342327000,0.8,11.99,-2.22
418260,10,Walking,4336392345000,2.22,9.0,-1.65
418261,10,Walking,4336442333000,-0.69,9.34,3.95
418262,10,Walking,4336492321000,-2.83,11.07,0.04
418263,10,Walking,4336542339000,-4.56,11.5,1.14
418264,10,Walking,4336592327000,7.12,12.79,-4.79
418265,10,Walking,4336642345000,-3.41,14.48,5.83
418266,10,Walking,4336692333000,-0.46,13.38,5.52
418267,10,Walking,4336742321000,-4.9,15.17,-4.67
418268,10,Walking,4336792339000,-8.05,14.67,-3.76
418269,10,Walking,4336842327000,-0.04,9.11,-1.08
418270,10,Walking,4336892345000,0.27,7.82,-0.8
418271,10,Walking,4336942333000,-5.33,2.83,-4.59
418272,10,Walking,4336992290000,-5.24,1.18,-4.48
418273,10,Walking,4337042370000,-4.56,3.15,-0.34
418274,10,Walking,4337092358000,11.18,18.28,16.7
418275,10,Walking,4337142376000,-1.53,10.12,2.64
418276,10,Walking,4337192333000,-4.06,15.05,-7.12
418277,10,Walking,4337242321000,-8.47,-0.65,2.87
418278,10,Walking,4337292339000,-7.44,12.76,-4.71
418279,10,Walking,4337342327000,-2.37,11.54,-1.04
418280,10,Walking,4337392345000,0.31,11.03,-4.37
418281,10,Walking,4337442333000,1.92,10.38,-1.95
418282,10,Walking,4337492290000,-0.95,8.08,2.18
418283,10,Walking,4337542309000,-2.83,10.92,2.79
418284,10,Walking,4337592327000,-4.79,10.46,-0.04
418285,10,Walking,4337642345000,6.05,13.57,-2.96
418286,10,Walking,4337692303000,-0.46,13.57,2.6
418287,10,Walking,4337742321000,-1.14,14.25,5.79
