,user,label,timestamp,x,y,z
340776,11,Walking,1655102306000,-2.87,11.6,-4.8216033
340777,11,Walking,1655152232000,-4.06,12.07,-4.099725
340778,11,Walking,1655202312000,-1.95,7.55,1.7978859
340779,11,Walking,1655252238000,1.14,5.6,2.982856
340780,11,Walking,1655302318000,-0.3,3.45,-1.7297841
340781,11,Walking,1655352275000,3.06,5.67,5.8567495
340782,11,Walking,1655402293000,-6.66,14.33,6.0882955
340783,11,Walking,1655452251000,-6.28,12.41,3.336985
340784,11,Walking,1655502330000,-1.04,5.56,5.366417
340785,11,Walking,1655552257000,-3.49,15.89,-4.671779
340786,11,Walking,1655602306000,0.04,11.84,-4.8216033
340787,11,Walking,1655652232000,-0.38,16.02,-1.607201
340788,11,Walking,1655702373000,0.11,9.19,0.313268
340789,11,Walking,1655752238000,1.57,3.21,-0.61291564
340790,11,Walking,1655802318000,-0.5,3.17,-2.8330324
340791,11,Walking,1655852244000,-1.04,11.73,8.390134
340792,11,Walking,1655902293000,-1.14,12.57,1.1441092
340793,11,Walking,1655952251000,0.61,14.98,3.2961242
340794,11,Walking,1656002299000,1.23,14.48,0.10896278
340795,11,Walking,1656052257000,-2.41,12.11,-2.3699405
340796,11,Walking,1656102336000,-3.53,9.81,-3.1054392
340797,11,Walking,1656152232000,-6.05,10.95,-3.0237172
340798,11,Walking,1656202312000,-2.75,6.28,0.7627395
340799,11,Walking,1656252269000,1.73,5.48,3.214402
340800,11,Walking,1656302318000,-1.31,4.25,-1.334794
340801,11,Walking,1656352275000,2.91,6.44,3.4868089999999996
340802,11,Walking,1656402293000,-2.53,13.8,8.117727
340803,11,Walking,1656452251000,-7.93,13.29,4.671779
340804,11,Walking,1656502299000,-2.64,9.38,-0.53119355
340805,11,Walking,1656552257000,-1.88,13.59,-1.0351465
340806,11,Walking,1656602306000,-0.19,10.15,-3.6774937999999993
340807,11,Walking,1656652232000,-0.8,15.4,-1.1441092
340808,11,Walking,1656702312000,0.46,8.62,0.3405087
340809,11,Walking,1656752238000,1.69,3.06,-1.0351465
340810,11,Walking,1656802318000,-0.57,4.71,-2.070293
340811,11,Walking,1656852244000,-1.23,12.45,7.8180795
340812,11,Walking,1656902324000,-0.11,11.84,2.2609777
340813,11,Walking,1656952251000,-0.34,12.95,0.313268
340814,11,Walking,1657002360000,-0.15,15.89,0.040861044
340815,11,Walking,1657052257000,-1.76,11.6,-2.6014863999999998
340816,11,Walking,1657102275000,-3.98,10.31,-5.666064700000001
340817,11,Walking,1657152232000,-3.26,8.96,-1.6889231
340818,11,Walking,1657202312000,-2.26,6.21,0.14982383
340819,11,Walking,1657252238000,1.69,4.9,2.3699405
340820,11,Walking,1657302318000,-0.46,4.82,-0.040861044
340821,11,Walking,1657352244000,1.18,8.2,4.7943625
340822,11,Walking,1657402324000,-6.36,15.51,9.302697
340823,11,Walking,1657452251000,-4.1,8.43,1.4165162
340824,11,Walking,1657502299000,-3.68,13.06,-0.95342433
340825,11,Walking,1657552257000,-1.84,12.72,-1.8387468999999996
340826,11,Walking,1657602306000,1.18,11.88,-3.6366330000000002
340827,11,Walking,1657652232000,-0.15,14.33,0.5720546
340828,11,Walking,1657702312000,1.73,5.41,-0.23154591
340829,11,Walking,1657752238000,1.27,0.93,-3.5685309999999997
340830,11,Walking,1657802318000,-1.27,8.85,0.50395286
340831,11,Walking,1657852244000,-3.17,15.4,8.580819
340832,11,Walking,1657902232000,0.08,12.49,0.8036005
340833,11,Walking,1657952251000,1.27,13.53,1.334794
340834,11,Walking,1658002269000,-0.61,15.02,-1.8387468999999996
340835,11,Walking,1658052257000,-2.11,10.46,-4.099725
340836,11,Walking,1658102244000,-4.48,10.73,-3.9771416
340837,11,Walking,1658152232000,-3.41,7.21,-1.1441092
340838,11,Walking,1658202312000,0.57,5.22,5.5162406
340839,11,Walking,1658252238000,-0.08,4.67,-0.9942854
340840,11,Walking,1658302348000,1.31,6.55,1.1849703
340841,11,Walking,1658352244000,0.0,9.3,7.2732660000000005
340842,11,Walking,1658402324000,-7.65,13.38,5.597963
340843,11,Walking,1658452251000,-3.91,12.26,0.6946376999999999
340844,11,Walking,1658502299000,-2.79,14.98,1.2258313
340845,11,Walking,1658552257000,-2.07,9.04,-2.070293
340846,11,Walking,1658602244000,-1.61,10.53,-2.4108016
340847,11,Walking,1658652232000,0.46,14.98,-0.84446156
340848,11,Walking,1658702281000,1.88,7.5,0.5720546
340849,11,Walking,1658752238000,2.6,2.53,-1.525479
340850,11,Walking,1658802318000,0.04,5.52,-3.0645783
340851,11,Walking,1658852244000,-3.83,14.18,5.706926
340852,11,Walking,1658902324000,-0.72,13.87,4.440233
340853,11,Walking,1658952251000,0.8,10.61,-0.46309182
340854,11,Walking,1659002299000,0.61,15.32,0.5720546
340855,11,Walking,1659052257000,-2.14,12.26,-2.982856
340856,11,Walking,1659102275000,-2.37,7.89,-2.1792557
340857,11,Walking,1659152232000,-5.2,11.11,-2.2609777
340858,11,Walking,1659202281000,-2.91,8.69,3.6774937999999993
340859,11,Walking,1659252238000,1.42,5.52,0.6537767
340860,11,Walking,1659302287000,-0.27,4.18,-0.6537767
340861,11,Walking,1659352244000,3.76,7.5,3.2961242
340862,11,Walking,1659402385000,-0.69,12.34,8.049625
340863,11,Walking,1659462230000,-6.17,13.72,3.3778462
340864,11,Walking,1659512279000,-3.34,12.57,-0.42223078
340865,11,Walking,1659562266000,-1.46,11.6,-1.4573771999999998
340866,11,Walking,1659612254000,-1.38,10.04,-2.5606253
340867,11,Walking,1659662273000,0.93,13.67,-0.5720546
340868,11,Walking,1659712260000,2.37,8.2,-0.14982383
340869,11,Walking,1659762279000,1.57,4.14,-1.0760075
340870,11,Walking,1659812266000,-1.14,5.79,-1.1849703
340871,11,Walking,1659862315000,-1.27,11.6,2.7240696
340872,11,Walking,1659912212000,-2.45,12.83,8.158588
340873,11,Walking,1659962291000,-0.23,12.03,-0.14982383
340874,11,Walking,1660022319000,-0.95,13.8,0.27240697
340875,11,Walking,1660072490000,-2.07,10.42,-2.3426998
340876,11,Walking,1660122356000,-3.45,10.31,-1.2666923
340877,11,Walking,1660172252000,-5.43,11.45,2.2201166000000003
340878,11,Walking,1660222331000,0.46,7.89,3.8273177000000005
340879,11,Walking,1660282237000,0.34,3.79,-0.38136974
340880,11,Walking,1660332225000,-0.69,6.17,2.0294318
340881,11,Walking,1660382274000,0.15,8.08,4.9850473
340882,11,Walking,1660432292000,-4.52,15.4,6.66035
340883,11,Walking,1660482280000,-6.09,7.89,3.6366330000000002
340884,11,Walking,1660532207000,-4.21,11.56,-0.040861044
340885,11,Walking,1660582255000,-1.14,11.92,-2.1383946
340886,11,Walking,1660632213000,-0.76,13.1,-1.7297841
340887,11,Walking,1660682231000,-0.19,13.44,0.9942854
340888,11,Walking,1660732249000,3.11,7.55,-0.53119355
340889,11,Walking,1660782237000,0.08,3.41,-0.7218784
340890,11,Walking,1660832225000,-1.61,5.67,-0.7218784
340891,11,Walking,1660882274000,-2.96,14.1,7.8180795
340892,11,Walking,1660932323000,-1.61,13.06,2.1792557
340893,11,Walking,1660982280000,0.15,12.72,0.8036005
340894,11,Walking,1661032207000,-1.33,15.55,-1.7570249
340895,11,Walking,1661082317000,-1.73,9.47,-1.9477096999999999
340896,11,Walking,1661132213000,-3.95,9.77,-1.7297841
340897,11,Walking,1661182231000,-5.79,10.5,-2.1383946
340898,11,Walking,1661232249000,0.65,5.6,3.1054392
340899,11,Walking,1661282268000,1.38,5.48,-0.46309182
340900,11,Walking,1661332225000,-0.46,5.67,0.23154591
340901,11,Walking,1661382243000,3.95,8.69,4.1814466
340902,11,Walking,1661432231000,-2.34,13.48,5.5162406
340903,11,Walking,1661482280000,-5.05,11.6,3.4868089999999996
340904,11,Walking,1661532207000,-2.37,13.57,0.50395286
340905,11,Walking,1661582255000,-1.69,11.41,-2.4516625
340906,11,Walking,1661632213000,-0.57,11.35,-3.2961242
340907,11,Walking,1661682231000,-0.34,13.87,-0.3405087
340908,11,Walking,1661732219000,1.92,7.93,-0.040861044
340909,11,Walking,1661782268000,1.99,3.72,-1.1168685
340910,11,Walking,1661832225000,-0.19,4.71,-1.9885708
340911,11,Walking,1661882243000,-0.27,11.88,-2.1111538
340912,11,Walking,1661932231000,-4.14,16.82,12.258313000000001
340913,11,Walking,1661982280000,1.84,11.35,-0.6946376999999999
340914,11,Walking,1662032207000,0.53,15.75,-1.3075534
340915,11,Walking,1662082255000,-1.04,10.23,-1.4165162
340916,11,Walking,1662132243000,-1.92,8.47,-1.8796080000000002
340917,11,Walking,1662182231000,-6.4,13.99,-2.3426998
340918,11,Walking,1662232219000,-1.65,8.39,5.597963
340919,11,Walking,1662282268000,1.12,5.83,0.23154591
340920,11,Walking,1662332225000,-0.95,4.18,-0.88532263
340921,11,Walking,1662382243000,2.11,6.28,2.2201166000000003
340922,11,Walking,1662432201000,-1.12,11.99,10.079058
340923,11,Walking,1662482280000,-7.04,14.82,1.7978859
340924,11,Walking,1662532237000,-2.79,6.85,3.9090397000000006
340925,11,Walking,1662582286000,-3.76,15.66,-1.8796080000000002
340926,11,Walking,1662632213000,0.65,9.62,-3.214402
340927,11,Walking,1662682231000,-0.95,13.63,-0.7627395
340928,11,Walking,1662732219000,-0.3,11.65,0.6537767
340929,11,Walking,1662782237000,1.04,6.21,-0.38136974
340930,11,Walking,1662832225000,0.34,4.25,-1.525479
340931,11,Walking,1662882243000,-0.76,7.4,-0.6946376999999999
340932,11,Walking,1662932201000,-3.21,15.85,5.8567495
340933,11,Walking,1662982280000,-0.23,11.03,1.0760075
340934,11,Walking,1663032207000,0.31,12.15,-0.42223078
340935,11,Walking,1663082255000,-0.42,14.1,0.23154591
340936,11,Walking,1663132213000,-1.46,10.5,-2.2609777
340937,11,Walking,1663182231000,-3.68,10.38,-3.5276701
340938,11,Walking,1663232249000,-4.94,11.11,-2.7513103
340939,11,Walking,1663282237000,-1.69,6.51,0.95342433
340940,11,Walking,1663332225000,1.73,6.28,2.4108016
340941,11,Walking,1663382304000,-0.11,5.13,-0.6946376999999999
340942,11,Walking,1663432231000,1.99,7.12,2.8330324
340943,11,Walking,1663482280000,-1.08,13.76,7.7772183
340944,11,Walking,1663532237000,-6.09,12.34,2.8738932999999998
340945,11,Walking,1663582255000,-0.57,9.28,4.2495484
340946,11,Walking,1663632243000,-2.83,16.44,-2.0294318
340947,11,Walking,1663682231000,0.65,10.38,-2.7513103
340948,11,Walking,1663732219000,0.42,13.18,-1.9477096999999999
340949,11,Walking,1663782268000,0.57,10.0,0.53119355
340950,11,Walking,1663832255000,2.53,5.71,-0.8036005
340951,11,Walking,1663882243000,0.53,4.21,-1.7570249
340952,11,Walking,1663932201000,-0.5,6.85,-1.6480621
340953,11,Walking,1663982280000,-4.21,16.44,7.082580999999999
340954,11,Walking,1664032207000,0.08,11.22,2.4108016
340955,11,Walking,1664082255000,1.46,13.14,-0.29964766
340956,11,Walking,1664132213000,-0.61,15.4,0.5720546
340957,11,Walking,1664182231000,-1.14,9.43,-2.7921712000000003
340958,11,Walking,1664232249000,-3.17,9.23,-2.8738932999999998
340959,11,Walking,1664282237000,-5.28,10.99,-3.0237172
340960,11,Walking,1664332225000,-2.18,5.98,-0.53119355
340961,11,Walking,1664382243000,2.6,5.22,4.1814466
340962,11,Walking,1664432201000,1.5,7.46,-0.23154591
340963,11,Walking,1664482280000,2.22,8.35,3.6366330000000002
340964,11,Walking,1664532207000,-3.83,13.72,6.3607025
340965,11,Walking,1664582255000,-3.53,12.91,2.7649305
340966,11,Walking,1664632213000,-1.46,11.14,1.2258313
340967,11,Walking,1664682231000,-1.14,12.15,-0.8036005
340968,11,Walking,1664732219000,-0.34,9.19,-3.336985
340969,11,Walking,1664782268000,-0.11,12.98,-2.3699405
340970,11,Walking,1664832255000,0.89,9.96,-0.27240697
340971,11,Walking,1664882243000,1.14,6.63,-0.46309182
340972,11,Walking,1664932231000,-0.38,5.79,-3.0645783
340973,11,Walking,1664982280000,-1.65,11.99,6.633109599999999
340974,11,Walking,1665032237000,-1.08,11.56,5.829509
340975,11,Walking,1665032237000,-1.08,11.56,5.829509
