,user,label,timestamp,x,y,z
342176,11,Walking,1725112315000,-1.18,12.83,-2.5606253
342177,11,Walking,1725162273000,-1.14,12.49,-1.8387468999999996
342178,11,Walking,1725212291000,-1.88,14.25,0.84446156
342179,11,Walking,1725262248000,0.8,7.59,0.3405087
342180,11,Walking,1725312297000,1.8,3.76,-0.9125633
342181,11,Walking,1725362285000,-0.38,4.79,0.5720546
342182,11,Walking,1725412334000,-2.49,11.41,3.7864565999999997
342183,11,Walking,1725462352000,-0.38,12.18,0.9942854
342184,11,Walking,1725512248000,-1.57,12.95,2.3426998
342185,11,Walking,1725562236000,0.27,13.57,1.4573771999999998
342186,11,Walking,1725612285000,-1.38,13.18,-0.9942854
342187,11,Walking,1725662242000,-1.69,8.2,-1.3075534
342188,11,Walking,1725712260000,-4.21,10.34,-1.4573771999999998
342189,11,Walking,1725762218000,-4.71,10.19,-1.0760075
342190,11,Walking,1725812236000,-1.31,4.99,-0.38136974
342191,11,Walking,1725862224000,2.45,5.98,2.1111538
342192,11,Walking,1725912273000,0.61,8.43,-0.10896278
342193,11,Walking,1725962230000,3.21,8.81,3.3778462
342194,11,Walking,1726012248000,-5.37,14.56,4.1814466
342195,11,Walking,1726062266000,-5.33,11.03,3.7592160000000003
342196,11,Walking,1726112285000,-2.07,16.25,-1.607201
342197,11,Walking,1726162242000,-1.12,9.47,-2.4108016
342198,11,Walking,1726212260000,-0.8,9.81,-2.3426998
342199,11,Walking,1726262248000,-0.84,13.25,-1.2258313
342200,11,Walking,1726312266000,1.31,8.39,0.3405087
342201,11,Walking,1726362254000,1.73,4.9,-0.50395286
342202,11,Walking,1726412273000,0.04,6.4,-0.23154591
342203,11,Walking,1726462199000,-0.76,11.18,-2.4925237
342204,11,Walking,1726512462000,-3.3,13.99,11.304889
342205,11,Walking,1726562266000,0.15,11.88,0.14982383
342206,11,Walking,1726612315000,-0.5,14.02,1.1849703
342207,11,Walking,1726662242000,-1.57,11.84,-2.0294318
342208,11,Walking,1726712260000,-2.22,8.96,-1.334794
342209,11,Walking,1726762218000,-6.28,11.92,-1.9885708
342210,11,Walking,1726812236000,-3.36,8.05,0.3405087
342211,11,Walking,1726862254000,2.79,5.41,3.173541
342212,11,Walking,1726912303000,0.8,5.6,-1.2666923
342213,11,Walking,1726962230000,1.73,7.25,1.9477096999999999
342214,11,Walking,1727012340000,0.27,13.67,2.7649305
342215,11,Walking,1727062236000,-6.82,14.6,8.689782000000001
342216,11,Walking,1727112315000,-1.38,7.25,0.61291564
342217,11,Walking,1727162242000,-4.21,15.98,0.9942854
342218,11,Walking,1727212260000,-1.08,12.26,-2.1792557
342219,11,Walking,1727262218000,-0.08,11.65,-1.7570249
342220,11,Walking,1727312266000,1.14,11.03,0.19068487
342221,11,Walking,1727362254000,1.57,4.99,-0.29964766
342222,11,Walking,1727412303000,0.93,4.18,-2.6014863999999998
342223,11,Walking,1727462230000,-0.19,7.89,0.27240697
342224,11,Walking,1727512309000,-0.72,14.29,-1.9885708
342225,11,Walking,1727562236000,-4.25,14.67,8.049625
342226,11,Walking,1727612285000,0.08,12.03,-0.040861044
342227,11,Walking,1727662212000,-0.19,14.56,-0.3405087
342228,11,Walking,1727712260000,-1.18,8.73,-1.3756552
342229,11,Walking,1727762248000,-2.98,9.62,-1.9204689999999998
342230,11,Walking,1727812266000,-5.86,13.63,-1.7297841
342231,11,Walking,1727862254000,-1.38,7.06,-0.08172209
342232,11,Walking,1727912303000,5.09,5.94,2.8330324
342233,11,Walking,1727962199000,-1.08,5.67,-0.27240697
342234,11,Walking,1728012279000,0.65,6.36,1.3756552
342235,11,Walking,1728062205000,-4.37,15.17,8.853226
342236,11,Walking,1728112285000,-5.01,11.45,1.9204689999999998
342237,11,Walking,1728162273000,-3.76,11.96,2.7240696
342238,11,Walking,1728212260000,-2.98,13.53,-1.7297841
342239,11,Walking,1728262279000,0.08,10.15,-2.6014863999999998
342240,11,Walking,1728312266000,0.5,12.18,-1.334794
342241,11,Walking,1728362254000,0.27,9.66,0.3405087
342242,11,Walking,1728412273000,1.84,5.48,-0.61291564
342243,11,Walking,1728462230000,1.54,6.09,-1.334794
342244,11,Walking,1728512279000,-1.08,9.23,-0.95342433
342245,11,Walking,1728562236000,-6.78,16.09,11.304889
342246,11,Walking,1728612285000,0.0,10.73,-1.0760075
342247,11,Walking,1728662212000,0.93,13.06,0.53119355
342248,11,Walking,1728712260000,-0.04,14.67,-0.6537767
342249,11,Walking,1728762248000,-2.22,10.27,-1.9885708
342250,11,Walking,1728812236000,-4.06,10.42,-1.607201
342251,11,Walking,1728872325000,-3.49,9.11,-1.334794
342252,11,Walking,1728922343000,1.57,6.89,5.0531489999999994
342253,11,Walking,1728972270000,0.23,3.76,-0.19068487
342254,11,Walking,1729022258000,-1.33,5.67,-0.7627395
342255,11,Walking,1729072307000,2.15,10.95,7.246025
342256,11,Walking,1729122203000,-9.77,14.67,8.281172
342257,11,Walking,1729172282000,-1.92,8.54,1.7570249
342258,11,Walking,1729222209000,-5.13,14.02,1.2666923
342259,11,Walking,1729272258000,-1.31,10.19,-1.9204689999999998
342260,11,Walking,1729322215000,-1.88,12.03,-2.1383946
342261,11,Walking,1729372264000,-0.08,13.4,-0.3405087
342262,11,Walking,1729422221000,-0.08,7.59,0.84446156
342263,11,Walking,1729472270000,1.57,3.87,-1.2258313
342264,11,Walking,1729522227000,0.34,6.47,-0.29964766
342265,11,Walking,1729572276000,-2.53,11.75,6.3607025
342266,11,Walking,1729622203000,-0.99,12.03,2.6014863999999998
342267,11,Walking,1729682323000,-1.61,12.49,2.6014863999999998
342268,11,Walking,1729732280000,-0.38,14.14,0.313268
342269,11,Walking,1729732280000,-0.38,14.14,0.313268
342270,11,Walking,1729832255000,-2.83,10.23,-1.1168685
342271,11,Walking,1729882335000,-3.98,11.35,-0.23154591
342272,11,Walking,1729882335000,-3.98,11.35,-0.23154591
342273,11,Walking,1729942271000,-2.22,6.28,-0.23154591
342274,11,Walking,1729992259000,-1.12,3.64,1.5390993
342275,11,Walking,1730042277000,-1.14,5.05,0.92618364
342276,11,Walking,1730092265000,6.05,10.31,2.5606253
342277,11,Walking,1730142284000,-2.14,16.86,5.175732
342278,11,Walking,1730192454000,-6.09,11.88,3.3778462
342279,11,Walking,1730247142000,-2.96,12.68,-0.9942854
342280,11,Walking,1730302257000,-2.3,10.95,-2.1792557
342281,11,Walking,1730352244000,-2.07,11.6,-1.525479
342282,11,Walking,1730402263000,1.08,13.14,-0.9942854
342283,11,Walking,1730452251000,0.65,6.44,0.42223078
342284,11,Walking,1730502269000,2.98,2.49,-2.1111538
342285,11,Walking,1730552257000,0.8,5.41,-0.14982383
342286,11,Walking,1730602306000,-1.5,12.53,0.3405087
342287,11,Walking,1730652232000,-9.23,17.77,12.912089
342288,11,Walking,1730702312000,0.99,13.59,-1.607201
342289,11,Walking,1730752238000,-0.61,14.41,-1.4982381999999999
342290,11,Walking,1730802318000,-1.76,8.62,-0.61291564
342291,11,Walking,1730852244000,-4.9,11.3,-1.8796080000000002
342292,11,Walking,1730902293000,-6.09,11.41,-1.4573771999999998
342293,11,Walking,1730952251000,1.54,5.18,7.1234417
342294,11,Walking,1731002299000,0.15,3.95,-0.8036005
342295,11,Walking,1731052257000,-0.99,3.41,-0.6537767
342296,11,Walking,1731102306000,-0.19,7.01,1.2258313
342297,11,Walking,1731152232000,-10.15,18.24,12.639683
342298,11,Walking,1731202312000,-3.11,7.82,1.4573771999999998
342299,11,Walking,1731252299000,-4.29,14.14,1.8796080000000002
342300,11,Walking,1731302318000,-1.69,11.65,-2.1383946
342301,11,Walking,1731352244000,-0.99,10.04,-2.6832085
342302,11,Walking,1731402232000,-1.38,13.82,-0.3405087
342303,11,Walking,1731452251000,0.46,8.05,-0.040861044
342304,11,Walking,1731502269000,0.99,4.21,-0.7218784
342305,11,Walking,1731552226000,-0.38,4.21,0.23154591
342306,11,Walking,1731602306000,-0.91,7.82,0.5720546
342307,11,Walking,1731652232000,-2.6,17.47,9.384419
342308,11,Walking,1731702312000,-0.91,13.21,-0.8036005
342309,11,Walking,1731752238000,-0.11,14.63,1.8387468999999996
342310,11,Walking,1731802318000,-1.92,12.45,-1.2666923
342311,11,Walking,1731852275000,-2.41,8.92,-1.7570249
342312,11,Walking,1731902293000,-6.09,11.65,-1.9477096999999999
342313,11,Walking,1731952251000,-3.02,6.93,-1.525479
342314,11,Walking,1732002299000,-0.84,4.63,0.313268
342315,11,Walking,1732052257000,2.87,5.6,0.7218784
342316,11,Walking,1732102275000,1.88,7.74,0.7218784
342317,11,Walking,1732152232000,1.31,10.08,4.4810944
342318,11,Walking,1732202312000,-11.5,16.04,9.656827
342319,11,Walking,1732252238000,-1.99,7.46,0.7218784
342320,11,Walking,1732302318000,-2.83,14.52,2.5606253
342321,11,Walking,1732362987000,0.38,12.72,-2.6423476000000004
342322,11,Walking,1732412242000,-0.3,12.53,-0.9942854
342323,11,Walking,1732462260000,0.46,8.96,0.23154591
342324,11,Walking,1732512248000,1.92,4.14,-1.1441092
342325,11,Walking,1732562236000,-0.27,3.57,-1.0760075
342326,11,Walking,1732612285000,-0.72,7.78,0.10896278
342327,11,Walking,1732662273000,-2.41,15.17,0.5720546
342328,11,Walking,1732712199000,-1.84,16.09,10.61025
342329,11,Walking,1732762279000,-0.72,13.48,-0.19068487
342330,11,Walking,1732812236000,-1.8,14.9,-1.1441092
342331,11,Walking,1732862285000,-1.95,9.38,-0.61291564
342332,11,Walking,1732912273000,-4.29,10.15,-1.607201
342333,11,Walking,1732962260000,-4.4,8.69,-1.4982381999999999
342334,11,Walking,1733012279000,-1.76,5.37,0.27240697
342335,11,Walking,1733062297000,4.1,4.94,0.9942854
342336,11,Walking,1733112224000,-0.46,6.13,0.6537767
342337,11,Walking,1733162364000,3.91,8.58,6.0201936
342338,11,Walking,1733212230000,-11.14,17.05,9.275456
342339,11,Walking,1733262279000,-1.8,7.01,-1.3075534
342340,11,Walking,1733312236000,-2.75,9.08,-0.23154591
342341,11,Walking,1733362285000,-2.11,14.29,2.3426998
342342,11,Walking,1733412242000,-0.61,16.28,-4.099725
342343,11,Walking,1733462260000,0.15,11.14,-0.08172209
342344,11,Walking,1733512248000,1.92,6.32,-0.6537767
342345,11,Walking,1733562236000,0.53,5.37,-1.0760075
342346,11,Walking,1733612254000,-0.89,7.16,-1.4982381999999999
342347,11,Walking,1733662273000,-1.31,12.68,-0.29964766
342348,11,Walking,1733712199000,-0.89,14.25,9.80665
342349,11,Walking,1733762279000,0.99,14.18,-0.040861044
342350,11,Walking,1733812236000,-1.12,14.29,-1.7570249
342351,11,Walking,1733862315000,-2.26,9.92,-0.9942854
342352,11,Walking,1733912242000,-4.44,11.75,-3.0237172
342353,11,Walking,1733962260000,-3.68,8.2,-3.0645783
342354,11,Walking,1734012279000,-0.53,4.71,0.19068487
342355,11,Walking,1734062266000,0.61,4.02,1.3756552
342356,11,Walking,1734112224000,0.53,6.32,0.88532263
342357,11,Walking,1734162303000,1.95,9.77,3.7592160000000003
342358,11,Walking,1734212230000,-6.93,14.79,8.19945
342359,11,Walking,1734262340000,-5.52,10.15,1.7570249
342360,11,Walking,1734312266000,-2.34,15.32,-0.9942854
342361,11,Walking,1734362315000,-1.14,10.12,-2.1111538
342362,11,Walking,1734412334000,0.5,9.62,-1.334794
342363,11,Walking,1734462260000,-0.76,12.83,0.08172209
342364,11,Walking,1734512218000,0.38,6.44,-0.040861044
342365,11,Walking,1734562236000,0.76,4.06,-0.9942854
342366,11,Walking,1734612254000,-0.42,6.55,-2.3018389
342367,11,Walking,1734662273000,-1.42,13.82,9.915613
342368,11,Walking,1734722331000,-0.42,11.75,0.08172209
342369,11,Walking,1734772288000,-0.23,13.95,0.7218784
342370,11,Walking,1734822246000,-1.33,15.51,0.3405087
342371,11,Walking,1734872203000,-2.87,9.28,-0.6537767
342372,11,Walking,1734922282000,-2.34,7.44,-1.7297841
342373,11,Walking,1734972209000,-5.56,10.76,-5.8976107
342374,11,Walking,1735022319000,-2.22,7.06,-1.1441092
342375,11,Walking,1735072246000,3.17,5.24,5.243834
