,user,label,timestamp,x,y,z
343616,11,Walking,1877162334000,5.33,6.55,0.6946376999999999
343617,11,Walking,1877212230000,4.48,9.89,2.5606253
343618,11,Walking,1877262279000,7.97,8.54,2.6832085
343619,11,Walking,1877312236000,9.15,6.78,0.6946376999999999
343620,11,Walking,1877362315000,10.53,9.81,-0.53119355
343621,11,Walking,1877412242000,8.69,11.14,-3.173541
343622,11,Walking,1877462260000,3.49,7.55,-2.9147543999999996
343623,11,Walking,1877512218000,2.34,10.31,-1.4165162
343624,11,Walking,1877562297000,2.76,8.66,-1.2666923
343625,11,Walking,1877612254000,7.25,3.21,1.2258313
343626,11,Walking,1877662303000,5.9,3.49,2.8738932999999998
343627,11,Walking,1877712230000,4.02,7.35,2.6423476000000004
343628,11,Walking,1877762309000,4.9,5.9,3.7864565999999997
343629,11,Walking,1877812236000,7.89,7.63,2.4925237
343630,11,Walking,1877862315000,6.36,11.41,3.5276701
343631,11,Walking,1877912212000,6.13,12.22,2.8738932999999998
343632,11,Walking,1877962291000,7.21,9.08,-1.9477096999999999
343633,11,Walking,1878012248000,5.79,7.97,-4.5628166
343634,11,Walking,1878062297000,8.47,7.46,-2.9556155
343635,11,Walking,1878112254000,7.55,6.17,-1.2666923
343636,11,Walking,1878162334000,2.45,3.45,3.7183550000000003
343637,11,Walking,1878212199000,4.48,7.06,1.0760075
343638,11,Walking,1878262309000,6.02,7.89,1.6889231
343639,11,Walking,1878312236000,8.39,7.4,2.2609777
343640,11,Walking,1878362315000,7.89,8.12,-0.08172209
343641,11,Walking,1878412242000,9.0,9.28,0.5720546
343642,11,Walking,1878462291000,8.39,10.27,-1.6889231
343643,11,Walking,1878512218000,4.21,7.7,-2.6832085
343644,11,Walking,1878562266000,4.1,10.5,-1.607201
343645,11,Walking,1878612254000,3.99,10.31,-0.14982383
343646,11,Walking,1878662303000,7.44,4.02,0.88532263
343647,11,Walking,1878712260000,4.82,1.57,0.88532263
343648,11,Walking,1878762309000,4.44,6.47,2.2609777
343649,11,Walking,1878812327000,4.21,6.66,3.5957718
343650,11,Walking,1878862315000,5.9,6.7,3.7864565999999997
343651,11,Walking,1878912242000,7.82,11.5,4.7126402999999994
343652,11,Walking,1878962291000,4.44,7.97,3.990762
343653,11,Walking,1879012248000,9.04,12.3,1.6889231
343654,11,Walking,1879062297000,3.53,8.47,-4.5628166
343655,11,Walking,1879112254000,5.86,7.7,-2.5333846
343656,11,Walking,1879162303000,8.54,7.82,0.61291564
343657,11,Walking,1879212230000,6.63,3.83,2.2609777
343658,11,Walking,1879262309000,3.83,5.18,0.6537767
343659,11,Walking,1879312205000,4.25,7.59,2.070293
343660,11,Walking,1879362285000,6.97,7.74,3.3778462
343661,11,Walking,1879412212000,7.5,7.5,1.1168685
343662,11,Walking,1879462260000,7.25,8.12,0.88532263
343663,11,Walking,1879512309000,10.27,10.8,-0.14982383
343664,11,Walking,1879562266000,7.25,9.77,-2.9556155
343665,11,Walking,1879612224000,3.41,7.08,-2.1792557
343666,11,Walking,1879662303000,4.02,10.57,-1.3756552
343667,11,Walking,1879712199000,4.52,9.53,1.4573771999999998
343668,11,Walking,1879762279000,5.71,2.53,-0.10896278
343669,11,Walking,1879812205000,4.52,3.99,1.3756552
343670,11,Walking,1879862315000,4.44,7.4,1.8796080000000002
343671,11,Walking,1879912212000,5.28,6.97,4.290409599999999
343672,11,Walking,1879962291000,6.7,10.15,3.7864565999999997
343673,11,Walking,1880012248000,4.9,11.6,2.8330324
343674,11,Walking,1880062266000,8.5,11.11,1.7570249
343675,11,Walking,1880112254000,6.13,6.78,-2.3699405
343676,11,Walking,1880162303000,3.83,7.35,-3.173541
343677,11,Walking,1880212230000,8.24,9.38,-1.7978859
343678,11,Walking,1880262309000,6.36,6.28,2.3699405
343679,11,Walking,1880312205000,6.51,4.71,3.7183550000000003
343680,11,Walking,1880362315000,4.25,5.22,1.2258313
343681,11,Walking,1880412242000,4.99,6.82,2.4108016
343682,11,Walking,1880462321000,6.93,8.01,3.4050870000000004
343683,11,Walking,1880512218000,8.05,8.16,0.38136974
343684,11,Walking,1880562297000,8.47,8.81,3.2552630000000002
343685,11,Walking,1880612376000,8.81,10.92,-1.334794
343686,11,Walking,1880662364000,5.18,8.39,-2.6832085
343687,11,Walking,1880712230000,3.68,8.77,-1.0760075
343688,11,Walking,1880762248000,3.49,9.53,-1.2258313
343689,11,Walking,1880812266000,6.51,5.98,3.3778462
343690,11,Walking,1880862224000,5.24,2.87,-0.46309182
343691,11,Walking,1880912303000,3.72,5.13,2.9556155
343692,11,Walking,1880962230000,4.86,7.27,3.3778462
343693,11,Walking,1881012248000,5.63,7.78,5.706926
343694,11,Walking,1881062205000,6.55,11.18,4.671779
343695,11,Walking,1881112285000,5.41,9.96,2.3018389
343696,11,Walking,1881162242000,8.01,9.72,-0.19068487
343697,11,Walking,1881212230000,5.05,7.01,-2.4516625
343698,11,Walking,1881262248000,6.66,8.85,-1.6889231
343699,11,Walking,1881312297000,9.08,7.44,1.334794
343700,11,Walking,1881362254000,4.9,3.72,1.9885708
343701,11,Walking,1881412334000,3.68,5.56,1.5390993
343702,11,Walking,1881462230000,3.91,8.2,3.1463002999999996
343703,11,Walking,1881512309000,8.12,7.82,2.6423476000000004
343704,11,Walking,1881562236000,8.08,7.7,0.3405087
343705,11,Walking,1881612346000,8.73,9.11,2.3018389
343706,11,Walking,1881662151000,10.04,11.75,-1.6889231
343707,11,Walking,1881712260000,5.09,8.05,-2.5606253
343708,11,Walking,1881762279000,3.15,8.66,-1.1849703
343709,11,Walking,1881812236000,3.21,9.7,-0.9942854
343710,11,Walking,1881862315000,8.08,5.43,2.7240696
343711,11,Walking,1881912242000,4.29,2.34,0.42223078
343712,11,Walking,1881962291000,3.95,6.21,2.3426998
343713,11,Walking,1882012248000,4.37,7.21,4.4810944
343714,11,Walking,1882062297000,5.98,8.12,5.243834
343715,11,Walking,1882112224000,7.06,12.53,4.3312707
343716,11,Walking,1882162273000,5.13,10.53,2.3426998
343717,11,Walking,1882212230000,7.89,9.66,0.23154591
343718,11,Walking,1882262279000,4.75,6.32,-2.6832085
343719,11,Walking,1882312205000,8.47,8.62,-2.0294318
343720,11,Walking,1882362285000,8.28,6.97,-0.46309182
343721,11,Walking,1882412242000,3.79,3.15,1.5390993
343722,11,Walking,1882462291000,4.67,6.85,2.982856
343723,11,Walking,1882512248000,4.94,7.93,2.1111538
343724,11,Walking,1882562266000,8.47,7.78,3.6366330000000002
343725,11,Walking,1882612254000,7.27,8.12,0.10896278
343726,11,Walking,1882662303000,7.35,8.43,2.4925237
343727,11,Walking,1882712230000,9.23,9.85,-1.607201
343728,11,Walking,1882762279000,6.21,8.85,-2.4516625
343729,11,Walking,1882812205000,4.52,9.23,-1.4982381999999999
343730,11,Walking,1882862285000,3.41,9.96,-0.7627395
343731,11,Walking,1882912242000,5.41,5.67,0.88532263
343732,11,Walking,1882962291000,6.51,3.49,1.0760075
343733,11,Walking,1883012248000,2.98,4.71,3.7592160000000003
343734,11,Walking,1883062266000,4.6,7.01,3.5685309999999997
343735,11,Walking,1883112254000,6.21,7.97,3.4459480000000005
343736,11,Walking,1883162273000,6.09,11.26,4.372132
343737,11,Walking,1883212199000,5.9,11.26,4.903325
343738,11,Walking,1883262279000,8.5,9.34,-0.42223078
343739,11,Walking,1883312236000,4.82,6.44,-3.0237172
343740,11,Walking,1883362315000,7.5,7.97,-1.334794
343741,11,Walking,1883412242000,8.01,7.4,-0.7218784
343742,11,Walking,1883462260000,5.09,4.82,-0.8036005
343743,11,Walking,1883512248000,3.3,5.56,2.2201166000000003
343744,11,Walking,1883562297000,4.52,8.5,5.175732
343745,11,Walking,1883612224000,7.27,7.35,1.0760075
343746,11,Walking,1883662273000,7.4,7.93,1.3075534
343747,11,Walking,1883712230000,7.7,9.15,1.56634
343748,11,Walking,1883762279000,10.34,11.6,0.10896278
343749,11,Walking,1883812236000,5.43,8.39,-2.5606253
343750,11,Walking,1883862285000,3.26,7.55,-2.1792557
343751,11,Walking,1883912242000,4.14,10.76,-1.607201
343752,11,Walking,1883962260000,3.79,7.74,-1.3756552
343753,11,Walking,1884012248000,7.89,4.44,2.6014863999999998
343754,11,Walking,1884062297000,4.86,3.83,0.84446156
343755,11,Walking,1884112254000,2.98,6.36,3.2961242
343756,11,Walking,1884162273000,4.82,6.21,5.2165932999999995
343757,11,Walking,1884212230000,6.47,9.89,4.7126402999999994
343758,11,Walking,1884262309000,4.67,11.75,3.7183550000000003
343759,11,Walking,1884312205000,6.44,9.81,3.2552630000000002
343760,11,Walking,1884362315000,6.97,8.77,-0.19068487
343761,11,Walking,1884412242000,5.01,6.93,-3.2552630000000002
343762,11,Walking,1884462260000,7.97,9.28,-0.84446156
343763,11,Walking,1884512248000,8.08,7.63,-0.040861044
343764,11,Walking,1884562297000,5.09,4.71,0.6537767
343765,11,Walking,1884612254000,2.41,5.9,5.7886477
343766,11,Walking,1884662273000,4.18,7.82,1.7570249
343767,11,Walking,1884712230000,6.21,7.78,3.4868089999999996
343768,11,Walking,1884762309000,8.08,8.5,0.14982383
343769,11,Walking,1884812236000,6.97,8.96,3.7592160000000003
343770,11,Walking,1884862315000,9.0,10.46,-0.50395286
343771,11,Walking,1884912212000,5.63,8.24,-3.214402
343772,11,Walking,1884962291000,4.37,9.7,-1.1849703
343773,11,Walking,1885012218000,4.06,11.35,-1.0351465
343774,11,Walking,1885062328000,3.11,6.44,-0.84446156
343775,11,Walking,1885112224000,4.29,4.48,0.5720546
343776,11,Walking,1885162273000,8.47,3.53,2.6832085
343777,11,Walking,1885212260000,3.06,5.13,3.9090397000000006
343778,11,Walking,1885262279000,5.33,8.31,5.407278
343779,11,Walking,1885312205000,5.01,11.37,3.4459480000000005
343780,11,Walking,1885362315000,4.29,10.42,5.2165932999999995
343781,11,Walking,1885422771000,9.3,9.38,2.982856
343782,11,Walking,1885472240000,5.94,6.74,-1.8796080000000002
343783,11,Walking,1885522288000,6.32,7.21,-0.9942854
343784,11,Walking,1885572246000,7.21,7.25,-0.84446156
343785,11,Walking,1885622295000,6.47,6.28,-0.9125633
343786,11,Walking,1885672252000,4.63,5.75,0.10896278
343787,11,Walking,1885722301000,4.86,6.74,0.27240697
343788,11,Walking,1885772227000,4.37,9.11,9.425281
343789,11,Walking,1885822307000,6.85,7.82,0.19068487
343790,11,Walking,1885872203000,8.73,7.89,0.23154591
343791,11,Walking,1885922313000,8.89,8.69,2.0294318
343792,11,Walking,1885972209000,9.38,10.88,-0.7218784
343793,11,Walking,1886022258000,5.24,8.12,-2.7921712000000003
343794,11,Walking,1886072215000,3.95,9.53,-1.9885708
343795,11,Walking,1886122295000,3.79,9.34,-1.607201
343796,11,Walking,1886172221000,3.15,6.17,-0.88532263
343797,11,Walking,1886222301000,8.2,4.44,2.1111538
343798,11,Walking,1886272319000,4.6,3.79,0.88532263
343799,11,Walking,1886322276000,2.79,6.78,6.0474343
343800,11,Walking,1886372203000,4.48,8.77,4.862464
343801,11,Walking,1886422313000,7.27,11.65,6.0201936
343802,11,Walking,1886472423000,3.17,9.0,4.2495484
343803,11,Walking,1886522288000,8.69,12.45,1.4573771999999998
343804,11,Walking,1886572215000,5.67,8.31,-2.2201166000000003
343805,11,Walking,1886622295000,5.83,6.66,-1.607201
343806,11,Walking,1886672252000,7.59,8.05,-0.6946376999999999
343807,11,Walking,1886722301000,7.08,5.52,-0.29964766
343808,11,Walking,1886772258000,3.57,4.4,5.5571017
343809,11,Walking,1886822368000,4.86,7.16,2.6423476000000004
343810,11,Walking,1886882274000,4.33,8.08,1.4573771999999998
343811,11,Walking,1886932231000,6.02,9.0,3.1054392
343812,11,Walking,1886982280000,8.08,8.92,1.3075534
343813,11,Walking,1887032237000,8.92,9.19,2.4925237
343814,11,Walking,1887082286000,8.24,10.38,-0.88532263
343815,11,Walking,1887132243000,5.01,7.78,-1.8796080000000002
