,user,label,timestamp,x,y,z
345416,11,Walking,1967172343000,9.72,12.22,1.4165162
345417,11,Walking,1967222270000,6.36,8.35,-2.1383946
345418,11,Walking,1967272288000,3.76,7.31,-0.61291564
345419,11,Walking,1967322215000,1.46,9.43,-2.6014863999999998
345420,11,Walking,1967372264000,3.21,8.5,-1.9885708
345421,11,Walking,1967422252000,3.76,6.82,-0.7627395
345422,11,Walking,1967472301000,3.79,5.41,0.08172209
345423,11,Walking,1967522227000,7.63,4.75,4.903325
345424,11,Walking,1967572276000,1.61,4.82,4.5219555
345425,11,Walking,1967622234000,2.91,8.08,8.662541000000001
345426,11,Walking,1967672313000,6.13,11.41,5.0531489999999994
345427,11,Walking,1967722240000,3.41,9.3,2.7240696
345428,11,Walking,1967772258000,5.86,12.11,4.630918
345429,11,Walking,1967822246000,6.28,9.28,1.9204689999999998
345430,11,Walking,1967872295000,4.14,6.74,-2.2609777
345431,11,Walking,1967922221000,6.89,8.39,-0.38136974
345432,11,Walking,1967972270000,6.78,6.7,0.23154591
345433,11,Walking,1968022227000,4.44,5.05,-0.53119355
345434,11,Walking,1968072368000,4.44,4.37,-0.08172209
345435,11,Walking,1968122203000,6.21,6.93,0.08172209
345436,11,Walking,1968172313000,7.89,9.15,0.6946376999999999
345437,11,Walking,1968222240000,7.82,10.08,6.823794400000001
345438,11,Walking,1968272288000,8.85,10.04,4.6036777
345439,11,Walking,1968322276000,10.61,11.3,-1.9204689999999998
345440,11,Walking,1968372295000,5.9,7.93,-1.607201
345441,11,Walking,1968422282000,2.83,7.4,-1.0351465
345442,11,Walking,1968472301000,1.54,10.69,-2.6014863999999998
345443,11,Walking,1968522288000,3.06,6.47,-0.23154591
345444,11,Walking,1968572276000,4.52,5.01,0.38136974
345445,11,Walking,1968622264000,9.28,5.05,1.56634
345446,11,Walking,1968672282000,3.34,7.25,1.1441092
345447,11,Walking,1968722240000,4.18,7.63,5.666064700000001
345448,11,Walking,1968772258000,3.95,12.6,9.724928
345449,11,Walking,1968822246000,3.76,10.57,3.5276701
345450,11,Walking,1968872264000,7.5,12.03,2.5606253
345451,11,Walking,1968922252000,5.22,8.92,0.46309182
345452,11,Walking,1968972301000,4.82,7.46,-3.0237172
345453,11,Walking,1969022197000,6.17,8.85,-0.27240697
345454,11,Walking,1969072276000,9.08,4.75,-0.7218784
345455,11,Walking,1969122264000,5.83,3.99,0.19068487
345456,11,Walking,1969172313000,3.72,4.56,0.7627395
345457,11,Walking,1969222240000,4.82,6.32,1.2666923
345458,11,Walking,1969272288000,7.46,10.15,-0.61291564
345459,11,Walking,1969322276000,5.33,10.31,10.378705
345460,11,Walking,1969372295000,9.3,8.96,0.3405087
345461,11,Walking,1969422221000,11.54,11.22,-0.14982383
345462,11,Walking,1969472331000,6.78,8.54,-1.0351465
345463,11,Walking,1969522197000,3.76,7.97,-1.1441092
345464,11,Walking,1969572276000,3.02,10.42,-1.7297841
345465,11,Walking,1969622203000,2.6,7.86,-1.7978859
345466,11,Walking,1969672313000,2.68,5.24,0.040861044
345467,11,Walking,1969722240000,5.63,5.41,1.0351465
345468,11,Walking,1969772288000,6.85,6.05,1.8387468999999996
345469,11,Walking,1969822215000,4.21,6.02,7.082580999999999
345470,11,Walking,1969872295000,3.21,10.65,7.5456724
345471,11,Walking,1969922221000,5.37,11.92,3.4868089999999996
345472,11,Walking,1969972270000,4.21,10.69,2.1111538
345473,11,Walking,1970022197000,8.43,9.92,2.070293
345474,11,Walking,1970072307000,4.06,6.89,-0.7627395
345475,11,Walking,1970122203000,5.98,8.66,-0.23154591
345476,11,Walking,1970172282000,9.38,6.89,-0.14982383
345477,11,Walking,1970222240000,4.99,4.48,0.14982383
345478,11,Walking,1970272288000,3.53,4.33,0.38136974
345479,11,Walking,1970322276000,5.28,7.31,0.7218784
345480,11,Walking,1970372295000,6.85,9.11,1.4165162
345481,11,Walking,1970422221000,1.54,11.96,14.137920999999999
345482,11,Walking,1970472301000,8.89,10.19,-0.19068487
345483,11,Walking,1970522197000,9.72,9.85,1.4573771999999998
345484,11,Walking,1970572307000,7.67,9.19,-0.50395286
345485,11,Walking,1970622203000,5.43,8.31,-1.2258313
345486,11,Walking,1970672282000,2.72,10.42,-1.6480621
345487,11,Walking,1970722240000,2.96,7.12,-0.53119355
345488,11,Walking,1970772288000,2.18,4.86,-0.8036005
345489,11,Walking,1970822246000,4.79,5.22,-0.46309182
345490,11,Walking,1970872295000,6.47,7.35,0.6946376999999999
345491,11,Walking,1970922221000,7.55,8.58,4.7943625
345492,11,Walking,1970972301000,-1.5,14.18,12.639683
345493,11,Walking,1971022197000,3.3,11.22,1.1849703
345494,11,Walking,1971072276000,8.35,13.67,2.5333846
345495,11,Walking,1971122295000,5.56,6.59,-1.3075534
345496,11,Walking,1971172282000,4.4,7.82,-3.1463002999999996
345497,11,Walking,1971222240000,9.04,8.5,-1.3756552
345498,11,Walking,1971272288000,7.21,5.94,-0.50395286
345499,11,Walking,1971322246000,3.91,3.72,-0.14982383
345500,11,Walking,1971372295000,3.72,5.09,0.50395286
345501,11,Walking,1971422282000,6.21,8.16,1.1168685
345502,11,Walking,1971472301000,4.25,10.38,12.680544
345503,11,Walking,1971522197000,9.0,9.3,0.08172209
345504,11,Walking,1971572307000,10.0,9.43,-0.38136974
345505,11,Walking,1971622203000,8.96,11.69,0.27240697
345506,11,Walking,1971672313000,5.22,7.78,-0.84446156
345507,11,Walking,1971722240000,2.98,7.46,-1.1849703
345508,11,Walking,1971772258000,2.6,9.11,-1.8387468999999996
345509,11,Walking,1971822215000,2.76,7.89,-1.2666923
345510,11,Walking,1971872264000,2.79,6.36,-0.19068487
345511,11,Walking,1971922221000,7.16,5.83,0.50395286
345512,11,Walking,1971972331000,7.59,6.4,0.95342433
345513,11,Walking,1972022197000,5.98,7.16,3.5957718
345514,11,Walking,1972072276000,2.68,10.04,2.0294318
345515,11,Walking,1972132426000,5.33,10.04,2.0294318
345517,11,Walking,1972182109000,8.39,11.11,1.6480621
345516,11,Walking,1972182109000,8.39,11.11,1.6480621
345518,11,Walking,1972282237000,5.09,7.74,-3.1054392
345519,11,Walking,1972332378000,7.7,8.54,-1.8796080000000002
345520,11,Walking,1972332378000,7.7,8.54,-1.8796080000000002
345521,11,Walking,1972393565000,8.58,4.48,-1.1441092
345522,11,Walking,1972442210000,5.48,4.14,0.46309182
345523,11,Walking,1972493480000,4.86,5.56,0.8036005
345524,11,Walking,1972542247000,6.63,8.5,1.6480621
345525,11,Walking,1972592235000,5.13,9.72,8.62168
345526,11,Walking,1972643687000,9.47,8.62,-0.61291564
345527,11,Walking,1972692271000,10.65,9.43,0.7627395
345528,11,Walking,1972743541000,8.77,10.5,0.42223078
345529,11,Walking,1972792247000,4.63,7.12,-1.607201
345530,11,Walking,1972842204000,4.37,8.85,-1.6889231
345531,11,Walking,1972893687000,3.21,10.34,-2.4516625
345532,11,Walking,1972942241000,3.76,5.43,-0.7218784
345533,11,Walking,1972993510000,2.53,4.63,-0.50395286
345534,11,Walking,1973042247000,6.13,6.4,1.607201
345535,11,Walking,1973092235000,7.16,7.89,2.152015
345536,11,Walking,1973143687000,5.09,7.63,4.7126402999999994
345537,11,Walking,1973192210000,4.25,13.53,8.430995
345538,11,Walking,1973243510000,6.09,11.69,3.6366330000000002
345539,11,Walking,1973292216000,5.37,7.82,0.6537767
345540,11,Walking,1973342265000,5.33,6.82,0.9942854
345541,11,Walking,1973393657000,5.98,7.25,0.10896278
345542,11,Walking,1973442241000,9.28,6.51,-1.1441092
345543,11,Walking,1973493541000,6.66,4.6,-3.0645783
345544,11,Walking,1973542277000,2.3,3.83,-2.4516625
345545,11,Walking,1973592235000,4.79,7.31,-0.7218784
345546,11,Walking,1973643657000,8.08,10.53,0.23154591
345547,11,Walking,1973692271000,7.46,9.58,0.53119355
345548,11,Walking,1973743541000,7.7,13.57,11.372991
345549,11,Walking,1973792247000,8.58,10.76,-2.1383946
345550,11,Walking,1973842265000,7.31,10.23,-4.3993720000000005
345551,11,Walking,1973892253000,4.82,9.34,-1.1849703
345552,11,Walking,1973942241000,2.41,8.92,-1.9885708
345553,11,Walking,1973994243000,3.76,6.21,-0.50395286
345554,11,Walking,1974043681000,8.43,3.53,1.2666923
345555,11,Walking,1974092235000,4.21,4.82,0.92618364
345556,11,Walking,1974143535000,3.11,6.66,0.9942854
345557,11,Walking,1974192210000,5.22,7.78,6.851035
345558,11,Walking,1974242259000,0.57,13.38,13.565866
345559,11,Walking,1974293681000,2.41,13.4,3.1463002999999996
345560,11,Walking,1974342265000,8.2,9.72,1.3075534
345561,11,Walking,1974393474000,4.25,6.32,-0.88532263
345562,11,Walking,1974442241000,4.37,7.25,0.92618364
345563,11,Walking,1974492229000,7.97,6.7,-1.8387468999999996
345564,11,Walking,1974543651000,7.27,4.94,-1.1168685
345565,11,Walking,1974592204000,5.01,3.57,0.38136974
345566,11,Walking,1974643474000,5.83,6.36,0.23154591
345567,11,Walking,1974692241000,7.59,8.89,0.92618364
345568,11,Walking,1974742259000,3.21,12.15,13.593107
345569,11,Walking,1974793651000,10.88,8.96,-0.23154591
345570,11,Walking,1974842235000,11.03,10.5,0.313268
345571,11,Walking,1974893535000,6.85,7.27,-1.1168685
345572,11,Walking,1974942241000,2.96,6.36,-1.8387468999999996
345573,11,Walking,1974992229000,3.91,10.38,-2.4516625
345574,11,Walking,1975042277000,2.96,8.58,-2.2609777
345575,11,Walking,1975092235000,2.91,5.18,-0.6537767
345576,11,Walking,1975143657000,3.15,5.94,-0.29964766
345577,11,Walking,1975192241000,8.5,6.89,1.9885708
345578,11,Walking,1975243571000,6.02,7.67,3.7864565999999997
345579,11,Walking,1975292247000,2.79,12.6,8.962189
345580,11,Walking,1975342265000,4.6,11.45,0.6946376999999999
345581,11,Walking,1975393657000,7.08,12.45,1.7570249
345582,11,Walking,1975442271000,7.25,7.78,0.3405087
345583,11,Walking,1975493571000,4.82,6.13,-3.2961242
345584,11,Walking,1975542247000,7.44,7.06,-1.4573771999999998
345585,11,Walking,1975592235000,8.01,6.13,-0.46309182
345586,11,Walking,1975643657000,5.67,4.52,-0.84446156
345587,11,Walking,1975692241000,4.63,5.37,-0.10896278
345588,11,Walking,1975743541000,5.83,7.16,0.5720546
345589,11,Walking,1975792277000,6.89,8.01,0.50395286
345590,11,Walking,1975842204000,5.9,10.38,2.6832085
345591,11,Walking,1975893626000,10.0,10.76,10.841797
345592,11,Walking,1975942210000,10.8,9.58,-0.9942854
345593,11,Walking,1975993419000,7.5,9.23,-3.2961242
345594,11,Walking,1976042277000,3.21,6.55,-3.8273177000000005
345595,11,Walking,1976092296000,3.68,9.11,-2.2201166000000003
345596,11,Walking,1976143657000,3.02,7.86,-3.214402
345597,11,Walking,1976192241000,4.37,5.63,-0.9125633
345598,11,Walking,1976243510000,8.62,5.01,3.3778462
345599,11,Walking,1976292277000,4.29,6.21,-0.0
345600,11,Walking,1976342204000,2.96,6.63,5.9793324
345601,11,Walking,1976393504000,3.34,12.45,9.425281
345602,11,Walking,1976442210000,3.72,13.76,2.2609777
345603,11,Walking,1976492259000,8.58,10.99,3.336985
345604,11,Walking,1976543681000,4.86,5.6,-0.46309182
345605,11,Walking,1976592235000,5.63,7.55,-0.88532263
345606,11,Walking,1976643535000,6.44,8.01,-0.9942854
345607,11,Walking,1976692271000,6.74,5.67,-0.19068487
345608,11,Walking,1976742229000,5.86,4.33,-0.0
345609,11,Walking,1976793529000,5.75,4.86,0.313268
345610,11,Walking,1976842235000,5.09,7.93,4.2086873
345611,11,Walking,1976893413000,6.66,10.23,5.243834
345612,11,Walking,1976942271000,8.96,7.97,0.5720546
345613,11,Walking,1976992229000,9.53,8.47,1.9885708
345614,11,Walking,1977043620000,8.81,9.89,1.3075534
345615,11,Walking,1977092235000,5.86,7.74,-1.0351465
