,user,label,timestamp,x,y,z
345816,11,Walking,1987152263000,4.06,6.24,2.4516625
345817,11,Walking,1987202281000,2.6,6.36,6.4424243
345818,11,Walking,1987252299000,9.51,10.27,9.80665
345819,11,Walking,1987302287000,4.9,7.67,5.1348709999999995
345820,11,Walking,1987352275000,2.34,13.4,0.8036005
345821,11,Walking,1987402263000,5.63,8.73,0.27240697
345822,11,Walking,1987452281000,3.41,7.7,-0.10896278
345823,11,Walking,1987502299000,8.5,10.76,-3.0645783
345824,11,Walking,1987552318000,8.43,6.28,-2.2201166000000003
345825,11,Walking,1987602336000,6.21,3.53,1.1849703
345826,11,Walking,1987652293000,3.41,6.05,6.5922484
345827,11,Walking,1987702281000,6.97,7.4,1.1849703
345828,11,Walking,1987752299000,6.13,8.12,2.3426998
345829,11,Walking,1987802287000,6.85,8.31,2.6423476000000004
345830,11,Walking,1987852306000,9.96,9.53,-1.0760075
345831,11,Walking,1987902232000,6.44,9.53,-1.3756552
345832,11,Walking,1987952281000,4.71,9.96,0.19068487
345833,11,Walking,1988002269000,2.68,12.64,2.4108016
345834,11,Walking,1988052287000,2.83,7.12,1.6480621
345835,11,Walking,1988102275000,4.48,3.26,1.7978859
345836,11,Walking,1988152293000,4.1,4.67,1.607201
345837,11,Walking,1988202281000,4.21,7.25,2.4516625
345838,11,Walking,1988252299000,3.91,6.09,6.238119
345839,11,Walking,1988302287000,3.11,10.65,8.539958
345840,11,Walking,1988352275000,4.82,11.3,4.630918
345841,11,Walking,1988402263000,5.94,8.62,5.284695
345842,11,Walking,1988452281000,5.71,9.08,0.313268
345843,11,Walking,1988502269000,5.9,7.31,-1.3075534
345844,11,Walking,1988552287000,10.0,9.34,-1.1441092
345845,11,Walking,1988602275000,8.89,5.63,-1.0760075
345846,11,Walking,1988652293000,4.79,3.87,-1.0351465
345847,11,Walking,1988702281000,2.96,7.35,0.84446156
345848,11,Walking,1988752269000,4.86,8.66,7.3958488
345849,11,Walking,1988802318000,9.0,8.2,2.5333846
345850,11,Walking,1988852306000,7.63,7.06,-0.38136974
345851,11,Walking,1988902293000,8.85,8.5,0.9942854
345852,11,Walking,1988952281000,9.08,9.89,-1.3756552
345853,11,Walking,1989002269000,6.44,8.62,-1.4165162
345854,11,Walking,1989052287000,4.06,11.73,-2.6014863999999998
345855,11,Walking,1989102336000,2.45,9.89,-1.9204689999999998
345856,11,Walking,1989152385000,3.68,4.48,-0.29964766
345857,11,Walking,1989202342000,3.72,4.56,-0.61291564
345858,11,Walking,1989252360000,5.18,6.21,0.38136974
345859,11,Walking,1989312236000,8.89,6.82,4.5219555
345860,11,Walking,1989362224000,1.12,12.91,8.689782000000001
345861,11,Walking,1989412273000,2.18,10.19,3.6366330000000002
345862,11,Walking,1989462199000,7.86,12.76,2.4516625
345863,11,Walking,1989512309000,7.25,9.72,0.53119355
345864,11,Walking,1989562205000,6.97,7.06,-2.8330324
345865,11,Walking,1989612285000,11.35,8.31,-1.8387468999999996
345866,11,Walking,1989662212000,7.82,4.44,-1.6480621
345867,11,Walking,1989712291000,3.53,2.49,-1.56634
345868,11,Walking,1989762248000,2.26,4.75,-2.4516625
345869,11,Walking,1989812297000,5.71,8.43,0.7627395
345870,11,Walking,1989862224000,8.01,11.69,-0.7218784
345871,11,Walking,1989912303000,9.58,10.42,15.404613500000002
345872,11,Walking,1989962230000,9.85,11.3,-1.1168685
345873,11,Walking,1990012248000,11.41,10.76,-3.7183550000000003
345874,11,Walking,1990062205000,4.6,9.77,-2.7921712000000003
345875,11,Walking,1990132335000,4.6,9.77,-2.7921712000000003
345877,11,Walking,1990182292000,3.91,8.24,-2.4516625
345876,11,Walking,1990182292000,3.91,8.24,-2.4516625
345878,11,Walking,1990282359000,5.6,4.79,1.334794
345879,11,Walking,1990332255000,1.54,4.37,0.6537767
345880,11,Walking,1990332255000,1.54,4.37,0.6537767
345881,11,Walking,1990393504000,5.6,7.89,8.049625
345882,11,Walking,1990442210000,5.94,11.03,6.2789803
345883,11,Walking,1990492259000,3.06,9.04,4.2086873
345884,11,Walking,1990543681000,6.93,13.14,2.8738932999999998
345885,11,Walking,1990592235000,5.67,9.34,-0.9125633
345886,11,Walking,1990643565000,5.75,7.63,-0.8036005
345887,11,Walking,1990692271000,10.23,9.43,-0.46309182
345888,11,Walking,1990742229000,7.35,3.6,-2.4925237
345889,11,Walking,1990792247000,2.68,1.92,-1.1849703
345890,11,Walking,1990842235000,3.6,6.93,0.46309182
345891,11,Walking,1990893687000,8.62,13.48,2.3699405
345892,11,Walking,1990942241000,6.93,9.77,10.18802
345893,11,Walking,1990993602000,9.23,7.86,-0.9942854
345894,11,Walking,1991042247000,9.89,9.96,-3.214402
345895,11,Walking,1991092235000,5.9,9.34,-2.070293
345896,11,Walking,1991143657000,5.05,11.07,-2.4108016
345897,11,Walking,1991192210000,3.49,8.43,-2.1383946
345898,11,Walking,1991243602000,4.4,4.94,0.7218784
345899,11,Walking,1991292247000,5.41,3.49,1.7978859
345900,11,Walking,1991343394000,3.17,3.99,0.92618364
345901,11,Walking,1991392284000,5.63,6.24,6.742072
345902,11,Walking,1991442302000,4.29,9.85,7.6682559999999995
345903,11,Walking,1991493663000,3.53,11.18,4.2086873
345904,11,Walking,1991542277000,5.56,11.65,4.440233
345905,11,Walking,1991593486000,7.35,10.53,0.6946376999999999
345906,11,Walking,1991642284000,5.94,9.34,-0.27240697
345907,11,Walking,1991692241000,12.03,8.16,-3.1463002999999996
345908,11,Walking,1991743632000,4.94,4.6,-3.0237172
345909,11,Walking,1991792247000,1.92,3.64,-2.1111538
345910,11,Walking,1991843486000,3.26,6.02,0.27240697
345911,11,Walking,1991892223000,6.47,8.77,-0.5720546
345912,11,Walking,1991942241000,13.59,8.16,14.015338
345913,11,Walking,1991993632000,6.97,8.28,-1.2666923
345914,11,Walking,1992042247000,10.15,7.86,-2.1792557
345915,11,Walking,1992093486000,10.69,9.62,-3.2552630000000002
345916,11,Walking,1992142345000,7.01,11.11,-1.7570249
345917,11,Walking,1992192210000,4.86,11.07,-0.88532263
345918,11,Walking,1992243632000,3.72,6.28,-0.42223078
345919,11,Walking,1992292216000,3.15,3.57,0.50395286
345920,11,Walking,1992343547000,5.22,2.87,3.8681788
345921,11,Walking,1992392284000,4.29,5.24,7.436710000000001
345922,11,Walking,1992443401000,5.67,6.66,2.8330324
345923,11,Walking,1992492229000,8.05,11.14,4.671779
345924,11,Walking,1992542277000,3.45,8.39,5.1348709999999995
345925,11,Walking,1992593608000,9.89,11.88,4.2086873
345926,11,Walking,1992642284000,6.74,8.35,-0.88532263
345927,11,Walking,1992692271000,6.63,8.31,0.27240697
345928,11,Walking,1992742259000,8.2,6.74,-1.3075534
345929,11,Walking,1992792277000,4.52,4.21,-3.2961242
345930,11,Walking,1992843669000,2.6,4.06,-0.19068487
345931,11,Walking,1992892253000,4.63,5.86,-0.10896278
345932,11,Walking,1992943492000,10.5,10.57,6.973617999999999
345933,11,Walking,1992992229000,7.93,9.34,1.9885708
345934,11,Walking,1993042247000,8.77,7.63,0.313268
345935,11,Walking,1993093608000,11.92,11.45,-1.1849703
345936,11,Walking,1993142253000,6.32,8.89,-1.1849703
345937,11,Walking,1993193492000,5.01,9.81,-0.61291564
345938,11,Walking,1993242198000,2.79,9.43,-0.6537767
345939,11,Walking,1993292277000,4.37,4.29,0.42223078
345940,11,Walking,1993343669000,3.26,3.99,-0.19068487
345941,11,Walking,1993392253000,9.15,3.83,5.366417
345942,11,Walking,1993443492000,7.06,6.4,6.66035
345943,11,Walking,1993492290000,4.9,8.01,2.070293
345944,11,Walking,1993542247000,8.16,9.7,3.0237172
345945,11,Walking,1993593608000,5.83,10.46,3.214402
345946,11,Walking,1993642223000,7.89,11.07,0.7218784
345947,11,Walking,1993693462000,6.51,8.58,-0.61291564
345948,11,Walking,1993742259000,7.74,8.2,-1.0351465
345949,11,Walking,1993792247000,8.16,5.48,-0.9942854
345950,11,Walking,1993843578000,3.45,3.87,-1.4573771999999998
345951,11,Walking,1993892253000,3.02,3.34,-0.08172209
345952,11,Walking,1993943431000,6.13,6.85,-0.88532263
345953,11,Walking,1993992259000,11.5,13.06,12.571581
345954,11,Walking,1994042247000,8.28,9.08,0.95342433
345955,11,Walking,1994093608000,9.96,9.43,-2.0294318
345956,11,Walking,1994142223000,7.82,9.3,-1.1168685
345957,11,Walking,1994193431000,5.75,9.38,-0.7627395
345958,11,Walking,1994242229000,4.02,9.51,-0.6946376999999999
345959,11,Walking,1994292247000,3.02,6.24,-0.23154591
345960,11,Walking,1994344218000,2.6,3.91,0.42223078
345961,11,Walking,1994393596000,3.87,5.56,0.3405087
345962,11,Walking,1994442241000,11.35,4.63,9.302697
345963,11,Walking,1994493388000,5.22,8.47,5.666064700000001
345964,11,Walking,1994542277000,6.02,12.15,1.7978859
345965,11,Walking,1994592235000,5.41,9.38,3.2961242
345966,11,Walking,1994643657000,8.96,10.95,2.6832085
345967,11,Walking,1994692241000,4.82,7.89,-0.08172209
345968,11,Walking,1994743480000,7.86,9.28,-0.84446156
345969,11,Walking,1994792247000,7.7,7.46,-0.6537767
345970,11,Walking,1994842448000,5.18,3.15,-2.6014863999999998
345971,11,Walking,1994893626000,4.14,3.02,-0.5720546
345972,11,Walking,1994942210000,5.9,5.24,-0.08172209
345973,11,Walking,1994993510000,8.2,11.14,0.61291564
345974,11,Walking,1995042216000,7.78,11.11,7.9679036
345975,11,Walking,1995092235000,9.15,9.66,-0.5720546
345976,11,Walking,1995143687000,11.41,11.03,-1.6889231
345977,11,Walking,1995202281000,4.29,6.44,-0.7627395
345978,11,Walking,1995252269000,3.83,9.7,-0.50395286
345979,11,Walking,1995302379000,3.34,8.54,-1.334794
345980,11,Walking,1995362254000,3.45,4.52,0.61291564
345981,11,Walking,1995412212000,5.41,4.44,1.9885708
345982,11,Walking,1995462291000,7.59,5.48,6.973617999999999
345983,11,Walking,1995512218000,4.1,7.35,5.7886477
345984,11,Walking,1995562266000,6.28,10.99,2.7921712000000003
345985,11,Walking,1995612224000,4.86,10.88,4.018002500000001
345986,11,Walking,1995662273000,9.34,11.92,3.8681788
345987,11,Walking,1995712199000,5.43,7.27,0.88532263
345988,11,Walking,1995762309000,3.21,6.13,-0.040861044
345989,11,Walking,1995812236000,9.0,7.97,-1.3075534
345990,11,Walking,1995862285000,7.12,6.59,-1.56634
345991,11,Walking,1995912242000,4.4,4.18,-0.8036005
345992,11,Walking,1995962260000,5.24,4.82,-0.040861044
345993,11,Walking,1996012248000,6.4,7.89,0.19068487
345995,11,Walking,1996132365000,6.97,9.19,-0.38136974
345994,11,Walking,1996132365000,6.97,9.19,-0.38136974
345997,11,Walking,1996182628000,10.84,8.92,-1.1441092
345996,11,Walking,1996182628000,10.84,8.92,-1.1441092
345998,11,Walking,1996282237000,4.52,7.86,-1.607201
345999,11,Walking,1996332347000,4.14,10.34,-1.3075534
346000,11,Walking,1996332347000,4.14,10.34,-1.3075534
346001,11,Walking,1996393535000,3.6,8.31,-0.040861044
346002,11,Walking,1996442241000,4.67,3.41,-0.08172209
346003,11,Walking,1996492259000,6.44,4.37,1.4573771999999998
346004,11,Walking,1996543681000,5.05,6.02,2.5333846
346005,11,Walking,1996592265000,5.43,7.06,7.4639505999999995
346006,11,Walking,1996643596000,7.12,10.0,3.9090397000000006
346007,11,Walking,1996692241000,4.02,10.38,2.4925237
346008,11,Walking,1996742229000,6.78,11.54,2.1111538
346009,11,Walking,1996792247000,9.15,9.96,1.7297841
346010,11,Walking,1996842235000,3.34,5.83,-0.23154591
346011,11,Walking,1996893687000,7.4,8.16,-1.1441092
346012,11,Walking,1996942241000,9.34,7.25,-2.0294318
346013,11,Walking,1996993541000,4.67,3.21,-1.3756552
346014,11,Walking,1997042247000,4.56,3.79,-0.23154591
346015,11,Walking,1997092204000,6.59,6.89,-0.0
