,user,label,timestamp,x,y,z
347216,11,Walking,2057182201000,10.57,7.93,-0.29964766
347217,11,Walking,2057232310000,9.72,9.85,-1.3075534
347218,11,Walking,2057282268000,5.83,9.0,-2.8738932999999998
347219,11,Walking,2057332286000,4.63,9.66,-2.070293
347220,11,Walking,2057382213000,2.91,7.7,-2.3699405
347221,11,Walking,2057432292000,3.38,3.95,-0.61291564
347222,11,Walking,2057482219000,8.73,3.49,1.7570249
347223,11,Walking,2057532268000,4.71,5.9,0.5720546
347224,11,Walking,2057582225000,3.57,8.08,3.3778462
347225,11,Walking,2057632274000,3.45,10.42,10.800936
347226,11,Walking,2057682231000,4.21,12.91,2.8738932999999998
347227,11,Walking,2057732280000,4.02,11.11,3.214402
347228,11,Walking,2057782237000,8.08,9.19,-0.61291564
347229,11,Walking,2057832286000,5.56,7.93,-2.070293
347230,11,Walking,2057882243000,9.11,11.69,-1.2666923
347231,11,Walking,2057932262000,8.62,6.44,-0.84446156
347232,11,Walking,2057982249000,5.63,2.3,-2.1111538
347233,11,Walking,2058032298000,3.6,3.95,3.3778462
347234,11,Walking,2058082255000,4.14,8.2,7.164303
347235,11,Walking,2058132274000,7.4,8.85,0.6537767
347236,11,Walking,2058182231000,8.12,8.47,1.334794
347237,11,Walking,2058232310000,10.5,9.3,2.1111538
347238,11,Walking,2058282237000,9.3,10.27,-0.9942854
347239,11,Walking,2058332286000,4.6,8.31,-2.3426998
347240,11,Walking,2058382213000,3.79,10.38,-2.1111538
347241,11,Walking,2058432262000,3.57,8.77,-1.7570249
347242,11,Walking,2058482219000,4.25,4.44,0.7218784
347243,11,Walking,2058532268000,6.55,3.3,1.4982381999999999
347244,11,Walking,2058582225000,3.41,4.82,0.61291564
347245,11,Walking,2058632274000,5.24,7.12,4.7126402999999994
347246,11,Walking,2058682231000,4.37,9.53,9.112013000000001
347247,11,Walking,2058732280000,3.49,12.57,3.4868089999999996
347248,11,Walking,2058782237000,4.56,11.3,2.6832085
347249,11,Walking,2058832286000,7.35,9.3,-0.3405087
347250,11,Walking,2058882213000,5.28,7.89,-2.1792557
347251,11,Walking,2058932262000,10.61,9.92,-1.7297841
347252,11,Walking,2058982219000,8.39,6.51,0.10896278
347253,11,Walking,2059032329000,4.6,2.22,-1.6480621
347254,11,Walking,2059082255000,3.21,4.25,1.2258313
347255,11,Walking,2059132335000,2.79,11.56,10.038197
347256,11,Walking,2059182262000,8.08,7.78,0.040861044
347257,11,Walking,2059232341000,10.0,8.73,-0.23154591
347258,11,Walking,2059282268000,10.38,8.89,3.173541
347259,11,Walking,2059332317000,9.08,10.0,-1.4165162
347260,11,Walking,2059382243000,4.48,8.89,-3.0645783
347261,11,Walking,2059432262000,4.71,11.56,-2.4925237
347262,11,Walking,2059482249000,2.64,7.78,-2.0294318
347263,11,Walking,2059532268000,2.87,3.72,-0.9125633
347264,11,Walking,2059582225000,4.33,3.68,0.42223078
347265,11,Walking,2059632304000,5.63,5.22,1.5390993
347266,11,Walking,2059682201000,6.44,6.93,4.5628166
347267,11,Walking,2059732310000,3.87,11.8,10.841797
347268,11,Walking,2059782237000,2.64,10.76,0.88532263
347269,11,Walking,2059832286000,8.12,12.45,2.2609777
347270,11,Walking,2059882213000,6.32,7.93,-1.4573771999999998
347271,11,Walking,2059932262000,7.82,8.77,-3.0237172
347272,11,Walking,2059982249000,10.31,8.31,-0.95342433
347273,11,Walking,2060032268000,6.02,4.18,-0.95342433
347274,11,Walking,2060082225000,3.3,3.68,-0.5720546
347275,11,Walking,2060132304000,3.79,4.44,0.7627395
347276,11,Walking,2060182231000,6.02,9.38,8.499097
347277,11,Walking,2060232280000,7.08,7.59,0.19068487
347278,11,Walking,2060282329000,10.73,9.66,-1.4982381999999999
347279,11,Walking,2060332317000,11.3,9.11,1.1441092
347280,11,Walking,2060382213000,7.55,8.81,-0.88532263
347281,11,Walking,2060432231000,4.06,8.47,-3.0237172
347282,11,Walking,2060482249000,4.82,11.56,-2.1111538
347283,11,Walking,2060532268000,3.57,7.82,-2.070293
347284,11,Walking,2060582255000,3.26,4.71,-1.4165162
347285,11,Walking,2060632304000,6.7,3.64,2.8330324
347286,11,Walking,2060682262000,4.79,4.63,0.61291564
347287,11,Walking,2060732310000,4.79,6.7,5.284695
347288,11,Walking,2060782237000,3.3,11.8,8.771504
347289,11,Walking,2060832317000,2.41,11.37,2.9147543999999996
347290,11,Walking,2060882213000,5.24,10.84,3.9090397000000006
347291,11,Walking,2060932231000,6.93,8.96,0.7627395
347292,11,Walking,2060982249000,5.13,7.82,-2.1792557
347293,11,Walking,2061032268000,10.92,10.73,-1.8387468999999996
347294,11,Walking,2061082255000,7.55,6.63,0.38136974
347295,11,Walking,2061132274000,4.1,2.07,-1.334794
347296,11,Walking,2061182201000,3.3,4.02,0.50395286
347297,11,Walking,2061232280000,3.72,10.38,9.193735
347298,11,Walking,2061282237000,6.82,8.28,2.1111538
347299,11,Walking,2061332286000,8.39,9.23,-0.040861044
347300,11,Walking,2061382243000,8.85,9.38,2.0294318
347301,11,Walking,2061432231000,8.69,9.47,-0.46309182
347302,11,Walking,2061482249000,5.01,7.7,-1.56634
347303,11,Walking,2061482249000,5.01,7.7,-1.56634
347304,11,Walking,2061582255000,4.67,9.08,-1.7978859
347306,11,Walking,2061632335000,5.98,4.4,2.0294318
347305,11,Walking,2061632335000,5.98,4.4,2.0294318
347307,11,Walking,2061692271000,3.87,3.45,0.38136974
347308,11,Walking,2061742229000,3.99,4.94,3.1463002999999996
347309,11,Walking,2061792277000,3.45,7.67,6.0201936
347310,11,Walking,2061843608000,4.02,11.35,7.6273947
347311,11,Walking,2061892253000,2.41,9.96,3.336985
347312,11,Walking,2061942241000,7.46,12.37,4.7535014
347313,11,Walking,2061992229000,7.08,8.28,-0.08172209
347314,11,Walking,2062042277000,7.86,6.66,-1.8387468999999996
347315,11,Walking,2062093639000,9.62,7.63,-0.27240697
347316,11,Walking,2062142253000,6.17,4.44,-0.7627395
347317,11,Walking,2062193553000,3.91,3.99,-0.84446156
347318,11,Walking,2062242259000,4.21,5.75,0.84446156
347319,11,Walking,2062292277000,7.06,9.58,0.27240697
347320,11,Walking,2062342265000,7.93,8.69,11.182305
347322,11,Walking,2062452312000,9.81,8.92,-1.1168685
347321,11,Walking,2062452312000,9.81,8.92,-1.1168685
347323,11,Walking,2062502360000,8.08,9.23,-2.4516625
347324,11,Walking,2062552379000,5.43,9.96,-2.5606253
347325,11,Walking,2062602275000,4.1,11.3,-2.3699405
347326,11,Walking,2062652324000,3.49,6.13,-1.334794
347327,11,Walking,2062712230000,6.89,3.72,1.1849703
347328,11,Walking,2062762218000,4.37,3.41,0.313268
347329,11,Walking,2062812297000,4.06,5.98,2.4108016
347330,11,Walking,2062862254000,4.67,7.7,10.378705
347331,11,Walking,2062912303000,4.6,11.88,4.944186
347332,11,Walking,2062962199000,2.6,9.77,2.1792557
347333,11,Walking,2063012248000,7.5,12.11,3.6774937999999993
347334,11,Walking,2063062205000,6.74,8.35,-0.23154591
347335,11,Walking,2063112315000,6.85,7.63,-2.8738932999999998
347336,11,Walking,2063162242000,10.53,9.62,-0.6946376999999999
347337,11,Walking,2063212291000,7.27,5.22,-0.9942854
347338,11,Walking,2063262248000,3.87,2.64,-0.53119355
347339,11,Walking,2063312297000,2.79,5.71,4.2086873
347340,11,Walking,2063362254000,4.33,8.08,4.290409599999999
347341,11,Walking,2063412303000,7.59,8.39,1.6480621
347342,11,Walking,2063462199000,8.81,8.89,0.23154591
347343,11,Walking,2063512309000,7.74,9.58,5.366417
347344,11,Walking,2063562236000,10.38,9.38,-0.5720546
347345,11,Walking,2063612315000,6.74,8.58,-2.7921712000000003
347346,11,Walking,2063662212000,4.67,9.92,-1.7570249
347347,11,Walking,2063712260000,3.11,9.77,-2.2201166000000003
347348,11,Walking,2063762248000,4.02,5.52,-0.23154591
347349,11,Walking,2063812297000,8.05,3.99,2.8330324
347350,11,Walking,2063862254000,3.76,4.4,-0.040861044
347351,11,Walking,2063912303000,2.53,5.71,4.5219555
347352,11,Walking,2063962230000,3.38,7.44,7.7363577
347353,11,Walking,2064012279000,5.6,11.11,5.366417
347354,11,Walking,2064062205000,3.83,8.58,6.0201936
347355,11,Walking,2064112315000,7.89,10.92,1.1441092
347356,11,Walking,2064162212000,6.32,8.01,-2.6423476000000004
347357,11,Walking,2064212260000,8.96,9.43,-2.4108016
347358,11,Walking,2064262248000,8.62,7.86,0.27240697
347359,11,Walking,2064312297000,4.48,3.68,0.3405087
347360,11,Walking,2064362254000,1.12,4.56,3.8681788
347361,11,Walking,2064412334000,4.63,7.82,1.2666923
347362,11,Walking,2064462230000,6.63,8.69,4.4810944
347363,11,Walking,2064512309000,7.06,7.21,0.5720546
347364,11,Walking,2064562236000,9.38,9.85,0.27240697
347365,11,Walking,2064612315000,10.76,11.99,0.5720546
347366,11,Walking,2064662212000,4.71,7.31,-1.6480621
347367,11,Walking,2064712291000,3.15,8.12,-1.9885708
347368,11,Walking,2064762218000,4.52,10.46,-0.7627395
347369,11,Walking,2064812297000,6.47,6.85,2.6832085
347370,11,Walking,2064862224000,4.94,3.57,0.92618364
347371,11,Walking,2064912273000,4.06,4.02,2.070293
347372,11,Walking,2064962230000,2.34,6.63,3.0645783
347373,11,Walking,2065012248000,3.79,6.51,6.5105260000000005
347374,11,Walking,2065062205000,6.97,11.56,7.205164
347375,11,Walking,2065112315000,1.54,11.03,3.1054392
347376,11,Walking,2065162242000,8.43,11.69,3.4459480000000005
347377,11,Walking,2065212291000,5.43,6.82,-1.7570249
347378,11,Walking,2065262248000,7.01,8.58,-2.4516625
347379,11,Walking,2065312297000,11.35,9.23,-0.50395286
347380,11,Walking,2065362254000,6.63,4.82,0.3405087
347381,11,Walking,2065412303000,2.76,3.57,4.140586
347382,11,Walking,2065462199000,3.57,6.66,2.982856
347383,11,Walking,2065512309000,4.63,8.89,3.0237172
347384,11,Walking,2065562236000,6.59,8.16,1.6889231
347385,11,Walking,2065612315000,7.63,8.43,1.6480621
347386,11,Walking,2065662242000,12.3,10.76,-0.0
347387,11,Walking,2065712291000,6.47,8.05,-2.3426998
347388,11,Walking,2065762248000,3.21,7.82,-2.070293
347389,11,Walking,2065812266000,4.82,11.41,-1.4165162
347390,11,Walking,2065862254000,4.75,7.55,1.2666923
347391,11,Walking,2065912303000,5.6,3.91,0.61291564
347392,11,Walking,2065962230000,3.72,3.53,1.9204689999999998
347393,11,Walking,2066012248000,2.83,6.09,3.336985
347394,11,Walking,2066062205000,5.09,6.97,4.903325
347395,11,Walking,2066112315000,5.22,12.41,5.8567495
347396,11,Walking,2066162212000,0.99,10.73,2.4516625
347397,11,Walking,2066212291000,7.46,11.26,3.8273177000000005
347398,11,Walking,2066262248000,8.39,8.39,0.95342433
347399,11,Walking,2066312297000,8.31,5.79,-4.3312707
347400,11,Walking,2066362224000,11.11,7.93,-0.46309182
347401,11,Walking,2066412303000,7.12,5.71,-1.3756552
347402,11,Walking,2066462230000,4.48,4.48,-0.84446156
347403,11,Walking,2066512309000,2.72,8.89,2.152015
347404,11,Walking,2066562236000,3.79,8.05,7.7772183
347405,11,Walking,2066612315000,8.92,6.24,-1.56634
347406,11,Walking,2066662242000,10.27,8.31,-0.3405087
347407,11,Walking,2066712291000,9.19,8.47,3.5957718
347408,11,Walking,2066762218000,10.12,7.16,-2.1792557
347409,11,Walking,2066812297000,6.32,7.55,-2.6832085
347410,11,Walking,2066862224000,5.28,11.5,-2.4108016
347411,11,Walking,2066912334000,4.6,9.08,-0.7627395
347412,11,Walking,2066962230000,7.59,3.72,1.4165162
347413,11,Walking,2067012309000,5.6,4.86,1.8796080000000002
347414,11,Walking,2067062236000,2.64,6.59,0.5720546
347415,11,Walking,2067112315000,1.08,7.63,3.336985
