,user,label,timestamp,x,y,z
347416,11,Walking,2067162212000,3.3,7.93,8.662541000000001
347417,11,Walking,2067212291000,4.1,12.11,6.5513873
347418,11,Walking,2067262248000,6.47,6.66,6.5922484
347419,11,Walking,2067312297000,6.09,10.76,3.5276701
347420,11,Walking,2067362224000,2.37,7.78,-0.50395286
347421,11,Walking,2067412303000,3.21,7.93,0.19068487
347422,11,Walking,2067462199000,7.08,10.84,-0.46309182
347423,11,Walking,2067512309000,8.35,6.4,-2.070293
347424,11,Walking,2067562266000,6.7,2.3,-1.1849703
347425,11,Walking,2067612346000,3.64,3.79,0.92618364
347426,11,Walking,2067672282000,5.24,7.63,1.2258313
347427,11,Walking,2067722209000,7.93,11.8,3.7864565999999997
347428,11,Walking,2067772258000,7.25,9.85,3.8273177000000005
347429,11,Walking,2067822246000,9.92,11.45,1.4573771999999998
347430,11,Walking,2067872295000,9.72,8.89,0.19068487
347431,11,Walking,2067922282000,5.6,6.7,-0.50395286
347432,11,Walking,2067972270000,4.4,10.31,-1.607201
347433,11,Walking,2068022227000,2.41,11.75,-3.5957718
347434,11,Walking,2068072276000,2.11,7.59,-2.5606253
347435,11,Walking,2068122234000,4.48,5.28,-0.3405087
347436,11,Walking,2068172282000,3.49,4.4,1.9477096999999999
347437,11,Walking,2068222270000,1.92,3.95,0.8036005
347438,11,Walking,2068272288000,3.06,5.94,10.337844
347439,11,Walking,2068322246000,-0.5,13.59,11.032481
347440,11,Walking,2068372295000,2.56,9.72,4.372132
347442,11,Walking,2068422282000,7.01,11.88,1.8796080000000002
347441,11,Walking,2068422282000,7.01,11.88,1.8796080000000002
347443,11,Walking,2068522166000,5.86,9.34,0.84446156
347444,11,Walking,2068572215000,10.42,7.55,-0.6946376999999999
347445,11,Walking,2068622386000,6.09,4.37,-0.9125633
347446,11,Walking,2068672252000,2.68,3.06,-0.08172209
347447,11,Walking,2068722301000,3.41,5.09,0.23154591
347448,11,Walking,2068772227000,6.59,8.24,0.313268
347449,11,Walking,2068822307000,9.38,11.03,0.6537767
347450,11,Walking,2068872234000,6.55,11.54,6.9327570000000005
347451,11,Walking,2068922282000,7.21,12.49,6.633109599999999
347452,11,Walking,2068972240000,8.47,7.97,-2.9147543999999996
347453,11,Walking,2069022258000,4.86,7.97,-2.6832085
347454,11,Walking,2069072246000,4.67,12.26,-3.6774937999999993
347455,11,Walking,2069122295000,3.34,7.31,-1.6889231
347456,11,Walking,2069172282000,3.53,3.83,-0.46309182
347457,11,Walking,2069222301000,4.82,5.28,2.6423476000000004
347458,11,Walking,2069272227000,3.95,5.6,1.8796080000000002
347459,11,Walking,2069322276000,1.57,5.83,7.082580999999999
347460,11,Walking,2069372203000,0.72,11.54,10.460427000000001
347461,11,Walking,2069422252000,3.02,11.54,4.903325
347462,11,Walking,2069472209000,5.86,12.91,2.3699405
347463,11,Walking,2069522319000,6.55,10.23,1.1168685
347464,11,Walking,2069572215000,6.7,8.96,-1.607201
347465,11,Walking,2069622295000,8.47,5.9,-1.0351465
347466,11,Walking,2069672252000,5.6,3.45,-0.61291564
347467,11,Walking,2069722301000,2.91,3.76,-0.19068487
347468,11,Walking,2069772258000,4.37,5.13,0.42223078
347469,11,Walking,2069822307000,7.12,8.92,0.46309182
347470,11,Walking,2069872234000,9.53,11.18,1.4982381999999999
347471,11,Walking,2069922282000,8.05,10.76,12.721405
347472,11,Walking,2069972209000,11.37,10.69,-1.0351465
347473,11,Walking,2070022288000,6.32,7.78,-2.4108016
347474,11,Walking,2070072215000,4.21,8.28,-1.4165162
347475,11,Walking,2070122264000,4.33,10.73,-1.3075534
347476,11,Walking,2070172221000,2.76,6.78,-2.2201166000000003
347477,11,Walking,2070222301000,3.21,4.4,-0.19068487
347478,11,Walking,2070272349000,6.55,4.1,1.8796080000000002
347479,11,Walking,2070322307000,5.01,6.51,1.0351465
347480,11,Walking,2070372203000,4.44,6.51,9.656827
347481,11,Walking,2070422282000,-0.08,13.72,10.882658000000001
347482,11,Walking,2070472240000,1.8,8.73,2.5333846
347483,11,Walking,2070522288000,7.01,12.45,1.4982381999999999
347484,11,Walking,2070572215000,6.28,10.5,1.6480621
347485,11,Walking,2070622295000,7.27,9.15,-2.4108016
347486,11,Walking,2070672221000,9.38,4.63,-1.334794
347487,11,Walking,2070722270000,5.18,3.26,-0.29964766
347488,11,Walking,2070772227000,3.21,3.38,-0.3405087
347489,11,Walking,2070822337000,5.28,5.67,0.8036005
347490,11,Walking,2070872234000,7.63,9.34,1.0760075
347491,11,Walking,2070922313000,8.12,11.56,4.7126402999999994
347492,11,Walking,2070972270000,7.4,10.69,8.430995
347493,11,Walking,2071022258000,10.84,10.65,-0.38136974
347494,11,Walking,2071072276000,6.7,8.5,-1.56634
347495,11,Walking,2071122264000,3.99,8.24,-1.6889231
347496,11,Walking,2071172282000,3.53,10.53,-1.9477096999999999
347497,11,Walking,2071222301000,3.49,6.82,-1.3756552
347498,11,Walking,2071272227000,3.76,4.79,0.53119355
347499,11,Walking,2071322307000,7.4,5.01,3.1054392
347500,11,Walking,2071372234000,3.68,6.05,0.38136974
347501,11,Walking,2071422282000,2.91,6.24,8.894086999999999
347502,11,Walking,2071472209000,0.89,12.6,10.56939
347503,11,Walking,2071522319000,2.41,10.04,3.5685309999999997
347504,11,Walking,2071572215000,4.37,10.99,1.9204689999999998
347505,11,Walking,2071622295000,6.47,9.7,2.1792557
347506,11,Walking,2071672221000,5.67,8.24,-1.8387468999999996
347507,11,Walking,2071722301000,7.82,8.73,0.95342433
347508,11,Walking,2071772227000,9.28,5.6,1.2258313
347509,11,Walking,2071822307000,4.71,3.99,-0.50395286
347510,11,Walking,2071872203000,4.14,4.6,0.84446156
347511,11,Walking,2071922282000,6.17,7.63,1.4982381999999999
347512,11,Walking,2071972209000,7.01,9.7,2.9556155
347513,11,Walking,2072022288000,4.48,9.96,9.847511
347514,11,Walking,2072072215000,9.53,9.77,-0.040861044
347515,11,Walking,2072122295000,10.5,10.84,0.9942854
347516,11,Walking,2072172252000,6.17,6.97,-0.27240697
347517,11,Walking,2072222270000,3.72,7.27,-0.3405087
347518,11,Walking,2072272227000,3.95,11.07,-2.1792557
347519,11,Walking,2072322276000,3.87,8.01,-1.2666923
347520,11,Walking,2072372234000,2.22,5.13,-0.9125633
347521,11,Walking,2072422313000,4.1,4.9,0.42223078
347522,11,Walking,2072472240000,7.55,6.82,1.7570249
347523,11,Walking,2072522258000,5.37,6.82,5.5571017
347524,11,Walking,2072572276000,1.57,13.21,11.75436
347525,11,Walking,2072622295000,3.53,10.34,2.070293
347526,11,Walking,2072672221000,6.97,11.88,3.5685309999999997
347527,11,Walking,2072722301000,7.27,9.38,0.23154591
347528,11,Walking,2072772258000,4.25,6.32,-3.3642258999999997
347529,11,Walking,2072822307000,5.9,7.7,-0.50395286
347530,11,Walking,2072872234000,9.28,6.85,-0.3405087
347531,11,Walking,2072922313000,7.16,4.1,-0.5720546
347532,11,Walking,2072972209000,4.1,3.87,0.50395286
347533,11,Walking,2073022288000,5.24,6.59,0.95342433
347534,11,Walking,2073072215000,6.47,10.73,7.3141264999999995
347535,11,Walking,2073122295000,6.28,9.72,7.6954966
347536,11,Walking,2073172252000,10.73,11.75,-1.1168685
347537,11,Walking,2073222270000,10.12,10.08,1.0760075
347538,11,Walking,2073272258000,4.67,6.24,-0.6537767
347539,11,Walking,2073322276000,3.87,7.89,-0.6537767
347540,11,Walking,2073372295000,3.91,9.96,-1.525479
347541,11,Walking,2073422313000,4.6,7.08,0.95342433
347542,11,Walking,2073472209000,6.78,4.48,2.8738932999999998
347543,11,Walking,2073522288000,2.96,3.99,0.8036005
347544,11,Walking,2073572337000,3.06,5.18,4.3993720000000005
347545,11,Walking,2073622386000,2.15,7.31,8.962189
347546,11,Walking,2073672282000,2.3,12.72,9.234595
347547,11,Walking,2073722331000,3.87,3.64,3.7864565999999997
347548,11,Walking,2073782298000,6.97,13.29,2.1111538
347549,11,Walking,2073832225000,4.33,9.7,1.56634
347550,11,Walking,2073882304000,4.9,8.12,-1.2258313
347551,11,Walking,2073932231000,8.05,7.59,1.2258313
347552,11,Walking,2073982310000,7.67,4.44,0.92618364
347553,11,Walking,2074032237000,3.91,3.53,-0.42223078
347554,11,Walking,2074082286000,4.25,4.4,0.9942854
347555,11,Walking,2074132243000,8.28,10.23,-0.50395286
347556,11,Walking,2074182384000,5.71,11.73,13.211738
347557,11,Walking,2074232280000,9.23,10.65,0.61291564
347558,11,Walking,2074282298000,10.61,10.08,0.50395286
347559,11,Walking,2074332255000,6.32,7.08,-1.0351465
347560,11,Walking,2074382304000,4.56,9.34,-1.1168685
347561,11,Walking,2074432231000,3.64,11.69,-3.4050870000000004
347562,11,Walking,2074482280000,3.38,5.63,-0.6537767
347563,11,Walking,2074532268000,2.56,4.52,0.040861044
347564,11,Walking,2074582317000,4.29,4.52,0.040861044
347566,11,Walking,2074632365000,5.94,5.6,6.851035
347565,11,Walking,2074632365000,5.94,5.6,6.851035
347567,11,Walking,2074732249000,2.91,12.41,4.6036777
347568,11,Walking,2074782390000,3.45,11.65,4.4810944
347569,11,Walking,2074782390000,3.45,11.65,4.4810944
347570,11,Walking,2074843577000,7.78,10.15,-1.1168685
347571,11,Walking,2074892223000,5.01,8.05,-0.88532263
347572,11,Walking,2074943431000,9.34,9.28,0.7218784
347573,11,Walking,2074992229000,8.73,5.83,0.88532263
347574,11,Walking,2075042247000,3.79,3.34,0.08172209
347575,11,Walking,2075093700000,2.3,3.34,0.50395286
347576,11,Walking,2075142253000,5.09,6.51,1.1849703
347577,11,Walking,2075193553000,7.78,15.83,8.349273
347578,11,Walking,2075245402000,6.36,9.58,2.9147543999999996
347579,11,Walking,2075302318000,11.37,8.96,1.607201
347580,11,Walking,2075352275000,8.62,9.47,-1.6480621
347581,11,Walking,2075402293000,5.79,8.35,-0.7627395
347582,11,Walking,2075452281000,4.52,11.69,-2.6423476000000004
347583,11,Walking,2075502269000,3.38,6.85,-1.2258313
347584,11,Walking,2075552287000,2.72,3.99,-0.61291564
347585,11,Walking,2075602275000,4.14,4.06,1.1168685
347586,11,Walking,2075652263000,5.71,6.21,2.2609777
347587,11,Walking,2075702342000,4.48,6.28,8.117727
347588,11,Walking,2075752269000,-1.61,12.64,10.501288
347589,11,Walking,2075802318000,2.76,10.23,2.152015
347590,11,Walking,2075852275000,8.66,12.76,3.7592160000000003
347591,11,Walking,2075902263000,6.17,8.66,-0.95342433
347592,11,Walking,2075952281000,7.21,8.58,-1.4165162
347593,11,Walking,2076002269000,10.84,9.11,1.1168685
347594,11,Walking,2076052287000,6.89,4.33,0.46309182
347595,11,Walking,2076102306000,2.41,2.22,-0.14982383
347596,11,Walking,2076152263000,2.87,3.57,-0.27240697
347597,11,Walking,2076202312000,7.97,9.66,0.53119355
347598,11,Walking,2076252269000,7.06,12.6,13.797412
347599,11,Walking,2076302348000,9.11,10.53,1.2258313
347600,11,Walking,2076352275000,12.53,13.18,-1.4573771999999998
347601,11,Walking,2076402293000,6.7,7.4,-1.56634
347602,11,Walking,2076452281000,5.48,6.66,-1.4982381999999999
347603,11,Walking,2076502269000,5.13,10.34,-0.9942854
347604,11,Walking,2076552287000,3.68,7.08,-1.334794
347605,11,Walking,2076602275000,2.15,3.38,-0.27240697
347606,11,Walking,2076652263000,1.8,3.15,-0.53119355
347607,11,Walking,2076702312000,4.56,6.82,-0.7627395
347608,11,Walking,2076752269000,9.89,9.34,6.5105260000000005
347609,11,Walking,2076802287000,1.18,10.34,13.375181
347610,11,Walking,2076852275000,5.6,9.72,0.6537767
347611,11,Walking,2076902324000,8.43,13.38,1.3756552
347612,11,Walking,2076952312000,5.01,7.5,-2.4108016
347613,11,Walking,2077002299000,8.05,8.47,-0.040861044
347614,11,Walking,2077052287000,7.7,5.67,-0.29964766
347615,11,Walking,2077102275000,3.99,3.26,-0.29964766
