,user,label,timestamp,x,y,z
349032,11,Walking,2231772288000,-4.71,3.41,2.0294318
349034,11,Walking,2231832469000,-3.91,4.63,-0.23154591
349033,11,Walking,2231832469000,-3.91,4.63,-0.23154591
349035,11,Walking,2231895549000,-7.55,3.83,0.7627395
349036,11,Walking,2231952891000,-9.66,5.33,3.5957718
349037,11,Walking,2232002574000,-9.08,7.4,4.3312707
349038,11,Walking,2232052501000,-10.46,7.63,3.7864565999999997
349039,11,Walking,2232114665000,-12.72,2.22,4.944186
349040,11,Walking,2232172465000,-9.43,1.8,3.5957718
349041,11,Walking,2232232310000,-5.79,3.26,2.7921712000000003
349043,11,Walking,2232282451000,-4.29,4.18,1.9477096999999999
349042,11,Walking,2232282451000,-4.29,4.18,1.9477096999999999
349044,11,Walking,2232346965000,-4.75,6.02,0.61291564
349045,11,Walking,2232403941000,-7.86,5.52,0.95342433
349046,11,Walking,2232462321000,-10.5,6.51,2.6832085
349047,11,Walking,2232512340000,-11.45,6.55,3.1463002999999996
349048,11,Walking,2232565379000,-12.72,6.17,3.2552630000000002
349049,11,Walking,2232623515000,-9.15,2.64,4.099725
349050,11,Walking,2232682353000,-6.43,4.25,-0.3405087
349051,11,Walking,2232732310000,-7.86,2.37,1.2258313
349052,11,Walking,2232785228000,-7.4,3.99,2.7921712000000003
349053,11,Walking,2232785228000,-7.4,3.99,2.7921712000000003
349054,11,Walking,2232845317000,-5.2,4.94,0.84446156
349055,11,Walking,2232902324000,-6.55,5.18,1.7978859
349056,11,Walking,2232952342000,-7.78,4.86,3.9499009
349057,11,Walking,2233005107000,-7.65,6.32,4.140586
349058,11,Walking,2233063365000,-8.88,7.78,3.9090397000000006
349059,11,Walking,2233122234000,-12.03,5.18,5.012288
349060,11,Walking,2233172313000,-10.0,3.21,2.9556155
349061,11,Walking,2233232402000,-7.59,3.26,2.5606253
349062,11,Walking,2233232402000,-7.59,3.26,2.5606253
349063,11,Walking,2233295726000,-5.86,3.38,3.8273177000000005
349064,11,Walking,2233352702000,-4.21,5.01,1.6889231
349065,11,Walking,2233402354000,-4.94,6.32,0.61291564
349066,11,Walking,2233452495000,-7.46,5.86,1.3756552
349067,11,Walking,2233514598000,-10.69,6.82,2.982856
349068,11,Walking,2233572459000,-12.53,7.25,4.099725
349069,11,Walking,2233632304000,-12.56,4.18,4.1814466
349071,11,Walking,2233682445000,-7.31,3.76,0.8036005
349070,11,Walking,2233682445000,-7.31,3.76,0.8036005
349072,11,Walking,2233746348000,-6.02,2.91,-1.2258313
349073,11,Walking,2233803935000,-8.08,2.07,2.6014863999999998
349074,11,Walking,2233862285000,-6.4,4.63,2.4925237
349075,11,Walking,2233912303000,-5.67,5.48,0.8036005
349076,11,Walking,2233965160000,-7.74,5.41,2.0294318
349077,11,Walking,2234023387000,-9.19,5.94,3.1463002999999996
349078,11,Walking,2234082347000,-9.77,6.7,4.290409599999999
349079,11,Walking,2234132304000,-11.54,6.28,4.671779
349080,11,Walking,2234192393000,-10.88,1.73,4.5628166
349081,11,Walking,2234192393000,-10.88,1.73,4.5628166
349082,11,Walking,2234254588000,-7.46,2.11,2.4925237
349083,11,Walking,2234312816000,-5.79,3.26,3.214402
349084,11,Walking,2234362315000,-4.82,3.95,2.7649305
349085,11,Walking,2234412456000,-4.79,5.28,1.4982381999999999
349086,11,Walking,2234474559000,-7.01,5.9,1.2258313
349087,11,Walking,2234532420000,-10.11,5.79,3.336985
349088,11,Walking,2234597118000,-11.45,7.16,3.8273177000000005
349089,11,Walking,2234597118000,-11.45,7.16,3.8273177000000005
349090,11,Walking,2234652263000,-12.87,5.41,2.6014863999999998
349091,11,Walking,2234705485000,-10.5,2.68,2.7649305
349092,11,Walking,2234763194000,-7.16,2.49,-0.3405087
349093,11,Walking,2234822246000,-6.63,1.92,2.6423476000000004
349094,11,Walking,2234872295000,-4.44,3.87,2.6832085
349095,11,Walking,2234925212000,-4.21,4.56,1.8387468999999996
349097,11,Walking,2234983806000,-7.74,5.86,3.7864565999999997
349096,11,Walking,2234983806000,-7.74,5.86,3.7864565999999997
349098,11,Walking,2235042247000,-10.95,5.41,6.0474343
349099,11,Walking,2235102336000,-10.88,7.16,5.8976107
349100,11,Walking,2235152476000,-11.56,2.34,6.238119
349101,11,Walking,2235214641000,-8.96,0.61,2.4108016
349102,11,Walking,2235272807000,-7.08,1.99,3.1054392
349103,11,Walking,2235332286000,-5.13,2.98,3.6774937999999993
349104,11,Walking,2235382243000,-3.57,4.94,1.1849703
349105,11,Walking,2235382243000,-3.57,4.94,1.1849703
349106,11,Walking,2235443462000,-4.94,6.32,0.38136974
349107,11,Walking,2235504588000,-10.8,5.67,2.1111538
349108,11,Walking,2235562358000,-14.56,6.7,2.8738932999999998
349109,11,Walking,2235612315000,-14.63,2.76,1.9477096999999999
349110,11,Walking,2235665507000,-9.77,1.23,1.9204689999999998
349111,11,Walking,2235723857000,-6.7,2.18,-0.14982383
349112,11,Walking,2235782237000,-7.59,2.18,3.4459480000000005
349113,11,Walking,2235832317000,-5.75,3.83,3.336985
349114,11,Walking,2235885173000,-5.18,4.63,1.4982381999999999
349115,11,Walking,2235885173000,-5.18,4.63,1.4982381999999999
349116,11,Walking,2235944926000,-7.35,4.67,2.3018389
349117,11,Walking,2236002544000,-9.7,4.63,3.7592160000000003
349118,11,Walking,2236052348000,-9.89,6.02,3.7183550000000003
349119,11,Walking,2236112529000,-12.3,6.05,4.099725
349120,11,Walking,2236174602000,-12.95,1.08,4.671779
349121,11,Walking,2236232799000,-8.43,1.38,1.1168685
349122,11,Walking,2236282298000,-6.02,2.41,1.607201
349124,11,Walking,2236332469000,-5.01,3.45,1.56634
349123,11,Walking,2236332469000,-5.01,3.45,1.56634
349125,11,Walking,2236395549000,-4.63,5.13,0.6537767
349126,11,Walking,2236452708000,-7.31,5.71,0.38136974
349127,11,Walking,2236502330000,-11.33,6.02,1.7570249
349128,11,Walking,2236552501000,-12.91,5.6,1.9885708
349129,11,Walking,2236614604000,-13.33,6.02,0.88532263
349130,11,Walking,2236672374000,-10.69,1.76,2.7649305
349131,11,Walking,2236722301000,-7.97,1.65,1.2666923
349132,11,Walking,2236772441000,-7.4,1.23,3.214402
349134,11,Walking,2236834605000,-5.67,3.41,3.6774937999999993
349133,11,Walking,2236834605000,-5.67,3.41,3.6774937999999993
349135,11,Walking,2236893504000,-5.01,5.13,2.0294318
349136,11,Walking,2236952342000,-6.97,5.63,2.4108016
349137,11,Walking,2237002483000,-9.47,5.83,3.1463002999999996
349138,11,Walking,2237065013000,-9.77,5.98,3.8273177000000005
349139,11,Walking,2237123454000,-10.11,6.97,3.4868089999999996
349140,11,Walking,2237182292000,-10.92,2.26,4.8216033
349142,11,Walking,2237232341000,-8.5,1.95,3.336985
349141,11,Walking,2237232341000,-8.5,1.95,3.336985
349143,11,Walking,2237292400000,-6.24,2.87,2.5333846
349144,11,Walking,2237354625000,-4.9,4.6,2.3426998
349145,11,Walking,2237412547000,-5.05,6.44,1.2666923
349146,11,Walking,2237462291000,-7.21,6.02,1.4982381999999999
349147,11,Walking,2237512462000,-10.15,5.13,1.8796080000000002
349148,11,Walking,2237574596000,-12.22,4.75,2.6832085
349149,11,Walking,2237632426000,-12.34,5.98,1.9204689999999998
349150,11,Walking,2237682292000,-9.92,2.49,3.0237172
349152,11,Walking,2237732432000,-8.12,2.87,0.14982383
349151,11,Walking,2237732432000,-8.12,2.87,0.14982383
349153,11,Walking,2237795604000,-8.5,0.84,1.56634
349154,11,Walking,2237852428000,-6.28,3.53,2.1111538
349155,11,Walking,2237902324000,-5.6,4.99,0.8036005
349156,11,Walking,2237952495000,-7.55,4.79,1.7978859
349157,11,Walking,2238014567000,-9.43,5.01,2.9147543999999996
349158,11,Walking,2238072368000,-10.11,6.02,4.0588636
349159,11,Walking,2238122295000,-11.95,6.44,3.7864565999999997
349160,11,Walking,2238175639000,-13.1,0.99,4.6036777
349161,11,Walking,2238233897000,-8.88,0.11,1.1168685
349162,11,Walking,2238233897000,-8.88,0.11,1.1168685
349163,11,Walking,2238292247000,-6.74,1.88,0.9942854
349164,11,Walking,2238352275000,-6.24,3.57,2.070293
349165,11,Walking,2238402354000,-5.6,4.67,0.50395286
349166,11,Walking,2238464763000,-7.21,4.86,-0.46309182
349167,11,Walking,2238523082000,-10.38,4.94,0.08172209
349168,11,Walking,2238582286000,-11.84,5.83,0.08172209
349169,11,Walking,2238632335000,-14.18,5.48,0.14982383
349170,11,Walking,2238632335000,-14.18,5.48,0.14982383
349171,11,Walking,2238693584000,-12.49,0.8,1.8387468999999996
349172,11,Walking,2238754588000,-8.39,1.04,-1.3756552
349173,11,Walking,2238812480000,-8.12,-0.23,1.4165162
349174,11,Walking,2238862315000,-5.56,3.49,2.7649305
349175,11,Walking,2238912456000,-4.21,5.28,0.46309182
349176,11,Walking,2238974559000,-7.27,5.05,1.1168685
349177,11,Walking,2239032359000,-10.92,3.64,3.5276701
349178,11,Walking,2239082317000,-11.18,6.36,4.3312707
349180,11,Walking,2239135631000,-12.45,6.17,3.5685309999999997
349179,11,Walking,2239135631000,-12.45,6.17,3.5685309999999997
349181,11,Walking,2239195445000,-12.15,-0.04,4.2086873
349182,11,Walking,2239252391000,-8.01,1.18,1.3075534
349183,11,Walking,2239302348000,-6.13,2.6,2.070293
349184,11,Walking,2239355418000,-5.13,3.34,2.4108016
349185,11,Walking,2239413829000,-4.9,4.82,1.2258313
349186,11,Walking,2239472758000,-7.16,5.28,0.9942854
349187,11,Walking,2239522288000,-10.8,5.43,2.4516625
349188,11,Walking,2239592326000,-12.87,6.32,2.4516625
349189,11,Walking,2239642467000,-13.99,4.06,2.9556155
349190,11,Walking,2239642467000,-13.99,4.06,2.9556155
349191,11,Walking,2239702556000,-9.28,2.41,3.4459480000000005
349192,11,Walking,2239752269000,-6.17,2.83,-0.5720546
349193,11,Walking,2239802409000,-7.59,1.14,0.7218784
349194,11,Walking,2239864604000,-7.74,2.37,2.9556155
349195,11,Walking,2239922649000,-5.52,4.33,1.334794
349196,11,Walking,2239982249000,-7.16,4.79,2.152015
349197,11,Walking,2240032237000,-9.49,4.79,3.4868089999999996
349198,11,Walking,2240032237000,-9.49,4.79,3.4868089999999996
349199,11,Walking,2240092387000,-10.04,4.86,4.1814466
349200,11,Walking,2240154582000,-11.45,6.44,4.099725
349201,11,Walking,2240212382000,-12.18,1.65,4.630918
349202,11,Walking,2240272227000,-9.23,0.84,0.6537767
349203,11,Walking,2240322337000,-7.59,1.31,1.3075534
349204,11,Walking,2240385020000,-5.67,2.41,1.334794
349205,11,Walking,2240385020000,-5.67,2.41,1.334794
349206,11,Walking,2240444408000,-4.63,4.82,0.50395286
349207,11,Walking,2240502269000,-6.59,6.17,0.95342433
349208,11,Walking,2240552348000,-10.61,5.79,2.4516625
349209,11,Walking,2240612407000,-13.17,5.33,2.1111538
349210,11,Walking,2240674602000,-14.06,5.05,0.7627395
349211,11,Walking,2240732524000,-10.04,1.8,1.3075534
349212,11,Walking,2240782298000,-7.31,1.76,-1.4165162
349214,11,Walking,2240832439000,-8.27,0.5,1.6889231
349213,11,Walking,2240832439000,-8.27,0.5,1.6889231
349215,11,Walking,2240895549000,-6.28,2.98,3.3778462
349216,11,Walking,2240952586000,-4.79,5.33,1.2258313
349217,11,Walking,2241002330000,-7.82,5.37,2.5606253
349218,11,Walking,2241052592000,-9.66,4.86,4.0588636
349219,11,Walking,2241114604000,-10.04,6.66,3.5276701
349220,11,Walking,2241172404000,-12.03,6.21,3.6366330000000002
349221,11,Walking,2241232310000,-11.6,1.92,4.3312707
349222,11,Walking,2241282420000,-8.27,1.76,1.1441092
349223,11,Walking,2241282420000,-8.27,1.76,1.1441092
349224,11,Walking,2241346019000,-6.82,2.26,2.4108016
349225,11,Walking,2241403850000,-5.37,4.1,2.9556155
349226,11,Walking,2241462260000,-4.99,5.75,1.334794
349227,11,Walking,2241512309000,-7.16,5.52,1.3075534
349228,11,Walking,2241572398000,-10.19,6.24,2.0294318
349229,11,Walking,2241634593000,-12.11,5.41,2.8330324
349230,11,Walking,2241634593000,-12.11,5.41,2.8330324
349231,11,Walking,2241693675000,-12.6,4.71,3.4459480000000005
