,user,label,timestamp,x,y,z
621460,12,Walking,17227835061000,-2.11,0.57,-0.57
621461,12,Walking,17227872048000,-2.26,0.11,0.0
621462,12,Walking,17227911446000,-7.35,-3.49,8.81
621463,12,Walking,17227951669000,-18.2,-17.2,15.4
621464,12,Walking,17228031503000,-8.39,-1.73,4.63
621465,12,Walking,17228072152000,-15.43,-0.15,5.98
621466,12,Walking,17228111520000,-5.37,-4.86,-4.06
621467,12,Walking,17228151528000,-9.77,-5.09,-2.72
621468,12,Walking,17228231667000,-12.26,0.93,-4.18
621469,12,Walking,17228271523000,-8.85,5.94,-3.11
621470,12,Walking,17228311410000,-7.78,5.01,-1.23
621471,12,Walking,17228351418000,-8.05,0.34,4.44
621472,12,Walking,17228431588000,-8.96,0.34,-0.57
621473,12,Walking,17228471474000,-9.51,-0.04,1.14
621474,12,Walking,17228511483000,-11.8,0.72,3.06
621475,12,Walking,17228551492000,-14.06,5.94,1.84
621476,12,Walking,17228631539000,-12.87,1.33,7.01
621477,12,Walking,17228671456000,-15.47,1.69,-0.89
621478,12,Walking,17228711495000,-19.42,0.57,-3.41
621479,12,Walking,17228751656000,-16.78,-4.67,-4.75
621480,12,Walking,17228836709000,-9.19,-2.83,-0.65
621481,12,Walking,17228836709000,-9.19,-2.83,-0.65
621482,12,Walking,17228995705000,-3.34,-1.42,0.42
621483,12,Walking,17228995705000,-3.34,-1.42,0.42
621484,12,Walking,17229031380000,-6.02,-1.5,8.2
621485,12,Walking,17229072579000,-16.21,-11.3,15.98
621486,12,Walking,17229112374000,-13.72,-6.97,9.58
621487,12,Walking,17229151284000,-3.91,-2.83,3.87
621488,12,Walking,17229231484000,-11.73,-5.13,0.8
621489,12,Walking,17229271554000,-4.79,-3.41,-1.54
621490,12,Walking,17229311562000,-11.8,-4.4,-2.83
621491,12,Walking,17229352151000,-16.63,-0.42,-6.32
621492,12,Walking,17229431618000,-8.66,3.99,0.23
621493,12,Walking,17229471474000,-8.92,-0.19,6.13
621494,12,Walking,17229511514000,-8.5,-0.46,1.12
621495,12,Walking,17229551522000,-8.54,-0.34,-0.27
621496,12,Walking,17229631478000,-11.11,-1.23,1.84
621497,12,Walking,17229672311000,-11.88,2.96,2.37
621498,12,Walking,17229711465000,-13.25,5.09,3.11
621499,12,Walking,17229751504000,-11.88,5.37,6.93
621500,12,Walking,17229831643000,-17.24,1.14,-3.02
621501,12,Walking,17229871499000,-19.27,-1.99,-4.63
621502,12,Walking,17229911629000,-14.02,-5.28,-3.49
621503,12,Walking,17229951638000,-9.38,-3.68,-1.14
621504,12,Walking,17230031655000,-8.85,2.64,-2.87
621505,12,Walking,17230072243000,-5.01,0.99,-2.22
621506,12,Walking,17230111672000,-3.38,-0.8,-0.89
621507,12,Walking,17230151528000,-3.45,-1.5,1.42
621508,12,Walking,17230231484000,-16.17,-11.92,15.94
621509,12,Walking,17230271523000,-9.47,-3.91,4.33
621510,12,Walking,17230311471000,-6.17,-2.87,3.15
621511,12,Walking,17230351449000,-16.93,-5.43,8.16
621512,12,Walking,17230431496000,-7.12,-3.11,-4.75
621513,12,Walking,17230472146000,-16.78,-1.46,-5.67
621514,12,Walking,17230511697000,-13.91,4.75,-1.33
621515,12,Walking,17230551492000,-7.93,4.79,2.34
621516,12,Walking,17230631509000,-8.66,-0.76,0.53
621517,12,Walking,17230671609000,-8.81,-1.12,0.04
621518,12,Walking,17230711495000,-9.47,-0.38,-0.31
621519,12,Walking,17230751504000,-9.77,-0.57,0.99
621520,12,Walking,17230831521000,-12.64,2.68,0.91
621521,12,Walking,17230871774000,-12.98,5.37,4.44
621522,12,Walking,17230911507000,-13.82,5.52,5.6
621523,12,Walking,17230951546000,-12.6,1.31,2.37
621524,12,Walking,17231031503000,-18.47,-2.18,-3.64
621525,12,Walking,17231071450000,-12.76,-4.1,-2.18
621526,12,Walking,17231111886000,-9.0,-3.34,-1.54
621527,12,Walking,17231151650000,-8.73,-1.18,-1.5
621528,12,Walking,17231231484000,-5.22,1.73,-2.64
621529,12,Walking,17231271523000,-3.06,-1.65,-1.08
621530,12,Walking,17231311440000,-3.11,-1.92,4.25
621531,12,Walking,17231351632000,-12.03,-9.08,12.87
621532,12,Walking,17231431466000,-5.18,-1.99,4.71
621533,12,Walking,17231472146000,-9.43,-1.18,4.33
621534,12,Walking,17231511544000,-18.01,-4.99,4.9
621535,12,Walking,17231551522000,-7.31,-4.33,-5.41
621536,12,Walking,17231631661000,-13.18,-1.88,-6.21
621537,12,Walking,17231672189000,-11.92,2.07,-5.33
621538,12,Walking,17231711495000,-9.66,3.91,-1.5
621539,12,Walking,17231751504000,-7.74,1.92,4.99
621540,12,Walking,17231831460000,-7.78,0.5,-0.34
621541,12,Walking,17231873544000,-9.66,0.23,-0.27
621542,12,Walking,17231922463000,-9.96,-0.61,1.38
621543,12,Walking,17231962075000,-12.37,3.49,0.61
621544,12,Walking,17232002938000,-12.18,6.28,3.87
621545,12,Walking,17232081643000,-13.95,2.22,1.18
621546,12,Walking,17232121651000,-17.67,-0.15,-3.26
621547,12,Walking,17232161507000,-18.96,-4.44,-3.3
621548,12,Walking,17232211465000,-11.35,-5.67,-3.34
621549,12,Walking,17232251504000,-8.58,-3.76,-0.99
621550,12,Walking,17232331612000,-7.27,5.18,-2.91
621551,12,Walking,17232372689000,-3.41,-0.99,-1.46
621552,12,Walking,17232411446000,-2.45,-2.07,-1.61
621553,12,Walking,17232451669000,-4.02,1.42,5.48
621554,12,Walking,17232501626000,-17.35,-14.02,16.78
621555,12,Walking,17232581521000,-4.82,-1.61,1.57
621556,12,Walking,17232621529000,-15.55,-3.53,9.19
621557,12,Walking,17232661599000,-9.77,-5.94,-2.18
621558,12,Walking,17232701699000,-6.55,-4.37,-2.53
621559,12,Walking,17232781503000,-14.75,-0.11,-5.56
621560,12,Walking,17232821572000,-9.51,5.37,-4.82
621561,12,Walking,17232861581000,-7.4,5.09,-3.68
621562,12,Walking,17232901528000,-7.82,2.15,0.0
621563,12,Walking,17232985024000,-11.6,-1.5,2.45
621564,12,Walking,17233022408000,-10.57,-1.42,2.45
621565,12,Walking,17233141305000,-12.45,4.48,2.53
621566,12,Walking,17233141305000,-12.45,4.48,2.53
621567,12,Walking,17233181954000,-13.95,7.31,4.56
621568,12,Walking,17233223672000,-14.52,2.56,0.38
621569,12,Walking,17233261544000,-17.69,0.84,-2.79
621570,12,Walking,17233301736000,-19.08,-2.41,-3.57
621571,12,Walking,17233361489000,-9.96,-5.98,-3.02
621572,12,Walking,17233401681000,-7.59,-3.45,-0.8
621573,12,Walking,17233481515000,-6.74,5.41,-2.53
621574,12,Walking,17233521523000,-2.79,-0.72,-1.04
621575,12,Walking,17233561623000,-2.11,-1.69,0.38
621576,12,Walking,17233601571000,-7.74,-2.83,10.42
621577,12,Walking,17233681496000,-12.45,-5.56,8.69
621578,12,Walking,17233721505000,-5.71,-1.46,3.26
621579,12,Walking,17233761514000,-17.12,-0.91,7.97
621580,12,Walking,17233801583000,-5.01,-5.43,-4.9
621581,12,Walking,17233881509000,-14.44,-4.56,-4.18
621582,12,Walking,17233923531000,-13.1,-0.11,-5.37
621583,12,Walking,17233961526000,-10.34,5.01,-3.91
621584,12,Walking,17234001809000,-7.78,5.6,0.19
621585,12,Walking,17234081521000,-9.62,0.0,0.84
621586,12,Walking,17234121712000,-9.23,0.23,-0.19
621587,12,Walking,17234161507000,-8.28,-0.04,0.84
621588,12,Walking,17234201638000,-10.57,0.46,1.27
621589,12,Walking,17234281625000,-11.65,5.75,5.13
621590,12,Walking,17234321694000,-13.99,3.02,5.52
621591,12,Walking,17234361611000,-15.24,2.68,0.23
621592,12,Walking,17234401711000,-17.69,0.34,-3.11
621593,12,Walking,17234481606000,-11.6,-6.7,-2.22
621594,12,Walking,17234521554000,-9.08,-5.28,-1.99
621595,12,Walking,17234561654000,-8.12,-1.57,-2.64
621596,12,Walking,17234601662000,-7.21,4.44,-0.57
621597,12,Walking,17234681496000,-2.98,-2.03,-1.73
621598,12,Walking,17234721597000,-2.6,0.31,2.07
621599,12,Walking,17234761666000,-13.87,-9.77,16.63
621600,12,Walking,17234801583000,-17.77,-13.59,10.57
621601,12,Walking,17234882577000,-10.95,-0.19,6.36
621602,12,Walking,17234921670000,-14.79,-4.67,2.26
621603,12,Walking,17234961648000,-4.94,-4.48,-4.14
621604,12,Walking,17235001626000,-10.76,-1.69,-5.98
621605,12,Walking,17235082162000,-11.07,3.87,-4.48
621606,12,Walking,17235121499000,-9.08,4.67,-0.72
621607,12,Walking,17235161507000,-7.86,2.15,5.13
621608,12,Walking,17235201607000,-8.58,0.53,0.42
621609,12,Walking,17235281625000,-9.04,0.15,0.76
621610,12,Walking,17235321572000,-10.73,-0.34,0.8
621611,12,Walking,17235361581000,-11.11,1.65,0.15
621612,12,Walking,17235401559000,-13.72,4.86,2.11
621613,12,Walking,17235481515000,-14.18,2.18,2.3
621614,12,Walking,17235521645000,-18.31,0.72,-2.96
621615,12,Walking,17235561623000,-18.89,-3.72,-3.79
621616,12,Walking,17235603310000,-12.87,-5.98,-3.45
621617,12,Walking,17235681649000,-8.28,-1.42,-1.54
621618,12,Walking,17235721505000,-8.5,3.38,-2.87
621619,12,Walking,17235761666000,-3.72,2.41,-0.95
621620,12,Walking,17235801583000,-3.76,-1.99,-1.73
621621,12,Walking,17235882912000,-11.11,-6.7,14.94
621622,12,Walking,17235921639000,-18.09,-15.4,14.37
621623,12,Walking,17235978524000,-10.34,-4.18,1.76
621624,12,Walking,17236021523000,-14.14,-3.3,6.32
621625,12,Walking,17236061776000,-1.08,-1.84,-5.28
621626,12,Walking,17236101571000,-6.24,-3.53,-1.23
621627,12,Walking,17236141549000,-17.2,-4.59,-5.98
621628,12,Walking,17236231423000,-8.35,8.77,-2.37
621629,12,Walking,17236271584000,-8.24,3.02,1.95
621630,12,Walking,17236311501000,-9.3,-1.65,4.56
621631,12,Walking,17236351571000,-10.27,-0.95,0.53
621632,12,Walking,17236431466000,-9.66,-1.95,2.34
621633,12,Walking,17236472146000,-11.41,0.69,2.56
621634,12,Walking,17236511514000,-13.76,4.02,2.3
621635,12,Walking,17236551766000,-12.64,6.82,6.32
621636,12,Walking,17236631539000,-16.55,1.5,-1.76
621637,12,Walking,17236672341000,-18.85,-1.31,-3.64
621638,12,Walking,17236711495000,-15.94,-4.25,-2.96
621639,12,Walking,17236751412000,-10.46,-4.56,-2.45
621640,12,Walking,17236831643000,-8.62,1.46,-3.57
621641,12,Walking,17236872231000,-5.37,2.68,-0.89
621642,12,Walking,17236911507000,-3.41,0.72,-0.69
621643,12,Walking,17236951485000,-3.02,-1.04,-1.18
621644,12,Walking,17237031503000,-18.35,-14.52,17.62
621645,12,Walking,17237071511000,-11.73,-5.79,3.3
621646,12,Walking,17237111489000,-5.9,-1.73,3.17
621647,12,Walking,17237151437000,-17.2,-1.53,8.77
621648,12,Walking,17237231515000,-6.93,-4.99,-1.76
621649,12,Walking,17237271523000,-13.33,-4.44,-4.56
621650,12,Walking,17237311501000,-13.48,1.57,-8.16
621651,12,Walking,17237354440000,-9.28,7.44,-3.79
621652,12,Walking,17237431771000,-8.12,-1.04,6.21
621653,12,Walking,17237471505000,-10.42,-0.42,1.84
621654,12,Walking,17237511544000,-9.38,0.27,-0.34
621655,12,Walking,17237551461000,-9.58,0.0,1.33
621656,12,Walking,17237631509000,-12.68,3.68,0.53
621657,12,Walking,17237672158000,-11.45,4.9,3.87
621658,12,Walking,17237711526000,-13.06,3.76,6.24
621659,12,Walking,17237751534000,-13.44,1.46,3.02
