,user,label,timestamp,x,y,z
629644,12,Walking,17804641640000,-3.95,18.01,-5.52
629645,12,Walking,17804681496000,-7.08,9.38,-4.18
629646,12,Walking,17804761666000,6.85,3.57,-5.63
629647,12,Walking,17804801522000,2.98,6.05,0.57
629648,12,Walking,17804841653000,-0.65,0.53,-1.92
629649,12,Walking,17804881631000,-3.17,0.34,0.53
629650,12,Walking,17804961831000,-16.89,17.77,12.79
629651,12,Walking,17805001534000,-9.11,5.33,-0.15
629652,12,Walking,17805043862000,-5.43,9.28,2.37
629653,12,Walking,17805082680000,-2.6,7.4,-1.08
629654,12,Walking,17805161507000,-3.06,17.73,-6.02
629655,12,Walking,17805201516000,2.49,11.56,-5.09
629656,12,Walking,17805241708000,4.1,4.52,-3.53
629657,12,Walking,17805281564000,2.72,6.32,-1.61
629658,12,Walking,17805351388000,-2.91,8.35,3.36
629659,12,Walking,17805392586000,-1.42,8.08,3.64
629660,12,Walking,17805431435000,-0.84,7.74,3.15
629661,12,Walking,17805511514000,7.55,13.33,1.76
629662,12,Walking,17805552377000,2.34,13.1,5.18
629663,12,Walking,17805591409000,0.0,13.87,2.87
629664,12,Walking,17805631417000,0.91,16.86,-3.57
629665,12,Walking,17805711404000,-7.97,11.5,-6.47
629666,12,Walking,17805751412000,-3.11,5.28,-5.48
629667,12,Walking,17805791299000,1.61,3.68,-1.12
629668,12,Walking,17805841409000,5.75,4.75,-1.65
629669,12,Walking,17805881448000,1.04,2.6,-2.6
629670,12,Walking,17805961709000,-10.12,6.09,4.4
629671,12,Walking,17806002785000,-17.73,18.54,8.92
629672,12,Walking,17806041512000,-7.74,6.4,6.59
629673,12,Walking,17806082772000,-0.99,6.17,6.63
629674,12,Walking,17806161446000,-4.1,11.6,-3.76
629675,12,Walking,17806201485000,-2.96,10.73,-5.01
629676,12,Walking,17806241433000,0.61,10.38,-5.56
629677,12,Walking,17806281380000,3.53,6.24,-7.06
629678,12,Walking,17806361642000,1.73,7.97,0.8
629679,12,Walking,17806401650000,-4.21,7.86,9.92
629680,12,Walking,17806441506000,-0.23,7.89,0.38
629681,12,Walking,17806481576000,-0.8,8.2,0.95
629682,12,Walking,17806561684000,5.52,12.37,2.45
629683,12,Walking,17806601540000,-0.61,10.99,7.78
629684,12,Walking,17806641518000,2.3,17.92,1.12
629685,12,Walking,17806681649000,1.42,18.28,-6.09
629686,12,Walking,17806761666000,-7.67,9.23,-4.9
629687,12,Walking,17806801522000,-3.15,5.52,-2.41
629688,12,Walking,17806841622000,3.57,3.02,-3.91
629689,12,Walking,17806881875000,5.2,4.21,-1.33
629690,12,Walking,17806961404000,-2.34,-0.3,2.34
629691,12,Walking,17807001534000,-11.41,6.78,6.55
629692,12,Walking,17807056496000,-14.06,16.04,8.58
629693,12,Walking,17807114053000,-4.33,5.98,6.36
629694,12,Walking,17807161324000,-2.72,10.15,-2.56
629695,12,Walking,17807204476000,-3.3,8.16,-2.37
629696,12,Walking,17807244515000,-3.76,12.57,-4.63
629697,12,Walking,17807281472000,0.8,13.44,-6.55
629698,12,Walking,17807361550000,2.72,6.21,-2.98
629699,12,Walking,17807403176000,0.8,7.21,0.34
629700,12,Walking,17807441628000,-2.15,7.25,7.04
629701,12,Walking,17807481576000,0.23,8.24,1.31
629702,12,Walking,17807561745000,2.87,10.88,2.18
629703,12,Walking,17807602517000,7.01,12.26,0.57
629704,12,Walking,17807641640000,1.57,11.54,4.25
629705,12,Walking,17807681649000,0.0,14.48,4.37
629706,12,Walking,17807761544000,-1.27,19.38,-5.83
629707,12,Walking,17807801644000,-8.12,12.76,-5.09
629708,12,Walking,17807841531000,-5.05,6.13,-5.22
629709,12,Walking,17807881661000,1.53,3.15,-3.64
629710,12,Walking,17807961648000,1.76,3.57,-2.87
629711,12,Walking,17808001839000,-1.57,0.23,-2.07
629712,12,Walking,17808041726000,-3.99,2.45,7.08
629713,12,Walking,17808081551000,-15.05,12.95,9.15
629714,12,Walking,17808161568000,-5.94,4.02,3.17
629715,12,Walking,17808201669000,-1.38,11.3,4.25
629716,12,Walking,17808241555000,-2.72,6.55,-2.34
629717,12,Walking,17808281655000,-3.21,10.19,-3.3
629718,12,Walking,17808321633000,-1.84,15.94,-6.36
629719,12,Walking,17808391701000,4.37,4.75,-4.4
629720,12,Walking,17808431466000,2.56,7.06,-2.03
629721,12,Walking,17808511636000,-1.88,7.74,4.06
629722,12,Walking,17808551522000,-0.46,9.15,0.42
629723,12,Walking,17808591592000,-2.15,9.23,5.28
629724,12,Walking,17808631631000,5.43,10.95,0.3
629725,12,Walking,17808711526000,-0.76,11.37,5.79
629726,12,Walking,17808751717000,0.46,13.82,3.34
629727,12,Walking,17808791634000,1.12,16.13,-4.6
629728,12,Walking,17808831582000,-2.45,18.39,-5.83
629729,12,Walking,17808911660000,-4.29,6.74,-3.79
629730,12,Walking,17808951607000,2.11,4.67,-2.56
629731,12,Walking,17808991647000,6.05,5.83,-1.38
629732,12,Walking,17809031869000,0.99,2.22,-2.07
629733,12,Walking,17809111489000,-5.09,3.6,6.21
629736,12,Walking,17809231301000,-3.68,3.95,6.24
629735,12,Walking,17809231301000,-3.68,3.95,6.24
629734,12,Walking,17809231301000,-3.68,3.95,6.24
629737,12,Walking,17809311623000,-3.45,10.8,-2.18
629738,12,Walking,17809356454000,-2.72,10.57,-4.99
629739,12,Walking,17809394906000,0.42,12.49,-6.36
629740,12,Walking,17809431435000,3.6,8.12,-4.37
629741,12,Walking,17809511605000,2.07,7.59,-0.65
629742,12,Walking,17809551614000,-2.15,7.82,6.24
629743,12,Walking,17809591622000,-1.23,8.66,1.69
629744,12,Walking,17809632851000,-2.22,8.12,3.34
629745,12,Walking,17809711495000,6.89,9.62,-0.23
629747,12,Walking,17809711495000,6.89,9.62,-0.23
629749,12,Walking,17809711495000,6.89,9.62,-0.23
629746,12,Walking,17809711495000,6.89,9.62,-0.23
629748,12,Walking,17809711495000,6.89,9.62,-0.23
629750,12,Walking,17809962258000,-6.36,8.01,-4.21
629751,12,Walking,17810001809000,-1.18,4.56,-4.44
629752,12,Walking,17810041604000,4.48,5.41,-0.61
629753,12,Walking,17810081582000,2.41,5.24,-1.08
629755,12,Walking,17810161507000,-1.42,1.42,1.14
629754,12,Walking,17810161507000,-1.42,1.42,1.14
629756,12,Walking,17810251076000,-15.4,17.77,10.8
629757,12,Walking,17810293374000,-6.74,3.53,1.8
629758,12,Walking,17810331368000,-4.9,11.18,0.11
629759,12,Walking,17810416024000,-1.69,11.54,-2.72
629760,12,Walking,17810455544000,0.65,17.27,-5.9
629761,12,Walking,17810499245000,4.94,7.74,-3.3
629762,12,Walking,17810541665000,3.21,6.36,-0.76
629763,12,Walking,17810581551000,-0.69,7.08,2.45
629764,12,Walking,17810661507000,-1.12,6.82,0.53
629765,12,Walking,17810702065000,-1.99,9.58,1.14
629766,12,Walking,17810741524000,0.08,10.5,6.28
629767,12,Walking,17810781533000,5.94,11.96,0.5
629768,12,Walking,17810862038000,0.0,11.73,4.86
629769,12,Walking,17810901681000,2.11,15.64,-1.84
629770,12,Walking,17810941659000,0.72,18.85,-5.9
629771,12,Walking,17810981576000,-5.63,15.28,-5.24
629772,12,Walking,17811062142000,1.61,3.79,-2.98
629773,12,Walking,17811107522000,4.1,5.28,-1.99
629774,12,Walking,17811144631000,1.27,3.41,-3.68
629775,12,Walking,17811181710000,-1.57,0.15,-0.95
629776,12,Walking,17811261666000,-15.64,13.76,8.31
629777,12,Walking,17811301675000,-11.22,14.79,8.47
629778,12,Walking,17811341500000,-4.44,0.42,4.14
629779,12,Walking,17811381570000,-0.93,8.39,1.99
629780,12,Walking,17811461709000,-3.21,10.38,-4.21
629781,12,Walking,17811501534000,-1.65,10.42,-5.67
629782,12,Walking,17811541543000,1.88,7.4,-5.83
629783,12,Walking,17811581673000,4.29,6.17,-4.86
629784,12,Walking,17811621590000,2.98,8.77,-0.5
629785,12,Walking,17811712197000,-1.12,8.5,2.03
629786,12,Walking,17811751565000,0.38,8.31,-1.57
629787,12,Walking,17811791512000,1.99,9.43,3.17
629788,12,Walking,17811848428000,6.28,12.87,1.57
629789,12,Walking,17811887704000,-0.31,10.88,2.07
629790,12,Walking,17811931588000,1.76,15.05,2.07
629791,12,Walking,17811984078000,0.69,18.73,-6.51
629793,12,Walking,17812062478000,-7.12,7.89,-3.76
629792,12,Walking,17812062478000,-7.12,7.89,-3.76
629794,12,Walking,17812161446000,4.94,4.94,-0.8
629795,12,Walking,17812202309000,1.14,3.06,-1.88
629796,12,Walking,17812241433000,-2.22,0.57,-1.14
629797,12,Walking,17812281533000,-6.97,3.34,6.85
629798,12,Walking,17812362344000,-10.73,13.63,6.89
629799,12,Walking,17812404397000,-5.24,3.76,4.75
629800,12,Walking,17812449227000,-3.53,10.53,-0.04
629801,12,Walking,17812493630000,-3.79,8.66,-2.91
629802,12,Walking,17812531655000,-2.53,12.3,-5.33
629803,12,Walking,17812611855000,4.79,5.6,-5.37
629804,12,Walking,17812661721000,2.34,7.08,-1.61
629805,12,Walking,17812661721000,2.34,7.08,-1.61
629806,12,Walking,17812726266000,-4.02,7.44,8.62
629807,12,Walking,17812811532000,-0.53,9.62,1.38
629808,12,Walking,17812852364000,4.52,10.65,2.96
629809,12,Walking,17812891335000,7.55,13.67,0.91
629810,12,Walking,17812931374000,1.88,12.26,4.75
629811,12,Walking,17813011300000,0.53,16.4,-4.14
629812,12,Walking,17813051492000,-1.54,19.34,-5.98
629813,12,Walking,17813091409000,-8.77,13.02,-5.43
629814,12,Walking,17813131387000,-5.79,5.37,-6.36
629815,12,Walking,17813171609000,0.84,2.41,-2.49
629816,12,Walking,17813253060000,1.33,2.72,-2.56
629817,12,Walking,17813294076000,-1.5,0.38,-1.76
629818,12,Walking,17813333871000,-5.79,4.56,9.3
629819,12,Walking,17813411813000,-11.45,11.73,3.3
629820,12,Walking,17813451455000,-7.63,7.86,6.55
629821,12,Walking,17813496774000,-1.54,8.31,-2.83
629822,12,Walking,17813535592000,-2.15,5.18,-1.8
629823,12,Walking,17813611520000,-1.23,16.74,-6.21
629824,12,Walking,17813651467000,2.64,8.24,-3.76
629825,12,Walking,17813691659000,3.83,4.79,-3.68
629826,12,Walking,17813736794000,3.06,7.67,-1.27
629827,12,Walking,17813774880000,-1.18,7.01,5.56
629828,12,Walking,17813861642000,-1.23,8.85,3.91
629829,12,Walking,17813901589000,3.83,10.42,1.31
629830,12,Walking,17813941506000,6.32,12.79,0.38
629831,12,Walking,17813981545000,-0.76,10.38,5.13
629832,12,Walking,17814061501000,2.79,19.04,-3.76
629833,12,Walking,17814101754000,-1.27,19.38,-5.75
629834,12,Walking,17814141518000,-7.74,13.18,-5.09
629835,12,Walking,17814181680000,-4.44,5.56,-4.25
629836,12,Walking,17814221566000,0.15,2.64,-3.15
629837,12,Walking,17814311501000,1.27,2.18,-1.76
629838,12,Walking,17814351540000,-1.8,-0.19,-0.19
629839,12,Walking,17814393807000,-8.28,4.75,7.59
629840,12,Walking,17814431496000,-17.43,17.16,9.58
629841,12,Walking,17814511514000,-3.3,7.5,7.08
629842,12,Walking,17814553262000,-3.95,10.88,-0.89
629843,12,Walking,17814591744000,-3.99,9.08,-2.49
