,user,label,timestamp,x,y,z
631244,12,Walking,17884661691000,-0.89,16.44,-7.08
631245,12,Walking,17884701760000,2.3,7.08,-3.91
631246,12,Walking,17884741524000,2.03,5.09,-1.92
631247,12,Walking,17884781960000,3.11,7.93,1.88
631248,12,Walking,17884861611000,0.15,7.31,-1.08
631249,12,Walking,17884901498000,-1.27,8.39,-0.57
631250,12,Walking,17884941903000,1.14,9.15,4.71
631251,12,Walking,17884981942000,7.25,12.34,1.23
631252,12,Walking,17885061745000,1.76,14.48,2.41
631253,12,Walking,17885101632000,-0.11,14.56,-3.95
631254,12,Walking,17885141518000,-2.76,19.42,-5.71
631255,12,Walking,17885181680000,-8.85,13.59,-5.63
631256,12,Walking,17885221535000,-6.24,6.97,-3.34
631257,12,Walking,17885312264000,6.47,3.72,1.53
631258,12,Walking,17885351510000,1.33,1.95,-2.79
631259,12,Walking,17885391640000,-1.27,-0.04,-1.57
631260,12,Walking,17885431496000,-7.27,3.87,8.96
631261,12,Walking,17885511514000,-7.4,9.3,1.08
631262,12,Walking,17885551522000,-5.67,7.93,4.86
631263,12,Walking,17885591683000,-3.49,8.5,-4.29
631264,12,Walking,17885631570000,-1.38,7.78,-1.84
631265,12,Walking,17885711953000,2.37,14.98,-5.52
631266,12,Walking,17885751809000,4.79,4.44,-3.26
631267,12,Walking,17885791634000,1.84,6.13,-1.12
631268,12,Walking,17885831582000,-2.11,7.5,6.78
631269,12,Walking,17885911507000,-0.11,6.66,-1.38
631270,12,Walking,17885951363000,-0.99,8.43,1.33
631271,12,Walking,17885991555000,2.56,10.42,5.43
631272,12,Walking,17886031655000,6.78,13.1,0.42
631273,12,Walking,17886111459000,1.33,14.79,0.72
631274,12,Walking,17886151498000,0.27,16.55,-5.05
631275,12,Walking,17886191598000,-4.06,19.34,-6.28
631276,12,Walking,17886231545000,-8.24,11.03,-5.79
631277,12,Walking,17886311501000,1.14,4.4,0.0
631278,12,Walking,17886352151000,6.85,1.61,-1.12
631279,12,Walking,17886391610000,2.03,4.18,-3.99
631280,12,Walking,17886431618000,-2.76,0.46,1.38
631281,12,Walking,17886511636000,-16.09,16.09,7.93
631282,12,Walking,17886551797000,-9.77,11.84,8.96
631283,12,Walking,17886591470000,-3.64,4.99,5.79
631284,12,Walking,17886631448000,-0.61,12.87,0.3
631285,12,Walking,17886711434000,-2.37,9.66,-4.1
631286,12,Walking,17886751687000,-1.8,15.85,-5.22
631287,12,Walking,17886792214000,2.07,7.7,-3.15
631288,12,Walking,17886831704000,2.96,5.37,-2.49
631289,12,Walking,17886911629000,-0.27,7.27,3.36
631290,12,Walking,17886952431000,-2.22,8.01,1.84
631291,12,Walking,17886991616000,-1.95,7.97,2.72
631292,12,Walking,17887033364000,0.8,9.11,3.79
631293,12,Walking,17887093362000,5.24,14.41,0.61
631294,12,Walking,17887132241000,2.49,13.02,3.64
631295,12,Walking,17887211434000,-0.61,16.66,-4.37
631296,12,Walking,17887251504000,-5.71,18.5,-6.55
631297,12,Walking,17887294808000,-7.01,8.81,-4.9
631298,12,Walking,17887339761000,-0.46,7.74,-2.34
631299,12,Walking,17887381600000,4.75,3.34,-0.38
631300,12,Walking,17887464272000,0.0,1.76,-3.17
631301,12,Walking,17887505593000,-1.95,1.31,1.8
631302,12,Walking,17887547280000,-10.19,7.01,10.38
631303,12,Walking,17887591744000,-14.33,17.54,9.04
631304,12,Walking,17887631631000,-5.56,5.09,3.91
631305,12,Walking,17887711495000,-2.07,4.94,-4.79
631306,12,Walking,17887751656000,-2.11,8.62,-3.21
631307,12,Walking,17887791848000,-0.76,18.2,-4.71
631308,12,Walking,17887831643000,2.26,11.45,-3.57
631309,12,Walking,17887911507000,1.23,5.6,0.15
631310,12,Walking,17887953927000,-0.19,6.82,3.72
631311,12,Walking,17887993722000,0.5,6.28,-0.5
631312,12,Walking,17888031655000,-1.54,7.86,-0.15
631313,12,Walking,17888111672000,5.01,11.5,3.3
631314,12,Walking,17888151528000,4.82,12.41,1.18
631315,12,Walking,17888191659000,-2.07,9.77,7.4
631316,12,Walking,17888231576000,2.41,15.98,1.95
631317,12,Walking,17888311593000,-3.11,18.66,-7.12
631318,12,Walking,17888351540000,-7.59,8.66,-6.21
631319,12,Walking,17888391610000,-3.06,4.82,-3.49
631320,12,Walking,17888431618000,2.87,3.6,0.23
631321,12,Walking,17888511666000,0.3,2.56,-3.02
631322,12,Walking,17888551858000,-3.34,0.27,0.53
631323,12,Walking,17888591683000,-8.89,6.66,5.09
631324,12,Walking,17888631509000,-17.5,17.86,13.29
631325,12,Walking,17888711739000,-1.69,8.89,7.63
631327,12,Walking,17888776467000,-3.57,7.86,-4.25
631326,12,Walking,17888776467000,-3.57,7.86,-4.25
631328,12,Walking,17888861703000,0.11,15.32,-5.75
631329,12,Walking,17888901406000,1.84,7.08,-1.99
631330,12,Walking,17888941445000,2.75,5.09,-1.31
631331,12,Walking,17888981484000,1.95,6.47,-1.23
631332,12,Walking,17889061379000,-0.76,8.24,0.89
631333,12,Walking,17889101388000,-1.88,9.08,2.49
631334,12,Walking,17889141335000,1.42,10.53,4.37
631335,12,Walking,17889181374000,7.16,11.37,0.27
631336,12,Walking,17889261483000,-2.22,10.38,7.01
631337,12,Walking,17889301400000,2.03,16.28,1.31
631338,12,Walking,17889343179000,1.46,18.81,-5.63
631339,12,Walking,17889381417000,-6.13,17.77,-6.36
631340,12,Walking,17889463570000,-2.03,5.05,-3.21
631341,12,Walking,17889510232000,5.71,4.4,-1.69
631342,12,Walking,17889551553000,2.91,3.72,-1.92
631343,12,Walking,17889591347000,-0.61,1.27,-2.07
631344,12,Walking,17889631478000,-3.6,1.18,3.76
631345,12,Walking,17889712106000,-12.95,16.44,8.12
631346,12,Walking,17889752084000,-7.08,8.39,5.41
631347,12,Walking,17889791482000,0.38,10.27,1.33
631348,12,Walking,17889831551000,-1.88,3.79,-3.45
631349,12,Walking,17889911629000,-2.91,15.66,-6.09
631350,12,Walking,17889951363000,1.69,9.96,-3.87
631351,12,Walking,17889991891000,5.33,4.25,-3.95
631352,12,Walking,17890031930000,4.1,6.63,1.99
631353,12,Walking,17890111489000,-0.53,8.08,-0.11
631354,12,Walking,17890151559000,-2.07,8.96,0.15
631355,12,Walking,17890191506000,-0.61,8.69,4.48
631356,12,Walking,17890231789000,7.5,13.29,2.07
631357,12,Walking,17890311684000,-0.61,11.37,5.6
631358,12,Walking,17890351540000,1.57,16.02,-3.11
631359,12,Walking,17890391579000,-1.57,18.77,-5.67
631360,12,Walking,17890433022000,-8.12,16.09,-6.28
631361,12,Walking,17890512948000,-1.12,6.17,-2.34
631362,12,Walking,17890551553000,3.72,4.33,-0.99
631363,12,Walking,17890591988000,4.56,2.68,-2.26
631364,12,Walking,17890631875000,0.5,2.22,-3.17
631365,12,Walking,17890711465000,-13.57,9.38,15.89
631366,12,Walking,17890751626000,-13.59,17.43,6.09
631367,12,Walking,17890791695000,-4.06,2.83,1.84
631368,12,Walking,17890831551000,-3.02,13.76,6.47
631369,12,Walking,17890911538000,-2.41,10.19,-6.05
631370,12,Walking,17890951669000,-0.84,14.14,-7.44
631371,12,Walking,17890991616000,1.57,8.89,-3.87
631372,12,Walking,17891031564000,1.99,5.52,-1.65
631373,12,Walking,17891111520000,0.46,7.74,4.99
631374,12,Walking,17891151498000,-0.99,7.89,3.36
631375,12,Walking,17891191506000,-0.84,8.12,0.91
631376,12,Walking,17891231667000,1.33,9.19,3.53
631377,12,Walking,17891311379000,1.5,11.73,2.22
631378,12,Walking,17891351601000,-2.72,7.7,7.44
631379,12,Walking,17891391579000,3.95,17.05,-0.89
631380,12,Walking,17891431618000,1.33,19.57,-4.86
631381,12,Walking,17891511452000,-6.78,5.83,-5.22
631382,12,Walking,17891553017000,-2.83,5.01,-2.45
631383,12,Walking,17891592232000,1.33,5.13,-0.42
631384,12,Walking,17891631570000,5.2,2.87,-4.1
631385,12,Walking,17891711739000,-0.5,2.3,1.8
631386,12,Walking,17891751961000,-14.48,9.58,13.53
631387,12,Walking,17891791665000,-12.37,15.7,7.78
631388,12,Walking,17891831918000,-4.82,5.6,2.45
631389,12,Walking,17892031441000,2.14,10.8,-4.14
631390,12,Walking,17892031441000,2.14,10.8,-4.14
631391,12,Walking,17892031441000,2.14,10.8,-4.14
631392,12,Walking,17892031441000,2.14,10.8,-4.14
631393,12,Walking,17892111733000,-0.61,7.63,4.82
631394,12,Walking,17892151528000,-1.5,7.78,3.64
631395,12,Walking,17892191689000,1.18,5.75,-0.76
631396,12,Walking,17892231606000,-0.23,7.7,-0.61
631397,12,Walking,17892311501000,4.71,10.31,4.86
631398,12,Walking,17892351479000,4.25,14.25,0.11
631399,12,Walking,17892391671000,0.57,11.69,4.06
631400,12,Walking,17892431557000,0.5,14.41,-0.19
631401,12,Walking,17892511544000,-5.37,17.35,-4.86
631402,12,Walking,17892551614000,-6.89,9.38,-4.75
631403,12,Walking,17892591500000,-2.79,5.94,-3.72
631404,12,Walking,17892631539000,2.22,3.38,-4.21
631405,12,Walking,17892711526000,0.89,1.84,-1.8
631406,12,Walking,17892751687000,0.04,1.54,-0.23
631407,12,Walking,17892791726000,-7.86,8.05,10.23
631408,12,Walking,17892831551000,-16.55,17.27,13.25
631409,12,Walking,17892911568000,-4.02,12.53,3.11
631410,12,Walking,17892951485000,-2.45,8.2,-2.96
631411,12,Walking,17892991647000,-2.72,7.4,-2.68
631412,12,Walking,17893031625000,-3.53,15.4,-4.99
631413,12,Walking,17893111581000,3.64,5.18,-4.06
631414,12,Walking,17893151681000,2.45,7.82,-1.57
631415,12,Walking,17893191842000,-2.18,6.85,8.31
631416,12,Walking,17893231362000,1.27,6.93,0.72
631417,12,Walking,17893311745000,-1.14,7.78,0.65
631418,12,Walking,17893351632000,2.34,10.5,5.28
631419,12,Walking,17893391549000,6.36,12.91,0.57
631420,12,Walking,17893441567000,-0.46,10.73,5.75
631421,12,Walking,17893481606000,3.45,15.43,-1.73
631422,12,Walking,17893561898000,-4.06,16.7,-4.18
631423,12,Walking,17893601632000,-6.78,12.22,-3.34
631424,12,Walking,17893641671000,-4.1,6.74,-3.64
631425,12,Walking,17893681680000,1.04,4.14,-1.54
631426,12,Walking,17893761514000,0.72,1.88,-2.18
631427,12,Walking,17893801492000,-1.23,-0.08,-1.5
631428,12,Walking,17893841531000,-8.2,5.71,9.58
631429,12,Walking,17893881661000,-16.28,16.13,13.82
631430,12,Walking,17893961495000,-6.09,9.28,6.17
631431,12,Walking,17894001778000,-2.68,9.77,-1.76
631432,12,Walking,17894041695000,-3.17,5.22,-2.26
631433,12,Walking,17894081490000,-2.91,10.92,-4.75
631434,12,Walking,17894161568000,4.71,7.44,-4.48
631435,12,Walking,17894203164000,4.14,5.67,0.42
631436,12,Walking,17894242318000,-0.23,7.35,7.59
631437,12,Walking,17894281472000,-0.69,7.08,1.38
631438,12,Walking,17894361947000,-0.31,8.96,0.19
631439,12,Walking,17894401528000,2.96,11.6,9.19
631440,12,Walking,17894441842000,5.33,14.37,0.34
631441,12,Walking,17894481759000,-0.8,8.92,2.18
631442,12,Walking,17894561868000,2.6,18.73,-4.67
631443,12,Walking,17894601907000,-2.11,18.24,-6.4
