,user,label,timestamp,x,y,z
632044,12,Walking,17924631448000,0.15,12.11,2.98
632045,12,Walking,17924711373000,2.3,17.35,-3.34
632046,12,Walking,17924751565000,-3.87,19.38,-7.25
632047,12,Walking,17924791634000,-7.89,10.15,-5.86
632048,12,Walking,17924831490000,-3.72,7.16,-2.41
632049,12,Walking,17924871529000,3.79,2.96,-5.83
632050,12,Walking,17924941506000,1.69,3.17,0.61
632051,12,Walking,17924981637000,-0.04,0.57,-1.04
632052,12,Walking,17925061532000,-17.05,14.82,8.16
632053,12,Walking,17925106606000,-11.96,13.1,6.66
632054,12,Walking,17925151803000,-3.41,5.67,5.71
632055,12,Walking,17925191476000,-3.15,11.45,1.46
632056,12,Walking,17925231637000,-3.06,8.2,-1.92
632057,12,Walking,17925311532000,-0.99,12.91,-4.67
632058,12,Walking,17925351632000,3.11,6.78,-4.4
632059,12,Walking,17925391427000,3.06,5.41,-3.41
632060,12,Walking,17925431435000,0.84,6.97,-0.15
632061,12,Walking,17925511514000,0.72,7.82,0.46
632062,12,Walking,17925551614000,-3.41,10.31,7.12
632063,12,Walking,17925591500000,-1.38,10.65,5.2
632064,12,Walking,17925631509000,5.79,11.11,1.69
632065,12,Walking,17925711495000,1.18,14.67,6.02
632066,12,Walking,17925751717000,2.18,16.4,-2.68
632067,12,Walking,17925791543000,-0.95,18.96,-4.79
632068,12,Walking,17925831612000,-5.56,13.29,-6.63
632069,12,Walking,17925911599000,-0.53,2.91,-2.91
632070,12,Walking,17925951669000,5.94,4.99,-4.79
632071,12,Walking,17925991647000,1.61,4.56,0.53
632072,12,Walking,17926031564000,-1.18,0.61,-0.89
632073,12,Walking,17926111520000,-14.6,12.57,6.32
632074,12,Walking,17926152077000,-15.05,15.79,8.81
632075,12,Walking,17926191476000,-4.79,2.49,3.45
632076,12,Walking,17926231576000,-0.38,12.6,3.02
632077,12,Walking,17926311593000,-3.95,8.73,-2.79
632078,12,Walking,17926351449000,-2.87,10.92,-3.76
632079,12,Walking,17926391579000,2.3,8.77,-5.63
632080,12,Walking,17926431557000,4.14,6.09,-4.86
632081,12,Walking,17926511422000,1.18,8.08,0.27
632082,12,Walking,17926551614000,-2.15,8.47,6.43
632083,12,Walking,17926591622000,-2.45,7.59,3.64
632084,12,Walking,17926631539000,0.95,8.85,1.84
632085,12,Walking,17926711434000,2.79,12.72,4.02
632086,12,Walking,17926751534000,-0.76,11.69,7.21
632087,12,Walking,17926791482000,3.57,17.05,-0.57
632088,12,Walking,17926831521000,-0.38,19.53,-5.05
632089,12,Walking,17926911599000,-6.13,8.05,-4.18
632090,12,Walking,17926951638000,-2.22,6.13,-3.21
632091,12,Walking,17926991494000,4.99,4.18,-7.59
632092,12,Walking,17927071389000,1.57,1.38,-1.18
632093,12,Walking,17927112435000,-3.06,-0.04,4.99
632094,12,Walking,17927151711000,-14.18,8.85,4.02
632095,12,Walking,17927191476000,-15.47,17.2,8.54
632096,12,Walking,17927231576000,-7.44,4.94,4.79
632097,12,Walking,17927311440000,-1.46,3.79,-3.3
632098,12,Walking,17927351632000,-4.44,7.35,-0.99
632099,12,Walking,17927391640000,-5.48,14.67,-4.52
632100,12,Walking,17927431588000,2.56,10.61,-7.7
632101,12,Walking,17927511514000,2.64,6.93,-1.27
632102,12,Walking,17927551675000,-0.42,8.28,6.7
632103,12,Walking,17927591531000,-2.72,7.82,5.41
632104,12,Walking,17927634255000,-0.23,7.86,0.04
632105,12,Walking,17927711526000,3.83,10.5,3.53
632106,12,Walking,17927751626000,5.33,13.18,2.18
632107,12,Walking,17927791543000,-1.33,12.49,8.88
632108,12,Walking,17927831582000,2.14,15.94,0.84
632109,12,Walking,17927911629000,-2.56,18.43,-5.22
632110,12,Walking,17927951638000,-7.01,10.46,-4.9
632111,12,Walking,17927991616000,-4.21,4.18,-3.64
632112,12,Walking,17928031564000,3.21,2.64,-7.01
632113,12,Walking,17928111489000,1.61,1.92,-1.65
632114,12,Walking,17928151528000,-2.34,-1.04,3.34
632115,12,Walking,17928191537000,-9.62,4.79,4.1
632116,12,Walking,17928232064000,-17.27,18.28,8.69
632117,12,Walking,17928311471000,-2.49,6.28,5.79
632118,12,Walking,17928351510000,-5.43,13.57,0.19
632119,12,Walking,17928397713000,-3.72,8.47,-2.26
632120,12,Walking,17928435708000,-3.45,9.77,-3.21
632121,12,Walking,17928511605000,3.36,6.63,-6.74
632122,12,Walking,17928551369000,1.95,5.48,-2.6
632123,12,Walking,17928594796000,0.27,6.93,0.8
632124,12,Walking,17928632699000,0.5,7.63,1.18
632125,12,Walking,17928672768000,-0.15,10.34,5.37
632126,12,Walking,17928753243000,3.21,10.08,-0.04
632127,12,Walking,17928791451000,4.4,12.22,-0.31
632128,12,Walking,17928831551000,3.21,13.53,4.44
632129,12,Walking,17928911385000,0.76,16.25,-2.11
632130,12,Walking,17928951485000,-0.38,18.2,-3.91
632131,12,Walking,17928991586000,-4.48,13.67,-4.82
632132,12,Walking,17929031686000,-5.41,7.21,-4.4
632133,12,Walking,17929112893000,5.24,3.95,-6.51
632134,12,Walking,17929151650000,0.08,3.76,1.57
632135,12,Walking,17929191537000,-0.38,1.46,-1.23
632136,12,Walking,17929231515000,-4.06,0.57,4.02
632137,12,Walking,17929311562000,-10.15,15.79,10.08
632138,12,Walking,17929351662000,-4.18,2.03,6.74
632139,12,Walking,17929391488000,-3.87,14.6,5.71
632140,12,Walking,17929511452000,-2.76,12.34,-4.56
632141,12,Walking,17929551492000,3.64,9.96,-9.15
632142,12,Walking,17929551492000,3.64,9.96,-9.15
632143,12,Walking,17929591592000,4.59,6.02,-5.9
632144,12,Walking,17929631570000,0.65,8.08,-0.08
632145,12,Walking,17929711465000,-3.49,7.63,4.25
632146,12,Walking,17929751565000,0.53,6.7,0.27
632147,12,Walking,17929791512000,-0.5,8.31,0.04
632148,12,Walking,17929831460000,3.41,11.26,3.95
632149,12,Walking,17929911507000,3.17,13.57,2.83
632150,12,Walking,17929951607000,-1.99,12.45,0.34
632151,12,Walking,17929991463000,-1.57,16.04,-1.42
632152,12,Walking,17930031655000,-2.91,18.43,-4.29
632153,12,Walking,17930114205000,-2.87,5.43,-4.52
632154,12,Walking,17930151650000,2.72,3.49,-6.09
632155,12,Walking,17930191598000,0.19,5.9,2.18
632156,12,Walking,17930237923000,0.99,2.03,-2.56
632157,12,Walking,17930311593000,-6.78,3.87,8.39
632158,12,Walking,17930351479000,-17.16,17.01,13.78
632159,12,Walking,17930391457000,-7.27,9.7,4.25
632160,12,Walking,17930431435000,-3.53,7.01,6.74
632161,12,Walking,17930511575000,-4.1,6.74,-1.73
632162,12,Walking,17930551614000,-4.75,9.3,-2.3
632163,12,Walking,17930591500000,-2.6,14.82,-4.6
632164,12,Walking,17930631661000,4.29,7.78,-6.97
632165,12,Walking,17930711465000,1.65,8.16,-0.23
632166,12,Walking,17930751626000,-0.99,8.58,2.98
632167,12,Walking,17930791665000,-3.91,8.2,5.52
632168,12,Walking,17930831460000,-1.84,7.35,1.76
632169,12,Walking,17930911416000,3.21,11.45,0.99
632170,12,Walking,17930951424000,0.53,12.22,3.87
632171,12,Walking,17930991494000,-0.95,9.7,8.39
632172,12,Walking,17931031503000,3.83,17.97,-0.84
632173,12,Walking,17931116830000,-4.94,16.44,-6.44
632174,12,Walking,17931154305000,-7.59,8.54,-5.71
632175,12,Walking,17931192971000,-3.57,4.37,-3.87
632176,12,Walking,17931231728000,3.45,1.8,-6.13
632177,12,Walking,17931311623000,1.5,2.37,-2.07
632178,12,Walking,17931351540000,-2.53,0.95,2.68
632179,12,Walking,17931391640000,-12.45,8.62,7.4
632180,12,Walking,17931431496000,-14.25,17.62,11.95
632181,12,Walking,17931511391000,-1.88,6.36,3.95
632182,12,Walking,17931551553000,-8.39,14.25,-1.57
632183,12,Walking,17931591592000,-2.98,10.73,-2.76
632184,12,Walking,17931631570000,-2.07,12.45,-4.75
632185,12,Walking,17931711587000,2.87,5.28,-6.89
632186,12,Walking,17931751565000,0.34,6.7,-2.26
632187,12,Walking,17931791482000,-0.46,7.55,0.27
632188,12,Walking,17931831643000,-0.31,8.35,3.53
632189,12,Walking,17931911416000,-0.8,8.47,2.3
632190,12,Walking,17931951424000,2.72,10.57,0.8
632191,12,Walking,17931991494000,4.86,11.14,0.89
632192,12,Walking,17932031533000,0.46,12.83,6.47
632193,12,Walking,17932112130000,1.92,17.08,-2.79
632194,12,Walking,17932154244000,-1.84,19.42,-5.09
632195,12,Walking,17932191720000,-7.21,14.37,-6.13
632196,12,Walking,17932231545000,-5.24,6.89,-4.52
632197,12,Walking,17932311532000,4.56,4.9,0.27
632198,12,Walking,17932351662000,1.84,3.02,-1.23
632199,12,Walking,17932391427000,-2.41,-0.34,-1.61
632200,12,Walking,17932431435000,-6.28,2.03,3.17
632201,12,Walking,17932511636000,-12.53,15.4,10.04
632202,12,Walking,17932551522000,-5.56,4.21,5.56
632203,12,Walking,17932591500000,-0.84,13.14,2.75
632204,12,Walking,17932631692000,-3.11,7.25,-2.22
632205,12,Walking,17932711617000,-2.37,13.02,-5.6
632206,12,Walking,17932751748000,2.64,7.97,-8.16
632207,12,Walking,17932791543000,2.56,5.33,-5.22
632208,12,Walking,17932831460000,0.53,7.21,-0.57
632209,12,Walking,17932911477000,-1.95,8.66,8.88
632210,12,Walking,17932951638000,-2.87,9.0,4.63
632211,12,Walking,17932991586000,1.61,10.38,1.69
632212,12,Walking,17933031503000,5.01,10.73,1.08
632213,12,Walking,17933111459000,1.84,12.72,3.02
632214,12,Walking,17933154366000,-0.93,14.56,-0.04
632215,12,Walking,17933191689000,-0.5,18.05,-2.11
632216,12,Walking,17933231637000,-5.48,17.47,-6.4
632217,12,Walking,17933311806000,-3.06,4.6,-3.91
632218,12,Walking,17933351540000,4.82,4.06,-7.01
632219,12,Walking,17933391640000,0.11,5.41,5.09
632220,12,Walking,17933431435000,0.8,2.18,-2.18
632221,12,Walking,17933511483000,-7.5,5.22,6.85
632222,12,Walking,17933551797000,-16.78,17.62,9.62
632223,12,Walking,17933591622000,-7.74,8.54,5.09
632224,12,Walking,17933631509000,-2.34,2.49,3.6
632225,12,Walking,17933711587000,-2.87,9.08,-2.68
632226,12,Walking,17933752511000,-3.26,7.89,-4.25
632227,12,Walking,17933792702000,-1.61,11.75,-6.59
632228,12,Walking,17933831521000,2.91,9.66,-6.28
632229,12,Walking,17933911538000,1.5,7.86,-1.18
632230,12,Walking,17933951485000,-0.23,7.5,6.51
632231,12,Walking,17933991524000,-0.46,8.05,3.36
632232,12,Walking,17934031533000,-0.23,7.5,0.34
632233,12,Walking,17934111489000,4.59,11.96,0.91
632234,12,Walking,17934151833000,2.6,12.34,2.64
632235,12,Walking,17934191598000,0.95,14.52,5.33
632236,12,Walking,17934231454000,0.15,15.83,-1.46
632237,12,Walking,17934311654000,-4.9,17.24,-5.22
632238,12,Walking,17934361764000,-6.51,6.51,-6.02
632239,12,Walking,17934401467000,-1.54,3.21,-3.76
632240,12,Walking,17934443734000,4.52,4.6,-3.68
632241,12,Walking,17934493264000,1.84,4.75,-0.11
632242,12,Walking,17934531441000,-1.57,0.84,-0.11
632243,12,Walking,17934612222000,-14.52,13.48,6.13
