,user,label,timestamp,x,y,z
101579,13,Walking,1107182262000,-1.61,16.7,-2.1792557
101580,13,Walking,1107232249000,-4.33,0.53,-4.5219555
101581,13,Walking,1107282268000,-3.76,11.35,-5.5571017
101582,13,Walking,1107332255000,7.12,15.89,0.42223078
101583,13,Walking,1107382274000,2.64,7.97,1.0351465
101584,13,Walking,1107432262000,-0.53,8.08,1.0760075
101585,13,Walking,1107482280000,-0.53,9.53,0.23154591
101586,13,Walking,1107532268000,-0.76,8.24,-0.95342433
101587,13,Walking,1107582286000,0.99,11.8,0.46309182
101588,13,Walking,1107632243000,0.65,12.76,1.334794
101589,13,Walking,1107682262000,-0.76,11.69,3.3778462
101590,13,Walking,1107732310000,1.04,14.06,0.313268
101591,13,Walking,1107782298000,-4.02,18.47,-3.2961242
101592,13,Walking,1107832255000,-3.64,11.92,1.607201
101593,13,Walking,1107882304000,0.42,9.19,-2.2609777
101594,13,Walking,1107932231000,1.95,6.13,-1.8387468999999996
101595,13,Walking,1107982310000,-2.68,3.34,-2.982856
101596,13,Walking,1108032237000,-3.11,3.3,-2.6423476000000004
101597,13,Walking,1108082286000,-1.53,4.99,2.5333846
101598,13,Walking,1108132274000,-4.1,17.12,13.797412
101599,13,Walking,1108182262000,-3.34,11.45,3.4459480000000005
101600,13,Walking,1108232280000,-1.95,10.04,3.1054392
101601,13,Walking,1108282268000,-2.18,13.82,-3.8681788
101602,13,Walking,1108332286000,-3.3,3.6,-1.9885708
101603,13,Walking,1108382304000,-2.26,11.8,-4.5219555
101604,13,Walking,1108432231000,4.82,12.41,0.50395286
101605,13,Walking,1108482310000,0.38,8.2,-0.88532263
101606,13,Walking,1108532207000,-2.22,8.66,0.7218784
101607,13,Walking,1108582286000,0.93,8.85,-0.50395286
101608,13,Walking,1108632213000,0.89,9.23,-0.19068487
101609,13,Walking,1108682262000,1.57,13.02,-0.27240697
101610,13,Walking,1108732249000,-1.31,12.34,2.2201166000000003
101611,13,Walking,1108782268000,0.61,13.06,2.6014863999999998
101612,13,Walking,1108832255000,1.12,14.14,2.4925237
101613,13,Walking,1108882304000,-1.5,17.69,-7.014479
101614,13,Walking,1108932231000,-3.95,14.75,3.1463002999999996
101615,13,Walking,1108982280000,0.15,9.85,-3.214402
101616,13,Walking,1109032237000,0.69,6.28,-2.3426998
101617,13,Walking,1109082316000,-1.57,2.22,-3.8273177000000005
101618,13,Walking,1109132243000,-1.31,1.61,-3.1463002999999996
101619,13,Walking,1109182506000,-0.89,5.28,5.09401
101620,13,Walking,1109232249000,-3.76,18.01,15.363751999999998
101621,13,Walking,1109282268000,-7.46,11.26,2.3699405
101622,13,Walking,1109332286000,-5.56,12.07,5.8976107
101623,13,Walking,1109382304000,0.72,5.13,-11.536434
101624,13,Walking,1109432231000,-1.42,9.58,-4.630918
101625,13,Walking,1109482280000,3.06,17.05,1.9885708
101626,13,Walking,1109532237000,0.8,7.12,-0.19068487
101627,13,Walking,1109582286000,-1.08,6.51,0.46309182
101628,13,Walking,1109632213000,-0.53,9.51,0.84446156
101629,13,Walking,1109682292000,-0.65,8.5,-0.6537767
101630,13,Walking,1109732249000,0.5,11.03,-0.61291564
101631,13,Walking,1109782268000,2.98,13.82,2.0294318
101632,13,Walking,1109832255000,-0.95,11.73,4.862464
101633,13,Walking,1109882274000,0.57,13.87,1.7570249
101634,13,Walking,1109932231000,0.46,17.2,-6.66035
101635,13,Walking,1109982310000,-6.82,18.47,2.4516625
101636,13,Walking,1110032207000,-2.6,11.26,-2.4108016
101637,13,Walking,1110082316000,1.31,5.83,-1.607201
101638,13,Walking,1110132274000,1.38,3.02,-4.671779
101639,13,Walking,1110182414000,-2.83,-0.04,-3.9771416
101640,13,Walking,1110232249000,-1.33,3.68,1.334794
101641,13,Walking,1110282298000,-3.95,15.13,14.1787815
101642,13,Walking,1110332225000,-4.99,11.92,5.8976107
101643,13,Walking,1110382304000,-5.37,11.45,4.018002500000001
101644,13,Walking,1110432231000,-2.07,13.44,-2.2201166000000003
101645,13,Walking,1110482280000,-1.23,3.57,-4.5628166
101646,13,Walking,1110532207000,-1.12,12.6,-4.0588636
101647,13,Walking,1110582316000,4.86,14.14,1.2258313
101648,13,Walking,1110632243000,-0.15,6.74,-0.10896278
101649,13,Walking,1110682262000,-1.99,7.5,1.2258313
101650,13,Walking,1110732249000,-0.27,9.34,-0.23154591
101651,13,Walking,1110782268000,-0.42,8.39,-1.1168685
101652,13,Walking,1110832255000,1.73,12.87,2.152015
101653,13,Walking,1110882274000,2.41,13.82,2.7240696
101654,13,Walking,1110932231000,0.95,12.41,3.0237172
101655,13,Walking,1110982310000,-0.27,15.89,-4.5900574
101656,13,Walking,1111032207000,-7.93,19.23,0.46309182
101657,13,Walking,1111082286000,-2.83,13.29,-1.1849703
101658,13,Walking,1111132243000,-0.65,6.47,-3.2552630000000002
101659,13,Walking,1111182262000,1.61,2.26,-3.4459480000000005
101660,13,Walking,1111232249000,-1.65,1.42,-3.2552630000000002
101661,13,Walking,1111282329000,-0.69,2.07,-1.6889231
101662,13,Walking,1111342265000,-3.79,15.47,15.595298000000001
101663,13,Walking,1111392222000,-4.59,13.06,6.170017700000001
101664,13,Walking,1111442271000,-7.4,8.73,2.7240696
101665,13,Walking,1111492229000,-2.6,14.33,-1.9477096999999999
101666,13,Walking,1111542277000,-0.61,3.6,-4.0588636
101667,13,Walking,1111592296000,-1.57,12.34,-4.7535014
101668,13,Walking,1111642314000,5.6,14.33,2.2609777
101669,13,Walking,1111692241000,-0.89,6.93,-0.29964766
101670,13,Walking,1111742259000,-1.53,7.55,1.1441092
101671,13,Walking,1111792247000,0.0,8.35,-0.10896278
101672,13,Walking,1111842265000,0.93,9.58,-1.525479
101673,13,Walking,1111842265000,0.93,9.58,-1.525479
101674,13,Walking,1111942271000,-0.38,13.21,3.2552630000000002
101675,13,Walking,1111992259000,1.92,12.26,5.012288
101676,13,Walking,1112042247000,2.22,16.63,-6.9327570000000005
101677,13,Walking,1112092296000,-5.48,19.38,0.14982383
101678,13,Walking,1112142253000,-3.57,13.1,-1.0760075
101679,13,Walking,1112192271000,2.03,7.93,-2.7921712000000003
101680,13,Walking,1112242259000,0.53,3.26,-3.0645783
101681,13,Walking,1112292308000,-2.37,0.38,-3.9090397000000006
101682,13,Walking,1112342235000,-1.04,2.11,-1.2666923
101683,13,Walking,1112392284000,-2.22,10.15,10.501288
101684,13,Walking,1112442241000,-2.79,17.47,10.841797
101685,13,Walking,1112492259000,-7.89,9.34,2.9556155
101686,13,Walking,1112542216000,-2.3,11.96,3.5685309999999997
101687,13,Walking,1112592265000,-3.02,7.89,-8.689782000000001
101688,13,Walking,1112642222000,0.57,7.78,-3.173541
101689,13,Walking,1112692271000,0.5,15.05,0.95342433
101690,13,Walking,1112742198000,1.99,8.89,0.27240697
101691,13,Walking,1112792277000,-1.73,7.5,-0.040861044
101692,13,Walking,1112842235000,0.19,8.77,1.1441092
101693,13,Walking,1112892284000,0.76,8.54,-1.607201
101694,13,Walking,1112942271000,0.15,10.73,-0.08172209
101695,13,Walking,1112992259000,-0.04,13.25,2.5606253
101696,13,Walking,1113042247000,-0.11,13.1,3.2961242
101697,13,Walking,1113092296000,1.5,14.18,3.1463002999999996
101698,13,Walking,1113142253000,0.34,16.36,-5.7886477
101699,13,Walking,1113192271000,-4.56,16.93,1.7570249
101700,13,Walking,1113242229000,-3.11,10.61,-1.8387468999999996
101701,13,Walking,1113292277000,1.73,6.17,-1.4982381999999999
101702,13,Walking,1113342265000,0.61,3.76,-3.5276701
101703,13,Walking,1113392284000,-2.18,0.19,-3.9090397000000006
101704,13,Walking,1113442210000,-1.04,3.26,2.8330324
101705,13,Walking,1113492259000,-3.49,15.83,14.941522
101706,13,Walking,1113542247000,-6.17,11.41,3.8681788
101707,13,Walking,1113592265000,-4.9,9.58,3.7183550000000003
101708,13,Walking,1113642253000,-5.56,11.56,-2.982856
101709,13,Walking,1113692271000,0.27,5.48,-5.597963
101710,13,Walking,1113742229000,0.95,14.33,-1.9885708
101711,13,Walking,1113792308000,3.53,11.54,0.6537767
101712,13,Walking,1113842204000,-1.04,6.93,-1.3075534
101713,13,Walking,1113892284000,-3.21,7.63,1.2258313
101714,13,Walking,1113942241000,-0.38,9.53,-0.27240697
101715,13,Walking,1113992259000,-0.04,9.0,-0.38136974
101716,13,Walking,1114042247000,2.76,13.59,2.3018389
101717,13,Walking,1114092265000,1.73,12.64,3.5276701
101718,13,Walking,1114142253000,0.69,13.4,3.7592160000000003
101719,13,Walking,1114192302000,-1.12,18.05,-7.205164
101720,13,Walking,1114242229000,-6.59,18.2,2.070293
101721,13,Walking,1114292277000,-2.56,10.99,-2.1383946
101722,13,Walking,1114342235000,0.08,5.79,-2.4516625
101723,13,Walking,1114392284000,0.95,2.6,-4.3312707
101724,13,Walking,1114442241000,-1.84,0.46,-3.5685309999999997
101725,13,Walking,1114492259000,-0.27,3.26,1.1441092
101726,13,Walking,1114542216000,-6.02,16.74,15.745122
101727,13,Walking,1114592296000,-4.79,11.5,5.5571017
101728,13,Walking,1114642253000,-5.56,7.44,2.7240696
101729,13,Walking,1114692271000,-3.83,16.28,-2.7240696
101730,13,Walking,1114742198000,-0.76,3.34,-5.325556
101731,13,Walking,1114792308000,-1.65,11.14,-3.6774937999999993
101732,13,Walking,1114842265000,6.63,15.4,1.3756552
101733,13,Walking,1114892284000,-1.23,6.4,-0.50395286
101734,13,Walking,1114942241000,-2.68,7.5,1.8796080000000002
101735,13,Walking,1114992259000,0.61,9.08,-0.6537767
101736,13,Walking,1115042247000,0.0,8.54,-1.0351465
101737,13,Walking,1115092265000,1.31,13.06,1.7978859
101738,13,Walking,1115142253000,1.42,13.57,3.0237172
101739,13,Walking,1115192576000,0.95,12.03,3.336985
101740,13,Walking,1115242198000,1.04,15.85,-4.140586
101741,13,Walking,1115292308000,-4.79,19.23,-2.5333846
101742,13,Walking,1115342235000,-4.52,14.02,-0.46309182
101743,13,Walking,1115392284000,-0.89,7.4,-3.6366330000000002
101744,13,Walking,1115442302000,2.45,3.99,-2.1792557
101745,13,Walking,1115492320000,-0.84,0.46,-3.8681788
101746,13,Walking,1115542216000,-1.57,1.61,-1.56634
101747,13,Walking,1115592326000,-1.53,10.65,9.507003
101748,13,Walking,1115642253000,-2.96,17.54,11.304889
101749,13,Walking,1115692302000,-6.36,8.5,2.7921712000000003
101750,13,Walking,1115742229000,-2.79,12.6,2.6014863999999998
101751,13,Walking,1115792277000,-2.75,7.06,-8.430995
101752,13,Walking,1115842265000,-1.38,8.47,-4.2495484
101753,13,Walking,1115892284000,1.57,15.13,-0.29964766
101754,13,Walking,1115942241000,3.87,8.62,0.7627395
101755,13,Walking,1115992259000,-1.46,6.59,0.53119355
101756,13,Walking,1116042216000,-1.33,9.38,0.53119355
101757,13,Walking,1116092265000,0.08,8.35,-0.9125633
101758,13,Walking,1116142253000,0.15,11.11,0.040861044
101759,13,Walking,1116192454000,2.45,13.99,2.9556155
101760,13,Walking,1116242229000,1.69,12.87,3.0237172
101761,13,Walking,1116292308000,0.27,15.64,-0.88532263
101762,13,Walking,1116342235000,-5.18,18.24,-3.173541
101763,13,Walking,1116392314000,-4.14,14.63,0.19068487
101764,13,Walking,1116442241000,-0.76,8.89,-3.2961242
101765,13,Walking,1116492290000,3.41,5.33,-2.070293
101766,13,Walking,1116542216000,-0.91,2.26,-4.3993720000000005
101767,13,Walking,1116592265000,-2.22,1.42,-3.7864565999999997
101768,13,Walking,1116642222000,-1.69,5.63,4.2495484
101769,13,Walking,1116692302000,-4.86,18.54,15.826844
101770,13,Walking,1116742198000,-6.13,13.25,4.5219555
101771,13,Walking,1116792308000,-2.14,7.86,6.2108784
101772,13,Walking,1116842235000,-3.49,5.83,-8.430995
101773,13,Walking,1116892314000,-0.53,11.07,-4.5900574
101774,13,Walking,1116942271000,-1.04,13.99,-0.6537767
101775,13,Walking,1116992381000,4.06,10.84,-0.6946376999999999
101776,13,Walking,1117042308000,-0.84,6.7,0.3405087
101777,13,Walking,1117092326000,-1.38,8.54,1.7570249
101778,13,Walking,1117152232000,-0.19,8.08,-1.56634
