,user,label,timestamp,x,y,z
103579,13,Walking,1207162303000,-0.08,7.55,-2.7513103
103580,13,Walking,1207212260000,1.5,16.78,0.23154591
103581,13,Walking,1207262309000,2.07,8.16,-0.6946376999999999
103582,13,Walking,1207312266000,-2.11,7.21,0.08172209
103583,13,Walking,1207362315000,-1.46,8.62,0.88532263
103584,13,Walking,1207412273000,-0.57,8.5,-0.53119355
103585,13,Walking,1207462291000,1.27,10.84,-0.42223078
103586,13,Walking,1207512279000,1.31,13.02,2.7649305
103587,13,Walking,1207562297000,0.27,12.64,2.7240696
103588,13,Walking,1207612346000,0.5,13.33,1.4165162
103589,13,Walking,1207662334000,-1.99,18.09,-6.9327570000000005
103590,13,Walking,1207712291000,-5.41,15.83,3.9090397000000006
103591,13,Walking,1207762309000,-0.91,9.58,-3.2552630000000002
103592,13,Walking,1207812297000,2.56,6.93,-1.9477096999999999
103593,13,Walking,1207862315000,-0.34,2.79,-2.6832085
103594,13,Walking,1207912303000,-2.22,1.42,-2.982856
103595,13,Walking,1207962321000,-0.27,3.15,0.19068487
103596,13,Walking,1208012309000,-1.99,15.28,11.604536
103597,13,Walking,1208062297000,-2.68,12.91,6.238119
103598,13,Walking,1208112315000,-4.9,9.08,0.46309182
103599,13,Walking,1208162364000,-3.72,16.89,2.7240696
103600,13,Walking,1208212260000,-2.41,2.3,-7.04172
103601,13,Walking,1208262309000,-1.92,12.18,-5.8567495
103602,13,Walking,1208312297000,3.87,15.24,-0.46309182
103603,13,Walking,1208362346000,1.23,7.86,0.6946376999999999
103604,13,Walking,1208412273000,-1.88,7.25,0.27240697
103605,13,Walking,1208462321000,0.19,8.05,-0.0
103606,13,Walking,1208512279000,0.8,8.2,-0.95342433
103607,13,Walking,1208562297000,0.76,12.53,3.7592160000000003
103608,13,Walking,1208612315000,0.89,13.67,2.8738932999999998
103609,13,Walking,1208662303000,3.17,14.41,0.88532263
103610,13,Walking,1208712260000,-2.68,17.31,-5.5162406
103611,13,Walking,1208762340000,-5.43,17.82,2.4925237
103612,13,Walking,1208812266000,-2.96,11.73,-1.7570249
103613,13,Walking,1208862315000,0.27,6.63,-2.6423476000000004
103614,13,Walking,1208912273000,2.98,4.6,-2.5333846
103615,13,Walking,1208962321000,-0.65,1.42,-4.630918
103616,13,Walking,1209012309000,-1.38,1.61,-0.61291564
103617,13,Walking,1209062511000,-2.87,12.64,12.639683
103618,13,Walking,1209112346000,-4.52,15.43,8.471855999999999
103619,13,Walking,1209162303000,-4.99,2.34,2.4108016
103620,13,Walking,1209222362000,-1.99,11.41,-1.2666923
103621,13,Walking,1209272349000,-4.37,9.11,-7.4639505999999995
103622,13,Walking,1209322368000,-0.04,9.62,-4.2086873
103623,13,Walking,1209372264000,3.91,14.9,-0.95342433
103624,13,Walking,1209422343000,0.65,7.78,1.334794
103625,13,Walking,1209472270000,-2.18,7.74,0.46309182
103626,13,Walking,1209522319000,0.04,8.89,1.6889231
103627,13,Walking,1209572276000,0.84,9.11,-0.84446156
103628,13,Walking,1209622295000,0.69,11.56,-0.040861044
103629,13,Walking,1209672282000,-0.69,14.25,4.3993720000000005
103630,13,Walking,1209722362000,5.05,15.75,0.23154591
103631,13,Walking,1209772258000,-3.87,12.6,2.6014863999999998
103632,13,Walking,1209822307000,-1.95,18.58,-5.625203599999999
103633,13,Walking,1209872264000,-2.53,14.37,0.95342433
103634,13,Walking,1209872264000,-2.53,14.37,0.95342433
103635,13,Walking,1209972148000,0.31,5.18,-2.2609777
103636,13,Walking,1210022594000,-0.38,3.41,-2.8330324
103637,13,Walking,1210072459000,-1.14,1.08,-2.8330324
103638,13,Walking,1210122233000,0.0,3.64,3.173541
103639,13,Walking,1210172343000,-2.03,13.63,12.026767
103640,13,Walking,1210222240000,-4.75,9.96,5.666064700000001
103641,13,Walking,1210272319000,-7.82,11.88,4.140586
103642,13,Walking,1210322368000,-3.76,13.48,4.372132
103643,13,Walking,1210372325000,0.11,3.6,-6.633109599999999
103644,13,Walking,1210422252000,-0.53,10.61,-3.8273177000000005
103645,13,Walking,1210472331000,0.8,16.47,2.2609777
103646,13,Walking,1210522258000,0.95,7.82,-0.08172209
103647,13,Walking,1210572337000,-1.23,6.89,1.1168685
103648,13,Walking,1210622233000,-0.8,8.81,1.1168685
103649,13,Walking,1210672343000,-0.19,8.47,-0.23154591
103650,13,Walking,1210722240000,-0.34,9.51,-0.040861044
103651,13,Walking,1210772319000,1.12,13.38,0.27240697
103652,13,Walking,1210822276000,1.95,13.06,3.1054392
103653,13,Walking,1210872325000,1.5,13.33,2.6014863999999998
103654,13,Walking,1210922252000,-2.96,16.09,-5.407278
103655,13,Walking,1210982402000,-5.6,17.97,2.2201166000000003
103656,13,Walking,1211032237000,-1.12,11.18,-2.9556155
103657,13,Walking,1211082316000,0.61,6.21,-1.9885708
103658,13,Walking,1211132243000,0.89,3.57,-3.214402
103659,13,Walking,1211182262000,-2.34,0.11,-3.4459480000000005
103660,13,Walking,1211232249000,-0.42,2.3,-0.5720546
103661,13,Walking,1211282268000,-2.11,14.94,14.246882999999999
103662,13,Walking,1211332255000,-2.68,14.41,7.1234417
103663,13,Walking,1211382304000,-6.51,8.66,2.9147543999999996
103664,13,Walking,1211432262000,-2.07,13.1,1.8387468999999996
103665,13,Walking,1211482310000,-3.91,4.75,-5.5571017
103666,13,Walking,1211532268000,-0.19,9.08,-5.8976107
103667,13,Walking,1211582347000,2.3,17.69,1.1441092
103668,13,Walking,1211632243000,2.76,7.63,0.14982383
103669,13,Walking,1211682262000,-2.49,6.97,-0.3405087
103670,13,Walking,1211732249000,-1.73,8.58,0.92618364
103671,13,Walking,1211782268000,0.04,8.62,-2.6014863999999998
103672,13,Walking,1211832255000,2.22,11.75,2.7649305
103673,13,Walking,1211882304000,0.34,13.67,2.3018389
103674,13,Walking,1211932231000,1.92,12.72,0.84446156
103675,13,Walking,1211982310000,-0.72,14.71,0.313268
103676,13,Walking,1212032237000,-3.57,17.67,-4.290409599999999
103677,13,Walking,1212082286000,-4.14,14.56,0.8036005
103678,13,Walking,1212132243000,-0.46,10.31,-2.4108016
103679,13,Walking,1212182323000,1.14,5.52,-2.1383946
103680,13,Walking,1212232249000,-0.04,2.49,-4.099725
103681,13,Walking,1212282268000,-1.65,-0.04,-3.5276701
103682,13,Walking,1212332286000,-0.19,4.1,2.3699405
103683,13,Walking,1212382335000,-4.21,18.73,17.079916
103684,13,Walking,1212432231000,-4.86,9.96,2.6014863999999998
103685,13,Walking,1212482310000,-1.88,8.12,3.336985
103686,13,Walking,1212532298000,-2.11,13.59,-5.1348709999999995
103687,13,Walking,1212582286000,-2.83,4.1,-1.4982381999999999
103688,13,Walking,1212632213000,-1.8,12.87,-4.2086873
103689,13,Walking,1212682292000,5.01,12.15,2.0294318
103690,13,Walking,1212732249000,0.84,7.46,-0.88532263
103691,13,Walking,1212782298000,-1.84,8.5,1.4573771999999998
103692,13,Walking,1212832255000,-0.19,8.12,-0.7627395
103693,13,Walking,1212882304000,0.38,9.15,-1.334794
103694,13,Walking,1212932231000,1.18,13.29,2.7921712000000003
103695,13,Walking,1212982280000,1.33,13.59,3.3778462
103696,13,Walking,1213032237000,0.57,11.73,2.152015
103697,13,Walking,1213082286000,-0.57,16.89,-4.7126402999999994
103698,13,Walking,1213132304000,-5.98,18.47,0.8036005
103699,13,Walking,1213182262000,-1.95,12.57,-2.1383946
103700,13,Walking,1213232249000,1.12,8.01,-1.7297841
103701,13,Walking,1213282298000,0.53,3.6,-3.4868089999999996
103702,13,Walking,1213332286000,-2.18,0.11,-3.6366330000000002
103703,13,Walking,1213382304000,-0.46,1.33,-1.7978859
103704,13,Walking,1213432231000,-2.53,10.19,9.112013000000001
103705,13,Walking,1213482310000,-4.25,17.97,11.454713
103706,13,Walking,1213532237000,-5.67,8.28,2.5333846
103707,13,Walking,1213582316000,-1.57,15.47,3.2961242
103708,13,Walking,1213632274000,-3.26,2.15,-8.267551
103709,13,Walking,1213682262000,-1.65,9.34,-4.4810944
103710,13,Walking,1213732219000,3.6,17.12,0.88532263
103711,13,Walking,1213782329000,1.46,7.27,0.61291564
103712,13,Walking,1213832255000,-2.18,6.97,0.27240697
103713,13,Walking,1213882304000,-1.33,9.28,1.2258313
103714,13,Walking,1213932201000,-0.3,8.47,-1.4982381999999999
103715,13,Walking,1213982310000,1.99,11.84,0.6537767
103716,13,Walking,1214032237000,0.57,13.4,3.214402
103717,13,Walking,1214082316000,1.08,11.5,2.982856
103718,13,Walking,1214132243000,0.84,15.98,-0.14982383
103719,13,Walking,1214182262000,-3.68,19.27,-6.66035
103720,13,Walking,1214232249000,-5.94,15.94,3.9499009
103721,13,Walking,1214282298000,0.5,9.28,-3.1054392
103722,13,Walking,1214332255000,1.46,4.18,-2.9147543999999996
103723,13,Walking,1214382274000,-0.19,-0.23,-3.6774937999999993
103724,13,Walking,1214432231000,-0.95,0.34,-3.2961242
103725,13,Walking,1214482310000,-1.27,6.89,4.3312707
103726,13,Walking,1214532237000,-6.21,19.42,16.276316
103727,13,Walking,1214582316000,-7.25,9.0,2.8330324
103728,13,Walking,1214632213000,0.34,10.99,3.9499009
103729,13,Walking,1214682262000,-3.26,5.67,-9.302697
103730,13,Walking,1214732280000,-2.26,11.14,-4.2086873
103731,13,Walking,1214782268000,2.22,14.82,-0.5720546
103732,13,Walking,1214832255000,3.02,7.67,-0.27240697
103733,13,Walking,1214882274000,-1.18,7.08,0.84446156
103734,13,Walking,1214932231000,-1.27,9.23,0.6946376999999999
103735,13,Walking,1214982280000,0.8,8.28,-1.6480621
103736,13,Walking,1215032237000,1.92,11.41,0.5720546
103737,13,Walking,1215082316000,0.65,13.99,2.5606253
103738,13,Walking,1215132213000,1.88,12.57,3.5685309999999997
103739,13,Walking,1215182292000,1.46,14.98,0.42223078
103740,13,Walking,1215232249000,-2.18,18.77,-6.742072
103741,13,Walking,1215282329000,-5.28,15.6,3.4459480000000005
103742,13,Walking,1215332286000,-0.72,8.66,-2.982856
103743,13,Walking,1215382304000,2.15,5.79,-2.2201166000000003
103744,13,Walking,1215432231000,-0.72,1.08,-3.9771416
103745,13,Walking,1215482432000,-2.83,1.33,-3.0645783
103746,13,Walking,1215532237000,-1.18,5.86,3.4868089999999996
103747,13,Walking,1215582316000,-3.15,18.35,15.854085000000001
103748,13,Walking,1215632274000,-3.68,12.26,3.990762
103749,13,Walking,1215682292000,-3.64,9.77,-4.099725
103750,13,Walking,1215784190000,-0.53,9.77,-4.099725
103751,13,Walking,1215784190000,-0.53,9.77,-4.099725
103752,13,Walking,1215832194000,2.11,16.32,0.7627395
103753,13,Walking,1215882274000,2.79,9.0,0.313268
103754,13,Walking,1215932262000,-1.38,6.59,0.95342433
103755,13,Walking,1215982341000,-1.53,8.85,1.1168685
103756,13,Walking,1216042277000,-0.11,7.82,-1.4165162
103757,13,Walking,1216092235000,-0.08,10.76,-0.61291564
103758,13,Walking,1216142284000,3.15,14.1,3.5685309999999997
103759,13,Walking,1216192271000,1.12,12.79,2.9556155
103760,13,Walking,1216242259000,0.31,14.41,1.56634
103761,13,Walking,1216292247000,-1.84,17.35,-6.4015636
103762,13,Walking,1216342265000,-6.63,17.31,2.8330324
103763,13,Walking,1216392253000,-0.46,10.23,-2.4516625
103764,13,Walking,1216442271000,1.5,5.48,-2.6832085
103765,13,Walking,1216492198000,0.46,2.22,-3.7864565999999997
103766,13,Walking,1216542277000,-2.18,-0.19,-3.7183550000000003
103767,13,Walking,1216592204000,-0.3,5.37,2.3426998
103768,13,Walking,1216642284000,-4.75,18.92,16.317176999999997
103769,13,Walking,1216692241000,-4.99,9.04,3.2552630000000002
103770,13,Walking,1216742290000,-4.44,10.0,6.1291566
103771,13,Walking,1216792216000,-3.45,9.51,-5.5571017
103772,13,Walking,1216842296000,0.46,8.08,-3.5685309999999997
103773,13,Walking,1216892253000,-1.46,13.4,-2.3426998
103774,13,Walking,1216942271000,3.38,12.37,0.19068487
103775,13,Walking,1216992229000,0.19,7.44,-1.4165162
103776,13,Walking,1217042308000,-1.46,8.28,1.7570249
103777,13,Walking,1217092265000,-0.57,8.62,-0.23154591
103778,13,Walking,1217142284000,0.34,7.82,-0.6537767
