,user,label,timestamp,x,y,z
104779,13,Walking,1267172313000,-2.11,-0.38,-4.2086873
104780,13,Walking,1267222240000,-1.23,1.84,-1.3075534
104781,13,Walking,1267272288000,-2.79,13.38,12.299174
104782,13,Walking,1267322246000,-3.72,15.85,9.534244000000001
104783,13,Walking,1267372295000,-7.31,10.27,3.7864565999999997
104784,13,Walking,1267422252000,-3.3,13.25,-8.349273
104785,13,Walking,1267492320000,-2.68,2.41,-8.349273
104786,13,Walking,1267542186000,-1.84,13.06,-3.214402
104787,13,Walking,1267542186000,-1.84,13.06,-3.214402
104788,13,Walking,1267642253000,-0.11,6.93,-0.6537767
104789,13,Walking,1267692332000,-2.45,8.47,1.7297841
104790,13,Walking,1267752238000,-0.38,8.58,-0.23154591
104791,13,Walking,1267802257000,-0.46,8.39,-0.7627395
104792,13,Walking,1267852275000,2.83,13.82,1.9204689999999998
104793,13,Walking,1267902202000,0.8,13.18,3.3778462
104794,13,Walking,1267952251000,0.23,11.8,3.5276701
104795,13,Walking,1268002238000,0.31,16.86,-6.2108784
104796,13,Walking,1268052257000,-6.55,18.77,1.3075534
104797,13,Walking,1268102244000,-2.72,11.99,-1.9477096999999999
104798,13,Walking,1268152263000,3.26,8.12,-1.7978859
104799,13,Walking,1268202251000,1.04,3.26,-3.4050870000000004
104800,13,Walking,1268252269000,-3.34,-0.11,-4.2086873
104801,13,Walking,1268302226000,-0.65,2.68,-0.7218784
104802,13,Walking,1268352275000,-2.41,12.49,11.073342
104803,13,Walking,1268402232000,-4.52,15.7,9.384419
104804,13,Walking,1268452251000,-7.65,8.62,2.2609777
104805,13,Walking,1268502238000,-1.95,13.63,4.5219555
104806,13,Walking,1268552257000,-3.02,8.43,-7.6954966
104807,13,Walking,1268602214000,-0.23,8.08,-4.2086873
104808,13,Walking,1268652232000,3.41,16.63,1.2258313
104809,13,Walking,1268702251000,1.73,7.4,1.4165162
104810,13,Walking,1268752299000,-3.02,6.21,0.7218784
104811,13,Walking,1268802257000,-1.12,9.53,1.9885708
104812,13,Walking,1268852244000,0.0,8.54,0.040861044
104813,13,Walking,1268902232000,0.69,9.58,-1.7570249
104814,13,Walking,1268952251000,1.8,13.33,2.7921712000000003
104815,13,Walking,1269002238000,-0.08,10.88,5.47538
104816,13,Walking,1269052257000,1.33,14.06,-0.040861044
104817,13,Walking,1269102275000,0.84,17.35,-5.407278
104818,13,Walking,1269152263000,-6.7,18.01,1.4165162
104819,13,Walking,1269202251000,-4.79,10.92,-1.334794
104820,13,Walking,1269252238000,2.83,7.25,-2.5333846
104821,13,Walking,1269302257000,1.8,3.76,-3.1463002999999996
104822,13,Walking,1269352244000,-2.26,0.11,-4.099725
104823,13,Walking,1269402202000,-1.65,2.34,-0.84446156
104824,13,Walking,1269452251000,-4.86,15.24,14.369467000000002
104825,13,Walking,1269502238000,-3.68,13.38,7.055340299999999
104826,13,Walking,1269552287000,-5.98,9.3,4.9850473
104827,13,Walking,1269602214000,-0.5,11.75,-1.4982381999999999
104828,13,Walking,1269652263000,-6.21,6.59,-3.7183550000000003
104829,13,Walking,1269702220000,0.38,11.65,-6.3607025
104830,13,Walking,1269752269000,5.67,16.09,2.3426998
104831,13,Walking,1269802226000,0.19,6.4,0.313268
104832,13,Walking,1269852275000,-2.18,7.46,0.7218784
104833,13,Walking,1269902202000,-1.12,8.92,1.2666923
104834,13,Walking,1269952281000,0.34,7.21,-2.3018389
104835,13,Walking,1270002269000,1.99,12.07,0.61291564
104836,13,Walking,1270052257000,1.14,13.25,2.1792557
104837,13,Walking,1270102214000,1.04,11.65,3.336985
104838,13,Walking,1270152263000,-0.46,14.71,4.0588636
104839,13,Walking,1270202281000,-1.5,18.85,-8.349273
104840,13,Walking,1270253703000,-7.21,16.82,5.012288
104841,13,Walking,1270302287000,-1.61,10.42,-2.7513103
104842,13,Walking,1270352275000,2.11,6.47,-2.4925237
104843,13,Walking,1270402263000,0.53,1.95,-3.3642258999999997
104844,13,Walking,1270452251000,-2.3,0.61,-4.372132
104845,13,Walking,1270502238000,-0.34,4.02,1.8796080000000002
104846,13,Walking,1270552318000,-4.25,17.2,17.079916
104847,13,Walking,1270602275000,-3.68,11.37,4.9850473
104848,13,Walking,1270652263000,-6.36,8.54,4.1814466
104849,13,Walking,1270702251000,-0.57,13.4,-0.8036005
104850,13,Walking,1270752238000,-3.21,4.79,-3.8273177000000005
104851,13,Walking,1270802226000,-1.27,12.37,-5.284695
104852,13,Walking,1270852305000,3.53,15.64,0.6946376999999999
104853,13,Walking,1270902232000,0.23,7.06,0.50395286
104854,13,Walking,1270952251000,-1.5,7.08,0.6946376999999999
104855,13,Walking,1271002238000,0.04,8.2,-0.9125633
104856,13,Walking,1271052257000,-1.08,9.58,-0.50395286
104857,13,Walking,1271102214000,0.95,13.06,4.018002500000001
104858,13,Walking,1271152232000,1.23,13.33,1.4165162
104859,13,Walking,1271202281000,1.04,10.92,4.7535014
104860,13,Walking,1271252330000,1.46,15.36,-1.7978859
104861,13,Walking,1271302226000,-3.76,17.92,-5.407278
104862,13,Walking,1271352275000,-4.67,15.79,3.2961242
104863,13,Walking,1271402202000,-0.5,9.62,-4.1814466
104864,13,Walking,1271452281000,2.91,6.21,-1.1168685
104865,13,Walking,1271502238000,0.11,1.61,-4.290409599999999
104866,13,Walking,1271552257000,-2.64,0.11,-3.336985
104867,13,Walking,1271602244000,-0.57,4.9,2.4108016
104868,13,Walking,1271652263000,-4.29,17.92,15.854085000000001
104869,13,Walking,1271702281000,-4.48,10.31,4.0588636
104870,13,Walking,1271752269000,-3.72,7.5,5.407278
104871,13,Walking,1271802287000,-1.84,14.18,-3.8273177000000005
104872,13,Walking,1271852244000,-3.79,4.06,-1.56634
104873,13,Walking,1271902202000,-0.84,11.84,-5.625203599999999
104874,13,Walking,1271952251000,3.53,14.44,0.95342433
104875,13,Walking,1272002269000,0.99,7.44,-0.42223078
104876,13,Walking,1272052257000,-0.95,8.01,0.53119355
104877,13,Walking,1272102275000,-0.65,8.69,1.0351465
104878,13,Walking,1272152232000,-0.3,7.89,-2.7240696
104879,13,Walking,1272202251000,1.46,12.15,2.8738932999999998
104880,13,Walking,1272252238000,0.38,13.1,2.3426998
104881,13,Walking,1272302257000,2.83,12.34,3.5685309999999997
104882,13,Walking,1272352305000,0.15,15.55,0.08172209
104883,13,Walking,1272402202000,-2.91,19.34,-6.5105260000000005
104884,13,Walking,1272452251000,-5.56,15.47,3.336985
104886,13,Walking,1272502238000,0.0,8.96,-3.1054392
104885,13,Walking,1272502238000,0.0,8.96,-3.1054392
104887,13,Walking,1272562297000,2.22,5.09,-2.1383946
104888,13,Walking,1272612285000,-1.65,0.0,-4.7126402999999994
104889,13,Walking,1272662334000,-1.46,1.08,-2.5606253
104890,13,Walking,1272722270000,-2.18,10.8,10.337844
104891,13,Walking,1272772197000,-5.48,17.01,10.841797
104892,13,Walking,1272822307000,-7.12,3.6,3.0237172
104893,13,Walking,1272872233000,-0.46,11.88,1.7978859
104894,13,Walking,1272922343000,-2.45,10.5,-6.3198414000000005
104895,13,Walking,1272972240000,-1.88,6.55,-3.214402
104896,13,Walking,1273022258000,-0.57,16.47,-1.6889231
104897,13,Walking,1273072246000,4.99,9.04,1.1168685
104898,13,Walking,1273122264000,-0.69,6.85,0.38136974
104900,13,Walking,1273172221000,-1.8,9.38,1.8796080000000002
104899,13,Walking,1273172221000,-1.8,9.38,1.8796080000000002
104901,13,Walking,1273272166000,0.65,9.34,-1.7570249
104902,13,Walking,1273322215000,0.99,13.76,3.0237172
104903,13,Walking,1273372447000,1.92,12.95,3.336985
104904,13,Walking,1273422252000,0.46,11.88,2.8738932999999998
104905,13,Walking,1273472331000,0.0,17.58,-5.5162406
104906,13,Walking,1273522227000,-6.13,18.12,2.152015
104907,13,Walking,1273572307000,-3.11,12.03,-1.4982381999999999
104908,13,Walking,1273622233000,1.46,8.05,-1.8796080000000002
104909,13,Walking,1273672343000,1.57,3.64,-3.4050870000000004
104910,13,Walking,1273722209000,-2.34,1.08,-4.3312707
104911,13,Walking,1273772288000,-1.27,1.76,-1.7978859
104912,13,Walking,1273822246000,-2.34,11.41,11.372991
104913,13,Walking,1273872295000,-4.06,16.17,10.228881
104914,13,Walking,1273922252000,-5.9,5.86,2.8738932999999998
104915,13,Walking,1273972301000,-0.76,13.48,3.2552630000000002
104916,13,Walking,1274022227000,-5.01,7.59,-7.3958488
104917,13,Walking,1274072276000,-2.3,10.19,-6.0201936
104918,13,Walking,1274122233000,3.6,16.66,-0.23154591
104919,13,Walking,1274172313000,2.22,7.12,1.7978859
104920,13,Walking,1274222240000,-2.3,6.02,0.95342433
104921,13,Walking,1274272319000,-0.91,9.08,1.0351465
104922,13,Walking,1274322246000,0.72,8.5,0.27240697
104923,13,Walking,1274372295000,0.19,10.5,-0.61291564
104924,13,Walking,1274422252000,2.79,13.67,2.152015
104925,13,Walking,1274472301000,2.72,12.83,3.4868089999999996
104926,13,Walking,1274522227000,-1.53,14.25,1.8387468999999996
104927,13,Walking,1274572307000,-3.36,18.7,-7.3141264999999995
104928,13,Walking,1274622233000,-5.79,16.7,3.5685309999999997
104929,13,Walking,1274672313000,-0.23,10.65,-2.4925237
104930,13,Walking,1274722240000,1.84,5.79,-2.2609777
104931,13,Walking,1274772288000,0.57,2.18,-4.3993720000000005
104932,13,Walking,1274822246000,-3.02,-0.89,-4.372132
104933,13,Walking,1274872294000,-0.27,4.25,0.61291564
104934,13,Walking,1274922252000,-6.59,18.43,17.474907
104935,13,Walking,1274972301000,-3.98,10.31,3.4050870000000004
104936,13,Walking,1275022227000,-5.01,11.03,6.973617999999999
104937,13,Walking,1275072337000,0.0,10.8,-7.6954966
104938,13,Walking,1275122233000,-2.49,5.86,-2.5606253
104939,13,Walking,1275172313000,-2.49,12.45,-4.099725
104940,13,Walking,1275222240000,5.52,13.1,1.6889231
104941,13,Walking,1275272288000,0.23,6.74,-0.27240697
104942,13,Walking,1275322246000,-0.99,8.66,1.4982381999999999
104943,13,Walking,1275372294000,-0.23,8.92,0.6946376999999999
104944,13,Walking,1275422252000,0.76,8.12,-2.7921712000000003
104945,13,Walking,1275472331000,0.11,11.84,0.8036005
104946,13,Walking,1275522227000,-0.15,13.02,1.8387468999999996
104947,13,Walking,1275572307000,0.65,12.34,3.4050870000000004
104948,13,Walking,1275622233000,1.73,14.71,1.7570249
104949,13,Walking,1275672313000,-2.75,19.23,-7.014479
104950,13,Walking,1275722240000,-4.9,15.66,3.5957718
104951,13,Walking,1275772288000,-0.3,10.5,-2.1111538
104952,13,Walking,1275822246000,2.03,6.36,-2.9556155
104953,13,Walking,1275872264000,-0.34,2.26,-3.9499009
104954,13,Walking,1275922252000,-2.11,0.57,-4.372132
104955,13,Walking,1275972301000,-0.99,3.87,2.0294318
104956,13,Walking,1276022227000,-4.67,16.25,16.208214
104957,13,Walking,1276072307000,-3.6,11.96,5.5162406
104958,13,Walking,1276122356000,-4.75,7.12,4.671779
104959,13,Walking,1276172313000,-1.57,14.1,-0.14982383
104960,13,Walking,1276222240000,-2.6,5.52,-5.1348709999999995
104961,13,Walking,1276272258000,-2.34,10.04,-5.8567495
104962,13,Walking,1276322215000,0.53,16.32,0.3405087
104963,13,Walking,1276372295000,4.86,7.08,-0.6946376999999999
104964,13,Walking,1276422252000,-1.65,7.46,1.56634
104965,13,Walking,1276472331000,-0.69,9.38,2.2201166000000003
104966,13,Walking,1276522227000,1.5,7.59,-3.5957718
104967,13,Walking,1276572307000,0.72,11.99,3.0645783
104968,13,Walking,1276622295000,0.61,13.63,2.6832085
104969,13,Walking,1276672313000,1.46,11.54,3.6774937999999993
104970,13,Walking,1276722240000,0.5,16.59,-0.95342433
104971,13,Walking,1276772288000,-3.15,19.34,-5.706926
104972,13,Walking,1276822246000,-5.43,16.63,3.214402
104973,13,Walking,1276872264000,-1.99,8.81,-3.214402
104974,13,Walking,1276922252000,3.83,5.24,-2.2201166000000003
104975,13,Walking,1276972301000,0.53,0.38,-3.9771416
104976,13,Walking,1277022227000,-2.75,-0.3,-2.8738932999999998
104977,13,Walking,1277072337000,-0.46,5.79,4.372132
104978,13,Walking,1277122233000,-4.99,19.04,14.941522
