,user,label,timestamp,x,y,z
105379,13,Walking,1297172313000,5.18,12.57,0.38136974
105380,13,Walking,1297222240000,-0.46,7.21,-1.3756552
105381,13,Walking,1297272288000,-1.31,9.08,1.4982381999999999
105382,13,Walking,1297322246000,0.23,9.04,-0.8036005
105383,13,Walking,1297372264000,-0.61,8.58,-2.4108016
105384,13,Walking,1297422252000,1.33,13.14,3.7592160000000003
105385,13,Walking,1297472301000,0.89,13.29,3.2961242
105386,13,Walking,1297522227000,-0.27,12.91,3.214402
105387,13,Walking,1297572307000,-0.95,16.25,-5.7477865
105388,13,Walking,1297622233000,-4.56,18.24,2.1792557
105389,13,Walking,1297672313000,-2.3,12.22,-1.56634
105390,13,Walking,1297722240000,2.3,8.05,-1.8387468999999996
105391,13,Walking,1297772319000,0.69,3.87,-2.4108016
105392,13,Walking,1297822246000,-2.83,1.18,-3.5685309999999997
105393,13,Walking,1297872295000,-1.23,2.72,-1.4982381999999999
105394,13,Walking,1297922252000,-0.46,8.81,9.343558
105395,13,Walking,1297972301000,-1.92,18.12,12.571581
105396,13,Walking,1298022227000,-4.86,8.05,3.6774937999999993
105397,13,Walking,1298072307000,-2.11,10.0,4.671779
105398,13,Walking,1298122233000,-4.71,10.73,-4.903325
105399,13,Walking,1298172313000,-1.8,6.51,-2.6014863999999998
105400,13,Walking,1298222240000,-0.34,12.57,-2.2201166000000003
105401,13,Walking,1298272288000,4.44,12.53,0.92618364
105402,13,Walking,1298322246000,0.15,6.97,-0.6537767
105403,13,Walking,1298372264000,-0.91,8.5,1.334794
105404,13,Walking,1298422252000,-1.23,9.19,0.7218784
105405,13,Walking,1298472301000,0.38,8.08,-1.1168685
105406,13,Walking,1298522227000,0.72,11.41,-0.46309182
105407,13,Walking,1298572307000,0.46,13.29,2.4108016
105408,13,Walking,1298622264000,2.15,14.02,2.5606253
105409,13,Walking,1298672313000,-2.34,13.95,3.7592160000000003
105410,13,Walking,1298722240000,-0.99,16.59,-7.8861814
105411,13,Walking,1298772288000,-4.94,15.6,3.3778462
105412,13,Walking,1298822246000,-1.27,10.38,-3.2552630000000002
105413,13,Walking,1298872295000,0.69,6.7,-1.3756552
105414,13,Walking,1298922252000,0.23,3.41,-3.3642258999999997
105415,13,Walking,1298972301000,-2.34,0.65,-3.2961242
105416,13,Walking,1299022227000,0.04,3.6,1.7570249
105417,13,Walking,1299072337000,-3.64,17.01,15.785982999999998
105418,13,Walking,1299122233000,-4.4,12.83,6.1291566
105419,13,Walking,1299172313000,-5.94,11.88,8.662541000000001
105420,13,Walking,1299222240000,-0.8,4.9,-10.337844
105421,13,Walking,1299272288000,-1.84,9.81,-3.2552630000000002
105422,13,Walking,1299322246000,-1.04,13.63,-2.0294318
105423,13,Walking,1299372295000,3.83,11.75,1.0760075
105424,13,Walking,1299422252000,-0.11,6.97,-0.19068487
105425,13,Walking,1299472301000,-1.23,8.2,1.4573771999999998
105426,13,Walking,1299522227000,-0.19,9.19,0.5720546
105427,13,Walking,1299572307000,-0.65,7.93,-1.334794
105428,13,Walking,1299622233000,1.57,12.91,0.23154591
105429,13,Walking,1299672313000,0.61,13.21,2.8330324
105430,13,Walking,1299722240000,1.18,12.79,2.6423476000000004
105431,13,Walking,1299772288000,-1.76,13.95,2.9147543999999996
105432,13,Walking,1299822246000,-0.61,18.16,-6.633109599999999
105433,13,Walking,1299872325000,-5.09,15.4,3.4459480000000005
105434,13,Walking,1299922252000,-1.27,9.96,-2.4108016
105435,13,Walking,1299972331000,1.23,5.52,-1.9885708
105436,13,Walking,1300022227000,-0.11,2.45,-3.4459480000000005
105437,13,Walking,1300072307000,-1.8,0.84,-2.982856
105438,13,Walking,1300122233000,-0.46,4.86,3.0237172
105439,13,Walking,1300172313000,-4.29,18.5,16.548723000000003
105440,13,Walking,1300222240000,-3.64,8.69,5.2165932999999995
105441,13,Walking,1300272288000,-4.99,8.85,3.6774937999999993
105442,13,Walking,1300322246000,-2.53,13.18,-3.214402
105443,13,Walking,1300372294000,-3.45,6.21,-3.9771416
105444,13,Walking,1300422252000,-1.53,11.14,-4.290409599999999
105445,13,Walking,1300472301000,6.24,14.25,1.9204689999999998
105446,13,Walking,1300522227000,0.61,7.63,0.08172209
105447,13,Walking,1300572307000,-1.88,8.08,1.6480621
105448,13,Walking,1300622233000,-0.46,8.89,1.0760075
105449,13,Walking,1300672313000,0.5,8.24,-2.4925237
105450,13,Walking,1300722301000,0.61,11.84,1.2258313
105451,13,Walking,1300772288000,0.38,13.76,2.2609777
105452,13,Walking,1300822246000,0.42,12.41,3.2961242
105453,13,Walking,1300872294000,-0.46,13.57,3.4050870000000004
105454,13,Walking,1300922252000,0.95,18.05,-7.586533500000001
105455,13,Walking,1300972301000,-6.51,16.66,3.5276701
105456,13,Walking,1301022227000,-1.84,10.19,-3.0645783
105457,13,Walking,1301072307000,1.99,6.32,-1.525479
105458,13,Walking,1301122233000,1.12,3.06,-3.2552630000000002
105459,13,Walking,1301172404000,-2.98,0.27,-3.4868089999999996
105460,13,Walking,1301222240000,-0.61,3.49,0.7627395
105461,13,Walking,1301272288000,-4.1,14.79,14.1787815
105462,13,Walking,1301322246000,-2.83,13.44,7.1234417
105463,13,Walking,1301372294000,-6.36,8.24,3.5685309999999997
105464,13,Walking,1301422374000,-2.72,15.43,3.1463002999999996
105465,13,Walking,1301472453000,-2.3,2.83,-6.3607025
105466,13,Walking,1301522258000,-0.15,10.73,-5.5162406
105467,13,Walking,1301572337000,2.6,15.02,1.3075534
105468,13,Walking,1301632274000,0.61,7.89,-0.19068487
105469,13,Walking,1301682231000,-1.65,7.44,1.7297841
105470,13,Walking,1301732310000,0.11,8.85,0.61291564
105471,13,Walking,1301782237000,0.89,8.08,-2.3699405
105472,13,Walking,1301832286000,0.89,13.29,3.1463002999999996
105473,13,Walking,1301882213000,-1.27,13.02,3.5685309999999997
105474,13,Walking,1301932292000,0.34,11.84,4.5628166
105475,13,Walking,1301982249000,3.76,16.09,-4.630918
105476,13,Walking,1302032268000,-5.05,19.27,-0.10896278
105477,13,Walking,1302082286000,-4.14,12.95,-3.4868089999999996
105478,13,Walking,1302132335000,-0.95,8.35,-3.4868089999999996
105479,13,Walking,1302182414000,4.02,5.41,-1.6480621
105480,13,Walking,1302232371000,-1.57,0.72,-4.0588636
105481,13,Walking,1302282268000,-1.76,1.65,-2.4516625
105482,13,Walking,1302332347000,-1.88,8.01,8.117727
105483,13,Walking,1302392253000,-2.68,17.2,11.727119
105484,13,Walking,1302442210000,-7.44,10.65,3.8681788
105485,13,Walking,1302492259000,-1.84,12.79,5.366417
105486,13,Walking,1302542522000,-3.6,2.22,-8.771504
105487,13,Walking,1302592265000,-0.15,10.95,-5.366417
105488,13,Walking,1302642222000,1.65,16.02,1.7297841
105489,13,Walking,1302692302000,2.87,8.54,-0.08172209
105490,13,Walking,1302742198000,-0.46,6.74,0.19068487
105491,13,Walking,1302792277000,-1.61,9.23,2.3018389
105492,13,Walking,1302842204000,0.42,8.47,-0.38136974
105493,13,Walking,1302892284000,0.11,10.08,-0.6537767
105494,13,Walking,1302942241000,2.07,13.57,2.2609777
105495,13,Walking,1302992259000,-0.42,11.92,3.4050870000000004
105496,13,Walking,1303042277000,-0.5,14.02,3.6774937999999993
105497,13,Walking,1303092265000,0.19,17.47,-6.9327570000000005
105498,13,Walking,1303142284000,-6.02,18.24,2.7240696
105499,13,Walking,1303192271000,-3.91,10.42,-2.3426998
105500,13,Walking,1303242259000,1.54,6.4,-1.7570249
105501,13,Walking,1303292308000,2.22,3.3,-3.3642258999999997
105502,13,Walking,1303342235000,-3.26,0.15,-3.6774937999999993
105503,13,Walking,1303392314000,-0.91,2.64,0.08172209
105504,13,Walking,1303442241000,-2.79,14.75,14.601013
105505,13,Walking,1303492290000,-3.06,13.87,7.8589406
105506,13,Walking,1303542430000,-7.78,10.15,5.366417
105507,13,Walking,1303592265000,-2.26,12.87,-0.14982383
105508,13,Walking,1303642222000,-2.45,2.6,-4.9850473
105509,13,Walking,1303692271000,-0.27,13.02,-5.666064700000001
105510,13,Walking,1303742290000,4.14,15.36,2.6423476000000004
105511,13,Walking,1303792277000,-0.34,6.74,-1.0760075
105512,13,Walking,1303842235000,-1.18,7.35,1.5390993
105513,13,Walking,1303892284000,-0.38,9.7,1.3756552
105514,13,Walking,1303942210000,0.31,8.12,-0.9125633
105515,13,Walking,1303992259000,-0.46,11.07,-0.5720546
105516,13,Walking,1304042216000,1.18,13.72,2.8738932999999998
105517,13,Walking,1304092265000,2.11,12.26,2.5606253
105518,13,Walking,1304142222000,-1.12,13.87,3.4459480000000005
105519,13,Walking,1304192271000,-0.04,17.27,-7.1234417
105520,13,Walking,1304242198000,-5.33,17.47,3.2552630000000002
105521,13,Walking,1304292277000,-2.96,10.34,-2.3018389
105522,13,Walking,1304342235000,0.8,6.28,-1.9885708
105523,13,Walking,1304392284000,1.46,3.53,-3.336985
105524,13,Walking,1304442210000,-2.64,0.15,-3.5276701
105525,13,Walking,1304492259000,-0.19,3.49,0.50395286
105526,13,Walking,1304542277000,-3.45,15.98,15.472714999999999
105527,13,Walking,1304592296000,-2.56,11.84,6.742072
105528,13,Walking,1304642284000,-7.27,10.5,4.2086873
105529,13,Walking,1304692271000,-1.14,11.65,0.14982383
105530,13,Walking,1304742198000,-1.95,5.9,-4.4810944
105531,13,Walking,1304792277000,-1.53,10.5,-3.8681788
105532,13,Walking,1304842235000,1.65,14.33,0.6946376999999999
105533,13,Walking,1304892284000,2.07,7.78,-0.84446156
105534,13,Walking,1304942241000,-0.8,7.97,1.1168685
105535,13,Walking,1304992259000,-0.53,9.23,1.5390993
105536,13,Walking,1305042247000,0.34,7.67,-2.070293
105537,13,Walking,1305092265000,0.93,11.65,0.27240697
105538,13,Walking,1305142253000,-0.61,14.18,2.4925237
105539,13,Walking,1305192271000,2.11,12.41,2.6014863999999998
105540,13,Walking,1305242229000,-0.72,13.82,3.4868089999999996
105541,13,Walking,1305292338000,-0.99,18.5,-7.205164
105542,13,Walking,1305342418000,-4.02,15.79,3.0237172
105543,13,Walking,1305392284000,-0.91,9.89,-2.7921712000000003
105544,13,Walking,1305442210000,2.56,6.24,-2.070293
105545,13,Walking,1305492290000,-0.5,2.79,-3.8681788
105546,13,Walking,1305542247000,-3.15,0.76,-3.5685309999999997
105547,13,Walking,1305592265000,-0.38,4.52,1.0351465
105548,13,Walking,1305642222000,-4.63,17.16,16.630445
105549,13,Walking,1305692271000,-3.53,12.18,4.7535014
105550,13,Walking,1305742198000,-5.37,7.4,4.3993720000000005
105551,13,Walking,1305792277000,-2.26,15.98,-3.0645783
105552,13,Walking,1305842235000,-1.99,1.69,-2.3018389
105553,13,Walking,1305892284000,-1.65,10.84,-5.1348709999999995
105554,13,Walking,1305942241000,4.94,14.75,2.2201166000000003
105555,13,Walking,1305992259000,0.38,7.4,-0.9125633
105556,13,Walking,1306042247000,-2.41,8.05,0.9942854
105557,13,Walking,1306092265000,-0.15,8.73,0.88532263
105558,13,Walking,1306142284000,0.34,8.43,-3.336985
105559,13,Walking,1306192271000,1.5,12.45,4.1814466
105560,13,Walking,1306242229000,1.54,14.44,2.1792557
105561,13,Walking,1306292308000,1.88,13.91,1.8796080000000002
105562,13,Walking,1306342265000,-3.36,16.21,-4.7535014
105563,13,Walking,1306392314000,-4.4,17.92,1.8796080000000002
105564,13,Walking,1306442210000,-2.26,12.07,-2.2609777
105565,13,Walking,1306492259000,1.38,8.62,-1.7570249
105566,13,Walking,1306542216000,0.99,4.1,-2.982856
105567,13,Walking,1306592265000,-2.26,1.57,-4.290409599999999
105568,13,Walking,1306642253000,-0.69,1.57,-1.4982381999999999
105569,13,Walking,1306692271000,-0.8,10.12,11.536434
105570,13,Walking,1306742198000,-2.96,17.05,11.563675
105571,13,Walking,1306792308000,-8.81,9.3,4.140586
105572,13,Walking,1306842204000,-3.36,7.55,1.9885708
105573,13,Walking,1306892284000,-1.65,11.37,-7.205164
105574,13,Walking,1306942210000,-0.76,8.77,-3.4050870000000004
105575,13,Walking,1306992259000,0.8,14.37,0.84446156
105576,13,Walking,1307042216000,2.18,8.58,-0.95342433
105577,13,Walking,1307092265000,-0.34,7.74,0.5720546
105579,13,Walking,1307142222000,-0.72,9.19,2.2201166000000003
