,user,label,timestamp,x,y,z
113799,13,Walking,1796002238000,-3.34,9.15,-0.10896278
113800,13,Walking,1796072337000,-1.23,9.15,-0.10896278
113802,13,Walking,1796122264000,2.6,11.99,0.61291564
113801,13,Walking,1796122264000,2.6,11.99,0.61291564
113803,13,Walking,1796222240000,-2.07,12.49,6.9327570000000005
113804,13,Walking,1796272319000,3.06,17.73,-4.9850473
113805,13,Walking,1796332286000,-5.09,19.34,1.0351465
113806,13,Walking,1796382213000,-6.78,12.76,-1.7978859
113807,13,Walking,1796432262000,1.18,5.6,-1.9204689999999998
113808,13,Walking,1796482249000,2.22,2.72,-2.6832085
113809,13,Walking,1796532268000,-2.96,-1.27,-5.09401
113810,13,Walking,1796582225000,-0.27,2.3,1.4982381999999999
113811,13,Walking,1796632274000,-6.36,14.6,15.050485
113812,13,Walking,1796682231000,-5.79,11.41,5.625203599999999
113813,13,Walking,1796732249000,-6.43,8.47,5.938472
113814,13,Walking,1796782237000,-2.18,14.44,-4.630918
113815,13,Walking,1796832255000,0.04,5.09,-3.7592160000000003
113816,13,Walking,1796882243000,-1.84,14.25,-3.2552630000000002
113817,13,Walking,1796932231000,1.73,12.26,1.6480621
113818,13,Walking,1796982280000,-1.23,5.37,0.7627395
113819,13,Walking,1797032298000,-0.84,7.59,1.4573771999999998
113820,13,Walking,1797082225000,-0.89,8.85,0.38136974
113821,13,Walking,1797132243000,-0.91,9.04,-0.19068487
113822,13,Walking,1797182231000,2.68,13.48,2.4516625
113823,13,Walking,1797232249000,-0.95,13.95,3.5276701
113824,13,Walking,1797282268000,-1.38,14.82,4.2086873
113825,13,Walking,1797332286000,-1.95,17.27,-7.014479
113826,13,Walking,1797382243000,-4.9,18.24,3.6366330000000002
113827,13,Walking,1797432231000,-3.79,11.8,-2.6014863999999998
113828,13,Walking,1797482249000,2.53,6.89,-1.525479
113829,13,Walking,1797532268000,0.46,2.18,-3.8681788
113830,13,Walking,1797582255000,-2.87,-1.42,-4.8216033
113831,13,Walking,1797632274000,0.31,2.96,0.38136974
113832,13,Walking,1797682231000,-5.94,14.9,16.358038
113833,13,Walking,1797732310000,-6.43,14.56,5.325556
113834,13,Walking,1797782237000,-5.41,8.58,8.853226
113835,13,Walking,1797832316000,-2.49,10.08,-10.038197
113836,13,Walking,1797882213000,-0.34,5.01,-0.46309182
113837,13,Walking,1797932231000,-3.49,15.02,-3.6366330000000002
113838,13,Walking,1797982249000,4.1,12.3,1.6480621
113839,13,Walking,1798032237000,-0.72,5.94,-1.1168685
113840,13,Walking,1798082255000,-3.11,7.82,1.8796080000000002
113841,13,Walking,1798132274000,-0.23,9.58,-0.040861044
113842,13,Walking,1798182231000,1.08,8.58,-1.1849703
113843,13,Walking,1798232280000,-1.12,14.14,5.434519
113844,13,Walking,1798282268000,0.15,13.06,2.7649305
113845,13,Walking,1798332255000,1.18,15.75,-1.6889231
113846,13,Walking,1798382213000,-4.06,17.77,-3.8273177000000005
113847,13,Walking,1798432231000,-6.17,16.13,0.7218784
113848,13,Walking,1798482219000,-3.68,11.35,-1.9204689999999998
113849,13,Walking,1798532237000,0.99,4.82,-2.2201166000000003
113850,13,Walking,1798582225000,0.89,2.56,-3.5685309999999997
113851,13,Walking,1798632243000,-1.84,-0.76,-3.3642258999999997
113852,13,Walking,1798682231000,0.84,3.87,3.1463002999999996
113853,13,Walking,1798732280000,-3.76,17.69,16.930092000000002
113854,13,Walking,1798782237000,-7.74,9.23,4.7126402999999994
113855,13,Walking,1798832255000,-1.8,6.78,5.1348709999999995
113856,13,Walking,1798882213000,-2.22,15.09,-6.0474343
113857,13,Walking,1798932262000,-2.3,4.4,-2.4108016
113858,13,Walking,1798982219000,-4.33,15.24,-3.4459480000000005
113859,13,Walking,1799032268000,3.41,10.61,2.3699405
113860,13,Walking,1799082225000,0.31,5.98,-0.38136974
113861,13,Walking,1799132274000,-2.56,8.47,1.8796080000000002
113862,13,Walking,1799182201000,0.0,8.5,0.6946376999999999
113863,13,Walking,1799232280000,0.99,10.92,-0.19068487
113864,13,Walking,1799282207000,0.11,14.33,4.630918
113865,13,Walking,1799332286000,-2.75,11.6,5.325556
113866,13,Walking,1799382213000,3.64,15.32,-3.0237172
113867,13,Walking,1799432231000,-2.75,18.35,-6.5513873
113868,13,Walking,1799482280000,-7.44,17.35,4.862464
113869,13,Walking,1799532268000,-1.31,9.92,-2.4516625
113870,13,Walking,1799582255000,2.53,5.33,-2.1792557
113871,13,Walking,1799632243000,-0.61,1.18,-3.9771416
113872,13,Walking,1799682262000,-3.34,-1.27,-2.982856
113873,13,Walking,1799732280000,-0.19,4.71,3.336985
113874,13,Walking,1799782237000,-5.6,17.77,16.317176999999997
113875,13,Walking,1799832316000,-5.33,11.18,3.7592160000000003
113876,13,Walking,1799882213000,-2.22,5.67,6.170017700000001
113877,13,Walking,1799932262000,-3.68,14.86,-5.09401
113879,13,Walking,1799982219000,-0.91,3.3,-2.1111538
113878,13,Walking,1799982219000,-0.91,3.3,-2.1111538
113880,13,Walking,1800042369000,-4.4,12.72,-2.9556155
113881,13,Walking,1800092143000,4.48,12.03,1.6889231
113882,13,Walking,1800142436000,-0.3,6.59,-0.9125633
113883,13,Walking,1800192271000,-2.96,8.89,2.5606253
113884,13,Walking,1800242290000,0.34,8.69,-0.46309182
113885,13,Walking,1800302287000,-0.34,10.04,-0.7218784
113886,13,Walking,1800352214000,1.33,14.14,3.1054392
113887,13,Walking,1800402293000,-0.15,12.03,6.0201936
113888,13,Walking,1800452220000,0.31,15.13,-2.3018389
113889,13,Walking,1800502299000,-3.49,17.47,-5.625203599999999
113890,13,Walking,1800552257000,-5.13,16.66,3.0645783
113891,13,Walking,1800602275000,-3.06,10.15,-2.1111538
113892,13,Walking,1800652232000,2.45,5.83,-1.607201
113893,13,Walking,1800702281000,-0.5,0.93,-3.2552630000000002
113894,13,Walking,1800752238000,-3.02,0.31,-3.1463002999999996
113895,13,Walking,1800802318000,0.34,4.14,2.3699405
113896,13,Walking,1800852244000,-4.4,17.67,18.087822
113897,13,Walking,1800902293000,-5.2,9.62,4.372132
113898,13,Walking,1800952251000,-3.76,5.05,3.9090397000000006
113899,13,Walking,1801002299000,-1.84,16.47,-2.8330324
113900,13,Walking,1801052257000,-2.03,0.95,-0.53119355
113901,13,Walking,1801110362000,-4.44,13.18,-5.8158884
113902,13,Walking,1801162334000,3.72,12.95,1.7570249
113903,13,Walking,1801212291000,-0.42,6.7,-1.1441092
113904,13,Walking,1801262248000,-3.45,7.74,1.9477096999999999
113905,13,Walking,1801312266000,0.23,9.28,-0.84446156
113906,13,Walking,1801362224000,0.53,9.38,-0.50395286
113907,13,Walking,1801412303000,1.33,14.71,4.372132
113908,13,Walking,1801462230000,-0.84,12.83,4.862464
113909,13,Walking,1801512279000,-0.15,14.67,2.3426998
113910,13,Walking,1801562205000,-2.18,18.77,-7.164303
113911,13,Walking,1801612285000,-6.63,17.69,5.47538
113912,13,Walking,1801662273000,-0.99,10.5,-3.7864565999999997
113913,13,Walking,1801712260000,0.95,4.67,-3.0237172
113914,13,Walking,1801762248000,0.08,-0.04,-4.290409599999999
113915,13,Walking,1801812266000,-2.72,-1.33,-3.8681788
113916,13,Walking,1801862285000,0.61,6.59,5.666064700000001
113917,13,Walking,1801912303000,-6.85,18.92,16.08563
113918,13,Walking,1801962260000,-7.97,9.38,3.5276701
113919,13,Walking,1802012279000,-1.69,7.44,6.782933
113920,13,Walking,1802062266000,-1.31,12.64,-8.539958
113921,13,Walking,1802112315000,-2.87,12.68,3.4050870000000004
113923,13,Walking,1802212657000,6.97,12.68,3.4050870000000004
113922,13,Walking,1802212657000,6.97,12.68,3.4050870000000004
113924,13,Walking,1802262218000,-0.46,5.75,-0.95342433
113925,13,Walking,1802312297000,-4.63,8.35,2.152015
113926,13,Walking,1802362285000,0.04,8.73,0.10896278
113927,13,Walking,1802412334000,1.18,9.62,-2.5333846
113928,13,Walking,1802472240000,2.15,14.44,4.018002500000001
113929,13,Walking,1802522227000,-0.46,12.57,4.0588636
113930,13,Walking,1802572337000,-0.99,16.17,-1.0351465
113931,13,Walking,1802622233000,-4.79,19.23,-5.175732
113932,13,Walking,1802672313000,-5.24,15.28,2.0294318
113933,13,Walking,1802722240000,0.11,8.92,-2.4516625
113934,13,Walking,1802772288000,2.07,4.63,-3.3642258999999997
113935,13,Walking,1802822246000,-2.14,-0.57,-4.944186
113936,13,Walking,1802872264000,-2.14,-0.11,-3.7183550000000003
113937,13,Walking,1802922252000,0.38,8.16,8.962189
113938,13,Walking,1802972301000,-4.9,18.85,14.369467000000002
113939,13,Walking,1803022227000,-8.92,10.04,4.0588636
113940,13,Walking,1803072368000,-4.52,13.4,7.3958488
113941,13,Walking,1803122233000,0.42,1.33,-11.304889
113942,13,Walking,1803172313000,-2.3,12.15,-3.3642258999999997
113943,13,Walking,1803222270000,-1.38,13.4,0.50395286
113944,13,Walking,1803272288000,3.79,9.96,-0.50395286
113945,13,Walking,1803322276000,-0.8,6.24,0.23154591
113946,13,Walking,1803372325000,-2.6,9.15,2.152015
113947,13,Walking,1803422252000,-0.27,7.74,-1.8387468999999996
113948,13,Walking,1803472301000,1.18,10.5,0.313268
113949,13,Walking,1803522227000,1.69,14.52,2.9556155
113950,13,Walking,1803572337000,-0.27,13.44,4.018002500000001
113951,13,Walking,1803622264000,-1.42,14.25,3.5957718
113952,13,Walking,1803672313000,-2.3,18.35,-7.7363577
113953,13,Walking,1803722270000,-6.7,17.05,4.3312707
113954,13,Walking,1803772288000,-1.92,11.18,-3.4459480000000005
113955,13,Walking,1803822246000,2.79,6.51,-2.070293
113956,13,Walking,1803872295000,0.61,0.8,-3.9090397000000006
113957,13,Walking,1803922252000,-3.45,-1.12,-4.2495484
113958,13,Walking,1803972301000,0.04,5.48,2.9556155
113959,13,Walking,1804022227000,-5.48,16.93,15.472714999999999
113960,13,Walking,1804072307000,-7.74,14.21,4.2495484
113961,13,Walking,1804122233000,-5.56,10.08,5.706926
113962,13,Walking,1804172313000,2.3,6.55,-8.471855999999999
113963,13,Walking,1804222270000,-0.46,6.59,-1.3075534
113964,13,Walking,1804272319000,-4.18,14.79,-1.3075534
113965,13,Walking,1804322246000,3.79,10.61,0.95342433
113966,13,Walking,1804372295000,-0.27,6.63,-1.2666923
113967,13,Walking,1804422252000,-3.34,8.39,2.4516625
113968,13,Walking,1804472301000,0.46,8.39,-1.9885708
113969,13,Walking,1804522227000,-0.76,9.85,0.38136974
113970,13,Walking,1804572337000,1.99,14.21,2.4925237
113971,13,Walking,1804622264000,0.08,13.59,3.6774937999999993
113972,13,Walking,1804672313000,-0.3,14.06,2.3426998
113973,13,Walking,1804722240000,-3.21,16.78,-6.701211
113974,13,Walking,1804772288000,-6.05,17.01,3.7864565999999997
113975,13,Walking,1804822276000,-1.69,11.65,-2.9556155
113976,13,Walking,1804872295000,2.07,6.78,-1.3756552
113977,13,Walking,1804922282000,0.19,2.15,-3.9771416
113978,13,Walking,1804972301000,-3.15,0.11,-4.440233
113979,13,Walking,1805022227000,0.57,3.95,1.3075534
113980,13,Walking,1805072307000,-3.06,16.66,16.780268
113981,13,Walking,1805122233000,-7.27,10.65,4.2086873
113982,13,Walking,1805172313000,-4.71,6.89,5.9793324
113983,13,Walking,1805222270000,-2.41,10.19,-4.0588636
113984,13,Walking,1805272288000,-2.26,9.3,-3.8273177000000005
113985,13,Walking,1805322215000,-1.18,12.95,-3.9499009
113986,13,Walking,1805372295000,0.95,12.41,0.95342433
113987,13,Walking,1805422252000,2.56,7.46,-0.3405087
113988,13,Walking,1805472301000,-2.41,7.08,2.0294318
113989,13,Walking,1805522227000,-1.31,8.47,1.56634
113990,13,Walking,1805572307000,0.0,8.35,-2.3699405
113991,13,Walking,1805622233000,0.84,12.72,2.9147543999999996
113992,13,Walking,1805672313000,1.8,14.71,3.5685309999999997
113993,13,Walking,1805722240000,0.5,13.87,4.290409599999999
113994,13,Walking,1805772288000,-2.22,17.39,-4.630918
113995,13,Walking,1805822246000,-7.01,18.16,0.19068487
113996,13,Walking,1805872295000,-5.33,13.02,-1.4982381999999999
113997,13,Walking,1805922282000,2.76,8.01,-2.1111538
113998,13,Walking,1805972301000,2.64,2.91,-3.4868089999999996
