,user,label,timestamp,x,y,z
50952,33,Downstairs,10388272227000,-2.79,17.01,4.6036777
50953,33,Downstairs,10388322276000,-0.53,13.02,7.4639505999999995
50954,33,Downstairs,10388372234000,0.11,9.38,5.0531489999999994
50955,33,Downstairs,10388422282000,-0.3,7.08,2.4108016
50956,33,Downstairs,10388472270000,-1.08,3.72,2.1792557
50957,33,Downstairs,10388532329000,0.69,4.06,2.8738932999999998
50958,33,Downstairs,10388582591000,0.61,7.46,3.6774937999999993
50959,33,Downstairs,10388632365000,-0.42,9.04,3.5685309999999997
50960,33,Downstairs,10388682231000,-0.65,8.05,3.8681788
50961,33,Downstairs,10388732341000,0.84,14.52,1.6889231
50962,33,Downstairs,10388792278000,1.33,13.38,4.3993720000000005
50963,33,Downstairs,10388842204000,2.96,12.68,2.5606253
50964,33,Downstairs,10388892284000,-0.99,10.76,1.607201
50965,33,Downstairs,10388942210000,0.38,8.05,1.56634
50966,33,Downstairs,10388992290000,0.57,5.83,2.5333846
50967,33,Downstairs,10389042247000,2.37,5.75,2.4925237
50968,33,Downstairs,10389092296000,3.87,9.0,3.214402
50969,33,Downstairs,10389142223000,0.11,7.44,4.140586
50970,33,Downstairs,10389192302000,-0.72,6.32,3.0645783
50971,33,Downstairs,10389242198000,-1.8,17.97,4.2495484
50972,33,Downstairs,10389292308000,-0.38,11.37,7.055340299999999
50973,33,Downstairs,10389342204000,-0.99,9.58,4.9850473
50974,33,Downstairs,10389392284000,-1.23,6.59,2.152015
50975,33,Downstairs,10389442241000,-0.5,3.95,1.334794
50976,33,Downstairs,10389492259000,0.76,4.33,2.9147543999999996
50977,33,Downstairs,10389542247000,0.31,9.23,5.829509
50978,33,Downstairs,10389592296000,-1.73,9.34,2.7240696
50979,33,Downstairs,10389642253000,-0.72,7.44,3.1054392
50980,33,Downstairs,10389692241000,0.65,12.57,3.4868089999999996
50981,33,Downstairs,10389742320000,3.49,14.94,3.0645783
50982,33,Downstairs,10389792216000,2.91,13.21,3.990762
50983,33,Downstairs,10389842296000,0.84,11.07,1.8387468999999996
50984,33,Downstairs,10389892223000,0.69,10.04,1.4982381999999999
50985,33,Downstairs,10389942271000,-0.04,7.82,1.9204689999999998
50986,33,Downstairs,10389992198000,1.31,6.09,2.6423476000000004
50987,33,Downstairs,10390042308000,3.57,7.06,1.7297841
50988,33,Downstairs,10390092265000,1.42,7.46,3.1054392
50989,33,Downstairs,10390142253000,-0.69,6.02,1.4573771999999998
50990,33,Downstairs,10390192271000,-1.5,9.89,5.407278
50991,33,Downstairs,10390242229000,-2.87,16.74,4.862464
50992,33,Downstairs,10390292308000,-0.27,11.37,6.633109599999999
50993,33,Downstairs,10390342235000,-1.38,9.58,5.243834
50994,33,Downstairs,10390392314000,0.27,5.18,2.0294318
50995,33,Downstairs,10390442241000,-0.42,3.38,0.88532263
50996,33,Downstairs,10390492320000,-0.38,6.17,2.1792557
50997,33,Downstairs,10390542278000,-0.61,9.89,4.1814466
50998,33,Downstairs,10390592265000,-0.95,8.01,4.5219555
50999,33,Downstairs,10390642253000,-0.76,8.08,2.1792557
51000,33,Downstairs,10390692241000,0.08,12.07,2.4516625
51001,33,Downstairs,10390742290000,3.45,14.98,4.099725
51002,33,Downstairs,10390792247000,1.61,12.87,3.5685309999999997
51003,33,Downstairs,10390842326000,-0.11,11.73,1.3756552
51004,33,Downstairs,10390892253000,0.23,9.04,1.5390993
51005,33,Downstairs,10390942271000,1.27,6.97,2.0294318
51006,33,Downstairs,10390992259000,2.11,6.4,2.3018389
51007,33,Downstairs,10391042308000,4.63,7.74,2.9147543999999996
51008,33,Downstairs,10391092296000,3.53,8.62,3.173541
51009,33,Downstairs,10391142253000,0.08,7.12,0.88532263
51010,33,Downstairs,10391192271000,-2.49,14.56,2.152015
51011,33,Downstairs,10391242198000,1.8,16.66,2.982856
51012,33,Downstairs,10391292308000,2.03,16.09,3.336985
51013,33,Downstairs,10391342235000,0.31,11.26,2.6423476000000004
51014,33,Downstairs,10391392314000,0.69,7.89,0.92618364
51015,33,Downstairs,10391442241000,-0.11,5.56,-0.08172209
51016,33,Downstairs,10391492259000,-0.61,6.55,1.4982381999999999
51017,33,Downstairs,10391542247000,-0.27,10.19,4.862464
51018,33,Downstairs,10391592265000,0.23,9.96,5.47538
51019,33,Downstairs,10391642253000,-1.12,9.08,4.0588636
51020,33,Downstairs,10391692241000,-0.57,16.36,1.7978859
51021,33,Downstairs,10391742290000,2.34,6.74,-1.4982381999999999
51022,33,Downstairs,10391792247000,3.53,9.23,0.61291564
51023,33,Downstairs,10391842265000,0.53,11.3,1.0760075
51024,33,Downstairs,10391892253000,-0.11,8.85,0.6946376999999999
51025,33,Downstairs,10391942332000,0.53,9.23,0.7627395
51026,33,Downstairs,10391992625000,0.8,9.62,0.9942854
51027,33,Downstairs,10392042308000,0.23,9.53,0.95342433
51028,33,Downstairs,10392092235000,-0.61,9.96,1.7297841
51029,33,Downstairs,10392142314000,4.37,10.69,1.1849703
51030,33,Downstairs,10392192241000,3.02,13.72,2.7240696
51031,33,Downstairs,10392242290000,-0.19,10.95,0.10896278
51032,33,Downstairs,10392292278000,-2.26,10.57,-0.7627395
51033,33,Downstairs,10392342204000,-0.76,14.9,3.5685309999999997
51034,33,Downstairs,10392392345000,3.41,9.11,1.3756552
51035,33,Downstairs,10392442241000,-0.38,5.79,1.6889231
51036,33,Downstairs,10392492351000,-0.65,5.05,2.152015
51037,33,Downstairs,10392542247000,-0.99,5.05,1.0760075
51038,33,Downstairs,10392592265000,-1.27,7.63,2.1792557
51039,33,Downstairs,10392642253000,0.27,6.44,2.2201166000000003
51040,33,Downstairs,10392692241000,0.15,7.63,2.7921712000000003
51041,33,Downstairs,10392742290000,-0.23,10.0,4.6036777
51042,33,Downstairs,10392792247000,-0.57,6.78,1.3756552
51043,33,Downstairs,10392842265000,0.04,13.14,1.56634
51044,33,Downstairs,10392892253000,2.18,14.52,6.0201936
51045,33,Downstairs,10392942302000,3.3,14.75,1.7978859
51046,33,Downstairs,10392992290000,0.23,7.7,1.56634
51047,33,Downstairs,10393042247000,-0.08,10.19,1.2258313
51048,33,Downstairs,10393092265000,1.5,7.08,2.8330324
51049,33,Downstairs,10393142253000,0.61,6.21,2.4516625
51050,33,Downstairs,10393192638000,2.11,8.47,2.7649305
51051,33,Downstairs,10393242259000,2.34,8.35,3.8681788
51052,33,Downstairs,10393292216000,-0.34,6.74,3.336985
51053,33,Downstairs,10393342265000,-0.76,10.19,3.8681788
51054,33,Downstairs,10393392253000,-1.61,14.37,4.862464
51055,33,Downstairs,10393442302000,-0.76,12.07,6.742072
51056,33,Downstairs,10393492198000,-0.65,10.12,5.1348709999999995
51057,33,Downstairs,10393542278000,-0.04,4.82,1.7570249
51058,33,Downstairs,10393542278000,-0.04,4.82,1.7570249
51059,33,Downstairs,10393603618000,-1.61,3.64,0.6946376999999999
51060,33,Downstairs,10393653087000,-0.65,5.83,2.982856
51061,33,Downstairs,10393703502000,1.61,9.28,4.7943625
51062,33,Downstairs,10393762309000,-1.5,9.66,4.862464
51063,33,Downstairs,10393812267000,-0.65,7.25,1.1441092
51064,33,Downstairs,10393862285000,3.02,13.21,1.334794
51065,33,Downstairs,10393912791000,0.31,17.16,5.434519
51066,33,Downstairs,10393962260000,2.45,13.21,2.0294318
51067,33,Downstairs,10394062114000,0.95,7.59,1.4573771999999998
51068,33,Downstairs,10394062114000,0.95,7.59,1.4573771999999998
51069,33,Downstairs,10394112285000,1.14,6.36,1.5390993
51070,33,Downstairs,10394162456000,2.15,8.5,3.4050870000000004
51071,33,Downstairs,10394212321000,1.69,8.2,3.1054392
51072,33,Downstairs,10394262340000,2.15,7.67,2.8330324
51073,33,Downstairs,10394322246000,-1.42,6.78,0.95342433
51074,33,Downstairs,10394372234000,-4.48,13.29,5.9793324
51075,33,Downstairs,10394422404000,-1.46,14.18,4.903325
51076,33,Downstairs,10394472240000,-0.72,10.53,5.407278
51077,33,Downstairs,10394522258000,-1.38,6.63,4.7126402999999994
51078,33,Downstairs,10394572215000,0.5,5.24,2.070293
51079,33,Downstairs,10394622295000,-0.61,2.68,1.7297841
51080,33,Downstairs,10394672252000,-0.65,6.82,3.7864565999999997
51081,33,Downstairs,10394722270000,-0.23,9.66,5.325556
51082,33,Downstairs,10394772197000,-1.38,8.62,3.4459480000000005
51083,33,Downstairs,10394822276000,-1.33,11.07,3.990762
51084,33,Downstairs,10394872203000,3.17,14.9,-0.6537767
51085,33,Downstairs,10394922282000,1.18,14.21,4.630918
51086,33,Downstairs,10394972270000,2.03,12.41,1.6480621
51087,33,Downstairs,10395022258000,-0.57,8.92,2.6832085
51088,33,Downstairs,10395072215000,0.42,6.59,1.607201
51089,33,Downstairs,10395122264000,1.84,5.67,2.6423476000000004
51090,33,Downstairs,10395172252000,1.69,7.27,3.4868089999999996
51091,33,Downstairs,10395222301000,1.73,6.89,4.0588636
51092,33,Downstairs,10395272289000,0.65,6.51,2.6014863999999998
51093,33,Downstairs,10395322276000,-2.18,15.28,4.440233
51094,33,Downstairs,10395372234000,-1.42,12.6,5.407278
51095,33,Downstairs,10395422313000,-1.38,13.14,6.3607025
51096,33,Downstairs,10395472240000,-1.14,8.43,4.140586
51097,33,Downstairs,10395522289000,0.31,5.05,1.3756552
51098,33,Downstairs,10395572246000,-0.61,2.98,1.9204689999999998
51099,33,Downstairs,10395622295000,0.89,7.25,3.4050870000000004
51100,33,Downstairs,10395672221000,0.15,8.2,4.290409599999999
51101,33,Downstairs,10395722301000,-0.84,8.43,3.336985
51102,33,Downstairs,10395772227000,-2.79,9.08,4.3312707
51103,33,Downstairs,10395822276000,5.33,15.75,-0.0
51104,33,Downstairs,10395872203000,1.54,15.79,5.625203599999999
51105,33,Downstairs,10395922282000,0.95,11.75,0.313268
51106,33,Downstairs,10395972240000,-1.46,9.38,1.56634
51107,33,Downstairs,10396022289000,1.04,6.55,0.84446156
51108,33,Downstairs,10396072215000,1.23,5.28,1.4573771999999998
51109,33,Downstairs,10396122295000,2.91,7.12,2.4516625
51110,33,Downstairs,10396172221000,3.64,9.43,3.214402
51111,33,Downstairs,10396222301000,-0.5,7.5,1.4573771999999998
51112,33,Downstairs,10396272319000,-1.65,16.21,1.1849703
51113,33,Downstairs,10396322215000,1.69,19.15,3.173541
51114,33,Downstairs,10396372264000,4.44,14.52,4.018002500000001
51115,33,Downstairs,10396422252000,0.46,11.56,1.9477096999999999
51116,33,Downstairs,10396472240000,0.84,6.59,-1.1441092
51117,33,Downstairs,10396522319000,-0.89,6.51,-0.14982383
51118,33,Downstairs,10396572215000,-1.18,6.32,1.7978859
51119,33,Downstairs,10396622295000,-0.8,8.77,5.7477865
51120,33,Downstairs,10396672221000,2.03,9.3,5.938472
51121,33,Downstairs,10396722301000,-0.57,12.57,1.1441092
51122,33,Downstairs,10396772227000,0.23,12.22,1.6889231
51123,33,Downstairs,10396822307000,2.72,6.66,-0.8036005
51124,33,Downstairs,10396872203000,1.14,13.82,1.3756552
51125,33,Downstairs,10396922282000,-2.07,7.55,-0.6537767
51126,33,Downstairs,10396972240000,0.23,8.96,0.5720546
51127,33,Downstairs,10397022258000,0.08,9.04,1.2258313
51128,33,Downstairs,10397072215000,0.69,9.19,0.7218784
51129,33,Downstairs,10397122295000,0.72,11.54,2.5333846
51130,33,Downstairs,10397172221000,0.23,11.6,2.4516625
51131,33,Downstairs,10397222301000,2.53,13.48,0.61291564
51132,33,Downstairs,10397272227000,-1.18,10.5,-0.9942854
51133,33,Downstairs,10397322307000,-0.91,10.92,0.9942854
51134,33,Downstairs,10397372234000,1.18,14.25,2.2201166000000003
51135,33,Downstairs,10397422282000,1.04,7.5,0.53119355
51136,33,Downstairs,10397472240000,-1.73,5.71,1.2258313
51137,33,Downstairs,10397522258000,-0.84,6.44,1.8796080000000002
51138,33,Downstairs,10397572215000,-1.88,8.28,1.8387468999999996
51139,33,Downstairs,10397622264000,-0.61,10.8,6.0882955
51140,33,Downstairs,10397672221000,-0.15,12.3,1.5390993
51141,33,Downstairs,10397722301000,-0.27,9.34,2.2609777
51142,33,Downstairs,10397772197000,0.53,6.59,-0.19068487
51143,33,Downstairs,10397822307000,2.11,12.57,3.4459480000000005
51144,33,Downstairs,10397872234000,0.11,8.66,0.7627395
51145,33,Downstairs,10397922313000,-0.65,8.96,0.7218784
51146,33,Downstairs,10397972240000,-1.08,7.82,2.6014863999999998
51147,33,Downstairs,10398022258000,0.11,7.25,3.4459480000000005
51148,33,Downstairs,10398072215000,1.5,7.06,2.982856
51149,33,Downstairs,10398122295000,3.3,7.16,3.0645783
51150,33,Downstairs,10398172649000,1.76,7.12,3.1463002999999996
51151,33,Downstairs,10398222301000,-1.04,8.81,3.8273177000000005
