,user,label,timestamp,x,y,z
117999,13,Walking,2006022227000,-3.98,15.13,-2.7240696
118000,13,Walking,2006072307000,7.25,9.3,1.6480621
118001,13,Walking,2006122233000,-0.42,7.74,-0.040861044
118002,13,Walking,2006172343000,-2.45,9.19,2.4925237
118003,13,Walking,2006222240000,1.46,9.04,-0.9942854
118004,13,Walking,2006272258000,1.69,9.51,-0.8036005
118005,13,Walking,2006322307000,0.8,13.38,3.1463002999999996
118006,13,Walking,2006322307000,0.8,13.38,3.1463002999999996
118007,13,Walking,2006432323000,-0.76,14.44,4.140586
118008,13,Walking,2006482402000,-0.61,18.43,-7.014479
118009,13,Walking,2006482402000,-0.61,18.43,-7.014479
118010,13,Walking,2006542277000,-4.1,15.83,4.7535014
118011,13,Walking,2006592265000,-0.23,9.96,-3.214402
118012,13,Walking,2006642284000,1.69,6.09,-2.070293
118013,13,Walking,2006692271000,-1.27,1.23,-4.0588636
118014,13,Walking,2006742290000,-2.79,-0.08,-3.1054392
118015,13,Walking,2006792277000,-0.46,6.02,4.944186
118016,13,Walking,2006842296000,-4.29,17.47,15.322891
118017,13,Walking,2006892284000,-4.59,12.03,4.3312707
118018,13,Walking,2006942302000,-3.21,6.44,6.4424243
118019,13,Walking,2006992290000,-0.11,12.6,-7.014479
118020,13,Walking,2007042308000,-1.76,3.11,0.38136974
118021,13,Walking,2007092265000,-3.95,13.67,-4.7943625
118022,13,Walking,2007142314000,4.99,13.14,3.0645783
118023,13,Walking,2007192271000,0.31,6.74,0.23154591
118024,13,Walking,2007242290000,-3.49,7.7,1.56634
118025,13,Walking,2007292277000,-0.53,9.47,1.4573771999999998
118026,13,Walking,2007342296000,1.12,8.35,-2.1111538
118027,13,Walking,2007392284000,0.99,12.76,2.7649305
118028,13,Walking,2007442271000,1.33,13.02,4.099725
118029,13,Walking,2007492259000,-0.61,11.45,5.706926
118030,13,Walking,2007542277000,3.45,18.66,-4.4810944
118031,13,Walking,2007592235000,-4.94,18.47,-2.5333846
118032,13,Walking,2007642314000,-2.98,12.68,0.7627395
118033,13,Walking,2007692271000,2.68,9.53,-1.7570249
118034,13,Walking,2007742259000,1.31,4.18,-3.2552630000000002
118035,13,Walking,2007792277000,-3.45,0.15,-4.140586
118036,13,Walking,2007842296000,-1.08,1.5,-1.6889231
118037,13,Walking,2007892284000,-0.69,8.39,10.228881
118038,13,Walking,2007942271000,-2.03,17.47,12.340035
118039,13,Walking,2007992259000,-6.85,9.19,4.7943625
118040,13,Walking,2008042277000,-0.46,10.84,6.0201936
118041,13,Walking,2008092265000,-2.72,7.16,-7.1234417
118042,13,Walking,2008142284000,-1.76,8.85,-4.903325
118043,13,Walking,2008192271000,-3.6,16.04,-1.7297841
118044,13,Walking,2008242259000,6.32,9.43,1.7297841
118045,13,Walking,2008292277000,-0.42,6.74,0.88532263
118046,13,Walking,2008342265000,-0.34,9.04,2.2609777
118047,13,Walking,2008392284000,-0.23,8.5,1.2258313
118048,13,Walking,2008442332000,1.42,8.96,-2.4516625
118049,13,Walking,2008492259000,2.26,13.82,1.9204689999999998
118050,13,Walking,2008542277000,-0.38,13.87,4.372132
118051,13,Walking,2008592265000,-0.5,11.88,3.6774937999999993
118052,13,Walking,2008642284000,0.46,17.31,-5.7477865
118053,13,Walking,2008702342000,-3.26,15.94,5.625203599999999
118054,13,Walking,2008752208000,-2.53,10.19,-2.3426998
118055,13,Walking,2008802348000,1.5,7.93,-1.0760075
118056,13,Walking,2008862285000,-0.76,3.02,-3.214402
118057,13,Walking,2008912273000,-2.87,0.31,-3.7592160000000003
118058,13,Walking,2008962291000,-0.04,3.91,3.7592160000000003
118059,13,Walking,2009012279000,-2.64,17.16,15.6634
118060,13,Walking,2009062297000,-6.28,13.59,4.862464
118061,13,Walking,2009112285000,-5.2,12.57,8.580819
118062,13,Walking,2009162273000,2.15,2.53,-12.176591
118063,13,Walking,2009212260000,-2.18,9.77,-1.9477096999999999
118064,13,Walking,2009262279000,-2.72,14.79,-0.7218784
118065,13,Walking,2009312266000,4.18,9.7,1.607201
118066,13,Walking,2009362285000,-0.38,6.89,0.3405087
118067,13,Walking,2009412303000,-0.99,8.81,1.7978859
118068,13,Walking,2009462260000,-0.57,8.92,0.92618364
118069,13,Walking,2009512279000,0.46,8.89,0.19068487
118070,13,Walking,2009562297000,3.34,13.4,1.6889231
118071,13,Walking,2009612254000,-0.65,12.34,4.8216033
118072,13,Walking,2009662273000,-0.76,18.47,4.2495484
118075,13,Walking,2009765056000,-4.94,18.47,4.2495484
118073,13,Walking,2009765056000,-4.94,18.47,4.2495484
118074,13,Walking,2009765056000,-4.94,18.47,4.2495484
118076,13,Walking,2009872233000,2.22,7.63,-0.8036005
118077,13,Walking,2009922313000,0.23,3.26,-3.3642258999999997
118078,13,Walking,2009972240000,-3.68,0.53,-3.5685309999999997
118079,13,Walking,2010022258000,-0.57,3.06,1.4982381999999999
118080,13,Walking,2010072215000,-1.92,14.25,14.015338
118081,13,Walking,2010122295000,-1.5,13.29,5.7886477
118082,13,Walking,2010172252000,-4.79,6.13,3.9499009
118083,13,Walking,2010222301000,-1.12,10.5,3.3778462
118084,13,Walking,2010272227000,-1.88,11.73,-4.7943625
118085,13,Walking,2010322307000,-1.61,3.26,-0.9942854
118086,13,Walking,2010372233000,-4.37,14.94,-2.3699405
118087,13,Walking,2010422313000,6.55,10.38,2.9147543999999996
118088,13,Walking,2010472209000,-0.11,7.5,-1.1849703
118089,13,Walking,2010522288000,-2.79,8.43,2.1792557
118090,13,Walking,2010572246000,0.19,9.66,-0.14982383
118091,13,Walking,2010622264000,0.15,7.86,-2.7240696
118092,13,Walking,2010672221000,3.41,13.44,4.8216033
118093,13,Walking,2010722270000,1.95,13.14,2.9556155
118094,13,Walking,2010772197000,0.53,14.06,4.671779
118095,13,Walking,2010822276000,-0.3,18.62,-7.2732660000000005
118096,13,Walking,2010872203000,-7.04,17.35,4.140586
118097,13,Walking,2010922282000,-1.23,11.35,-1.4982381999999999
118098,13,Walking,2010972209000,2.76,8.2,-1.8387468999999996
118099,13,Walking,2011022258000,-0.15,2.98,-3.6774937999999993
118100,13,Walking,2011072215000,-3.98,0.42,-4.099725
118101,13,Walking,2011122264000,-1.31,2.87,0.040861044
118102,13,Walking,2011172252000,-1.73,11.22,12.299174
118103,13,Walking,2011222301000,-1.95,15.79,9.234595
118104,13,Walking,2011272197000,-7.65,10.65,5.625203599999999
118105,13,Walking,2011322276000,-3.91,15.28,4.290409599999999
118106,13,Walking,2011372233000,0.61,0.08,-7.927042500000001
118107,13,Walking,2011422282000,-1.84,10.95,-4.5219555
118108,13,Walking,2011472240000,-0.72,15.98,2.1111538
118109,13,Walking,2011522288000,3.99,8.2,-0.23154591
118110,13,Walking,2011572246000,-0.61,7.31,0.46309182
118111,13,Walking,2011622264000,-1.53,8.85,2.3426998
118112,13,Walking,2011672221000,-0.27,8.89,-0.14982383
118113,13,Walking,2011722270000,1.33,9.7,-0.9942854
118114,13,Walking,2011772197000,2.76,13.99,4.2086873
118115,13,Walking,2011822276000,0.61,12.49,2.5333846
118116,13,Walking,2011872264000,-1.04,14.41,4.440233
118117,13,Walking,2011922282000,-0.57,17.69,-7.4639505999999995
118118,13,Walking,2011972240000,-5.56,16.7,4.3993720000000005
118119,13,Walking,2012022288000,-2.03,10.61,-1.525479
118120,13,Walking,2012072215000,3.11,7.55,-2.2201166000000003
118121,13,Walking,2012122295000,0.53,3.79,-3.1054392
118122,13,Walking,2012172221000,-4.18,-0.69,-4.3993720000000005
118123,13,Walking,2012222270000,-0.65,3.06,0.38136974
118124,13,Walking,2012272197000,-3.68,14.44,14.056199
118125,13,Walking,2012322307000,-2.14,13.4,7.164303
118126,13,Walking,2012372264000,-5.52,7.59,3.990762
118127,13,Walking,2012422282000,-1.73,14.56,2.3018389
118128,13,Walking,2012472240000,-2.07,4.94,-5.325556
118129,13,Walking,2012522258000,-1.61,7.74,-3.2552630000000002
118130,13,Walking,2012572215000,-3.34,14.9,-1.4573771999999998
118131,13,Walking,2012622295000,8.12,9.77,1.1168685
118132,13,Walking,2012672221000,-0.95,7.67,0.08172209
118133,13,Walking,2012722270000,-2.72,8.73,2.3699405
118134,13,Walking,2012772227000,0.89,8.73,-1.7978859
118135,13,Walking,2012822276000,1.38,9.85,0.8036005
118136,13,Walking,2012872233000,2.3,13.72,3.7183550000000003
118137,13,Walking,2012922282000,0.04,12.15,2.9556155
118138,13,Walking,2012972240000,0.34,15.09,2.1792557
118139,13,Walking,2013022258000,-1.33,19.27,-7.3549875999999985
118140,13,Walking,2013072246000,-5.18,16.17,5.5571017
118141,13,Walking,2013122264000,-2.6,9.77,-2.6832085
118142,13,Walking,2013172252000,3.06,7.08,-1.3075534
118143,13,Walking,2013222270000,-0.04,1.5,-3.4868089999999996
118144,13,Walking,2013272227000,-3.72,0.08,-3.1463002999999996
118145,13,Walking,2013322276000,-0.84,4.63,2.9147543999999996
118146,13,Walking,2013372233000,-4.25,16.47,13.988097
118147,13,Walking,2013422282000,-3.02,10.88,5.5571017
118148,13,Walking,2013472240000,-6.55,9.77,5.7477865
118149,13,Walking,2013522258000,0.04,13.76,-0.0
118150,13,Walking,2013572215000,-1.57,2.96,-3.0645783
118151,13,Walking,2013622264000,-3.06,12.11,-3.9090397000000006
118152,13,Walking,2013672221000,2.45,15.21,2.152015
118153,13,Walking,2013722301000,1.95,6.82,0.53119355
118154,13,Walking,2013772197000,-1.5,7.59,0.7218784
118155,13,Walking,2013822307000,-1.38,9.53,2.1792557
118156,13,Walking,2013872203000,0.42,7.86,-1.1168685
118157,13,Walking,2013922252000,0.61,10.88,-0.08172209
118158,13,Walking,2013972240000,1.18,13.38,3.8681788
118159,13,Walking,2014022258000,-0.65,11.84,2.0294318
118160,13,Walking,2014072246000,1.27,14.63,5.175732
118161,13,Walking,2014122264000,0.27,18.92,-8.008764
118162,13,Walking,2014172252000,-5.37,16.04,4.8216033
118163,13,Walking,2014222270000,-1.65,10.5,-1.9885708
118164,13,Walking,2014272258000,2.68,7.5,-1.9477096999999999
118165,13,Walking,2014322276000,-0.61,3.21,-3.173541
118166,13,Walking,2014372203000,-3.76,-0.34,-3.3642258999999997
118167,13,Walking,2014422282000,-0.19,3.34,1.7297841
118168,13,Walking,2014472240000,-2.98,13.29,13.211738
118169,13,Walking,2014522288000,-1.23,15.13,6.0882955
118170,13,Walking,2014572246000,-4.75,6.51,4.3993720000000005
118171,13,Walking,2014622264000,-3.87,14.82,6.0201936
118172,13,Walking,2014672221000,-0.19,1.57,-9.112013000000001
118173,13,Walking,2014722270000,-2.14,7.86,-3.5957718
118175,13,Walking,2014772319000,-2.07,17.82,-1.8796080000000002
118174,13,Walking,2014772319000,-2.07,17.82,-1.8796080000000002
118176,13,Walking,2014872233000,-1.88,6.82,0.040861044
118177,13,Walking,2014922343000,-2.34,9.3,2.152015
118178,13,Walking,2014982799000,0.15,8.35,0.23154591
118179,13,Walking,2015032207000,1.38,8.77,-1.4982381999999999
118180,13,Walking,2015082255000,1.99,13.53,3.3778462
118181,13,Walking,2015132243000,-0.23,13.87,2.2201166000000003
118182,13,Walking,2015182231000,-0.15,13.29,2.6014863999999998
118183,13,Walking,2015232219000,-1.5,15.7,-5.366417
118184,13,Walking,2015282268000,-3.53,16.66,2.6423476000000004
118185,13,Walking,2015332316000,-3.83,11.45,-1.0760075
118186,13,Walking,2015382274000,1.57,7.74,-1.8796080000000002
118187,13,Walking,2015432201000,1.08,5.33,-1.56634
118188,13,Walking,2015482280000,-3.02,1.12,-3.6366330000000002
118189,13,Walking,2015532207000,-1.23,1.46,-0.23154591
118190,13,Walking,2015582286000,0.46,8.89,9.507003
118191,13,Walking,2015632213000,-2.64,17.92,11.114203
118192,13,Walking,2015682292000,-7.35,10.15,3.2552630000000002
118193,13,Walking,2015732249000,-2.41,12.68,5.938472
118194,13,Walking,2015782237000,-0.27,4.18,-8.662541000000001
118195,13,Walking,2015842296000,-2.98,8.85,-2.7513103
118196,13,Walking,2015842296000,-2.98,8.85,-2.7513103
118197,13,Walking,2015902324000,1.99,15.89,1.7297841
118198,13,Walking,2015952251000,3.11,7.46,0.38136974
