,user,label,timestamp,x,y,z
118199,13,Walking,2016002238000,-2.3,7.59,0.50395286
118200,13,Walking,2016052348000,-1.8,9.0,1.607201
118201,13,Walking,2016102214000,0.65,8.62,-1.1441092
118202,13,Walking,2016152293000,0.27,10.04,0.10896278
118203,13,Walking,2016202220000,2.34,13.91,4.099725
118204,13,Walking,2016252330000,1.92,12.64,1.1441092
118205,13,Walking,2016302257000,-1.88,15.85,2.3699405
118206,13,Walking,2016352275000,-4.1,17.82,-5.706926
118207,13,Walking,2016402202000,-4.52,14.48,2.2609777
118208,13,Walking,2016452312000,0.27,9.92,-2.2201166000000003
118209,13,Walking,2016502208000,1.18,6.13,-1.9204689999999998
118210,13,Walking,2016552318000,-1.14,1.88,-3.1054392
118211,13,Walking,2016602244000,-2.68,1.38,-3.214402
118212,13,Walking,2016652324000,-0.11,4.4,2.3018389
118213,13,Walking,2016702220000,-2.87,16.63,14.206022
118214,13,Walking,2016752299000,-4.33,14.48,6.170017700000001
118215,13,Walking,2016802257000,-6.4,8.47,5.5162406
118216,13,Walking,2016852275000,0.5,12.53,-6.428804
118217,13,Walking,2016902202000,-0.53,4.33,-1.4982381999999999
118218,13,Walking,2016952251000,-2.53,12.45,-2.8330324
118219,13,Walking,2017002238000,5.24,12.57,2.6014863999999998
118220,13,Walking,2017052318000,-0.38,6.32,-0.3405087
118221,13,Walking,2017102214000,-2.87,8.5,1.0351465
118222,13,Walking,2017152263000,-0.8,9.38,1.2666923
118223,13,Walking,2017202220000,0.42,7.93,-1.6889231
118224,13,Walking,2017252299000,2.3,12.22,3.4050870000000004
118225,13,Walking,2017302257000,1.65,13.95,2.7649305
118226,13,Walking,2017352275000,-1.18,12.64,2.6423476000000004
118227,13,Walking,2017402232000,-0.72,17.16,-5.7886477
118228,13,Walking,2017452312000,-5.01,17.58,3.336985
118229,13,Walking,2017502208000,-3.36,11.6,-1.3075534
118230,13,Walking,2017552318000,1.57,8.66,-1.7570249
118231,13,Walking,2017602214000,1.12,4.63,-2.1792557
118232,13,Walking,2017652263000,-3.15,0.95,-4.3312707
118233,13,Walking,2017702220000,-1.61,1.69,-1.4982381999999999
118234,13,Walking,2017752299000,-0.11,7.63,7.8861814
118235,13,Walking,2017802257000,-2.87,18.96,13.021052000000001
118236,13,Walking,2017852305000,-6.97,10.34,4.290409599999999
118237,13,Walking,2017902232000,-2.64,15.6,4.630918
118238,13,Walking,2017952251000,-0.95,0.93,-6.66035
118239,13,Walking,2018002238000,-1.8,10.5,-4.9850473
118240,13,Walking,2018052318000,0.65,15.98,2.152015
118241,13,Walking,2018102214000,3.21,7.67,-0.6946376999999999
118242,13,Walking,2018152263000,-2.22,6.74,0.95342433
118243,13,Walking,2018202220000,-2.14,9.51,1.2258313
118244,13,Walking,2018252269000,0.57,8.31,-1.6480621
118245,13,Walking,2018302257000,0.61,10.31,2.9556155
118246,13,Walking,2018352275000,1.69,13.1,1.1168685
118247,13,Walking,2018402232000,-1.57,10.61,5.2165932999999995
118248,13,Walking,2018452281000,1.54,16.09,-1.1168685
118249,13,Walking,2018502208000,-1.12,19.46,-6.469665
118250,13,Walking,2018552318000,-6.05,15.79,4.671779
118251,13,Walking,2018602214000,-2.03,9.7,-2.7513103
118252,13,Walking,2018652293000,2.76,7.08,-1.9204689999999998
118253,13,Walking,2018702220000,-0.15,1.76,-3.4050870000000004
118254,13,Walking,2018752299000,-2.98,0.19,-3.3642258999999997
118255,13,Walking,2018802257000,-0.5,3.45,1.9477096999999999
118256,13,Walking,2018852305000,-2.83,16.02,15.282029999999999
118257,13,Walking,2018902202000,-3.34,13.14,5.0531489999999994
118258,13,Walking,2018952281000,-3.02,7.7,6.2108784
118259,13,Walking,2019002208000,-0.23,14.06,-7.5456724
118260,13,Walking,2019052318000,-5.33,3.87,0.23154591
118261,13,Walking,2019102214000,-3.06,12.95,-4.5628166
118262,13,Walking,2019152293000,7.46,14.29,2.9556155
118263,13,Walking,2019202220000,1.8,6.13,-0.0
118264,13,Walking,2019252269000,-2.96,7.97,1.1849703
118265,13,Walking,2019302257000,-1.23,9.23,1.1441092
118266,13,Walking,2019352275000,1.18,8.39,-2.1111538
118267,13,Walking,2019402202000,0.84,11.65,3.6774937999999993
118268,13,Walking,2019452312000,1.57,12.26,2.3426998
118269,13,Walking,2019502208000,0.46,11.37,3.8273177000000005
118270,13,Walking,2019552318000,0.57,17.69,-3.0237172
118271,13,Walking,2019602244000,-3.53,18.66,-3.4050870000000004
118272,13,Walking,2019652293000,-4.56,14.79,1.5390993
118273,13,Walking,2019702220000,-0.91,8.69,-2.4108016
118274,13,Walking,2019752330000,3.95,6.28,-1.7570249
118275,13,Walking,2019802257000,-0.84,1.5,-4.140586
118276,13,Walking,2019852305000,-3.72,0.34,-3.214402
118277,13,Walking,2019902202000,-0.19,4.25,3.5685309999999997
118278,13,Walking,2019952281000,-3.72,18.31,16.126492000000002
118279,13,Walking,2020002238000,-5.67,8.28,4.7535014
118280,13,Walking,2020052318000,-2.14,6.63,4.671779
118281,13,Walking,2020102244000,-0.89,16.4,-5.434519
118282,13,Walking,2020152293000,-3.26,2.83,-0.50395286
118283,13,Walking,2020202220000,-2.37,14.6,-4.4810944
118284,13,Walking,2020254222000,5.41,11.75,2.7240696
118285,13,Walking,2020312266000,0.76,6.63,-0.9942854
118286,13,Walking,2020362254000,-3.06,8.5,1.7978859
118287,13,Walking,2020412273000,-0.38,8.89,0.5720546
118288,13,Walking,2020462230000,1.76,8.89,-2.7240696
118289,13,Walking,2020512309000,1.99,13.53,5.5162406
118290,13,Walking,2020562236000,-0.61,12.98,2.4516625
118291,13,Walking,2020612285000,0.65,13.14,4.9850473
118292,13,Walking,2020662242000,0.46,17.88,-7.205164
118293,13,Walking,2020712291000,-5.63,17.31,4.2495484
118294,13,Walking,2020762248000,-1.73,11.07,-1.9885708
118295,13,Walking,2020812297000,2.68,8.5,-1.0760075
118296,13,Walking,2020862254000,-0.23,3.34,-2.2201166000000003
118297,13,Walking,2020912303000,-3.15,0.38,-4.2495484
118298,13,Walking,2020962199000,-0.65,2.68,0.10896278
118299,13,Walking,2021012340000,-0.99,10.92,11.686258
118300,13,Walking,2021072276000,-1.65,13.99,6.0882955
118301,13,Walking,2021122203000,-5.94,7.67,4.0588636
118302,13,Walking,2021172282000,-0.61,16.47,-0.0
118303,13,Walking,2021222209000,-3.53,2.37,-1.6480621
118304,13,Walking,2021272258000,-2.37,10.15,-5.5571017
118305,13,Walking,2021322246000,2.98,15.24,1.5390993
118306,13,Walking,2021372264000,3.21,7.27,0.9942854
118307,13,Walking,2021422252000,-1.8,7.97,0.23154591
118308,13,Walking,2021472270000,-1.61,9.0,1.7570249
118309,13,Walking,2021522227000,0.31,8.28,-1.2258313
118310,13,Walking,2021572276000,1.61,11.45,1.0760075
118311,13,Walking,2021622203000,2.18,12.72,3.8273177000000005
118312,13,Walking,2021672282000,-0.08,11.96,3.173541
118313,13,Walking,2021722270000,1.08,16.82,-2.070293
118314,13,Walking,2021772288000,-2.91,19.15,-3.4050870000000004
118315,13,Walking,2021822246000,-3.95,14.9,1.2258313
118316,13,Walking,2021872264000,-1.61,9.7,-1.7570249
118317,13,Walking,2021922221000,2.45,5.86,-1.7570249
118318,13,Walking,2021972270000,-1.23,0.93,-3.5957718
118319,13,Walking,2021972270000,-1.23,0.93,-3.5957718
118320,13,Walking,2022072276000,-0.5,4.37,2.7649305
118321,13,Walking,2022122325000,-2.07,17.31,14.709975
118322,13,Walking,2022182262000,-4.14,10.95,5.284695
118323,13,Walking,2022232249000,-1.84,7.5,5.175732
118324,13,Walking,2022282237000,-2.49,13.82,-5.625203599999999
118325,13,Walking,2022332225000,-0.72,3.34,-0.9125633
118326,13,Walking,2022382274000,-3.06,13.1,-3.5685309999999997
118327,13,Walking,2022432231000,5.01,12.22,2.070293
118328,13,Walking,2022482280000,0.42,6.85,-1.6480621
118329,13,Walking,2022532207000,-3.34,8.54,1.4982381999999999
118330,13,Walking,2022582255000,-0.27,9.34,0.14982383
118331,13,Walking,2022632213000,0.27,7.7,-1.7978859
118332,13,Walking,2022682292000,3.53,13.44,5.284695
118333,13,Walking,2022732219000,0.95,13.21,1.2666923
118334,13,Walking,2022782237000,-0.91,14.25,4.1814466
118335,13,Walking,2022832225000,-0.27,18.47,-7.246025
118336,13,Walking,2022882274000,-6.32,16.47,2.8330324
118337,13,Walking,2022932201000,-2.18,11.6,-1.9885708
118338,13,Walking,2022982524000,2.68,8.39,-1.8796080000000002
118339,13,Walking,2023032237000,0.53,2.6,-3.0237172
118340,13,Walking,2023082286000,-3.26,0.38,-3.6366330000000002
118341,13,Walking,2023132243000,-0.5,2.18,-0.19068487
118342,13,Walking,2023182262000,-1.08,11.8,12.299174
118343,13,Walking,2023232280000,-2.26,16.02,8.471855999999999
118344,13,Walking,2023282268000,-8.08,8.92,4.3312707
118345,13,Walking,2023332255000,-0.65,15.83,0.7218784
118346,13,Walking,2023382304000,-2.79,3.57,-4.140586
118347,13,Walking,2023432201000,-2.18,9.89,-5.012288
118348,13,Walking,2023482280000,1.42,14.18,0.313268
118349,13,Walking,2023532237000,4.63,7.67,1.1849703
118350,13,Walking,2023582255000,-1.84,7.89,0.61291564
118351,13,Walking,2023632213000,-1.99,9.15,1.4165162
118352,13,Walking,2023682262000,0.8,7.97,-1.525479
118353,13,Walking,2023732249000,1.12,11.69,2.4108016
118354,13,Walking,2023782268000,3.02,13.48,1.5390993
118355,13,Walking,2023832225000,0.76,12.18,4.018002500000001
118356,13,Walking,2023882243000,0.38,17.05,-2.982856
118357,13,Walking,2023932231000,-4.21,18.47,-2.3426998
118358,13,Walking,2023982432000,-4.06,14.06,0.88532263
118359,13,Walking,2024032207000,0.27,9.43,-2.3018389
118360,13,Walking,2024082286000,2.53,5.56,-2.5333846
118361,13,Walking,2024132243000,-2.18,0.93,-4.671779
118362,13,Walking,2024182262000,-1.84,-0.27,-2.4925237
118363,13,Walking,2024232249000,0.46,7.35,8.471855999999999
118364,13,Walking,2024282298000,-3.26,18.62,11.985906
118365,13,Walking,2024332255000,-7.25,11.56,3.5276701
118366,13,Walking,2024382274000,-3.11,12.37,7.8589406
118367,13,Walking,2024432201000,-0.69,5.05,-10.18802
118368,13,Walking,2024482280000,-0.19,8.54,-1.7297841
118369,13,Walking,2024532268000,-2.72,14.86,-1.6480621
118370,13,Walking,2024582316000,6.13,10.04,0.88532263
118371,13,Walking,2024632243000,-0.65,6.78,-0.5720546
118372,13,Walking,2024682231000,-2.41,9.0,1.6480621
118373,13,Walking,2024732219000,0.08,8.28,-0.27240697
118374,13,Walking,2024782237000,-0.38,9.3,-1.1441092
118375,13,Walking,2024832255000,3.53,13.8,3.1054392
118376,13,Walking,2024882243000,-0.34,11.99,3.5685309999999997
118377,13,Walking,2024932201000,0.42,13.21,2.4516625
118378,13,Walking,2024982249000,0.72,18.01,-6.742072
118379,13,Walking,2025032207000,-5.48,17.39,3.4459480000000005
118380,13,Walking,2025082255000,-3.68,11.26,-1.334794
118381,13,Walking,2025132243000,2.11,7.89,-1.1849703
118382,13,Walking,2025182231000,1.92,3.57,-2.9556155
118383,13,Walking,2025232249000,-3.17,0.31,-4.2086873
118384,13,Walking,2025282268000,-1.04,1.92,-0.46309182
118385,13,Walking,2025332255000,-1.46,11.56,10.841797
118386,13,Walking,2025382274000,-1.69,16.51,9.765789
118387,13,Walking,2025432201000,-5.18,6.51,4.1814466
118388,13,Walking,2025482249000,-1.53,15.66,0.6537767
118389,13,Walking,2025532207000,-3.53,2.76,-1.7297841
118390,13,Walking,2025582286000,-1.88,9.62,-7.082580999999999
118391,13,Walking,2025632213000,0.23,16.86,0.53119355
118392,13,Walking,2025682262000,6.13,7.31,0.040861044
118393,13,Walking,2025732219000,-2.34,7.16,0.84446156
118394,13,Walking,2025782237000,-2.07,9.62,1.8387468999999996
118395,13,Walking,2025832255000,0.89,7.93,-1.3756552
118396,13,Walking,2025882243000,0.42,10.8,1.334794
118397,13,Walking,2025932262000,3.53,13.72,2.6423476000000004
118398,13,Walking,2025982249000,0.15,11.75,5.366417
