,user,label,timestamp,x,y,z
513160,14,Walking,59329852336000,2.49,6.32,5.75
513161,14,Walking,59329902324000,0.38,5.24,-2.14
513162,14,Walking,59329952312000,-0.84,3.21,-3.76
513163,14,Walking,59330002330000,-2.68,1.31,-2.98
513164,14,Walking,59330052349000,7.67,13.1,5.13
513165,14,Walking,59330102336000,8.5,11.3,7.63
513166,14,Walking,59330152324000,-2.26,12.15,-2.34
513167,14,Walking,59330202526000,2.79,13.76,-5.6
513168,14,Walking,59330254680000,1.38,6.21,-3.41
513169,14,Walking,59330254680000,1.38,6.21,-3.41
513170,14,Walking,59330313793000,1.27,7.35,-5.13
513171,14,Walking,59330372264000,1.92,10.92,-3.36
513172,14,Walking,59330422344000,3.91,8.73,-2.87
513173,14,Walking,59330472332000,3.79,8.12,0.11
513174,14,Walking,59330522319000,4.79,9.47,-2.53
513175,14,Walking,59330572338000,5.33,10.88,-0.89
513176,14,Walking,59330622325000,7.74,10.5,-1.8
513177,14,Walking,59330672283000,8.69,9.38,1.33
513178,14,Walking,59330722362000,7.31,12.18,3.11
513179,14,Walking,59330772319000,5.33,12.64,0.8
513180,14,Walking,59330822368000,3.38,14.9,-2.91
513181,14,Walking,59330872295000,0.76,19.23,-9.92
513182,14,Walking,59330922344000,0.23,9.92,-1.33
513183,14,Walking,59330972362000,0.57,6.55,0.38
513184,14,Walking,59331022319000,0.23,3.41,-3.21
513185,14,Walking,59331072338000,-2.11,1.18,-2.72
513186,14,Walking,59331122264000,-0.3,6.85,-4.21
513187,14,Walking,59331172344000,17.69,17.5,11.84
513188,14,Walking,59331222362000,-1.88,6.51,0.31
513189,14,Walking,59331272319000,3.17,17.62,-3.95
513190,14,Walking,59331322338000,3.11,7.4,-4.21
513191,14,Walking,59331372325000,0.04,7.44,-3.17
513192,14,Walking,59331422344000,2.22,8.54,-5.33
513193,14,Walking,59331472271000,2.64,10.23,-4.33
513194,14,Walking,59331522319000,3.6,9.3,-2.41
513195,14,Walking,59331572338000,3.95,7.44,-0.15
513196,14,Walking,59331622325000,5.24,10.95,-0.57
513197,14,Walking,59331680339000,5.28,10.95,-0.57
513198,14,Walking,59331732128000,6.51,10.27,-0.53
513199,14,Walking,59331782268000,6.51,11.5,2.91
513200,14,Walking,59331832408000,8.31,11.14,-0.69
513201,14,Walking,59331882335000,6.36,11.73,1.57
513202,14,Walking,59331932323000,2.68,15.36,-2.72
513203,14,Walking,59331982341000,0.89,18.58,-11.37
513204,14,Walking,59332032329000,1.12,7.59,3.26
513205,14,Walking,59332083141000,0.46,5.75,-1.27
513206,14,Walking,59332142345000,0.11,3.68,-3.41
513207,14,Walking,59332192302000,-3.06,2.76,-2.49
513208,14,Walking,59332242321000,7.35,13.95,3.3
513209,14,Walking,59332292339000,11.5,12.45,9.51
513210,14,Walking,59332292339000,11.5,12.45,9.51
513211,14,Walking,59332390331000,0.72,18.7,-2.53
513212,14,Walking,59332442180000,-1.73,5.67,-5.75
513213,14,Walking,59332492290000,1.69,10.34,-7.59
513214,14,Walking,59332542278000,3.87,11.54,-4.4
513215,14,Walking,59332592296000,5.01,9.11,-3.6
513216,14,Walking,59332642345000,4.44,7.08,0.23
513217,14,Walking,59332692302000,5.22,9.23,-1.23
513218,14,Walking,59332742321000,4.06,11.56,-0.53
513219,14,Walking,59332792339000,7.16,10.84,-0.76
513220,14,Walking,59332842327000,9.0,8.69,1.76
513221,14,Walking,59332892345000,8.12,11.26,-0.46
513222,14,Walking,59332942333000,6.89,9.92,1.69
513223,14,Walking,59332992290000,4.79,14.41,-1.08
513224,14,Walking,59333042339000,4.1,18.85,-7.5
513225,14,Walking,59333092327000,1.76,14.25,-13.78
513226,14,Walking,59333142345000,-2.49,6.36,7.63
513227,14,Walking,59333192333000,1.5,3.72,-2.75
513228,14,Walking,59333242321000,-2.37,1.95,-3.15
513229,14,Walking,59333292339000,-1.42,7.06,-4.21
513230,14,Walking,59333342327000,16.17,18.09,13.53
513231,14,Walking,59333392376000,4.18,5.67,1.61
513232,14,Walking,59333442333000,0.93,15.43,-4.29
513233,14,Walking,59333492351000,2.15,12.49,-5.24
513234,14,Walking,59333542339000,0.95,4.9,-4.37
513235,14,Walking,59333592327000,2.15,7.93,-4.9
513236,14,Walking,59333642345000,1.73,11.45,-4.33
513237,14,Walking,59333692333000,2.64,9.0,-1.69
513238,14,Walking,59333742321000,3.79,7.5,-0.5
513239,14,Walking,59333792339000,3.64,9.89,-2.03
513240,14,Walking,59333842327000,5.63,11.11,-1.18
513241,14,Walking,59333892376000,7.67,9.66,-1.33
513242,14,Walking,59333942333000,9.53,10.42,1.73
513243,14,Walking,59333992321000,9.38,12.26,3.72
513244,14,Walking,59334042339000,4.82,13.18,-0.19
513245,14,Walking,59334092327000,2.15,15.64,-3.95
513246,14,Walking,59334142345000,-0.69,18.16,-9.72
513247,14,Walking,59334192333000,1.92,7.16,-0.38
513248,14,Walking,59334242290000,1.46,6.05,-0.38
513249,14,Walking,59334292339000,-0.15,3.79,-3.64
513250,14,Walking,59334342327000,-2.68,3.26,-3.11
513251,14,Walking,59334392376000,-0.08,8.47,-3.02
513252,14,Walking,59334442363000,17.2,16.7,11.84
513253,14,Walking,59334492321000,-2.56,9.34,-1.27
513254,14,Walking,59334542339000,0.93,18.01,-5.98
513255,14,Walking,59334592327000,-0.5,6.17,-4.82
513256,14,Walking,59334642345000,1.92,5.24,-7.7
513257,14,Walking,59334692333000,2.72,11.18,-4.9
513258,14,Walking,59334742321000,3.17,10.69,-2.98
513259,14,Walking,59334792369000,4.6,7.63,-0.27
513260,14,Walking,59334842327000,5.67,8.62,-1.99
513261,14,Walking,59334892345000,4.9,10.76,-0.46
513262,14,Walking,59334942394000,6.97,10.19,-0.23
513263,14,Walking,59334992290000,8.58,8.58,2.83
513264,14,Walking,59335042369000,9.43,11.37,-1.65
513265,14,Walking,59335092327000,6.66,12.37,0.38
513266,14,Walking,59335142345000,2.91,15.43,-1.61
513267,14,Walking,59335192302000,0.53,18.81,-6.89
513268,14,Walking,59335242290000,-1.33,12.11,-9.43
513269,14,Walking,59335292339000,2.18,4.6,5.9
513270,14,Walking,59335342327000,0.5,4.4,-3.41
513271,14,Walking,59335392345000,-2.22,2.37,-3.64
513272,14,Walking,59335442333000,-1.38,5.18,-4.18
513273,14,Walking,59335492321000,14.9,18.24,12.79
513274,14,Walking,59335542339000,2.76,6.17,2.64
513275,14,Walking,59335592327000,-0.23,14.14,-4.75
513276,14,Walking,59335642314000,2.45,14.44,-5.63
513277,14,Walking,59335692333000,1.46,4.67,-3.11
513278,14,Walking,59335742321000,1.12,7.97,-5.24
513279,14,Walking,59335792339000,1.5,10.73,-4.71
513280,14,Walking,59335842327000,2.96,9.04,-2.75
513281,14,Walking,59335892345000,3.41,8.35,-0.34
513282,14,Walking,59335942333000,3.83,10.08,-1.99
513283,14,Walking,59335992321000,5.63,11.18,-0.65
513284,14,Walking,59336042339000,9.51,9.89,-1.57
513285,14,Walking,59336092357000,11.07,9.23,3.87
513286,14,Walking,59336142345000,8.16,11.75,1.76
513287,14,Walking,59336192302000,4.4,14.52,-1.61
513288,14,Walking,59336242321000,1.08,17.62,-3.87
513289,14,Walking,59336292339000,-1.88,17.92,-9.58
513290,14,Walking,59336342296000,0.72,7.21,0.95
513291,14,Walking,59336392345000,1.23,5.56,-1.18
513292,14,Walking,59336442333000,-0.69,2.64,-4.14
513293,14,Walking,59336492321000,-2.22,1.99,-1.99
513294,14,Walking,59336542339000,3.49,11.07,1.95
513295,14,Walking,59336592327000,14.44,14.48,10.57
513296,14,Walking,59336642314000,-2.22,12.91,-2.03
513297,14,Walking,59336692333000,-0.27,12.22,-3.57
513298,14,Walking,59336692333000,-0.27,12.22,-3.57
513299,14,Walking,59336763042000,0.38,6.74,-5.86
513300,14,Walking,59336813488000,2.79,8.31,-7.74
513301,14,Walking,59336863079000,2.76,10.99,-3.76
513302,14,Walking,59336913005000,4.06,9.66,-2.91
513303,14,Walking,59336962993000,4.14,7.89,0.61
513304,14,Walking,59337013011000,5.05,9.19,-1.8
513305,14,Walking,59337062969000,4.21,10.92,-0.65
513306,14,Walking,59337113048000,7.7,10.84,-1.23
513307,14,Walking,59337163005000,9.08,9.43,2.11
513308,14,Walking,59337213024000,7.93,12.03,-0.91
513309,14,Walking,59337263011000,6.44,10.99,1.23
513310,14,Walking,59337313030000,3.91,14.14,-1.88
513311,14,Walking,59337363048000,1.84,18.58,-7.46
513312,14,Walking,59337413066000,-0.61,14.41,-11.54
513313,14,Walking,59337462993000,1.42,5.75,5.79
513314,14,Walking,59337513073000,0.0,3.87,-3.6
513315,14,Walking,59337562908000,-1.84,1.99,-2.96
513316,14,Walking,59337612987000,-1.42,5.94,-3.91
513317,14,Walking,59337663066000,16.17,18.24,13.06
513318,14,Walking,59337713054000,1.73,6.4,1.69
513319,14,Walking,59337762981000,3.15,18.05,-4.33
513320,14,Walking,59337812969000,0.11,8.85,-4.4
513321,14,Walking,59337863048000,-0.38,6.78,-4.63
513322,14,Walking,59337912975000,2.41,9.0,-5.52
513323,14,Walking,59337972332000,2.68,10.73,-4.18
513324,14,Walking,59338022258000,3.68,8.47,-2.18
513325,14,Walking,59338072338000,4.21,7.97,0.0
513326,14,Walking,59338122325000,4.6,10.42,-2.07
513327,14,Walking,59338172283000,4.9,11.37,-0.42
513328,14,Walking,59338222332000,7.21,9.89,-0.46
513329,14,Walking,59338272319000,10.0,9.43,1.12
513330,14,Walking,59338322338000,8.2,11.22,0.23
513331,14,Walking,59338372325000,4.75,12.98,1.27
513332,14,Walking,59338422283000,1.69,16.59,-3.53
513333,14,Walking,59338472332000,-0.42,19.23,-10.38
513334,14,Walking,59338522319000,0.31,7.55,1.57
513335,14,Walking,59338572338000,0.99,5.28,-0.76
513336,14,Walking,59338622325000,0.08,2.6,-3.57
513337,14,Walking,59338672344000,-2.22,2.56,-3.36
513338,14,Walking,59338722362000,3.02,10.38,-1.18
513339,14,Walking,59338772319000,13.25,14.98,14.75
513340,14,Walking,59338822338000,-1.33,8.47,-1.46
513341,14,Walking,59338872356000,5.94,16.09,-7.97
513342,14,Walking,59338922344000,-0.3,6.44,-2.87
513343,14,Walking,59338972332000,-1.95,8.58,-2.56
513344,14,Walking,59339022319000,0.08,11.3,-4.1
513345,14,Walking,59339072338000,2.56,10.0,-4.4
513346,14,Walking,59339130413000,5.98,6.78,-3.34
513347,14,Walking,59339182109000,6.59,9.11,-2.37
513348,14,Walking,59339232250000,4.18,10.31,-0.3
513349,14,Walking,59339282360000,5.75,11.96,-0.61
513350,14,Walking,59339332347000,9.19,8.85,1.57
513351,14,Walking,59339382305000,7.55,11.3,0.11
513352,14,Walking,59339432323000,6.02,11.88,0.99
513353,14,Walking,59339482341000,3.49,14.02,0.23
513354,14,Walking,59339532329000,1.46,17.62,-5.63
513355,14,Walking,59339582347000,-0.23,14.86,-12.11
513356,14,Walking,59339632335000,0.95,5.13,6.59
513357,14,Walking,59339682323000,1.88,4.06,-2.72
513358,14,Walking,59339732341000,-1.61,3.99,-3.83
513359,14,Walking,59339782329000,-1.99,3.17,-4.52
