,user,label,timestamp,x,y,z
517160,14,Walking,59529842327000,3.41,10.34,-4.33
517161,14,Walking,59529892345000,4.71,8.66,-3.11
517162,14,Walking,59529942333000,6.13,8.31,-1.27
517163,14,Walking,59529992290000,5.98,8.81,-1.18
517164,14,Walking,59530042339000,3.06,9.7,0.15
517165,14,Walking,59530092876000,5.83,10.5,-1.04
517166,14,Walking,59530142345000,8.54,9.15,0.61
517167,14,Walking,59530192333000,8.12,11.5,-0.3
517168,14,Walking,59530242290000,6.4,11.37,-0.3
517169,14,Walking,59530302318000,4.21,13.21,0.34
517170,14,Walking,59530352336000,2.98,16.25,-5.79
517171,14,Walking,59530402294000,1.73,13.91,-12.07
517172,14,Walking,59530452343000,3.99,6.59,8.31
517173,14,Walking,59530502330000,1.31,4.63,-2.53
517174,14,Walking,59530552349000,-1.14,2.11,-4.48
517176,14,Walking,59530602336000,-2.98,3.91,-1.99
517175,14,Walking,59530602336000,-2.98,3.91,-1.99
517177,14,Walking,59530663097000,15.64,17.67,10.53
517178,14,Walking,59530712291000,3.15,7.01,2.53
517179,14,Walking,59530762249000,5.05,18.62,-2.75
517180,14,Walking,59530812969000,-0.15,5.01,-3.79
517181,14,Walking,59530872264000,-0.19,7.86,-4.4
517182,14,Walking,59530922344000,2.3,10.69,-4.4
517183,14,Walking,59530972332000,3.87,10.53,-2.96
517184,14,Walking,59531022319000,4.44,7.59,-3.34
517185,14,Walking,59531072307000,7.01,7.59,-1.53
517186,14,Walking,59531122325000,5.56,8.66,-1.88
517187,14,Walking,59531172344000,3.53,9.47,-0.19
517188,14,Walking,59531222332000,5.75,10.99,-1.08
517189,14,Walking,59531272319000,7.89,9.3,0.31
517190,14,Walking,59531322277000,7.5,11.45,-0.99
517191,14,Walking,59531372325000,6.66,11.65,0.08
517192,14,Walking,59531422344000,2.83,13.76,1.23
517193,14,Walking,59531472332000,1.54,15.64,-3.6
517194,14,Walking,59531522319000,1.46,14.71,-11.37
517195,14,Walking,59531572338000,4.56,6.82,7.46
517196,14,Walking,59531622692000,1.95,3.99,-2.07
517197,14,Walking,59531672344000,-0.15,2.53,-3.76
517198,14,Walking,59531722332000,-2.18,1.31,-3.72
517199,14,Walking,59531772319000,7.55,12.57,2.53
517200,14,Walking,59531822338000,10.88,12.83,9.11
517201,14,Walking,59531872325000,1.42,15.4,-2.37
517202,14,Walking,59531922405000,-0.69,8.05,-3.79
517203,14,Walking,59531972332000,-1.46,7.44,-5.98
517204,14,Walking,59532022258000,2.26,9.66,-5.9
517205,14,Walking,59532072338000,4.02,9.81,-2.75
517206,14,Walking,59532122325000,5.56,8.12,-2.72
517207,14,Walking,59532182354000,5.98,7.16,-1.14
517208,14,Walking,59532232372000,5.94,8.69,-1.88
517209,14,Walking,59532282329000,4.25,8.54,-1.23
517210,14,Walking,59532332347000,4.9,10.92,-1.99
517211,14,Walking,59532382396000,7.35,9.43,-0.61
517212,14,Walking,59532432323000,8.08,11.5,-0.42
517213,14,Walking,59532482402000,7.12,10.69,0.72
517214,14,Walking,59532532329000,5.83,13.1,2.83
517215,14,Walking,59532582347000,3.57,16.28,-3.49
517216,14,Walking,59532632335000,1.88,18.01,-13.53
517217,14,Walking,59532682323000,1.12,7.4,5.75
517218,14,Walking,59532732341000,2.18,3.87,-0.69
517219,14,Walking,59532782329000,1.46,2.07,-3.26
517220,14,Walking,59532832347000,-2.64,1.23,-3.17
517221,14,Walking,59532882335000,7.59,10.88,-2.22
517222,14,Walking,59532932323000,12.87,13.02,12.41
517223,14,Walking,59532982311000,-0.72,11.5,-3.6
517224,14,Walking,59532982311000,-0.72,11.5,-3.6
517225,14,Walking,59533065685000,4.18,12.57,-4.21
517226,14,Walking,59533132457000,0.99,9.0,-3.11
517227,14,Walking,59533192180000,3.41,9.11,-4.52
517228,14,Walking,59533242229000,5.13,9.34,-3.79
517229,14,Walking,59533292369000,5.01,7.27,-0.95
517230,14,Walking,59533342357000,4.71,8.5,0.31
517231,14,Walking,59533392345000,3.83,9.11,-0.95
517232,14,Walking,59533442333000,2.34,10.76,-1.08
517233,14,Walking,59533492290000,5.83,10.42,-2.45
517234,14,Walking,59533542369000,10.23,10.8,-1.95
517235,14,Walking,59533592327000,10.38,9.81,-1.38
517236,14,Walking,59533642345000,3.99,12.26,6.78
517237,14,Walking,59533692333000,3.06,14.6,-2.22
517238,14,Walking,59533742321000,1.57,18.47,-8.05
517239,14,Walking,59533792369000,-0.46,11.14,-4.4
517240,14,Walking,59533842327000,3.21,6.21,3.11
517241,14,Walking,59533892345000,1.54,3.21,-2.53
517242,14,Walking,59533942333000,-1.27,1.08,-3.57
517243,14,Walking,59534002330000,-0.11,5.22,-2.41
517244,14,Walking,59534052349000,17.73,17.97,14.41
517245,14,Walking,59534102336000,-0.5,10.0,-0.61
517246,14,Walking,59534152294000,3.26,13.4,-1.42
517247,14,Walking,59534202343000,-3.21,5.13,-5.24
517248,14,Walking,59534252361000,-0.34,9.81,-4.63
517249,14,Walking,59534302349000,2.96,10.65,-4.9
517250,14,Walking,59534352367000,5.24,10.08,-3.76
517251,14,Walking,59534402324000,6.97,7.59,-2.87
517252,14,Walking,59534452343000,6.36,7.86,-0.04
517253,14,Walking,59534502330000,5.86,8.5,-0.53
517254,14,Walking,59534552349000,4.33,9.15,-0.34
517255,14,Walking,59534602336000,4.99,11.26,-1.8
517256,14,Walking,59534652385000,6.59,9.72,-0.15
517257,14,Walking,59534702343000,7.63,12.3,-1.42
517258,14,Walking,59534752330000,7.01,10.38,0.23
517259,14,Walking,59534802349000,3.6,12.3,3.11
517260,14,Walking,59534852306000,2.96,14.9,-3.83
517261,14,Walking,59534902324000,2.76,16.02,-13.44
517262,14,Walking,59534952343000,1.46,7.82,4.33
517263,14,Walking,59535002574000,1.42,4.75,-0.08
517264,14,Walking,59535052349000,-0.3,2.49,-2.96
517265,14,Walking,59535102306000,-1.95,2.49,-2.75
517266,14,Walking,59535152324000,11.56,14.6,4.14
517267,14,Walking,59535202343000,7.78,9.51,7.01
517268,14,Walking,59535253795000,1.76,15.75,-4.4
517269,14,Walking,59535253795000,1.76,15.75,-4.4
517270,14,Walking,59535313762000,0.84,10.19,-3.49
517271,14,Walking,59535372325000,-1.5,8.31,-3.87
517272,14,Walking,59535422344000,1.54,8.66,-5.01
517273,14,Walking,59535472332000,2.91,10.19,-3.79
517274,14,Walking,59535522319000,5.22,8.28,-2.87
517275,14,Walking,59535572338000,7.4,8.01,-1.95
517276,14,Walking,59535622325000,6.24,8.66,-2.14
517277,14,Walking,59535672374000,3.17,9.53,0.11
517278,14,Walking,59535722332000,6.44,10.95,-0.69
517279,14,Walking,59535772258000,8.96,9.81,1.69
517280,14,Walking,59535822338000,8.66,11.65,-0.5
517281,14,Walking,59535872325000,4.52,13.21,0.27
517282,14,Walking,59535922344000,2.68,14.71,-1.65
517283,14,Walking,59535972332000,1.76,16.86,-9.7
517284,14,Walking,59536022319000,0.0,10.8,-1.5
517285,14,Walking,59536072338000,3.21,6.05,1.76
517286,14,Walking,59536122325000,2.26,3.6,-3.11
517287,14,Walking,59536172344000,-0.57,1.95,-3.53
517288,14,Walking,59536222362000,-1.84,3.87,-3.45
517289,14,Walking,59536272319000,15.83,17.77,12.41
517290,14,Walking,59536322338000,3.26,6.7,1.04
517291,14,Walking,59536372325000,1.18,17.35,-2.45
517292,14,Walking,59536422344000,0.27,7.31,-4.99
517293,14,Walking,59536472332000,1.84,9.66,-5.2
517294,14,Walking,59536522258000,4.14,7.5,-3.79
517295,14,Walking,59536572338000,4.67,9.0,-3.76
517296,14,Walking,59536622325000,4.71,8.5,-2.34
517297,14,Walking,59536672344000,3.6,8.2,0.76
517298,14,Walking,59536722332000,3.83,8.81,-0.84
517299,14,Walking,59536772319000,4.02,8.62,-1.5
517300,14,Walking,59536822338000,5.13,11.45,-2.83
517301,14,Walking,59536872356000,6.82,9.43,-1.08
517302,14,Walking,59536922374000,8.28,11.56,-0.99
517303,14,Walking,59536972301000,8.66,11.26,-0.5
517304,14,Walking,59537022258000,2.76,11.8,4.25
517305,14,Walking,59537072338000,2.15,13.57,-2.03
517306,14,Walking,59537122295000,2.15,16.86,-10.15
517307,14,Walking,59537172344000,3.6,7.86,0.31
517308,14,Walking,59537222332000,3.26,6.66,0.46
517309,14,Walking,59537272319000,1.33,3.72,-2.98
517310,14,Walking,59537322338000,-2.14,0.89,-4.86
517311,14,Walking,59537372325000,-1.33,5.79,-3.57
517312,14,Walking,59537422283000,18.35,17.77,15.7
517313,14,Walking,59537472332000,3.11,13.18,-3.17
517314,14,Walking,59537522350000,1.27,12.34,-3.26
517315,14,Walking,59537572338000,-5.2,5.01,-4.79
517316,14,Walking,59537622325000,-1.38,10.08,-4.4
517317,14,Walking,59537672344000,1.76,11.84,-3.6
517318,14,Walking,59537722332000,3.99,10.19,-3.64
517319,14,Walking,59537772411000,6.74,7.82,-3.45
517320,14,Walking,59537822338000,8.69,7.46,-1.8
517321,14,Walking,59537872264000,6.17,9.28,-0.91
517322,14,Walking,59537922344000,2.76,10.73,0.19
517323,14,Walking,59537972332000,4.99,10.84,-0.84
517324,14,Walking,59538022319000,7.89,9.96,0.19
517325,14,Walking,59538072338000,8.77,13.48,-3.17
517326,14,Walking,59538122325000,3.17,11.84,-2.34
517327,14,Walking,59538172344000,1.42,10.42,-0.57
517328,14,Walking,59538242321000,2.96,12.03,-3.17
517329,14,Walking,59538292278000,2.68,12.07,-6.05
517330,14,Walking,59538342327000,0.46,6.44,0.89
517331,14,Walking,59538392345000,0.04,4.4,-2.64
517332,14,Walking,59538442333000,-3.57,1.8,-2.56
517333,14,Walking,59538492290000,1.54,9.11,3.53
517334,14,Walking,59538542369000,15.83,15.05,10.27
517335,14,Walking,59538592327000,0.57,10.57,-5.13
517336,14,Walking,59538642376000,2.96,16.28,-5.56
517337,14,Walking,59538692333000,-2.18,4.71,-1.61
517338,14,Walking,59538742321000,0.72,8.24,-3.49
517339,14,Walking,59538792369000,3.06,10.34,-4.75
517340,14,Walking,59538842327000,4.44,9.34,-4.29
517341,14,Walking,59538892345000,5.79,7.06,-2.45
517342,14,Walking,59538942333000,5.48,8.16,-1.04
517343,14,Walking,59539002330000,3.83,10.0,-1.84
517344,14,Walking,59539052257000,3.26,10.5,-0.89
517345,14,Walking,59539102367000,6.97,9.34,-1.33
517346,14,Walking,59539152294000,10.08,9.72,-0.53
517347,14,Walking,59539202343000,8.89,10.8,-1.76
517348,14,Walking,59539252361000,3.79,14.33,2.22
517349,14,Walking,59539302318000,1.54,15.79,-2.53
517350,14,Walking,59539352336000,-0.72,17.35,-9.66
517351,14,Walking,59539402294000,3.45,6.66,2.96
517352,14,Walking,59539452343000,2.87,5.05,-0.95
517353,14,Walking,59539502300000,1.23,3.57,-3.15
517354,14,Walking,59539552349000,-2.45,1.73,-3.83
517355,14,Walking,59539602336000,-0.15,7.08,-4.48
517356,14,Walking,59539652294000,18.89,17.2,15.21
517357,14,Walking,59539702343000,-0.69,8.28,-3.02
517358,14,Walking,59539752330000,2.83,16.09,-3.76
517359,14,Walking,59539802349000,-0.5,6.05,-4.18
