,user,label,timestamp,x,y,z
51952,33,Downstairs,10438282237000,-2.03,6.21,1.9885708
51953,33,Downstairs,10438332286000,-2.03,7.35,2.5606253
51954,33,Downstairs,10438382274000,-1.27,9.47,5.5571017
51955,33,Downstairs,10438432262000,1.65,6.85,1.56634
51956,33,Downstairs,10438482280000,-3.91,16.74,1.9204689999999998
51957,33,Downstairs,10438532268000,-0.99,5.41,1.6480621
51958,33,Downstairs,10438582225000,0.76,12.57,2.6832085
51959,33,Downstairs,10438642345000,-2.26,8.43,1.4573771999999998
51960,33,Downstairs,10438692271000,-0.61,7.78,1.6889231
51961,33,Downstairs,10438692271000,-0.61,7.78,1.6889231
51962,33,Downstairs,10438792247000,0.57,7.97,2.6832085
51963,33,Downstairs,10438842326000,0.34,8.05,3.336985
51964,33,Downstairs,10438842326000,0.34,8.05,3.336985
51965,33,Downstairs,10438903667000,0.93,7.7,2.4925237
51966,33,Downstairs,10438953197000,0.0,7.12,2.9147543999999996
51967,33,Downstairs,10439003551000,-1.73,5.94,3.8273177000000005
51968,33,Downstairs,10439052257000,-3.68,13.29,5.366417
51969,33,Downstairs,10439103465000,0.19,12.53,6.973617999999999
51970,33,Downstairs,10439152232000,-3.83,11.73,6.170017700000001
51971,33,Downstairs,10439203471000,-2.11,7.5,4.630918
51972,33,Downstairs,10439252299000,-0.42,5.56,2.7649305
51973,33,Downstairs,10439303447000,-0.99,4.33,1.8387468999999996
51974,33,Downstairs,10439352245000,-1.08,5.24,2.4108016
51975,33,Downstairs,10439403362000,-0.46,9.38,5.597963
51976,33,Downstairs,10439452251000,-1.61,9.15,4.372132
51977,33,Downstairs,10439503520000,-1.88,8.05,4.018002500000001
51978,33,Downstairs,10439552226000,-2.83,10.42,3.8681788
51979,33,Downstairs,10439603465000,3.15,13.18,-1.2666923
51980,33,Downstairs,10439652202000,0.04,14.41,5.0531489999999994
51981,33,Downstairs,10439703410000,-0.04,16.44,2.7649305
51982,33,Downstairs,10439752238000,-0.84,7.82,-0.040861044
51983,33,Downstairs,10439803386000,-1.5,8.73,1.1849703
51984,33,Downstairs,10439852245000,0.8,7.25,1.8796080000000002
51985,33,Downstairs,10439903331000,1.23,7.44,2.1792557
51986,33,Downstairs,10439952281000,0.5,7.63,3.0645783
51987,33,Downstairs,10440003734000,1.33,7.89,3.4868089999999996
51988,33,Downstairs,10440053935000,0.65,7.12,3.0645783
51989,33,Downstairs,10440103404000,-3.02,7.08,3.0237172
51990,33,Downstairs,10440153667000,-4.44,16.32,4.4810944
51991,33,Downstairs,10440203288000,-1.42,12.49,6.4424243
51992,33,Downstairs,10440253642000,-1.69,10.61,6.2108784
51993,33,Downstairs,10440313609000,-1.65,8.2,4.862464
51994,33,Downstairs,10440362315000,-0.57,4.14,0.92618364
51995,33,Downstairs,10440412334000,-1.42,3.06,1.3075534
51996,33,Downstairs,10440462260000,-0.46,5.79,3.6366330000000002
51997,33,Downstairs,10440512340000,-0.89,10.84,5.284695
51998,33,Downstairs,10440572246000,-3.17,8.31,3.0645783
51999,33,Downstairs,10440632243000,-1.14,7.25,2.7649305
52000,33,Downstairs,10440682201000,1.23,17.08,1.3756552
52001,33,Downstairs,10440732280000,0.76,12.95,5.243834
52002,33,Downstairs,10440782237000,0.19,14.02,0.84446156
52003,33,Downstairs,10440832286000,-1.88,9.3,0.92618364
52004,33,Downstairs,10440882243000,-0.84,8.69,0.313268
52005,33,Downstairs,10440932262000,0.38,6.47,1.7297841
52006,33,Downstairs,10440982249000,0.04,7.5,3.5685309999999997
52007,33,Downstairs,10441032268000,1.8,8.85,3.214402
52008,33,Downstairs,10441082225000,1.57,8.69,3.7592160000000003
52009,33,Downstairs,10441132304000,-0.95,6.02,3.5957718
52010,33,Downstairs,10441182201000,-1.46,6.32,3.5276701
52011,33,Downstairs,10441232310000,-2.83,15.75,2.8330324
52012,33,Downstairs,10441282268000,-2.14,12.79,6.2789803
52013,33,Downstairs,10441332286000,-3.68,12.34,5.7886477
52014,33,Downstairs,10441382243000,-1.18,8.5,4.440233
52015,33,Downstairs,10441432262000,-0.53,6.24,2.4925237
52016,33,Downstairs,10441482249000,-0.95,3.79,0.9942854
52017,33,Downstairs,10441532268000,-1.12,3.57,1.1168685
52018,33,Downstairs,10441582256000,-0.57,8.28,4.290409599999999
52019,33,Downstairs,10441632274000,-2.6,8.62,4.2495484
52020,33,Downstairs,10441682231000,-1.73,8.39,4.8216033
52021,33,Downstairs,10441732280000,-2.37,10.5,3.173541
52022,33,Downstairs,10441782237000,3.17,15.66,1.0351465
52023,33,Downstairs,10441832286000,-0.23,14.56,3.8273177000000005
52024,33,Downstairs,10441882243000,0.23,10.84,0.9942854
52025,33,Downstairs,10441932231000,-2.14,9.66,1.1168685
52026,33,Downstairs,10441982249000,0.5,8.47,1.7978859
52027,33,Downstairs,10442032329000,1.18,6.66,2.070293
52028,33,Downstairs,10442082256000,0.8,7.67,3.5276701
52029,33,Downstairs,10442132304000,3.87,8.73,3.4868089999999996
52030,33,Downstairs,10442182201000,2.6,7.4,2.6014863999999998
52031,33,Downstairs,10442232280000,-1.65,5.86,0.8036005
52032,33,Downstairs,10442282268000,-3.17,15.02,2.1792557
52033,33,Downstairs,10442332286000,-3.72,17.62,3.2552630000000002
52034,33,Downstairs,10442382243000,1.38,15.66,5.175732
52035,33,Downstairs,10442432292000,-2.37,11.54,4.018002500000001
52036,33,Downstairs,10442482249000,-0.46,7.12,0.92618364
52037,33,Downstairs,10442532268000,-0.95,4.37,1.3075534
52038,33,Downstairs,10442582256000,-0.61,5.37,2.3018389
52039,33,Downstairs,10442632213000,-0.38,9.04,5.012288
52040,33,Downstairs,10442682262000,-0.27,9.72,6.5922484
52041,33,Downstairs,10442732219000,0.0,9.11,4.8216033
52042,33,Downstairs,10442782268000,-1.61,17.58,3.5685309999999997
52043,33,Downstairs,10442832225000,-1.92,5.67,-0.08172209
52044,33,Downstairs,10442882274000,3.34,8.12,-1.2666923
52045,33,Downstairs,10442932475000,0.89,12.98,1.334794
52046,33,Downstairs,10442982219000,-1.61,8.01,1.2666923
52047,33,Downstairs,10443032268000,0.38,9.58,-0.27240697
52048,33,Downstairs,10443082256000,-0.84,9.77,0.61291564
52049,33,Downstairs,10443132213000,-1.08,9.58,0.88532263
52050,33,Downstairs,10443182262000,-0.15,9.81,0.95342433
52051,33,Downstairs,10443232249000,0.08,9.15,0.3405087
52052,33,Downstairs,10443282268000,0.65,11.14,1.56634
52053,33,Downstairs,10443332256000,1.57,13.8,1.3756552
52054,33,Downstairs,10443382243000,1.5,13.63,-1.0351465
52055,33,Downstairs,10443432262000,-3.64,10.19,-1.2666923
52056,33,Downstairs,10443482249000,-3.45,12.18,0.92618364
52057,33,Downstairs,10443532268000,2.41,11.99,1.4165162
52058,33,Downstairs,10443582530000,-1.84,7.55,0.27240697
52059,33,Downstairs,10443632243000,-1.88,6.28,1.4573771999999998
52060,33,Downstairs,10443682353000,-1.53,5.22,1.9477096999999999
52061,33,Downstairs,10443732341000,-2.83,6.36,1.56634
52062,33,Downstairs,10443782268000,-1.99,5.28,2.2201166000000003
52063,33,Downstairs,10443832256000,0.89,6.32,1.9477096999999999
52064,33,Downstairs,10443882243000,0.19,8.58,3.1463002999999996
52065,33,Downstairs,10443932414000,-1.61,8.96,3.6366330000000002
52066,33,Downstairs,10443982219000,-2.98,9.92,2.6014863999999998
52067,33,Downstairs,10444032268000,1.95,15.36,0.6946376999999999
52068,33,Downstairs,10444082256000,-2.11,15.79,5.0531489999999994
52069,33,Downstairs,10444132304000,0.11,10.19,1.0351465
52070,33,Downstairs,10444192424000,-1.42,8.69,1.56634
52071,33,Downstairs,10444242229000,-0.08,8.28,2.4516625
52072,33,Downstairs,10444242229000,-0.08,8.28,2.4516625
52073,33,Downstairs,10444342265000,1.12,6.85,2.9147543999999996
52075,33,Downstairs,10444392345000,1.65,6.32,3.214402
52074,33,Downstairs,10444392345000,1.65,6.32,3.214402
52076,33,Downstairs,10444453288000,0.0,6.05,2.9556155
52077,33,Downstairs,10444503612000,-3.53,16.02,5.0531489999999994
52078,33,Downstairs,10444553203000,-3.68,12.11,7.055340299999999
52079,33,Downstairs,10444603648000,-3.72,13.25,7.7363577
52080,33,Downstairs,10444653178000,-0.95,8.35,5.5571017
52081,33,Downstairs,10444703654000,-1.18,5.18,2.3699405
52082,33,Downstairs,10444753185000,-1.57,3.99,1.7297841
52083,33,Downstairs,10444803661000,-0.91,3.6,1.9477096999999999
52084,33,Downstairs,10444853191000,0.34,5.98,4.372132
52085,33,Downstairs,10444903636000,-0.3,9.28,5.5162406
52086,33,Downstairs,10444953136000,-2.14,7.44,3.336985
52087,33,Downstairs,10445003551000,-2.26,8.35,2.2609777
52088,33,Downstairs,10445052226000,3.17,18.31,0.50395286
52089,33,Downstairs,10445103496000,-1.14,16.17,6.9327570000000005
52090,33,Downstairs,10445152232000,0.5,12.22,0.3405087
52091,33,Downstairs,10445203471000,-2.83,7.59,1.8796080000000002
52092,33,Downstairs,10445252238000,-0.65,6.13,1.334794
52093,33,Downstairs,10445303447000,1.84,5.67,2.6014863999999998
52094,33,Downstairs,10445352275000,1.76,7.78,2.9147543999999996
52095,33,Downstairs,10445403392000,-0.65,9.04,4.6036777
52096,33,Downstairs,10445452281000,0.5,3.95,3.214402
52097,33,Downstairs,10445503368000,-2.75,12.68,5.597963
52098,33,Downstairs,10445552287000,-2.72,12.6,6.633109599999999
52099,33,Downstairs,10445603374000,-5.41,13.48,8.117727
52100,33,Downstairs,10445652293000,-2.6,8.16,5.0531489999999994
52101,33,Downstairs,10445703410000,-0.23,4.67,2.070293
52102,33,Downstairs,10445752269000,-1.92,4.56,2.4925237
52103,33,Downstairs,10445803386000,-0.65,5.22,2.6014863999999998
52104,33,Downstairs,10445852245000,-1.18,6.44,3.7864565999999997
52105,33,Downstairs,10445903361000,-3.26,9.3,4.7943625
52106,33,Downstairs,10445953716000,-3.53,9.15,3.9499009
52107,33,Downstairs,10446003337000,-1.46,6.02,1.9204689999999998
52108,33,Downstairs,10446053722000,1.27,14.41,1.8796080000000002
52109,33,Downstairs,10446103282000,-2.18,16.78,6.238119
52110,33,Downstairs,10446153728000,0.89,12.3,1.9477096999999999
52111,33,Downstairs,10446203227000,-2.22,9.53,1.9204689999999998
52112,33,Downstairs,10446253703000,-0.53,8.66,1.3075534
52113,33,Downstairs,10446303172000,0.57,6.93,2.4108016
52114,33,Downstairs,10446353648000,0.15,7.35,3.0237172
52115,33,Downstairs,10446403117000,0.65,7.27,3.4050870000000004
52116,33,Downstairs,10446453593000,0.89,7.35,3.4868089999999996
52117,33,Downstairs,10446503032000,-0.53,5.71,3.2961242
52118,33,Downstairs,10446553508000,-1.12,9.96,3.9090397000000006
52119,33,Downstairs,10446602245000,-5.2,15.24,5.625203599999999
52120,33,Downstairs,10446653453000,-2.49,11.18,7.2732660000000005
52121,33,Downstairs,10446702281000,-1.99,11.3,7.4639505999999995
52122,33,Downstairs,10446753429000,-0.5,5.67,3.8273177000000005
52123,33,Downstairs,10446802287000,-1.14,3.79,2.4925237
52124,33,Downstairs,10446853465000,-1.23,4.1,3.5685309999999997
52125,33,Downstairs,10446902263000,-0.34,7.74,4.5628166
52126,33,Downstairs,10446953380000,-1.69,6.59,2.8738932999999998
52127,33,Downstairs,10447003703000,-1.27,9.04,4.2086873
52128,33,Downstairs,10447053325000,-0.89,9.23,4.671779
52129,33,Downstairs,10447103648000,-1.76,7.5,2.7921712000000003
52130,33,Downstairs,10447153209000,1.31,13.21,0.19068487
52131,33,Downstairs,10447203624000,-0.61,15.47,4.5628166
52132,33,Downstairs,10447253703000,-1.38,13.14,1.7570249
52133,33,Downstairs,10447303172000,-1.18,9.3,1.6889231
52134,33,Downstairs,10447353618000,0.04,8.16,1.1168685
52135,33,Downstairs,10447403148000,0.99,7.01,1.6480621
52136,33,Downstairs,10447453563000,1.33,8.2,3.173541
52137,33,Downstairs,10447503062000,1.54,8.96,3.6366330000000002
52138,33,Downstairs,10447553539000,2.56,8.28,3.214402
52139,33,Downstairs,10447602306000,-0.8,6.97,1.7297841
52140,33,Downstairs,10447653362000,-2.91,6.13,0.46309182
52141,33,Downstairs,10447702312000,-3.98,16.44,0.7627395
52142,33,Downstairs,10447753398000,-2.72,16.21,2.6832085
52143,33,Downstairs,10447802287000,-4.9,17.35,6.170017700000001
52144,33,Downstairs,10447853404000,0.27,9.92,3.6366330000000002
52145,33,Downstairs,10447902232000,-0.76,4.9,0.6946376999999999
52146,33,Downstairs,10447953380000,-1.92,4.56,1.4165162
52147,33,Downstairs,10448003734000,-1.08,5.67,2.7921712000000003
52148,33,Downstairs,10448053264000,-1.18,8.69,4.5628166
52149,33,Downstairs,10448103679000,-0.76,10.04,7.014479
52150,33,Downstairs,10448153239000,-0.11,9.43,5.325556
52151,33,Downstairs,10448203624000,-0.69,9.11,3.7864565999999997
