,user,label,timestamp,x,y,z
524970,14,Walking,59986732311000,0.27,11.14,-2.37
524971,14,Walking,59986782299000,1.38,11.5,-3.49
524972,14,Walking,59986832317000,-0.23,10.31,-1.04
524973,14,Walking,59986882305000,-1.08,12.6,-2.07
524974,14,Walking,59986932293000,1.18,12.53,-0.04
524975,14,Walking,59986982311000,0.31,13.38,0.69
524976,14,Walking,59987032299000,-2.22,12.26,0.57
524977,14,Walking,59987082317000,-2.96,11.92,-2.03
524978,14,Walking,59987132305000,-5.43,14.44,-4.14
524979,14,Walking,59987182292000,-7.74,15.02,-7.78
524980,14,Walking,59987182292000,-7.74,15.02,-7.78
524981,14,Walking,59987250377000,-1.12,7.01,-2.64
524982,14,Walking,59987302379000,-2.91,5.71,-0.84
524983,14,Walking,59987352245000,-1.95,2.53,-3.3
524984,14,Walking,59987402263000,-3.02,0.65,-2.37
524985,14,Walking,59987452282000,8.47,13.63,2.72
524986,14,Walking,59987502269000,2.03,11.5,10.19
524987,14,Walking,59987552288000,-6.89,12.68,-6.05
524988,14,Walking,59987620372000,0.46,10.92,-4.59
524989,14,Walking,59987682262000,-5.48,7.93,-1.27
524990,14,Walking,59987732280000,-1.33,7.78,-1.88
524991,14,Walking,59987782329000,-2.34,10.65,-4.67
524992,14,Walking,59987832317000,-1.61,8.35,-4.67
524993,14,Walking,59987882305000,-0.38,8.05,-3.79
524994,14,Walking,59987932293000,-1.23,10.76,-2.83
524995,14,Walking,59987982311000,-0.69,10.38,-2.34
524996,14,Walking,59988032299000,-1.76,12.34,-1.88
524997,14,Walking,59988082317000,0.99,12.83,-1.65
524998,14,Walking,59988132305000,3.02,13.91,5.43
524999,14,Walking,59988182292000,1.27,12.15,-1.69
525000,14,Walking,59988232311000,0.31,13.18,-2.49
525001,14,Walking,59988282299000,-5.94,14.9,-3.3
525002,14,Walking,59988332317000,-10.57,15.05,-7.89
525003,14,Walking,59988382305000,-0.5,6.24,-3.95
525004,14,Walking,59988432293000,-2.83,6.44,2.3
525005,14,Walking,59988482311000,-1.38,5.71,-2.3
525006,14,Walking,59988532299000,-4.4,1.33,-3.79
525007,14,Walking,59988582317000,-5.94,7.86,0.38
525008,14,Walking,59988632335000,15.66,18.58,5.67
525009,14,Walking,59988682292000,-1.92,6.59,0.31
525010,14,Walking,59988732311000,-6.55,15.64,-4.82
525011,14,Walking,59988782299000,-3.3,6.97,-2.72
525012,14,Walking,59988832347000,-3.68,8.16,-2.72
525013,14,Walking,59988882305000,-2.14,8.24,-2.83
525014,14,Walking,59988932293000,-2.72,9.11,-4.67
525015,14,Walking,59988982311000,-1.38,8.16,-3.17
525016,14,Walking,59989032299000,-0.27,9.53,-1.76
525017,14,Walking,59989082317000,-0.5,10.65,-3.02
525018,14,Walking,59989132366000,-2.41,10.34,-1.5
525019,14,Walking,59989182323000,-2.75,11.3,-1.33
525020,14,Walking,59989232311000,0.72,12.95,-0.72
525021,14,Walking,59989282299000,3.99,14.52,-1.18
525022,14,Walking,59989332317000,-1.31,11.92,3.64
525023,14,Walking,59989382305000,-4.33,12.87,-1.84
525024,14,Walking,59989432293000,-6.13,13.4,-4.14
525025,14,Walking,59989482311000,-8.27,13.63,-7.93
525026,14,Walking,59989532299000,0.72,7.55,-3.36
525027,14,Walking,59989582347000,-3.57,6.51,2.72
525028,14,Walking,59989632305000,-1.53,3.91,-2.45
525029,14,Walking,59989682292000,-3.49,1.27,-3.98
525030,14,Walking,59989732311000,-1.33,9.77,0.53
525031,14,Walking,59989782299000,12.11,17.24,13.44
525032,14,Walking,59989832317000,-4.56,7.97,-5.86
525033,14,Walking,59989882305000,-4.1,13.14,-5.6
525034,14,Walking,59989932293000,-5.28,6.51,-3.3
525035,14,Walking,59989982341000,-3.83,9.47,-1.08
525036,14,Walking,59990032299000,-0.91,7.78,-2.34
525037,14,Walking,59990082317000,-3.72,8.58,-4.4
525038,14,Walking,59990132305000,-0.91,8.35,-2.91
525039,14,Walking,59990182292000,-0.23,10.8,-1.73
525040,14,Walking,59990232311000,0.61,10.99,-3.76
525041,14,Walking,59990232311000,0.61,10.99,-3.76
525042,14,Walking,59990293102000,-0.42,9.0,-1.23
525043,14,Walking,59990352306000,-2.34,12.37,-1.95
525044,14,Walking,59990402263000,0.34,13.02,0.19
525045,14,Walking,59990460338000,1.8,13.59,0.19
525046,14,Walking,59990512157000,-0.76,11.65,3.02
525047,14,Walking,59990562206000,-4.82,14.21,-2.45
525048,14,Walking,59990612407000,-7.27,14.18,-4.59
525049,14,Walking,59990662303000,-4.63,11.56,-12.03
525050,14,Walking,59990712322000,-0.15,8.47,7.25
525051,14,Walking,59990762340000,-2.83,5.13,-0.61
525052,14,Walking,59990812328000,-2.45,2.34,-4.86
525053,14,Walking,59990862346000,-3.36,1.76,-2.91
525054,14,Walking,59990912303000,4.79,14.75,2.68
525055,14,Walking,59990962322000,6.05,13.29,12.15
525056,14,Walking,59991012279000,-7.08,11.84,-5.56
525057,14,Walking,59991062267000,-2.64,11.18,-4.99
525058,14,Walking,59991112316000,-4.37,5.41,-2.68
525059,14,Walking,59991162303000,-3.53,7.7,-1.46
525060,14,Walking,59991212291000,-2.83,10.57,-1.92
525061,14,Walking,59991262249000,-1.73,8.66,-4.75
525062,14,Walking,59991312297000,-0.42,8.31,-2.87
525063,14,Walking,59991362316000,-0.04,10.69,-2.45
525064,14,Walking,59991412334000,0.11,9.72,-2.91
525065,14,Walking,59991462261000,-2.26,9.92,-1.27
525066,14,Walking,59991512310000,-2.49,11.99,-1.8
525067,14,Walking,59991562267000,0.69,12.49,-1.08
525068,14,Walking,59991612316000,0.38,14.1,0.38
525069,14,Walking,59991662303000,1.23,12.87,3.64
525070,14,Walking,59991712322000,-2.14,13.06,-0.69
525071,14,Walking,59991762310000,-6.09,13.53,-4.44
525072,14,Walking,59991812297000,-8.54,14.75,-7.65
525073,14,Walking,59991862316000,-1.08,6.97,-7.27
525074,14,Walking,59991912242000,-2.41,6.55,6.17
525075,14,Walking,59991962291000,-2.26,4.6,-3.53
525076,14,Walking,59992012279000,-4.21,2.37,-4.86
525077,14,Walking,59992062267000,-4.44,8.12,0.53
525078,14,Walking,59992112316000,15.13,19.04,11.8
525079,14,Walking,59992162303000,-2.6,8.54,-2.98
525080,14,Walking,59992212291000,-4.48,15.28,-4.18
525081,14,Walking,59992262310000,-3.34,4.63,-3.15
525082,14,Walking,59992312267000,-6.02,7.08,-3.17
525083,14,Walking,59992382274000,-3.83,9.81,-2.53
525084,14,Walking,59992432262000,-1.99,9.28,-3.3
525085,14,Walking,59992482311000,0.27,9.85,-3.36
525086,14,Walking,59992532299000,1.54,10.65,-1.99
525087,14,Walking,59992582317000,0.65,9.38,-2.45
525088,14,Walking,59992632305000,-2.98,9.92,-1.08
525089,14,Walking,59992682292000,-3.6,10.23,-1.23
525090,14,Walking,59992732311000,-0.84,12.3,-0.69
525091,14,Walking,59992782299000,0.69,14.37,-1.84
525092,14,Walking,59992832317000,2.3,13.38,0.57
525093,14,Walking,59992882305000,-4.06,12.03,3.17
525094,14,Walking,59992932293000,-5.86,13.25,-4.79
525095,14,Walking,59992982311000,-8.24,12.76,-5.52
525096,14,Walking,59993032299000,0.46,7.55,-6.17
525097,14,Walking,59993082347000,-2.79,6.51,5.71
525098,14,Walking,59993132305000,-2.18,4.82,-3.17
525099,14,Walking,59993182292000,-2.56,2.6,-5.41
525100,14,Walking,59993232311000,-3.57,7.01,0.65
525101,14,Walking,59993282299000,14.21,19.53,8.89
525102,14,Walking,59993332317000,-1.76,7.7,0.76
525103,14,Walking,59993382305000,-7.16,12.03,-4.37
525104,14,Walking,59993432293000,-2.22,10.5,-5.33
525105,14,Walking,59993482311000,-4.79,8.05,-2.37
525106,14,Walking,59993532299000,-3.41,7.46,-1.88
525107,14,Walking,59993582317000,-2.83,9.66,-3.3
525108,14,Walking,59993632305000,-1.46,8.35,-4.94
525109,14,Walking,59993682292000,0.27,9.04,-2.45
525110,14,Walking,59993732311000,0.53,11.73,-2.64
525111,14,Walking,59993782299000,0.38,10.15,-1.5
525112,14,Walking,59993832317000,-1.99,10.08,-1.31
525113,14,Walking,59993882305000,-1.5,10.57,-1.53
525114,14,Walking,59993932293000,0.27,11.22,-0.95
525115,14,Walking,59993982280000,0.0,13.67,-2.07
525116,14,Walking,59994032299000,0.42,15.02,-1.46
525117,14,Walking,59994082317000,-2.56,10.61,4.99
525118,14,Walking,59994132305000,-5.94,12.95,-2.75
525119,14,Walking,59994182292000,-6.55,12.53,-7.01
525120,14,Walking,59994232311000,0.53,9.51,-9.04
525121,14,Walking,59994282299000,-3.21,6.59,6.02
525122,14,Walking,59994332317000,-2.64,4.1,-3.02
525123,14,Walking,59994382305000,-3.72,2.76,-5.52
525124,14,Walking,59994432293000,-4.71,7.16,-0.69
525125,14,Walking,59994482311000,15.98,19.57,7.27
525126,14,Walking,59994532299000,-0.61,6.7,2.68
525127,14,Walking,59994582317000,-7.12,11.96,-4.94
525128,14,Walking,59994632305000,-0.8,13.76,-8.39
525129,14,Walking,59994682354000,-3.02,4.48,-1.65
525130,14,Walking,59994732311000,-4.82,7.78,0.27
525131,14,Walking,59994782299000,-3.6,9.47,-2.37
525132,14,Walking,59994832317000,-2.41,9.89,-4.63
525133,14,Walking,59994882305000,-0.27,8.89,-3.17
525134,14,Walking,59994932293000,-0.76,9.85,-2.34
525135,14,Walking,59994982341000,-0.53,9.28,-3.02
525136,14,Walking,59995032299000,-2.68,10.53,-2.07
525137,14,Walking,59995082317000,-0.42,11.88,-1.57
525138,14,Walking,59995132305000,2.68,13.82,-0.72
525139,14,Walking,59995182292000,1.73,14.86,5.41
525140,14,Walking,59995232311000,-0.72,11.92,1.08
525141,14,Walking,59995232311000,-0.72,11.92,1.08
525142,14,Walking,59995292949000,-4.37,14.14,-3.98
525143,14,Walking,59995343578000,-10.08,13.57,-2.34
525144,14,Walking,59995402263000,-1.27,11.54,-13.82
525145,14,Walking,59995462291000,-1.31,8.28,11.5
525146,14,Walking,59995530437000,-1.5,4.67,-4.14
525147,14,Walking,59995582286000,-4.18,2.18,-3.17
525148,14,Walking,59995632274000,0.76,14.71,4.18
525149,14,Walking,59995682292000,9.51,14.67,12.34
525150,14,Walking,59995732311000,-5.28,6.97,-5.43
525151,14,Walking,59995782299000,-0.53,17.12,-6.74
525152,14,Walking,59995832317000,-2.49,4.56,-0.95
525153,14,Walking,59995882305000,-6.82,7.89,-0.89
525154,14,Walking,59995932293000,-3.26,8.16,-0.42
525155,14,Walking,59995982311000,-2.83,10.08,-3.79
525156,14,Walking,59996032299000,-0.65,10.53,-4.4
525157,14,Walking,59996082317000,0.84,8.89,-2.53
525158,14,Walking,59996132305000,1.27,10.42,-2.64
525159,14,Walking,59996182292000,-0.72,9.43,-2.37
525160,14,Walking,59996232311000,-3.15,9.66,-1.38
525161,14,Walking,59996282299000,-2.45,10.34,-0.95
525162,14,Walking,59996332317000,0.04,12.18,-0.99
525163,14,Walking,59996382305000,0.65,13.82,-2.03
525164,14,Walking,59996432293000,0.93,13.33,0.84
525165,14,Walking,59996482311000,-1.73,10.53,3.38
525166,14,Walking,59996532299000,-4.99,13.72,-3.11
525167,14,Walking,59996582347000,-7.25,13.53,-7.4
525168,14,Walking,59996632305000,-1.18,9.19,-11.41
525169,14,Walking,59996682292000,-0.76,9.3,8.5
