,user,label,timestamp,x,y,z
527970,14,Walking,60136712261000,-1.53,13.38,4.71
527971,14,Walking,60136762310000,11.56,15.94,11.26
527972,14,Walking,60136762310000,11.56,15.94,11.26
527973,14,Walking,60136872448000,-5.33,15.32,-3.6
527974,14,Walking,60136923259000,-2.11,5.41,-2.56
527975,14,Walking,60136972209000,-2.79,7.01,-1.14
527976,14,Walking,60137022289000,-2.49,9.08,-4.86
527977,14,Walking,60137072307000,-1.92,9.11,-7.59
527978,14,Walking,60137122264000,-0.91,8.73,-1.69
527979,14,Walking,60137172283000,-1.88,10.99,-0.72
527980,14,Walking,60137222271000,-1.23,11.88,-1.65
527981,14,Walking,60137272289000,-1.38,9.53,-0.46
527982,14,Walking,60137322277000,-1.33,10.57,-0.19
527983,14,Walking,60137372264000,-0.42,10.95,0.31
527984,14,Walking,60137422313000,-0.61,12.87,-2.3
527985,14,Walking,60137472301000,0.31,13.63,-2.87
527986,14,Walking,60137522289000,-2.37,9.43,0.08
527987,14,Walking,60137572307000,-4.67,11.88,0.93
527988,14,Walking,60137622295000,-7.27,15.36,-7.16
527989,14,Walking,60137672618000,0.0,10.65,-4.9
527990,14,Walking,60137732402000,-2.45,7.46,2.53
527991,14,Walking,60137782268000,-1.99,4.06,-3.21
527992,14,Walking,60137832286000,-2.98,2.41,-3.6
527993,14,Walking,60137882305000,-4.18,5.67,-0.19
527994,14,Walking,60137932293000,10.61,19.34,10.15
527995,14,Walking,60137982311000,1.12,7.89,2.72
527996,14,Walking,60138032299000,-7.16,16.78,-1.84
527997,14,Walking,60138082317000,-2.98,8.92,-2.6
527998,14,Walking,60138132305000,-3.02,6.55,-4.33
527999,14,Walking,60138182292000,-2.68,7.97,-2.6
528000,14,Walking,60138232311000,-2.14,8.47,-6.55
528001,14,Walking,60138282329000,-1.69,9.11,-4.67
528002,14,Walking,60138332317000,-0.91,10.34,-1.18
528003,14,Walking,60138382305000,-0.3,11.54,-0.19
528004,14,Walking,60138432293000,0.69,10.27,-1.53
528005,14,Walking,60138482311000,-1.57,9.3,-1.42
528006,14,Walking,60138532299000,-2.41,11.14,-1.46
528007,14,Walking,60138582317000,-0.72,10.8,-0.15
528008,14,Walking,60138632305000,0.84,13.38,-1.99
528009,14,Walking,60138682292000,0.95,13.4,-2.53
528010,14,Walking,60138732311000,-5.43,9.51,0.72
528011,14,Walking,60138782299000,-6.78,12.15,-1.73
528012,14,Walking,60138832317000,-7.97,14.48,-5.82
528013,14,Walking,60138882305000,3.21,9.11,-1.23
528014,14,Walking,60138932293000,-2.14,6.47,0.53
528015,14,Walking,60138982311000,-1.61,4.71,-3.17
528016,14,Walking,60139032299000,-3.57,2.3,-4.4
528017,14,Walking,60139082317000,-4.94,6.78,-1.88
528018,14,Walking,60139132305000,11.3,19.23,12.41
528019,14,Walking,60139182323000,2.3,8.12,2.37
528020,14,Walking,60139232311000,-6.55,16.28,-4.56
528021,14,Walking,60139282360000,-2.87,8.66,-2.6
528022,14,Walking,60139332317000,-3.98,4.71,-2.98
528023,14,Walking,60139382305000,-3.41,8.69,-2.07
528024,14,Walking,60139432293000,-3.11,9.08,-4.63
528025,14,Walking,60139482311000,-1.95,9.04,-4.79
528026,14,Walking,60139532299000,-0.5,9.08,-1.57
528027,14,Walking,60139582286000,-0.5,11.35,-1.46
528028,14,Walking,60139632305000,0.0,10.92,-2.03
528029,14,Walking,60139682293000,-1.65,10.19,-0.99
528030,14,Walking,60139732311000,-1.31,10.84,-0.89
528031,14,Walking,60139782299000,0.11,10.88,-0.46
528032,14,Walking,60139832317000,-0.65,13.29,-1.61
528033,14,Walking,60139882305000,-0.23,12.53,-1.27
528034,14,Walking,60139932293000,-2.34,9.28,3.91
528035,14,Walking,60139982311000,-4.52,12.98,-2.11
528036,14,Walking,60140032299000,-7.55,16.13,-7.78
528037,14,Walking,60140082317000,-0.57,8.66,-4.37
528038,14,Walking,60140132305000,-2.53,7.44,4.63
528039,14,Walking,60140182323000,-1.69,4.99,-2.6
528040,14,Walking,60140232311000,-2.91,3.17,-3.79
528041,14,Walking,60140232311000,-2.91,3.17,-3.79
528042,14,Walking,60140293468000,-3.36,5.52,-1.5
528043,14,Walking,60140343242000,14.41,19.46,10.04
528044,14,Walking,60140402263000,1.54,7.97,2.11
528045,14,Walking,60140452282000,-4.29,17.01,-2.98
528046,14,Walking,60140502269000,-2.79,8.31,-3.49
528047,14,Walking,60140572338000,-4.21,7.06,-3.15
528048,14,Walking,60140622295000,-3.21,8.5,-3.15
528049,14,Walking,60140672344000,-1.53,8.08,-7.44
528050,14,Walking,60140722271000,-1.14,9.58,-2.72
528051,14,Walking,60140772258000,0.19,10.84,-0.99
528052,14,Walking,60140822338000,0.95,12.03,-1.69
528053,14,Walking,60140872325000,-1.08,9.43,-0.76
528054,14,Walking,60140922374000,-2.49,9.89,-0.99
528055,14,Walking,60140972332000,-0.84,9.47,0.15
528056,14,Walking,60141022319000,0.11,11.56,-1.23
528057,14,Walking,60141072338000,0.46,13.91,-2.72
528058,14,Walking,60141122325000,-0.53,13.38,-3.83
528059,14,Walking,60141172313000,-2.96,8.81,-2.22
528060,14,Walking,60141222332000,-4.99,10.5,2.15
528061,14,Walking,60141272289000,-6.43,12.15,-0.15
528062,14,Walking,60141322338000,-2.75,12.64,-6.36
528063,14,Walking,60141372295000,0.08,8.08,-2.07
528064,14,Walking,60141422344000,-3.34,5.18,-0.11
528065,14,Walking,60141472332000,-2.22,4.75,-2.45
528066,14,Walking,60141522319000,-2.98,3.68,-1.92
528067,14,Walking,60141572338000,-3.57,12.37,3.34
528068,14,Walking,60141622325000,11.18,16.82,9.81
528069,14,Walking,60141672313000,-2.49,8.92,-1.57
528070,14,Walking,60141722332000,-1.18,18.66,-5.63
528071,14,Walking,60141772319000,-2.26,2.18,-2.64
528072,14,Walking,60141822338000,-7.46,6.47,-1.88
528073,14,Walking,60141872325000,-4.94,9.38,-0.65
528074,14,Walking,60141922863000,-4.21,9.72,-6.24
528075,14,Walking,60141982341000,-1.46,9.66,-3.21
528076,14,Walking,60142032207000,0.84,8.85,-2.53
528077,14,Walking,60142082347000,1.18,10.88,-3.17
528078,14,Walking,60142132335000,-0.3,10.42,-1.5
528079,14,Walking,60142182292000,-1.99,10.99,-1.69
528080,14,Walking,60142232311000,-0.61,11.35,-0.84
528081,14,Walking,60142282299000,0.46,12.3,-0.3
528082,14,Walking,60142332317000,-0.61,13.29,1.31
528083,14,Walking,60142382305000,-0.53,10.84,4.9
528084,14,Walking,60142432293000,-4.21,12.26,-1.46
528085,14,Walking,60142482311000,-6.63,15.32,-4.79
528086,14,Walking,60142532299000,-7.44,13.82,-10.19
528087,14,Walking,60142582317000,2.98,7.25,5.28
528088,14,Walking,60142632335000,-1.99,6.28,0.65
528089,14,Walking,60142682323000,-1.84,3.79,-4.29
528090,14,Walking,60142732311000,-3.15,2.6,-2.96
528091,14,Walking,60142782299000,-3.91,10.92,2.3
528092,14,Walking,60142832317000,15.43,18.05,12.6
528093,14,Walking,60142882305000,-5.2,12.6,-2.98
528094,14,Walking,60142932293000,-5.09,10.92,-3.34
528095,14,Walking,60142982341000,-2.79,3.72,-2.11
528096,14,Walking,60143032299000,-3.26,7.97,-4.56
528097,14,Walking,60143082317000,-3.06,11.03,-3.79
528098,14,Walking,60143132305000,-2.22,8.54,-5.2
528099,14,Walking,60143182323000,-1.08,9.11,-2.49
528100,14,Walking,60143232311000,-1.18,9.89,-0.57
528101,14,Walking,60143282299000,-1.33,10.53,-1.5
528102,14,Walking,60143332317000,-1.88,9.85,-0.72
528103,14,Walking,60143382305000,-1.46,10.46,-1.65
528104,14,Walking,60143432293000,0.11,11.5,-1.95
528105,14,Walking,60143482311000,1.04,13.18,-1.33
528106,14,Walking,60143532299000,0.8,13.02,-1.53
528107,14,Walking,60143582317000,0.0,10.38,5.41
528108,14,Walking,60143632305000,-3.41,12.72,0.0
528109,14,Walking,60143682292000,-7.27,14.94,-6.28
528110,14,Walking,60143732311000,-7.12,12.49,-9.23
528111,14,Walking,60143782299000,2.68,6.89,2.68
528112,14,Walking,60143832317000,-3.06,6.02,0.72
528113,14,Walking,60143882305000,-2.14,3.83,-3.53
528114,14,Walking,60143932293000,-3.11,3.76,-2.07
528115,14,Walking,60143982311000,-1.14,13.02,3.06
528116,14,Walking,60144032299000,11.99,16.4,13.48
528117,14,Walking,60144082317000,-4.82,6.17,-5.05
528118,14,Walking,60144132335000,-4.79,18.05,-2.45
528119,14,Walking,60144182323000,-1.88,7.21,-3.26
528120,14,Walking,60144232311000,-3.26,5.28,-0.95
528121,14,Walking,60144282299000,-2.64,7.31,-1.95
528122,14,Walking,60144332317000,-3.11,10.19,-6.89
528123,14,Walking,60144382305000,-1.18,10.12,-3.95
528124,14,Walking,60144432293000,0.23,9.7,-1.73
528125,14,Walking,60144482311000,0.53,10.73,-2.22
528126,14,Walking,60144532299000,-0.42,9.7,-0.76
528127,14,Walking,60144582317000,-2.75,10.15,-1.23
528128,14,Walking,60144632305000,-2.22,10.73,-0.99
528129,14,Walking,60144682292000,0.84,12.07,-0.42
528130,14,Walking,60144732341000,1.14,14.79,-1.92
528131,14,Walking,60144782268000,-2.11,12.03,-0.04
528132,14,Walking,60144832317000,-4.99,10.27,1.42
528133,14,Walking,60144882305000,-5.43,12.34,-3.68
528134,14,Walking,60144932293000,-4.82,13.72,-8.58
528135,14,Walking,60144982311000,0.95,8.01,-2.03
528136,14,Walking,60145032299000,-3.83,6.63,1.54
528137,14,Walking,60145082317000,-2.37,4.94,-3.45
528138,14,Walking,60145132305000,-3.87,2.56,-4.37
528139,14,Walking,60145182292000,-5.09,7.21,-1.84
528140,14,Walking,60145232311000,13.87,19.53,10.8
528141,14,Walking,60145282299000,-1.46,7.67,1.14
528142,14,Walking,60145332592000,-6.17,17.39,-1.8
528143,14,Walking,60145382305000,-2.03,5.28,-2.3
528144,14,Walking,60145432293000,-3.87,4.67,-2.98
528145,14,Walking,60145482311000,-2.98,9.23,-3.68
528146,14,Walking,60145532299000,-3.34,11.54,-4.63
528147,14,Walking,60145582317000,-0.27,8.96,-3.95
528148,14,Walking,60145582317000,-0.27,8.96,-3.95
528149,14,Walking,60145652294000,0.15,9.04,-1.53
528150,14,Walking,60145702282000,-0.91,10.12,-1.61
528151,14,Walking,60145752269000,-2.64,10.04,-0.95
528152,14,Walking,60145802288000,-2.22,10.42,-1.12
528153,14,Walking,60145852275000,0.65,10.99,-0.91
528154,14,Walking,60145902263000,2.03,13.82,-1.65
528155,14,Walking,60145952312000,0.15,13.99,0.8
528156,14,Walking,60146002269000,-4.29,10.27,4.06
528157,14,Walking,60146052288000,-5.79,13.76,-3.49
528158,14,Walking,60146112346000,-9.11,15.05,-5.82
528159,14,Walking,60146162334000,0.95,7.55,-3.34
528160,14,Walking,60146212291000,-2.41,6.17,5.18
528161,14,Walking,60146262310000,-0.57,4.75,-2.87
528162,14,Walking,60146312297000,-2.3,2.96,-4.94
528163,14,Walking,60146362316000,-3.15,7.78,-2.11
528164,14,Walking,60146412334000,12.22,19.31,14.21
528165,14,Walking,60146462261000,-1.38,7.08,-1.88
528166,14,Walking,60146512310000,-6.82,17.2,-2.34
528167,14,Walking,60146562267000,-1.69,7.55,-3.26
528168,14,Walking,60146612346000,-4.18,4.52,-3.34
528169,14,Walking,60146662273000,-2.98,8.16,-1.69
