,user,label,timestamp,x,y,z
528770,14,Walking,60176732311000,-2.45,9.0,-2.49
528771,14,Walking,60176782329000,-4.71,4.79,-4.1
528772,14,Walking,60176832317000,-4.14,8.43,-2.6
528773,14,Walking,60176882305000,-4.29,9.11,-5.01
528774,14,Walking,60176932293000,-2.72,7.82,-5.6
528775,14,Walking,60176982311000,-0.95,9.38,-1.99
528776,14,Walking,60177032299000,0.34,11.37,-0.84
528777,14,Walking,60177082317000,2.45,11.65,-3.95
528778,14,Walking,60177132305000,-0.34,10.38,-0.99
528779,14,Walking,60177182292000,-1.23,11.8,-1.12
528780,14,Walking,60177232311000,0.93,12.68,0.84
528781,14,Walking,60177232311000,0.93,12.68,0.84
528782,14,Walking,60177302288000,0.65,14.37,0.53
528783,14,Walking,60177352275000,-1.88,12.15,1.04
528784,14,Walking,60177402446000,-5.43,14.29,-3.49
528785,14,Walking,60177462291000,-10.11,16.63,-5.33
528786,14,Walking,60177512340000,-4.21,7.27,-8.05
528787,14,Walking,60177562267000,1.33,4.37,7.82
528788,14,Walking,60177612316000,-2.26,4.1,-2.26
528789,14,Walking,60177662303000,-3.41,1.65,-4.86
528790,14,Walking,60177712291000,-4.33,7.74,0.46
528791,14,Walking,60177762249000,13.63,18.66,11.96
528792,14,Walking,60177812267000,-2.34,5.71,-1.69
528793,14,Walking,60177862316000,-6.78,17.35,-3.41
528794,14,Walking,60177912303000,-2.45,8.66,-3.17
528795,14,Walking,60177962261000,-2.87,5.13,-2.45
528796,14,Walking,60178012249000,-1.8,7.89,-4.4
528797,14,Walking,60178062297000,-3.15,9.77,-5.09
528798,14,Walking,60178112316000,-2.45,9.15,-2.68
528799,14,Walking,60178162303000,-1.14,8.35,-0.69
528800,14,Walking,60178212291000,-1.38,10.69,-1.61
528801,14,Walking,60178262279000,-0.04,10.46,-2.49
528802,14,Walking,60178312267000,-1.04,11.11,-1.65
528803,14,Walking,60178362316000,0.31,10.92,-1.27
528804,14,Walking,60178412303000,1.95,14.56,-1.31
528805,14,Walking,60178462291000,2.76,14.44,4.1
528806,14,Walking,60178512310000,-2.72,12.45,1.23
528807,14,Walking,60178562297000,-6.28,15.13,-4.44
528808,14,Walking,60178612316000,-6.13,15.17,-11.8
528809,14,Walking,60178662334000,0.34,6.85,-3.72
528810,14,Walking,60178712352000,-2.87,6.59,4.52
528811,14,Walking,60178762310000,-2.14,4.25,-4.1
528812,14,Walking,60178812297000,-4.52,2.56,-4.94
528813,14,Walking,60178862316000,-4.86,5.33,-3.17
528814,14,Walking,60178912303000,9.77,19.19,13.18
528815,14,Walking,60178962291000,3.45,8.89,2.83
528816,14,Walking,60179012249000,-6.13,18.2,-4.1
528817,14,Walking,60179062297000,-1.88,4.99,-1.95
528818,14,Walking,60179112285000,-5.43,6.24,-3.26
528819,14,Walking,60179162303000,-1.95,9.19,-1.14
528820,14,Walking,60179212261000,-2.56,11.14,-6.4
528821,14,Walking,60179262340000,-1.04,7.89,-5.05
528822,14,Walking,60179312297000,-0.91,7.63,-1.27
528823,14,Walking,60179362285000,-2.14,11.3,-0.5
528824,14,Walking,60179412273000,-0.53,10.46,-2.45
528825,14,Walking,60179462261000,-0.99,9.77,-1.46
528826,14,Walking,60179512279000,-0.34,11.03,-1.84
528827,14,Walking,60179562267000,0.53,11.5,-1.04
528828,14,Walking,60179612285000,0.95,14.21,-2.49
528829,14,Walking,60179662303000,-0.15,13.48,4.37
528830,14,Walking,60179712261000,-3.57,11.22,3.11
528831,14,Walking,60179762310000,-5.63,14.1,-4.4
528832,14,Walking,60179812267000,-6.89,14.44,-9.89
528833,14,Walking,60179862316000,1.65,6.78,-3.06
528834,14,Walking,60179912303000,-2.03,6.51,3.49
528835,14,Walking,60179962291000,-1.99,5.13,-3.98
528836,14,Walking,60180012310000,-3.02,3.3,-4.33
528837,14,Walking,60180062297000,11.22,19.53,12.37
528838,14,Walking,60180132305000,11.22,19.53,12.37
528839,14,Walking,60180182231000,-4.52,17.73,-3.15
528840,14,Walking,60180232341000,-4.25,5.9,-2.68
528841,14,Walking,60180282268000,-4.1,0.57,-2.83
528842,14,Walking,60180332317000,-5.82,10.42,-2.68
528843,14,Walking,60180382305000,-3.26,12.3,-5.28
528844,14,Walking,60180432293000,0.42,9.0,-4.71
528845,14,Walking,60180482311000,0.23,8.54,-1.88
528846,14,Walking,60180532299000,-1.69,10.53,-0.11
528847,14,Walking,60180582317000,-2.03,9.19,-0.91
528848,14,Walking,60180632305000,-2.72,9.89,-1.27
528849,14,Walking,60180682292000,-1.65,11.54,-1.99
528850,14,Walking,60180732341000,0.42,11.73,-1.95
528851,14,Walking,60180782299000,0.8,12.64,-1.73
528852,14,Walking,60180832317000,0.65,12.49,-1.57
528853,14,Walking,60180882305000,-2.3,10.04,6.13
528854,14,Walking,60180932323000,-4.63,13.18,-1.08
528855,14,Walking,60180982311000,-7.93,15.94,-8.05
528856,14,Walking,60181032299000,-4.21,9.08,-9.89
528857,14,Walking,60181082317000,0.89,6.66,7.31
528858,14,Walking,60181132305000,-2.14,4.86,-1.18
528859,14,Walking,60181182292000,-2.3,4.48,-3.72
528860,14,Walking,60181232311000,-3.41,5.9,0.19
528861,14,Walking,60181282299000,4.79,17.58,7.08
528862,14,Walking,60181332317000,4.71,11.45,7.67
528863,14,Walking,60181382305000,-6.24,9.38,-4.18
528864,14,Walking,60181432293000,-1.73,15.51,-1.23
528865,14,Walking,60181482311000,-2.45,5.71,-3.91
528866,14,Walking,60181532299000,-3.15,8.35,-1.88
528867,14,Walking,60181582317000,-2.49,8.89,-1.84
528868,14,Walking,60181632305000,-0.99,9.15,-6.21
528869,14,Walking,60181682292000,-0.89,8.96,-3.26
528870,14,Walking,60181732311000,-1.33,9.3,-0.46
528871,14,Walking,60181782299000,-1.53,10.73,-1.18
528872,14,Walking,60181832317000,-1.57,9.51,-1.12
528873,14,Walking,60181882305000,-1.33,9.81,-2.41
528874,14,Walking,60181932293000,-0.76,11.56,-1.84
528875,14,Walking,60181982311000,0.34,12.45,-0.99
528876,14,Walking,60182032299000,0.89,12.83,-1.92
528877,14,Walking,60182082317000,-2.96,13.06,1.69
528878,14,Walking,60182082317000,-2.96,13.06,1.69
528879,14,Walking,60182142742000,-5.01,8.54,5.9
528880,14,Walking,60182193431000,-5.56,12.76,-4.71
528881,14,Walking,60182252269000,-6.32,12.95,-7.63
528882,14,Walking,60182302288000,4.14,7.06,1.69
528883,14,Walking,60182352275000,-1.23,6.51,0.5
528884,14,Walking,60182402263000,-1.46,6.32,-3.64
528885,14,Walking,60182452343000,-2.91,3.83,-1.88
528886,14,Walking,60182502269000,-3.49,8.16,1.95
528887,14,Walking,60182562297000,10.73,18.85,11.69
528888,14,Walking,60182612316000,-5.67,13.25,-0.76
528889,14,Walking,60182662303000,-3.02,10.46,-2.53
528890,14,Walking,60182712291000,-2.98,1.88,-4.9
528891,14,Walking,60182712291000,-2.98,1.88,-4.9
528892,14,Walking,60182822338000,-4.86,11.5,-1.8
528893,14,Walking,60182872386000,-0.69,9.34,-5.37
528894,14,Walking,60182922222000,0.19,9.47,-2.75
528895,14,Walking,60182972271000,-0.15,10.84,-0.23
528896,14,Walking,60183022258000,0.0,9.43,-1.04
528897,14,Walking,60183072277000,-2.37,9.85,-1.88
528898,14,Walking,60183122295000,-3.72,10.73,-1.23
528899,14,Walking,60183172283000,-1.95,11.5,-1.23
528900,14,Walking,60183222301000,0.8,13.25,-0.99
528901,14,Walking,60183272289000,1.73,12.95,-2.45
528902,14,Walking,60183322307000,-2.91,9.72,4.99
528903,14,Walking,60183372295000,-5.56,12.26,-0.95
528904,14,Walking,60183422313000,-7.16,13.99,-4.4
528905,14,Walking,60183472301000,-4.37,10.0,-5.13
528906,14,Walking,60183522289000,1.73,6.17,0.46
528907,14,Walking,60183572246000,-2.68,5.41,-1.23
528908,14,Walking,60183622295000,-1.12,4.52,-3.68
528909,14,Walking,60183679119000,-2.56,4.67,-0.5
528910,14,Walking,60183732311000,3.76,15.13,6.21
528911,14,Walking,60183782299000,1.84,11.26,6.55
528912,14,Walking,60183832317000,-7.12,13.82,-1.61
528913,14,Walking,60183882305000,-1.84,12.07,-2.72
528914,14,Walking,60183932293000,-4.29,4.18,-4.86
528915,14,Walking,60183982341000,-4.1,8.01,-1.99
528916,14,Walking,60184032299000,-4.25,9.47,-4.75
528917,14,Walking,60184082317000,-3.02,9.04,-5.33
528918,14,Walking,60184132305000,-1.12,9.53,-1.99
528919,14,Walking,60184182292000,0.42,11.18,0.72
528920,14,Walking,60184232311000,2.91,11.88,-3.3
528921,14,Walking,60184282299000,0.72,9.47,-1.88
528922,14,Walking,60184332317000,-2.18,9.62,-0.46
528923,14,Walking,60184382305000,-3.02,11.18,-1.14
528924,14,Walking,60184432293000,-0.23,12.95,-0.99
528925,14,Walking,60184482860000,1.99,13.67,-2.79
528926,14,Walking,60184532299000,-2.14,10.76,-0.15
528927,14,Walking,60184582347000,-4.1,11.03,0.84
528928,14,Walking,60184632305000,-6.93,13.1,-4.4
528929,14,Walking,60184682262000,-2.53,11.54,-8.35
528930,14,Walking,60184732311000,0.53,7.12,2.15
528931,14,Walking,60184782299000,-3.45,5.6,-0.69
528932,14,Walking,60184832317000,-2.3,4.52,-4.14
528933,14,Walking,60184882305000,-3.3,3.87,-2.14
528934,14,Walking,60184932293000,-4.86,12.49,1.5
528935,14,Walking,60184982311000,12.45,17.05,12.18
528936,14,Walking,60185032299000,-3.57,10.38,-2.72
528937,14,Walking,60185082317000,-3.83,15.55,-6.24
528938,14,Walking,60185132305000,-2.72,1.65,-2.68
528939,14,Walking,60185132305000,-2.72,1.65,-2.68
528940,14,Walking,60185202282000,-5.98,8.69,-0.84
528941,14,Walking,60185252605000,-4.25,9.66,-3.91
528942,14,Walking,60185302288000,-1.95,8.81,-4.63
528943,14,Walking,60185352275000,0.08,9.15,-1.8
528944,14,Walking,60185402263000,0.31,11.3,-2.11
528945,14,Walking,60185452251000,0.53,10.23,-2.11
528946,14,Walking,60185502269000,-1.14,10.42,-1.38
528947,14,Walking,60185552288000,-1.18,11.73,-1.73
528948,14,Walking,60185602306000,0.76,11.96,-0.3
528949,14,Walking,60185662334000,1.08,13.18,0.23
528950,14,Walking,60185712291000,-1.95,11.84,3.83
528951,14,Walking,60185762340000,-5.56,13.02,-2.6
528952,14,Walking,60185812297000,-8.5,14.82,-5.6
528953,14,Walking,60185862316000,-7.27,11.26,-7.86
528954,14,Walking,60185912303000,3.21,7.5,3.3
528955,14,Walking,60185962291000,-2.72,6.28,-0.65
528956,14,Walking,60186012249000,-1.73,3.91,-3.45
528957,14,Walking,60186062267000,-4.21,2.03,-1.61
528958,14,Walking,60186112316000,-0.04,11.41,4.6
528959,14,Walking,60186162303000,11.5,15.94,9.08
528960,14,Walking,60186212261000,-2.96,6.17,-3.91
528961,14,Walking,60186262218000,-6.66,15.64,-3.45
528962,14,Walking,60186312389000,-2.3,9.92,-2.22
528963,14,Walking,60186362316000,-3.26,7.06,-1.38
528964,14,Walking,60186412273000,-1.99,6.28,-1.38
528965,14,Walking,60186462291000,-3.41,10.08,-6.28
528966,14,Walking,60186512310000,-1.92,8.92,-2.98
528967,14,Walking,60186562297000,-0.84,9.34,-0.89
528968,14,Walking,60186612285000,-0.15,11.07,-2.79
528969,14,Walking,60186662303000,0.69,9.28,-2.37
