,user,label,timestamp,x,y,z
529770,14,Walking,60226712322000,-3.68,4.14,5.48
529771,14,Walking,60226762310000,-1.69,3.72,-2.91
529772,14,Walking,60226812297000,-3.57,2.37,-4.44
529773,14,Walking,60226862285000,-3.06,11.18,-0.11
529774,14,Walking,60226912303000,10.99,17.2,13.91
529775,14,Walking,60226962291000,-6.82,14.71,-2.26
529776,14,Walking,60227012249000,-4.99,7.67,-3.3
529777,14,Walking,60227062297000,-4.75,3.95,-3.41
529778,14,Walking,60227112285000,-3.83,8.81,-5.82
529779,14,Walking,60227162303000,-2.6,11.35,-4.82
529780,14,Walking,60227212291000,-0.46,9.77,-3.83
529781,14,Walking,60227262310000,0.19,9.04,-2.64
529782,14,Walking,60227312267000,0.89,11.11,-1.46
529783,14,Walking,60227362285000,0.19,9.96,-1.04
529784,14,Walking,60227412273000,-2.79,10.23,-1.27
529785,14,Walking,60227462261000,-3.6,10.73,-1.69
529786,14,Walking,60227512279000,-0.34,11.22,-1.57
529787,14,Walking,60227582378000,1.73,13.63,-1.57
529788,14,Walking,60227632244000,-0.34,11.88,-0.38
529789,14,Walking,60227682323000,-3.45,10.65,3.6
529790,14,Walking,60227732280000,-5.2,13.4,-2.56
529791,14,Walking,60227782299000,-6.7,17.86,-7.93
529792,14,Walking,60227832317000,-0.42,7.08,-4.79
529793,14,Walking,60227882335000,-3.79,4.99,3.68
529794,14,Walking,60227932292000,-1.76,4.1,-2.83
529795,14,Walking,60227982311000,-3.49,1.92,-3.26
529796,14,Walking,60228032299000,-4.82,9.11,4.75
529797,14,Walking,60228082317000,11.69,18.05,8.2
529798,14,Walking,60228132305000,-4.06,13.29,-0.19
529799,14,Walking,60228182445000,-5.86,12.22,-1.69
529800,14,Walking,60228232311000,-3.72,3.06,-3.53
529801,14,Walking,60228282299000,-3.98,7.46,-4.33
529802,14,Walking,60228332317000,-1.31,9.81,-4.06
529803,14,Walking,60228382305000,-0.42,10.38,-5.01
529804,14,Walking,60228432293000,0.42,9.28,-2.75
529805,14,Walking,60228482311000,0.46,10.92,-0.99
529806,14,Walking,60228532299000,0.0,9.92,-0.53
529807,14,Walking,60228582317000,-1.95,9.81,-0.95
529808,14,Walking,60228632305000,-3.21,9.81,-1.8
529809,14,Walking,60228682292000,-2.03,11.22,-0.72
529810,14,Walking,60228732311000,0.89,13.63,-0.61
529811,14,Walking,60228782299000,0.11,15.85,-3.64
529812,14,Walking,60228832317000,-2.87,9.34,-1.84
529813,14,Walking,60228882305000,-4.25,10.5,1.54
529814,14,Walking,60228932293000,-5.98,11.18,-1.61
529815,14,Walking,60228982311000,-0.08,11.84,-7.5
529816,14,Walking,60229032726000,0.11,7.59,-3.3
529817,14,Walking,60229082317000,-6.02,4.75,0.0
529818,14,Walking,60229132305000,-4.14,4.37,-3.64
529819,14,Walking,60229182323000,-4.48,3.45,-2.03
529820,14,Walking,60229232311000,2.96,16.21,7.21
529821,14,Walking,60229282299000,8.08,12.22,7.89
529822,14,Walking,60229332317000,-6.82,10.08,-4.56
529823,14,Walking,60229382335000,-5.75,14.67,-4.9
529824,14,Walking,60229432293000,-2.79,4.79,-2.45
529825,14,Walking,60229482311000,-3.64,7.97,-2.26
529826,14,Walking,60229532299000,-4.59,10.15,-4.25
529827,14,Walking,60229582317000,-2.96,8.31,-4.56
529828,14,Walking,60229582317000,-2.96,8.31,-4.56
529829,14,Walking,60229682354000,-0.72,9.47,-1.5
529830,14,Walking,60229733623000,-1.42,10.27,-0.89
529831,14,Walking,60229782207000,-1.33,10.95,-1.76
529832,14,Walking,60229832256000,1.12,12.15,-1.08
529833,14,Walking,60229882305000,4.99,14.82,-1.38
529834,14,Walking,60229932323000,-1.12,13.48,9.04
529835,14,Walking,60229982311000,-1.84,11.92,-0.99
529836,14,Walking,60230032299000,-5.94,14.9,-3.57
529837,14,Walking,60230082317000,-10.08,17.97,-4.59
529838,14,Walking,60230132305000,-3.49,8.01,-7.63
529839,14,Walking,60230182292000,-2.14,4.33,5.24
529840,14,Walking,60230232341000,-1.76,4.75,-2.22
529841,14,Walking,60230282299000,-2.87,2.18,-4.79
529842,14,Walking,60230332317000,-5.6,7.06,0.19
529843,14,Walking,60230382305000,12.76,19.57,9.11
529844,14,Walking,60230432293000,-0.8,5.09,1.99
529845,14,Walking,60230482311000,-7.12,13.48,-2.26
529846,14,Walking,60230532360000,-3.76,13.87,-4.02
529847,14,Walking,60230582317000,-3.3,4.75,-1.92
529848,14,Walking,60230632305000,-2.83,6.51,-2.68
529849,14,Walking,60230682292000,-2.87,10.23,-5.6
529850,14,Walking,60230732311000,-1.76,9.66,-3.87
529851,14,Walking,60230782299000,-0.3,8.69,-1.46
529852,14,Walking,60230832286000,-0.89,10.69,-1.46
529853,14,Walking,60230882305000,-0.15,10.92,-1.8
529854,14,Walking,60230932293000,-1.76,11.18,-1.18
529855,14,Walking,60230982311000,-1.61,11.56,-1.12
529856,14,Walking,60231032299000,1.14,13.29,0.84
529857,14,Walking,60231082347000,1.57,13.48,3.95
529858,14,Walking,60231132305000,-1.31,12.45,0.11
529859,14,Walking,60231182292000,-5.9,14.71,-2.98
529860,14,Walking,60231232311000,-8.88,16.63,-5.75
529861,14,Walking,60231282299000,-4.18,10.12,-10.46
529862,14,Walking,60231332317000,-1.04,5.94,7.44
529863,14,Walking,60231382305000,-2.56,4.18,-1.42
529864,14,Walking,60231432293000,-2.91,1.5,-5.01
529865,14,Walking,60231482311000,-3.57,3.15,-2.98
529866,14,Walking,60231532329000,9.92,18.28,10.73
529867,14,Walking,60231582317000,2.87,8.66,5.05
529868,14,Walking,60231632305000,-7.25,17.39,-3.64
529869,14,Walking,60231682323000,-2.53,6.89,-3.41
529870,14,Walking,60231732311000,-4.79,5.01,-2.14
529871,14,Walking,60231782299000,-2.34,8.92,-1.57
529872,14,Walking,60231832317000,-1.61,11.5,-5.18
529873,14,Walking,60231882335000,-0.42,8.2,-5.01
529874,14,Walking,60231932293000,0.15,8.35,-1.08
529875,14,Walking,60231982341000,-1.14,10.88,-0.84
529876,14,Walking,60232032299000,-1.33,9.77,-1.5
529877,14,Walking,60232082317000,-3.11,9.81,-1.23
529878,14,Walking,60232132305000,-2.68,10.84,-1.33
529879,14,Walking,60232182292000,-0.11,13.14,-0.5
529880,14,Walking,60232232311000,2.72,15.32,-2.79
529881,14,Walking,60232282299000,0.42,10.61,4.99
529882,14,Walking,60232332317000,-3.49,12.18,2.56
529883,14,Walking,60232382305000,-6.74,14.86,-4.52
529884,14,Walking,60232432293000,-6.66,15.43,-8.92
529885,14,Walking,60232482311000,1.04,6.09,-2.91
529886,14,Walking,60232532299000,-4.18,4.75,2.76
529888,14,Walking,60232582347000,-2.14,3.91,-3.11
529887,14,Walking,60232582347000,-2.14,3.91,-3.11
529889,14,Walking,60232652263000,-2.87,1.27,-4.63
529890,14,Walking,60232702282000,5.79,17.39,6.66
529891,14,Walking,60232752300000,5.22,11.75,8.08
529892,14,Walking,60232802288000,-7.21,17.82,-5.75
529893,14,Walking,60232852275000,-2.91,5.43,-2.83
529894,14,Walking,60232902263000,-4.71,3.17,-1.84
529895,14,Walking,60232962291000,-4.44,8.81,-2.45
529896,14,Walking,60233012249000,-2.98,10.61,-6.28
529897,14,Walking,60233062267000,-0.04,9.23,-3.41
529898,14,Walking,60233112285000,1.12,10.46,-1.46
529899,14,Walking,60233162303000,1.04,9.89,-1.73
529900,14,Walking,60233212291000,-2.14,10.19,-1.61
529901,14,Walking,60233262310000,-3.79,10.69,-1.33
529902,14,Walking,60233312297000,-0.89,11.26,0.15
529903,14,Walking,60233362285000,1.73,14.9,-0.8
529904,14,Walking,60233412334000,1.54,12.83,2.07
529905,14,Walking,60233462322000,-4.21,12.95,2.22
529906,14,Walking,60233512310000,-7.25,14.56,-4.14
529907,14,Walking,60233562297000,-8.96,16.4,-9.34
529908,14,Walking,60233612285000,0.69,6.59,-4.9
529909,14,Walking,60233662303000,-2.98,4.71,5.01
529910,14,Walking,60233712291000,-1.46,2.83,-3.11
529911,14,Walking,60233762310000,-2.75,1.18,-4.9
529912,14,Walking,60233812297000,-2.18,10.76,-2.14
529913,14,Walking,60233862316000,13.82,17.54,15.98
529914,14,Walking,60233912303000,-5.82,10.5,-5.86
529915,14,Walking,60233962322000,-7.12,15.13,-4.59
529916,14,Walking,60234012249000,-3.49,3.02,-0.99
529917,14,Walking,60234062297000,-4.1,6.97,-3.79
529918,14,Walking,60234112285000,-3.15,10.84,-4.44
529919,14,Walking,60234162273000,-1.53,9.72,-6.36
529920,14,Walking,60234212322000,0.23,8.96,-2.26
529921,14,Walking,60234262310000,0.8,10.42,-0.91
529922,14,Walking,60234312297000,1.08,10.84,-2.26
529923,14,Walking,60234362285000,-2.18,10.12,-1.27
529924,14,Walking,60234412303000,-3.26,10.57,-1.14
529925,14,Walking,60234462291000,-0.76,12.07,-0.3
529926,14,Walking,60234512310000,1.31,13.87,-1.88
529927,14,Walking,60234562297000,2.79,12.26,2.26
529928,14,Walking,60234612285000,-1.92,13.1,2.45
529929,14,Walking,60234662303000,-6.7,16.28,-4.18
529930,14,Walking,60234712291000,-8.77,17.27,-10.19
529931,14,Walking,60234772319000,1.5,4.06,0.5
529932,14,Walking,60234822155000,-2.79,4.67,3.26
529933,14,Walking,60234872264000,-1.8,2.41,-5.09
529934,14,Walking,60234922313000,-3.3,2.87,-2.49
529935,14,Walking,60234972271000,1.33,13.59,-0.42
529936,14,Walking,60235022289000,8.01,14.67,13.21
529937,14,Walking,60235072307000,-6.93,11.88,-5.52
529938,14,Walking,60235122295000,-2.72,13.33,-4.86
529939,14,Walking,60235172283000,-2.22,2.79,-2.68
529940,14,Walking,60235222301000,-5.18,7.01,-1.18
529941,14,Walking,60235282299000,-3.95,11.11,-3.3
529942,14,Walking,60235332317000,-2.03,8.92,-3.95
529943,14,Walking,60235382305000,0.5,9.34,-2.49
529944,14,Walking,60235432293000,1.88,10.34,-2.98
529945,14,Walking,60235482341000,-0.08,10.04,-2.68
529946,14,Walking,60235532268000,-2.64,11.45,-1.31
529947,14,Walking,60235582225000,-1.73,11.8,0.04
529948,14,Walking,60235632274000,1.95,13.91,0.31
529949,14,Walking,60235682292000,2.79,13.4,3.79
529950,14,Walking,60235732341000,-1.46,12.3,0.8
529951,14,Walking,60235782299000,-4.82,14.37,-3.17
529952,14,Walking,60235832317000,-10.27,18.35,-5.2
529953,14,Walking,60235882305000,-5.18,9.28,-9.28
529954,14,Walking,60235932293000,1.12,3.41,5.33
529955,14,Walking,60235982311000,-2.11,4.6,-0.72
529956,14,Walking,60236032299000,-2.56,2.72,-4.71
529957,14,Walking,60236082317000,-4.79,5.79,-0.89
529958,14,Walking,60236132335000,11.14,19.11,10.76
529959,14,Walking,60236182292000,-0.89,7.44,1.84
529960,14,Walking,60236232311000,-9.72,16.44,-2.49
529961,14,Walking,60236282299000,-2.91,6.17,-2.53
529962,14,Walking,60236332317000,-3.06,7.55,-5.33
529963,14,Walking,60236382305000,-1.33,8.31,-4.18
529964,14,Walking,60236432293000,-1.95,10.15,-6.13
529965,14,Walking,60236482311000,-1.04,8.66,-3.64
529966,14,Walking,60236532329000,-0.42,9.28,-0.89
529967,14,Walking,60236582317000,-1.42,10.88,-1.27
529968,14,Walking,60236632305000,-1.57,11.3,-1.46
529969,14,Walking,60236682292000,-1.31,11.65,-1.5
