,user,label,timestamp,x,y,z
2169,33,Downstairs,49688012253000,-1.8796080000000002,6.5105260000000005,2.9147543999999996
2170,33,Downstairs,49688112289000,-1.56634,4.6036777,2.4516625
2171,33,Downstairs,49688212295000,-2.7921712000000003,9.425281,5.597963
2172,33,Downstairs,49688322311000,-3.4868089999999996,14.519291,2.7921712000000003
2173,33,Downstairs,49688422287000,-0.88532263,16.630445,0.27240697
2174,33,Downstairs,49688532303000,-0.61291564,8.662541000000001,-0.7627395
2175,33,Downstairs,49688642319000,-0.6946376999999999,7.9679036,1.0351465
2176,33,Downstairs,49688742325000,0.92618364,10.95076,-0.08172209
2177,33,Downstairs,49688852371000,-1.8796080000000002,14.669114000000002,-1.334794
2178,33,Downstairs,49688962326000,2.3018389,11.727119,-1.7570249
2179,33,Downstairs,49689072311000,-0.5720546,8.117727,-2.7513103
2180,33,Downstairs,49689182358000,-1.7570249,7.4639505999999995,1.7978859
2181,33,Downstairs,49689292312000,1.6889231,10.147159,3.214402
2182,33,Downstairs,49689392288000,-2.070293,13.715691,-1.0351465
2183,33,Downstairs,49689502304000,-2.6423476000000004,13.334320000000002,-0.46309182
2184,33,Downstairs,49689602249000,-0.95342433,9.575105,1.4982381999999999
2185,33,Downstairs,49689712295000,-1.0760075,7.5456724,1.7978859
2186,33,Downstairs,49689822311000,-0.61291564,8.771504,2.4925237
2187,33,Downstairs,49689922317000,-1.1168685,8.962189,2.4516625
2188,33,Downstairs,49690032333000,-1.4982381999999999,15.404613500000002,3.1054392
2189,33,Downstairs,49690142319000,-3.4050870000000004,3.990762,3.7864565999999997
2190,33,Downstairs,49690242325000,-2.1792557,4.862464,1.3756552
2191,33,Downstairs,49690352310000,0.6537767,8.471855999999999,3.9090397000000006
2192,33,Downstairs,49690462326000,-3.2961242,9.697687,-0.14982383
2193,33,Downstairs,49690572311000,1.8796080000000002,15.282029999999999,3.0237172
2194,33,Downstairs,49690682297000,-0.7627395,10.841797,2.1111538
2195,33,Downstairs,49690792312000,0.23154591,5.829509,2.7649305
2196,33,Downstairs,49690892288000,1.0760075,6.4424243,1.607201
2197,33,Downstairs,49691002304000,-4.630918,13.715691,5.0531489999999994
2198,33,Downstairs,49691102280000,-2.2201166000000003,6.1291566,4.018002500000001
2199,33,Downstairs,49691212295000,-1.3756552,4.2495484,1.5390993
2200,33,Downstairs,49691322311000,-1.0351465,6.0882955,3.9090397000000006
2201,33,Downstairs,49691422287000,-4.5900574,13.988097,3.2961242
2202,33,Downstairs,49691532303000,1.4573771999999998,18.46919,3.5685309999999997
2203,33,Downstairs,49691642319000,-2.7240696,9.888372,1.1849703
2204,33,Downstairs,49691742264000,0.7627395,7.164303,2.1111538
2205,33,Downstairs,49691852310000,1.2666923,7.082580999999999,2.3018389
2206,33,Downstairs,49691962326000,-4.2495484,15.472714999999999,5.175732
2207,33,Downstairs,49692062271000,-6.3198414000000005,11.958665,6.5105260000000005
2208,33,Downstairs,49692172317000,-0.38136974,4.140586,0.8036005
2209,33,Downstairs,49692282333000,-0.08172209,2.9556155,3.7183550000000003
2210,33,Downstairs,49692392319000,-4.372132,13.947235999999998,1.607201
2211,33,Downstairs,49692502304000,-1.334794,13.633968,1.7297841
2212,33,Downstairs,49692602310000,-2.6423476000000004,7.7772183,1.3756552
2213,33,Downstairs,49692712295000,1.1441092,4.290409599999999,1.0760075
2214,33,Downstairs,49692822311000,-0.53119355,6.238119,2.8738932999999998
2215,33,Downstairs,49692922317000,-1.8796080000000002,12.980191,5.625203599999999
2216,33,Downstairs,49693032303000,-3.336985,6.4015636,3.0645783
2217,33,Downstairs,49693142319000,-0.7218784,2.1111538,2.7921712000000003
2218,33,Downstairs,49693242264000,-2.3699405,7.7772183,2.7921712000000003
2219,33,Downstairs,49693352310000,1.1441092,10.691972999999999,0.19068487
2220,33,Downstairs,49693462295000,-0.95342433,10.310603,0.5720546
2221,33,Downstairs,49693572311000,-0.3405087,6.0474343,1.4982381999999999
2222,33,Downstairs,49693682297000,1.0760075,8.390134,2.1111538
2223,33,Downstairs,49693792312000,-4.5628166,16.970953,4.7126402999999994
2224,33,Downstairs,49693892319000,-3.3642258999999997,8.771504,4.140586
2225,33,Downstairs,49693992264000,-1.525479,4.1814466,2.3018389
2226,33,Downstairs,49694092300000,-0.53119355,9.275456,3.5685309999999997
2227,33,Downstairs,49694202316000,-5.597963,13.565866,2.2201166000000003
2228,33,Downstairs,49694312301000,1.0351465,16.589584,4.0588636
2229,33,Downstairs,49694412247000,-2.982856,9.275456,0.6946376999999999
2230,33,Downstairs,49694522293000,1.4165162,6.5922484,1.9885708
2231,33,Downstairs,49694622269000,-1.56634,7.4639505999999995,2.7240696
2232,33,Downstairs,49694722275000,-0.9125633,11.876944,3.990762
2233,33,Downstairs,49694832290000,-4.099725,7.3141264999999995,4.099725
2234,33,Downstairs,49694932327000,-1.6889231,4.3312707,0.7218784
2235,33,Downstairs,49695042312000,-1.607201,9.847511,5.597963
2236,33,Downstairs,49695152298000,-2.7921712000000003,14.709975,-2.6014863999999998
2237,33,Downstairs,49695252273000,-0.5720546,15.322891,-0.5720546
2238,33,Downstairs,49695362289000,-0.5720546,8.19945,-1.607201
2239,33,Downstairs,49695412124000,-0.95342433,6.633109599999999,0.10896278
2240,33,Downstairs,49695522293000,-0.38136974,10.800936,1.56634
2241,33,Downstairs,49695622269000,0.84446156,12.680544,-1.1441092
2242,33,Downstairs,49695722275000,-3.9499009,15.050485,-0.61291564
2243,33,Downstairs,49695832290000,-0.9942854,10.528528999999999,-1.7978859
2244,33,Downstairs,49695932297000,-3.7864565999999997,5.938472,-2.5606253
2245,33,Downstairs,49696042312000,-1.9204689999999998,7.6273947,3.4459480000000005
2246,33,Downstairs,49696152298000,-0.3405087,8.499097,3.990762
2247,33,Downstairs,49696252243000,-1.2258313,3.4050870000000004,-2.3699405
2248,33,Downstairs,49696362350000,-3.7864565999999997,9.956474,0.8036005
2249,33,Downstairs,49696472305000,-1.7570249,9.656827,1.0760075
2250,33,Downstairs,49696582290000,-1.3756552,7.504811999999999,2.1111538
2251,33,Downstairs,49696692306000,1.1441092,5.7886477,2.3699405
2252,33,Downstairs,49696802292000,-4.7943625,9.888372,2.3699405
2253,33,Downstairs,49696902328000,-3.9090397000000006,13.334320000000002,7.5456724
2254,33,Downstairs,49697002304000,-0.61291564,6.170017700000001,2.3018389
2255,33,Downstairs,49697102310000,-1.0351465,4.372132,3.0645783
2256,33,Downstairs,49697212295000,-1.8796080000000002,7.6682559999999995,2.7240696
2257,33,Downstairs,49697322342000,1.1168685,13.797412,2.4516625
2258,33,Downstairs,49697422317000,-1.334794,10.079058,0.6537767
2259,33,Downstairs,49697532303000,-0.38136974,7.2732660000000005,1.0351465
2260,33,Downstairs,49697632309000,-1.56634,5.47538,2.8738932999999998
2261,33,Downstairs,49697732284000,0.6537767,8.689782000000001,4.5219555
2262,33,Downstairs,49697842300000,-0.8036005,8.580819,5.829509
2263,33,Downstairs,49697952347000,-1.56634,3.1054392,1.7570249
2264,33,Downstairs,49698062301000,-0.19068487,9.466142,2.5606253
2265,33,Downstairs,49698172317000,-3.7864565999999997,9.343558,3.4050870000000004
2266,33,Downstairs,49698282303000,0.61291564,12.026767,1.9885708
2267,33,Downstairs,49698392349000,0.10896278,8.076866,-0.08172209
2268,33,Downstairs,49698502304000,-1.1849703,6.5513873,1.3756552
2269,33,Downstairs,49698602310000,2.1792557,7.8589406,1.3756552
2270,33,Downstairs,49698712295000,-4.3312707,16.04477,3.990762
2271,33,Downstairs,49698822311000,-4.3993720000000005,9.697687,4.0588636
2272,33,Downstairs,49698922256000,-1.2258313,2.2609777,1.9885708
2273,33,Downstairs,49699032303000,-3.173541,9.724928,3.7183550000000003
2274,33,Downstairs,49699132309000,2.1792557,12.680544,2.4108016
2275,33,Downstairs,49699232315000,-1.1168685,6.782933,2.5606253
2276,33,Downstairs,49699342300000,-0.5720546,7.082580999999999,1.9477096999999999
2277,33,Downstairs,49699452347000,0.10896278,8.689782000000001,2.8738932999999998
2278,33,Downstairs,49699562301000,-4.440233,12.176591,4.290409599999999
2279,33,Downstairs,49699672317000,-6.2108784,10.841797,5.706926
2280,33,Downstairs,49699782303000,-0.08172209,3.8273177000000005,0.46309182
2281,33,Downstairs,49699892319000,-1.525479,9.275456,4.372132
2282,33,Downstairs,49699992264000,-3.6774937999999993,17.011814,1.8796080000000002
2283,33,Downstairs,49700102310000,-1.4573771999999998,14.056199,1.56634
2284,33,Downstairs,49700212295000,-1.525479,10.337844,0.46309182
2285,33,Downstairs,49700263809000,-1.334794,6.823794400000001,1.4982381999999999
2286,33,Downstairs,49700372299000,1.3756552,7.164303,0.61291564
2287,33,Downstairs,49700482345000,-3.173541,9.534244000000001,3.4050870000000004
2288,33,Downstairs,49700592331000,-2.6014863999999998,8.771504,3.8273177000000005
2289,33,Downstairs,49700652237000,-2.5606253,3.7183550000000003,1.607201
2290,33,Downstairs,49700752579000,-0.61291564,7.8861814,4.7943625
2291,33,Downstairs,49700862289000,-3.7183550000000003,9.697687,-1.1441092
2292,33,Downstairs,49700972336000,1.0351465,12.026767,1.9477096999999999
2293,33,Downstairs,49701082260000,-2.1792557,7.1234417,1.2666923
2294,33,Downstairs,49701192337000,-0.88532263,6.5513873,1.6480621
2295,33,Downstairs,49701292282000,-0.19068487,14.750835999999998,4.862464
2296,33,Downstairs,49701402298000,-4.7943625,7.8589406,3.9499009
2297,33,Downstairs,49701512314000,-2.4108016,3.7592160000000003,4.099725
2298,33,Downstairs,49701612228000,-1.525479,5.597963,1.4165162
2299,33,Downstairs,49701722305000,2.4516625,19.381754,0.46309182
2300,33,Downstairs,49701782303000,-2.8330324,11.836082000000001,-1.9477096999999999
2301,33,Downstairs,49701902328000,-1.4573771999999998,6.973617999999999,-0.42223078
2302,33,Downstairs,49702002457000,-1.1441092,9.765789,1.2258313
2303,33,Downstairs,49702102280000,-0.6537767,12.762266,-0.3405087
2304,33,Downstairs,49702212295000,1.334794,14.246882999999999,0.38136974
2305,33,Downstairs,49702322311000,-1.525479,9.425281,-1.3756552
2306,33,Downstairs,49702422317000,-3.4050870000000004,7.082580999999999,-0.95342433
2307,33,Downstairs,49702532303000,0.95342433,10.800936,5.8976107
2308,33,Downstairs,49702632339000,-4.5219555,10.882658000000001,-0.14982383
2309,33,Downstairs,49702732284000,-2.3426998,5.938472,-0.6537767
2310,33,Downstairs,49702842361000,-0.9125633,7.164303,-2.0294318
2311,33,Downstairs,49702942306000,-2.5333846,9.234595,1.6889231
2312,33,Downstairs,49703052292000,0.23154591,8.281172,2.152015
2313,33,Downstairs,49703162338000,0.50395286,7.3141264999999995,1.4982381999999999
2314,33,Downstairs,49703262283000,-0.08172209,6.3607025,1.7297841
2315,33,Downstairs,49703372299000,-5.175732,13.988097,3.1054392
2316,33,Downstairs,49703482315000,-2.1792557,2.5606253,4.140586
2317,33,Downstairs,49703592300000,-1.1168685,4.8216033,0.42223078
2318,33,Downstairs,49703702347000,0.3405087,8.853226,4.440233
2319,33,Downstairs,49703752182000,-2.4108016,7.5456724,2.4925237
2320,33,Downstairs,49703862442000,1.2258313,15.554437,3.1463002999999996
2321,33,Downstairs,49703972336000,-0.38136974,9.615966,-0.7218784
2322,33,Downstairs,49704082290000,-1.4165162,7.3141264999999995,2.3426998
2323,33,Downstairs,49704192306000,0.27240697,9.997335000000001,3.7183550000000003
2324,33,Downstairs,49704302292000,0.7627395,5.625203599999999,2.9556155
2325,33,Downstairs,49704412308000,-3.3642258999999997,9.00305,5.7886477
2326,33,Downstairs,49704522293000,-0.27240697,4.5628166,2.3426998
2327,33,Downstairs,49704622482000,-1.334794,4.9850473,2.3426998
2328,33,Downstairs,49704732315000,-1.0760075,7.504811999999999,4.2495484
2329,33,Downstairs,49704842331000,-3.214402,12.871228,0.6946376999999999
2330,33,Downstairs,49704942306000,1.3756552,14.519291,4.290409599999999
2331,33,Downstairs,49705052292000,-2.7921712000000003,10.61025,1.5390993
2332,33,Downstairs,49705162308000,1.0351465,5.597963,1.7570249
2333,33,Downstairs,49705262985000,-0.29964766,5.9793324,1.8387468999999996
2334,33,Downstairs,49705372299000,-3.173541,8.308413,6.238119
2335,33,Downstairs,49705482315000,-0.7627395,2.9556155,4.2495484
2336,33,Downstairs,49705592300000,-1.7570249,4.6036777,2.1111538
2337,33,Downstairs,49705702347000,-0.95342433,6.5105260000000005,1.6889231
2338,33,Downstairs,49705812301000,0.92618364,14.709975,3.2552630000000002
2339,33,Downstairs,49705912247000,-1.1168685,11.304889,1.0760075
2340,33,Downstairs,49706012283000,-1.56634,6.9327570000000005,2.1111538
2341,33,Downstairs,49706112289000,0.7627395,8.390134,2.5606253
2342,33,Downstairs,49706222305000,-1.2666923,5.434519,4.140586
2343,33,Downstairs,49706332290000,-3.0237172,9.888372,6.1291566
2344,33,Downstairs,49706432266000,-0.10896278,6.823794400000001,3.6774937999999993
2345,33,Downstairs,49706542343000,-0.61291564,3.990762,1.9204689999999998
2346,33,Downstairs,49706652298000,0.7627395,8.471855999999999,3.3778462
2347,33,Downstairs,49706752304000,-3.8273177000000005,14.750835999999998,0.95342433
2348,33,Downstairs,49706852249000,-0.61291564,15.404613500000002,2.982856
2349,33,Downstairs,49706962295000,-2.4108016,9.847511,-0.08172209
2350,33,Downstairs,49707072311000,0.7627395,4.3312707,1.334794
2351,33,Downstairs,49707182297000,-1.1441092,6.0882955,2.3699405
2352,33,Downstairs,49707292312000,-1.9885708,11.917805,7.8180795
2353,33,Downstairs,49707402298000,-0.8036005,5.597963,4.8216033
2354,33,Downstairs,49707512314000,-1.8387468999999996,4.290409599999999,0.8036005
2355,33,Downstairs,49707612289000,0.7218784,9.697687,4.3312707
2356,33,Downstairs,49707722305000,-3.3642258999999997,11.75436,2.982856
2357,33,Downstairs,49707832290000,0.95342433,18.305748,3.5685309999999997
2358,33,Downstairs,49707932266000,-0.38136974,11.604536,-0.040861044
2359,33,Downstairs,49708042312000,-1.0351465,6.4424243,1.1849703
2360,33,Downstairs,49708152298000,-1.0760075,6.701211,1.3075534
2361,33,Downstairs,49708252273000,-4.018002500000001,16.889229999999998,7.3141264999999995
2362,33,Downstairs,49708362289000,-3.0237172,8.281172,5.706926
2363,33,Downstairs,49708472305000,-2.3018389,4.099725,1.6480621
2364,33,Downstairs,49708582290000,0.46309182,7.055340299999999,3.173541
2365,33,Downstairs,49708692306000,-4.5219555,9.847511,2.5333846
2366,33,Downstairs,49708792312000,0.42223078,16.821129,3.6366330000000002
2367,33,Downstairs,49708902328000,-1.607201,9.343558,0.27240697
2368,33,Downstairs,49709002273000,-0.08172209,6.973617999999999,1.3075534
