,user,label,timestamp,x,y,z
530570,14,Walking,60266732311000,0.27,13.48,-0.65
530571,14,Walking,60266782299000,3.34,15.6,7.63
530572,14,Walking,60266832317000,2.26,12.64,-0.95
530573,14,Walking,60266882335000,-2.79,14.67,-0.69
530574,14,Walking,60266932293000,-7.16,16.82,-4.56
530575,14,Walking,60266982311000,-8.5,16.7,-12.53
530576,14,Walking,60267032299000,-2.79,3.6,-7.86
530577,14,Walking,60267082317000,-2.91,0.61,-2.68
530578,14,Walking,60267132335000,-1.76,0.61,-2.68
530579,14,Walking,60267182262000,-3.68,3.21,-2.41
530580,14,Walking,60267232219000,5.43,16.59,8.01
530581,14,Walking,60267282268000,2.6,10.27,5.28
530582,14,Walking,60267332317000,-8.31,16.25,-3.87
530583,14,Walking,60267382305000,-4.21,7.08,-3.34
530584,14,Walking,60267432293000,-5.86,4.29,-2.75
530585,14,Walking,60267482311000,-3.68,7.74,-5.79
530586,14,Walking,60267532299000,-4.29,11.5,-4.18
530587,14,Walking,60267582317000,-1.8,9.43,-4.75
530588,14,Walking,60267632305000,0.27,8.58,-1.38
530589,14,Walking,60267682292000,-0.19,10.99,-2.07
530590,14,Walking,60267732311000,0.0,12.87,-3.11
530591,14,Walking,60267782299000,-0.23,12.87,-1.14
530592,14,Walking,60267832317000,2.45,13.8,1.14
530593,14,Walking,60267882305000,2.34,13.99,6.44
530594,14,Walking,60267932293000,1.42,13.59,-1.65
530595,14,Walking,60267982311000,-5.43,16.97,-2.72
530596,14,Walking,60268032329000,-12.41,19.53,-5.98
530597,14,Walking,60268082317000,-9.08,9.11,-10.31
530598,14,Walking,60268132305000,2.03,2.41,4.4
530599,14,Walking,60268182292000,-2.22,3.17,0.5
530600,14,Walking,60268232311000,-2.96,0.27,-3.6
530601,14,Walking,60268282329000,-2.56,4.82,-3.02
530602,14,Walking,60268332317000,12.87,19.31,14.56
530603,14,Walking,60268382305000,-3.64,12.95,-1.69
530604,14,Walking,60268432293000,-7.08,10.0,-3.3
530605,14,Walking,60268482311000,-4.18,-0.38,-4.29
530606,14,Walking,60268532299000,-7.93,7.4,-7.65
530607,14,Walking,60268582347000,-5.48,11.69,-3.57
530608,14,Walking,60268632305000,-2.18,11.22,-4.1
530609,14,Walking,60268682292000,0.99,10.08,-3.49
530610,14,Walking,60268732311000,2.6,11.18,-0.04
530611,14,Walking,60268782299000,2.45,10.76,-2.72
530612,14,Walking,60268832317000,-1.61,11.99,-1.65
530613,14,Walking,60268882305000,-2.34,12.91,-0.34
530614,14,Walking,60268932293000,1.33,12.83,4.52
530615,14,Walking,60268982311000,0.23,13.76,-0.69
530616,14,Walking,60269032299000,2.96,11.65,-0.23
530617,14,Walking,60269082317000,-3.76,14.6,-1.42
530618,14,Walking,60269132305000,-11.26,19.46,-6.13
530619,14,Walking,60269182292000,-8.16,10.95,-10.42
530620,14,Walking,60269232311000,-0.91,1.18,4.9
530621,14,Walking,60269282329000,-2.45,3.21,0.08
530622,14,Walking,60269332317000,-2.96,1.33,-4.4
530623,14,Walking,60269382305000,-3.53,5.13,-2.26
530624,14,Walking,60269432293000,12.37,19.5,11.56
530625,14,Walking,60269482341000,-1.27,7.74,-0.99
530626,14,Walking,60269532299000,-7.65,17.43,-1.99
530627,14,Walking,60269582317000,-2.87,5.52,-2.3
530628,14,Walking,60269632305000,-5.71,5.13,-4.4
530629,14,Walking,60269682292000,-4.48,9.04,-4.1
530630,14,Walking,60269732311000,-3.83,10.8,-4.52
530631,14,Walking,60269782299000,-0.95,9.92,-4.18
530632,14,Walking,60269832317000,1.31,9.66,-1.42
530633,14,Walking,60269882305000,1.23,11.5,-2.26
530634,14,Walking,60269932293000,0.08,10.57,-1.38
530635,14,Walking,60269982311000,-1.8,12.3,-0.69
530636,14,Walking,60270032329000,1.31,12.37,0.15
530637,14,Walking,60270082317000,0.69,13.72,2.18
530638,14,Walking,60270132305000,0.23,13.1,1.99
530639,14,Walking,60270182292000,-2.87,12.95,-0.15
530640,14,Walking,60270232311000,-7.08,16.4,-4.14
530641,14,Walking,60270282329000,-9.43,17.31,-9.38
530642,14,Walking,60270332317000,-0.5,5.24,-1.61
530643,14,Walking,60270382335000,-3.91,4.44,3.49
530644,14,Walking,60270432293000,-1.33,2.11,-3.72
530645,14,Walking,60270482311000,-2.6,1.27,-2.11
530646,14,Walking,60270532299000,1.18,12.72,3.79
530647,14,Walking,60270582317000,5.67,13.44,12.49
530648,14,Walking,60270632305000,-6.05,14.82,-2.03
530649,14,Walking,60270682292000,-1.92,6.78,-2.64
530650,14,Walking,60270732311000,-5.2,3.41,-4.56
530651,14,Walking,60270782299000,-6.02,8.01,-3.57
530652,14,Walking,60270832317000,-4.44,10.73,-2.22
530653,14,Walking,60270882305000,-1.53,10.31,-3.36
530654,14,Walking,60270932293000,1.38,10.42,-3.79
530655,14,Walking,60270982311000,2.22,10.57,-0.84
530656,14,Walking,60271032299000,0.46,9.3,-1.8
530657,14,Walking,60271082347000,-3.15,10.92,-1.53
530658,14,Walking,60271132305000,-4.02,11.8,-0.34
530659,14,Walking,60271182292000,1.08,14.41,0.57
530660,14,Walking,60271232311000,3.26,13.91,0.0
530661,14,Walking,60271282299000,-1.46,11.35,0.19
530662,14,Walking,60271332317000,-6.43,14.63,-2.14
530663,14,Walking,60271382305000,-9.92,15.43,-3.57
530664,14,Walking,60271432323000,-5.71,9.92,-8.96
530665,14,Walking,60271482311000,1.88,4.33,2.37
530666,14,Walking,60271532299000,-3.15,3.64,-0.15
530667,14,Walking,60271582317000,-2.18,1.69,-3.83
530668,14,Walking,60271632305000,-3.49,4.94,-0.95
530669,14,Walking,60271682292000,11.37,18.85,10.42
530670,14,Walking,60271732311000,-0.95,8.92,1.57
530671,14,Walking,60271782299000,-7.31,15.13,-2.91
530672,14,Walking,60271832317000,-2.53,1.12,-1.95
530673,14,Walking,60271882305000,-6.21,5.43,-6.13
530674,14,Walking,60271932293000,-5.67,11.18,-3.36
530675,14,Walking,60271982311000,-4.21,10.04,-3.45
530676,14,Walking,60272032268000,-0.76,9.11,-3.45
530677,14,Walking,60272082317000,1.61,11.26,-1.88
530678,14,Walking,60272132305000,1.99,10.23,-2.18
530679,14,Walking,60272192119000,-0.72,10.73,-1.65
530680,14,Walking,60272192119000,-0.72,10.73,-1.65
530681,14,Walking,60272243419000,-2.75,12.41,-0.91
530682,14,Walking,60272293102000,0.99,12.41,0.19
530683,14,Walking,60272342784000,0.38,13.53,1.38
530684,14,Walking,60272393474000,-2.56,12.49,2.83
530685,14,Walking,60272452282000,-4.86,12.57,-0.89
530686,14,Walking,60272512310000,-9.08,16.55,-4.37
530687,14,Walking,60272562267000,-5.86,8.16,-8.85
530688,14,Walking,60272612316000,2.22,4.86,3.11
530689,14,Walking,60272662273000,-1.61,3.95,-0.53
530690,14,Walking,60272712230000,-1.95,1.99,-2.79
530691,14,Walking,60272762310000,-3.15,6.28,-1.61
530692,14,Walking,60272812297000,11.5,19.11,15.47
530693,14,Walking,60272862316000,-4.52,9.11,-4.67
530694,14,Walking,60272912303000,-9.85,10.8,-3.02
530695,14,Walking,60272962291000,-3.6,2.53,-2.72
530696,14,Walking,60273012279000,-6.05,8.69,-5.28
530697,14,Walking,60273062297000,-3.6,9.47,-4.29
530698,14,Walking,60273112316000,-1.5,10.8,-4.33
530699,14,Walking,60273162273000,1.23,10.27,-4.06
530700,14,Walking,60273212230000,1.46,11.56,-0.53
530701,14,Walking,60273262310000,0.95,9.19,-1.38
530702,14,Walking,60273312297000,-2.83,11.26,-1.73
530703,14,Walking,60273362285000,-3.45,11.92,-1.53
530704,14,Walking,60273412303000,0.76,12.37,1.38
530705,14,Walking,60273462261000,0.53,13.1,0.27
530706,14,Walking,60273512310000,1.76,11.73,-0.27
530707,14,Walking,60273562267000,-4.29,14.56,-0.53
530708,14,Walking,60273612346000,-9.49,18.16,-5.75
530709,14,Walking,60273662273000,-8.31,13.33,-9.7
530710,14,Walking,60273712261000,0.5,4.1,1.18
530711,14,Walking,60273762310000,-3.06,4.9,1.31
530712,14,Walking,60273812267000,-2.56,2.56,-4.94
530713,14,Walking,60273862285000,-3.6,1.54,-1.5
530714,14,Walking,60273912395000,2.87,13.25,5.71
530715,14,Walking,60273962291000,5.22,13.53,11.92
530716,14,Walking,60274012249000,-4.67,5.01,-6.89
530717,14,Walking,60274062297000,-5.41,17.08,-2.18
530718,14,Walking,60274112285000,-1.92,7.93,-2.68
530719,14,Walking,60274162303000,-3.11,6.74,-1.08
530720,14,Walking,60274212230000,-1.88,7.01,-2.22
530721,14,Walking,60274262310000,-2.96,10.19,-5.37
530722,14,Walking,60274312297000,-1.57,9.38,-2.72
530723,14,Walking,60274362285000,-0.65,8.96,-1.5
530724,14,Walking,60274412273000,-0.89,10.34,-2.91
530725,14,Walking,60274462291000,-1.5,11.11,-1.99
530726,14,Walking,60274512279000,-1.31,12.79,-1.73
530727,14,Walking,60274562297000,1.73,13.48,0.11
530728,14,Walking,60274612316000,5.37,15.6,8.39
530729,14,Walking,60274662273000,0.93,12.87,-0.23
530730,14,Walking,60274712230000,-5.01,16.04,-3.15
530731,14,Walking,60274762340000,-9.85,18.01,-5.82
530732,14,Walking,60274812236000,-6.93,11.37,-11.75
530733,14,Walking,60274862316000,0.99,4.37,4.44
530734,14,Walking,60274912303000,-2.49,4.06,0.0
530735,14,Walking,60274962291000,-2.22,1.99,-2.37
530736,14,Walking,60275032360000,-3.36,2.87,-2.37
530737,14,Walking,60275082653000,12.98,19.46,14.75
530738,14,Walking,60275132335000,-2.37,7.08,-2.49
530739,14,Walking,60275182262000,-7.74,18.09,-4.21
530740,14,Walking,60275232463000,-2.87,3.53,-1.76
530741,14,Walking,60275282329000,-5.05,6.21,-5.52
530742,14,Walking,60275332317000,-4.29,9.3,-3.06
530743,14,Walking,60275382335000,-2.34,9.28,-5.71
530744,14,Walking,60275432323000,-0.38,10.76,-2.75
530745,14,Walking,60275482311000,0.42,9.89,-0.08
530748,14,Walking,60275532268000,0.57,10.73,-2.45
530746,14,Walking,60275532268000,0.57,10.73,-2.45
530747,14,Walking,60275532268000,0.57,10.73,-2.45
530749,14,Walking,60275642498000,-0.99,11.92,-0.57
530750,14,Walking,60275692333000,1.95,14.63,4.63
530751,14,Walking,60275742931000,0.89,15.47,-0.76
530752,14,Walking,60275793651000,-2.26,13.76,-0.69
530753,14,Walking,60275843395000,-7.65,14.94,-4.56
530754,14,Walking,60275902263000,-10.38,15.02,-7.55
530755,14,Walking,60275952312000,1.69,5.22,-1.8
530756,14,Walking,60276002300000,-3.98,5.09,2.07
530757,14,Walking,60276052288000,-1.95,2.07,-2.72
530758,14,Walking,60276102306000,-1.65,2.18,-2.11
530759,14,Walking,60276152263000,-3.41,11.88,3.64
530760,14,Walking,60276202312000,8.66,16.25,12.72
530761,14,Walking,60276252361000,-4.02,5.09,-3.3
530762,14,Walking,60276302288000,-7.74,18.31,-3.36
530763,14,Walking,60276352886000,-1.8,4.48,-2.79
530764,14,Walking,60276412303000,-4.1,4.94,-5.2
530765,14,Walking,60276462291000,-5.33,10.27,-3.21
530766,14,Walking,60276522228000,-3.06,10.08,-4.9
530767,14,Walking,60276572277000,0.53,9.23,-2.18
530768,14,Walking,60276622264000,0.89,11.41,-2.49
530769,14,Walking,60276672313000,0.8,10.95,-1.57
