,user,label,timestamp,x,y,z
150857,15,Walking,1192582316000,4.1,6.59,-1.6480621
150858,15,Walking,1192632274000,6.05,9.04,-0.3405087
150859,15,Walking,1192682323000,10.92,8.66,0.7218784
150860,15,Walking,1192732310000,10.88,6.66,2.7649305
150861,15,Walking,1192782298000,10.92,6.74,-2.6832085
150862,15,Walking,1192832408000,9.85,8.39,2.5606253
150863,15,Walking,1192882304000,8.81,14.33,-0.7627395
150864,15,Walking,1192932323000,8.16,19.57,-3.7864565999999997
150865,15,Walking,1192982341000,1.08,8.24,4.440233
150866,15,Walking,1193032268000,-0.84,5.71,-4.099725
150867,15,Walking,1193082316000,-0.57,2.6,-1.4982381999999999
150868,15,Walking,1193132609000,-3.11,3.53,-2.4108016
150869,15,Walking,1193182262000,-0.11,7.78,7.7772183
150870,15,Walking,1193240367000,17.92,11.41,-3.9771416
150871,15,Walking,1193292461000,5.56,2.18,-3.4459480000000005
150872,15,Walking,1193342265000,13.18,19.38,6.3198414000000005
150873,15,Walking,1193392314000,-0.89,11.18,-2.7921712000000003
150874,15,Walking,1193452251000,0.89,11.03,-2.4516625
150875,15,Walking,1193502208000,-0.08,8.85,-3.0645783
150876,15,Walking,1193552287000,1.73,5.13,-1.9204689999999998
150877,15,Walking,1193602275000,4.56,7.27,-1.56634
150878,15,Walking,1193652293000,6.85,9.47,-0.88532263
150879,15,Walking,1193702251000,12.98,8.43,2.8330324
150880,15,Walking,1193752299000,12.18,5.71,1.1168685
150881,15,Walking,1193802287000,10.73,7.5,-0.6946376999999999
150882,15,Walking,1193852306000,10.42,8.69,-0.3405087
150883,15,Walking,1193902202000,7.86,14.29,-1.4165162
150884,15,Walking,1193952342000,7.25,19.5,-0.9125633
150885,15,Walking,1194002269000,0.31,9.15,1.4573771999999998
150886,15,Walking,1194052318000,1.65,5.13,-2.5333846
150887,15,Walking,1194102244000,-0.99,3.34,-2.2609777
150888,15,Walking,1194152263000,-3.17,4.79,-2.8330324
150889,15,Walking,1194202251000,-3.36,4.6,2.5333846
150890,15,Walking,1194252299000,16.09,10.53,0.84446156
150891,15,Walking,1194302257000,13.18,4.71,-1.8387468999999996
150892,15,Walking,1194352306000,11.73,16.44,7.7772183
150893,15,Walking,1194402202000,-1.46,13.14,-2.6423476000000004
150894,15,Walking,1194452281000,0.15,10.76,-2.3699405
150895,15,Walking,1194502208000,0.23,10.61,-3.2961242
150896,15,Walking,1194552287000,1.04,5.43,-1.9204689999999998
150897,15,Walking,1194612865000,4.48,6.66,-1.2258313
150898,15,Walking,1194662212000,6.05,9.28,-0.5720546
150899,15,Walking,1194712291000,10.23,8.43,1.9885708
150900,15,Walking,1194762218000,11.22,7.63,3.1463002999999996
150901,15,Walking,1194812266000,10.53,7.21,-2.9556155
150902,15,Walking,1194862254000,10.95,7.67,0.23154591
150903,15,Walking,1194912273000,8.01,12.98,-1.525479
150904,15,Walking,1194962199000,7.89,19.42,-0.8036005
150905,15,Walking,1195012279000,-0.5,12.26,1.7978859
150906,15,Walking,1195062205000,1.69,5.71,-1.6889231
150907,15,Walking,1195112285000,0.15,2.64,-1.7570249
150908,15,Walking,1195162212000,-2.03,4.82,-2.1383946
150909,15,Walking,1195212260000,-2.53,5.24,-1.3075534
150910,15,Walking,1195262248000,10.65,8.89,7.082580999999999
150911,15,Walking,1195312297000,17.97,6.4,0.92618364
150912,15,Walking,1195362285000,4.1,6.44,-0.08172209
150913,15,Walking,1195412303000,7.78,19.38,-0.6537767
150914,15,Walking,1195462260000,-0.61,7.89,-0.95342433
150915,15,Walking,1195512309000,1.61,11.54,-1.9204689999999998
150916,15,Walking,1195562266000,0.57,9.3,-2.4108016
150917,15,Walking,1195612315000,2.15,4.48,-1.56634
150918,15,Walking,1195662395000,5.01,6.47,-1.56634
150919,15,Walking,1195712260000,5.75,10.34,-1.7297841
150920,15,Walking,1195762279000,11.18,8.5,0.95342433
150921,15,Walking,1195812266000,12.22,6.02,4.5628166
150922,15,Walking,1195862254000,10.73,5.63,-0.9942854
150923,15,Walking,1195912303000,11.65,8.81,-1.2666923
150924,15,Walking,1195962199000,8.85,15.4,-1.4573771999999998
150925,15,Walking,1196012279000,6.85,19.38,3.214402
150926,15,Walking,1196062236000,0.57,9.89,-2.7921712000000003
150927,15,Walking,1196112285000,2.72,3.41,0.040861044
150928,15,Walking,1196162242000,-0.8,3.79,-1.7297841
150929,15,Walking,1196212291000,-2.41,4.33,-3.214402
150930,15,Walking,1196262218000,-3.49,5.22,3.5685309999999997
150931,15,Walking,1196312266000,12.49,10.8,-1.1441092
150932,15,Walking,1196362224000,16.13,6.09,-0.6946376999999999
150933,15,Walking,1196412303000,14.14,13.1,6.633109599999999
150934,15,Walking,1196462199000,1.84,14.79,-2.4516625
150935,15,Walking,1196512279000,0.11,10.57,-1.7297841
150936,15,Walking,1196562205000,-1.38,11.69,-2.4108016
150937,15,Walking,1196612285000,0.15,5.24,-1.2666923
150938,15,Walking,1196662212000,3.45,5.9,-1.1849703
150939,15,Walking,1196712260000,5.83,9.77,-1.7297841
150940,15,Walking,1196762218000,7.06,10.0,-1.4165162
150941,15,Walking,1196812297000,10.57,8.01,-0.6946376999999999
150942,15,Walking,1196862254000,12.26,6.32,6.0201936
150943,15,Walking,1196912273000,10.95,6.32,-0.38136974
150944,15,Walking,1196962260000,11.45,9.7,-0.42223078
150945,15,Walking,1197012309000,7.35,15.79,0.8036005
150946,15,Walking,1197062266000,6.02,19.04,-2.7240696
150947,15,Walking,1197112285000,3.68,7.82,3.2552630000000002
150949,15,Walking,1197162242000,1.08,6.17,-3.1463002999999996
150948,15,Walking,1197162242000,1.08,6.17,-3.1463002999999996
150950,15,Walking,1197232310000,-2.56,3.6,-2.3699405
150951,15,Walking,1197282268000,-4.99,2.79,-1.334794
150952,15,Walking,1197332378000,9.08,7.01,7.8589406
150953,15,Walking,1197392345000,16.78,9.11,-0.19068487
150954,15,Walking,1197442241000,6.7,13.57,7.7772183
150955,15,Walking,1197492290000,4.02,15.75,-3.9090397000000006
150956,15,Walking,1197542247000,0.0,8.24,-1.9477096999999999
150957,15,Walking,1197592296000,3.3,11.26,-5.5571017
150958,15,Walking,1197642253000,-0.8,6.21,-0.9125633
150959,15,Walking,1197692302000,1.76,4.82,-0.5720546
150960,15,Walking,1197742229000,3.91,8.54,-0.95342433
150961,15,Walking,1197792369000,7.25,11.69,-1.7297841
150962,15,Walking,1197842265000,12.49,8.01,3.2961242
150963,15,Walking,1197892436000,10.73,6.09,0.23154591
150964,15,Walking,1197942241000,11.99,5.63,-4.3312707
150965,15,Walking,1197992259000,10.8,10.69,1.1441092
150966,15,Walking,1198042247000,7.06,17.88,1.7978859
150967,15,Walking,1198092296000,2.79,18.47,-2.5606253
150968,15,Walking,1198142253000,0.34,5.56,1.1441092
150969,15,Walking,1198192271000,1.88,4.71,-0.95342433
150970,15,Walking,1198242229000,3.06,3.72,-2.2609777
150971,15,Walking,1198292277000,-0.84,4.25,-3.4459480000000005
150972,15,Walking,1198392284000,17.16,11.14,-2.6832085
150973,15,Walking,1198392284000,17.16,11.14,-2.6832085
150974,15,Walking,1198442332000,9.43,3.06,-2.8330324
150975,15,Walking,1198492381000,11.99,19.31,6.170017700000001
150976,15,Walking,1198542277000,-0.53,10.5,-1.4982381999999999
150977,15,Walking,1198592357000,0.53,11.65,-2.5333846
150978,15,Walking,1198652263000,-0.61,7.59,-2.5606253
150979,15,Walking,1198702220000,2.03,4.52,-1.56634
150980,15,Walking,1198752269000,4.86,6.85,-1.6889231
150981,15,Walking,1198802226000,6.24,10.57,-1.334794
150982,15,Walking,1198852306000,10.84,9.62,-0.42223078
150983,15,Walking,1198902232000,13.21,7.46,9.043911
150984,15,Walking,1198952312000,10.0,7.16,-5.434519
150985,15,Walking,1199002299000,11.5,7.97,-0.42223078
150986,15,Walking,1199052318000,7.35,15.24,4.630918
150987,15,Walking,1199102244000,6.02,19.57,-2.9556155
150988,15,Walking,1199152293000,1.5,8.77,-1.4982381999999999
150989,15,Walking,1199202251000,2.3,4.21,0.9942854
150990,15,Walking,1199252269000,0.15,4.94,-2.7921712000000003
150991,15,Walking,1199302257000,-2.72,4.4,-2.982856
150992,15,Walking,1199352306000,-3.3,5.28,3.336985
150993,15,Walking,1199402232000,16.28,9.7,0.14982383
150994,15,Walking,1199452312000,14.14,4.94,-0.95342433
150995,15,Walking,1199502238000,4.21,11.73,5.7477865
150996,15,Walking,1199552287000,2.6,17.12,-2.4108016
150997,15,Walking,1199602306000,-0.76,7.16,-1.9477096999999999
150998,15,Walking,1199652263000,0.42,10.88,-2.7240696
150999,15,Walking,1199702251000,1.65,7.27,-1.9477096999999999
151000,15,Walking,1199752299000,3.45,5.28,-1.4982381999999999
151001,15,Walking,1199802257000,5.79,8.43,-1.607201
151002,15,Walking,1199852306000,8.28,9.77,-1.56634
151003,15,Walking,1199902232000,12.87,7.82,9.00305
151004,15,Walking,1199952312000,9.53,7.27,-3.7183550000000003
151005,15,Walking,1200002269000,9.62,6.97,-2.3699405
151006,15,Walking,1200052318000,11.73,9.62,2.070293
151007,15,Walking,1200102214000,6.74,14.9,0.23154591
151008,15,Walking,1200152263000,5.48,19.15,-0.42223078
151009,15,Walking,1200202220000,0.69,8.31,-2.0294318
151010,15,Walking,1200252238000,1.88,3.76,-0.5720546
151011,15,Walking,1200302257000,-0.5,5.43,-1.7978859
151012,15,Walking,1200352306000,-2.64,5.01,-2.3699405
151013,15,Walking,1200402263000,-1.65,7.25,6.469665
151014,15,Walking,1200452312000,17.12,10.19,-5.7886477
151015,15,Walking,1200502269000,13.06,2.15,-1.7297841
151016,15,Walking,1200552318000,12.87,16.13,7.3141264999999995
151017,15,Walking,1200602244000,0.72,14.86,-3.2961242
151018,15,Walking,1200652263000,-0.42,11.96,-2.3699405
151019,15,Walking,1200702251000,-1.99,9.04,-2.0294318
151020,15,Walking,1200752269000,-0.42,3.64,-1.0760075
151021,15,Walking,1200802257000,3.38,5.63,-1.2666923
151022,15,Walking,1200852306000,4.6,12.18,-2.9556155
151023,15,Walking,1200902232000,9.51,13.67,-1.4165162
151024,15,Walking,1200952312000,13.25,6.97,4.290409599999999
151025,15,Walking,1201002238000,11.88,3.87,-0.040861044
151026,15,Walking,1201052318000,9.92,6.97,-0.0
151027,15,Walking,1201102244000,9.04,12.68,1.3756552
151028,15,Walking,1201152293000,5.28,19.04,2.7649305
151029,15,Walking,1201202220000,0.11,15.94,-0.29964766
151030,15,Walking,1201252299000,2.22,5.63,-2.9556155
151031,15,Walking,1201302257000,2.83,3.87,-1.4982381999999999
151032,15,Walking,1201352306000,-0.89,4.9,-2.4108016
151033,15,Walking,1201402202000,-3.02,3.91,-1.8387468999999996
151034,15,Walking,1201452312000,5.37,6.85,9.888372
151035,15,Walking,1201502208000,19.23,10.61,-1.2666923
151036,15,Walking,1201552318000,10.19,9.81,0.92618364
151037,15,Walking,1201602244000,0.84,15.17,0.27240697
151038,15,Walking,1201652293000,-2.45,11.03,-1.7978859
151039,15,Walking,1201702251000,-2.37,13.18,-2.6014863999999998
151040,15,Walking,1201752269000,-0.91,5.01,-1.3075534
151041,15,Walking,1201802257000,3.17,3.6,-1.8796080000000002
151042,15,Walking,1201852306000,5.79,9.04,-3.7592160000000003
151043,15,Walking,1201902232000,11.07,15.83,0.46309182
151044,15,Walking,1201952312000,11.92,6.85,10.228881
151045,15,Walking,1202002299000,9.62,7.16,-3.2961242
151046,15,Walking,1202052318000,7.74,8.2,-1.9885708
151047,15,Walking,1202102275000,9.04,11.22,2.2201166000000003
151048,15,Walking,1202152293000,4.18,18.43,5.284695
151049,15,Walking,1202202281000,0.42,16.74,0.38136974
151050,15,Walking,1202252299000,1.99,6.85,-2.7240696
151051,15,Walking,1202302287000,4.18,3.15,-0.08172209
151052,15,Walking,1202352306000,0.27,5.13,-2.982856
151053,15,Walking,1202402232000,-2.45,4.63,-2.982856
151054,15,Walking,1202452342000,-1.99,5.13,0.040861044
151055,15,Walking,1202502421000,16.55,12.03,4.944186
151056,15,Walking,1202552318000,11.37,3.64,-0.8036005
