,user,label,timestamp,x,y,z
151057,15,Walking,1202602275000,1.88,10.5,-0.08172209
151058,15,Walking,1202652293000,4.94,17.08,3.6774937999999993
151059,15,Walking,1202702251000,0.69,7.12,-2.0294318
151060,15,Walking,1202752299000,0.95,12.72,-3.8273177000000005
151061,15,Walking,1202802257000,0.8,6.85,-2.4108016
151062,15,Walking,1202852306000,3.83,5.41,-1.3075534
151063,15,Walking,1202902232000,5.83,8.77,-1.7978859
151064,15,Walking,1202952312000,8.28,9.15,-1.6480621
151065,15,Walking,1203002269000,9.38,7.89,7.6954966
151066,15,Walking,1203052318000,10.5,8.69,-1.3075534
151067,15,Walking,1203102275000,11.5,6.4,-2.8330324
151068,15,Walking,1203152324000,6.05,16.82,8.771504
151069,15,Walking,1203202281000,4.06,19.23,-0.61291564
151070,15,Walking,1203252299000,-1.92,14.94,2.0294318
151071,15,Walking,1203302287000,0.5,6.74,-2.3426998
151072,15,Walking,1203352306000,3.53,1.23,-1.3075534
151073,15,Walking,1203402263000,-0.15,3.91,-1.0760075
151074,15,Walking,1203452281000,-1.76,3.57,-1.7978859
151075,15,Walking,1203502269000,7.12,7.74,7.586533500000001
151076,15,Walking,1203552348000,18.73,8.96,3.214402
151077,15,Walking,1203612254000,3.06,6.09,-0.42223078
151078,15,Walking,1203662242000,10.42,18.96,5.2165932999999995
151079,15,Walking,1203712291000,-2.53,8.92,-1.0760075
151080,15,Walking,1203762248000,0.34,11.37,-3.5957718
151081,15,Walking,1203812297000,-0.38,9.15,-3.214402
151082,15,Walking,1203862285000,2.11,5.43,-1.4982381999999999
151083,15,Walking,1203912303000,5.24,7.89,-1.7570249
151084,15,Walking,1203962260000,6.7,9.3,-1.8796080000000002
151085,15,Walking,1204012309000,9.53,9.11,-1.0760075
151086,15,Walking,1204062266000,13.29,7.44,9.152874
151087,15,Walking,1204112315000,11.18,7.35,-5.7886477
151088,15,Walking,1204162273000,11.65,8.01,-0.27240697
151089,15,Walking,1204212321000,6.36,15.4,7.6273947
151090,15,Walking,1204262248000,3.87,19.53,-1.0760075
151091,15,Walking,1204312297000,0.69,12.45,-1.7297841
151092,15,Walking,1204362254000,2.79,3.99,2.0294318
151093,15,Walking,1204412303000,1.65,3.57,-2.4516625
151094,15,Walking,1204513805000,-2.14,3.76,-2.4516625
151095,15,Walking,1204513805000,-2.14,3.76,-2.4516625
151096,15,Walking,1204562205000,13.53,11.22,7.2732660000000005
151097,15,Walking,1204612285000,14.75,5.56,1.5390993
151098,15,Walking,1204662273000,10.38,13.02,4.7535014
151099,15,Walking,1204712321000,-0.23,13.25,-0.29964766
151100,15,Walking,1204772227000,-1.53,10.88,-3.2961242
151101,15,Walking,1204822246000,-0.11,11.07,-4.099725
151102,15,Walking,1204872264000,0.8,5.79,-2.2609777
151103,15,Walking,1204922282000,4.33,8.77,-1.6480621
151104,15,Walking,1204972270000,6.24,9.7,-1.3075534
151105,15,Walking,1205022227000,9.62,8.16,4.944186
151106,15,Walking,1205072276000,10.42,7.35,-0.46309182
151107,15,Walking,1205122233000,10.57,7.78,-2.0294318
151108,15,Walking,1205172282000,9.0,7.44,0.313268
151109,15,Walking,1205222240000,11.5,9.72,2.070293
151110,15,Walking,1205272258000,5.01,15.83,0.23154591
151111,15,Walking,1205322246000,0.31,18.35,1.4982381999999999
151112,15,Walking,1205372264000,1.38,9.66,-2.2201166000000003
151113,15,Walking,1205422252000,4.75,3.6,-1.3756552
151114,15,Walking,1205472270000,1.31,5.48,0.08172209
151115,15,Walking,1205522227000,-1.76,5.83,-3.214402
151116,15,Walking,1205572276000,-2.98,3.99,-1.607201
151117,15,Walking,1205622233000,8.73,13.67,10.269741999999999
151118,15,Walking,1205672282000,14.71,7.86,1.1849703
151119,15,Walking,1205722240000,6.55,9.04,-0.14982383
151120,15,Walking,1205772258000,4.02,17.47,2.2609777
151121,15,Walking,1205822276000,-2.34,8.12,-0.61291564
151122,15,Walking,1205872264000,-1.42,12.98,-3.5685309999999997
151123,15,Walking,1205922252000,1.76,5.43,-1.9204689999999998
151124,15,Walking,1205972270000,6.7,10.08,-4.372132
151125,15,Walking,1206022227000,4.63,8.81,4.7126402999999994
151126,15,Walking,1206072276000,2.6,8.77,2.8330324
151127,15,Walking,1206122233000,2.87,8.24,-3.4868089999999996
151128,15,Walking,1206172282000,9.89,11.5,-0.0
151129,15,Walking,1206222270000,8.31,8.58,1.1441092
151130,15,Walking,1206272258000,8.39,11.88,0.88532263
151131,15,Walking,1206322246000,3.21,14.41,3.4050870000000004
151132,15,Walking,1206372264000,-2.34,18.85,-2.5606253
151133,15,Walking,1206422252000,-0.99,12.3,0.08172209
151134,15,Walking,1206472270000,1.14,6.89,-2.3426998
151135,15,Walking,1206522227000,5.48,2.91,-1.2666923
151136,15,Walking,1206572276000,0.95,5.71,-0.27240697
151137,15,Walking,1206622233000,-3.21,4.6,-2.4925237
151138,15,Walking,1206672282000,-0.69,6.74,3.3778462
151139,15,Walking,1206722240000,17.73,15.4,-0.19068487
151140,15,Walking,1206772288000,9.11,3.64,0.84446156
151141,15,Walking,1206822246000,1.54,9.28,-1.1441092
151142,15,Walking,1206872264000,2.68,18.2,3.8681788
151143,15,Walking,1206922252000,-1.14,6.89,-0.0
151144,15,Walking,1206972270000,0.46,11.26,-1.7978859
151145,15,Walking,1207022227000,-0.04,8.12,-1.9885708
151146,15,Walking,1207072276000,1.8,5.56,-1.2258313
151147,15,Walking,1207122233000,3.87,9.11,-1.6480621
151148,15,Walking,1207172282000,5.52,9.66,-1.56634
151149,15,Walking,1207222270000,8.77,9.11,-0.9942854
151150,15,Walking,1207272288000,12.3,9.28,1.9477096999999999
151151,15,Walking,1207322246000,13.63,8.24,5.625203599999999
151152,15,Walking,1207372264000,7.97,14.41,0.7627395
151153,15,Walking,1207422252000,1.46,18.31,3.5276701
151154,15,Walking,1207472270000,-0.95,16.02,-0.84446156
151155,15,Walking,1207522227000,1.18,7.67,-2.7240696
151156,15,Walking,1207572307000,3.87,3.21,-0.46309182
151157,15,Walking,1207622233000,-1.38,6.78,-1.6480621
151158,15,Walking,1207672282000,-3.17,4.06,-1.7570249
151159,15,Walking,1207722240000,1.14,6.24,5.5571017
151160,15,Walking,1207772258000,18.66,11.56,-2.3426998
151161,15,Walking,1207822246000,8.73,4.9,0.10896278
151162,15,Walking,1207872264000,9.08,17.24,5.0531489999999994
151163,15,Walking,1207922282000,-0.8,10.42,-1.4573771999999998
151164,15,Walking,1207972240000,-0.69,9.23,-1.4573771999999998
151165,15,Walking,1208022258000,-0.15,10.27,-2.070293
151166,15,Walking,1208072276000,0.72,6.44,-1.2666923
151167,15,Walking,1208122233000,3.38,8.01,-1.4982381999999999
151168,15,Walking,1208172282000,5.09,9.7,-1.7570249
151169,15,Walking,1208222240000,6.78,9.89,-1.4982381999999999
151170,15,Walking,1208272258000,10.12,8.73,0.88532263
151171,15,Walking,1208322246000,10.61,8.69,6.469665
151172,15,Walking,1208372264000,9.04,7.16,-5.012288
151173,15,Walking,1208422252000,10.42,10.04,-1.6889231
151174,15,Walking,1208472270000,3.91,13.29,7.2732660000000005
151175,15,Walking,1208522227000,4.06,19.23,-2.0294318
151176,15,Walking,1208572276000,0.61,11.99,-3.3642258999999997
151177,15,Walking,1208622264000,4.02,4.6,2.4108016
151178,15,Walking,1208672282000,1.73,5.83,-1.7978859
151179,15,Walking,1208722240000,-2.22,5.94,-3.4050870000000004
151180,15,Walking,1208772258000,-3.11,4.94,-0.9942854
151181,15,Walking,1208822246000,10.08,9.66,5.8976107
151182,15,Walking,1208872264000,18.09,7.89,-0.9942854
151183,15,Walking,1208922282000,8.73,10.53,1.7570249
151184,15,Walking,1208972270000,3.21,14.02,1.4982381999999999
151185,15,Walking,1209022227000,-1.65,10.8,-2.3426998
151186,15,Walking,1209072276000,-2.07,12.3,-2.7921712000000003
151187,15,Walking,1209122233000,-1.61,5.01,-1.0760075
151188,15,Walking,1209172313000,2.07,6.55,-0.61291564
151189,15,Walking,1209222240000,4.86,10.61,-1.8387468999999996
151190,15,Walking,1209272258000,8.39,12.15,-2.4108016
151191,15,Walking,1209322276000,10.31,8.31,2.7240696
151192,15,Walking,1209372264000,11.69,6.63,4.6036777
151193,15,Walking,1209422252000,8.69,6.93,-3.9090397000000006
151194,15,Walking,1209472270000,8.39,11.07,-1.525479
151195,15,Walking,1209472270000,8.39,11.07,-1.525479
151196,15,Walking,1209542308000,7.78,13.02,1.6480621
151197,15,Walking,1209592235000,1.99,18.77,-0.19068487
151198,15,Walking,1209642375000,3.83,10.04,-4.099725
151199,15,Walking,1209702281000,4.79,4.71,1.2258313
151200,15,Walking,1209752269000,-0.3,6.55,-3.9771416
151201,15,Walking,1209802318000,-3.41,5.48,-2.1383946
151202,15,Walking,1209852244000,-4.48,5.9,3.990762
151203,15,Walking,1209902263000,14.56,10.42,-1.7570249
151204,15,Walking,1209952251000,16.47,5.83,-0.040861044
151205,15,Walking,1210002299000,7.35,8.47,-1.3756552
151206,15,Walking,1210052287000,7.5,18.16,5.012288
151207,15,Walking,1210102306000,-2.37,8.77,-2.9147543999999996
151208,15,Walking,1210152232000,-0.95,13.29,-1.7978859
151209,15,Walking,1210202312000,-1.5,8.31,-1.7978859
151210,15,Walking,1210252299000,0.89,5.22,-1.0351465
151211,15,Walking,1210302318000,4.14,8.85,-1.2666923
151212,15,Walking,1210352275000,6.44,11.5,-1.7297841
151213,15,Walking,1210402293000,10.27,10.23,-1.4165162
151214,15,Walking,1210452281000,13.82,5.98,-1.7978859
151215,15,Walking,1210532359000,8.92,9.0,-1.7978859
151219,15,Walking,1210532359000,8.92,9.0,-1.7978859
151216,15,Walking,1210532359000,8.92,9.0,-1.7978859
151217,15,Walking,1210532359000,8.92,9.0,-1.7978859
151218,15,Walking,1210532359000,8.92,9.0,-1.7978859
151222,15,Walking,1210832347000,0.08,6.85,-3.214402
151223,15,Walking,1210882243000,-2.83,5.24,-1.9204689999999998
151224,15,Walking,1210932201000,-2.56,6.21,3.336985
151225,15,Walking,1210982310000,16.17,10.84,-2.3018389
151226,15,Walking,1211032390000,14.25,4.79,-0.5720546
151227,15,Walking,1211082225000,6.28,11.88,1.7570249
151228,15,Walking,1211132396000,4.48,16.04,1.2258313
151229,15,Walking,1211182201000,-1.8,8.5,-1.9885708
151230,15,Walking,1211232310000,-0.61,10.95,-1.8796080000000002
151231,15,Walking,1211282237000,-0.5,6.74,-2.1111538
151232,15,Walking,1211332286000,2.64,6.78,-1.1168685
151233,15,Walking,1211382243000,5.18,10.34,-1.2666923
151234,15,Walking,1211432262000,6.74,10.88,-1.334794
151235,15,Walking,1211482249000,10.19,7.89,-0.9942854
151236,15,Walking,1211532298000,11.6,7.21,8.117727
151237,15,Walking,1211582255000,7.67,8.01,-2.7921712000000003
151238,15,Walking,1211632304000,10.53,9.89,-0.50395286
151239,15,Walking,1211682201000,8.54,12.49,-0.50395286
151240,15,Walking,1211732310000,3.49,18.62,3.3778462
151241,15,Walking,1211782237000,0.8,11.73,-1.9885708
151242,15,Walking,1211832286000,-0.11,7.06,-5.284695
151243,15,Walking,1211882274000,8.89,2.3,4.099725
151244,15,Walking,1211932262000,-0.34,8.24,-4.7943625
151245,15,Walking,1211982127000,-3.34,5.75,-0.88532263
151246,15,Walking,1212033549000,1.84,6.93,8.921327999999999
151248,15,Walking,1212033549000,1.84,6.93,8.921327999999999
151249,15,Walking,1212033549000,1.84,6.93,8.921327999999999
151247,15,Walking,1212033549000,1.84,6.93,8.921327999999999
151251,15,Walking,1212272197000,-1.18,11.73,-2.4108016
151252,15,Walking,1212322612000,-1.42,9.53,-2.4516625
151253,15,Walking,1212372325000,0.46,5.52,-0.95342433
151254,15,Walking,1212422221000,3.11,8.43,-1.1168685
151255,15,Walking,1212472301000,5.09,10.12,-1.7570249
151256,15,Walking,1212522227000,7.86,10.38,-1.7297841
151257,15,Walking,1212572307000,13.91,7.21,9.956474
151258,15,Walking,1212622233000,9.34,7.74,-4.5900574
151259,15,Walking,1212672313000,10.73,8.05,-3.4050870000000004
