,user,label,timestamp,x,y,z
151460,15,Walking,1222722209000,1.42,13.38,-2.1111538
151461,15,Walking,1222772288000,3.17,5.37,-0.6537767
151462,15,Walking,1222822215000,5.83,4.86,0.42223078
151463,15,Walking,1222872264000,-1.73,7.08,-2.4516625
151464,15,Walking,1222922252000,-2.26,5.43,-1.334794
151465,15,Walking,1222972301000,5.43,5.48,4.944186
151466,15,Walking,1223022197000,19.57,8.92,-2.8738932999999998
151467,15,Walking,1223072307000,7.78,5.37,-1.56634
151468,15,Walking,1223122203000,9.92,15.28,3.0237172
151469,15,Walking,1223172282000,-1.61,10.12,-1.7570249
151470,15,Walking,1223222209000,-0.38,9.34,-2.1792557
151471,15,Walking,1223272288000,1.84,10.15,-1.56634
151472,15,Walking,1223322215000,2.18,6.74,-1.9204689999999998
151473,15,Walking,1223372264000,3.79,8.69,-1.4982381999999999
151474,15,Walking,1223422252000,4.79,8.12,-1.9477096999999999
151475,15,Walking,1223472301000,6.13,8.96,-1.6480621
151476,15,Walking,1223522227000,8.77,9.77,0.08172209
151477,15,Walking,1223572307000,9.92,9.7,7.014479
151478,15,Walking,1223622233000,10.5,8.12,-4.903325
151479,15,Walking,1223672313000,11.14,8.77,-0.6946376999999999
151480,15,Walking,1223722209000,7.4,10.5,4.903325
151481,15,Walking,1223772288000,4.33,19.08,-2.9556155
151482,15,Walking,1223822246000,1.23,13.95,-1.7978859
151483,15,Walking,1223872295000,2.98,4.75,0.50395286
151484,15,Walking,1223922496000,3.45,3.99,-0.23154591
151485,15,Walking,1223972301000,-1.61,6.4,-2.2201166000000003
151486,15,Walking,1224022227000,-3.02,5.09,-1.3075534
151487,15,Walking,1224072337000,7.63,7.59,5.666064700000001
151488,15,Walking,1224122203000,19.23,7.74,0.6946376999999999
151489,15,Walking,1224172313000,6.09,5.05,-1.6480621
151490,15,Walking,1224222209000,10.84,16.25,3.8273177000000005
151491,15,Walking,1224272319000,-2.11,10.08,-2.2609777
151492,15,Walking,1224322215000,-1.04,8.66,-2.1383946
151493,15,Walking,1224372325000,1.33,10.19,-1.6480621
151494,15,Walking,1224422252000,1.57,6.82,-1.2258313
151495,15,Walking,1224472270000,3.41,7.93,-1.4165162
151496,15,Walking,1224522197000,6.02,8.58,-2.1383946
151497,15,Walking,1224572307000,8.47,10.42,-1.8387468999999996
151498,15,Walking,1224622203000,10.73,7.55,9.847511
151499,15,Walking,1224672313000,8.85,8.73,-2.3018389
151500,15,Walking,1224722240000,10.65,8.81,-3.173541
151501,15,Walking,1224772258000,10.65,9.77,1.6480621
151502,15,Walking,1224822215000,6.09,13.72,3.5957718
151503,15,Walking,1224872264000,3.15,19.0,-3.4459480000000005
151504,15,Walking,1224922374000,-0.19,9.15,-0.9125633
151505,15,Walking,1224972301000,4.25,4.37,0.50395286
151506,15,Walking,1225022197000,2.49,5.6,-1.9204689999999998
151507,15,Walking,1225072307000,-3.98,6.63,-2.1792557
151508,15,Walking,1225122233000,-2.75,5.24,0.14982383
151509,15,Walking,1225172313000,16.09,7.67,0.46309182
151510,15,Walking,1225222240000,16.47,6.4,-0.040861044
151511,15,Walking,1225272288000,6.44,10.8,-2.4108016
151512,15,Walking,1225322246000,5.9,14.1,8.158588
151513,15,Walking,1225372295000,-2.18,8.66,-2.7240696
151514,15,Walking,1225422252000,0.31,11.35,-2.3426998
151515,15,Walking,1225472270000,1.14,7.06,-1.334794
151516,15,Walking,1225522197000,2.83,7.97,-1.1849703
151517,15,Walking,1225572276000,4.71,8.73,-1.9204689999999998
151518,15,Walking,1225622203000,6.05,8.47,-2.1383946
151519,15,Walking,1225672313000,8.01,9.92,-1.2258313
151520,15,Walking,1225722240000,9.15,10.31,10.419566
151521,15,Walking,1225772288000,10.23,8.47,-4.7126402999999994
151522,15,Walking,1225822246000,10.99,9.51,-2.1111538
151523,15,Walking,1225872295000,6.93,11.3,4.9850473
151524,15,Walking,1225922252000,2.98,16.89,1.1441092
151525,15,Walking,1225972301000,2.49,16.09,-2.8330324
151526,15,Walking,1226022197000,1.08,7.27,-0.3405087
151527,15,Walking,1226072337000,4.6,3.91,0.42223078
151528,15,Walking,1226122203000,-0.57,6.36,-3.2961242
151529,15,Walking,1226172282000,-2.49,5.37,-1.1849703
151530,15,Walking,1226222209000,0.23,5.98,2.5606253
151531,15,Walking,1226272288000,19.11,9.11,-1.9477096999999999
151532,15,Walking,1226322215000,11.41,3.64,-0.3405087
151533,15,Walking,1226372264000,4.9,13.57,2.7240696
151534,15,Walking,1226422496000,2.37,14.37,0.040861044
151535,15,Walking,1226472270000,-0.76,7.5,-1.3075534
151536,15,Walking,1226522197000,1.38,10.46,-2.1111538
151537,15,Walking,1226572276000,2.07,7.7,-1.8796080000000002
151538,15,Walking,1226622264000,3.95,8.01,-1.56634
151539,15,Walking,1226672282000,5.33,8.01,-1.8387468999999996
151540,15,Walking,1226722240000,6.66,8.66,-1.4982381999999999
151541,15,Walking,1226772288000,8.73,9.3,-0.6946376999999999
151542,15,Walking,1226822337000,7.59,9.28,8.158588
151543,15,Walking,1226872264000,9.53,8.28,-3.173541
151544,15,Walking,1226922313000,10.8,9.51,-1.7570249
151545,15,Walking,1226972240000,9.34,9.62,2.5606253
151546,15,Walking,1227022288000,3.87,15.09,2.4925237
151547,15,Walking,1227072215000,2.34,17.43,-3.8681788
151548,15,Walking,1227122264000,2.41,8.05,-1.3075534
151549,15,Walking,1227172221000,4.29,4.71,0.19068487
151550,15,Walking,1227222270000,0.95,6.66,-1.334794
151551,15,Walking,1227272197000,-3.83,5.9,-2.4108016
151552,15,Walking,1227322276000,-1.69,5.33,2.4108016
151553,15,Walking,1227372203000,18.24,9.43,-2.9556155
151554,15,Walking,1227422313000,12.45,4.29,1.4165162
151555,15,Walking,1227472240000,4.9,12.11,-1.2666923
151556,15,Walking,1227522288000,3.6,14.79,4.290409599999999
151557,15,Walking,1227572215000,-1.42,7.82,-1.9477096999999999
151558,15,Walking,1227622264000,0.72,10.34,-2.2609777
151559,15,Walking,1227672252000,1.27,7.4,-1.607201
151560,15,Walking,1227722301000,3.72,7.63,-1.6480621
151561,15,Walking,1227772197000,5.37,8.35,-2.0294318
151562,15,Walking,1227822307000,7.06,9.19,-1.7570249
151563,15,Walking,1227872142000,9.19,9.58,0.92618364
151564,15,Walking,1227922282000,8.5,9.92,5.5571017
151565,15,Walking,1227972301000,8.85,8.08,-3.9771416
151566,15,Walking,1228022227000,10.38,9.92,-1.607201
151567,15,Walking,1228072307000,8.31,9.15,4.3993720000000005
151568,15,Walking,1228122233000,4.99,13.99,0.040861044
151569,15,Walking,1228172313000,5.52,16.93,-4.140586
151570,15,Walking,1228222209000,1.95,7.93,-1.7570249
151571,15,Walking,1228272288000,2.22,6.4,0.95342433
151572,15,Walking,1228322276000,0.72,6.28,-0.29964766
151573,15,Walking,1228372264000,-3.26,5.94,-2.5333846
151574,15,Walking,1228422404000,1.38,5.13,3.8273177000000005
151575,15,Walking,1228472301000,18.96,8.16,-3.173541
151576,15,Walking,1228522197000,11.69,4.25,1.4573771999999998
151577,15,Walking,1228572307000,9.96,12.68,-0.6946376999999999
151578,15,Walking,1228622203000,1.61,10.92,3.5276701
151579,15,Walking,1228672282000,-2.14,9.47,-1.6889231
151580,15,Walking,1228722209000,0.27,13.14,-2.5333846
151581,15,Walking,1228772288000,1.27,7.55,-2.0294318
151582,15,Walking,1228822215000,3.34,7.93,-1.3075534
151583,15,Walking,1228872295000,4.82,8.47,-0.9942854
151584,15,Walking,1228922252000,6.7,8.16,-0.95342433
151585,15,Walking,1228972301000,10.84,8.01,4.099725
151586,15,Walking,1229022227000,8.08,8.05,1.0351465
151587,15,Walking,1229072337000,8.05,9.3,-2.1111538
151588,15,Walking,1229122203000,10.84,10.5,-2.3699405
151589,15,Walking,1229172313000,9.47,9.51,1.56634
151590,15,Walking,1229222209000,5.52,13.76,4.9850473
151591,15,Walking,1229272258000,4.6,18.62,-5.366417
151592,15,Walking,1229322215000,2.68,8.47,-3.336985
151593,15,Walking,1229372295000,3.38,5.13,3.4459480000000005
151594,15,Walking,1229422221000,0.31,6.7,-2.6014863999999998
151595,15,Walking,1229472270000,-3.21,5.37,-2.4108016
151596,15,Walking,1229522227000,-3.36,4.82,2.3426998
151597,15,Walking,1229572307000,15.94,7.74,-1.8796080000000002
151598,15,Walking,1229622203000,16.02,5.48,1.3075534
151599,15,Walking,1229672313000,4.06,8.54,-2.2609777
151600,15,Walking,1229722209000,6.4,17.69,6.2789803
151601,15,Walking,1229772258000,-2.53,7.4,-1.7978859
151602,15,Walking,1229822215000,0.5,9.7,-1.4165162
151603,15,Walking,1229872295000,1.31,8.77,-1.6889231
151604,15,Walking,1229922221000,3.53,7.78,-1.4573771999999998
151605,15,Walking,1229972331000,5.43,8.47,-1.7297841
151606,15,Walking,1230022197000,6.82,8.85,-1.7297841
151607,15,Walking,1230072307000,8.01,8.24,-0.9125633
151608,15,Walking,1230122233000,6.93,9.19,7.082580999999999
151609,15,Walking,1230172313000,8.08,9.47,-1.525479
151610,15,Walking,1230222240000,10.5,10.46,-3.0237172
151611,15,Walking,1230272288000,9.19,11.6,-0.29964766
151612,15,Walking,1230322215000,6.21,7.93,5.938472
151613,15,Walking,1230372264000,3.87,17.54,-1.7978859
151614,15,Walking,1230422252000,2.03,13.06,-3.2552630000000002
151615,15,Walking,1230472301000,2.91,4.79,1.2666923
151616,15,Walking,1230522227000,3.45,6.59,-1.6889231
151617,15,Walking,1230572307000,-3.26,6.7,-1.6480621
151618,15,Walking,1230622203000,-3.3,4.75,-1.4982381999999999
151619,15,Walking,1230672313000,11.88,5.71,3.4868089999999996
151620,15,Walking,1230722209000,18.5,9.04,-0.27240697
151621,15,Walking,1230772288000,5.28,5.22,-2.8330324
151622,15,Walking,1230822246000,8.77,15.94,4.018002500000001
151623,15,Walking,1230872264000,-2.3,10.27,-2.2201166000000003
151624,15,Walking,1230922252000,0.31,6.05,-1.6480621
151625,15,Walking,1230972301000,1.65,11.5,-2.5333846
151626,15,Walking,1231022197000,2.76,7.31,-1.6480621
151627,15,Walking,1231072307000,3.68,7.82,-1.0760075
151628,15,Walking,1231122203000,5.05,8.39,-1.4982381999999999
151629,15,Walking,1231172313000,6.89,9.15,-1.3756552
151630,15,Walking,1231222240000,9.3,8.85,4.372132
151631,15,Walking,1231272319000,9.15,9.72,0.92618364
151632,15,Walking,1231322215000,11.11,8.85,-4.944186
151633,15,Walking,1231372295000,11.26,9.08,0.84446156
151634,15,Walking,1231422221000,6.13,11.92,5.2165932999999995
151635,15,Walking,1231472270000,4.86,19.5,-3.2552630000000002
151636,15,Walking,1231522227000,0.31,10.61,-4.1814466
151637,15,Walking,1231572307000,3.45,3.49,2.2201166000000003
151638,15,Walking,1231622233000,1.42,6.17,-2.6423476000000004
151639,15,Walking,1231672343000,-3.41,6.82,-1.4165162
151640,15,Walking,1231722240000,-3.11,5.22,0.6946376999999999
151641,15,Walking,1231772288000,14.06,7.25,0.50395286
151642,15,Walking,1231822246000,16.7,7.93,0.92618364
151643,15,Walking,1231872295000,3.15,6.09,-1.2666923
151644,15,Walking,1231922252000,9.77,18.85,6.3198414000000005
151645,15,Walking,1231972301000,-1.88,7.31,-1.9477096999999999
151646,15,Walking,1232022197000,0.61,9.3,-2.1792557
151647,15,Walking,1232072276000,1.18,8.62,-2.4925237
151648,15,Walking,1232122203000,1.92,6.89,-0.88532263
151649,15,Walking,1232172313000,4.29,8.12,-1.6889231
151650,15,Walking,1232222270000,6.78,9.81,-2.2609777
151651,15,Walking,1232272258000,9.19,9.28,1.4982381999999999
151652,15,Walking,1232322246000,9.53,7.86,4.0588636
151653,15,Walking,1232372295000,8.58,8.89,-3.5276701
151654,15,Walking,1232422252000,10.76,9.19,-2.6014863999999998
151655,15,Walking,1232472270000,12.03,8.58,3.0237172
151656,15,Walking,1232522197000,5.33,13.72,2.6423476000000004
151657,15,Walking,1232572276000,0.61,17.88,-0.6946376999999999
151658,15,Walking,1232622203000,1.14,10.04,-2.1383946
151659,15,Walking,1232672313000,4.71,4.63,1.2666923
