,user,label,timestamp,x,y,z
156687,15,Walking,1484202251000,7.7,19.5,6.782933
156688,15,Walking,1484252208000,-4.37,8.69,-2.5606253
156689,15,Walking,1484302287000,-0.3,10.38,-2.2201166000000003
156690,15,Walking,1484352214000,-0.3,8.12,-3.336985
156691,15,Walking,1484402293000,2.87,5.98,-2.3018389
156692,15,Walking,1484452220000,6.02,8.24,-1.0760075
156693,15,Walking,1484502299000,10.27,10.65,-0.10896278
156694,15,Walking,1484552257000,8.77,8.81,4.903325
156695,15,Walking,1484602275000,8.28,9.08,0.84446156
156696,15,Walking,1484652202000,12.49,8.58,-0.7627395
156697,15,Walking,1484702281000,9.47,7.55,0.7627395
156698,15,Walking,1484752208000,8.24,14.86,-1.2258313
156699,15,Walking,1484802287000,4.37,19.53,-0.9942854
156700,15,Walking,1484852214000,-1.84,8.39,1.2258313
156701,15,Walking,1484902263000,0.27,1.18,-2.4108016
156702,15,Walking,1484952281000,-2.14,3.72,-1.7978859
156703,15,Walking,1485002391000,-4.02,4.48,-2.4108016
156704,15,Walking,1485052318000,7.01,11.35,7.8180795
156705,15,Walking,1485102244000,18.81,9.11,-0.50395286
156706,15,Walking,1485152324000,12.07,9.66,-4.3993720000000005
156707,15,Walking,1485202220000,1.42,15.98,6.170017700000001
156708,15,Walking,1485252269000,-3.95,9.85,-3.9090397000000006
156709,15,Walking,1485312358000,-2.75,10.42,-4.3312707
156710,15,Walking,1485362224000,-0.23,6.78,-2.070293
156711,15,Walking,1485412242000,5.05,8.66,-1.2258313
156712,15,Walking,1485462291000,8.16,10.15,-0.50395286
156713,15,Walking,1485512248000,10.95,8.62,0.46309182
156714,15,Walking,1485562297000,9.66,7.25,2.5606253
156715,15,Walking,1485612224000,9.0,9.96,-1.0351465
156716,15,Walking,1485662273000,11.41,9.34,0.50395286
156717,15,Walking,1485712260000,7.12,11.26,0.3405087
156718,15,Walking,1485762309000,6.17,18.96,1.4573771999999998
156719,15,Walking,1485812236000,-2.53,16.28,-0.29964766
156720,15,Walking,1485862315000,-0.76,3.15,-1.6889231
156721,15,Walking,1485912212000,1.8,0.89,-1.1441092
156722,15,Walking,1485962291000,-2.26,5.22,-2.3018389
156723,15,Walking,1486012279000,-2.98,3.49,-2.5606253
156724,15,Walking,1486062297000,15.36,12.15,6.4424243
156725,15,Walking,1486112254000,15.02,6.13,-0.27240697
156726,15,Walking,1486162303000,5.48,12.57,1.4982381999999999
156728,15,Walking,1486264903000,-2.68,7.93,-2.2201166000000003
156729,15,Walking,1486264903000,-2.68,7.93,-2.2201166000000003
156727,15,Walking,1486264903000,-2.68,7.93,-2.2201166000000003
156730,15,Walking,1486372233000,2.18,6.78,-1.8796080000000002
156731,15,Walking,1486422313000,4.75,8.62,-0.84446156
156732,15,Walking,1486472209000,8.12,10.0,-0.7627395
156733,15,Walking,1486522258000,9.38,8.47,2.3018389
156734,15,Walking,1486572246000,10.15,7.97,1.7297841
156735,15,Walking,1486622295000,11.56,8.66,-0.3405087
156736,15,Walking,1486672221000,10.42,8.81,1.56634
156737,15,Walking,1486722270000,6.82,14.67,0.5720546
156738,15,Walking,1486772197000,6.24,19.57,-2.2201166000000003
156739,15,Walking,1486822276000,-3.02,9.66,1.9204689999999998
156740,15,Walking,1486872203000,0.27,1.57,-2.1792557
156741,15,Walking,1486922282000,-1.46,1.73,-1.607201
156742,15,Walking,1486972240000,-2.83,3.3,-2.9556155
156743,15,Walking,1487022227000,1.18,7.78,5.8976107
156744,15,Walking,1487072307000,19.23,14.79,-1.525479
156745,15,Walking,1487122295000,6.97,4.71,-3.0645783
156746,15,Walking,1487172252000,7.27,19.19,9.724928
156747,15,Walking,1487222301000,-3.34,8.35,-2.8738932999999998
156748,15,Walking,1487272227000,-1.38,12.18,-3.6366330000000002
156749,15,Walking,1487322307000,-1.18,7.21,-2.6832085
156750,15,Walking,1487372233000,2.34,5.37,-2.1383946
156751,15,Walking,1487422282000,5.9,8.77,-1.1168685
156752,15,Walking,1487472209000,10.34,11.92,-0.14982383
156753,15,Walking,1487522380000,7.82,8.16,4.018002500000001
156754,15,Walking,1487572276000,9.85,8.66,-0.6946376999999999
156755,15,Walking,1487622295000,13.4,8.28,2.1111538
156756,15,Walking,1487672313000,7.97,8.96,-0.46309182
156757,15,Walking,1487722270000,8.43,18.39,-0.6537767
156758,15,Walking,1487772227000,-1.46,18.28,0.50395286
156759,15,Walking,1487822276000,-1.53,5.37,-0.88532263
156760,15,Walking,1487872233000,3.64,-1.69,-1.2258313
156761,15,Walking,1487922313000,-1.95,5.18,-2.4108016
156762,15,Walking,1487972209000,-3.76,5.24,-2.3426998
156763,15,Walking,1488022288000,7.12,6.63,7.8861814
156764,15,Walking,1488072215000,19.5,13.14,-0.9942854
156765,15,Walking,1488122295000,14.29,13.21,-0.38136974
156766,15,Walking,1488172221000,-3.79,12.3,3.2552630000000002
156767,15,Walking,1488222301000,-5.09,11.35,-4.630918
156768,15,Walking,1488272197000,-3.06,8.28,-3.9090397000000006
156769,15,Walking,1488322307000,-1.12,6.4,-0.7218784
156770,15,Walking,1488372203000,6.51,10.23,-1.1168685
156771,15,Walking,1488422313000,8.43,10.04,-1.6480621
156772,15,Walking,1488472240000,10.31,8.24,1.7297841
156773,15,Walking,1488522258000,8.43,7.4,4.630918
156774,15,Walking,1488572246000,8.39,8.92,-1.0760075
156775,15,Walking,1488622264000,10.73,10.84,-1.7297841
156776,15,Walking,1488672252000,7.89,9.96,1.3756552
156777,15,Walking,1488722301000,7.7,16.13,-0.08172209
156778,15,Walking,1488772227000,0.19,18.7,-3.1463002999999996
156779,15,Walking,1488822368000,-2.53,7.59,1.607201
156780,15,Walking,1488872233000,1.46,0.15,-2.6423476000000004
156781,15,Walking,1488922313000,-2.37,4.82,-0.9125633
156782,15,Walking,1488972270000,-2.56,4.52,-2.6832085
156783,15,Walking,1489022258000,9.62,9.34,8.008764
156784,15,Walking,1489072215000,18.81,9.53,-0.46309182
156785,15,Walking,1489122295000,4.33,6.24,-3.2552630000000002
156786,15,Walking,1489172221000,2.53,18.58,8.62168
156787,15,Walking,1489222301000,-4.06,7.67,-4.290409599999999
156788,15,Walking,1489272197000,-0.8,10.27,-5.09401
156789,15,Walking,1489322276000,0.08,7.25,-3.3642258999999997
156790,15,Walking,1489372233000,4.56,8.54,-1.8387468999999996
156791,15,Walking,1489422313000,7.12,10.12,0.38136974
156792,15,Walking,1489472209000,9.7,7.89,3.7864565999999997
156793,15,Walking,1489522288000,7.21,9.34,1.7297841
156794,15,Walking,1489572276000,10.99,8.54,-1.334794
156795,15,Walking,1489622295000,10.23,8.92,-0.23154591
156796,15,Walking,1489672252000,7.06,8.73,0.53119355
156797,15,Walking,1489722301000,8.47,18.12,-1.2666923
156798,15,Walking,1489772197000,-0.53,16.78,-0.95342433
156799,15,Walking,1489822276000,0.53,3.76,-0.61291564
156800,15,Walking,1489872233000,0.08,3.17,-1.334794
156801,15,Walking,1489922313000,-3.15,4.56,-1.9204689999999998
156802,15,Walking,1489972270000,-4.44,4.37,-1.4573771999999998
156803,15,Walking,1490022288000,12.3,11.18,4.8216033
156804,15,Walking,1490072276000,17.43,8.39,-0.88532263
156805,15,Walking,1490122295000,8.28,9.7,-4.8216033
156806,15,Walking,1490172252000,-0.11,16.55,5.243834
156807,15,Walking,1490222301000,-2.64,9.53,-3.9090397000000006
156808,15,Walking,1490272319000,-1.76,9.77,-5.09401
156809,15,Walking,1490322307000,0.11,5.24,-2.6832085
156810,15,Walking,1490372264000,3.72,7.16,-1.7297841
156811,15,Walking,1490422313000,8.66,11.07,-0.38136974
156812,15,Walking,1490472209000,9.96,10.23,1.2666923
156813,15,Walking,1490522319000,11.14,7.93,1.4982381999999999
156814,15,Walking,1490572246000,12.34,7.16,0.92618364
156815,15,Walking,1490622295000,10.88,9.92,1.5390993
156816,15,Walking,1490672252000,8.2,16.51,-0.38136974
156817,15,Walking,1490722270000,2.49,19.5,0.08172209
156818,15,Walking,1490772197000,-2.87,8.28,-0.0
156819,15,Walking,1490822276000,1.12,0.31,-2.1792557
156820,15,Walking,1490872203000,-0.65,1.61,-1.56634
156821,15,Walking,1490922282000,-2.79,3.45,-3.336985
156822,15,Walking,1490972209000,0.57,9.04,7.504811999999999
156823,15,Walking,1491022288000,18.66,14.94,-1.7570249
156824,15,Walking,1491072246000,7.08,4.48,-3.2552630000000002
156825,15,Walking,1491122295000,7.74,19.42,10.760075
156826,15,Walking,1491172221000,-4.02,9.7,-3.214402
156827,15,Walking,1491222240000,0.15,11.37,-3.4459480000000005
156828,15,Walking,1491272319000,-0.91,6.17,-2.982856
156829,15,Walking,1491272319000,-0.91,6.17,-2.982856
156830,15,Walking,1491372233000,5.86,8.69,-1.1441092
156831,15,Walking,1491422374000,10.53,12.03,-0.5720546
156832,15,Walking,1491482249000,10.34,8.89,4.7943625
156833,15,Walking,1491532237000,11.11,6.59,1.1168685
156834,15,Walking,1491582286000,11.65,8.28,1.7978859
156836,15,Walking,1491632213000,9.89,12.57,-0.7627395
156835,15,Walking,1491632213000,9.89,12.57,-0.7627395
156838,15,Walking,1491732280000,-2.83,14.56,0.7627395
156837,15,Walking,1491732280000,-2.83,14.56,0.7627395
156839,15,Walking,1491832225000,0.76,-0.15,-3.0645783
156840,15,Walking,1491832225000,0.76,-0.15,-3.0645783
156842,15,Walking,1491932231000,-4.25,5.79,1.8796080000000002
156841,15,Walking,1491932231000,-4.25,5.79,1.8796080000000002
156843,15,Walking,1492032207000,12.98,5.79,0.23154591
156844,15,Walking,1492082286000,10.88,17.16,2.6832085
156846,15,Walking,1492132243000,-4.1,12.34,-1.6480621
156845,15,Walking,1492132243000,-4.1,12.34,-1.6480621
156847,15,Walking,1492232249000,-0.5,8.47,-3.7183550000000003
156848,15,Walking,1492232249000,-0.5,8.47,-3.7183550000000003
156849,15,Walking,1492282298000,0.8,5.18,-1.9477096999999999
156850,15,Walking,1492382274000,9.08,11.14,-0.9942854
156851,15,Walking,1492432231000,9.3,9.51,3.4868089999999996
156852,15,Walking,1492482249000,10.38,8.96,4.5628166
156853,15,Walking,1492532237000,12.95,8.16,-2.4108016
156854,15,Walking,1492582225000,9.89,10.0,0.6946376999999999
156855,15,Walking,1492582225000,9.89,10.0,0.6946376999999999
156857,15,Walking,1492682262000,2.91,19.5,1.1441092
156856,15,Walking,1492682262000,2.91,19.5,1.1441092
156859,15,Walking,1492782237000,0.8,0.65,-3.0237172
156858,15,Walking,1492782237000,0.8,0.65,-3.0237172
156860,15,Walking,1492882243000,-3.57,3.79,-4.3993720000000005
156861,15,Walking,1492932262000,3.02,8.24,7.7363577
156862,15,Walking,1492982219000,18.28,15.36,-0.8036005
156863,15,Walking,1493032268000,5.67,1.95,-1.7297841
156865,15,Walking,1493082255000,7.21,19.15,6.9327570000000005
156864,15,Walking,1493082255000,7.21,19.15,6.9327570000000005
156866,15,Walking,1493182201000,1.76,9.96,-2.3426998
156867,15,Walking,1493182201000,1.76,9.96,-2.3426998
156868,15,Walking,1493282207000,2.64,4.67,-1.1849703
156869,15,Walking,1493332255000,4.18,5.9,-0.5720546
156870,15,Walking,1493382243000,8.28,10.46,-0.53119355
156871,15,Walking,1493432262000,8.08,9.96,1.607201
156873,15,Walking,1493482219000,9.85,8.69,1.8796080000000002
156872,15,Walking,1493482219000,9.85,8.69,1.8796080000000002
156874,15,Walking,1493582255000,9.19,10.27,0.7627395
156875,15,Walking,1493632304000,7.7,17.12,-0.6946376999999999
156876,15,Walking,1493682262000,2.37,18.89,0.6537767
156877,15,Walking,1493732280000,-1.46,7.97,-0.7218784
156878,15,Walking,1493782268000,0.93,1.42,-1.1849703
156879,15,Walking,1493782268000,0.93,1.42,-1.1849703
156881,15,Walking,1493882243000,-3.15,4.21,-2.6014863999999998
156880,15,Walking,1493882243000,-3.15,4.21,-2.6014863999999998
156882,15,Walking,1493982219000,18.31,13.14,-2.5333846
156883,15,Walking,1494032268000,11.65,4.02,-1.7978859
156884,15,Walking,1494082225000,7.31,19.31,8.471855999999999
156885,15,Walking,1494132274000,-4.59,9.23,-2.4516625
156887,15,Walking,1494182201000,-1.38,11.54,-3.5957718
