,user,label,timestamp,x,y,z
359222,16,Walking,5445052318000,4.44,3.79,-0.3405087
359223,16,Walking,5445102336000,3.15,4.86,-1.2666923
359224,16,Walking,5445152263000,-0.61,5.13,-1.1849703
359225,16,Walking,5445202342000,1.14,3.68,1.4165162
359226,16,Walking,5445252299000,19.57,-0.27,-6.5105260000000005
359227,16,Walking,5445302379000,13.59,2.34,-3.2961242
359229,16,Walking,5445402202000,10.08,8.62,-3.2961242
359228,16,Walking,5445402202000,10.08,8.62,-3.2961242
359230,16,Walking,5445452251000,8.08,6.55,-3.0237172
359231,16,Walking,5445502452000,6.51,4.56,-0.38136974
359232,16,Walking,5445552318000,7.97,4.6,-0.95342433
359233,16,Walking,5445602336000,8.28,4.25,-0.10896278
359234,16,Walking,5445652263000,7.59,3.38,0.10896278
359235,16,Walking,5445702342000,8.47,3.49,-0.19068487
359236,16,Walking,5445752269000,9.19,4.14,0.3405087
359237,16,Walking,5445802379000,9.72,4.99,4.0588636
359238,16,Walking,5445852275000,10.61,4.75,0.95342433
359239,16,Walking,5445902324000,16.21,1.27,1.2258313
359240,16,Walking,5445952373000,11.8,3.15,4.2086873
359241,16,Walking,5446002360000,12.07,10.57,-3.2961242
359242,16,Walking,5446052287000,10.31,13.48,-0.38136974
359243,16,Walking,5446102336000,5.79,7.25,-2.6832085
359244,16,Walking,5446152263000,5.75,2.49,0.3405087
359245,16,Walking,5446202373000,4.4,4.75,-0.50395286
359246,16,Walking,5446252238000,1.14,5.83,-0.50395286
359247,16,Walking,5446302348000,-0.91,5.71,-0.38136974
359248,16,Walking,5446352275000,15.36,0.11,6.0474343
359249,16,Walking,5446402324000,17.47,-3.83,-0.27240697
359250,16,Walking,5446452312000,4.67,11.45,4.5628166
359251,16,Walking,5446502330000,10.88,9.34,-2.4925237
359252,16,Walking,5446552287000,6.97,5.13,-1.3756552
359253,16,Walking,5446602367000,7.25,5.63,-1.1441092
359254,16,Walking,5446652263000,8.08,5.13,-1.2258313
359255,16,Walking,5446702342000,7.08,4.18,-0.6946376999999999
359256,16,Walking,5446752299000,8.16,4.44,-0.27240697
359257,16,Walking,5446802318000,8.08,3.64,-0.38136974
359258,16,Walking,5446852306000,8.54,4.02,0.6537767
359259,16,Walking,5446902354000,10.23,3.41,2.3018389
359260,16,Walking,5446952403000,9.53,4.1,2.4108016
359261,16,Walking,5447002330000,14.18,2.56,0.19068487
359262,16,Walking,5447052318000,13.4,1.14,4.944186
359263,16,Walking,5447102336000,10.76,8.08,-0.29964766
359264,16,Walking,5447152263000,13.44,14.6,-3.9771416
359265,16,Walking,5447202342000,7.59,8.35,4.862464
359266,16,Walking,5447252269000,6.32,4.48,-2.7240696
359267,16,Walking,5447302348000,4.56,3.76,-0.27240697
359269,16,Walking,5447352275000,3.34,4.75,-0.88532263
359268,16,Walking,5447352275000,3.34,4.75,-0.88532263
359270,16,Walking,5447452403000,3.76,3.83,5.243834
359271,16,Walking,5447502330000,19.57,0.0,-9.615966
359272,16,Walking,5447552287000,8.28,1.42,3.8681788
359273,16,Walking,5447602336000,7.06,10.0,3.214402
359274,16,Walking,5447652293000,11.03,8.92,-2.7513103
359275,16,Walking,5447702342000,6.74,6.02,-1.7978859
359276,16,Walking,5447752269000,6.97,5.71,-0.88532263
359277,16,Walking,5447802348000,7.86,5.09,-1.2666923
359278,16,Walking,5447852306000,7.78,4.33,-0.8036005
359279,16,Walking,5447902354000,8.08,3.49,-0.040861044
359280,16,Walking,5447952403000,8.62,3.34,1.0760075
359281,16,Walking,5448002360000,9.19,4.29,1.8796080000000002
359282,16,Walking,5448052287000,9.58,3.57,2.1792557
359283,16,Walking,5448102336000,10.61,4.6,-0.14982383
359284,16,Walking,5448152263000,15.09,2.76,2.3699405
359285,16,Walking,5448202342000,11.6,2.68,3.4868089999999996
359286,16,Walking,5448252269000,10.92,8.31,-1.334794
359287,16,Walking,5448302348000,12.15,13.44,-1.8796080000000002
359288,16,Walking,5448352306000,5.48,8.35,0.6537767
359289,16,Walking,5448402324000,5.67,4.02,-1.0760075
359290,16,Walking,5448452281000,5.28,4.25,-0.84446156
359291,16,Walking,5448502330000,2.72,5.83,-0.88532263
359292,16,Walking,5448552379000,-1.12,5.75,-0.08172209
359293,16,Walking,5448602336000,9.58,2.49,9.00305
359294,16,Walking,5448652263000,19.57,-0.61,-8.812365
359295,16,Walking,5448702342000,5.05,3.64,0.92618364
359296,16,Walking,5448752299000,9.62,11.54,3.5276701
359297,16,Walking,5448802348000,8.92,5.86,-2.8738932999999998
359298,16,Walking,5448852306000,6.7,5.41,-0.8036005
359299,16,Walking,5448902354000,7.86,5.94,-1.3075534
359300,16,Walking,5448952373000,7.16,4.6,-1.0760075
359301,16,Walking,5449002360000,8.2,4.33,-0.38136974
359302,16,Walking,5449052287000,8.24,3.68,-0.19068487
359303,16,Walking,5449102336000,8.05,3.57,0.10896278
359304,16,Walking,5449152263000,9.08,4.02,0.38136974
359305,16,Walking,5449202342000,9.96,3.72,1.6889231
359306,16,Walking,5449252269000,11.56,4.14,1.9204689999999998
359307,16,Walking,5449302348000,16.78,1.12,3.5276701
359308,16,Walking,5449352275000,11.14,4.75,1.4165162
359310,16,Walking,5449402324000,11.84,10.34,-2.8330324
359309,16,Walking,5449402324000,11.84,10.34,-2.8330324
359311,16,Walking,5449502299000,5.86,6.7,-4.3312707
359312,16,Walking,5449552348000,6.09,2.72,0.23154591
359313,16,Walking,5449602336000,5.52,4.71,-0.53119355
359314,16,Walking,5449652324000,1.57,6.55,-1.1441092
359315,16,Walking,5449702251000,-0.89,4.52,0.10896278
359316,16,Walking,5449752330000,15.98,-0.23,5.625203599999999
359317,16,Walking,5449802287000,17.69,-2.53,1.7570249
359318,16,Walking,5449852336000,1.73,5.52,-3.5685309999999997
359319,16,Walking,5449902293000,12.76,12.83,2.3426998
359320,16,Walking,5449902293000,12.76,12.83,2.3426998
359321,16,Walking,5450002299000,7.35,6.09,-1.1168685
359322,16,Walking,5450052348000,8.85,6.17,-1.1849703
359323,16,Walking,5450102336000,6.89,4.44,-0.9942854
359324,16,Walking,5450152324000,8.43,4.52,-0.7627395
359325,16,Walking,5450202251000,8.2,3.53,-0.5720546
359326,16,Walking,5450252299000,8.5,3.83,0.14982383
359327,16,Walking,5450302318000,9.47,3.38,1.6889231
359328,16,Walking,5450352336000,10.12,4.75,2.3699405
359329,16,Walking,5450402263000,11.56,4.33,0.10896278
359330,16,Walking,5450452342000,15.09,1.8,4.4810944
359331,16,Walking,5450502299000,10.38,4.86,0.50395286
359332,16,Walking,5450552348000,13.44,11.69,-2.982856
359333,16,Walking,5450602336000,8.31,10.19,2.5606253
359334,16,Walking,5450652324000,5.6,5.56,-2.7513103
359335,16,Walking,5450702312000,4.94,4.1,-0.42223078
359336,16,Walking,5450752330000,4.1,4.99,-0.7627395
359337,16,Walking,5450802318000,0.76,6.36,-0.5720546
359338,16,Walking,5450852336000,0.84,4.75,0.3405087
359339,16,Walking,5450902202000,18.89,-0.08,-1.6480621
359340,16,Walking,5450952312000,14.1,-3.41,3.9090397000000006
359341,16,Walking,5451002269000,7.89,12.15,1.1441092
359343,16,Walking,5451052348000,8.58,6.28,-0.29964766
359342,16,Walking,5451052348000,8.58,6.28,-0.29964766
359344,16,Walking,5451162273000,7.21,6.4,-1.4165162
359345,16,Walking,5451162273000,7.21,6.4,-1.4165162
359347,16,Walking,5451262279000,7.5,5.05,-0.84446156
359346,16,Walking,5451262279000,7.5,5.05,-0.84446156
359349,16,Walking,5451362285000,8.62,3.72,-0.38136974
359348,16,Walking,5451362285000,8.62,3.72,-0.38136974
359350,16,Walking,5451462260000,10.5,3.15,4.3312707
359351,16,Walking,5451462260000,10.5,3.15,4.3312707
359352,16,Walking,5451572368000,16.66,0.5,4.671779
359353,16,Walking,5451572368000,16.66,0.5,0.3405087
359354,16,Walking,5451622508000,10.84,6.09,0.3405087
359355,16,Walking,5451673228000,13.38,12.18,-4.2086873
359356,16,Walking,5451722667000,8.58,9.62,4.8216033
359357,16,Walking,5451773204000,5.43,5.48,-4.372132
359358,16,Walking,5451822551000,4.21,2.6,-0.6946376999999999
359359,16,Walking,5451872996000,4.25,5.01,-0.53119355
359360,16,Walking,5451923442000,0.76,6.24,-0.88532263
359361,16,Walking,5451972911000,1.18,4.06,0.53119355
359362,16,Walking,5452023357000,19.11,-0.23,-1.1168685
359363,16,Walking,5452072826000,13.33,-2.49,3.990762
359364,16,Walking,5452123271000,8.12,11.54,-2.070293
359365,16,Walking,5452172679000,9.15,8.08,2.3699405
359366,16,Walking,5452223094000,6.36,6.51,-1.9477096999999999
359367,16,Walking,5452272502000,6.7,6.7,-1.6480621
359368,16,Walking,5452322917000,7.25,5.71,-1.7978859
359369,16,Walking,5452373302000,7.63,4.56,-0.84446156
359370,16,Walking,5452422740000,9.04,4.14,-0.38136974
359371,16,Walking,5452473216000,8.85,2.98,0.19068487
359372,16,Walking,5452522624000,9.72,3.83,1.1849703
359373,16,Walking,5452573039000,10.31,2.68,3.4050870000000004
359374,16,Walking,5452622386000,10.46,4.33,0.14982383
359375,16,Walking,5452672801000,15.64,1.54,2.152015
359376,16,Walking,5452723186000,12.22,2.98,3.5957718
359377,16,Walking,5452772624000,11.6,8.73,-1.2666923
359378,16,Walking,5452823070000,12.76,13.48,-2.6832085
359379,16,Walking,5452872478000,5.63,7.97,1.6889231
359380,16,Walking,5452922923000,4.75,3.34,-0.8036005
359381,16,Walking,5452973338000,4.63,3.68,-0.9942854
359382,16,Walking,5453022716000,2.72,5.71,-1.0351465
359383,16,Walking,5453073131000,-0.95,6.05,0.42223078
359384,16,Walking,5453122661000,12.11,1.38,8.894086999999999
359385,16,Walking,5453173076000,19.46,-1.31,-4.8216033
359386,16,Walking,5453222484000,4.48,4.25,-0.5720546
359387,16,Walking,5453272960000,11.07,10.5,2.6423476000000004
359388,16,Walking,5453323344000,7.97,5.75,-1.4573771999999998
359389,16,Walking,5453372783000,6.66,6.24,-1.4982381999999999
359390,16,Walking,5453423167000,7.67,6.66,-1.3075534
359391,16,Walking,5453472575000,6.51,4.25,-1.6480621
359392,16,Walking,5453523021000,8.81,4.86,-1.0351465
359393,16,Walking,5453573558000,8.31,3.45,-0.3405087
359394,16,Walking,5453622966000,8.85,3.72,1.0760075
359395,16,Walking,5453673381000,9.53,3.57,1.0351465
359396,16,Walking,5453722758000,9.58,3.83,2.5333846
359397,16,Walking,5453773204000,12.3,4.4,0.23154591
359398,16,Walking,5453822551000,15.85,0.99,5.012288
359399,16,Walking,5453873027000,10.76,5.63,-0.10896278
359400,16,Walking,5453923411000,14.1,12.76,-2.8330324
359401,16,Walking,5453972850000,7.59,10.04,1.6480621
359402,16,Walking,5454023265000,5.94,4.79,-2.4925237
359403,16,Walking,5454072612000,4.6,4.37,-0.61291564
359404,16,Walking,5454123088000,3.64,5.18,-0.9942854
359405,16,Walking,5454172465000,0.27,6.13,-0.7627395
359406,16,Walking,5454222911000,1.69,4.63,0.6946376999999999
359407,16,Walking,5454273296000,19.5,0.0,-4.7126402999999994
359408,16,Walking,5454322612000,10.76,-2.68,4.1814466
359409,16,Walking,5454373027000,9.0,14.1,2.7649305
359410,16,Walking,5454423442000,8.85,6.97,-1.334794
359411,16,Walking,5454472789000,6.47,5.98,-1.7297841
359412,16,Walking,5454523265000,7.44,6.36,-1.3756552
359413,16,Walking,5454572612000,6.82,4.79,-1.1168685
359414,16,Walking,5454623057000,7.97,4.63,-0.88532263
359415,16,Walking,5454672496000,8.58,4.1,-0.19068487
359416,16,Walking,5454722850000,8.2,3.26,0.19068487
359417,16,Walking,5454773234000,9.89,3.68,0.53119355
359418,16,Walking,5454822642000,9.7,3.41,3.2552630000000002
359419,16,Walking,5454873057000,10.61,4.25,-0.0
359420,16,Walking,5454922343000,15.66,1.84,3.5276701
359421,16,Walking,5454972697000,11.88,3.02,1.8387468999999996
