,user,label,timestamp,x,y,z
361222,16,Walking,5545032298000,17.62,-5.33,4.372132
361223,16,Walking,5545082347000,9.04,11.6,-2.3699405
361224,16,Walking,5545132304000,2.03,6.78,1.9885708
361225,16,Walking,5545182323000,9.34,10.92,-4.8216033
361226,16,Walking,5545232341000,7.93,7.7,-3.2961242
361227,16,Walking,5545282329000,7.46,5.28,-0.7627395
361228,16,Walking,5545332347000,8.66,5.05,-0.6537767
361229,16,Walking,5545382335000,7.78,4.1,1.1441092
361230,16,Walking,5545432292000,7.67,3.49,0.08172209
361231,16,Walking,5545482310000,8.35,2.79,-0.53119355
361232,16,Walking,5545532298000,7.93,3.38,0.14982383
361233,16,Walking,5545582317000,8.66,3.21,1.7297841
361234,16,Walking,5545632304000,9.89,4.14,1.8796080000000002
361235,16,Walking,5545682323000,15.6,3.68,1.334794
361236,16,Walking,5545732310000,12.95,3.11,4.018002500000001
361237,16,Walking,5545782329000,12.53,9.0,-2.6832085
361238,16,Walking,5545832317000,12.64,14.33,-3.5685309999999997
361239,16,Walking,5545882335000,5.75,9.34,2.6423476000000004
361240,16,Walking,5545932292000,7.89,4.18,-1.7570249
361241,16,Walking,5545982341000,5.75,4.86,0.27240697
361242,16,Walking,5546032329000,2.22,5.75,-0.9942854
361243,16,Walking,5546082317000,-1.69,5.83,-0.46309182
361244,16,Walking,5546132304000,2.91,2.56,3.4050870000000004
361245,16,Walking,5546182323000,19.57,-4.25,-6.633109599999999
361246,16,Walking,5546232310000,11.11,1.18,3.1463002999999996
361247,16,Walking,5546282329000,7.55,9.0,5.8567495
361249,16,Walking,5546332347000,6.55,9.77,-7.082580999999999
361248,16,Walking,5546332347000,6.55,9.77,-7.082580999999999
361250,16,Walking,5546432353000,8.58,6.28,-1.8387468999999996
361251,16,Walking,5546482371000,8.16,5.24,-0.50395286
361252,16,Walking,5546532359000,8.31,4.48,-0.29964766
361253,16,Walking,5546582317000,6.93,3.45,0.53119355
361254,16,Walking,5546632304000,8.16,3.41,0.19068487
361255,16,Walking,5546682292000,8.31,3.38,-0.38136974
361256,16,Walking,5546732310000,8.12,3.91,0.42223078
361257,16,Walking,5546782268000,9.47,3.91,1.9477096999999999
361258,16,Walking,5546832317000,10.99,4.56,1.607201
361259,16,Walking,5546882304000,15.79,2.34,3.3778462
361260,16,Walking,5546932292000,11.96,4.29,0.3405087
361261,16,Walking,5546982310000,14.06,11.5,-3.173541
361262,16,Walking,5547032298000,8.16,13.18,1.4573771999999998
361263,16,Walking,5547082317000,6.4,7.89,-3.9499009
361264,16,Walking,5547132304000,6.36,2.83,0.8036005
361265,16,Walking,5547182292000,4.52,4.94,-0.46309182
361266,16,Walking,5547232310000,1.46,5.33,-0.5720546
361267,16,Walking,5547282298000,-1.46,4.75,0.19068487
361268,16,Walking,5547332347000,5.71,2.26,7.2732660000000005
361269,16,Walking,5547382335000,19.57,-1.31,-7.4639505999999995
361270,16,Walking,5547432323000,5.9,5.63,2.982856
361271,16,Walking,5547482432000,10.31,8.08,4.018002500000001
361272,16,Walking,5547532298000,6.74,7.82,-6.3607025
361273,16,Walking,5547582347000,8.58,8.89,-3.4868089999999996
361274,16,Walking,5547632396000,7.44,6.21,-0.8036005
361275,16,Walking,5547682292000,6.09,4.6,-0.84446156
361276,16,Walking,5547732341000,8.85,5.37,-0.95342433
361277,16,Walking,5547782298000,7.74,3.99,-0.10896278
361278,16,Walking,5547832347000,8.16,3.45,0.6537767
361279,16,Walking,5547882304000,8.54,3.3,0.53119355
361280,16,Walking,5547932323000,8.39,3.06,1.7978859
361281,16,Walking,5547982341000,9.96,3.49,1.4573771999999998
361282,16,Walking,5548032329000,12.64,3.02,0.040861044
361283,16,Walking,5548082317000,16.51,2.76,5.8567495
361284,16,Walking,5548132335000,12.57,8.16,-1.6480621
361285,16,Walking,5548182323000,13.87,13.82,-3.0645783
361286,16,Walking,5548232341000,6.4,10.31,4.3312707
361287,16,Walking,5548292644000,5.41,3.83,-4.018002500000001
361288,16,Walking,5548342265000,5.37,4.63,-0.7218784
361289,16,Walking,5548392497000,3.99,5.52,-1.0760075
361290,16,Walking,5548442393000,0.89,6.51,-1.1168685
361291,16,Walking,5548492320000,0.08,5.43,0.14982383
361292,16,Walking,5548542277000,15.85,-2.34,5.47538
361293,16,Walking,5548592357000,16.89,-5.94,2.3426998
361294,16,Walking,5548642558000,9.34,11.56,-2.1792557
361295,16,Walking,5548692332000,5.63,9.28,0.50395286
361296,16,Walking,5548742259000,8.24,7.89,-4.3993720000000005
361297,16,Walking,5548792338000,7.74,6.05,-2.1383946
361298,16,Walking,5548842387000,7.5,4.75,-1.0760075
361299,16,Walking,5548892161000,7.7,4.33,-0.9125633
361300,16,Walking,5548942210000,7.89,4.29,-0.10896278
361301,16,Walking,5548992351000,7.82,4.18,0.3405087
361302,16,Walking,5549042277000,7.78,3.99,0.23154591
361303,16,Walking,5549092296000,8.66,4.4,0.313268
361304,16,Walking,5549142436000,8.2,3.83,2.152015
361305,16,Walking,5549192332000,10.76,3.72,1.2258313
361306,16,Walking,5549242259000,17.05,0.53,-1.0760075
361307,16,Walking,5549292338000,13.95,5.18,5.7477865
361308,16,Walking,5549342265000,13.25,11.07,-3.1463002999999996
361309,16,Walking,5549392467000,9.19,13.91,-0.14982383
361310,16,Walking,5549442607000,5.71,7.97,-3.7864565999999997
361311,16,Walking,5549492290000,6.66,0.65,0.46309182
361312,16,Walking,5549542277000,5.98,4.48,-0.84446156
361313,16,Walking,5549592326000,1.99,5.83,-1.334794
361314,16,Walking,5549642345000,-1.42,5.52,-0.9125633
361315,16,Walking,5549692332000,2.53,3.26,3.4459480000000005
361316,16,Walking,5549742259000,19.57,-3.79,-5.8567495
361317,16,Walking,5549792338000,8.31,2.26,1.4573771999999998
361318,16,Walking,5549842265000,10.12,11.84,6.4015636
361319,16,Walking,5549892375000,7.06,8.43,-5.5571017
361320,16,Walking,5549942302000,7.89,8.28,-3.4868089999999996
361321,16,Walking,5549992320000,7.16,5.56,-1.8796080000000002
361322,16,Walking,5550042308000,7.46,4.86,-1.0351465
361323,16,Walking,5550092296000,8.35,4.86,-0.5720546
361324,16,Walking,5550142284000,7.74,4.1,0.27240697
361325,16,Walking,5550142284000,7.74,4.1,0.27240697
361326,16,Walking,5550142284000,7.74,4.1,0.27240697
361327,16,Walking,5550292155000,10.19,3.06,2.9147543999999996
361328,16,Walking,5550342235000,10.73,3.49,1.4573771999999998
361329,16,Walking,5550392467000,14.67,1.57,0.53119355
361330,16,Walking,5550443370000,13.82,3.83,0.7218784
361331,16,Walking,5550492290000,12.3,8.92,-1.607201
361332,16,Walking,5550542338000,10.57,11.84,-2.6832085
361333,16,Walking,5550592296000,4.14,9.43,5.366417
361334,16,Walking,5550642345000,4.67,5.41,-3.5685309999999997
361335,16,Walking,5550692332000,7.55,2.79,0.61291564
361336,16,Walking,5550742320000,7.46,3.79,-0.6537767
361337,16,Walking,5550792277000,1.92,5.9,-1.1441092
361338,16,Walking,5550842326000,1.5,3.34,0.5720546
361339,16,Walking,5550892314000,15.75,-2.45,7.4639505999999995
361340,16,Walking,5550942302000,19.34,-1.57,0.5720546
361341,16,Walking,5550992259000,8.85,9.28,-3.0237172
361342,16,Walking,5551042338000,0.69,7.44,1.607201
361343,16,Walking,5551092265000,10.23,10.53,-3.1463002999999996
361344,16,Walking,5551142558000,6.63,4.82,-3.214402
361345,16,Walking,5551192271000,7.46,3.57,-1.2258313
361346,16,Walking,5551242381000,9.7,4.4,-0.42223078
361347,16,Walking,5551292277000,8.24,3.95,3.5685309999999997
361348,16,Walking,5551342357000,7.67,2.96,-0.7218784
361349,16,Walking,5551392406000,7.16,3.15,-0.6537767
361350,16,Walking,5551442393000,7.74,4.1,0.10896278
361351,16,Walking,5551492259000,8.39,5.13,0.38136974
361352,16,Walking,5551542338000,10.42,4.02,1.4165162
361353,16,Walking,5551592265000,19.08,0.5,4.4810944
361354,16,Walking,5551642345000,14.1,4.56,0.53119355
361355,16,Walking,5551692302000,15.05,13.25,-3.4868089999999996
361356,16,Walking,5551742320000,6.28,12.79,3.5957718
361357,16,Walking,5551792277000,5.56,4.94,-5.434519
361358,16,Walking,5551842326000,5.83,1.69,0.040861044
361359,16,Walking,5551892314000,4.56,5.05,-1.2258313
361360,16,Walking,5551942485000,1.04,6.47,-2.0294318
361361,16,Walking,5551992259000,-1.5,5.52,-1.0351465
361362,16,Walking,5552042338000,8.12,0.27,8.689782000000001
361363,16,Walking,5552092265000,19.57,-1.53,-4.018002500000001
361364,16,Walking,5552142436000,11.56,6.74,-5.9793324
361365,16,Walking,5552192271000,0.31,9.38,1.6889231
361366,16,Walking,5552242320000,9.43,11.75,-6.0474343
361367,16,Walking,5552292277000,6.59,6.85,-3.4050870000000004
361368,16,Walking,5552342357000,7.01,4.9,-0.19068487
361369,16,Walking,5552392406000,8.2,5.13,-0.50395286
361370,16,Walking,5552444377000,8.28,3.99,3.1463002999999996
361371,16,Walking,5552502330000,8.77,3.45,-0.84446156
361372,16,Walking,5552552287000,8.2,4.33,1.3075534
361373,16,Walking,5552602367000,7.7,3.91,0.50395286
361374,16,Walking,5552652263000,9.38,3.99,1.56634
361375,16,Walking,5552702342000,12.57,3.15,-0.7627395
361376,16,Walking,5552752269000,15.85,2.64,5.0531489999999994
361377,16,Walking,5552802348000,12.03,7.12,0.84446156
361378,16,Walking,5552852275000,12.18,11.45,-3.4050870000000004
361379,16,Walking,5552902324000,7.78,11.54,3.1463002999999996
361380,16,Walking,5552952281000,6.05,7.08,-5.5571017
361381,16,Walking,5553002299000,6.05,1.61,0.8036005
361382,16,Walking,5553052287000,4.86,5.24,-0.08172209
361383,16,Walking,5553102336000,1.42,5.9,-1.0351465
361384,16,Walking,5553152263000,-1.33,5.18,-0.5720546
361385,16,Walking,5553202342000,8.89,1.18,9.656827
361386,16,Walking,5553252299000,19.57,-2.79,-5.666064700000001
361387,16,Walking,5553302348000,12.3,7.08,-1.4165162
361388,16,Walking,5553352336000,0.99,10.42,3.3778462
361389,16,Walking,5553402354000,9.62,11.75,-5.325556
361390,16,Walking,5553452373000,6.28,7.25,-3.7864565999999997
361391,16,Walking,5553502330000,6.74,4.67,-0.5720546
361392,16,Walking,5553552318000,8.77,5.33,-1.0760075
361393,16,Walking,5553602336000,8.08,4.37,0.040861044
361394,16,Walking,5553652263000,7.63,3.45,0.7218784
361395,16,Walking,5553702342000,7.93,4.56,2.5606253
361396,16,Walking,5553752269000,8.01,4.1,0.61291564
361397,16,Walking,5553802348000,9.51,3.57,1.4573771999999998
361398,16,Walking,5553852336000,12.11,3.3,-0.88532263
361399,16,Walking,5553902354000,17.43,0.15,3.173541
361400,16,Walking,5553952251000,11.54,5.98,3.0237172
361401,16,Walking,5554002452000,12.83,10.53,-2.6423476000000004
361402,16,Walking,5554052287000,10.46,13.95,-0.19068487
361403,16,Walking,5554102336000,5.67,7.7,-2.6832085
361404,16,Walking,5554152263000,5.75,2.49,-0.0
361405,16,Walking,5554202342000,4.56,5.18,-0.23154591
361406,16,Walking,5554252299000,1.8,5.94,-1.4165162
361407,16,Walking,5554302348000,-1.42,5.56,-0.6537767
361408,16,Walking,5554352306000,4.99,2.11,5.9793324
361409,16,Walking,5554402354000,19.57,-1.69,-7.014479
361410,16,Walking,5554452342000,6.82,4.75,1.1849703
361411,16,Walking,5554502330000,9.92,10.27,4.372132
361412,16,Walking,5554552348000,7.74,8.85,-5.284695
361413,16,Walking,5554602306000,7.74,7.82,-2.9556155
361414,16,Walking,5554652263000,7.16,5.22,-1.3075534
361415,16,Walking,5554702373000,7.01,4.4,-1.0351465
361416,16,Walking,5554752299000,8.24,4.79,-0.53119355
361417,16,Walking,5554802348000,7.44,3.79,-0.040861044
361418,16,Walking,5554852275000,7.82,2.98,-0.14982383
361419,16,Walking,5554902324000,9.53,4.21,0.19068487
361420,16,Walking,5554952281000,9.43,4.06,5.407278
361421,16,Walking,5555002330000,10.27,3.57,-0.7627395
