,user,label,timestamp,x,y,z
742144,34,Downstairs,2283672343000,3.83,10.19,-3.76
742145,34,Downstairs,2283722331000,5.09,8.58,-6.7
742146,34,Downstairs,2283772319000,-2.11,7.67,-2.96
742147,34,Downstairs,2283822337000,-5.33,5.83,1.92
742148,34,Downstairs,2283872325000,3.21,7.08,1.46
742149,34,Downstairs,2283922343000,0.99,10.53,-1.04
742150,34,Downstairs,2283972362000,0.23,9.47,-7.16
742151,34,Downstairs,2284022319000,-1.04,11.03,-4.37
742152,34,Downstairs,2284072307000,-1.04,5.94,-4.67
742153,34,Downstairs,2284122325000,1.8,8.69,-3.98
742154,34,Downstairs,2284172343000,7.7,19.53,-9.81
742155,34,Downstairs,2284222331000,-5.43,8.5,1.12
742156,34,Downstairs,2284272319000,2.34,9.89,-3.79
742157,34,Downstairs,2284322337000,10.19,13.18,-7.25
742158,34,Downstairs,2284372325000,-2.22,6.74,-4.82
742159,34,Downstairs,2284422343000,-0.23,5.41,0.42
742160,34,Downstairs,2284472331000,0.72,6.36,0.34
742161,34,Downstairs,2284522319000,0.19,8.58,-0.11
742162,34,Downstairs,2284572337000,-1.18,8.89,-4.44
742163,34,Downstairs,2284622325000,0.11,10.27,-6.63
742164,34,Downstairs,2284672343000,3.17,10.92,-3.53
742165,34,Downstairs,2284722331000,-3.45,6.47,-6.93
742166,34,Downstairs,2284772319000,3.3,11.18,-3.64
742167,34,Downstairs,2284822337000,4.56,17.16,-9.11
742168,34,Downstairs,2284872325000,-2.26,8.69,-0.04
742169,34,Downstairs,2284932323000,6.02,12.3,-3.11
742170,34,Downstairs,2284982280000,5.9,9.04,-7.89
742171,34,Downstairs,2285032329000,-2.96,5.71,-2.98
742172,34,Downstairs,2285082347000,1.14,5.94,0.89
742173,34,Downstairs,2285132335000,-1.69,9.96,-0.3
742174,34,Downstairs,2285182292000,-0.11,8.54,-0.95
742175,34,Downstairs,2285232310000,0.42,7.93,-5.43
742176,34,Downstairs,2285282329000,3.6,9.43,-3.83
742177,34,Downstairs,2285332378000,-0.5,8.77,-6.17
742178,34,Downstairs,2285382304000,5.01,8.54,-3.45
742179,34,Downstairs,2285432323000,2.49,19.19,-7.55
742180,34,Downstairs,2285482341000,-2.96,11.14,-1.42
742181,34,Downstairs,2285532329000,6.7,11.92,-3.68
742182,34,Downstairs,2285582347000,4.99,10.0,-6.09
742183,34,Downstairs,2285632365000,-4.56,4.14,-0.15
742184,34,Downstairs,2285682323000,0.61,3.79,1.14
742185,34,Downstairs,2285732341000,0.93,10.99,-0.84
742186,34,Downstairs,2285782329000,-1.61,9.53,-2.14
742187,34,Downstairs,2285832378000,2.07,8.5,-7.82
742188,34,Downstairs,2285882335000,5.41,11.35,-4.4
742189,34,Downstairs,2285932353000,-0.15,5.37,-4.94
742190,34,Downstairs,2285982371000,0.76,15.75,-8.08
742191,34,Downstairs,2286032329000,2.49,17.77,-1.14
742192,34,Downstairs,2286082347000,-1.42,5.98,1.57
742193,34,Downstairs,2286132457000,9.23,16.36,-3.53
742194,34,Downstairs,2286182323000,5.63,9.53,-7.35
742195,34,Downstairs,2286232341000,-3.68,6.66,-4.37
742196,34,Downstairs,2286282329000,1.76,6.05,-0.99
742197,34,Downstairs,2286332347000,0.27,9.53,-0.8
742198,34,Downstairs,2286382304000,0.95,8.77,-1.12
742199,34,Downstairs,2286432323000,-0.65,9.23,-3.72
742200,34,Downstairs,2286482341000,-1.27,9.96,-4.1
742201,34,Downstairs,2286532329000,3.64,12.22,-3.41
742202,34,Downstairs,2286582347000,-1.99,5.18,-9.81
742203,34,Downstairs,2286632640000,5.37,3.11,1.31
742204,34,Downstairs,2286682323000,-2.3,16.59,-6.17
742205,34,Downstairs,2286732341000,2.15,17.43,-6.36
742206,34,Downstairs,2286782329000,3.11,7.86,-1.23
742207,34,Downstairs,2286782329000,3.11,7.86,-1.23
742208,34,Downstairs,2286882457000,2.83,8.35,-6.13
742209,34,Downstairs,2286932445000,-2.98,4.75,0.61
742210,34,Downstairs,2286982585000,3.57,12.3,-2.26
742211,34,Downstairs,2287032237000,0.04,11.75,0.72
742212,34,Downstairs,2287082286000,-1.65,6.44,0.57
742213,34,Downstairs,2287132335000,-1.92,6.78,-3.57
742214,34,Downstairs,2287182323000,2.6,12.45,-8.85
742215,34,Downstairs,2287232341000,0.5,11.88,-10.31
742216,34,Downstairs,2287282329000,-5.18,6.63,-0.34
742217,34,Downstairs,2287332347000,4.94,17.08,4.6
742218,34,Downstairs,2287382304000,4.6,14.33,-1.76
742219,34,Downstairs,2287432323000,-0.89,11.56,3.68
742220,34,Downstairs,2287482341000,1.88,10.19,-0.08
742221,34,Downstairs,2287532359000,-0.76,8.77,-3.6
742222,34,Downstairs,2287582347000,1.88,6.63,-0.99
742223,34,Downstairs,2287632304000,-0.95,9.08,-5.75
742224,34,Downstairs,2287682323000,3.21,8.66,-1.73
742225,34,Downstairs,2287732341000,8.85,14.18,-8.27
742226,34,Downstairs,2287782359000,2.45,16.66,2.11
742227,34,Downstairs,2287832347000,-5.48,18.73,1.18
742228,34,Downstairs,2287882335000,5.41,11.35,1.57
742229,34,Downstairs,2287952342000,3.49,9.58,1.61
742230,34,Downstairs,2288002238000,-1.14,4.25,2.45
742231,34,Downstairs,2288052379000,-0.04,8.39,-0.27
742232,34,Downstairs,2288102275000,0.89,10.08,0.27
742233,34,Downstairs,2288152324000,0.84,9.0,-0.46
742234,34,Downstairs,2288202342000,-1.23,9.51,-0.95
742235,34,Downstairs,2288252330000,-4.33,7.01,-2.75
742236,34,Downstairs,2288302348000,-4.29,5.98,-4.56
742237,34,Downstairs,2288352336000,3.99,16.7,-8.62
742238,34,Downstairs,2288402324000,0.93,11.45,-5.6
742239,34,Downstairs,2288452342000,-5.28,11.26,-0.53
742240,34,Downstairs,2288502330000,4.6,14.63,-4.44
742241,34,Downstairs,2288552348000,-2.07,2.49,5.24
742242,34,Downstairs,2288602336000,-2.91,10.34,1.69
742243,34,Downstairs,2288652324000,5.41,13.57,-4.94
742244,34,Downstairs,2288702312000,0.89,9.28,-0.72
742245,34,Downstairs,2288752330000,0.84,8.01,-0.53
742246,34,Downstairs,2288802348000,1.57,8.85,-6.59
742247,34,Downstairs,2288852336000,0.23,7.78,-2.56
742248,34,Downstairs,2288902324000,2.49,7.74,-3.76
742249,34,Downstairs,2288952342000,1.5,8.35,-3.64
742250,34,Downstairs,2289002299000,2.53,8.35,-4.06
742251,34,Downstairs,2289052348000,1.95,10.31,-1.33
742252,34,Downstairs,2289102336000,-1.46,11.56,2.64
742253,34,Downstairs,2289152324000,-3.76,8.28,0.27
742254,34,Downstairs,2289202342000,-0.89,5.13,-3.06
742255,34,Downstairs,2289252330000,2.76,11.65,-9.72
742256,34,Downstairs,2289302348000,1.95,11.45,-5.28
742257,34,Downstairs,2289352336000,1.76,3.49,0.0
742258,34,Downstairs,2289402324000,9.11,16.59,-6.74
742259,34,Downstairs,2289452342000,-5.56,16.13,-2.3
742260,34,Downstairs,2289502330000,1.8,10.88,-0.61
742261,34,Downstairs,2289552348000,8.58,12.15,-7.31
742262,34,Downstairs,2289602336000,-2.56,6.55,-1.92
742263,34,Downstairs,2289652324000,-0.38,0.72,4.1
742264,34,Downstairs,2289702342000,0.19,4.67,0.23
742265,34,Downstairs,2289752330000,1.27,15.21,-0.61
742266,34,Downstairs,2289802348000,-0.95,9.85,-9.23
742267,34,Downstairs,2289852428000,0.0,12.11,-3.17
742268,34,Downstairs,2289902324000,0.23,5.33,-6.63
742269,34,Downstairs,2289952373000,7.31,8.89,-1.8
742270,34,Downstairs,2290002727000,0.42,18.73,-4.94
742271,34,Downstairs,2290052348000,-3.36,7.7,-1.92
742272,34,Downstairs,2290102336000,7.78,15.05,-4.52
742273,34,Downstairs,2290152354000,5.83,10.04,-6.93
742274,34,Downstairs,2290202342000,-4.82,5.24,-1.46
742276,34,Downstairs,2290254558000,0.99,3.38,2.37
742275,34,Downstairs,2290254558000,0.99,3.38,2.37
742277,34,Downstairs,2290312938000,-0.84,7.7,-1.18
742278,34,Downstairs,2290363536000,-0.23,11.22,-0.99
742279,34,Downstairs,2290422404000,0.11,12.22,-9.92
742280,34,Downstairs,2290472331000,2.68,12.34,-4.18
742281,34,Downstairs,2290522319000,0.76,5.71,-4.44
742282,34,Downstairs,2290572337000,1.61,4.63,-4.06
742283,34,Downstairs,2290622325000,2.96,19.34,-4.33
742284,34,Downstairs,2290672343000,2.26,12.79,-2.64
742285,34,Downstairs,2290722331000,-0.34,7.31,-0.69
742286,34,Downstairs,2290772319000,10.04,13.29,-2.98
742287,34,Downstairs,2290822337000,4.02,9.92,-6.89
742288,34,Downstairs,2290872325000,-2.49,7.55,-2.22
742289,34,Downstairs,2290922404000,0.65,5.86,1.23
742290,34,Downstairs,2290972331000,-1.57,7.93,-0.27
742291,34,Downstairs,2291022319000,0.0,10.08,-1.46
742292,34,Downstairs,2291072337000,0.95,10.0,-7.25
742293,34,Downstairs,2291122356000,4.52,10.65,-2.3
742294,34,Downstairs,2291172343000,-1.99,6.02,-7.12
742295,34,Downstairs,2291222362000,4.44,4.79,-1.73
742296,34,Downstairs,2291272319000,4.56,18.16,-7.31
742297,34,Downstairs,2291322337000,1.27,15.7,-0.34
742298,34,Downstairs,2291372325000,2.98,8.47,-3.68
742299,34,Downstairs,2291422343000,9.04,13.21,-4.99
742300,34,Downstairs,2291472331000,-0.61,9.08,-3.36
742301,34,Downstairs,2291522319000,-2.18,4.52,2.49
742302,34,Downstairs,2291572337000,0.53,6.55,0.0
742303,34,Downstairs,2291622325000,0.34,11.45,0.93
742304,34,Downstairs,2291672343000,1.57,9.08,-7.01
742305,34,Downstairs,2291722331000,1.33,11.11,-5.41
742306,34,Downstairs,2291772319000,-0.61,7.16,-4.86
742307,34,Downstairs,2291822337000,1.54,1.18,-2.26
742308,34,Downstairs,2291872325000,4.56,16.78,-5.24
742309,34,Downstairs,2291922374000,-0.19,17.67,-6.17
742310,34,Downstairs,2291982341000,3.91,9.38,-2.98
742311,34,Downstairs,2292032237000,9.7,10.69,-5.63
742312,34,Downstairs,2292082378000,0.46,8.01,-3.02
742313,34,Downstairs,2292132304000,-2.72,5.22,2.11
742314,34,Downstairs,2292182323000,2.15,13.72,-2.49
742315,34,Downstairs,2292232341000,-0.8,7.25,0.53
742316,34,Downstairs,2292282329000,-0.61,7.12,-1.08
742317,34,Downstairs,2292332347000,1.31,9.7,-8.05
742318,34,Downstairs,2292382365000,0.34,13.76,-8.24
742319,34,Downstairs,2292432384000,-1.65,5.86,-6.02
742320,34,Downstairs,2292482341000,-0.72,11.03,5.48
742321,34,Downstairs,2292532329000,7.97,19.04,-6.21
742322,34,Downstairs,2292582347000,2.22,14.82,2.72
742323,34,Downstairs,2292632304000,-1.33,11.5,-0.08
742324,34,Downstairs,2292682323000,3.02,8.43,-0.8
742325,34,Downstairs,2292732341000,-0.38,6.97,-1.95
742326,34,Downstairs,2292782359000,0.57,7.06,-2.49
742327,34,Downstairs,2292832347000,0.5,9.43,-4.9
742328,34,Downstairs,2292882335000,3.17,11.5,-4.56
742329,34,Downstairs,2292932353000,9.43,17.2,-5.67
742330,34,Downstairs,2292990337000,-0.95,15.79,5.13
742331,34,Downstairs,2293052318000,4.75,12.91,2.18
742332,34,Downstairs,2293102275000,5.22,9.38,0.5
742333,34,Downstairs,2293152324000,1.12,8.92,2.37
742334,34,Downstairs,2293202342000,-1.27,6.28,1.95
742335,34,Downstairs,2293252330000,-0.72,10.0,0.31
742336,34,Downstairs,2293302348000,-2.45,9.15,-1.92
742337,34,Downstairs,2293352336000,0.27,9.92,-3.87
742338,34,Downstairs,2293402324000,-0.57,9.47,-2.56
742339,34,Downstairs,2293452342000,-1.92,6.47,-2.45
742340,34,Downstairs,2293502330000,0.99,8.92,-4.06
742341,34,Downstairs,2293552348000,2.03,12.72,-6.17
742342,34,Downstairs,2293602367000,1.38,9.81,-5.94
742343,34,Downstairs,2293652385000,-4.18,16.82,-5.33
