,user,label,timestamp,x,y,z
363422,16,Walking,5655032329000,11.22,3.45,0.92618364
363423,16,Walking,5655082347000,16.78,0.42,1.4165162
363424,16,Walking,5655132335000,13.48,4.79,1.9477096999999999
363425,16,Walking,5655182323000,15.64,13.33,-2.982856
363426,16,Walking,5655232310000,7.35,13.53,4.0588636
363427,16,Walking,5655282298000,4.86,7.21,-5.407278
363428,16,Walking,5655332347000,7.16,1.31,1.5390993
363429,16,Walking,5655382304000,5.56,4.75,-0.53119355
363430,16,Walking,5655433879000,1.95,6.09,-1.8796080000000002
363431,16,Walking,5655492320000,-1.76,5.75,-0.9125633
363432,16,Walking,5655542277000,9.15,0.84,9.888372
363433,16,Walking,5655592326000,19.46,-1.18,-8.049625
363434,16,Walking,5655642284000,8.77,8.96,4.9850473
363435,16,Walking,5655692332000,6.44,6.21,4.4810944
363436,16,Walking,5655742259000,9.62,7.44,-4.7535014
363437,16,Walking,5655792338000,8.77,7.67,-1.7297841
363438,16,Walking,5655842265000,6.09,5.05,-1.4982381999999999
363439,16,Walking,5655892345000,6.85,4.52,-1.4982381999999999
363440,16,Walking,5655942241000,7.7,4.52,-0.7218784
363441,16,Walking,5655992290000,7.31,3.72,-0.0
363442,16,Walking,5656042277000,8.69,3.6,-0.38136974
363443,16,Walking,5656092326000,9.28,3.76,-0.040861044
363444,16,Walking,5656142284000,9.11,3.64,3.4868089999999996
363445,16,Walking,5656192485000,10.76,3.91,1.1168685
363446,16,Walking,5656242137000,18.66,0.8,1.7297841
363447,16,Walking,5656292216000,12.64,4.48,1.9885708
363448,16,Walking,5656342326000,13.59,10.73,-2.8330324
363449,16,Walking,5656392863000,10.53,15.05,2.3018389
363450,16,Walking,5656442790000,4.71,8.69,-4.2495484
363451,16,Walking,5656492290000,5.22,0.8,0.6946376999999999
363452,16,Walking,5656542338000,5.6,4.25,-0.53119355
363453,16,Walking,5656592235000,1.54,6.32,-1.6889231
363454,16,Walking,5656642345000,-2.53,5.28,-0.14982383
363455,16,Walking,5656692271000,7.4,-0.61,8.921327999999999
363456,16,Walking,5656742320000,19.57,-1.69,-8.158588
363457,16,Walking,5656792277000,8.24,7.55,2.1792557
363458,16,Walking,5656842387000,6.78,7.93,6.5105260000000005
363459,16,Walking,5656892284000,10.12,8.69,-5.012288
363460,16,Walking,5656942302000,7.35,7.93,-2.982856
363461,16,Walking,5656992259000,6.4,5.28,-1.2666923
363462,16,Walking,5657042338000,6.89,4.48,-1.0351465
363463,16,Walking,5657092265000,7.25,4.02,-0.50395286
363464,16,Walking,5657142345000,7.55,3.26,-0.19068487
363465,16,Walking,5657192271000,9.08,3.34,-0.6946376999999999
363466,16,Walking,5657242320000,9.92,3.76,-0.040861044
363467,16,Walking,5657292277000,10.42,3.11,5.407278
363468,16,Walking,5657342387000,11.03,3.76,0.7627395
363469,16,Walking,5657392375000,16.63,0.42,4.8216033
363470,16,Walking,5657442393000,12.22,5.41,0.040861044
363471,16,Walking,5657492412000,16.17,13.25,-2.6832085
363472,16,Walking,5657542338000,8.28,13.91,1.7570249
363473,16,Walking,5657592265000,6.28,7.27,-4.5628166
363474,16,Walking,5657642345000,6.17,1.73,0.46309182
363475,16,Walking,5657692271000,2.91,5.33,-0.040861044
363476,16,Walking,5657742320000,0.46,5.75,-1.4982381999999999
363477,16,Walking,5657792277000,-1.73,5.13,-0.23154591
363478,16,Walking,5657842326000,10.57,-0.19,9.275456
363479,16,Walking,5657892284000,18.96,-0.57,-3.5276701
363480,16,Walking,5657942332000,0.5,6.89,3.336985
363481,16,Walking,5657992259000,14.56,11.03,1.1849703
363482,16,Walking,5658042338000,7.55,6.78,-3.9771416
363483,16,Walking,5658092265000,6.59,7.55,-2.3699405
363484,16,Walking,5658142345000,7.06,6.28,-1.6889231
363485,16,Walking,5658192271000,6.21,4.48,-1.1849703
363486,16,Walking,5658242320000,7.93,5.09,-0.3405087
363487,16,Walking,5658292277000,8.24,4.1,-0.27240697
363488,16,Walking,5658342357000,8.77,2.91,-0.53119355
363489,16,Walking,5658392833000,9.43,3.02,-0.10896278
363490,16,Walking,5658442393000,9.58,3.49,4.5219555
363491,16,Walking,5658492290000,10.04,3.68,1.2666923
363492,16,Walking,5658542338000,16.04,3.3,0.6946376999999999
363493,16,Walking,5658592265000,13.06,4.25,2.9556155
363494,16,Walking,5658642345000,13.1,10.5,-1.7570249
363495,16,Walking,5658692271000,9.47,15.85,1.9885708
363496,16,Walking,5658742320000,6.02,7.82,-5.1348709999999995
363497,16,Walking,5658792277000,6.78,1.5,0.08172209
363498,16,Walking,5658842357000,5.22,4.94,-0.88532263
363499,16,Walking,5658892284000,2.22,6.09,-1.6889231
363500,16,Walking,5658942515000,-1.42,5.63,-0.9125633
363501,16,Walking,5658992259000,3.49,2.6,6.5922484
363502,16,Walking,5659042338000,19.57,0.57,-9.343558
363503,16,Walking,5659092265000,9.72,5.94,4.7126402999999994
363504,16,Walking,5659142345000,7.93,8.5,3.7592160000000003
363505,16,Walking,5659192271000,7.89,8.08,-6.238119
363506,16,Walking,5659242320000,7.44,8.66,-3.5276701
363507,16,Walking,5659292277000,6.55,5.33,-1.1849703
363508,16,Walking,5659342357000,6.44,4.25,-1.0351465
363509,16,Walking,5659392863000,8.66,5.24,-0.6946376999999999
363510,16,Walking,5659442393000,8.08,4.06,0.38136974
363511,16,Walking,5659492656000,7.82,3.26,0.5720546
363512,16,Walking,5659542338000,8.92,4.18,1.1168685
363513,16,Walking,5659592265000,9.38,2.98,2.8330324
363514,16,Walking,5659642345000,10.04,3.34,-0.7218784
363515,16,Walking,5659692271000,14.94,2.87,0.61291564
363516,16,Walking,5659742320000,12.79,4.48,4.8216033
363517,16,Walking,5659792277000,12.3,8.58,-1.7570249
363518,16,Walking,5659842326000,11.41,13.95,-1.1168685
363519,16,Walking,5659892314000,6.59,8.2,-0.040861044
363520,16,Walking,5659950420000,6.74,2.53,-0.8036005
363521,16,Walking,5660002452000,5.05,5.01,-0.7627395
363522,16,Walking,5660052287000,2.79,5.86,-1.9477096999999999
363523,16,Walking,5660102336000,-1.08,6.32,-0.61291564
363524,16,Walking,5660152263000,2.53,3.53,5.366417
363525,16,Walking,5660202342000,19.57,0.19,-11.182305
363526,16,Walking,5660252330000,8.16,3.95,7.6273947
363527,16,Walking,5660302348000,7.82,8.54,3.214402
363528,16,Walking,5660352336000,9.53,7.01,-5.175732
363529,16,Walking,5660402354000,8.58,7.59,-2.6423476000000004
363530,16,Walking,5660452403000,6.21,5.13,-0.6537767
363531,16,Walking,5660502299000,6.47,5.18,-0.8036005
363532,16,Walking,5660552287000,7.25,5.24,-0.7627395
363533,16,Walking,5660602336000,7.12,4.4,-0.53119355
363534,16,Walking,5660652293000,8.28,3.57,-0.38136974
363535,16,Walking,5660702342000,10.19,4.18,-0.0
363536,16,Walking,5660752269000,9.34,3.53,5.8976107
363537,16,Walking,5660802348000,9.81,3.34,-0.29964766
363538,16,Walking,5660852275000,15.28,2.03,1.2666923
363539,16,Walking,5660902324000,13.44,3.06,3.990762
363540,16,Walking,5660952312000,13.76,11.11,-1.9204689999999998
363541,16,Walking,5661002330000,10.0,15.05,1.9477096999999999
363542,16,Walking,5661052318000,6.78,1.65,0.50395286
363543,16,Walking,5661102367000,6.78,1.65,0.50395286
363544,16,Walking,5661152263000,4.9,5.18,-0.42223078
363545,16,Walking,5661202434000,1.95,5.56,-1.6480621
363546,16,Walking,5661252360000,-1.46,5.79,-0.9125633
363547,16,Walking,5661302379000,2.87,3.34,4.671779
363548,16,Walking,5661352336000,19.57,-2.68,-8.539958
363549,16,Walking,5661402385000,11.45,5.6,3.990762
363550,16,Walking,5661402385000,11.45,5.6,3.990762
363551,16,Walking,5661482432000,8.39,9.51,-5.0531489999999994
363552,16,Walking,5661532420000,6.28,7.89,-5.175732
363553,16,Walking,5661582500000,5.86,5.86,-1.7570249
363554,16,Walking,5661632304000,7.46,5.63,-1.0760075
363555,16,Walking,5661682323000,8.43,4.86,-0.95342433
363556,16,Walking,5661732280000,8.43,4.06,0.27240697
363557,16,Walking,5661782329000,9.47,3.41,0.38136974
363558,16,Walking,5661832317000,8.2,4.18,3.0237172
363559,16,Walking,5661882304000,8.24,4.14,2.3426998
363560,16,Walking,5661932292000,9.53,2.45,-0.0
363561,16,Walking,5661982341000,14.41,2.72,0.8036005
363562,16,Walking,5662032298000,13.8,4.48,4.5628166
363563,16,Walking,5662082317000,12.11,8.43,0.040861044
363564,16,Walking,5662132335000,12.45,14.29,-2.070293
363565,16,Walking,5662182323000,5.98,9.96,2.9556155
363566,16,Walking,5662232310000,6.05,4.6,-3.173541
363567,16,Walking,5662282298000,5.41,3.21,-0.53119355
363568,16,Walking,5662332317000,3.53,5.24,-1.0351465
363569,16,Walking,5662382304000,0.23,6.36,-1.6480621
363570,16,Walking,5662432323000,-0.38,4.18,0.53119355
363571,16,Walking,5662482432000,17.97,-0.69,0.38136974
363572,16,Walking,5662532146000,13.29,-3.41,6.701211
363573,16,Walking,5662582255000,9.96,13.1,2.6423476000000004
363574,16,Walking,5662632396000,7.63,8.16,-3.4050870000000004
363575,16,Walking,5662682292000,8.2,8.01,-3.5957718
363576,16,Walking,5662732341000,7.4,6.74,-1.8796080000000002
363577,16,Walking,5662782298000,6.63,5.37,-1.4165162
363578,16,Walking,5662832347000,7.93,5.05,-0.84446156
363579,16,Walking,5662882304000,7.01,4.21,-0.23154591
363580,16,Walking,5662932323000,8.47,3.49,0.10896278
363581,16,Walking,5662982310000,9.28,3.6,-0.23154591
363582,16,Walking,5663032329000,8.96,3.87,4.7943625
363583,16,Walking,5663082317000,10.0,3.15,-0.42223078
363584,16,Walking,5663132335000,14.41,1.73,-0.61291564
363585,16,Walking,5663182292000,14.6,4.82,6.2789803
363586,16,Walking,5663232341000,12.37,8.35,-1.3756552
363587,16,Walking,5663282329000,12.45,14.98,-2.8330324
363588,16,Walking,5663332347000,6.36,8.28,2.2201166000000003
363589,16,Walking,5663382304000,6.47,2.98,-2.2201166000000003
363590,16,Walking,5663432323000,5.67,4.14,-0.9125633
363591,16,Walking,5663482310000,3.45,5.43,-1.3075534
363592,16,Walking,5663532329000,0.08,6.55,-1.2258313
363593,16,Walking,5663582317000,0.15,3.95,1.2258313
363594,16,Walking,5663632335000,19.19,-0.5,-4.1814466
363595,16,Walking,5663682292000,12.57,-1.57,7.4639505999999995
363596,16,Walking,5663732341000,9.08,9.89,0.5720546
363597,16,Walking,5663782298000,7.63,6.93,-3.5276701
363598,16,Walking,5663832347000,9.11,8.5,-3.6366330000000002
363599,16,Walking,5663882304000,6.82,6.13,-1.2666923
363600,16,Walking,5663932323000,6.7,5.24,-1.1168685
363601,16,Walking,5663982280000,7.59,4.82,-1.1168685
363602,16,Walking,5664032329000,7.31,4.14,-0.0
363603,16,Walking,5664082317000,8.69,3.68,-0.38136974
363604,16,Walking,5664132335000,9.3,3.72,-0.08172209
363605,16,Walking,5664182292000,8.5,3.83,4.671779
363606,16,Walking,5664232341000,9.85,3.53,-0.38136974
363607,16,Walking,5664282298000,12.72,3.38,-1.0351465
363608,16,Walking,5664332347000,15.75,1.84,5.325556
363609,16,Walking,5664382304000,11.75,6.17,-0.8036005
363610,16,Walking,5664432323000,14.41,13.1,-3.0645783
363611,16,Walking,5664482310000,7.63,10.69,5.325556
363612,16,Walking,5664532329000,6.59,4.79,-4.5628166
363613,16,Walking,5664582317000,6.17,3.11,-0.14982383
363614,16,Walking,5664632304000,4.29,5.98,-0.88532263
363615,16,Walking,5664682292000,0.84,6.13,-1.9477096999999999
363616,16,Walking,5664732310000,-1.76,4.63,-0.040861044
363617,16,Walking,5664782298000,12.41,-1.95,6.782933
363618,16,Walking,5664832378000,18.5,-3.06,-1.4165162
363619,16,Walking,5664882304000,12.03,11.11,0.19068487
363620,16,Walking,5664932323000,5.37,7.89,-1.1849703
363621,16,Walking,5664982310000,9.77,10.23,-4.630918
