,user,label,timestamp,x,y,z
364421,16,Walking,5705012309000,8.54,4.56,0.42223078
364424,16,Walking,5705112315000,8.69,3.6,3.2552630000000002
364423,16,Walking,5705112315000,8.69,3.6,3.2552630000000002
364425,16,Walking,5705212260000,18.58,1.42,1.56634
364426,16,Walking,5705212260000,18.58,1.42,1.56634
364427,16,Walking,5705312297000,13.02,11.99,-2.2609777
364428,16,Walking,5705312297000,13.02,11.99,-2.2609777
364430,16,Walking,5705412364000,5.52,7.63,-4.5900574
364429,16,Walking,5705412364000,5.52,7.63,-4.5900574
364432,16,Walking,5705512340000,5.71,4.56,-0.53119355
364431,16,Walking,5705512340000,5.71,4.56,-0.53119355
364434,16,Walking,5705612285000,-0.95,4.99,-0.7218784
364433,16,Walking,5705612285000,-0.95,4.99,-0.7218784
364436,16,Walking,5705712291000,19.57,-3.87,-9.384419
364435,16,Walking,5705712291000,19.57,-3.87,-9.384419
364438,16,Walking,5705812266000,9.89,11.18,2.7240696
364437,16,Walking,5705812266000,9.89,11.18,2.7240696
364439,16,Walking,5705912303000,6.17,5.83,-1.6480621
364440,16,Walking,5705912303000,6.17,5.83,-1.6480621
364441,16,Walking,5706012340000,7.5,3.91,-2.1383946
364442,16,Walking,5706012340000,7.5,3.91,-2.1383946
364444,16,Walking,5706112315000,7.4,3.6,1.334794
364443,16,Walking,5706112315000,7.4,3.6,1.334794
364445,16,Walking,5706212321000,8.31,4.44,-0.7218784
364446,16,Walking,5706212321000,8.31,4.44,-0.7218784
364447,16,Walking,5706312297000,10.31,6.4,5.175732
364448,16,Walking,5706312297000,10.31,6.4,5.175732
364450,16,Walking,5706412334000,18.01,-0.19,5.5162406
364449,16,Walking,5706412334000,18.01,-0.19,5.5162406
364451,16,Walking,5706512309000,11.14,13.14,-4.5900574
364452,16,Walking,5706512309000,11.14,13.14,-4.5900574
364454,16,Walking,5706612315000,5.56,1.46,-4.018002500000001
364453,16,Walking,5706612315000,5.56,1.46,-4.018002500000001
364455,16,Walking,5706712199000,3.15,5.98,-0.9125633
364456,16,Walking,5706762248000,-1.73,6.59,-0.46309182
364457,16,Walking,5706812266000,3.21,1.73,5.366417
364459,16,Walking,5706862315000,19.57,0.0,-8.962189
364458,16,Walking,5706862315000,19.57,0.0,-8.962189
364460,16,Walking,5706962321000,9.72,8.2,2.982856
364461,16,Walking,5706962321000,9.72,8.2,2.982856
364463,16,Walking,5707062266000,6.74,9.15,-2.5333846
364462,16,Walking,5707062266000,6.74,9.15,-2.5333846
364465,16,Walking,5707162273000,6.63,3.83,-2.2609777
364464,16,Walking,5707162273000,6.63,3.83,-2.2609777
364467,16,Walking,5707262309000,8.58,3.76,1.7297841
364466,16,Walking,5707262309000,8.58,3.76,1.7297841
364469,16,Walking,5707362346000,9.08,4.4,-2.0294318
364468,16,Walking,5707362346000,9.08,4.4,-2.0294318
364470,16,Walking,5707462443000,10.76,3.02,-0.5720546
364471,16,Walking,5707462443000,10.76,3.02,-0.5720546
364473,16,Walking,5707562328000,13.63,4.63,1.7297841
364472,16,Walking,5707562328000,13.63,4.63,1.7297841
364475,16,Walking,5707662303000,8.28,15.75,4.2495484
364474,16,Walking,5707662303000,8.28,15.75,4.2495484
364477,16,Walking,5707762279000,6.7,1.61,1.1849703
364476,16,Walking,5707762279000,6.7,1.61,1.1849703
364478,16,Walking,5707862285000,1.5,6.28,-1.6480621
364479,16,Walking,5707862285000,1.5,6.28,-1.6480621
364480,16,Walking,5707962291000,5.13,0.46,7.3141264999999995
364481,16,Walking,5707962291000,5.13,0.46,7.3141264999999995
364482,16,Walking,5708062297000,6.36,6.44,0.9942854
364483,16,Walking,5708062297000,6.36,6.44,0.9942854
364485,16,Walking,5708162273000,9.04,7.89,-4.4810944
364484,16,Walking,5708162273000,9.04,7.89,-4.4810944
364487,16,Walking,5708262279000,6.85,4.99,-1.2666923
364486,16,Walking,5708262279000,6.85,4.99,-1.2666923
364489,16,Walking,5708362346000,7.93,4.9,-0.29964766
364488,16,Walking,5708362346000,7.93,4.9,-0.29964766
364491,16,Walking,5708462443000,8.43,4.14,0.5720546
364490,16,Walking,5708462443000,8.43,4.14,0.5720546
364493,16,Walking,5708562328000,9.51,2.91,1.9885708
364492,16,Walking,5708562328000,9.51,2.91,1.9885708
364494,16,Walking,5708662303000,15.6,1.08,-0.0
364495,16,Walking,5708662303000,15.6,1.08,-0.0
364496,16,Walking,5708762279000,13.1,8.81,-2.1383946
364497,16,Walking,5708762279000,13.1,8.81,-2.1383946
364498,16,Walking,5708862315000,5.83,9.43,-2.1383946
364499,16,Walking,5708862315000,5.83,9.43,-2.1383946
364500,16,Walking,5708962352000,6.89,3.34,-1.4982381999999999
364501,16,Walking,5708962352000,6.89,3.34,-1.4982381999999999
364502,16,Walking,5709062328000,-1.84,5.67,-1.0760075
364503,16,Walking,5709062328000,-1.84,5.67,-1.0760075
364505,16,Walking,5709162273000,19.57,0.23,-9.615966
364504,16,Walking,5709162273000,19.57,0.23,-9.615966
364507,16,Walking,5709262279000,9.3,7.44,3.3778462
364506,16,Walking,5709262279000,9.3,7.44,3.3778462
364509,16,Walking,5709362346000,7.78,7.63,-2.7240696
364508,16,Walking,5709362346000,7.78,7.63,-2.7240696
364510,16,Walking,5709462505000,6.7,4.79,-1.607201
364511,16,Walking,5709462505000,6.7,4.79,-1.607201
364512,16,Walking,5709562328000,8.43,4.1,-0.19068487
364513,16,Walking,5709562328000,8.43,4.1,-0.19068487
364514,16,Walking,5709662273000,8.47,4.63,2.7921712000000003
364515,16,Walking,5709662273000,8.47,4.63,2.7921712000000003
364516,16,Walking,5709762279000,9.7,3.45,-1.1168685
364517,16,Walking,5709762279000,9.7,3.45,-1.1168685
364518,16,Walking,5709862315000,14.6,3.11,9.302697
364519,16,Walking,5709862315000,14.6,3.11,9.302697
364520,16,Walking,5709962321000,11.65,14.86,-2.0294318
364521,16,Walking,5709962321000,11.65,14.86,-2.0294318
364522,16,Walking,5710062297000,5.48,2.68,-1.8796080000000002
364523,16,Walking,5710062297000,5.48,2.68,-1.8796080000000002
364524,16,Walking,5710162303000,3.02,6.02,-1.1168685
364525,16,Walking,5710162303000,3.02,6.02,-1.1168685
364526,16,Walking,5710262279000,-0.5,4.52,-1.0760075
364527,16,Walking,5710262279000,-0.5,4.52,-1.0760075
364529,16,Walking,5710362315000,15.7,-2.68,5.5571017
364528,16,Walking,5710362315000,15.7,-2.68,5.5571017
364530,16,Walking,5710462413000,8.08,8.2,-2.6832085
364531,16,Walking,5710462413000,8.08,8.2,-2.6832085
364534,16,Walking,5710562297000,6.74,5.43,-1.4165162
364533,16,Walking,5710562297000,6.74,5.43,-1.4165162
364532,16,Walking,5710562297000,6.74,5.43,-1.4165162
364535,16,Walking,5710712169000,8.69,3.6,-0.6537767
364536,16,Walking,5710762218000,8.96,3.38,-0.19068487
364537,16,Walking,5710812297000,7.74,3.68,0.84446156
364538,16,Walking,5710812297000,7.74,3.68,0.84446156
364539,16,Walking,5710912273000,8.73,4.48,1.1849703
364540,16,Walking,5710912273000,8.73,4.48,1.1849703
364542,16,Walking,5711012279000,17.58,-0.27,6.891896000000001
364541,16,Walking,5711012279000,17.58,-0.27,6.891896000000001
364544,16,Walking,5711112285000,12.91,14.56,-3.5276701
364543,16,Walking,5711112285000,12.91,14.56,-3.5276701
364545,16,Walking,5711212260000,5.01,4.63,-5.09401
364546,16,Walking,5711212260000,5.01,4.63,-5.09401
364547,16,Walking,5711312236000,4.9,4.63,-0.42223078
364548,16,Walking,5711312236000,4.9,4.63,-0.42223078
364550,16,Walking,5711412334000,1.23,2.96,0.38136974
364549,16,Walking,5711412334000,1.23,2.96,0.38136974
364552,16,Walking,5711512279000,13.95,-2.14,2.8330324
364551,16,Walking,5711512279000,13.95,-2.14,2.8330324
364554,16,Walking,5711612285000,6.89,8.35,-2.982856
364553,16,Walking,5711612285000,6.89,8.35,-2.982856
364555,16,Walking,5711712260000,6.44,6.24,-0.95342433
364556,16,Walking,5711712260000,6.44,6.24,-0.95342433
364557,16,Walking,5711812297000,9.38,4.06,-1.2666923
364558,16,Walking,5711812297000,9.38,4.06,-1.2666923
364560,16,Walking,5711912273000,6.89,3.21,-1.2258313
364559,16,Walking,5711912273000,6.89,3.21,-1.2258313
364562,16,Walking,5712012370000,9.85,6.02,1.1441092
364561,16,Walking,5712012370000,9.85,6.02,1.1441092
364563,16,Walking,5712112285000,12.49,3.53,-2.1111538
364564,16,Walking,5712112285000,12.49,3.53,-2.1111538
364566,16,Walking,5712212260000,11.5,7.25,0.61291564
364565,16,Walking,5712212260000,11.5,7.25,0.61291564
364567,16,Walking,5712312297000,4.86,13.63,5.434519
364568,16,Walking,5712312297000,4.86,13.63,5.434519
364570,16,Walking,5712412334000,7.55,-0.19,0.50395286
364569,16,Walking,5712412334000,7.55,-0.19,0.50395286
364572,16,Walking,5712512309000,0.34,6.44,-3.2552630000000002
364571,16,Walking,5712512309000,0.34,6.44,-3.2552630000000002
364574,16,Walking,5712612285000,14.48,-0.11,10.269741999999999
364573,16,Walking,5712612285000,14.48,-0.11,10.269741999999999
364576,16,Walking,5712712291000,6.97,10.23,0.14982383
364575,16,Walking,5712712291000,6.97,10.23,0.14982383
364578,16,Walking,5712812266000,8.2,9.51,-4.671779
364577,16,Walking,5712812266000,8.2,9.51,-4.671779
364580,16,Walking,5712912273000,6.93,5.22,-1.0760075
364579,16,Walking,5712912273000,6.93,5.22,-1.0760075
364581,16,Walking,5713012218000,8.28,4.14,2.3699405
364583,16,Walking,5713062236000,8.73,3.57,-1.6480621
364582,16,Walking,5713062236000,8.73,3.57,-1.6480621
364585,16,Walking,5713162303000,7.35,5.37,1.4573771999999998
364584,16,Walking,5713162303000,7.35,5.37,1.4573771999999998
364587,16,Walking,5713262279000,11.07,3.17,0.88532263
364586,16,Walking,5713262279000,11.07,3.17,0.88532263
364589,16,Walking,5713362315000,12.37,6.51,3.1054392
364588,16,Walking,5713362315000,12.37,6.51,3.1054392
364590,16,Walking,5713412364000,11.41,11.41,-3.6774937999999993
364591,16,Walking,5713482494000,6.36,10.34,2.0294318
364592,16,Walking,5713532298000,5.83,5.71,-5.175732
364593,16,Walking,5713582317000,7.86,2.26,-0.0
364594,16,Walking,5713632304000,5.52,5.56,-0.3405087
364595,16,Walking,5713682323000,0.42,5.75,-0.9125633
364596,16,Walking,5713732310000,1.76,2.64,1.607201
364597,16,Walking,5713782329000,18.01,-2.83,3.173541
364598,16,Walking,5713832317000,13.87,-0.42,-1.7978859
364599,16,Walking,5713882335000,8.54,12.98,4.7535014
364600,16,Walking,5713932292000,3.68,8.28,-6.5105260000000005
364601,16,Walking,5713982341000,8.5,8.39,-2.7240696
364602,16,Walking,5714032298000,8.89,7.55,-1.4573771999999998
364603,16,Walking,5714082347000,7.67,4.71,-1.2666923
364604,16,Walking,5714132304000,8.73,2.91,-0.42223078
364605,16,Walking,5714182323000,9.43,2.53,1.4573771999999998
364606,16,Walking,5714232310000,8.47,3.68,-0.6537767
364607,16,Walking,5714282329000,6.82,4.21,-0.6946376999999999
364608,16,Walking,5714332317000,8.5,5.18,-0.14982383
364609,16,Walking,5714382335000,10.15,5.48,2.5333846
364610,16,Walking,5714432323000,13.44,3.99,-0.8036005
364611,16,Walking,5714482341000,14.79,1.99,5.9793324
364612,16,Walking,5714532298000,10.95,7.25,-1.2666923
364613,16,Walking,5714582317000,10.0,12.95,-2.4925237
364614,16,Walking,5714632304000,6.4,10.0,-0.46309182
364615,16,Walking,5714682292000,5.05,2.3,-2.9556155
364616,16,Walking,5714732310000,8.05,1.84,-0.42223078
364617,16,Walking,5714782298000,4.86,5.52,-0.7627395
364618,16,Walking,5714832317000,-0.04,5.09,-0.88532263
364619,16,Walking,5714882335000,7.35,0.76,4.7126402999999994
364620,16,Walking,5714932292000,19.57,-1.92,-3.0237172
364621,16,Walking,5714982341000,11.37,3.45,-8.158588
