,user,label,timestamp,x,y,z
367222,16,Walking,5845032298000,6.17,4.18,-0.88532263
367223,16,Walking,5845082317000,7.67,4.4,-0.27240697
367224,16,Walking,5845132304000,8.2,3.95,-0.38136974
367225,16,Walking,5845182323000,8.85,3.6,-0.46309182
367226,16,Walking,5845232310000,10.53,3.3,0.53119355
367227,16,Walking,5845282329000,10.92,2.76,5.2165932999999995
367228,16,Walking,5845332347000,13.38,2.45,-1.4982381999999999
367229,16,Walking,5845382335000,14.29,0.15,4.9850473
367230,16,Walking,5845432414000,11.14,4.37,0.10896278
367231,16,Walking,5845482371000,14.6,11.03,-2.0294318
367232,16,Walking,5845532329000,7.06,12.76,3.2961242
367233,16,Walking,5845582347000,6.02,6.24,-4.5219555
367234,16,Walking,5845632335000,6.05,2.49,0.23154591
367236,16,Walking,5845682384000,4.94,5.01,-0.27240697
367235,16,Walking,5845682384000,4.94,5.01,-0.27240697
367237,16,Walking,5845782176000,-0.53,4.86,-0.19068487
367238,16,Walking,5845832286000,15.64,-0.42,7.4639505999999995
367239,16,Walking,5845882457000,18.2,-3.45,2.9147543999999996
367240,16,Walking,5845932323000,7.27,9.85,-5.407278
367241,16,Walking,5845982341000,5.71,9.89,5.366417
367242,16,Walking,5846032298000,8.2,8.43,-3.7864565999999997
367243,16,Walking,5846082347000,7.7,6.7,-1.8387468999999996
367244,16,Walking,5846132304000,8.31,5.43,-1.6889231
367245,16,Walking,5846182353000,8.01,4.33,-1.2666923
367246,16,Walking,5846232310000,7.86,3.57,-0.29964766
367247,16,Walking,5846282298000,7.74,3.3,0.19068487
367248,16,Walking,5846332317000,8.54,3.83,0.5720546
367249,16,Walking,5846382335000,9.38,4.25,2.6014863999999998
367250,16,Walking,5846434367000,9.89,4.4,1.607201
367251,16,Walking,5846492290000,15.28,1.57,-0.9942854
367252,16,Walking,5846542277000,13.18,1.14,6.0882955
367253,16,Walking,5846592326000,11.14,7.7,-0.8036005
367254,16,Walking,5846642284000,12.11,12.45,-2.7921712000000003
367255,16,Walking,5846692332000,7.08,9.85,3.6366330000000002
367256,16,Walking,5846742259000,4.86,5.6,-3.8273177000000005
367257,16,Walking,5846792308000,5.28,1.92,0.7218784
367258,16,Walking,5846842265000,4.71,4.4,-0.14982383
367259,16,Walking,5846892345000,0.72,5.86,-0.50395286
367260,16,Walking,5846942271000,2.76,3.49,1.9204689999999998
367261,16,Walking,5846992320000,19.5,-1.18,-2.1111538
367262,16,Walking,5847042277000,13.4,-1.46,3.3778462
367263,16,Walking,5847092326000,7.93,11.18,3.3778462
367264,16,Walking,5847142284000,8.12,8.28,-3.4868089999999996
367265,16,Walking,5847192332000,8.5,8.01,-2.8738932999999998
367266,16,Walking,5847242259000,7.06,6.28,-1.7297841
367267,16,Walking,5847292338000,7.16,5.01,-1.7978859
367268,16,Walking,5847342296000,8.08,4.67,-1.1168685
367269,16,Walking,5847392436000,7.67,3.83,0.040861044
367270,16,Walking,5847442912000,8.77,3.57,-0.040861044
367271,16,Walking,5847492320000,9.53,3.34,0.313268
367272,16,Walking,5847542308000,8.66,3.64,5.7477865
367273,16,Walking,5847592357000,10.0,4.25,0.27240697
367274,16,Walking,5847642284000,14.02,1.92,3.6774937999999993
367275,16,Walking,5847692332000,14.48,-0.34,1.3756552
367276,16,Walking,5847742259000,13.21,7.74,-2.1111538
367277,16,Walking,5847792338000,13.33,14.44,-1.7570249
367278,16,Walking,5847842265000,4.86,9.81,2.8330324
367279,16,Walking,5847892345000,4.9,4.86,-3.7592160000000003
367280,16,Walking,5847942271000,6.32,2.07,0.53119355
367281,16,Walking,5847992320000,4.1,5.09,-0.50395286
367282,16,Walking,5848042247000,0.38,6.28,-1.3756552
367283,16,Walking,5848092326000,1.88,4.1,1.1441092
367284,16,Walking,5848142284000,19.34,-2.56,-1.3756552
367285,16,Walking,5848192332000,10.61,-2.87,1.7570249
367286,16,Walking,5848242259000,10.92,13.87,2.1111538
367287,16,Walking,5848292338000,5.67,8.73,-5.8158884
367288,16,Walking,5848342296000,7.89,8.31,-2.9556155
367289,16,Walking,5848392436000,7.55,6.82,-1.8387468999999996
367290,16,Walking,5848442393000,6.78,4.99,-1.1849703
367291,16,Walking,5848492351000,7.82,4.67,-0.8036005
367292,16,Walking,5848542277000,8.08,4.29,-0.14982383
367293,16,Walking,5848592326000,8.28,3.45,-0.0
367294,16,Walking,5848642284000,9.08,3.6,0.50395286
367295,16,Walking,5848692332000,8.96,3.72,5.47538
367296,16,Walking,5848742259000,10.15,3.34,-0.5720546
367297,16,Walking,5848792338000,13.33,1.73,1.1168685
367298,16,Walking,5848842265000,15.24,0.61,3.7592160000000003
367299,16,Walking,5848892345000,12.15,6.89,-0.040861044
367300,16,Walking,5848942271000,14.6,14.18,-2.6014863999999998
367301,16,Walking,5848992320000,5.71,10.27,3.8273177000000005
367302,16,Walking,5849042277000,5.01,4.99,-4.7126402999999994
367303,16,Walking,5849092326000,6.47,2.18,-0.040861044
367304,16,Walking,5849142284000,5.01,5.67,-0.46309182
367305,16,Walking,5849192332000,0.57,6.47,-1.3075534
367306,16,Walking,5849242229000,0.19,4.56,-0.61291564
367307,16,Walking,5849292338000,17.2,-0.11,4.671779
367308,16,Walking,5849342296000,16.47,-3.83,2.2609777
367309,16,Walking,5849392375000,6.74,10.46,0.42223078
367310,16,Walking,5849444255000,9.47,7.97,-0.14982383
367311,16,Walking,5849502299000,7.74,5.94,-1.525479
367312,16,Walking,5849552287000,7.86,6.44,-1.8796080000000002
367313,16,Walking,5849602336000,7.55,4.86,-2.1383946
367314,16,Walking,5849652324000,7.5,3.91,-1.0760075
367315,16,Walking,5849702342000,8.35,3.91,0.14982383
367316,16,Walking,5849752238000,8.35,3.45,0.3405087
367317,16,Walking,5849802348000,9.34,3.53,0.50395286
367318,16,Walking,5849852306000,9.28,3.72,4.4810944
367319,16,Walking,5849902324000,10.65,3.87,0.95342433
367320,16,Walking,5849952312000,15.43,0.76,3.5957718
367321,16,Walking,5850002330000,13.48,0.42,1.2666923
367322,16,Walking,5850052318000,13.8,8.54,-2.3699405
367323,16,Walking,5850102336000,12.41,14.06,-1.3075534
367324,16,Walking,5850152568000,4.52,8.73,0.92618364
367325,16,Walking,5850202342000,5.13,3.68,-1.8796080000000002
367326,16,Walking,5850252299000,5.56,3.15,-0.08172209
367327,16,Walking,5850302348000,2.56,5.83,-0.61291564
367328,16,Walking,5850352306000,-0.15,6.13,-0.6946376999999999
367329,16,Walking,5850402324000,9.19,2.87,8.580819
367330,16,Walking,5850452342000,19.57,-2.34,-7.014479
367331,16,Walking,5850502330000,7.35,4.29,1.334794
367332,16,Walking,5850552318000,7.78,9.62,3.3778462
367333,16,Walking,5850602336000,8.08,6.28,-2.4925237
367334,16,Walking,5850652293000,9.23,6.74,-2.1111538
367335,16,Walking,5850702342000,8.16,5.09,-1.607201
367336,16,Walking,5850752269000,6.78,4.18,-1.1441092
367337,16,Walking,5850752269000,6.78,4.18,-1.1441092
367338,16,Walking,5850823405000,7.93,4.67,0.040861044
367339,16,Walking,5850872356000,7.35,4.18,0.23154591
367340,16,Walking,5850923076000,8.81,4.18,-0.08172209
367341,16,Walking,5850972514000,9.7,3.15,0.14982383
367342,16,Walking,5851022899000,10.27,3.26,6.238119
367343,16,Walking,5851073283000,12.79,2.18,-2.5606253
367344,16,Walking,5851122691000,16.47,-1.08,6.633109599999999
367345,16,Walking,5851173137000,12.07,7.35,0.19068487
367346,16,Walking,5851222636000,14.14,14.1,-2.982856
367347,16,Walking,5851273051000,6.78,10.53,5.597963
367348,16,Walking,5851322490000,4.86,5.9,-5.202973
367349,16,Walking,5851372905000,5.13,1.73,0.88532263
367350,16,Walking,5851423595000,4.52,3.91,-0.3405087
367351,16,Walking,5851473216000,0.84,5.9,-0.9125633
367352,16,Walking,5851522655000,1.65,4.33,-0.8036005
367353,16,Walking,5851573070000,18.5,-0.53,5.1348709999999995
367354,16,Walking,5851622508000,15.05,-4.29,1.8387468999999996
367355,16,Walking,5851672954000,8.89,13.59,1.5390993
367356,16,Walking,5851723430000,6.59,7.55,0.5720546
367358,16,Walking,5851772838000,7.86,7.06,-1.7978859
367357,16,Walking,5851772838000,7.86,7.06,-1.7978859
367359,16,Walking,5851772838000,7.86,7.06,-1.7978859
367360,16,Walking,5851922160000,8.08,4.71,-1.2258313
367361,16,Walking,5851972270000,8.28,4.02,-0.3405087
367362,16,Walking,5852022411000,7.59,3.17,-0.14982383
367363,16,Walking,5852073100000,9.53,3.79,-0.0
367364,16,Walking,5852122386000,9.38,3.34,0.50395286
367365,16,Walking,5852172862000,10.5,3.95,4.630918
367366,16,Walking,5852223247000,13.57,1.84,1.6480621
367367,16,Walking,5852272685000,14.48,-0.42,3.5276701
367368,16,Walking,5852323131000,12.91,7.35,-0.6946376999999999
367369,16,Walking,5852372569000,14.37,14.06,-2.6014863999999998
367370,16,Walking,5852423228000,5.83,10.46,2.8330324
367371,16,Walking,5852472728000,5.01,4.37,-3.5957718
367372,16,Walking,5852523173000,5.56,1.84,-0.46309182
367373,16,Walking,5852572612000,3.26,5.24,-0.46309182
367374,16,Walking,5852623057000,0.08,6.4,-0.6946376999999999
367375,16,Walking,5852672465000,4.52,3.72,3.1054392
367376,16,Walking,5852722880000,19.57,-1.31,-2.3699405
367377,16,Walking,5852773326000,11.65,1.31,1.6889231
367378,16,Walking,5852822734000,6.78,10.95,2.9556155
367379,16,Walking,5852873149000,6.36,7.55,-2.1383946
367380,16,Walking,5852922557000,9.28,8.16,-2.3699405
367381,16,Walking,5852973003000,8.12,5.41,-1.9885708
367382,16,Walking,5853023418000,7.97,4.52,-1.56634
367383,16,Walking,5853072795000,8.66,5.22,-0.46309182
367384,16,Walking,5853123241000,7.16,3.87,-0.08172209
367385,16,Walking,5853172618000,7.55,3.15,-0.14982383
367386,16,Walking,5853223094000,9.81,3.87,0.7627395
367387,16,Walking,5853272502000,9.43,4.02,5.5162406
367388,16,Walking,5853322917000,9.85,3.49,-1.56634
367389,16,Walking,5853373302000,16.32,-0.53,2.4108016
367390,16,Walking,5853422862000,13.25,2.37,3.2552630000000002
367391,16,Walking,5853482402000,13.67,10.88,-1.8387468999999996
367392,16,Walking,5853532329000,8.35,14.44,4.2495484
367393,16,Walking,5853582469000,5.79,8.69,-4.944186
367394,16,Walking,5853632365000,4.94,2.26,-0.0
367395,16,Walking,5853682292000,6.24,2.79,-0.14982383
367396,16,Walking,5853732310000,2.72,5.56,-0.3405087
367397,16,Walking,5853782298000,-0.15,5.22,-0.38136974
367398,16,Walking,5853832317000,11.6,0.11,7.504811999999999
367399,16,Walking,5853882335000,19.53,-4.33,-1.3756552
367400,16,Walking,5853932292000,6.85,4.79,-3.4459480000000005
367401,16,Walking,5853982341000,10.15,11.65,7.1234417
367402,16,Walking,5854032298000,6.24,6.85,-3.0237172
367403,16,Walking,5854082347000,8.01,7.78,-1.6889231
367404,16,Walking,5854132304000,7.67,6.17,-1.8796080000000002
367405,16,Walking,5854182323000,7.12,4.4,-1.6889231
367406,16,Walking,5854232310000,9.04,4.94,-0.53119355
367407,16,Walking,5854282298000,8.24,3.68,-0.040861044
367408,16,Walking,5854332317000,8.73,2.76,-0.08172209
367409,16,Walking,5854382335000,9.62,2.91,0.61291564
367410,16,Walking,5854432292000,9.04,3.49,4.4810944
367411,16,Walking,5854482341000,10.19,3.83,1.334794
367412,16,Walking,5854532298000,15.17,-0.11,2.4516625
367413,16,Walking,5854582378000,13.91,0.99,1.56634
367414,16,Walking,5854632304000,14.56,10.08,-1.7978859
367415,16,Walking,5854682292000,11.8,16.47,1.2258313
367416,16,Walking,5854732310000,4.99,8.58,-2.7240696
367417,16,Walking,5854782298000,5.28,2.6,-0.38136974
367418,16,Walking,5854832317000,5.05,3.45,-0.27240697
367419,16,Walking,5854882304000,2.07,5.86,-0.6946376999999999
367420,16,Walking,5854932292000,-0.46,5.33,-0.5720546
367421,16,Walking,5854982371000,12.49,0.34,11.032481
