,user,label,timestamp,x,y,z
368422,16,Walking,5905042277000,12.37,-2.18,2.3426998
368423,16,Walking,5905092326000,8.96,12.72,2.2609777
368424,16,Walking,5905142284000,7.86,8.12,-1.6480621
368425,16,Walking,5905192332000,7.74,6.97,-2.2609777
368426,16,Walking,5905242686000,8.81,7.21,-1.9885708
368427,16,Walking,5905292338000,5.94,4.48,-0.7218784
368428,16,Walking,5905342265000,7.27,4.33,-0.23154591
368429,16,Walking,5905392375000,8.24,3.26,-0.50395286
368430,16,Walking,5905442271000,10.23,3.83,0.313268
368431,16,Walking,5905492320000,9.77,2.87,5.47538
368432,16,Walking,5905542277000,10.15,3.17,-0.46309182
368433,16,Walking,5905592326000,12.76,2.56,1.1849703
368434,16,Walking,5905642284000,14.44,-0.53,4.2495484
368435,16,Walking,5905692332000,12.68,5.86,0.040861044
368436,16,Walking,5905742259000,14.9,14.06,-2.4108016
368437,16,Walking,5905792369000,5.9,10.12,3.1463002999999996
368438,16,Walking,5905842296000,5.43,5.56,-3.4459480000000005
368439,16,Walking,5905892345000,5.37,3.26,-0.46309182
368440,16,Walking,5905942241000,4.14,5.28,-0.29964766
368441,16,Walking,5905992320000,0.84,6.28,-0.5720546
368442,16,Walking,5906042277000,2.15,5.18,-0.14982383
368443,16,Walking,5906092326000,18.7,0.34,3.5685309999999997
368444,16,Walking,5906142284000,13.4,-4.56,3.5957718
368445,16,Walking,5906192332000,7.5,9.89,-3.5685309999999997
368446,16,Walking,5906242320000,8.73,10.5,4.2495484
368447,16,Walking,5906292338000,6.05,5.86,-3.5957718
368448,16,Walking,5906342448000,9.53,8.66,-1.9885708
368449,16,Walking,5906392375000,7.93,6.13,-1.7570249
368450,16,Walking,5906442271000,6.09,4.14,-0.5720546
368451,16,Walking,5906492320000,8.54,4.44,-0.7627395
368452,16,Walking,5906542277000,8.66,2.87,-0.10896278
368453,16,Walking,5906592326000,9.58,2.79,0.313268
368454,16,Walking,5906642284000,8.85,3.38,2.982856
368455,16,Walking,5906692332000,9.62,4.06,1.7570249
368456,16,Walking,5906742259000,13.44,2.72,1.8387468999999996
368457,16,Walking,5906792338000,13.59,-0.04,2.4516625
368458,16,Walking,5906842265000,13.4,6.02,-1.2666923
368459,16,Walking,5906892345000,15.79,13.99,-1.3756552
368460,16,Walking,5906942271000,5.37,10.69,2.5333846
368461,16,Walking,5906992351000,6.24,7.25,-3.7864565999999997
368462,16,Walking,5907042430000,5.9,3.68,0.50395286
368463,16,Walking,5907092326000,3.15,5.9,-0.6537767
368464,16,Walking,5907142253000,0.5,6.51,-0.14982383
368465,16,Walking,5907192332000,1.12,5.24,0.23154591
368466,16,Walking,5907242229000,18.5,-1.42,1.2666923
368467,16,Walking,5907292338000,14.48,-3.95,2.5606253
368468,16,Walking,5907342296000,10.5,11.65,1.4982381999999999
368469,16,Walking,5907392345000,7.27,6.74,-1.1168685
368470,16,Walking,5907442271000,7.89,6.7,-2.2609777
368471,16,Walking,5907442271000,7.89,6.7,-2.2609777
368472,16,Walking,5907442271000,7.89,6.7,-2.2609777
368473,16,Walking,5907592174000,6.82,4.9,-0.50395286
368474,16,Walking,5907642253000,8.35,4.44,-0.61291564
368475,16,Walking,5907692363000,8.28,3.21,-0.08172209
368476,16,Walking,5907742259000,9.96,3.34,0.040861044
368477,16,Walking,5907792338000,8.12,2.96,5.597963
368478,16,Walking,5907842265000,9.85,2.79,-0.61291564
368479,16,Walking,5907892345000,13.29,1.65,3.8681788
368480,16,Walking,5907942302000,12.11,-0.08,0.9942854
368481,16,Walking,5907992320000,14.37,7.67,-0.29964766
368482,16,Walking,5908042277000,15.02,16.09,-1.6480621
368483,16,Walking,5908092326000,6.09,7.93,2.8738932999999998
368484,16,Walking,5908142284000,7.25,4.9,-1.2258313
368485,16,Walking,5908192332000,4.79,3.83,-0.19068487
368486,16,Walking,5908242259000,3.02,5.67,-0.10896278
368487,16,Walking,5908292369000,1.38,6.63,-0.7218784
368488,16,Walking,5908342296000,1.69,5.41,0.3405087
368489,16,Walking,5908392375000,16.89,-1.84,7.5456724
368490,16,Walking,5908442271000,17.01,-2.75,2.3018389
368491,16,Walking,5908492320000,5.79,9.81,-2.2609777
368492,16,Walking,5908542308000,7.27,7.89,4.6036777
368493,16,Walking,5908592326000,7.67,6.97,-3.214402
368494,16,Walking,5908642284000,8.69,7.08,-2.6014863999999998
368495,16,Walking,5908692332000,8.05,6.02,-1.4165162
368496,16,Walking,5908742259000,7.06,4.79,-0.5720546
368497,16,Walking,5908792338000,7.74,4.29,0.19068487
368498,16,Walking,5908842265000,7.97,3.15,-0.14982383
368499,16,Walking,5908892436000,8.81,3.57,0.3405087
368500,16,Walking,5908942149000,8.31,4.63,3.4050870000000004
368501,16,Walking,5908992198000,10.46,2.87,1.4573771999999998
368502,16,Walking,5909042277000,15.09,0.95,1.8387468999999996
368503,16,Walking,5909092265000,14.98,0.53,1.56634
368504,16,Walking,5909142345000,15.02,10.23,-0.6537767
368505,16,Walking,5909192271000,12.26,15.13,-3.0237172
368506,16,Walking,5909242381000,3.57,9.58,4.3312707
368507,16,Walking,5909292277000,5.13,4.33,-2.5333846
368508,16,Walking,5909342357000,5.79,3.21,-0.7218784
368510,16,Walking,5909392314000,3.11,5.41,-0.95342433
368509,16,Walking,5909392314000,3.11,5.41,-0.95342433
368511,16,Walking,5909502574000,8.62,1.95,8.158588
368512,16,Walking,5909552348000,19.53,-2.91,-7.504811999999999
368513,16,Walking,5909602428000,5.83,5.13,-0.5720546
368514,16,Walking,5909652263000,8.96,11.54,6.170017700000001
368515,16,Walking,5909702342000,7.44,7.86,-4.862464
368516,16,Walking,5909752269000,9.34,8.77,-2.6423476000000004
368517,16,Walking,5909802379000,8.2,6.47,-1.3075534
368518,16,Walking,5909852275000,6.32,4.21,-0.5720546
368519,16,Walking,5909902324000,7.63,4.1,0.14982383
368520,16,Walking,5909952251000,8.62,3.3,0.3405087
368521,16,Walking,5910002299000,9.15,3.99,2.070293
368522,16,Walking,5910052379000,9.19,3.6,0.23154591
368523,16,Walking,5910102367000,9.47,3.38,2.2201166000000003
368524,16,Walking,5910152232000,11.88,3.72,-0.23154591
368525,16,Walking,5910202342000,14.94,0.08,3.8681788
368526,16,Walking,5910252299000,11.5,2.07,1.5390993
368527,16,Walking,5910302348000,14.18,10.15,-1.9885708
368528,16,Walking,5910352306000,9.81,15.17,1.3075534
368529,16,Walking,5910402385000,5.13,6.59,-1.7570249
368530,16,Walking,5910452281000,5.05,3.87,-0.46309182
368531,16,Walking,5910502330000,4.82,4.48,-0.27240697
368532,16,Walking,5910552348000,2.64,5.37,-0.42223078
368533,16,Walking,5910602336000,0.34,5.43,-1.525479
368534,16,Walking,5910652232000,13.4,0.19,10.269741999999999
368535,16,Walking,5910702342000,19.04,-3.68,-2.070293
368536,16,Walking,5910752269000,5.71,7.16,-3.2552630000000002
368537,16,Walking,5910802348000,7.25,12.45,6.633109599999999
368538,16,Walking,5910852275000,6.59,7.63,-4.099725
368539,16,Walking,5910902629000,8.16,7.89,-3.1054392
368540,16,Walking,5910952281000,8.01,5.79,-1.4165162
368541,16,Walking,5911002330000,7.63,4.52,-0.7218784
368542,16,Walking,5911052318000,8.24,3.57,-0.46309182
368543,16,Walking,5911102336000,8.08,2.79,1.2258313
368544,16,Walking,5911152293000,8.39,3.11,1.1441092
368545,16,Walking,5911202342000,9.11,3.49,-0.14982383
368546,16,Walking,5911252269000,10.53,5.13,3.2961242
368547,16,Walking,5911302379000,14.52,1.18,-0.29964766
368548,16,Walking,5911352275000,13.76,-0.23,4.290409599999999
368549,16,Walking,5911402354000,11.88,7.16,-0.14982383
368550,16,Walking,5911402354000,11.88,7.16,-0.14982383
368551,16,Walking,5911512279000,5.56,9.38,2.5606253
368552,16,Walking,5911512279000,5.56,9.38,2.5606253
368553,16,Walking,5911612285000,4.82,3.06,-0.46309182
368554,16,Walking,5911612285000,4.82,3.06,-0.46309182
368556,16,Walking,5911712260000,0.0,6.09,-0.7218784
368555,16,Walking,5911712260000,0.0,6.09,-0.7218784
368558,16,Walking,5911812266000,19.57,-2.41,-6.428804
368557,16,Walking,5911812266000,19.57,-2.41,-6.428804
368559,16,Walking,5911912273000,7.21,12.03,6.1291566
368560,16,Walking,5911912273000,7.21,12.03,6.1291566
368562,16,Walking,5912012340000,9.51,7.89,-2.6832085
368561,16,Walking,5912012340000,9.51,7.89,-2.6832085
368563,16,Walking,5912112315000,6.63,4.94,-0.88532263
368564,16,Walking,5912112315000,6.63,4.94,-0.88532263
368565,16,Walking,5912212260000,7.93,3.91,-0.6946376999999999
368566,16,Walking,5912212260000,7.93,3.91,-0.6946376999999999
368568,16,Walking,5912312266000,9.19,3.53,4.5628166
368567,16,Walking,5912312266000,9.19,3.53,4.5628166
368569,16,Walking,5912412334000,12.57,3.34,1.6889231
368570,16,Walking,5912412334000,12.57,3.34,1.6889231
368572,16,Walking,5912512279000,12.64,5.13,-0.7627395
368571,16,Walking,5912512279000,12.64,5.13,-0.7627395
368573,16,Walking,5912612407000,7.74,11.8,1.1849703
368574,16,Walking,5912612407000,7.74,11.8,1.1849703
368575,16,Walking,5912712260000,5.86,1.84,0.040861044
368576,16,Walking,5912712260000,5.86,1.84,0.040861044
368577,16,Walking,5912812266000,1.57,6.74,-0.42223078
368578,16,Walking,5912812266000,1.57,6.74,-0.42223078
368580,16,Walking,5912912273000,15.24,0.8,9.697687
368579,16,Walking,5912912273000,15.24,0.8,9.697687
368581,16,Walking,5913012309000,5.56,6.93,-2.6014863999999998
368582,16,Walking,5913012309000,5.56,6.93,-2.6014863999999998
368583,16,Walking,5913112285000,6.4,6.24,-3.4868089999999996
368584,16,Walking,5913112285000,6.4,6.24,-3.4868089999999996
368586,16,Walking,5913212260000,7.59,6.17,-1.607201
368585,16,Walking,5913212260000,7.59,6.17,-1.607201
368588,16,Walking,5913312266000,7.74,4.4,-0.50395286
368587,16,Walking,5913312266000,7.74,4.4,-0.50395286
368590,16,Walking,5913412334000,8.39,2.98,-0.08172209
368589,16,Walking,5913412334000,8.39,2.98,-0.08172209
368592,16,Walking,5913512279000,11.07,3.95,0.84446156
368591,16,Walking,5913512279000,11.07,3.95,0.84446156
368595,16,Walking,5913612285000,13.1,1.08,1.9204689999999998
368594,16,Walking,5913612285000,13.1,1.08,1.9204689999999998
368593,16,Walking,5913612285000,13.1,1.08,1.9204689999999998
368596,16,Walking,5913762187000,5.79,8.73,-1.1849703
368597,16,Walking,5913812205000,4.48,4.1,-0.23154591
368599,16,Walking,5913862315000,4.71,3.45,-1.1441092
368598,16,Walking,5913862315000,4.71,3.45,-1.1441092
368600,16,Walking,5913962382000,-0.11,6.36,-0.5720546
368601,16,Walking,5913962382000,-0.11,6.36,-0.5720546
368603,16,Walking,5914062297000,19.57,-3.06,-6.469665
368602,16,Walking,5914062297000,19.57,-3.06,-6.469665
368604,16,Walking,5914162303000,0.89,9.43,6.4424243
368605,16,Walking,5914162303000,0.89,9.43,6.4424243
368606,16,Walking,5914262309000,8.39,8.73,-3.4868089999999996
368607,16,Walking,5914262309000,8.39,8.73,-3.4868089999999996
368609,16,Walking,5914362285000,8.28,5.01,-1.334794
368608,16,Walking,5914362285000,8.28,5.01,-1.334794
368611,16,Walking,5914462413000,7.5,3.02,-0.10896278
368610,16,Walking,5914462413000,7.5,3.02,-0.10896278
368612,16,Walking,5914562266000,7.4,4.18,0.3405087
368613,16,Walking,5914562266000,7.4,4.18,0.3405087
368615,16,Walking,5914662273000,12.83,2.83,0.38136974
368614,16,Walking,5914662273000,12.83,2.83,0.38136974
368617,16,Walking,5914762279000,11.65,4.02,-0.5720546
368616,16,Walking,5914762279000,11.65,4.02,-0.5720546
368619,16,Walking,5914862285000,8.39,9.7,3.6774937999999993
368618,16,Walking,5914862285000,8.39,9.7,3.6774937999999993
368620,16,Walking,5914962291000,4.71,3.68,-0.10896278
368621,16,Walking,5914962291000,4.71,3.68,-0.10896278
