,user,label,timestamp,x,y,z
914950,17,Walking,35100822309000,1.69,4.75,-0.23
914951,17,Walking,35100872297000,1.57,5.94,2.76
914952,17,Walking,35100922315000,3.72,7.08,1.18
914953,17,Walking,35100972303000,4.63,11.75,0.08
914954,17,Walking,35101022321000,2.72,17.5,1.31
914955,17,Walking,35101072309000,2.98,12.22,-1.99
914956,17,Walking,35101122327000,2.6,9.72,-3.02
914957,17,Walking,35101172315000,3.6,9.58,-2.14
914958,17,Walking,35101222303000,2.98,9.34,-1.14
914959,17,Walking,35101272260000,0.8,7.21,-0.61
914960,17,Walking,35101322309000,0.08,4.75,-0.27
914961,17,Walking,35101372297000,2.56,6.44,0.11
914962,17,Walking,35101422315000,4.71,10.04,0.23
914963,17,Walking,35101472303000,4.48,10.5,0.95
914964,17,Walking,35101522352000,5.48,10.65,1.76
914965,17,Walking,35101572309000,4.6,11.73,-1.88
914966,17,Walking,35101622266000,1.5,11.73,-4.86
914967,17,Walking,35101672315000,-0.11,13.67,-0.84
914968,17,Walking,35101722333000,3.38,11.73,0.04
914969,17,Walking,35101772291000,4.67,7.5,-2.68
914970,17,Walking,35101822309000,2.53,4.63,-1.04
914971,17,Walking,35101872327000,0.53,5.94,1.38
914972,17,Walking,35101922346000,2.56,7.89,2.87
914973,17,Walking,35101972333000,3.87,8.66,-1.27
914974,17,Walking,35102022352000,4.33,13.63,2.6
914975,17,Walking,35102072370000,4.02,16.32,0.5
914976,17,Walking,35102122297000,2.11,11.3,-2.49
914977,17,Walking,35102172346000,2.96,6.74,-2.75
914978,17,Walking,35102222303000,2.6,5.98,-1.8
914979,17,Walking,35102272291000,1.73,10.38,0.8
914980,17,Walking,35102322309000,1.95,8.62,-0.65
914981,17,Walking,35102372327000,1.92,5.71,-0.11
914982,17,Walking,35102422315000,3.34,7.78,0.0
914983,17,Walking,35102472333000,3.72,9.58,1.12
914984,17,Walking,35102522352000,5.24,10.38,1.33
914985,17,Walking,35102572309000,4.86,10.88,0.53
914986,17,Walking,35102622297000,3.17,11.92,-3.95
914987,17,Walking,35102672315000,-0.19,12.76,-3.76
914988,17,Walking,35102722303000,2.22,15.28,2.15
914989,17,Walking,35102772321000,4.1,8.62,-2.68
914990,17,Walking,35102822339000,4.52,3.87,-1.33
914991,17,Walking,35102872327000,1.08,4.21,0.95
914992,17,Walking,35102922346000,3.15,6.78,2.49
914993,17,Walking,35102972333000,4.29,9.23,0.04
914994,17,Walking,35103022352000,3.95,11.11,1.73
914995,17,Walking,35103072309000,2.3,14.82,0.76
914996,17,Walking,35103122297000,2.26,12.26,-0.3
914997,17,Walking,35103172315000,1.73,10.38,-1.69
914998,17,Walking,35103222333000,3.64,8.66,-2.6
914999,17,Walking,35103272291000,3.17,9.92,0.15
915000,17,Walking,35103322309000,1.33,9.51,-0.38
915001,17,Walking,35103372602000,0.08,4.75,0.42
915002,17,Walking,35103422315000,2.22,5.43,0.42
915003,17,Walking,35103472333000,4.37,8.2,0.46
915004,17,Walking,35103522352000,4.79,12.18,1.12
915005,17,Walking,35103572339000,5.43,10.84,1.18
915006,17,Walking,35103622327000,4.9,12.07,-1.31
915007,17,Walking,35103672346000,1.92,12.76,-4.37
915008,17,Walking,35103722303000,-1.42,11.99,-4.37
915009,17,Walking,35103772321000,3.06,11.54,3.6
915010,17,Walking,35103822339000,4.82,7.97,-2.64
915011,17,Walking,35103872297000,3.38,4.75,-1.27
915012,17,Walking,35103922346000,1.31,4.67,1.46
915013,17,Walking,35103972303000,2.83,6.89,3.3
915014,17,Walking,35104022321000,4.21,10.15,-2.03
915015,17,Walking,35104072339000,4.21,14.79,3.76
915016,17,Walking,35104122297000,1.8,14.67,-0.65
915017,17,Walking,35104172315000,2.49,12.22,-4.18
915018,17,Walking,35104222303000,3.26,9.0,-2.96
915019,17,Walking,35104272291000,2.91,8.54,-2.6
915020,17,Walking,35104322309000,0.57,8.73,-0.15
915021,17,Walking,35104372297000,0.23,7.21,-0.53
915022,17,Walking,35104422315000,1.33,5.83,-0.27
915023,17,Walking,35104472333000,3.83,8.66,-0.11
915024,17,Walking,35104522321000,4.37,8.58,0.76
915025,17,Walking,35104522321000,4.37,8.58,0.76
915026,17,Walking,35104592298000,5.18,8.89,1.18
915027,17,Walking,35104642347000,5.71,12.98,-0.15
915028,17,Walking,35104692274000,4.1,12.91,-1.88
915029,17,Walking,35104752302000,-1.04,11.35,-4.9
915030,17,Walking,35104802320000,2.87,11.88,0.5
915031,17,Walking,35104852338000,2.76,9.58,-1.46
915032,17,Walking,35104902326000,3.26,6.47,-1.31
915033,17,Walking,35104952344000,1.73,4.14,-0.19
915034,17,Walking,35105002332000,2.03,6.13,2.22
915035,17,Walking,35105052320000,4.02,8.16,2.11
915036,17,Walking,35105102338000,4.48,10.5,-0.65
915037,17,Walking,35105152326000,3.26,14.71,2.96
915038,17,Walking,35105202344000,2.11,14.48,0.08
915039,17,Walking,35105252363000,0.84,11.03,-4.33
915040,17,Walking,35105302350000,3.87,9.58,-3.6
915041,17,Walking,35105352369000,3.6,8.39,-2.98
915042,17,Walking,35105402326000,0.38,9.04,0.84
915043,17,Walking,35105452344000,-0.11,5.98,-0.15
915044,17,Walking,35105502332000,1.76,5.86,-0.3
915045,17,Walking,35105552350000,4.33,9.04,0.27
915046,17,Walking,35105602338000,4.21,10.08,0.46
915047,17,Walking,35105652326000,4.1,10.08,0.93
915048,17,Walking,35105702344000,6.63,11.07,0.95
915049,17,Walking,35105752363000,4.44,12.91,-3.3
915050,17,Walking,35105802320000,-0.61,11.11,-3.91
915051,17,Walking,35105852338000,0.31,12.83,0.23
915052,17,Walking,35105902326000,4.18,11.41,-0.72
915053,17,Walking,35105952344000,4.48,6.36,-2.41
915054,17,Walking,35106003126000,2.03,4.06,-0.65
915055,17,Walking,35106052350000,0.72,5.67,2.72
915056,17,Walking,35106102338000,3.3,8.58,1.61
915057,17,Walking,35106152357000,4.18,10.04,-1.18
915058,17,Walking,35106202344000,4.63,12.22,3.17
915059,17,Walking,35106252332000,2.76,14.71,0.42
915060,17,Walking,35106302350000,1.73,11.6,-3.41
915061,17,Walking,35106352338000,1.76,9.58,-2.14
915062,17,Walking,35106402326000,3.79,8.58,-2.72
915063,17,Walking,35106452344000,2.07,10.15,-0.42
915064,17,Walking,35106502332000,0.72,7.5,-0.46
915065,17,Walking,35106552350000,0.8,4.75,0.53
915066,17,Walking,35106602338000,3.06,7.78,0.53
915067,17,Walking,35106652326000,5.28,9.43,0.5
915068,17,Walking,35106702344000,4.4,9.47,1.23
915069,17,Walking,35106752332000,5.79,10.69,1.27
915070,17,Walking,35106802320000,5.37,13.44,-1.46
915071,17,Walking,35106852338000,1.12,12.6,-4.25
915072,17,Walking,35106902326000,-1.38,11.45,-2.72
915073,17,Walking,35106952344000,2.22,11.41,0.42
915074,17,Walking,35107002332000,4.14,8.62,-2.3
915075,17,Walking,35107052350000,3.11,5.28,-1.38
915076,17,Walking,35107102338000,0.84,4.82,0.61
915077,17,Walking,35107152357000,2.56,7.12,2.87
915078,17,Walking,35107202344000,4.79,9.38,0.27
915079,17,Walking,35107252332000,4.18,11.73,0.8
915080,17,Walking,35107322339000,2.34,14.82,0.8
915081,17,Walking,35107372266000,1.92,11.35,-3.87
915082,17,Walking,35107422346000,1.8,9.43,-2.91
915083,17,Walking,35107472272000,3.6,9.38,-2.49
915084,17,Walking,35107522321000,1.92,9.51,-0.42
915085,17,Walking,35107572309000,0.46,7.46,-0.42
915086,17,Walking,35107622327000,1.04,4.82,-0.15
915087,17,Walking,35107672346000,2.96,7.01,0.11
915088,17,Walking,35107722303000,4.71,9.7,0.46
915089,17,Walking,35107772321000,4.48,10.27,0.89
915090,17,Walking,35107822309000,6.09,10.46,1.04
915091,17,Walking,35107872327000,5.71,12.98,-0.69
915092,17,Walking,35107922315000,1.57,11.41,-4.02
915093,17,Walking,35107972303000,-2.18,12.22,-3.34
915094,17,Walking,35108022321000,2.11,12.87,1.08
915095,17,Walking,35108072339000,3.76,9.0,-2.14
915096,17,Walking,35108122327000,4.33,5.28,-1.65
915097,17,Walking,35108172315000,1.33,4.48,-0.34
915098,17,Walking,35108222333000,1.84,7.08,2.96
915099,17,Walking,35108272413000,3.34,9.47,1.54
915100,17,Walking,35108322339000,3.49,10.12,-0.69
915101,17,Walking,35108372297000,2.76,14.63,2.53
915102,17,Walking,35108422346000,4.02,14.29,-0.08
915103,17,Walking,35108472303000,1.14,10.15,-4.29
915104,17,Walking,35108522321000,3.06,8.96,-2.6
915105,17,Walking,35108572339000,3.64,8.35,-1.92
915106,17,Walking,35108622297000,2.22,9.47,-0.69
915107,17,Walking,35108672315000,-0.3,6.97,-0.27
915108,17,Walking,35108722303000,1.27,5.94,0.19
915109,17,Walking,35108772840000,4.02,8.01,0.19
915110,17,Walking,35108822339000,4.33,9.0,-0.11
915111,17,Walking,35108872327000,4.71,10.31,1.38
915112,17,Walking,35108922346000,6.32,11.65,0.38
915113,17,Walking,35108972333000,4.6,13.76,-3.72
915114,17,Walking,35109022321000,-0.8,12.37,-3.79
915115,17,Walking,35109072309000,0.46,10.99,-0.53
915116,17,Walking,35109122327000,3.68,10.34,-1.31
915117,17,Walking,35109172315000,4.63,7.46,-2.11
915118,17,Walking,35109222333000,1.84,5.33,-0.53
915119,17,Walking,35109272321000,1.38,5.79,1.54
915120,17,Walking,35109322339000,3.41,8.01,2.45
915121,17,Walking,35109372327000,4.56,9.7,-1.73
915122,17,Walking,35109422315000,4.25,12.57,3.45
915123,17,Walking,35109472303000,3.38,13.38,0.38
915124,17,Walking,35109522321000,1.88,11.96,-2.91
915125,17,Walking,35109572339000,2.15,9.96,-2.49
915126,17,Walking,35109622297000,3.95,8.92,-2.49
915127,17,Walking,35109672346000,3.02,8.73,-1.08
915128,17,Walking,35109722303000,0.38,8.08,-0.08
915129,17,Walking,35109772291000,0.84,5.98,0.15
915130,17,Walking,35109822370000,2.98,7.25,0.08
915131,17,Walking,35109872327000,5.33,8.77,0.08
915132,17,Walking,35109922346000,4.02,9.28,0.65
915133,17,Walking,35109972333000,5.05,10.42,0.69
915134,17,Walking,35110022535000,6.09,13.02,-0.15
915135,17,Walking,35110072339000,3.26,12.91,-2.91
915136,17,Walking,35110122297000,-0.11,12.07,-3.36
915137,17,Walking,35110172315000,1.8,10.27,-1.61
915138,17,Walking,35110222333000,4.06,8.66,-0.61
915139,17,Walking,35110272321000,2.83,6.36,-1.14
915140,17,Walking,35110272321000,2.83,6.36,-1.14
915141,17,Walking,35110332685000,1.12,5.67,0.53
915142,17,Walking,35110382337000,2.6,7.16,2.91
915143,17,Walking,35110432325000,4.56,8.43,1.12
915144,17,Walking,35110482404000,4.33,10.46,0.69
915145,17,Walking,35110532331000,3.83,14.63,2.45
915146,17,Walking,35110582532000,2.72,13.48,-0.23
915147,17,Walking,35110632337000,0.8,9.53,-3.91
915148,17,Walking,35110682691000,3.68,9.15,-2.75
915149,17,Walking,35110732343000,3.91,8.92,-1.76
