,user,label,timestamp,x,y,z
745440,34,Downstairs,2551012248000,5.43,6.78,-2.41
745441,34,Downstairs,2551062358000,11.03,12.26,-5.94
745442,34,Downstairs,2551112346000,-1.73,6.24,-0.8
745443,34,Downstairs,2551162334000,-1.33,2.64,2.79
745444,34,Downstairs,2551212321000,2.18,8.96,0.0
745445,34,Downstairs,2551262248000,0.04,8.58,-0.84
745446,34,Downstairs,2551312328000,2.53,8.01,-5.9
745447,34,Downstairs,2551362346000,6.66,9.7,-1.8
745448,34,Downstairs,2551412334000,3.53,6.47,-7.78
745449,34,Downstairs,2551462321000,5.63,12.68,-3.95
745450,34,Downstairs,2551512370000,4.79,16.82,-1.18
745451,34,Downstairs,2551562327000,-1.5,3.76,3.53
745452,34,Downstairs,2551612346000,16.09,15.55,-4.56
745453,34,Downstairs,2551662303000,2.91,9.34,-5.56
745454,34,Downstairs,2551712321000,-4.63,3.49,0.46
745455,34,Downstairs,2551762340000,2.15,5.37,-0.27
745456,34,Downstairs,2551812358000,0.23,13.91,-0.91
745457,34,Downstairs,2551862346000,0.27,6.66,-2.26
745458,34,Downstairs,2551912334000,3.06,9.47,-6.09
745459,34,Downstairs,2551982310000,7.06,7.93,-2.87
745460,34,Downstairs,2552032237000,5.75,10.0,-1.69
745461,34,Downstairs,2552082347000,2.68,17.86,-6.78
745462,34,Downstairs,2552132274000,0.34,10.42,-1.73
745464,34,Downstairs,2552182231000,12.95,12.37,-3.6
745463,34,Downstairs,2552182231000,12.95,12.37,-3.6
745465,34,Downstairs,2552243449000,6.28,8.16,-6.55
745466,34,Downstairs,2552302348000,-5.05,3.72,4.56
745467,34,Downstairs,2552362346000,3.99,4.14,1.73
745468,34,Downstairs,2552412334000,3.21,10.61,-0.04
745469,34,Downstairs,2552462321000,1.46,12.87,-8.35
745470,34,Downstairs,2552512340000,3.41,10.34,-2.87
745471,34,Downstairs,2552562327000,3.38,2.26,-5.71
745472,34,Downstairs,2552612346000,3.49,5.41,-3.3
745473,34,Downstairs,2552662456000,3.99,18.89,-2.22
745474,34,Downstairs,2552712352000,3.91,11.37,-3.06
745475,34,Downstairs,2552762218000,6.4,10.04,-3.95
745476,34,Downstairs,2552812328000,10.0,9.77,-6.97
745477,34,Downstairs,2552862346000,-3.36,6.89,-0.65
745478,34,Downstairs,2552912334000,2.6,4.63,1.12
745479,34,Downstairs,2552962291000,1.31,11.03,0.72
745480,34,Downstairs,2553012340000,0.08,8.73,0.5
745481,34,Downstairs,2553062358000,1.8,7.7,-3.91
745482,34,Downstairs,2553112346000,6.74,7.12,-3.64
745483,34,Downstairs,2553162364000,4.82,4.25,-7.08
745484,34,Downstairs,2553212321000,0.08,16.82,-5.71
745485,34,Downstairs,2553262340000,7.08,18.12,-2.22
745486,34,Downstairs,2553312358000,4.79,9.77,1.69
745487,34,Downstairs,2553362346000,12.64,10.12,-5.01
745488,34,Downstairs,2553412242000,4.6,8.54,-5.86
745489,34,Downstairs,2553462321000,-4.9,3.76,1.95
745490,34,Downstairs,2553512584000,4.94,3.79,1.73
745491,34,Downstairs,2553562327000,2.26,14.75,0.31
745492,34,Downstairs,2553612346000,1.33,7.16,-1.8
745493,34,Downstairs,2553662334000,-1.46,6.4,-3.72
745494,34,Downstairs,2553712321000,7.35,10.46,-9.04
745495,34,Downstairs,2553762340000,7.74,9.7,-7.86
745496,34,Downstairs,2553812327000,-1.73,13.33,1.65
745497,34,Downstairs,2553862346000,7.5,18.92,-1.18
745498,34,Downstairs,2553912334000,3.49,11.41,5.24
745499,34,Downstairs,2553962230000,1.76,13.99,-0.08
745500,34,Downstairs,2554012248000,5.22,8.05,-0.27
745501,34,Downstairs,2554062327000,4.14,8.62,-0.95
745502,34,Downstairs,2554112346000,1.8,4.1,-1.46
745503,34,Downstairs,2554162334000,1.23,10.61,-1.57
745504,34,Downstairs,2554212321000,3.45,9.58,-5.67
745505,34,Downstairs,2554262340000,7.25,10.12,-6.97
745506,34,Downstairs,2554312327000,8.05,16.28,0.89
745507,34,Downstairs,2554362346000,1.38,17.43,5.75
745508,34,Downstairs,2554412334000,6.97,11.41,2.56
745509,34,Downstairs,2554462260000,6.44,9.62,0.72
745510,34,Downstairs,2554512309000,3.41,9.62,4.14
745511,34,Downstairs,2554562419000,-0.89,7.21,3.11
745512,34,Downstairs,2554612346000,-1.61,6.4,1.12
745513,34,Downstairs,2554662334000,-2.49,7.01,0.76
745514,34,Downstairs,2554712321000,-1.38,7.16,-1.99
745515,34,Downstairs,2554762340000,3.41,11.92,-7.27
745516,34,Downstairs,2554812327000,5.79,14.82,-5.98
745517,34,Downstairs,2554862376000,-2.22,8.92,-3.3
745518,34,Downstairs,2554912364000,6.02,11.84,0.23
745519,34,Downstairs,2554962321000,-0.69,9.85,1.54
745520,34,Downstairs,2555012401000,-3.02,8.16,1.69
745521,34,Downstairs,2555062358000,1.5,11.96,2.91
745522,34,Downstairs,2555112346000,9.66,10.04,-5.56
745523,34,Downstairs,2555162334000,2.72,6.24,-0.27
745524,34,Downstairs,2555212321000,2.34,9.7,-3.26
745525,34,Downstairs,2555262340000,3.72,8.54,-4.02
745526,34,Downstairs,2555312328000,5.98,8.05,-4.99
745527,34,Downstairs,2555362346000,4.79,10.04,-5.63
745528,34,Downstairs,2555412334000,0.46,4.86,3.3
745529,34,Downstairs,2555462352000,3.76,3.21,3.87
745530,34,Downstairs,2555512309000,-0.15,13.57,-0.15
745531,34,Downstairs,2555562358000,-4.21,10.57,-2.83
745532,34,Downstairs,2555612346000,1.27,9.38,-6.02
745533,34,Downstairs,2555662303000,8.35,11.45,-2.37
745534,34,Downstairs,2555712352000,5.52,3.45,-3.76
745535,34,Downstairs,2555762340000,11.84,12.22,-3.95
745536,34,Downstairs,2555812328000,-2.79,18.47,-3.02
745537,34,Downstairs,2555862346000,5.09,11.03,-3.6
745538,34,Downstairs,2555912334000,7.31,9.28,-4.52
745539,34,Downstairs,2555962352000,-0.95,6.09,3.3
745540,34,Downstairs,2556012279000,-1.23,-2.79,4.56
745541,34,Downstairs,2556062297000,0.31,5.37,2.53
745542,34,Downstairs,2556112346000,2.22,17.92,-5.43
745543,34,Downstairs,2556162364000,2.87,10.69,-6.47
745544,34,Downstairs,2556212321000,3.64,3.15,-2.91
745545,34,Downstairs,2556262401000,9.66,13.82,-7.27
745546,34,Downstairs,2556312327000,1.73,15.55,0.61
745547,34,Downstairs,2556362346000,6.7,6.89,-4.25
745548,34,Downstairs,2556412334000,9.43,13.4,-6.51
745549,34,Downstairs,2556462321000,-1.12,5.48,-0.3
745550,34,Downstairs,2556512340000,-0.99,1.31,3.91
745551,34,Downstairs,2556562327000,0.38,7.55,1.08
745552,34,Downstairs,2556612346000,1.69,11.18,-0.84
745553,34,Downstairs,2556662303000,2.91,12.72,-8.77
745554,34,Downstairs,2556712321000,6.51,9.77,-3.72
745555,34,Downstairs,2556762340000,0.95,5.37,-4.25
745556,34,Downstairs,2556812328000,4.48,2.79,-2.37
745557,34,Downstairs,2556862346000,8.5,19.38,-6.43
745558,34,Downstairs,2556912334000,-4.4,6.17,-1.8
745559,34,Downstairs,2556962352000,9.34,11.6,-3.68
745560,34,Downstairs,2557020335000,8.28,10.0,-5.67
745561,34,Downstairs,2557082286000,-2.49,4.33,3.21
745562,34,Downstairs,2557132274000,2.49,0.5,1.76
745563,34,Downstairs,2557182323000,0.69,12.68,1.65
745564,34,Downstairs,2557232310000,3.53,11.5,-7.46
745565,34,Downstairs,2557282298000,5.41,11.45,-3.91
745566,34,Downstairs,2557332317000,2.15,3.26,-2.34
745567,34,Downstairs,2557382304000,4.71,5.37,-6.93
745568,34,Downstairs,2557432323000,0.84,18.16,-1.76
745569,34,Downstairs,2557482310000,4.56,8.96,-1.65
745570,34,Downstairs,2557532298000,10.15,9.04,-6.05
745571,34,Downstairs,2557582317000,4.29,12.18,-4.1
745572,34,Downstairs,2557632304000,-5.41,2.68,4.52
745573,34,Downstairs,2557682292000,2.64,6.85,1.65
745574,34,Downstairs,2557732310000,2.45,10.65,1.73
745575,34,Downstairs,2557782298000,3.49,6.44,-6.55
745576,34,Downstairs,2557832317000,8.35,1.69,-0.23
745577,34,Downstairs,2557882304000,1.27,6.28,-8.96
745578,34,Downstairs,2557932292000,1.69,16.59,0.84
745579,34,Downstairs,2557982310000,3.38,13.8,-4.4
745580,34,Downstairs,2558032329000,11.5,11.03,-2.3
745581,34,Downstairs,2558082347000,11.56,9.47,-6.17
745582,34,Downstairs,2558132304000,-4.86,4.33,1.92
745583,34,Downstairs,2558182292000,-0.11,4.71,0.11
745584,34,Downstairs,2558232310000,6.85,16.21,0.53
745585,34,Downstairs,2558282298000,-1.88,6.09,-1.31
745586,34,Downstairs,2558332378000,1.46,4.99,-2.91
745587,34,Downstairs,2558382304000,6.59,7.35,-4.06
745588,34,Downstairs,2558432292000,0.93,12.11,-11.33
745589,34,Downstairs,2558482310000,-1.8,8.73,-0.38
745590,34,Downstairs,2558532298000,9.72,17.12,10.19
745591,34,Downstairs,2558582317000,7.59,14.94,5.94
745592,34,Downstairs,2558632304000,3.6,12.41,3.95
745593,34,Downstairs,2558682292000,3.68,9.11,0.42
745594,34,Downstairs,2558732310000,0.19,8.08,-2.11
745595,34,Downstairs,2558782298000,0.46,6.05,-1.12
745596,34,Downstairs,2558832317000,1.92,10.12,-6.85
745597,34,Downstairs,2558882335000,3.87,10.31,-6.89
745598,34,Downstairs,2558932292000,12.49,15.24,0.93
745599,34,Downstairs,2558982310000,4.06,14.94,2.83
745600,34,Downstairs,2559032298000,4.37,16.78,1.88
745601,34,Downstairs,2559082317000,4.4,10.08,1.84
745602,34,Downstairs,2559132304000,3.26,7.93,2.37
745603,34,Downstairs,2559182292000,0.76,5.22,1.65
745604,34,Downstairs,2559232310000,1.76,6.05,1.8
745605,34,Downstairs,2559282298000,-1.18,9.72,1.12
745606,34,Downstairs,2559332317000,-3.11,7.55,-0.38
745607,34,Downstairs,2559382304000,-0.53,9.7,-4.67
745608,34,Downstairs,2559432292000,2.96,12.26,-6.78
745609,34,Downstairs,2559482310000,3.99,12.11,-5.2
745610,34,Downstairs,2559532298000,0.99,9.58,-4.94
745611,34,Downstairs,2559582317000,2.68,11.73,0.38
745612,34,Downstairs,2559632304000,-0.99,8.54,4.1
745613,34,Downstairs,2559682292000,-0.11,7.67,2.3
745614,34,Downstairs,2559732371000,5.24,12.26,3.95
745615,34,Downstairs,2559782329000,2.96,8.2,-8.12
745616,34,Downstairs,2559832317000,4.06,7.12,-2.56
745617,34,Downstairs,2559882304000,1.99,9.11,-3.83
745618,34,Downstairs,2559882304000,1.99,9.11,-3.83
745619,34,Downstairs,2559942302000,7.67,6.82,-3.17
745620,34,Downstairs,2559992259000,6.02,8.5,-6.24
745621,34,Downstairs,2560042338000,-0.38,6.85,0.76
745622,34,Downstairs,2560092326000,0.46,2.98,2.83
745623,34,Downstairs,2560142345000,2.15,12.45,0.61
745624,34,Downstairs,2560192332000,-0.08,13.02,-4.02
745625,34,Downstairs,2560246196000,0.31,7.74,-6.4
745626,34,Downstairs,2560302379000,6.55,9.7,-2.64
745627,34,Downstairs,2560352336000,3.68,4.44,-5.79
745628,34,Downstairs,2560412303000,2.34,6.47,-2.87
745629,34,Downstairs,2560462321000,5.24,18.2,-5.2
745630,34,Downstairs,2560512340000,0.19,8.89,-0.46
745631,34,Downstairs,2560562327000,15.32,14.63,-4.48
745632,34,Downstairs,2560612346000,4.02,9.92,-6.47
745633,34,Downstairs,2560662303000,-8.92,2.11,2.3
745634,34,Downstairs,2560712321000,5.13,-0.19,1.65
745635,34,Downstairs,2560762340000,-0.84,11.75,0.31
745636,34,Downstairs,2560812327000,3.3,10.12,-4.94
745637,34,Downstairs,2560882304000,1.38,10.12,-4.94
745638,34,Downstairs,2560932262000,2.3,6.09,-5.33
745639,34,Downstairs,2560982280000,3.38,5.52,-5.94
