,user,label,timestamp,x,y,z
9089,17,Walking,57933082262000,6.4424243,11.727119,-0.3405087
9090,17,Walking,57933192278000,1.7978859,13.484144,-2.5606253
9091,17,Walking,57933292253000,2.6014863999999998,10.501288,0.19068487
9092,17,Walking,57933402300000,1.5390993,4.372132,-1.7978859
9093,17,Walking,57933512316000,2.0294318,5.938472,3.9090397000000006
9094,17,Walking,57933622301000,-0.9942854,13.184497,6.0201936
9095,17,Walking,57933732317000,-1.2258313,8.662541000000001,-3.214402
9096,17,Walking,57933842302000,4.140586,9.656827,-0.50395286
9097,17,Walking,57933942247000,2.8330324,8.471855999999999,-1.334794
9098,17,Walking,57933992327000,3.4459480000000005,8.962189,-0.5720546
9099,17,Walking,57934092363000,8.19945,10.269741999999999,-0.50395286
9100,17,Walking,57934202318000,1.3756552,12.9529505,-1.1849703
9101,17,Walking,57934302294000,2.4516625,13.211738,-0.0
9102,17,Walking,57934412310000,2.2609777,5.434519,-0.3405087
9103,17,Walking,57934522295000,1.0760075,4.671779,2.9556155
9104,17,Walking,57934622301000,2.5606253,16.249075,6.0201936
9105,17,Walking,57934732317000,3.0237172,10.310603,-4.5900574
9106,17,Walking,57934842302000,4.1814466,10.119919,-0.8036005
9107,17,Walking,57934942278000,3.8273177000000005,7.6954966,-2.3426998
9108,17,Walking,57935052294000,4.3993720000000005,8.853226,-0.6946376999999999
9109,17,Walking,57935152269000,9.193735,10.61025,0.10896278
9110,17,Walking,57935252306000,-1.0351465,14.47843,-1.7297841
9111,17,Walking,57935352220000,1.4573771999999998,12.789507,0.040861044
9112,17,Walking,57935452318000,2.2609777,4.440233,-0.50395286
9113,17,Walking,57935512285000,0.040861044,4.3312707,-0.27240697
9114,17,Walking,57935622301000,6.851035,11.182305,5.8567495
9115,17,Walking,57935732317000,1.56634,11.304889,-1.2258313
9116,17,Walking,57935842302000,2.7240696,6.5513873,-2.982856
9117,17,Walking,57935942308000,0.42223078,8.62168,0.95342433
9118,17,Walking,57936052324000,3.7183550000000003,8.117727,-0.29964766
9119,17,Walking,57936152269000,4.1814466,10.923519,-0.7218784
9120,17,Walking,57936262316000,4.9850473,12.9529505,-3.1463002999999996
9121,17,Walking,57936372301000,0.8036005,14.941522,-2.8738932999999998
9122,17,Walking,57936472338000,4.3993720000000005,7.3141264999999995,-0.6537767
9123,17,Walking,57936582292000,0.23154591,4.3312707,0.23154591
9124,17,Walking,57936692308000,6.170017700000001,14.750835999999998,6.5922484
9125,17,Walking,57936802294000,2.2201166000000003,11.34575,-0.38136974
9126,17,Walking,57936912310000,3.2552630000000002,6.469665,-3.5957718
9127,17,Walking,57937012255000,0.46309182,8.158588,0.5720546
9128,17,Walking,57937122331000,3.6774937999999993,8.390134,-0.46309182
9129,17,Walking,57937232317000,5.829509,10.419566,-0.88532263
9130,17,Walking,57937342302000,3.7183550000000003,12.367275999999999,-2.6014863999999998
9131,17,Walking,57937442278000,0.50395286,15.935807,-0.5720546
9132,17,Walking,57937552294000,5.243834,5.938472,-0.23154591
9133,17,Walking,57937652269000,0.27240697,4.372132,1.0351465
9134,17,Walking,57937762316000,6.4424243,16.317176999999997,6.0882955
9135,17,Walking,57937872301000,0.23154591,10.56939,-1.9204689999999998
9136,17,Walking,57937972277000,3.1463002999999996,6.633109599999999,-4.290409599999999
9137,17,Walking,57938082292000,0.6537767,8.008764,-0.040861044
9138,17,Walking,57938192308000,3.5276701,8.771504,-0.50395286
9139,17,Walking,57938292253000,7.586533500000001,10.378705,-0.50395286
9140,17,Walking,57938402300000,2.2201166000000003,11.495573,-2.6832085
9141,17,Walking,57938512316000,1.2666923,14.7916975,0.61291564
9142,17,Walking,57938622301000,3.5685309999999997,4.372132,-0.08172209
9143,17,Walking,57938732317000,2.070293,4.3312707,3.6366330000000002
9144,17,Walking,57938842394000,-2.6832085,15.513576500000001,6.3198414000000005
9145,17,Walking,57938942308000,0.61291564,9.656827,-2.9556155
9146,17,Walking,57939062364000,3.4868089999999996,9.915613,-0.0
9147,17,Walking,57939162310000,2.6014863999999998,8.008764,-2.7240696
9148,17,Walking,57939222277000,3.2961242,8.689782000000001,-0.7218784
9149,17,Walking,57939332292000,7.7363577,10.419566,-0.5720546
9150,17,Walking,57939442308000,2.152015,12.299174,-1.7297841
9151,17,Walking,57939552263000,1.1849703,13.402422,0.19068487
9152,17,Walking,57939652422000,2.9147543999999996,3.8681788,-0.23154591
9153,17,Walking,57939762316000,0.95342433,4.1814466,1.8796080000000002
9154,17,Walking,57939872301000,2.3699405,14.982382999999999,6.851035
9155,17,Walking,57939972277000,3.1054392,10.923519,-4.3312707
9156,17,Walking,57940082292000,4.2495484,10.419566,-2.1792557
9157,17,Walking,57940192308000,2.7649305,6.9327570000000005,-2.3018389
9158,17,Walking,57940292284000,4.1814466,9.724928,-1.3756552
9159,17,Walking,57940402300000,8.117727,10.651112,-0.040861044
9160,17,Walking,57940512285000,0.23154591,13.797412,-2.1792557
9161,17,Walking,57940622301000,1.7978859,10.378705,-0.08172209
9162,17,Walking,57940732317000,2.2201166000000003,3.2961242,-1.1441092
9163,17,Walking,57940782274000,0.7218784,3.173541,1.8796080000000002
9164,17,Walking,57940892290000,6.170017700000001,18.0061,6.5922484
9165,17,Walking,57940992266000,1.9204689999999998,11.34575,-3.5276701
9166,17,Walking,57941102312000,3.8681788,6.851035,-3.9499009
9167,17,Walking,57941212358000,0.61291564,6.4015636,-0.3405087
9168,17,Walking,57941322313000,3.7183550000000003,8.921327999999999,-0.88532263
9169,17,Walking,57941432299000,7.6273947,10.882658000000001,-0.040861044
9170,17,Walking,57941542314000,0.88532263,12.067628,-1.8796080000000002
9171,17,Walking,57941642259000,1.8796080000000002,11.958665,0.6537767
9172,17,Walking,57941752306000,2.4516625,3.990762,-1.1441092
9173,17,Walking,57941862291000,1.3756552,5.2165932999999995,2.982856
9174,17,Walking,57941962236000,-1.334794,13.484144,5.9793324
9175,17,Walking,57942072313000,0.313268,9.507003,-5.09401
9176,17,Walking,57942172289000,3.3778462,10.119919,0.08172209
9177,17,Walking,57942272264000,3.1054392,7.205164,-2.1792557
9178,17,Walking,57942382341000,6.0882955,8.240311,-0.7218784
9179,17,Walking,57942492327000,6.823794400000001,12.598822,-0.84446156
9180,17,Walking,57942592333000,0.6537767,13.988097,-3.8273177000000005
9181,17,Walking,57942702318000,3.4868089999999996,9.847511,0.42223078
9182,17,Walking,57942752153000,4.3993720000000005,6.469665,-0.08172209
9183,17,Walking,57942862291000,-0.08172209,3.1054392,1.0760075
9184,17,Walking,57942962236000,5.706926,18.115063,5.7886477
9185,17,Walking,57943072313000,2.6423476000000004,11.114203,-2.3699405
9186,17,Walking,57943122301000,-0.27240697,7.1234417,-2.2609777
9187,17,Walking,57943232317000,2.982856,9.043911,0.53119355
9188,17,Walking,57943342302000,3.0645783,7.8180795,-1.9477096999999999
9189,17,Walking,57943452318000,4.140586,9.615966,-0.53119355
9190,17,Walking,57943562487000,6.9327570000000005,14.206022,-2.7513103
9191,17,Walking,57943662523000,0.7627395,14.818938000000001,-3.6774937999999993
9192,17,Walking,57943772295000,3.2961242,7.504811999999999,-1.8387468999999996
9193,17,Walking,57943882311000,0.10896278,4.372132,0.46309182
9194,17,Walking,57943982317000,6.3607025,13.375181,6.3607025
9195,17,Walking,57944092302000,0.42223078,13.797412,1.7978859
9196,17,Walking,57944202318000,2.2201166000000003,7.6273947,-2.4925237
9197,17,Walking,57944302233000,1.0351465,8.539958,0.040861044
9198,17,Walking,57944412310000,4.2086873,8.240311,-1.1441092
9199,17,Walking,57944522295000,3.7864565999999997,10.228881,-0.08172209
9200,17,Walking,57944632311000,4.7126402999999994,11.495573,-2.8330324
9201,17,Walking,57944742479000,2.1111538,15.282029999999999,-0.88532263
9202,17,Walking,57944852312000,3.5685309999999997,5.7477865,-0.27240697
9203,17,Walking,57944952288000,-0.27240697,4.5219555,2.4925237
9204,17,Walking,57945002306000,3.173541,7.586533500000001,3.4050870000000004
9205,17,Walking,57945112291000,0.040861044,12.571581,5.2165932999999995
9206,17,Walking,57945162462000,0.7218784,12.14935,-1.4165162
9207,17,Walking,57945262285000,3.6366330000000002,7.6682559999999995,-3.5276701
9208,17,Walking,57945372331000,-0.040861044,7.6682559999999995,0.10896278
9209,17,Walking,57945472277000,3.0645783,8.539958,-0.42223078
9210,17,Walking,57945582292000,5.366417,10.841797,-0.7627395
9211,17,Walking,57945692308000,4.290409599999999,11.727119,-2.3699405
9212,17,Walking,57945802294000,1.2258313,14.015338,-0.19068487
9213,17,Walking,57945912340000,3.173541,4.944186,-0.61291564
9214,17,Walking,57946022295000,0.7627395,4.903325,3.5685309999999997
9215,17,Walking,57946132311000,-0.46309182,14.137920999999999,6.9327570000000005
9216,17,Walking,57946242296000,0.5720546,9.656827,-3.2552630000000002
9217,17,Walking,57946352312000,3.6774937999999993,9.466142,0.23154591
9218,17,Walking,57946452318000,2.8330324,7.504811999999999,-2.6423476000000004
9219,17,Walking,57946562334000,4.671779,9.193735,-0.7218784
9220,17,Walking,57946662279000,8.471855999999999,12.680544,-0.27240697
9221,17,Walking,57946772295000,-0.10896278,14.369467000000002,-3.6774937999999993
9222,17,Walking,57946882311000,4.7943625,8.662541000000001,-0.61291564
9223,17,Walking,57946982347000,-0.10896278,3.2552630000000002,-1.607201
9224,17,Walking,57947092455000,3.5957718,8.308413,4.903325
9225,17,Walking,57947202318000,-0.38136974,15.282029999999999,3.214402
9226,17,Walking,57947302355000,0.92618364,7.2732660000000005,-1.6889231
9227,17,Walking,57947412279000,0.6946376999999999,9.00305,-0.0
9228,17,Walking,57947522295000,3.990762,8.19945,-0.9125633
9229,17,Walking,57947632311000,5.2165932999999995,9.915613,-0.95342433
9230,17,Walking,57947742296000,4.9850473,12.639683,-1.9885708
9231,17,Walking,57947852281000,0.50395286,16.017529,-2.3426998
9232,17,Walking,57947952349000,4.944186,6.5105260000000005,-0.10896278
9233,17,Walking,57948012316000,1.7978859,4.2086873,-0.61291564
9234,17,Walking,57948122301000,2.1792557,5.09401,2.982856
9235,17,Walking,57948232317000,-0.50395286,12.598822,6.66035
9236,17,Walking,57948342302000,1.7978859,6.742072,-2.8330324
9237,17,Walking,57948452349000,2.070293,8.662541000000001,0.14982383
9238,17,Walking,57948562303000,3.7592160000000003,8.471855999999999,-0.8036005
9239,17,Walking,57948662248000,5.09401,10.079058,-0.08172209
9240,17,Walking,57948772295000,5.7477865,12.762266,-3.0237172
9241,17,Walking,57948882311000,-0.27240697,14.47843,-2.3426998
9242,17,Walking,57948982378000,4.4810944,6.701211,-0.19068487
9243,17,Walking,57949092302000,-0.23154591,4.630918,1.2258313
9244,17,Walking,57949202318000,5.9793324,16.08563,6.4424243
9245,17,Walking,57949302263000,1.1441092,11.795221000000002,-2.8330324
9246,17,Walking,57949412310000,3.7864565999999997,6.742072,-4.440233
9247,17,Walking,57949522264000,0.19068487,7.3141264999999995,0.42223078
9248,17,Walking,57949632311000,2.7240696,9.00305,-0.10896278
9249,17,Walking,57949742296000,6.0201936,11.141444,-0.8036005
9250,17,Walking,57949852281000,2.3018389,10.56939,-0.88532263
9251,17,Walking,57949952288000,1.9204689999999998,13.906375,0.38136974
9252,17,Walking,57950062303000,3.2961242,4.630918,-0.6537767
9253,17,Walking,57950162310000,0.3405087,4.862464,3.0645783
9254,17,Walking,57950262346000,7.3958488,16.08563,6.238119
9255,17,Walking,57950372301000,0.95342433,11.264028,-2.1792557
9256,17,Walking,57950472277000,1.6480621,6.5513873,-4.4810944
9257,17,Walking,57950582292000,0.7218784,7.7363577,0.19068487
9258,17,Walking,57950682268000,3.336985,9.043911,-0.27240697
9259,17,Walking,57950792314000,5.938472,10.800936,-0.9942854
9260,17,Walking,57950902269000,1.56634,11.645397,-1.4982381999999999
9261,17,Walking,57951002306000,2.2609777,13.756551000000002,0.38136974
9262,17,Walking,57951112291000,2.6423476000000004,4.140586,-0.6537767
9263,17,Walking,57951222307000,1.1849703,5.8976107,3.336985
9264,17,Walking,57951332292000,3.173541,12.14935,6.0882955
9265,17,Walking,57951442308000,0.040861044,9.384419,-1.8796080000000002
9266,17,Walking,57951492174000,3.5276701,7.055340299999999,-4.5628166
9267,17,Walking,57951602281000,-0.27240697,8.730642999999999,-0.38136974
9268,17,Walking,57951712297000,3.8681788,8.430995,-0.14982383
9269,17,Walking,57951822313000,4.7943625,10.378705,-0.53119355
9270,17,Walking,57951932329000,4.903325,12.258313000000001,-2.6014863999999998
9271,17,Walking,57952042314000,1.4165162,15.745122,-0.46309182
9272,17,Walking,57952152300000,3.5276701,5.284695,-0.61291564
9273,17,Walking,57952262316000,-0.0,4.5219555,2.6423476000000004
9274,17,Walking,57952372301000,2.5606253,13.525004999999998,6.1291566
9275,17,Walking,57952472277000,1.4165162,11.75436,-2.3018389
9276,17,Walking,57952582292000,4.0588636,9.534244000000001,-2.0294318
9277,17,Walking,57952682268000,1.3075534,6.973617999999999,-1.1849703
9278,17,Walking,57952792284000,4.0588636,8.689782000000001,-1.0351465
9279,17,Walking,57952902300000,7.504811999999999,11.645397,-0.23154591
9280,17,Walking,57953002306000,1.4573771999999998,13.633968,-2.9556155
9281,17,Walking,57953112291000,2.1792557,10.800936,-0.27240697
9282,17,Walking,57953222307000,1.1849703,3.5276701,-1.9204689999999998
9283,17,Walking,57953322313000,3.173541,7.7363577,4.1814466
9284,17,Walking,57953432299000,-1.525479,14.056199,5.1348709999999995
9285,17,Walking,57953542314000,-0.08172209,7.3549875999999985,-2.1792557
9286,17,Walking,57953652300000,1.9477096999999999,9.343558,0.50395286
9287,17,Walking,57953762316000,3.6774937999999993,7.6682559999999995,-2.1111538
9288,17,Walking,57953872301000,4.944186,9.724928,-0.53119355
