,user,label,timestamp,x,y,z
9689,17,Walking,57996052324000,1.4573771999999998,8.962189,-2.1111538
9690,17,Walking,57996162310000,2.3426998,9.956474,0.313268
9691,17,Walking,57996262316000,3.4050870000000004,7.2732660000000005,-2.3699405
9692,17,Walking,57996362230000,4.290409599999999,9.956474,-1.2258313
9693,17,Walking,57996472307000,7.7363577,12.680544,-1.1441092
9694,17,Walking,57996582292000,1.4982381999999999,14.206022,-3.7183550000000003
9695,17,Walking,57996692339000,4.2495484,8.117727,-0.9942854
9696,17,Walking,57996802294000,-0.3405087,3.9499009,-0.08172209
9697,17,Walking,57996912310000,3.9090397000000006,12.217452,7.014479
9698,17,Walking,57997012285000,1.0760075,14.015338,-1.3075534
9699,17,Walking,57997122301000,3.5957718,6.4015636,-3.6774937999999993
9700,17,Walking,57997222277000,-0.3405087,8.539958,1.1441092
9701,17,Walking,57997332292000,3.5957718,8.62168,0.27240697
9702,17,Walking,57997442308000,6.823794400000001,11.141444,-0.08172209
9703,17,Walking,57997552294000,2.6832085,11.563675,-1.3756552
9704,17,Walking,57997662310000,0.9942854,12.026767,0.38136974
9705,17,Walking,57997772295000,2.4516625,4.630918,-0.9942854
9706,17,Walking,57997882311000,2.8330324,6.4015636,3.7592160000000003
9707,17,Walking,57997982286000,-0.9942854,12.108489,5.407278
9708,17,Walking,57998092302000,-0.0,8.853226,-2.982856
9709,17,Walking,57998202318000,4.7535014,10.651112,0.08172209
9710,17,Walking,57998312303000,3.336985,7.6682559999999995,-2.7513103
9711,17,Walking,57998422289000,4.862464,9.534244000000001,-0.5720546
9712,17,Walking,57998522264000,7.3549875999999985,13.443283,-2.2609777
9713,17,Walking,57998632311000,-0.46309182,15.322891,-4.944186
9714,17,Walking,57998732286000,4.4810944,7.8180795,-0.95342433
9715,17,Walking,57998842302000,0.040861044,3.336985,-0.5720546
9716,17,Walking,57998952318000,5.09401,11.032481,6.5105260000000005
9717,17,Walking,57999062303000,2.0294318,11.536434,-0.8036005
9718,17,Walking,57999172289000,3.1463002999999996,6.701211,-2.6423476000000004
9719,17,Walking,57999282305000,0.38136974,8.390134,0.19068487
9720,17,Walking,57999392290000,3.1463002999999996,8.62168,-0.7218784
9721,17,Walking,57999492266000,8.308413,10.18802,-0.53119355
9722,17,Walking,57999602312000,0.27240697,13.402422,-0.84446156
9723,17,Walking,57999712267000,1.8796080000000002,11.795221000000002,0.8036005
9724,17,Walking,57999822283000,1.8796080000000002,3.2552630000000002,-1.0760075
9725,17,Walking,57999932299000,2.3018389,5.7477865,4.372132
9726,17,Walking,58000032305000,-0.50395286,12.4489975,5.8567495
9727,17,Walking,58000142290000,1.9477096999999999,8.689782000000001,-3.214402
9728,17,Walking,58000242235000,2.7649305,9.888372,-0.19068487
9729,17,Walking,58000292284000,-0.23154591,9.084772000000001,0.5720546
9730,17,Walking,58000402300000,3.9499009,8.117727,0.50395286
9731,17,Walking,58000502275000,4.944186,11.372991,-0.46309182
9732,17,Walking,58000612291000,4.290409599999999,12.367275999999999,-2.3018389
9733,17,Walking,58000722277000,1.1168685,14.859798999999999,-1.1168685
9734,17,Walking,58000832292000,3.1054392,5.47538,-0.040861044
9735,17,Walking,58000942369000,0.38136974,5.175732,2.3426998
9736,17,Walking,58001002306000,6.3198414000000005,10.228881,5.7477865
9737,17,Walking,58001112291000,0.3405087,11.264028,0.50395286
9738,17,Walking,58001222307000,1.6889231,6.823794400000001,-2.5333846
9739,17,Walking,58001332262000,0.42223078,8.499097,0.19068487
9740,17,Walking,58001442308000,3.6774937999999993,8.689782000000001,0.08172209
9741,17,Walking,58001552294000,5.938472,10.882658000000001,-0.6537767
9742,17,Walking,58001662310000,2.6014863999999998,11.563675,-1.1168685
9743,17,Walking,58001762285000,1.0351465,14.2877445,0.040861044
9744,17,Walking,58001872301000,3.7183550000000003,4.290409599999999,-0.29964766
9745,17,Walking,58001982317000,-0.0,4.8216033,2.6423476000000004
9746,17,Walking,58002092302000,2.070293,13.715691,6.5105260000000005
9747,17,Walking,58002202318000,0.5720546,11.536434,-1.9885708
9748,17,Walking,58002312273000,5.0531489999999994,10.528528999999999,-0.14982383
9749,17,Walking,58002422319000,3.6774937999999993,7.4639505999999995,-2.9147543999999996
9750,17,Walking,58002522264000,5.366417,8.730642999999999,-0.27240697
9751,17,Walking,58002632311000,6.633109599999999,12.217452,-1.1441092
9752,17,Walking,58002732286000,1.1849703,14.437569,-4.4810944
9753,17,Walking,58002782244000,1.56634,15.404613500000002,-0.27240697
9754,17,Walking,58002892290000,3.5685309999999997,6.1291566,-0.50395286
9755,17,Walking,58002992266000,0.19068487,4.4810944,1.56634
9756,17,Walking,58003102312000,5.597963,15.595298000000001,5.325556
9757,17,Walking,58003212297000,1.334794,11.372991,-3.0645783
9758,17,Walking,58003322313000,4.630918,9.043911,-2.1792557
9759,17,Walking,58003432299000,1.8796080000000002,7.6273947,-1.7978859
9760,17,Walking,58003532305000,4.862464,8.921327999999999,-0.5720546
9761,17,Walking,58003642290000,8.008764,11.073342,-0.23154591
9762,17,Walking,58003742266000,0.9942854,13.906375,-2.5606253
9763,17,Walking,58003852312000,1.6480621,11.304889,0.19068487
9764,17,Walking,58003962297000,2.070293,3.7592160000000003,-0.95342433
9765,17,Walking,58004072313000,3.5685309999999997,8.049625,4.9850473
9766,17,Walking,58004182299000,1.1441092,15.132206,2.4516625
9767,17,Walking,58004292314000,0.19068487,6.633109599999999,-3.5685309999999997
9768,17,Walking,58004402300000,2.6832085,9.152874,0.92618364
9769,17,Walking,58004502275000,4.3993720000000005,7.436710000000001,-0.27240697
9770,17,Walking,58004552141000,5.0531489999999994,9.084772000000001,-1.0351465
9771,17,Walking,58004662310000,7.205164,11.795221000000002,-0.50395286
9772,17,Walking,58004762590000,1.607201,12.176591,-2.6423476000000004
9773,17,Walking,58004872301000,1.3075534,13.375181,0.27240697
9774,17,Walking,58004982317000,1.4573771999999998,4.3312707,-0.6537767
9775,17,Walking,58005092302000,3.4868089999999996,5.829509,4.140586
9776,17,Walking,58005202318000,-1.1441092,12.980191,5.597963
9777,17,Walking,58005312303000,-0.61291564,7.205164,-1.1441092
9778,17,Walking,58005422289000,3.9090397000000006,9.724928,0.50395286
9779,17,Walking,58005522264000,3.2552630000000002,8.580819,-2.070293
9780,17,Walking,58005632311000,5.1348709999999995,9.507003,-0.61291564
9781,17,Walking,58005742296000,4.1814466,14.137920999999999,-3.2961242
9782,17,Walking,58005852312000,-0.14982383,15.976667,-2.7513103
9783,17,Walking,58005962297000,5.012288,6.469665,-1.0760075
9784,17,Walking,58006072313000,-0.23154591,4.290409599999999,0.61291564
9785,17,Walking,58006182299000,5.434519,15.132206,6.633109599999999
9786,17,Walking,58006292314000,1.9885708,14.601013,-2.7513103
9787,17,Walking,58006402300000,2.070293,8.499097,-4.7126402999999994
9788,17,Walking,58006502275000,0.53119355,6.851035,-1.4165162
9789,17,Walking,58006612291000,4.140586,8.812365,-0.84446156
9790,17,Walking,58006722307000,8.117727,10.923519,-0.0
9791,17,Walking,58006832292000,1.0760075,13.021052000000001,-2.5333846
9792,17,Walking,58006942308000,2.0294318,10.501288,0.14982383
9793,17,Walking,58007052294000,0.92618364,3.214402,-1.3075534
9794,17,Walking,58007162310000,4.440233,8.539958,5.434519
9795,17,Walking,58007262407000,-0.53119355,12.721405,3.336985
9796,17,Walking,58007362230000,0.10896278,7.3141264999999995,-1.334794
9797,17,Walking,58007472277000,3.4459480000000005,10.228881,-0.19068487
9798,17,Walking,58007582292000,3.0645783,8.158588,-1.7297841
9799,17,Walking,58007692308000,4.903325,9.724928,-0.53119355
9800,17,Walking,58007802294000,4.440233,13.402422,-2.4108016
9801,17,Walking,58007912310000,0.88532263,16.017529,-1.56634
9802,17,Walking,58008012255000,4.7535014,5.8567495,-0.42223078
9803,17,Walking,58008122301000,-0.14982383,3.5957718,0.3405087
9804,17,Walking,58008232317000,5.0531489999999994,16.358038,6.170017700000001
9805,17,Walking,58008342302000,1.8796080000000002,11.34575,-3.8273177000000005
9806,17,Walking,58008452318000,4.018002500000001,9.275456,-2.8330324
9807,17,Walking,58008562303000,1.4573771999999998,6.891896000000001,-2.070293
9808,17,Walking,58008672289000,4.7943625,9.534244000000001,-1.1168685
9809,17,Walking,58008772264000,7.3549875999999985,11.604536,-1.0760075
9810,17,Walking,58008882311000,0.53119355,14.47843,-3.9090397000000006
9811,17,Walking,58008982317000,2.7649305,9.084772000000001,-0.27240697
9812,17,Walking,58009092302000,1.5390993,3.4050870000000004,-1.525479
9813,17,Walking,58009202318000,4.372132,8.349273,3.9499009
9814,17,Walking,58009312303000,-0.23154591,14.601013,2.4925237
9815,17,Walking,58009422289000,1.2666923,6.0474343,-2.4516625
9816,17,Walking,58009522264000,0.50395286,9.00305,-0.08172209
9817,17,Walking,58009572344000,1.1849703,7.4639505999999995,-1.9885708
9818,17,Walking,58009682299000,4.7943625,9.193735,-0.84446156
9819,17,Walking,58009782305000,7.4639505999999995,11.686258,-0.42223078
9820,17,Walking,58009892259000,1.1849703,12.762266,-2.5333846
9821,17,Walking,58010002306000,1.6480621,9.915613,0.08172209
9822,17,Walking,58010112291000,1.7297841,2.8738932999999998,-1.0351465
9823,17,Walking,58010222307000,5.5571017,9.466142,5.9793324
9824,17,Walking,58010332292000,0.50395286,14.1787815,0.38136974
9825,17,Walking,58010442308000,1.9477096999999999,5.5162406,-3.5276701
9826,17,Walking,58010552294000,-0.27240697,8.281172,0.9942854
9827,17,Walking,58010662310000,4.5219555,9.193735,0.08172209
9828,17,Walking,58010762255000,6.851035,10.691972999999999,-0.3405087
9829,17,Walking,58010872301000,1.7297841,11.985906,-1.334794
9830,17,Walking,58010982317000,1.4573771999999998,13.334320000000002,1.5390993
9831,17,Walking,58011092302000,2.6014863999999998,2.5606253,-1.3075534
9832,17,Walking,58011202318000,2.1111538,7.246025,4.3312707
9833,17,Walking,58011312303000,-0.08172209,13.0619135,5.8976107
9834,17,Walking,58011422289000,0.313268,6.3198414000000005,-2.1383946
9835,17,Walking,58011522234000,1.5390993,9.343558,0.19068487
9836,17,Walking,58011632311000,3.5957718,7.7363577,-1.4982381999999999
9837,17,Walking,58011742296000,5.666064700000001,10.337844,0.08172209
9838,17,Walking,58011852312000,2.4108016,12.217452,-2.5606253
9839,17,Walking,58011962297000,2.152015,15.050485,0.08172209
9840,17,Walking,58012072313000,3.1463002999999996,4.2086873,-0.95342433
9841,17,Walking,58012182329000,1.0351465,5.09401,3.1463002999999996
9842,17,Walking,58012282274000,-0.42223078,12.639683,6.823794400000001
9843,17,Walking,58012382250000,0.7627395,11.536434,-1.6480621
9844,17,Walking,58012492296000,3.6366330000000002,10.228881,-2.070293
9845,17,Walking,58012602312000,1.7978859,7.014479,-2.7921712000000003
9846,17,Walking,58012712297000,5.666064700000001,9.043911,-0.53119355
9847,17,Walking,58012822344000,6.170017700000001,13.102775,-1.9885708
9848,17,Walking,58012932299000,-0.040861044,16.739407,-3.3642258999999997
9849,17,Walking,58013032274000,5.434519,7.014479,-0.7218784
9850,17,Walking,58013142290000,-0.27240697,3.2552630000000002,-0.9125633
9851,17,Walking,58013252306000,6.238119,13.334320000000002,6.4424243
9852,17,Walking,58013352281000,-0.27240697,14.669114000000002,-2.1383946
9853,17,Walking,58013462297000,1.7297841,5.666064700000001,-3.1054392
9854,17,Walking,58013512133000,3.5685309999999997,9.697687,-1.4982381999999999
9855,17,Walking,58013622423000,1.8387468999999996,7.2732660000000005,-2.3018389
9856,17,Walking,58013732317000,5.09401,9.343558,-0.61291564
9857,17,Walking,58013842302000,6.3607025,12.871228,-1.2666923
9858,17,Walking,58013952318000,0.19068487,15.023244,-4.140586
9859,17,Walking,58014062303000,3.4868089999999996,8.158588,-1.4982381999999999
9860,17,Walking,58014172380000,0.14982383,3.4868089999999996,-0.84446156
9861,17,Walking,58014272447000,4.7943625,12.721405,6.2108784
9862,17,Walking,58014372240000,1.334794,13.947235999999998,-0.08172209
9863,17,Walking,58014482317000,1.4573771999999998,5.7886477,-2.982856
9864,17,Walking,58014592302000,0.6946376999999999,8.008764,0.9942854
9865,17,Walking,58014702318000,3.1463002999999996,9.275456,-0.08172209
9866,17,Walking,58014812303000,6.3198414000000005,10.732834,-0.46309182
9867,17,Walking,58014922289000,3.214402,11.536434,-1.1441092
9868,17,Walking,58015022234000,1.8796080000000002,14.137920999999999,-0.0
9869,17,Walking,58015132311000,2.2609777,4.944186,-0.6946376999999999
9870,17,Walking,58015242296000,1.56634,5.366417,3.0645783
9871,17,Walking,58015352312000,-0.5720546,11.645397,5.7886477
9872,17,Walking,58015462297000,2.152015,9.275456,-3.6774937999999993
9873,17,Walking,58015572313000,2.3426998,9.765789,0.14982383
9874,17,Walking,58015682299000,3.4050870000000004,7.504811999999999,-2.1792557
9875,17,Walking,58015782274000,4.3312707,10.228881,-0.10896278
9876,17,Walking,58015892290000,7.2732660000000005,12.571581,-0.9942854
9877,17,Walking,58016002306000,0.27240697,15.091345,-4.2086873
9878,17,Walking,58016112291000,4.862464,7.7363577,-0.6946376999999999
9879,17,Walking,58016222307000,-0.08172209,3.6774937999999993,-0.42223078
9880,17,Walking,58016332292000,5.2165932999999995,13.674829500000001,6.5105260000000005
9881,17,Walking,58016442278000,1.5390993,15.023244,-1.4165162
9882,17,Walking,58016542314000,2.7649305,5.666064700000001,-4.3312707
9883,17,Walking,58016652300000,-0.14982383,7.4639505999999995,1.1441092
9884,17,Walking,58016762316000,2.5333846,8.689782000000001,-0.10896278
9885,17,Walking,58016872301000,5.706926,10.800936,-0.5720546
9886,17,Walking,58016982317000,3.1463002999999996,11.686258,-1.8387468999999996
9887,17,Walking,58017092272000,2.0294318,13.947235999999998,0.14982383
9888,17,Walking,58017202318000,2.3426998,4.3312707,-0.9125633
