,user,label,timestamp,x,y,z
10089,17,Walking,58038352312000,5.366417,9.466142,4.2086873
10090,17,Walking,58038462297000,0.27240697,13.184497,1.8387468999999996
10091,17,Walking,58038572313000,1.0351465,6.2789803,-2.4516625
10092,17,Walking,58038682299000,0.23154591,8.62168,0.10896278
10093,17,Walking,58038792314000,3.9090397000000006,9.00305,-0.88532263
10094,17,Walking,58038902330000,5.5162406,9.656827,-1.2666923
10095,17,Walking,58039002275000,4.903325,12.680544,-2.7513103
10096,17,Walking,58039112322000,0.92618364,15.894946,-2.6423476000000004
10097,17,Walking,58039222307000,5.284695,8.008764,-0.27240697
10098,17,Walking,58039322283000,0.23154591,3.8681788,0.46309182
10099,17,Walking,58039432299000,7.2732660000000005,14.709975,6.0201936
10100,17,Walking,58039532335000,2.5606253,11.413852,-0.46309182
10101,17,Walking,58039642290000,3.2552630000000002,7.2732660000000005,-3.6366330000000002
10102,17,Walking,58039752306000,-0.19068487,8.430995,-0.040861044
10103,17,Walking,58039862291000,3.4459480000000005,9.084772000000001,-0.14982383
10104,17,Walking,58039972307000,4.4810944,10.147159,-0.95342433
10105,17,Walking,58040082384000,4.1814466,12.026767,-1.4573771999999998
10106,17,Walking,58040132158000,1.5390993,12.4489975,-3.2552630000000002
10107,17,Walking,58040242479000,1.8796080000000002,10.800936,0.040861044
10108,17,Walking,58040352312000,1.56634,4.140586,-0.95342433
10109,17,Walking,58040462297000,4.0588636,6.469665,3.2552630000000002
10110,17,Walking,58040572313000,-0.6946376999999999,9.765789,4.2495484
10111,17,Walking,58040682299000,1.3756552,9.80665,0.23154591
10112,17,Walking,58040792314000,1.6480621,9.697687,-0.0
10113,17,Walking,58040902330000,3.6774937999999993,8.499097,-1.4982381999999999
10114,17,Walking,58041002275000,4.5628166,9.112013000000001,-0.38136974
10115,17,Walking,58041112291000,5.47538,13.525004999999998,-2.1111538
10116,17,Walking,58041222307000,1.0760075,13.674829500000001,-3.5276701
10117,17,Walking,58041322252000,5.0531489999999994,7.8861814,-0.6537767
10118,17,Walking,58041432299000,0.5720546,5.09401,-0.29964766
10119,17,Walking,58041532274000,2.7649305,9.00305,4.3993720000000005
10120,17,Walking,58041642290000,2.5606253,10.419566,1.1168685
10121,17,Walking,58041752306000,0.92618364,6.782933,-1.525479
10122,17,Walking,58041862291000,1.6480621,8.471855999999999,0.38136974
10123,17,Walking,58041972307000,3.6366330000000002,8.662541000000001,-0.23154591
10124,17,Walking,58042082292000,4.372132,10.038197,-1.1441092
10125,17,Walking,58042192308000,4.6036777,13.102775,-2.2609777
10126,17,Walking,58042302324000,1.3756552,14.560151999999999,-2.4108016
10127,17,Walking,58042402391000,3.5685309999999997,6.66035,-0.50395286
10128,17,Walking,58042512346000,-0.0,4.862464,0.95342433
10129,17,Walking,58042622301000,6.9327570000000005,15.282029999999999,6.0474343
10130,17,Walking,58042732317000,-1.0760075,13.565866,-1.3756552
10131,17,Walking,58042832292000,2.7240696,6.3198414000000005,-4.4810944
10132,17,Walking,58042942308000,0.88532263,7.3958488,0.42223078
10133,17,Walking,58043042284000,3.0645783,8.730642999999999,0.46309182
10134,17,Walking,58043152300000,4.7535014,10.269741999999999,-1.1849703
10135,17,Walking,58043262316000,4.018002500000001,11.372991,-2.3426998
10136,17,Walking,58043372301000,1.1441092,15.091345,-0.6946376999999999
10137,17,Walking,58043482317000,3.1054392,5.625203599999999,-0.7627395
10138,17,Walking,58043592333000,0.27240697,4.099725,1.6889231
10139,17,Walking,58043702318000,5.175732,16.86199,5.8976107
10140,17,Walking,58043812303000,2.152015,10.991621,-2.7921712000000003
10141,17,Walking,58043922289000,4.7943625,10.079058,-1.0351465
10142,17,Walking,58044032305000,1.607201,7.3141264999999995,-1.4982381999999999
10143,17,Walking,58044142290000,3.1463002999999996,9.00305,-0.9942854
10144,17,Walking,58044252306000,9.152874,11.223166,-0.38136974
10145,17,Walking,58044362291000,-0.14982383,12.408136,-1.4165162
10146,17,Walking,58044412279000,1.334794,14.015338,-1.56634
10147,17,Walking,58044522295000,5.012288,7.3549875999999985,0.08172209
10148,17,Walking,58044632341000,0.42223078,4.862464,0.95342433
10149,17,Walking,58044742327000,6.5922484,17.161638,6.469665
10150,17,Walking,58044842333000,3.0645783,11.413852,-2.6832085
10151,17,Walking,58044952349000,3.1463002999999996,7.1234417,-3.7592160000000003
10152,17,Walking,58045052263000,0.040861044,8.117727,-0.10896278
10153,17,Walking,58045162340000,2.982856,9.00305,-0.19068487
10154,17,Walking,58045262316000,6.823794400000001,10.269741999999999,-0.84446156
10155,17,Walking,58045372301000,3.5957718,12.4489975,-2.982856
10156,17,Walking,58045482286000,0.8036005,15.241169000000001,-1.1168685
10157,17,Walking,58045542345000,3.7592160000000003,8.008764,-1.3756552
10158,17,Walking,58045652300000,0.84446156,4.903325,-1.1441092
10159,17,Walking,58045762316000,3.7592160000000003,7.6682559999999995,3.7864565999999997
10160,17,Walking,58045872301000,1.5390993,12.571581,2.070293
10161,17,Walking,58045982317000,0.5720546,5.5162406,-2.8330324
10162,17,Walking,58046092302000,-0.10896278,9.084772000000001,0.53119355
10163,17,Walking,58046202318000,3.2961242,8.853226,-0.42223078
10164,17,Walking,58046312303000,5.706926,9.80665,-1.0351465
10165,17,Walking,58046412248000,4.3993720000000005,12.489859,-2.6832085
10166,17,Walking,58046522295000,0.53119355,15.785982999999998,-3.1054392
10167,17,Walking,58046632341000,4.630918,7.014479,-0.29964766
10168,17,Walking,58046742296000,0.19068487,3.9499009,0.313268
10169,17,Walking,58046842302000,5.2165932999999995,16.249075,6.3607025
10170,17,Walking,58046952318000,2.4108016,11.182305,-0.9942854
10171,17,Walking,58047052263000,3.214402,6.66035,-3.9090397000000006
10172,17,Walking,58047162310000,-0.88532263,8.158588,0.08172209
10173,17,Walking,58047272295000,3.214402,8.62168,-0.3405087
10174,17,Walking,58047382311000,6.633109599999999,10.501288,-0.9942854
10175,17,Walking,58047492296000,2.0294318,12.4489975,-2.7921712000000003
10176,17,Walking,58047602312000,2.2609777,14.709975,-0.5720546
10177,17,Walking,58047712297000,4.3993720000000005,5.8567495,-0.50395286
10178,17,Walking,58047822313000,0.53119355,3.7183550000000003,1.8387468999999996
10179,17,Walking,58047932299000,5.175732,15.363751999999998,6.5922484
10180,17,Walking,58048032274000,1.6480621,11.75436,-2.3426998
10181,17,Walking,58048142290000,4.7126402999999994,9.275456,-1.9477096999999999
10182,17,Walking,58048252306000,0.95342433,7.6273947,-0.7218784
10183,17,Walking,58048352312000,2.8738932999999998,8.921327999999999,-0.29964766
10184,17,Walking,58048462267000,7.927042500000001,10.079058,-0.53119355
10185,17,Walking,58048562303000,1.2666923,12.680544,-1.7978859
10186,17,Walking,58048672289000,2.3426998,13.565866,-0.23154591
10187,17,Walking,58048782305000,3.173541,4.9850473,-0.6537767
10188,17,Walking,58048892321000,-0.3405087,4.1814466,1.9885708
10189,17,Walking,58048992266000,3.990762,15.472714999999999,6.973617999999999
10190,17,Walking,58049042162000,-0.42223078,13.988097,3.7864565999999997
10191,17,Walking,58049152330000,-0.6537767,6.973617999999999,-1.9885708
10192,17,Walking,58049262316000,3.4459480000000005,10.528528999999999,0.53119355
10193,17,Walking,58049372301000,3.336985,8.349273,-2.7513103
10194,17,Walking,58049482347000,4.8216033,9.152874,-0.42223078
10195,17,Walking,58049592302000,5.8567495,12.9529505,-2.3699405
10196,17,Walking,58049702318000,-0.10896278,15.050485,-4.140586
10197,17,Walking,58049812303000,4.7943625,8.076866,-1.0760075
10198,17,Walking,58049922289000,0.92618364,4.5219555,-0.08172209
10199,17,Walking,58050032305000,4.4810944,11.182305,6.1291566
10200,17,Walking,58050142290000,1.1168685,12.571581,-0.6537767
10201,17,Walking,58050252336000,2.9556155,6.469665,-4.440233
10202,17,Walking,58050352312000,0.08172209,8.049625,0.08172209
10203,17,Walking,58050462297000,4.140586,8.730642999999999,0.040861044
10204,17,Walking,58050562303000,5.012288,9.956474,-0.9125633
10205,17,Walking,58050672289000,4.3993720000000005,12.789507,-2.1383946
10206,17,Walking,58050782305000,0.5720546,15.404613500000002,-2.0294318
10207,17,Walking,58050892290000,4.018002500000001,7.164303,-0.23154591
10208,17,Walking,58050992266000,0.19068487,4.0588636,0.6946376999999999
10209,17,Walking,58051102342000,5.09401,15.513576500000001,6.851035
10210,17,Walking,58051212297000,1.1849703,11.454713,-2.1383946
10211,17,Walking,58051322344000,1.3075534,5.366417,-4.9850473
10212,17,Walking,58051422258000,0.040861044,7.7363577,-0.5720546
10213,17,Walking,58051532305000,4.018002500000001,8.662541000000001,-0.29964766
10214,17,Walking,58051642290000,6.701211,10.419566,-0.8036005
10215,17,Walking,58051752306000,1.8796080000000002,11.536434,-1.2666923
10216,17,Walking,58051852312000,2.3699405,14.206022,-0.0
10217,17,Walking,58051962297000,2.6832085,5.2165932999999995,-0.7627395
10218,17,Walking,58052062273000,1.0760075,4.6036777,2.8330324
10219,17,Walking,58052172289000,3.8273177000000005,16.08563,5.0531489999999994
10220,17,Walking,58052282305000,1.7978859,13.252598999999998,-2.5333846
10221,17,Walking,58052392290000,3.4868089999999996,8.430995,-3.2552630000000002
10222,17,Walking,58052502306000,1.0351465,7.7363577,-0.88532263
10223,17,Walking,58052612291000,4.2495484,8.539958,-0.7218784
10224,17,Walking,58052722307000,6.9327570000000005,11.413852,-0.0
10225,17,Walking,58052822283000,1.5390993,11.304889,-1.56634
10226,17,Walking,58052932329000,1.9885708,13.102775,1.3075534
10227,17,Walking,58053032305000,2.4516625,3.7864565999999997,-1.0760075
10228,17,Walking,58053142290000,0.7627395,4.9850473,3.3778462
10229,17,Walking,58053252306000,1.8796080000000002,10.651112,6.9327570000000005
10230,17,Walking,58053352281000,1.4573771999999998,10.501288,-3.4050870000000004
10231,17,Walking,58053462297000,4.099725,10.460427000000001,-1.2666923
10232,17,Walking,58053562273000,2.3426998,7.205164,-1.6480621
10233,17,Walking,58053672289000,4.862464,9.084772000000001,-1.0760075
10234,17,Walking,58053782305000,7.014479,11.985906,-0.42223078
10235,17,Walking,58053892290000,1.9204689999999998,11.454713,-1.8796080000000002
10236,17,Walking,58054002306000,2.3699405,10.56939,0.19068487
10237,17,Walking,58054112291000,1.5390993,4.099725,-1.334794
10238,17,Walking,58054222338000,2.3426998,6.633109599999999,4.290409599999999
10239,17,Walking,58054282274000,5.8567495,16.358038,5.366417
10240,17,Walking,58054392290000,0.5720546,12.108489,-2.1792557
10241,17,Walking,58054502306000,3.1054392,7.8589406,-2.7513103
10242,17,Walking,58054612291000,1.0760075,7.3958488,-0.7627395
10243,17,Walking,58054722338000,4.2495484,8.921327999999999,-0.84446156
10244,17,Walking,58054832292000,7.164303,11.495573,-0.46309182
10245,17,Walking,58054942308000,1.7570249,12.598822,-1.8796080000000002
10246,17,Walking,58055042284000,1.607201,11.141444,0.23154591
10247,17,Walking,58055152330000,2.6014863999999998,4.2495484,-0.61291564
10248,17,Walking,58055252306000,1.5390993,4.862464,3.2961242
10249,17,Walking,58055352251000,1.1441092,14.1787815,6.2108784
10250,17,Walking,58055462328000,1.8796080000000002,10.923519,-3.0237172
10251,17,Walking,58055522264000,3.4868089999999996,6.0201936,-3.4459480000000005
10252,17,Walking,58055632311000,-0.19068487,8.689782000000001,0.08172209
10253,17,Walking,58055742296000,3.9499009,8.962189,-0.8036005
10254,17,Walking,58055842241000,6.469665,9.888372,-0.84446156
10255,17,Walking,58055952318000,3.1054392,13.211738,-2.4516625
10256,17,Walking,58056052233000,1.2258313,14.519291,-0.5720546
10257,17,Walking,58056162340000,4.3993720000000005,5.706926,-0.19068487
10258,17,Walking,58056262316000,0.23154591,4.3312707,1.8387468999999996
10259,17,Walking,58056362291000,4.372132,16.780268,6.0882955
10260,17,Walking,58056472338000,2.5333846,11.073342,-3.4868089999999996
10261,17,Walking,58056572313000,3.4868089999999996,8.390134,-4.0588636
10262,17,Walking,58056682299000,0.6537767,7.8861814,0.040861044
10263,17,Walking,58056792284000,3.336985,8.19945,-0.040861044
10264,17,Walking,58056902300000,7.205164,10.760075,-0.14982383
10265,17,Walking,58057002275000,1.7297841,12.026767,-1.334794
10266,17,Walking,58057112291000,1.8796080000000002,14.859798999999999,0.313268
10267,17,Walking,58057222307000,2.152015,4.3312707,-0.6537767
10268,17,Walking,58057332292000,1.3756552,5.434519,3.5685309999999997
10269,17,Walking,58057432268000,0.95342433,15.745122,6.4015636
10270,17,Walking,58057542314000,2.1111538,9.888372,-3.173541
10271,17,Walking,58057652300000,3.4459480000000005,9.425281,-0.7627395
10272,17,Walking,58057762346000,2.4108016,8.158588,-2.6832085
10273,17,Walking,58057862261000,4.8216033,8.853226,-0.50395286
10274,17,Walking,58057912157000,4.7126402999999994,9.697687,-0.6946376999999999
10275,17,Walking,58058022295000,5.175732,12.762266,-1.9204689999999998
10276,17,Walking,58058132311000,0.27240697,15.854085000000001,-1.7978859
10277,17,Walking,58058242296000,4.8216033,6.5105260000000005,0.23154591
10278,17,Walking,58058342272000,-0.040861044,4.099725,0.88532263
10279,17,Walking,58058452318000,6.170017700000001,16.507862,5.706926
10280,17,Walking,58058552233000,0.88532263,11.454713,-2.0294318
10281,17,Walking,58058662310000,2.9556155,7.014479,-4.1814466
10282,17,Walking,58058772295000,-0.61291564,7.586533500000001,0.14982383
10283,17,Walking,58058882311000,3.1054392,9.765789,0.23154591
10284,17,Walking,58058982317000,7.2732660000000005,9.724928,-0.7218784
10285,17,Walking,58059092302000,3.1054392,11.795221000000002,-1.7978859
10286,17,Walking,58059202318000,1.334794,14.669114000000002,-0.23154591
10287,17,Walking,58059312303000,3.3778462,4.8216033,-0.14982383
10288,17,Walking,58059412310000,0.46309182,5.5162406,3.1054392
