,user,label,timestamp,x,y,z
10289,17,Walking,58059522295000,4.7943625,15.513576500000001,5.706926
10290,17,Walking,58059632311000,1.2258313,13.443283,-1.607201
10291,17,Walking,58059742296000,3.5276701,9.275456,-3.2961242
10292,17,Walking,58059842272000,1.1849703,7.3141264999999995,-1.4573771999999998
10293,17,Walking,58059952318000,4.5628166,8.499097,-0.46309182
10294,17,Walking,58060052233000,7.014479,11.536434,-0.10896278
10295,17,Walking,58060162310000,2.6423476000000004,12.367275999999999,-1.8796080000000002
10296,17,Walking,58060262316000,2.1111538,11.114203,0.53119355
10297,17,Walking,58060362261000,2.070293,4.630918,-1.0351465
10298,17,Walking,58060472277000,0.50395286,4.903325,2.7921712000000003
10299,17,Walking,58060572313000,3.0645783,15.704260999999999,6.3607025
10300,17,Walking,58060682299000,0.7627395,12.830366999999999,-1.334794
10301,17,Walking,58060792314000,3.990762,10.119919,-1.9477096999999999
10302,17,Walking,58060902300000,1.9204689999999998,6.891896000000001,-1.7978859
10303,17,Walking,58061002275000,4.7943625,8.008764,0.040861044
10304,17,Walking,58061112291000,6.5105260000000005,11.836082000000001,-0.6537767
10305,17,Walking,58061222307000,1.334794,12.980191,-2.3699405
10306,17,Walking,58061332292000,2.5333846,9.956474,-0.14982383
10307,17,Walking,58061432238000,1.1849703,3.9499009,-0.6946376999999999
10308,17,Walking,58061542314000,2.5333846,5.8976107,4.140586
10309,17,Walking,58061652300000,0.61291564,11.182305,5.625203599999999
10310,17,Walking,58061762316000,1.1849703,8.689782000000001,-1.7297841
10311,17,Walking,58061862261000,2.7921712000000003,10.501288,0.50395286
10312,17,Walking,58061912340000,0.46309182,7.164303,-1.0760075
10313,17,Walking,58062022325000,3.6366330000000002,9.043911,-0.46309182
10314,17,Walking,58062132311000,7.436710000000001,10.460427000000001,-0.9942854
10315,17,Walking,58062242296000,1.56634,11.304889,-1.334794
10316,17,Walking,58062342272000,1.607201,14.328606,0.3405087
10317,17,Walking,58062452318000,3.6366330000000002,4.944186,-0.19068487
10318,17,Walking,58062552263000,0.5720546,4.8216033,2.152015
10319,17,Walking,58062662310000,6.0882955,14.437569,5.8567495
10320,17,Walking,58062762285000,1.607201,11.563675,-0.9942854
10321,17,Walking,58062862505000,2.7240696,8.471855999999999,-3.6366330000000002
10322,17,Walking,58062962297000,0.313268,7.3958488,-0.10896278
10323,17,Walking,58063062487000,3.1463002999999996,9.343558,0.27240697
10324,17,Walking,58063122270000,5.012288,8.962189,-0.7218784
10325,17,Walking,58063232347000,7.6682559999999995,12.489859,-1.6480621
10326,17,Walking,58063342302000,-0.08172209,14.47843,-3.8273177000000005
10327,17,Walking,58063452318000,4.5628166,8.471855999999999,-1.2258313
10328,17,Walking,58063552263000,0.50395286,3.990762,-0.7627395
10329,17,Walking,58063602281000,1.1168685,4.5628166,2.2609777
10330,17,Walking,58063712297000,5.09401,17.434046,5.938472
10331,17,Walking,58063822313000,1.2666923,10.732834,-2.5606253
10332,17,Walking,58063932299000,4.3993720000000005,10.61025,-1.4982381999999999
10333,17,Walking,58064042314000,2.3699405,7.4639505999999995,-2.5606253
10334,17,Walking,58064152300000,4.903325,8.730642999999999,-0.88532263
10335,17,Walking,58064262316000,7.8180795,11.413852,-1.334794
10336,17,Walking,58064362230000,0.08172209,14.1787815,-2.6832085
10337,17,Walking,58064472307000,2.2201166000000003,10.228881,0.040861044
10338,17,Walking,58064572283000,1.7570249,3.336985,-1.334794
10339,17,Walking,58064682299000,1.7297841,5.666064700000001,4.1814466
10340,17,Walking,58064792345000,-0.61291564,13.184497,6.66035
10341,17,Walking,58064902300000,-0.08172209,7.6954966,-1.607201
10342,17,Walking,58065002275000,3.9499009,10.310603,0.27240697
10343,17,Walking,58065112291000,2.9556155,8.117727,-2.6423476000000004
10344,17,Walking,58065222307000,5.012288,9.043911,-0.42223078
10345,17,Walking,58065332292000,6.2789803,13.334320000000002,-2.6832085
10346,17,Walking,58065432238000,0.10896278,14.859798999999999,-4.1814466
10347,17,Walking,58065482286000,0.8036005,13.143635999999999,-0.46309182
10348,17,Walking,58065592302000,3.1054392,4.8216033,-0.14982383
10349,17,Walking,58065702318000,0.08172209,5.434519,2.4516625
10350,17,Walking,58065812303000,5.7477865,16.698545000000003,5.1348709999999995
10351,17,Walking,58065922289000,1.2258313,12.489859,-3.0645783
10352,17,Walking,58066032305000,4.140586,7.927042500000001,-2.5606253
10353,17,Walking,58066142290000,1.6889231,7.586533500000001,-0.6946376999999999
10354,17,Walking,58066252306000,4.3993720000000005,9.043911,-0.7627395
10355,17,Walking,58066352281000,7.927042500000001,11.495573,-0.19068487
10356,17,Walking,58066462297000,1.3756552,11.563675,-1.8387468999999996
10357,17,Walking,58066562242000,1.6480621,10.882658000000001,0.14982383
10358,17,Walking,58066672289000,2.5606253,4.944186,-0.6946376999999999
10359,17,Walking,58066722154000,0.040861044,5.012288,0.6537767
10360,17,Walking,58066832445000,6.4424243,13.334320000000002,6.2789803
10361,17,Walking,58066942308000,-0.27240697,13.143635999999999,-1.6889231
10362,17,Walking,58067042284000,1.4573771999999998,5.5571017,-4.140586
10363,17,Walking,58067152300000,-1.1441092,8.19945,0.6537767
10364,17,Walking,58067262316000,3.9090397000000006,8.894086999999999,-0.3405087
10365,17,Walking,58067362230000,4.944186,10.501288,-0.5720546
10366,17,Walking,58067472307000,4.3993720000000005,11.34575,-2.0294318
10367,17,Walking,58067572283000,1.56634,13.633968,-1.6889231
10368,17,Walking,58067682299000,3.2961242,7.586533500000001,-0.9942854
10369,17,Walking,58067792314000,0.5720546,5.434519,2.2201166000000003
10370,17,Walking,58067902300000,6.3607025,13.906375,5.938472
10371,17,Walking,58068012316000,0.8036005,10.732834,-1.8387468999999996
10372,17,Walking,58068122301000,4.5219555,8.430995,-2.6014863999999998
10373,17,Walking,58068232317000,2.1792557,7.6273947,-0.50395286
10374,17,Walking,58068342333000,3.5685309999999997,8.008764,-0.95342433
10375,17,Walking,58068442308000,7.2732660000000005,11.645397,-0.08172209
10376,17,Walking,58068552294000,2.070293,11.563675,-0.88532263
10377,17,Walking,58068662310000,2.1111538,11.413852,-0.040861044
10378,17,Walking,58068772295000,1.5390993,3.9090397000000006,-1.1849703
10379,17,Walking,58068872484000,1.334794,5.7477865,3.6366330000000002
10380,17,Walking,58068982317000,2.7240696,12.980191,6.0474343
10381,17,Walking,58069082262000,1.7570249,9.575105,-2.3018389
10382,17,Walking,58069192308000,4.2495484,10.310603,-0.88532263
10383,17,Walking,58069302294000,3.4050870000000004,7.9679036,-3.0645783
10384,17,Walking,58069412310000,5.5162406,8.894086999999999,-0.040861044
10385,17,Walking,58069522295000,6.238119,12.217452,-1.4573771999999998
10386,17,Walking,58069632311000,-0.040861044,14.628252999999999,-4.0588636
10387,17,Walking,58069742327000,4.290409599999999,8.308413,-1.0351465
10388,17,Walking,58069852312000,0.50395286,4.440233,-0.08172209
10389,17,Walking,58069962297000,5.09401,10.378705,5.8567495
10390,17,Walking,58070062273000,2.6423476000000004,11.686258,0.08172209
10391,17,Walking,58070172319000,0.42223078,4.3312707,-3.3642258999999997
10392,17,Walking,58070272264000,0.61291564,8.894086999999999,0.53119355
10393,17,Walking,58070372301000,3.5685309999999997,8.471855999999999,-2.1111538
10394,17,Walking,58070482317000,3.7183550000000003,9.656827,-0.50395286
10395,17,Walking,58070582262000,7.7772183,11.264028,-1.3756552
10396,17,Walking,58070692308000,0.27240697,14.206022,-3.6366330000000002
10397,17,Walking,58070802294000,0.88532263,9.888372,-1.1168685
10398,17,Walking,58070912340000,1.8796080000000002,4.3312707,-0.42223078
10399,17,Walking,58071012255000,5.597963,7.3549875999999985,6.2108784
10400,17,Walking,58071122301000,-1.8387468999999996,12.598822,6.66035
10401,17,Walking,58071232317000,-0.27240697,8.308413,-2.2609777
10402,17,Walking,58071342333000,1.8796080000000002,9.656827,-0.5720546
10403,17,Walking,58071442247000,4.018002500000001,8.349273,-1.9477096999999999
10404,17,Walking,58071552294000,4.7535014,8.771504,-0.040861044
10405,17,Walking,58071662310000,5.938472,12.299174,-2.3018389
10406,17,Walking,58071762346000,-0.5720546,15.404613500000002,-4.2086873
10407,17,Walking,58071862322000,3.214402,9.084772000000001,-0.9125633
10408,17,Walking,58071922228000,2.7921712000000003,5.938472,-0.88532263
10409,17,Walking,58072032305000,-0.08172209,4.440233,2.152015
10410,17,Walking,58072142290000,4.9850473,16.507862,5.625203599999999
10411,17,Walking,58072252306000,2.4516625,12.14935,-2.8738932999999998
10412,17,Walking,58072362291000,4.140586,9.507003,-2.3699405
10413,17,Walking,58072472307000,1.334794,7.4639505999999995,-0.95342433
10414,17,Walking,58072572283000,3.7864565999999997,8.471855999999999,-0.29964766
10415,17,Walking,58072682299000,7.436710000000001,11.304889,-0.27240697
10416,17,Walking,58072792314000,0.7218784,12.176591,-1.1168685
10417,17,Walking,58072892259000,2.1111538,11.563675,0.46309182
10418,17,Walking,58072992266000,1.9477096999999999,4.4810944,-0.7218784
10419,17,Walking,58073102312000,1.6480621,4.4810944,3.2961242
10420,17,Walking,58073212297000,0.7218784,11.604536,6.823794400000001
10421,17,Walking,58073322313000,1.0351465,9.956474,-2.5606253
10422,17,Walking,58073422289000,3.4459480000000005,10.501288,-0.42223078
10423,17,Walking,58073532305000,3.9090397000000006,6.973617999999999,-1.9885708
10424,17,Walking,58073642290000,6.4424243,8.812365,-0.29964766
10425,17,Walking,58073752306000,6.1291566,12.639683,-1.4982381999999999
10426,17,Walking,58073862291000,-0.7218784,15.213928,-3.2552630000000002
10427,17,Walking,58073972307000,5.09401,7.014479,-0.50395286
10428,17,Walking,58074072283000,0.14982383,4.4810944,0.10896278
10429,17,Walking,58074182299000,3.6366330000000002,11.917805,5.625203599999999
10430,17,Walking,58074292314000,2.4516625,13.525004999999998,1.6889231
10431,17,Walking,58074392259000,0.08172209,5.706926,-1.7570249
10432,17,Walking,58074502306000,2.7921712000000003,7.4639505999999995,0.46309182
10433,17,Walking,58074612291000,2.7921712000000003,9.234595,0.08172209
10434,17,Walking,58074722307000,7.246025,8.894086999999999,-0.5720546
10435,17,Walking,58074832292000,0.14982383,12.14935,-0.3405087
10436,17,Walking,58074942308000,1.4165162,13.484144,1.607201
10437,17,Walking,58075052294000,2.2609777,4.1814466,-0.7218784
10438,17,Walking,58075162340000,1.1168685,5.47538,3.8273177000000005
10439,17,Walking,58075262316000,0.08172209,10.119919,6.782933
10440,17,Walking,58075372484000,2.4925237,11.114203,-3.1054392
10441,17,Walking,58075482317000,5.175732,11.604536,-1.2666923
10442,17,Walking,58075582262000,1.9885708,7.164303,-3.1054392
10443,17,Walking,58075632128000,3.173541,9.343558,0.23154591
10444,17,Walking,58075742418000,5.597963,10.119919,-0.84446156
10445,17,Walking,58075852312000,4.099725,11.264028,-2.1111538
10446,17,Walking,58075962297000,1.2258313,15.554437,-1.2258313
10447,17,Walking,58076062273000,3.7592160000000003,5.8567495,-0.19068487
10448,17,Walking,58076172289000,0.27240697,4.5219555,2.5606253
10449,17,Walking,58076282366000,7.7363577,12.408136,4.862464
10450,17,Walking,58076382250000,1.607201,10.882658000000001,-0.61291564
10451,17,Walking,58076492296000,3.3778462,11.114203,-2.8330324
10452,17,Walking,58076542528000,1.3075534,9.112013000000001,0.7218784
10453,17,Walking,58076652300000,4.6036777,8.008764,-1.4573771999999998
10454,17,Walking,58076762316000,4.7535014,10.460427000000001,-0.29964766
10455,17,Walking,58076872301000,4.862464,12.489859,-2.3699405
10456,17,Walking,58076982317000,1.0760075,15.213928,-1.9477096999999999
10457,17,Walking,58077082262000,4.7535014,6.238119,0.14982383
10458,17,Walking,58077192308000,-0.23154591,4.7943625,0.27240697
10459,17,Walking,58077302294000,7.7363577,14.941522,5.5571017
10460,17,Walking,58077402300000,0.84446156,12.598822,-0.9942854
10461,17,Walking,58077512316000,1.607201,5.597963,-2.7513103
10462,17,Walking,58077622301000,-0.46309182,8.308413,-0.23154591
10463,17,Walking,58077732347000,2.0294318,9.043911,-0.50395286
10464,17,Walking,58077842302000,5.8567495,9.466142,-0.8036005
10465,17,Walking,58077952318000,2.0294318,12.9529505,-1.8796080000000002
10466,17,Walking,58078052263000,1.8387468999999996,14.015338,-0.7218784
10467,17,Walking,58078162310000,3.3778462,5.7477865,-0.19068487
10468,17,Walking,58078272295000,1.1849703,3.9499009,2.1111538
10469,17,Walking,58078372270000,5.9793324,17.24336,6.851035
10470,17,Walking,58078482317000,0.8036005,12.639683,-1.8796080000000002
10471,17,Walking,58078582262000,3.7864565999999997,8.049625,-0.29964766
10472,17,Walking,58078692308000,0.46309182,9.615966,-2.6832085
10473,17,Walking,58078802294000,3.990762,9.152874,-0.9942854
10474,17,Walking,58078902330000,5.5162406,10.95076,-1.0351465
10475,17,Walking,58079002306000,3.2552630000000002,11.073342,-1.4573771999999998
10476,17,Walking,58079112291000,1.7570249,13.674829500000001,0.08172209
10477,17,Walking,58079222307000,2.4108016,4.3312707,-1.1849703
10478,17,Walking,58079332292000,1.4982381999999999,3.9090397000000006,2.982856
10479,17,Walking,58079432268000,0.3405087,17.161638,6.701211
10480,17,Walking,58079542314000,-0.19068487,9.847511,-2.070293
10481,17,Walking,58079652300000,4.7535014,10.732834,0.3405087
10482,17,Walking,58079762316000,3.0645783,7.6273947,-2.4516625
10483,17,Walking,58079872301000,4.671779,9.00305,-0.14982383
10484,17,Walking,58079982317000,6.1291566,12.871228,-1.9885708
10485,17,Walking,58080082323000,0.313268,14.818938000000001,-4.2086873
10486,17,Walking,58080192308000,3.336985,7.6273947,-1.2666923
10487,17,Walking,58080292253000,0.8036005,4.2086873,-1.3075534
10488,17,Walking,58080392229000,3.8273177000000005,8.662541000000001,5.284695
