,user,label,timestamp,x,y,z
263583,18,Walking,18161302260000,-3.95,4.52,-4.5219555
263584,18,Walking,18161352217000,-8.12,13.1,-6.5105260000000005
263585,18,Walking,18161402266000,-4.52,8.05,-1.6889231
263586,18,Walking,18161452254000,-1.42,7.06,0.95342433
263587,18,Walking,18161502333000,0.08,12.3,-2.4108016
263588,18,Walking,18161552260000,2.34,12.49,-2.0294318
263589,18,Walking,18161602278000,5.6,11.35,0.88532263
263590,18,Walking,18161652266000,4.48,10.57,-2.7513103
263591,18,Walking,18161702315000,2.68,14.1,-3.5276701
263592,18,Walking,18161752272000,4.67,9.43,0.7218784
263593,18,Walking,18161802260000,-3.36,19.5,3.6774937999999993
263594,18,Walking,18161852247000,-8.73,19.19,-4.7535014
263595,18,Walking,18161902266000,-5.37,7.21,-3.7183550000000003
263596,18,Walking,18161952223000,1.54,3.45,5.938472
263597,18,Walking,18162002272000,-4.25,4.37,-5.47538
263598,18,Walking,18162052229000,-6.7,2.3,-5.5162406
263599,18,Walking,18162112318000,-1.18,14.63,8.921327999999999
263600,18,Walking,18162162367000,16.74,17.05,-7.9679036
263601,18,Walking,18162212263000,2.91,6.97,1.4982381999999999
263602,18,Walking,18162262282000,-2.18,18.62,0.7627395
263603,18,Walking,18162312269000,-1.99,4.33,-0.9125633
263604,18,Walking,18162362288000,-7.63,9.53,-5.9793324
263605,18,Walking,18162412275000,-8.5,12.18,-3.214402
263606,18,Walking,18162462202000,-2.91,4.21,1.0351465
263607,18,Walking,18162512282000,-0.3,10.27,-1.0351465
263608,18,Walking,18162562208000,1.92,13.67,-3.6366330000000002
263609,18,Walking,18162612257000,5.67,12.98,-1.525479
263610,18,Walking,18162662275000,7.93,10.5,1.9204689999999998
263611,18,Walking,18162712263000,2.45,14.33,-3.0237172
263612,18,Walking,18162762282000,4.75,9.04,-0.5720546
263613,18,Walking,18162812269000,-1.33,17.82,4.018002500000001
263614,18,Walking,18162862227000,-8.39,19.57,-2.9147543999999996
263615,18,Walking,18162912275000,-7.4,11.35,-3.336985
263616,18,Walking,18162962202000,1.73,3.06,11.645397
263617,18,Walking,18163012282000,-3.3,5.01,-6.782933
263618,18,Walking,18163062208000,-5.18,0.38,-6.428804
263619,18,Walking,18163112288000,-4.99,5.98,-1.0351465
263620,18,Walking,18163162275000,9.08,19.53,1.0351465
263621,18,Walking,18163212263000,14.33,11.54,4.3993720000000005
263622,18,Walking,18163272322000,-0.5,15.83,4.3993720000000005
263623,18,Walking,18163272322000,-0.5,15.83,4.3993720000000005
263624,18,Walking,18163322645000,-4.29,9.04,-1.8387468999999996
263625,18,Walking,18163372389000,-9.23,8.31,-8.240311
263626,18,Walking,18163422285000,-11.18,12.37,-5.8976107
263627,18,Walking,18163472334000,-4.18,5.79,-0.38136974
263628,18,Walking,18163532271000,0.65,9.04,1.1441092
263629,18,Walking,18163582228000,2.15,13.21,-1.7570249
263630,18,Walking,18163632277000,5.48,11.45,-1.9885708
263631,18,Walking,18163682234000,5.79,10.69,-1.3075534
263632,18,Walking,18163732313000,1.61,13.33,-5.8976107
263633,18,Walking,18163782240000,3.76,9.81,-1.8387468999999996
263634,18,Walking,18163832289000,3.26,15.55,3.9499009
263635,18,Walking,18163882246000,-10.0,19.57,-3.1463002999999996
263636,18,Walking,18163932295000,-7.97,11.14,-0.29964766
263637,18,Walking,18163982252000,5.43,2.03,8.689782000000001
263638,18,Walking,18164032301000,-3.06,4.79,-4.2086873
263639,18,Walking,18164082228000,-6.51,1.04,-9.043911
263640,18,Walking,18164132307000,-7.44,5.52,0.95342433
263641,18,Walking,18164182234000,5.56,18.85,3.9499009
263642,18,Walking,18164232344000,14.94,16.51,-7.6954966
263643,18,Walking,18164282240000,3.95,15.75,3.6774937999999993
263644,18,Walking,18164332319000,-4.1,5.83,1.7297841
263645,18,Walking,18164382246000,-6.09,4.94,-3.8681788
263646,18,Walking,18164432295000,-8.85,17.58,-4.7943625
263647,18,Walking,18164482252000,-5.9,6.05,-1.9885708
263648,18,Walking,18164532301000,-0.89,5.63,0.46309182
263649,18,Walking,18164582228000,-0.19,14.14,-4.4810944
263650,18,Walking,18164632307000,1.95,11.41,-2.7921712000000003
263651,18,Walking,18164682234000,4.29,12.37,-0.95342433
263652,18,Walking,18164732313000,5.71,8.96,3.173541
263653,18,Walking,18164782240000,1.92,11.99,-6.9327570000000005
263654,18,Walking,18164832289000,2.49,10.27,-1.607201
263655,18,Walking,18164882246000,0.23,18.7,1.4982381999999999
263656,18,Walking,18164932264000,-9.04,19.57,-0.95342433
263657,18,Walking,18164982252000,-8.54,10.57,-2.3426998
263658,18,Walking,18165032301000,3.06,4.06,9.384419
263659,18,Walking,18165082197000,-3.76,5.56,-8.921327999999999
263660,18,Walking,18165132307000,-5.41,0.99,-4.7943625
263661,18,Walking,18165182234000,-5.18,7.35,3.4050870000000004
263662,18,Walking,18165232344000,9.47,19.04,-0.10896278
263663,18,Walking,18165282240000,13.38,12.64,-4.4810944
263664,18,Walking,18165332289000,-1.08,14.56,6.238119
263665,18,Walking,18165382246000,-4.48,9.43,-0.0
263666,18,Walking,18165432295000,-6.13,7.5,-5.8158884
263667,18,Walking,18165482252000,-8.73,14.56,-6.823794400000001
263668,18,Walking,18165532301000,-5.37,6.55,-2.7240696
263669,18,Walking,18165582319000,-2.07,8.05,-1.3075534
263670,18,Walking,18165632307000,0.0,12.22,-0.84446156
263671,18,Walking,18165682234000,1.95,11.11,-1.7297841
263672,18,Walking,18165732313000,6.85,12.87,-1.525479
263673,18,Walking,18165782240000,4.94,8.77,1.4982381999999999
263674,18,Walking,18165832289000,2.87,13.63,-6.0474343
263675,18,Walking,18165882246000,4.56,9.19,-0.7218784
263676,18,Walking,18165932264000,-4.02,19.19,4.2495484
263677,18,Walking,18165982283000,-10.72,19.5,-5.625203599999999
263678,18,Walking,18166032301000,-5.2,7.7,-0.27240697
263679,18,Walking,18166082228000,4.52,4.21,10.460427000000001
263680,18,Walking,18166132277000,-4.1,4.44,-6.2789803
263681,18,Walking,18166182234000,-6.32,0.76,-7.7772183
263682,18,Walking,18166232344000,-4.9,9.77,4.140586
263683,18,Walking,18166282240000,8.39,19.19,-2.4516625
263684,18,Walking,18166332289000,10.42,7.82,-2.4108016
263685,18,Walking,18166382246000,-0.27,16.7,4.440233
263686,18,Walking,18166432295000,-2.34,5.71,-3.5685309999999997
263687,18,Walking,18166482252000,-3.36,5.33,-1.1168685
263688,18,Walking,18166532301000,-11.18,16.44,-4.440233
263689,18,Walking,18166582228000,-5.48,6.09,-0.38136974
263690,18,Walking,18166632277000,-0.53,7.86,-1.525479
263691,18,Walking,18166682264000,0.61,14.52,-5.706926
263692,18,Walking,18166732313000,1.57,8.92,-2.1792557
263693,18,Walking,18166782240000,4.14,12.11,-0.9125633
263694,18,Walking,18166832289000,6.24,9.28,2.982856
263695,18,Walking,18166882246000,0.57,13.53,-8.008764
263696,18,Walking,18166932295000,1.76,11.14,-2.2609777
263697,18,Walking,18166982252000,2.07,13.33,2.2201166000000003
263698,18,Walking,18167032301000,-3.76,19.19,1.1168685
263699,18,Walking,18167082228000,-8.47,16.25,-3.4050870000000004
263700,18,Walking,18167132277000,0.42,5.22,1.8796080000000002
263701,18,Walking,18167182234000,-0.8,5.24,1.4165162
263702,18,Walking,18167232313000,-5.18,3.68,-5.7477865
263703,18,Walking,18167282240000,-5.05,3.83,-3.9090397000000006
263704,18,Walking,18167332289000,2.91,17.97,8.308413
263705,18,Walking,18167382246000,17.01,15.83,-8.471855999999999
263706,18,Walking,18167432295000,1.8,9.62,1.1168685
263707,18,Walking,18167482252000,-4.14,16.28,0.19068487
263708,18,Walking,18167532301000,-3.15,3.53,-1.8796080000000002
263709,18,Walking,18167582289000,-5.86,11.11,-2.1792557
263710,18,Walking,18167632307000,-6.85,9.62,-4.7126402999999994
263711,18,Walking,18167682234000,-2.37,4.71,-1.7570249
263712,18,Walking,18167732313000,-0.53,12.57,-2.9147543999999996
263713,18,Walking,18167782240000,0.93,11.99,-2.2201166000000003
263714,18,Walking,18167832289000,3.3,11.37,-1.8387468999999996
263715,18,Walking,18167882246000,8.08,11.26,0.6946376999999999
263716,18,Walking,18167932295000,2.79,11.99,-5.175732
263717,18,Walking,18167982252000,4.18,9.96,-1.6889231
263718,18,Walking,18168032301000,0.04,16.36,6.851035
263719,18,Walking,18168082228000,-9.96,19.57,-5.5162406
263720,18,Walking,18168132338000,-7.12,11.6,-1.6889231
263721,18,Walking,18168182234000,5.56,4.71,10.56939
263722,18,Walking,18168232313000,-3.6,5.13,-3.6366330000000002
263723,18,Walking,18168282240000,-5.82,1.08,-5.09401
263724,18,Walking,18168333388000,-5.82,3.95,-0.53119355
263725,18,Walking,18168392256000,8.58,19.5,2.3426998
263726,18,Walking,18168442244000,11.96,9.15,-3.2552630000000002
263727,18,Walking,18168492293000,-3.98,17.39,7.2732660000000005
263728,18,Walking,18168542250000,-2.3,8.24,-0.38136974
263729,18,Walking,18168592299000,-5.52,5.18,-6.891896000000001
263730,18,Walking,18168642256000,-8.96,13.91,-8.689782000000001
263731,18,Walking,18168692305000,-5.41,7.4,-2.3699405
263732,18,Walking,18168742232000,-2.45,7.4,0.88532263
263733,18,Walking,18168792311000,-0.04,12.07,-1.0351465
263734,18,Walking,18168842207000,2.87,12.72,-1.525479
263735,18,Walking,18168892317000,7.25,10.69,-1.4982381999999999
263736,18,Walking,18168942213000,4.29,8.62,-0.5720546
263737,18,Walking,18168992262000,0.34,13.91,-6.428804
263738,18,Walking,18169042280000,2.15,10.38,-1.0351465
263739,18,Walking,18169092299000,0.27,16.7,5.0531489999999994
263740,18,Walking,18169142256000,-7.35,19.57,-1.0351465
263741,18,Walking,18169192305000,-6.28,12.34,-5.366417
263743,18,Walking,18169242232000,3.26,4.9,8.008764
263742,18,Walking,18169242232000,3.26,4.9,8.008764
263744,18,Walking,18169342116000,-5.67,2.18,-9.152874
263745,18,Walking,18169392225000,-3.79,5.05,-1.8796080000000002
263746,18,Walking,18169442427000,6.82,18.09,5.09401
263747,18,Walking,18169492232000,14.02,12.15,-6.3607025
263748,18,Walking,18169542311000,1.27,13.25,2.1792557
263749,18,Walking,18169592238000,0.34,14.02,-1.9477096999999999
263750,18,Walking,18169642348000,-2.72,4.18,-0.61291564
263751,18,Walking,18169692244000,-11.56,15.02,-4.5900574
263752,18,Walking,18169742323000,-8.05,8.16,-1.9477096999999999
263753,18,Walking,18169792250000,-2.26,5.63,-0.040861044
263754,18,Walking,18169842268000,-0.3,12.64,-2.070293
263755,18,Walking,18169892286000,2.91,11.54,-3.5685309999999997
263756,18,Walking,18169942305000,5.05,11.96,-3.214402
263757,18,Walking,18169992262000,6.13,10.34,2.3018389
263758,18,Walking,18170042311000,1.5,11.92,-2.982856
263759,18,Walking,18170092268000,1.95,12.68,-2.7513103
263760,18,Walking,18170142317000,4.02,9.7,2.070293
263761,18,Walking,18170192213000,-2.87,18.89,1.2258313
263762,18,Walking,18170242293000,-8.12,17.54,-5.8567495
263763,18,Walking,18170292250000,-1.65,6.63,1.9477096999999999
263764,18,Walking,18170342268000,-1.04,6.93,2.7649305
263765,18,Walking,18170392286000,-4.33,4.9,-8.158588
263766,18,Walking,18170442305000,-5.63,2.79,-3.4868089999999996
263767,18,Walking,18170492232000,-0.84,13.1,8.771504
263768,18,Walking,18170542311000,17.92,18.85,-8.049625
263769,18,Walking,18170592268000,6.51,6.13,0.10896278
263770,18,Walking,18170642317000,-3.06,18.7,2.1111538
263771,18,Walking,18170692244000,-3.98,5.24,-0.27240697
263772,18,Walking,18170742323000,-6.28,7.63,-3.8681788
263773,18,Walking,18170792311000,-8.39,12.87,-5.012288
263774,18,Walking,18170842299000,-3.76,5.18,-1.56634
263775,18,Walking,18170892286000,-0.8,8.66,-1.1441092
263776,18,Walking,18170942305000,0.42,13.44,-2.982856
263777,18,Walking,18170992232000,2.34,10.8,-1.7570249
263778,18,Walking,18171042341000,5.63,11.96,0.9942854
263779,18,Walking,18171092268000,4.25,9.43,-1.6480621
263780,18,Walking,18171142348000,0.99,13.76,-6.3198414000000005
263781,18,Walking,18171192244000,4.14,9.15,-0.6537767
263782,18,Walking,18171242293000,-1.57,18.5,4.2495484
