,user,label,timestamp,x,y,z
268183,18,Walking,18391282240000,-4.86,2.64,-11.645397
268184,18,Walking,18391332289000,-2.87,6.74,-3.8273177000000005
268185,18,Walking,18391382246000,2.79,19.04,-0.08172209
268186,18,Walking,18391432387000,11.96,12.68,1.0760075
268187,18,Walking,18391492262000,3.15,15.7,1.8387468999999996
268188,18,Walking,18391542219000,-0.84,8.73,-0.19068487
268189,18,Walking,18391592299000,-7.04,12.07,-3.5957718
268190,18,Walking,18391642225000,-8.54,10.73,-5.325556
268191,18,Walking,18391692274000,-6.66,4.18,-0.3405087
268192,18,Walking,18391742232000,-2.03,9.3,0.040861044
268193,18,Walking,18391792311000,0.5,12.87,-1.607201
268194,18,Walking,18391842268000,2.22,11.65,-1.1441092
268195,18,Walking,18391892286000,6.02,14.94,-1.1441092
268196,18,Walking,18391942274000,7.21,10.92,-0.6537767
268197,18,Walking,18391992293000,6.89,11.22,-1.56634
268198,18,Walking,18392042280000,4.48,11.84,4.440233
268199,18,Walking,18392092299000,-3.53,19.53,1.9204689999999998
268200,18,Walking,18392142225000,-6.51,19.31,-2.6832085
268201,18,Walking,18392192305000,-3.11,7.93,0.42223078
268202,18,Walking,18392242201000,-2.34,0.57,0.7218784
268203,18,Walking,18392242201000,-2.34,0.57,0.7218784
268204,18,Walking,18392342146000,-4.48,2.07,-9.302697
268205,18,Walking,18392392225000,-4.94,17.5,0.9942854
268206,18,Walking,18392452315000,12.95,18.05,-0.38136974
268207,18,Walking,18392502211000,5.86,11.03,2.070293
268208,18,Walking,18392552290000,1.8,10.38,-1.0760075
268209,18,Walking,18392602247000,-4.63,10.61,-1.9204689999999998
268210,18,Walking,18392652266000,-9.47,14.75,-5.366417
268211,18,Walking,18392702254000,-7.27,3.76,-0.50395286
268212,18,Walking,18392752302000,-2.72,6.05,2.4516625
268213,18,Walking,18392802229000,-0.8,13.67,0.53119355
268214,18,Walking,18392852278000,2.87,13.14,-1.8796080000000002
268215,18,Walking,18392902205000,7.67,14.6,-1.525479
268216,18,Walking,18392952345000,8.96,9.47,-1.56634
268217,18,Walking,18393002241000,5.18,14.18,-1.6889231
268218,18,Walking,18393052321000,4.18,10.69,2.6832085
268219,18,Walking,18393102247000,-2.64,19.46,3.2552630000000002
268220,18,Walking,18393152266000,-5.94,19.53,-2.5606253
268221,18,Walking,18393202254000,-3.41,9.51,-0.19068487
268222,18,Walking,18393252302000,-2.53,1.92,1.334794
268223,18,Walking,18393302260000,-4.71,1.61,-2.6832085
268224,18,Walking,18393352278000,-4.9,3.21,-11.182305
268225,18,Walking,18393402235000,-4.79,13.67,-0.95342433
268226,18,Walking,18393452315000,11.69,19.46,6.701211
268227,18,Walking,18393502241000,8.16,6.4,-0.46309182
268228,18,Walking,18393552260000,2.91,12.64,0.46309182
268229,18,Walking,18393602278000,-1.08,12.03,-2.3018389
268230,18,Walking,18393652296000,-5.18,11.03,-3.6774937999999993
268231,18,Walking,18393702254000,-9.04,11.84,-2.7921712000000003
268232,18,Walking,18393752302000,-5.67,3.41,-0.46309182
268233,18,Walking,18393802656000,-1.38,8.89,0.7218784
268234,18,Walking,18393852278000,0.8,12.68,-1.0760075
268235,18,Walking,18393902266000,3.21,13.14,-0.84446156
268236,18,Walking,18393952254000,6.02,13.76,0.61291564
268237,18,Walking,18394002302000,7.21,11.92,-3.1463002999999996
268238,18,Walking,18394052290000,8.62,10.99,-2.1383946
268239,18,Walking,18394102308000,-2.3,17.12,7.4639505999999995
268240,18,Walking,18394152235000,-4.14,19.57,-2.6014863999999998
268241,18,Walking,18394202315000,-5.2,16.13,-0.8036005
268242,18,Walking,18394252241000,-3.02,3.49,1.4982381999999999
268243,18,Walking,18394302290000,-1.88,1.08,-0.42223078
268244,18,Walking,18394352217000,-8.43,1.31,-10.923519
268245,18,Walking,18394402235000,-4.59,6.74,-2.4516625
268246,18,Walking,18394452254000,4.9,19.57,5.625203599999999
268247,18,Walking,18394502302000,10.57,12.57,-1.3756552
268248,18,Walking,18394552260000,2.98,14.67,1.56634
268249,18,Walking,18394602308000,-1.04,8.96,-3.336985
268250,18,Walking,18394652266000,-7.12,9.92,-3.8681788
268251,18,Walking,18394702284000,-8.05,11.92,-2.2201166000000003
268252,18,Walking,18394752272000,-5.86,4.33,3.336985
268253,18,Walking,18394802290000,-1.12,8.35,0.6537767
268254,18,Walking,18394852217000,1.65,14.98,-3.7864565999999997
268255,18,Walking,18394902266000,4.1,11.69,-2.1383946
268256,18,Walking,18394952223000,6.93,12.91,-1.6480621
268257,18,Walking,18395002333000,5.18,10.23,1.6889231
268258,18,Walking,18395052199000,4.1,11.92,-1.0760075
268259,18,Walking,18395102339000,5.24,12.83,2.982856
268260,18,Walking,18395152235000,-3.98,19.5,1.6889231
268261,18,Walking,18395202315000,-5.56,18.66,-3.9090397000000006
268262,18,Walking,18395252241000,-2.64,7.16,0.7627395
268263,18,Walking,18395302290000,-2.41,2.72,2.4516625
268264,18,Walking,18395352247000,-4.59,4.18,-2.0294318
268265,18,Walking,18395402235000,-4.86,3.91,-6.823794400000001
268266,18,Walking,18395452254000,-2.3,15.6,-0.23154591
268267,18,Walking,18395502302000,15.79,18.09,-0.46309182
268268,18,Walking,18395552199000,3.6,8.92,3.4459480000000005
268269,18,Walking,18395602308000,-2.18,11.35,3.0645783
268270,18,Walking,18395652296000,-1.76,11.14,-1.1168685
268271,18,Walking,18395702345000,-3.83,12.45,-8.730642999999999
268272,18,Walking,18395752241000,-5.94,6.66,-4.2086873
268273,18,Walking,18395802290000,-3.53,6.09,0.23154591
268274,18,Walking,18395852217000,-0.38,10.42,-0.29964766
268275,18,Walking,18395902266000,1.73,12.95,-0.6537767
268276,18,Walking,18395952254000,5.05,15.17,0.7218784
268277,18,Walking,18396002272000,7.5,11.18,-3.8273177000000005
268278,18,Walking,18396052260000,9.43,10.46,-2.2201166000000003
268279,18,Walking,18396102339000,5.28,13.06,4.7535014
268280,18,Walking,18396152266000,-4.18,19.57,3.1463002999999996
268281,18,Walking,18396202315000,-6.59,18.77,-2.982856
268282,18,Walking,18396252241000,-2.75,5.63,1.1168685
268283,18,Walking,18396302321000,-2.26,-0.11,2.4516625
268284,18,Walking,18396352247000,-6.36,1.69,-5.47538
268285,18,Walking,18396402266000,-3.68,2.91,-7.082580999999999
268286,18,Walking,18396452223000,-2.83,18.09,1.5390993
268287,18,Walking,18396502302000,16.28,14.75,-0.46309182
268288,18,Walking,18396552229000,2.49,3.79,2.4516625
268289,18,Walking,18396602278000,-0.11,17.88,0.27240697
268290,18,Walking,18396652266000,-4.4,10.0,-1.3756552
268291,18,Walking,18396702315000,-6.4,8.12,-8.117727
268292,18,Walking,18396752241000,-9.81,8.77,-1.8387468999999996
268293,18,Walking,18396802321000,-3.26,7.01,-0.10896278
268294,18,Walking,18396852247000,0.31,11.92,-0.9125633
268295,18,Walking,18396902266000,6.05,14.37,-2.9147543999999996
268296,18,Walking,18396952254000,9.34,13.57,-3.2961242
268297,18,Walking,18397002302000,4.75,9.28,5.434519
268298,18,Walking,18397052199000,5.43,13.59,-3.0645783
268299,18,Walking,18397102339000,5.94,11.65,1.8796080000000002
268300,18,Walking,18397152235000,-3.02,19.53,2.152015
268301,18,Walking,18397202284000,-5.6,19.08,-2.4925237
268302,18,Walking,18397252211000,-3.83,7.46,0.10896278
268303,18,Walking,18397302260000,-2.96,0.5,-0.3405087
268305,18,Walking,18397352278000,-6.59,4.29,-7.654635400000001
268304,18,Walking,18397352278000,-6.59,4.29,-7.654635400000001
268306,18,Walking,18397452223000,-2.03,14.44,2.1792557
268307,18,Walking,18397502241000,7.59,19.42,4.4810944
268308,18,Walking,18397552260000,8.28,8.2,-1.7570249
268309,18,Walking,18397602247000,1.46,16.47,0.27240697
268310,18,Walking,18397652296000,-1.57,6.02,-3.4050870000000004
268311,18,Walking,18397702254000,-5.13,11.22,-3.3642258999999997
268312,18,Walking,18397752302000,-5.48,10.61,0.14982383
268313,18,Walking,18397802229000,-3.11,3.99,0.5720546
268314,18,Walking,18397852278000,-0.34,10.73,-2.3018389
268315,18,Walking,18397902205000,1.38,12.68,-2.4108016
268316,18,Walking,18397952315000,2.64,10.23,-0.5720546
268317,18,Walking,18398002241000,4.79,11.56,0.92618364
268318,18,Walking,18398052290000,4.18,12.03,-4.2086873
268319,18,Walking,18398102247000,6.05,9.23,-2.4925237
268320,18,Walking,18398152266000,3.79,14.9,6.5922484
268321,18,Walking,18398202223000,-2.98,19.57,-1.6480621
268322,18,Walking,18398252272000,-5.01,16.74,-0.46309182
268323,18,Walking,18398302199000,-2.11,3.11,2.6014863999999998
268324,18,Walking,18398352308000,-1.57,1.95,1.3075534
268325,18,Walking,18398402235000,-6.43,3.11,-6.2108784
268326,18,Walking,18398452254000,-3.57,3.87,-8.471855999999999
268327,18,Walking,18398502333000,-2.3,17.43,-1.334794
268328,18,Walking,18398562269000,13.8,12.87,1.3075534
268329,18,Walking,18398612227000,1.54,12.98,2.4516625
268330,18,Walking,18398662245000,-0.76,8.77,-2.3699405
268331,18,Walking,18398712233000,-5.28,9.28,-3.4868089999999996
268332,18,Walking,18398762282000,-7.59,13.53,-2.6423476000000004
268333,18,Walking,18398812269000,-6.24,5.33,-0.0
268334,18,Walking,18398862288000,-1.57,7.82,0.040861044
268335,18,Walking,18398912245000,0.53,13.57,-3.214402
268336,18,Walking,18398962233000,2.72,10.69,-1.2258313
268337,18,Walking,18399012251000,5.79,12.37,-0.7627395
268338,18,Walking,18399062239000,6.78,11.75,1.4165162
268339,18,Walking,18399112227000,6.4,10.76,-1.8796080000000002
268340,18,Walking,18399162245000,4.67,15.32,4.5219555
268341,18,Walking,18399212263000,-3.36,19.11,3.4050870000000004
268342,18,Walking,18399262251000,-4.52,19.38,-3.8273177000000005
268343,18,Walking,18399312269000,-3.17,8.69,-0.0
268344,18,Walking,18399362288000,-2.37,1.8,0.88532263
268345,18,Walking,18399412398000,-6.82,1.65,-3.173541
268346,18,Walking,18399462233000,-5.48,2.76,-5.8158884
268347,18,Walking,18399512251000,-4.29,14.48,-0.6537767
268348,18,Walking,18399562239000,11.5,19.15,0.95342433
268349,18,Walking,18399612257000,6.82,8.2,0.6537767
268350,18,Walking,18399662245000,2.49,15.24,1.3756552
268351,18,Walking,18399712294000,-1.84,8.92,-0.53119355
268352,18,Walking,18399762251000,-7.35,11.84,-4.2495484
268353,18,Walking,18399812269000,-7.82,9.04,-1.9885708
268354,18,Walking,18399862288000,-5.2,4.48,0.53119355
268355,18,Walking,18399912245000,-1.18,10.92,-1.7297841
268356,18,Walking,18399962233000,1.27,13.63,-1.9477096999999999
268357,18,Walking,18400012282000,3.3,12.91,-0.6537767
268358,18,Walking,18400062239000,6.93,12.41,1.8796080000000002
268359,18,Walking,18400112257000,6.05,10.42,-3.0645783
268360,18,Walking,18400162275000,6.09,10.76,-1.9885708
268361,18,Walking,18400212202000,0.27,17.39,6.3198414000000005
268362,18,Walking,18400212202000,0.27,17.39,6.3198414000000005
268363,18,Walking,18400264876000,-4.06,19.57,-2.1383946
268364,18,Walking,18400322310000,-4.25,16.04,-0.0
268365,18,Walking,18400372267000,-5.41,5.22,1.2666923
268366,18,Walking,18400422316000,-5.98,2.15,-1.0351465
268367,18,Walking,18400472273000,-6.85,2.45,-4.630918
268368,18,Walking,18400522291000,-3.95,8.2,-3.2552630000000002
268369,18,Walking,18400572279000,9.77,19.53,1.7570249
268370,18,Walking,18400622297000,10.0,10.46,-0.0
268371,18,Walking,18400672316000,0.99,14.14,3.7864565999999997
268372,18,Walking,18400722304000,-1.31,7.86,-1.0351465
268373,18,Walking,18400772291000,-5.05,13.59,-2.3018389
268374,18,Walking,18400822310000,-8.77,11.22,-8.008764
268375,18,Walking,18400872267000,-4.82,4.9,-3.0645783
268376,18,Walking,18400922346000,-0.65,9.89,-0.84446156
268377,18,Walking,18400972273000,0.61,12.03,-1.1849703
268378,18,Walking,18401022261000,2.45,11.26,-0.3405087
268379,18,Walking,18401072279000,5.24,14.21,-0.6537767
268380,18,Walking,18401122297000,8.24,10.61,-0.42223078
268381,18,Walking,18401172285000,7.67,9.43,-2.1383946
268382,18,Walking,18401222334000,2.76,15.09,5.243834
