,user,label,timestamp,x,y,z
278177,18,Walking,18985712263000,-4.44,7.74,-3.9771416
278178,18,Walking,18985762221000,-7.82,15.36,-0.27240697
278179,18,Walking,18985812239000,-7.4,7.78,2.2201166000000003
278180,18,Walking,18985862257000,-0.8,5.98,-1.1168685
278181,18,Walking,18985912306000,-0.23,13.72,-2.2201166000000003
278182,18,Walking,18985962233000,1.54,10.42,-0.5720546
278183,18,Walking,18986012251000,3.15,9.53,-0.3405087
278184,18,Walking,18986062239000,5.13,10.23,0.95342433
278185,18,Walking,18986112288000,3.06,12.72,-4.140586
278186,18,Walking,18986162245000,3.21,10.19,0.23154591
278187,18,Walking,18986212233000,4.06,17.67,0.23154591
278188,18,Walking,18986262343000,-5.43,19.57,2.070293
278189,18,Walking,18986312269000,-4.18,14.18,0.38136974
278190,18,Walking,18986362288000,-4.9,5.94,0.84446156
278191,18,Walking,18986412275000,-3.95,3.45,-0.84446156
278192,18,Walking,18986462233000,-4.9,3.11,-5.175732
278193,18,Walking,18986512282000,-7.31,6.13,-4.2495484
278194,18,Walking,18986562208000,0.31,19.53,4.290409599999999
278195,18,Walking,18986612288000,12.26,15.66,-0.53119355
278196,18,Walking,18986662245000,4.6,8.43,1.1849703
278197,18,Walking,18986712233000,2.37,14.48,-0.0
278198,18,Walking,18986762251000,-2.3,6.93,-0.10896278
278199,18,Walking,18986812269000,-13.02,16.17,-5.7477865
278200,18,Walking,18986862227000,-10.99,6.51,-0.29964766
278201,18,Walking,18986912245000,-2.72,6.36,0.040861044
278202,18,Walking,18986962202000,0.89,14.79,-2.4925237
278203,18,Walking,18987012282000,6.21,13.95,-2.4516625
278204,18,Walking,18987062208000,6.55,12.3,3.9499009
278205,18,Walking,18987112288000,3.17,8.08,3.7864565999999997
278206,18,Walking,18987162245000,4.06,15.09,-3.6366330000000002
278207,18,Walking,18987212263000,5.63,8.66,-0.9942854
278208,18,Walking,18987262221000,3.49,17.97,3.2961242
278209,18,Walking,18987312239000,-4.99,19.57,-0.3405087
278210,18,Walking,18987362288000,-5.2,11.56,-2.0294318
278211,18,Walking,18987412245000,-3.53,2.34,-3.336985
278212,18,Walking,18987462233000,-4.21,4.18,-4.7943625
278213,18,Walking,18987512251000,-9.0,4.37,-6.5513873
278214,18,Walking,18987562269000,-3.79,10.46,-3.5685309999999997
278215,18,Walking,18987612288000,6.59,19.31,6.4424243
278216,18,Walking,18987662275000,10.08,13.63,-0.7627395
278217,18,Walking,18987712263000,6.28,14.63,0.27240697
278218,18,Walking,18987762221000,0.99,6.55,0.95342433
278219,18,Walking,18987812239000,-7.65,9.28,-3.8681788
278220,18,Walking,18987862257000,-9.85,16.36,-1.7297841
278221,18,Walking,18987912275000,-7.55,3.79,2.9556155
278222,18,Walking,18987962233000,-0.57,7.01,0.50395286
278223,18,Walking,18988012251000,0.84,15.98,-1.8387468999999996
278224,18,Walking,18988062239000,4.6,12.87,-2.070293
278225,18,Walking,18988112288000,5.9,9.85,2.5606253
278226,18,Walking,18988162245000,4.56,9.3,-0.19068487
278227,18,Walking,18988212263000,3.06,12.45,-3.5276701
278228,18,Walking,18988262404000,4.06,9.51,-1.7297841
278229,18,Walking,18988312269000,2.56,18.81,3.5685309999999997
278230,18,Walking,18988362257000,-6.21,19.31,-0.3405087
278231,18,Walking,18988412275000,-3.41,9.23,0.23154591
278232,18,Walking,18988462233000,-2.34,2.98,0.5720546
278233,18,Walking,18988512282000,-2.49,5.6,-1.4165162
278234,18,Walking,18988562239000,-7.93,4.21,-6.428804
278235,18,Walking,18988612257000,-2.37,8.05,-1.9477096999999999
278236,18,Walking,18988662245000,3.95,19.57,2.9556155
278237,18,Walking,18988712263000,11.37,9.34,-0.53119355
278238,18,Walking,18988762282000,3.72,11.14,2.6423476000000004
278239,18,Walking,18988812300000,1.14,9.53,0.7627395
278240,18,Walking,18988862288000,-4.1,13.21,-0.6537767
278241,18,Walking,18988912245000,-9.81,14.37,-3.6366330000000002
278242,18,Walking,18988962263000,-8.88,3.41,-4.3993720000000005
278243,18,Walking,18989012251000,-3.53,7.97,-0.9125633
278244,18,Walking,18989062239000,-0.08,14.14,-0.3405087
278245,18,Walking,18989112288000,3.53,13.29,-0.19068487
278246,18,Walking,18989162245000,6.7,14.48,0.46309182
278247,18,Walking,18989212263000,6.89,8.2,0.84446156
278248,18,Walking,18989262221000,6.02,9.85,-1.56634
278249,18,Walking,18989312239000,5.52,14.98,2.3018389
278250,18,Walking,18989362318000,-0.65,19.53,3.3778462
278251,18,Walking,18989412275000,-4.75,19.08,-0.3405087
278252,18,Walking,18989462202000,-4.94,8.16,-2.3018389
278253,18,Walking,18989512282000,-5.98,0.76,-3.5276701
278254,18,Walking,18989562239000,-2.03,4.06,-1.334794
278255,18,Walking,18989612288000,-7.82,5.83,-4.630918
278256,18,Walking,18989662245000,-1.42,14.21,0.88532263
278257,18,Walking,18989712263000,5.79,19.34,1.6480621
278258,18,Walking,18989762251000,8.12,12.49,-0.61291564
278259,18,Walking,18989812239000,4.75,14.52,1.7297841
278260,18,Walking,18989862257000,0.0,5.43,0.3405087
278261,18,Walking,18989912275000,-5.28,12.3,-1.334794
278262,18,Walking,18989962233000,-11.18,14.82,-2.7513103
278263,18,Walking,18990012251000,-6.97,1.88,-0.23154591
278264,18,Walking,18990062239000,-1.88,10.23,0.53119355
278265,18,Walking,18990112288000,0.76,15.75,0.84446156
278266,18,Walking,18990162520000,5.37,12.64,-2.5606253
278267,18,Walking,18990212263000,7.55,11.22,1.9477096999999999
278268,18,Walking,18990212263000,7.55,11.22,1.9477096999999999
278269,18,Walking,18990312239000,2.41,10.88,-0.84446156
278270,18,Walking,18990362318000,4.63,14.56,1.56634
278271,18,Walking,18990412245000,-2.68,19.57,2.1111538
278273,18,Walking,18990462233000,-4.79,16.51,-0.08172209
278272,18,Walking,18990462233000,-4.79,16.51,-0.08172209
278274,18,Walking,18990522322000,-2.11,4.94,0.61291564
278275,18,Walking,18990572279000,-2.75,3.02,-2.070293
278276,18,Walking,18990622328000,-6.28,4.56,-7.04172
278277,18,Walking,18990682295000,-4.79,8.77,-3.9499009
278278,18,Walking,18990732222000,5.56,19.57,6.782933
278279,18,Walking,18990782301000,12.6,13.33,-1.607201
278280,18,Walking,18990832228000,4.52,7.46,1.7978859
278281,18,Walking,18990882277000,0.89,15.13,0.6537767
278282,18,Walking,18990932234000,-7.74,9.19,-7.504811999999999
278283,18,Walking,18990982313000,-10.08,13.95,-3.5957718
278284,18,Walking,18991032210000,-10.11,4.63,1.6480621
278285,18,Walking,18991082228000,-2.37,9.15,0.61291564
278286,18,Walking,18991132216000,0.42,15.64,-0.7627395
278287,18,Walking,18991182295000,7.08,13.8,-1.8387468999999996
278288,18,Walking,18991232222000,8.24,11.96,0.88532263
278289,18,Walking,18991282332000,4.25,14.75,2.9147543999999996
278290,18,Walking,18991402144000,5.13,14.75,2.9147543999999996
278291,18,Walking,18991402144000,5.13,14.75,2.9147543999999996
278292,18,Walking,18991452192000,-3.36,19.57,0.84446156
278293,18,Walking,18991452192000,-3.36,19.57,0.84446156
278294,18,Walking,18991552199000,-4.33,5.37,1.1168685
278295,18,Walking,18991602339000,-3.79,2.37,-0.27240697
278296,18,Walking,18991662275000,-8.92,2.83,-5.1348709999999995
278297,18,Walking,18991712294000,-3.02,6.47,-2.6423476000000004
278298,18,Walking,18991762251000,2.18,19.53,4.5219555
278299,18,Walking,18991812269000,11.18,15.24,-2.0294318
278300,18,Walking,18991862318000,7.5,8.05,0.7218784
278301,18,Walking,18991912245000,1.65,14.44,1.0351465
278302,18,Walking,18991962233000,-0.57,9.34,-0.38136974
278303,18,Walking,18992012282000,-10.69,17.24,-7.8861814
278304,18,Walking,18992062239000,-9.15,5.94,-1.7570249
278305,18,Walking,18992112257000,-3.91,2.64,2.8330324
278306,18,Walking,18992162306000,-1.23,13.59,0.95342433
278307,18,Walking,18992212202000,3.41,15.24,-1.4573771999999998
278315,18,Walking,18992262282000,5.94,14.44,-1.8796080000000002
278314,18,Walking,18992262282000,5.94,14.44,-1.8796080000000002
278313,18,Walking,18992262282000,5.94,14.44,-1.8796080000000002
278310,18,Walking,18992262282000,5.94,14.44,-1.8796080000000002
278311,18,Walking,18992262282000,5.94,14.44,-1.8796080000000002
278312,18,Walking,18992262282000,5.94,14.44,-1.8796080000000002
278309,18,Walking,18992262282000,5.94,14.44,-1.8796080000000002
278308,18,Walking,18992262282000,5.94,14.44,-1.8796080000000002
278316,18,Walking,18992632368000,-1.84,3.02,1.2258313
278317,18,Walking,18992692274000,-4.1,3.02,-3.4459480000000005
278318,18,Walking,18992752241000,-6.09,5.43,-6.5922484
278319,18,Walking,18992802229000,-2.98,16.32,1.4165162
278320,18,Walking,18992852308000,10.04,17.73,1.7297841
278321,18,Walking,18992902266000,6.4,10.27,1.4573771999999998
278322,18,Walking,18992952284000,2.45,12.45,1.4165162
278323,18,Walking,18993002211000,-0.11,7.7,0.19068487
278324,18,Walking,18993052260000,-4.71,17.39,-1.0351465
278325,18,Walking,18993102278000,-10.46,10.15,-9.997335000000001
278326,18,Walking,18993152266000,-4.75,1.12,-0.29964766
278327,18,Walking,18993202223000,-2.45,10.46,1.2258313
278328,18,Walking,18993252272000,-0.99,15.51,1.2666923
278329,18,Walking,18993302199000,4.37,15.66,0.19068487
278330,18,Walking,18993352278000,5.24,12.79,-1.1168685
278331,18,Walking,18993402235000,8.12,10.76,-3.7183550000000003
278332,18,Walking,18993452315000,6.13,8.66,-1.7297841
278333,18,Walking,18993502211000,0.11,18.09,5.407278
278334,18,Walking,18993552260000,-5.67,19.57,2.4516625
278335,18,Walking,18993602217000,-4.02,13.95,-0.19068487
278336,18,Walking,18993652266000,-1.57,6.59,0.6537767
278337,18,Walking,18993702254000,-0.8,5.01,-2.7513103
278338,18,Walking,18993752272000,-4.4,7.78,-6.3198414000000005
278339,18,Walking,18993802229000,-5.82,3.91,-3.9090397000000006
278340,18,Walking,18993852736000,-2.75,8.24,-0.14982383
278341,18,Walking,18993902266000,3.17,17.24,6.782933
278342,18,Walking,18993952284000,10.46,15.55,-1.2258313
278343,18,Walking,18994002241000,5.83,9.38,-1.2258313
278344,18,Walking,18994052260000,1.73,15.79,0.95342433
278345,18,Walking,18994102217000,-1.5,6.55,-1.7297841
278346,18,Walking,18994152266000,-4.52,14.67,-1.4573771999999998
278347,18,Walking,18994202254000,-11.07,10.57,-3.6774937999999993
278348,18,Walking,18994252272000,-5.05,3.26,1.5390993
278349,18,Walking,18994302229000,-1.5,9.81,2.7921712000000003
278350,18,Walking,18994352278000,0.27,15.17,0.53119355
278351,18,Walking,18994402235000,4.79,13.14,-0.6946376999999999
278352,18,Walking,18994452315000,7.08,14.37,-1.3756552
278353,18,Walking,18994502241000,10.57,10.57,-2.3426998
278354,18,Walking,18994552260000,7.44,8.16,0.08172209
278355,18,Walking,18994602247000,-0.57,18.7,4.7126402999999994
278356,18,Walking,18994652266000,-7.16,19.57,1.6480621
278357,18,Walking,18994702223000,-4.02,11.88,0.313268
278358,18,Walking,18994752302000,-1.65,4.44,1.9477096999999999
278359,18,Walking,18994802382000,-1.14,4.14,-1.6889231
278360,18,Walking,18994852308000,-4.9,7.82,-7.927042500000001
278361,18,Walking,18994902205000,-5.71,5.52,-4.944186
278362,18,Walking,18994952315000,-2.37,16.47,2.982856
278363,18,Walking,18995002211000,9.47,18.09,2.8738932999999998
278364,18,Walking,18995052260000,6.89,9.85,1.4165162
278365,18,Walking,18995102278000,2.68,11.22,-0.040861044
278366,18,Walking,18995152266000,-0.08,7.86,-2.1111538
278367,18,Walking,18995202254000,-8.54,18.2,-7.6954966
278368,18,Walking,18995252302000,-10.42,6.97,0.10896278
278369,18,Walking,18995302260000,-2.72,2.34,2.7649305
278370,18,Walking,18995352308000,-0.46,11.11,2.6832085
278371,18,Walking,18995402235000,1.12,14.14,1.2258313
278372,18,Walking,18995452284000,2.34,15.05,-2.5333846
278373,18,Walking,18995502211000,4.14,11.3,-2.1792557
278374,18,Walking,18995552260000,7.27,11.96,-6.2789803
278375,18,Walking,18995602247000,9.11,5.05,-3.7183550000000003
278376,18,Walking,18995652266000,2.53,17.54,4.0588636
