,user,label,timestamp,x,y,z
1058764,19,Walking,129936921510000,5.05,4.6,-0.84
1058765,19,Walking,129937001863000,7.31,5.09,-0.69
1058766,19,Walking,129937041597000,10.0,6.7,-0.95
1058767,19,Walking,129937081544000,12.49,6.82,-1.42
1058768,19,Walking,129937121767000,14.37,5.48,-1.08
1058769,19,Walking,129937201662000,10.84,0.89,5.94
1058770,19,Walking,129937241640000,12.18,7.4,-1.46
1058771,19,Walking,129937281587000,15.32,14.02,-2.64
1058772,19,Walking,129937321626000,9.15,16.09,-0.53
1058773,19,Walking,129937401704000,1.18,4.75,-1.76
1058774,19,Walking,129937441713000,0.27,3.3,-2.98
1058775,19,Walking,129937481508000,-0.53,2.96,-3.68
1058777,19,Walking,129937601350000,11.18,4.06,14.1
1058776,19,Walking,129937601350000,11.18,4.06,14.1
1058778,19,Walking,129937641908000,17.01,11.99,0.3
1058779,19,Walking,129937681642000,17.27,8.47,-1.84
1058780,19,Walking,129937721620000,9.47,6.82,4.44
1058781,19,Walking,129937801729000,3.87,6.74,-0.76
1058782,19,Walking,129937841646000,4.79,8.89,-1.33
1058783,19,Walking,129937881502000,4.67,6.97,-1.12
1058784,19,Walking,129937921632000,3.68,4.25,-0.38
1058785,19,Walking,129938001588000,6.13,5.01,-0.53
1058786,19,Walking,129938041627000,6.82,4.9,-0.76
1058787,19,Walking,129938081605000,7.5,5.41,-0.89
1058788,19,Walking,129938121492000,9.77,6.78,-0.93
1058789,19,Walking,129938201509000,14.86,4.6,0.3
1058790,19,Walking,129938241609000,16.24,3.06,1.42
1058791,19,Walking,129938281587000,10.38,0.8,3.79
1058792,19,Walking,129938321504000,12.37,7.35,-0.5
1058793,19,Walking,129938401491000,7.97,15.17,-1.08
1058794,19,Walking,129938441713000,2.26,6.82,-1.57
1058795,19,Walking,129938481477000,1.12,2.6,-1.27
1058796,19,Walking,129938521516000,1.14,2.26,-2.18
1058797,19,Walking,129938601472000,-0.53,3.57,-2.11
1058798,19,Walking,129938642885000,4.37,6.13,9.0
1058799,19,Walking,129938681642000,17.54,11.3,7.27
1058800,19,Walking,129938721498000,13.1,5.83,-3.79
1058801,19,Walking,129938801515000,11.3,13.21,-2.26
1058802,19,Walking,129938841768000,2.64,5.67,1.84
1058803,19,Walking,129938881502000,4.06,4.94,-1.38
1058804,19,Walking,129938921663000,7.27,8.73,-1.73
1058805,19,Walking,129939001802000,2.6,2.98,-0.57
1058806,19,Walking,129939041597000,3.64,3.99,-0.72
1058807,19,Walking,129939081636000,5.48,4.94,-0.65
1058808,19,Walking,129939121492000,7.5,6.17,-0.8
1058809,19,Walking,129939201662000,11.54,6.55,-1.31
1058810,19,Walking,129939241609000,15.28,4.99,0.0
1058811,19,Walking,129939281465000,16.13,2.26,3.36
1058812,19,Walking,129939321626000,10.5,1.69,4.79
1058813,19,Walking,129939401491000,14.79,16.02,-2.6
1058814,19,Walking,129939441743000,6.51,14.25,-0.38
1058815,19,Walking,129939481508000,1.65,6.17,-1.76
1058816,19,Walking,129939521638000,0.65,3.91,-1.92
1058817,19,Walking,129939571535000,-0.53,1.88,-3.26
1058818,19,Walking,129939611299000,-0.93,3.6,-3.06
1058819,19,Walking,129939691621000,6.36,7.59,14.14
1058820,19,Walking,129939731447000,15.28,13.48,3.26
1058821,19,Walking,129939771486000,14.33,10.0,-1.8
1058822,19,Walking,129939811678000,12.41,10.73,-3.57
1058823,19,Walking,129939891511000,2.98,4.25,-0.84
1058824,19,Walking,129939931612000,5.98,7.55,-1.73
1058825,19,Walking,129939971498000,5.9,6.24,-0.69
1058826,19,Walking,129940051485000,4.33,3.57,-0.19
1058827,19,Walking,129940091646000,7.46,6.32,-0.65
1058828,19,Walking,129940131502000,7.27,5.6,-0.95
1058829,19,Walking,129940171541000,6.97,5.22,-0.5
1058830,19,Walking,129940211610000,11.75,6.47,-1.61
1058831,19,Walking,129940291475000,14.1,4.67,0.08
1058832,19,Walking,129940331483000,13.25,2.79,-0.5
1058833,19,Walking,129940371614000,11.03,3.87,5.43
1058834,19,Walking,129940451540000,12.03,15.51,-1.31
1058835,19,Walking,129940491518000,4.71,10.57,-2.79
1058836,19,Walking,129940531435000,1.92,4.44,-1.04
1058837,19,Walking,129940571565000,1.33,1.73,-0.65
1058838,19,Walking,129940652406000,-0.8,4.67,-1.76
1058839,19,Walking,129940691408000,-0.61,4.02,-0.61
1058840,19,Walking,129940731599000,8.05,5.86,11.8
1058841,19,Walking,129940771486000,19.7,11.5,-0.27
1058842,19,Walking,129940851503000,5.33,10.65,6.63
1058843,19,Walking,129940891511000,10.34,11.92,-3.64
1058844,19,Walking,129940931490000,5.67,6.51,-0.61
1058845,19,Walking,129940971529000,3.21,3.83,-0.19
1058846,19,Walking,129941051485000,6.55,5.41,-0.76
1058847,19,Walking,129941091524000,4.33,3.64,-0.53
1058848,19,Walking,129941131502000,4.48,4.14,-0.65
1058849,19,Walking,129941171510000,5.63,5.01,-0.72
1058850,19,Walking,129941211671000,7.25,5.94,-0.76
1058851,19,Walking,129941282259000,11.14,6.74,-0.99
1058852,19,Walking,129941321443000,12.83,5.9,-1.31
1058853,19,Walking,129941361787000,15.6,4.14,2.53
1058854,19,Walking,129941441469000,11.73,6.89,-0.08
1058855,19,Walking,129941481477000,13.72,12.98,-0.8
1058856,19,Walking,129941521638000,9.66,14.25,-2.03
1058857,19,Walking,129941601472000,1.33,4.44,-1.65
1058858,19,Walking,129941641511000,0.84,3.17,-3.02
1058859,19,Walking,129941681490000,-0.27,3.3,-3.15
1058860,19,Walking,129941721498000,-0.95,4.25,-2.41
1058861,19,Walking,129941761629000,-0.99,8.5,11.88
1058862,19,Walking,129941841524000,17.35,12.3,-3.17
1058863,19,Walking,129941881471000,10.38,6.24,-4.63
1058864,19,Walking,129941921510000,11.22,12.18,1.99
1058865,19,Walking,129941961641000,3.76,7.12,2.03
1058866,19,Walking,129942041505000,6.51,8.08,-1.42
1058867,19,Walking,129942081483000,6.66,6.32,-0.8
1058868,19,Walking,129942121614000,3.76,3.11,-0.38
1058869,19,Walking,129942161714000,3.6,2.96,-0.38
1058870,19,Walking,129942241518000,6.63,5.75,-0.53
1058871,19,Walking,129942281465000,7.89,6.4,-0.5
1058872,19,Walking,129942321565000,10.27,7.08,-0.99
1058873,19,Walking,129942401521000,15.17,4.82,2.83
1058874,19,Walking,129942441469000,13.53,0.42,7.21
1058875,19,Walking,129942481477000,10.08,4.52,-1.33
1058876,19,Walking,129942521577000,14.21,11.37,-0.84
1058877,19,Walking,129942601503000,4.52,8.66,-0.61
1058878,19,Walking,129942642580000,2.37,3.57,-0.93
1058879,19,Walking,129942681490000,0.99,2.07,-1.8
1058880,19,Walking,129942721590000,-0.27,2.91,-2.41
1058881,19,Walking,129942761659000,-0.8,3.64,-2.56
1058882,19,Walking,129942841585000,11.03,10.53,14.6
1058883,19,Walking,129942881471000,17.5,12.45,0.91
1058884,19,Walking,129942921510000,12.87,4.56,-1.61
1058885,19,Walking,129943001802000,4.75,9.04,2.14
1058886,19,Walking,129943041505000,2.26,5.24,-0.76
1058887,19,Walking,129943081483000,4.94,7.4,-1.14
1058888,19,Walking,129943121614000,6.4,7.59,-1.12
1058889,19,Walking,129943161653000,3.95,2.72,-0.46
1058890,19,Walking,129943241518000,5.43,3.91,-0.42
1058891,19,Walking,129943281557000,7.21,5.63,-1.04
1058892,19,Walking,129943321626000,8.05,6.82,-1.23
1058893,19,Walking,129943401460000,11.37,6.36,-1.14
1058894,19,Walking,129943441499000,15.4,5.13,0.99
1058895,19,Walking,129943481538000,15.21,0.42,7.25
1058896,19,Walking,129943521577000,11.5,5.13,1.73
1058897,19,Walking,129943601595000,12.34,15.98,-1.57
1058898,19,Walking,129943641603000,4.37,10.99,-0.46
1058899,19,Walking,129943681551000,1.18,5.52,-1.31
1058900,19,Walking,129943721498000,0.57,3.21,-1.84
1058901,19,Walking,129943801607000,-1.12,2.6,-2.49
1058902,19,Walking,129943841554000,-0.31,4.1,-2.07
1058903,19,Walking,129943881532000,9.66,9.96,12.87
1058904,19,Walking,129943921510000,17.12,13.53,0.23
1058905,19,Walking,129944001619000,12.11,13.38,-2.15
1058906,19,Walking,129944041505000,5.37,8.5,4.37
1058907,19,Walking,129944081514000,2.68,5.24,-0.8
1058908,19,Walking,129944121584000,4.86,7.4,-0.76
1058909,19,Walking,129944161653000,3.68,3.6,-0.5
1058910,19,Walking,129944241640000,4.02,3.87,-0.46
1058911,19,Walking,129944281496000,5.63,5.13,-0.65
1058912,19,Walking,129944321474000,6.85,5.86,-0.84
1058913,19,Walking,129944401521000,10.92,6.44,-1.76
1058914,19,Walking,129944441560000,13.72,5.75,-1.84
1058915,19,Walking,129944481477000,16.28,3.76,1.73
1058916,19,Walking,129944521577000,11.8,0.27,3.76
1058917,19,Walking,129944561739000,10.53,5.63,4.75
1058919,19,Walking,129944641573000,12.79,5.86,-0.5
1058918,19,Walking,129944641573000,12.79,14.94,-2.87
1058920,19,Walking,129944741548000,1.04,3.76,-1.42
1058921,19,Walking,129944781465000,0.08,3.11,-2.76
1058922,19,Walking,129944821474000,-0.69,3.41,-3.76
1058923,19,Walking,129944901582000,5.28,7.5,9.19
1058924,19,Walking,129944941499000,17.43,15.6,8.39
1058926,19,Walking,129945061342000,7.89,10.73,1.69
1058925,19,Walking,129945061342000,7.89,10.73,1.69
1058927,19,Walking,129945101442000,2.37,5.24,-0.57
1058928,19,Walking,129945141511000,3.6,5.41,-1.31
1058929,19,Walking,129945181490000,6.78,7.93,-0.84
1058930,19,Walking,129945221559000,5.01,4.56,-0.5
1058931,19,Walking,129945301607000,5.6,4.71,-0.57
1058932,19,Walking,129945341524000,6.51,5.37,-1.27
1058933,19,Walking,129945381471000,7.65,6.28,-1.08
1058934,19,Walking,129945421510000,9.53,6.7,-1.23
1058935,19,Walking,129945501466000,15.24,4.9,1.61
1058936,19,Walking,129945541566000,14.86,0.38,6.13
1058937,19,Walking,129945581605000,11.33,3.57,-0.95
1058938,19,Walking,129945621492000,15.05,8.81,-1.61
1058939,19,Walking,129945661745000,14.25,16.66,-1.84
1058940,19,Walking,129945751588000,1.69,4.63,-1.84
1058941,19,Walking,129945795351000,0.91,3.06,-2.37
1058942,19,Walking,129945832429000,-0.34,3.06,-3.15
1058943,19,Walking,129945871431000,-1.18,3.72,-3.02
1058944,19,Walking,129945912141000,-0.57,5.13,1.61
1058945,19,Walking,129945991457000,14.63,15.13,3.49
1058946,19,Walking,129946031496000,11.11,8.24,-1.18
1058947,19,Walking,129946071565000,9.49,12.03,-0.65
1058948,19,Walking,129946151460000,2.56,4.06,-0.57
1058949,19,Walking,129946191438000,5.67,6.93,-0.89
1058950,19,Walking,129946231599000,7.7,7.74,-0.72
1058951,19,Walking,129946271455000,4.48,3.87,-0.46
1058952,19,Walking,129946311555000,5.86,5.05,-0.72
1058953,19,Walking,129946391481000,7.78,5.94,-1.04
1058954,19,Walking,129946431520000,8.85,6.47,-1.12
1058955,19,Walking,129946471468000,9.15,6.24,-0.95
1058956,19,Walking,129946551485000,15.85,4.18,2.41
1058957,19,Walking,129946591615000,14.06,1.38,3.91
1058958,19,Walking,129946631502000,11.99,6.09,0.34
1058959,19,Walking,129946671571000,12.26,12.98,0.46
1058960,19,Walking,129946711671000,10.04,15.7,0.19
1058961,19,Walking,129946791627000,1.76,5.01,-2.11
1058962,19,Walking,129946831728000,1.23,2.07,-1.95
1058963,19,Walking,129946871461000,0.38,2.41,-2.15
