,user,label,timestamp,x,y,z
1059964,19,Walking,129996941469000,3.79,3.68,-0.42
1059965,19,Walking,129996981508000,4.75,3.95,-0.61
1059966,19,Walking,129997021577000,6.02,4.82,-0.93
1059967,19,Walking,129997061647000,7.46,5.56,-1.18
1059968,19,Walking,129997141542000,11.41,5.41,-0.99
1059969,19,Walking,129997181459000,14.82,6.28,-1.57
1059971,19,Walking,129997301424000,12.83,6.28,-1.57
1059970,19,Walking,129997301424000,12.83,6.28,-1.57
1059972,19,Walking,129997341859000,14.44,12.22,0.57
1059973,19,Walking,129997381532000,9.81,13.02,-0.93
1059974,19,Walking,129997421571000,3.06,8.62,-0.23
1059975,19,Walking,129997461641000,1.27,4.25,-2.37
1059976,19,Walking,129997541505000,0.27,3.83,-3.41
1059977,19,Walking,129997581483000,-0.42,4.25,-2.3
1059978,19,Walking,129997621522000,-0.19,4.82,4.59
1059979,19,Walking,129997701509000,17.39,12.18,-1.61
1059980,19,Walking,129997741518000,12.87,3.11,-4.71
1059981,19,Walking,129997781465000,14.1,8.5,0.5
1059982,19,Walking,129997821474000,6.89,10.53,5.48
1059983,19,Walking,129997901460000,5.63,7.31,-1.04
1059984,19,Walking,129997941560000,5.75,5.98,-0.72
1059985,19,Walking,129997981477000,3.64,3.87,-0.46
1059986,19,Walking,129998021577000,3.83,4.37,-0.89
1059987,19,Walking,129998061647000,5.05,4.99,-1.04
1059988,19,Walking,129998141511000,8.2,5.98,-0.89
1059989,19,Walking,129998181490000,11.14,6.51,-1.69
1059990,19,Walking,129998221498000,13.78,5.94,-1.57
1059991,19,Walking,129998301485000,13.44,1.92,2.68
1059992,19,Walking,129998341585000,10.23,2.91,6.63
1059993,19,Walking,129998381990000,10.99,7.25,0.95
1059994,19,Walking,129998421632000,14.82,12.18,-1.57
1059995,19,Walking,129998461641000,9.53,12.22,-1.8
1059996,19,Walking,129998541566000,1.27,4.21,-1.27
1059997,19,Walking,129998581483000,0.46,4.67,-3.06
1059998,19,Walking,129998621584000,-0.38,5.24,-3.34
1059999,19,Walking,129998661653000,-0.46,5.52,10.0
1060000,19,Walking,129998741487000,17.73,11.56,7.93
1060001,19,Walking,129998781435000,14.29,8.5,-2.83
1060002,19,Walking,129998821657000,10.99,7.46,0.72
1060003,19,Walking,129998901521000,3.45,5.41,0.23
1060004,19,Walking,129998941499000,4.59,5.71,-0.95
1060005,19,Walking,129998981660000,6.55,6.93,-0.89
1060006,19,Walking,129999021516000,5.09,4.63,-0.34
1060007,19,Walking,129999101564000,6.05,4.75,-0.38
1060008,19,Walking,129999141664000,7.21,5.05,-0.89
1060009,19,Walking,129999181490000,8.43,5.83,-0.93
1060010,19,Walking,129999221468000,9.43,5.86,-0.76
1060011,19,Walking,129999301485000,14.48,3.79,0.65
1060012,19,Walking,129999341493000,14.14,1.88,0.76
1060013,19,Walking,129999381593000,11.41,2.18,2.6
1060014,19,Walking,129999421632000,14.4,10.38,-0.31
1060015,19,Walking,129999501619000,6.93,12.53,-1.08
1060016,19,Walking,129999541505000,1.99,5.79,-1.54
1060017,19,Walking,129999581636000,0.89,3.34,-2.68
1060018,19,Walking,129999621492000,0.3,3.26,-2.83
1060019,19,Walking,129999701570000,-0.8,5.24,-1.33
1060020,19,Walking,129999741579000,4.44,8.08,11.14
1060021,19,Walking,129999781465000,13.78,10.69,4.1
1060022,19,Walking,129999821504000,16.63,5.33,-3.64
1060023,19,Walking,129999901613000,11.11,11.35,2.64
1060024,19,Walking,129999941499000,4.18,7.27,-1.08
1060025,19,Walking,129999981630000,3.21,6.05,-0.95
1060026,19,Walking,130000021486000,4.71,7.5,-0.99
1060027,19,Walking,130000101533000,3.34,3.87,-0.65
1060028,19,Walking,130000141511000,4.56,4.99,-0.53
1060029,19,Walking,130000181612000,5.33,5.41,-0.72
1060030,19,Walking,130000221498000,7.65,6.59,-0.89
1060031,19,Walking,130000261659000,9.96,6.32,-0.99
1060032,19,Walking,130000341615000,17.16,4.06,-1.57
1060033,19,Walking,130000381471000,16.82,0.72,1.46
1060034,19,Walking,130000421632000,7.93,-2.03,9.62
1060035,19,Walking,130000461763000,12.87,7.86,0.42
1060036,19,Walking,130000541597000,10.84,12.6,-3.76
1060037,19,Walking,130000581514000,4.14,7.12,-0.99
1060038,19,Walking,130000621614000,0.76,4.21,0.69
1060039,19,Walking,130000701540000,-1.14,3.79,-3.38
1060040,19,Walking,130000741518000,-1.33,3.21,-2.79
1060041,19,Walking,130000781587000,2.18,6.17,3.98
1060042,19,Walking,130000821474000,17.12,14.6,11.92
1060043,19,Walking,130000901491000,9.49,8.96,-1.73
1060044,19,Walking,130000941499000,9.81,11.56,-0.34
1060045,19,Walking,130000981508000,2.98,6.44,1.46
1060046,19,Walking,130001021516000,2.96,4.75,-1.31
1060047,19,Walking,130001101625000,5.86,5.56,-0.23
1060048,19,Walking,130001141511000,4.4,3.53,-0.15
1060049,19,Walking,130001181490000,5.63,4.6,-0.57
1060050,19,Walking,130001221620000,7.86,6.4,-0.99
1060051,19,Walking,130001301485000,8.85,4.6,-0.34
1060052,19,Walking,130001341493000,11.33,4.75,-0.95
1060053,19,Walking,130001381624000,14.21,4.99,-0.53
1060054,19,Walking,130001421632000,13.33,4.4,0.57
1060055,19,Walking,130001501649000,12.03,9.11,0.23
1060056,19,Walking,130001541505000,12.37,14.21,0.76
1060057,19,Walking,130001581605000,9.0,14.25,-1.04
1060058,19,Walking,130001621492000,3.45,6.51,-1.61
1060059,19,Walking,130001701509000,1.95,2.64,-1.8
1060060,19,Walking,130001741487000,0.8,3.91,-2.49
1060061,19,Walking,130001781465000,-0.38,4.44,-1.46
1060062,19,Walking,130001821474000,2.18,7.06,9.7
1060063,19,Walking,130001901643000,19.15,6.78,-3.15
1060064,19,Walking,130001941621000,12.15,6.17,1.5
1060065,19,Walking,130001981538000,10.0,10.12,2.26
1060066,19,Walking,130002021547000,3.15,5.98,0.34
1060067,19,Walking,130002061647000,3.57,5.22,-1.08
1060068,19,Walking,130002141511000,5.2,5.6,-0.69
1060069,19,Walking,130002181490000,3.53,3.38,-0.46
1060070,19,Walking,130002221620000,4.59,4.44,-0.57
1060071,19,Walking,130002301546000,7.35,6.36,-1.23
1060072,19,Walking,130002351472000,9.89,6.59,-0.89
1060073,19,Walking,130002391481000,10.92,5.9,-1.08
1060074,19,Walking,130002431520000,14.02,5.05,-1.5
1060075,19,Walking,130002471437000,16.7,2.76,2.22
1060076,19,Walking,130002511659000,11.73,0.27,7.44
1060077,19,Walking,130002591493000,13.48,14.6,-0.23
1060078,19,Walking,130002631502000,8.54,14.33,-0.89
1060079,19,Walking,130002671449000,2.49,6.93,-1.18
1060080,19,Walking,130002711702000,0.89,3.3,-2.15
1060081,19,Walking,130002791566000,-0.15,3.45,-2.64
1060082,19,Walking,130002831514000,-0.27,4.33,-2.18
1060083,19,Walking,130002871614000,3.6,6.13,6.43
1060084,19,Walking,130002911531000,18.81,7.46,-2.83
1060085,19,Walking,130002991457000,9.89,7.01,-1.14
1060086,19,Walking,130003031496000,9.72,11.88,0.53
1060087,19,Walking,130003071504000,2.56,6.74,2.07
1060088,19,Walking,130003151613000,5.48,6.82,-0.93
1060089,19,Walking,130003191499000,5.24,5.37,-0.5
1060090,19,Walking,130003231538000,4.37,4.25,-0.53
1060091,19,Walking,130003271608000,5.52,5.24,-0.8
1060092,19,Walking,130003311555000,6.74,5.79,-1.18
1060093,19,Walking,130003391420000,9.38,5.52,-0.72
1060094,19,Walking,130003431490000,12.26,6.09,-1.08
1060095,19,Walking,130003471559000,15.05,4.67,0.72
1060096,19,Walking,130003551576000,11.75,0.31,7.35
1060097,19,Walking,130003591615000,12.22,8.01,-1.38
1060098,19,Walking,130003631624000,13.4,14.6,-1.08
1060099,19,Walking,130003671449000,8.16,14.67,-1.99
1060100,19,Walking,130003751680000,1.33,3.91,-1.61
1060101,19,Walking,130003791566000,0.72,2.45,-1.18
1060102,19,Walking,130003831514000,-0.04,4.02,-2.45
1060103,19,Walking,130003871461000,-0.11,5.13,-1.92
1060104,19,Walking,130003911562000,4.37,7.93,10.69
1060105,19,Walking,130003991640000,15.32,4.6,-3.83
1060106,19,Walking,130004031557000,10.8,5.75,3.15
1060107,19,Walking,130004071443000,10.61,11.8,-0.08
1060108,19,Walking,130004151460000,3.6,4.71,-0.89
1060109,19,Walking,130004191682000,5.86,7.35,-1.5
1060110,19,Walking,130004231477000,6.4,6.4,-0.84
1060111,19,Walking,130004271486000,4.21,3.99,-0.57
1060112,19,Walking,130004311678000,4.82,4.25,-0.61
1060113,19,Walking,130004391603000,6.7,5.41,-0.84
1060114,19,Walking,130004431520000,8.47,6.74,-0.89
1060115,19,Walking,130004471559000,10.31,6.74,-1.27
1060116,19,Walking,130004511537000,13.78,6.63,-1.57
1060117,19,Walking,130004591646000,10.42,0.31,3.21
1060118,19,Walking,130004631502000,10.57,4.4,1.08
1060119,19,Walking,130004751283000,4.02,10.27,-0.23
1060120,19,Walking,130004751283000,4.02,10.27,-0.23
1060121,19,Walking,130004791689000,1.08,5.24,-1.04
1060122,19,Walking,130004831514000,0.61,4.37,-1.88
1060123,19,Walking,130004871584000,0.15,3.6,-3.02
1060124,19,Walking,130004911592000,-0.46,3.38,-2.26
1060125,19,Walking,130004991609000,16.32,9.66,11.18
1060126,19,Walking,130005031465000,18.01,8.62,-3.38
1060127,19,Walking,130005071565000,13.63,6.82,-0.23
1060128,19,Walking,130005111665000,2.79,6.32,-0.84
1060129,19,Walking,130005191499000,3.91,6.97,-1.5
1060130,19,Walking,130005231630000,5.43,8.43,-1.38
1060131,19,Walking,130005271577000,4.1,5.22,-0.72
1060132,19,Walking,130005351503000,4.9,5.6,-1.12
1060133,19,Walking,130005391481000,5.41,5.41,-1.38
1060134,19,Walking,130005431520000,7.93,6.51,-1.33
1060135,19,Walking,130005471407000,10.46,6.36,-1.27
1060136,19,Walking,130005511537000,12.37,5.86,-0.99
1060137,19,Walking,130005591615000,15.21,0.11,2.18
1060138,19,Walking,130005631624000,10.0,0.42,5.2
1060139,19,Walking,130005671449000,13.72,7.21,-1.14
1060140,19,Walking,130005751497000,10.57,14.94,-2.83
1060141,19,Walking,130005803285000,2.22,8.54,-0.23
1060142,19,Walking,130005841585000,0.95,4.44,-1.95
1060143,19,Walking,130005881807000,0.27,3.57,-2.68
1060144,19,Walking,130005921388000,-0.69,2.76,-3.02
1060145,19,Walking,130005961366000,-0.89,3.26,-2.3
1060146,19,Walking,130006041383000,16.09,13.63,9.34
1060147,19,Walking,130006081392000,13.99,9.15,-1.04
1060148,19,Walking,130006121431000,9.04,8.16,-3.6
1060149,19,Walking,130006161348000,10.0,12.45,-0.5
1060150,19,Walking,130006241365000,3.02,4.63,-1.08
1060151,19,Walking,130006281435000,5.43,6.55,-1.27
1060152,19,Walking,130006321962000,5.98,5.83,-0.65
1060153,19,Walking,130006401521000,5.05,4.56,-0.76
1060154,19,Walking,130006441499000,6.85,6.13,-1.38
1060155,19,Walking,130006481477000,9.04,5.94,-1.38
1060156,19,Walking,130006521516000,10.0,5.6,-0.89
1060157,19,Walking,130006561678000,11.3,5.41,-0.84
1060158,19,Walking,130006641603000,16.36,1.84,-0.5
1060159,19,Walking,130006681612000,10.46,2.64,6.97
1060160,19,Walking,130006721620000,12.37,10.0,0.23
1060161,19,Walking,130006801485000,6.66,13.53,-0.93
1060162,19,Walking,130006841524000,2.53,6.63,-1.73
1060163,19,Walking,130006881502000,0.95,3.02,-1.5
