,user,label,timestamp,x,y,z
1061764,19,Walking,130086941499000,13.14,13.99,-4.79
1061765,19,Walking,130086981752000,5.71,7.21,1.18
1061766,19,Walking,130087021516000,2.11,2.72,-0.89
1061767,19,Walking,130087061555000,4.59,4.29,-1.65
1061768,19,Walking,130087141511000,4.63,3.57,-0.31
1061769,19,Walking,130087181764000,3.34,2.45,-0.15
1061770,19,Walking,130087221498000,6.13,4.48,-0.72
1061771,19,Walking,130087301698000,8.08,6.09,-1.04
1061772,19,Walking,130087341524000,10.53,6.32,-1.18
1061773,19,Walking,130087381746000,14.82,4.71,-0.57
1061774,19,Walking,130087421480000,17.2,-0.19,5.56
1061775,19,Walking,130087501619000,15.21,7.27,-1.88
1061776,19,Walking,130087541505000,17.39,15.02,-2.03
1061777,19,Walking,130087581758000,7.55,14.41,-1.65
1061778,19,Walking,130087621553000,1.27,6.78,-0.27
1061779,19,Walking,130087701479000,-0.11,2.96,-1.57
1061780,19,Walking,130087741518000,-0.31,3.57,-3.57
1061781,19,Walking,130087781618000,-0.34,4.02,-3.26
1061782,19,Walking,130087821626000,2.68,7.08,5.43
1061783,19,Walking,130087861574000,17.24,6.21,-0.95
1061784,19,Walking,130087941316000,10.34,7.4,0.08
1061785,19,Walking,130087981355000,12.83,15.17,-2.91
1061786,19,Walking,130088021486000,4.33,6.09,-0.53
1061787,19,Walking,130088061586000,1.53,2.26,-0.11
1061788,19,Walking,130088141511000,8.16,7.16,-1.04
1061789,19,Walking,130088181764000,3.95,3.11,-0.53
1061790,19,Walking,130088221498000,3.98,3.11,-0.42
1061791,19,Walking,130088261537000,6.7,6.28,-0.93
1061792,19,Walking,130088341524000,8.62,5.33,-0.89
1061793,19,Walking,130088382112000,12.34,5.6,-1.57
1061794,19,Walking,130088421480000,17.2,3.6,0.69
1061795,19,Walking,130088461549000,14.79,0.89,2.45
1061796,19,Walking,130088541627000,13.76,11.18,0.0
1061797,19,Walking,130088581667000,11.69,14.41,-1.12
1061798,19,Walking,130088621492000,5.24,10.19,-0.46
1061799,19,Walking,130088701479000,0.72,2.87,-2.18
1061800,19,Walking,130088741670000,0.19,3.53,-3.11
1061801,19,Walking,130088781587000,-0.31,4.6,-3.91
1061802,19,Walking,130088821504000,-0.95,4.99,2.26
1061803,19,Walking,130088861543000,17.31,10.19,0.27
1061804,19,Walking,130088941469000,17.69,6.17,0.27
1061805,19,Walking,130088981630000,9.19,10.57,6.89
1061806,19,Walking,130089021486000,8.92,11.45,-4.21
1061807,19,Walking,130089101472000,3.68,4.79,-1.69
1061808,19,Walking,130089141634000,6.7,7.35,-1.57
1061809,19,Walking,130089181642000,4.94,4.86,-0.95
1061810,19,Walking,130089221498000,4.1,4.18,-0.89
1061811,19,Walking,130089261507000,5.63,4.71,-0.8
1061812,19,Walking,130089341646000,7.97,5.48,-0.95
1061813,19,Walking,130089381624000,10.42,5.6,-0.99
1061814,19,Walking,130089421632000,12.56,5.22,-0.95
1061815,19,Walking,130089461549000,15.32,2.26,1.65
1061816,19,Walking,130089541658000,10.61,2.53,-1.31
1061817,19,Walking,130089581758000,15.7,8.12,-1.88
1061818,19,Walking,130089621553000,17.16,15.28,-2.72
1061819,19,Walking,130089701631000,1.38,8.35,-0.93
1061820,19,Walking,130089741518000,0.95,5.41,-2.03
1061821,19,Walking,130089781587000,-0.15,3.15,-2.37
1061822,19,Walking,130089821474000,-1.33,2.98,-2.18
1061823,19,Walking,130089861574000,-1.04,3.6,-2.87
1061824,19,Walking,130089941499000,15.43,8.47,10.08
1061825,19,Walking,130089981660000,16.04,10.42,-1.38
1061826,19,Walking,130090021516000,10.34,8.39,0.72
1061827,19,Walking,130090101442000,2.98,5.37,-0.72
1061828,19,Walking,130090141511000,2.03,1.92,-1.46
1061829,19,Walking,130090181673000,6.55,6.36,-2.26
1061830,19,Walking,130090221498000,7.01,6.44,-0.95
1061831,19,Walking,130090261690000,3.79,3.26,-0.42
1061832,19,Walking,130090341493000,6.51,5.43,-1.08
1061833,19,Walking,130090381746000,8.47,6.05,-1.14
1061834,19,Walking,130090421480000,10.65,5.6,-1.04
1061835,19,Walking,130090501619000,15.83,1.08,5.56
1061836,19,Walking,130090541505000,11.92,0.76,3.45
1061837,19,Walking,130090581667000,10.92,2.68,-1.76
1061838,19,Walking,130090621675000,14.82,6.82,-3.38
1061839,19,Walking,130090701479000,9.0,15.64,-0.5
1061840,19,Walking,130090741518000,2.26,7.59,-0.89
1061841,19,Walking,130090781618000,1.99,3.72,-1.54
1061842,19,Walking,130090821474000,0.89,2.45,-1.92
1061843,19,Walking,130090901460000,-0.72,3.83,-2.96
1061844,19,Walking,130090941499000,1.84,6.74,3.11
1061845,19,Walking,130090981630000,15.98,15.28,13.4
1061846,19,Walking,130091021516000,10.61,6.32,-0.5
1061847,19,Walking,130091101472000,13.63,14.02,-2.41
1061848,19,Walking,130091141511000,4.48,4.48,-1.04
1061849,19,Walking,130091181642000,1.69,1.61,0.04
1061850,19,Walking,130091221498000,5.18,3.87,0.0
1061851,19,Walking,130091261537000,7.82,5.94,-0.69
1061852,19,Walking,130091341554000,6.13,5.86,-0.93
1061853,19,Walking,130091381593000,6.85,6.89,-0.95
1061854,19,Walking,130091421510000,6.47,5.52,-0.42
1061855,19,Walking,130091501436000,11.92,5.33,-1.23
1061856,19,Walking,130091541627000,16.32,1.12,2.83
1061857,19,Walking,130091581789000,12.45,1.18,3.91
1061858,19,Walking,130091621645000,11.18,3.99,-2.26
1061859,19,Walking,130091701509000,16.13,15.13,-1.99
1061860,19,Walking,130091741548000,6.24,12.6,-0.38
1061861,19,Walking,130091782716000,3.02,7.55,-1.08
1061862,19,Walking,130091821504000,1.53,4.52,-1.76
1061863,19,Walking,130091901491000,-0.89,1.92,-2.53
1061864,19,Walking,130091941499000,-0.61,3.17,-1.95
1061865,19,Walking,130091981660000,1.5,7.63,5.05
1061866,19,Walking,130092021669000,14.82,14.1,11.22
1061867,19,Walking,130092061555000,15.24,7.55,-2.15
1061868,19,Walking,130092141481000,9.43,9.66,-3.49
1061869,19,Walking,130092181642000,3.06,3.68,-0.57
1061870,19,Walking,130092221468000,0.95,2.11,0.53
1061871,19,Walking,130092261537000,4.59,5.28,-0.42
1061872,19,Walking,130092341493000,4.4,4.6,-0.8
1061873,19,Walking,130092381593000,4.63,4.44,-0.31
1061874,19,Walking,130092421510000,6.82,6.47,-0.69
1061875,19,Walking,130092501497000,8.12,5.63,-0.42
1061876,19,Walking,130092541536000,9.53,5.22,-0.76
1061877,19,Walking,130092581605000,12.68,3.38,0.0
1061878,19,Walking,130092621584000,15.47,1.88,0.65
1061879,19,Walking,130092701662000,11.56,6.74,-0.57
1061880,19,Walking,130092741579000,13.59,12.79,0.0
1061881,19,Walking,130092781648000,11.33,15.4,-1.33
1061882,19,Walking,130092821504000,4.06,8.24,-1.99
1061883,19,Walking,130092861665000,2.96,3.06,-1.31
1061884,19,Walking,130092941469000,0.8,5.24,-1.31
1061885,19,Walking,130092981599000,-0.42,4.94,-2.45
1061886,19,Walking,130093021669000,-0.11,4.6,-1.46
1061887,19,Walking,130093061586000,6.24,7.4,9.11
1061888,19,Walking,130093141511000,14.71,5.18,-2.07
1061889,19,Walking,130093181642000,14.33,8.01,0.91
1061890,19,Walking,130093221620000,9.04,9.38,-2.64
1061891,19,Walking,130093301485000,1.69,2.34,0.19
1061892,19,Walking,130093341524000,5.01,5.9,-0.08
1061893,19,Walking,130093382021000,6.97,8.47,-1.04
1061894,19,Walking,130093421480000,3.98,5.43,-0.93
1061895,19,Walking,130093461549000,5.41,5.43,-0.46
1061896,19,Walking,130093501436000,6.66,5.43,-0.61
1061897,19,Walking,130093591707000,9.43,5.6,-0.5
1061898,19,Walking,130093631441000,9.77,4.75,-0.76
1061899,19,Walking,130093671541000,11.8,4.02,-1.46
1061900,19,Walking,130093751466000,11.95,1.8,2.53
1061901,19,Walking,130093791689000,11.75,8.92,2.91
1061902,19,Walking,130093831575000,13.06,13.72,-0.65
1061903,19,Walking,130093871614000,7.65,13.8,-1.14
1061904,19,Walking,130093951662000,2.72,3.21,-1.92
1061905,19,Walking,130093991609000,2.68,3.17,-1.76
1061906,19,Walking,130094031465000,0.53,5.28,-0.99
1061907,19,Walking,130094071718000,-0.38,4.86,-1.95
1061909,19,Walking,130094191408000,19.65,8.89,-1.14
1061908,19,Walking,130094191408000,19.65,8.89,-1.14
1061910,19,Walking,130094231386000,13.99,3.64,-2.41
1061911,19,Walking,130094271638000,14.14,10.31,0.69
1061912,19,Walking,130094351442000,1.8,4.52,2.26
1061913,19,Walking,130094391756000,1.5,2.49,-1.08
1061914,19,Walking,130094431520000,5.9,7.01,-2.49
1061915,19,Walking,130094471498000,6.89,8.96,-1.65
1061916,19,Walking,130094551668000,5.48,5.67,-0.8
1061917,19,Walking,130094591615000,6.63,5.52,-1.14
1061918,19,Walking,130094631624000,7.89,5.63,-0.95
1061919,19,Walking,130094671632000,8.58,5.43,-0.65
1061920,19,Walking,130094751436000,13.02,4.14,-1.69
1061921,19,Walking,130094791719000,16.7,2.91,1.73
1061922,19,Walking,130094831575000,12.26,0.99,5.01
1061923,19,Walking,130094871553000,11.45,5.24,2.11
1061924,19,Walking,130094911653000,12.64,11.69,-0.15
1061925,19,Walking,130094991579000,4.67,8.96,-1.8
1061926,19,Walking,130095031557000,3.3,5.37,-1.84
1061927,19,Walking,130095071504000,3.21,3.38,-2.11
1061928,19,Walking,130095151460000,-0.15,5.22,-1.88
1061929,19,Walking,130095191560000,-0.46,5.56,1.92
1061930,19,Walking,130095231477000,6.89,8.2,9.0
1061931,19,Walking,130095271547000,17.58,11.26,2.91
1061932,19,Walking,130095351595000,16.28,7.89,-0.89
1061933,19,Walking,130095391634000,7.31,7.4,-1.46
1061934,19,Walking,130095431520000,0.89,3.91,2.79
1061935,19,Walking,130095471498000,1.69,3.21,-0.5
1061936,19,Walking,130095551576000,6.4,7.82,-1.31
1061937,19,Walking,130095591585000,4.75,5.52,-0.93
1061938,19,Walking,130095631502000,5.75,5.94,-1.27
1061939,19,Walking,130095671632000,7.04,5.75,-1.14
1061940,19,Walking,130095751497000,8.5,5.22,-0.69
1061941,19,Walking,130095797914000,9.89,4.82,-0.99
1061942,19,Walking,130095833253000,12.49,4.14,0.57
1061943,19,Walking,130095871706000,13.44,2.76,0.04
1061944,19,Walking,130095951509000,13.1,5.13,-0.23
1061945,19,Walking,130095991701000,12.41,11.45,0.15
1061946,19,Walking,130096031618000,8.88,14.79,1.14
1061947,19,Walking,130096071504000,4.48,9.0,-1.61
1061948,19,Walking,130096151521000,3.64,3.95,-0.93
1061949,19,Walking,130096191560000,1.95,4.1,-1.12
1061950,19,Walking,130096231477000,0.42,4.75,-1.69
1061951,19,Walking,130096271547000,1.04,4.21,-1.57
1061952,19,Walking,130096351503000,18.73,7.93,4.67
1061953,19,Walking,130096391634000,13.95,1.54,0.69
1061954,19,Walking,130096431642000,12.68,7.86,3.3
1061955,19,Walking,130096471498000,11.54,10.73,-0.89
1061956,19,Walking,130096551454000,2.3,3.11,-0.38
1061957,19,Walking,130096591768000,3.95,5.28,-0.89
1061958,19,Walking,130096631624000,7.5,8.77,-1.38
1061959,19,Walking,130096671510000,4.67,4.99,-0.89
1061960,19,Walking,130096711519000,4.1,3.6,-0.46
1061961,19,Walking,130096791719000,8.62,6.89,-0.61
1061962,19,Walking,130096831514000,8.35,6.02,-0.38
1061963,19,Walking,130096871706000,8.12,5.22,-0.38
