,user,label,timestamp,x,y,z
1082859,19,Walking,130573161501000,-4.9,9.72,0.76
1070545,19,Walking,130573161501000,-4.9,9.72,0.76
1082860,19,Walking,130573241487000,3.98,17.73,10.31
1070546,19,Walking,130573241487000,3.98,17.73,10.31
1082861,19,Walking,130573281435000,-1.54,13.63,0.23
1070547,19,Walking,130573281435000,-1.54,13.63,0.23
1082862,19,Walking,130573321474000,-3.83,15.36,-2.6
1070548,19,Walking,130573321474000,-3.83,15.36,-2.6
1070549,19,Walking,130573361665000,-5.24,15.79,-0.53
1082863,19,Walking,130573361665000,-5.24,15.79,-0.53
1070550,19,Walking,130573441621000,-4.48,4.1,-0.42
1082864,19,Walking,130573441621000,-4.48,4.1,-0.42
1082865,19,Walking,130573481599000,-3.95,2.11,-0.61
1070551,19,Walking,130573481599000,-3.95,2.11,-0.61
1070552,19,Walking,130573521486000,-4.44,1.27,-0.8
1082866,19,Walking,130573521486000,-4.44,1.27,-0.8
1082867,19,Walking,130573561525000,-3.87,0.23,-2.07
1070553,19,Walking,130573561525000,-3.87,0.23,-2.07
1070554,19,Walking,130573641511000,-4.52,7.46,2.96
1082868,19,Walking,130573641511000,-4.52,7.46,2.96
1070555,19,Walking,130573681490000,-2.76,19.7,13.67
1082869,19,Walking,130573681490000,-2.76,19.7,13.67
1070556,19,Walking,130573721468000,1.27,10.46,-0.89
1082870,19,Walking,130573721468000,1.27,10.46,-0.89
1070557,19,Walking,130573761629000,-2.72,8.28,-3.6
1082871,19,Walking,130573761629000,-2.72,8.28,-3.6
1070558,19,Walking,130573841493000,-6.05,7.78,-2.3
1082872,19,Walking,130573841493000,-6.05,7.78,-2.3
1070559,19,Walking,130573881471000,-2.41,0.72,1.65
1082873,19,Walking,130573881471000,-2.41,0.72,1.65
1082874,19,Walking,130573921510000,-1.84,2.41,-0.5
1070560,19,Walking,130573921510000,-1.84,2.41,-0.5
1082875,19,Walking,130573961641000,-5.01,9.23,-1.69
1070561,19,Walking,130573961641000,-5.01,9.23,-1.69
1082876,19,Walking,130574041505000,-2.83,7.93,0.08
1070562,19,Walking,130574041505000,-2.83,7.93,0.08
1082877,19,Walking,130574081605000,-2.45,8.85,0.0
1070563,19,Walking,130574081605000,-2.45,8.85,0.0
1082878,19,Walking,130574121614000,-2.3,9.51,-0.46
1070564,19,Walking,130574121614000,-2.3,9.51,-0.46
1082879,19,Walking,130574161623000,-2.34,10.84,-0.42
1070565,19,Walking,130574161623000,-2.34,10.84,-0.42
1082880,19,Walking,130574241609000,-0.99,12.91,-0.89
1070566,19,Walking,130574241609000,-0.99,12.91,-0.89
1082881,19,Walking,130574281435000,3.21,15.43,3.41
1070567,19,Walking,130574281435000,3.21,15.43,3.41
1070568,19,Walking,130574321596000,-0.65,14.21,-3.06
1082882,19,Walking,130574321596000,-0.65,14.21,-3.06
1082883,19,Walking,130574361513000,-3.95,16.02,-0.15
1070569,19,Walking,130574361513000,-3.95,16.02,-0.15
1070570,19,Walking,130574441499000,-8.77,12.64,-2.53
1082884,19,Walking,130574441499000,-8.77,12.64,-2.53
1070571,19,Walking,130574481599000,-5.75,5.24,-2.83
1082885,19,Walking,130574481599000,-5.75,5.24,-2.83
1082886,19,Walking,130574521516000,-3.68,2.07,-2.64
1070572,19,Walking,130574521516000,-3.68,2.07,-2.64
1070573,19,Walking,130574561647000,-4.21,-0.27,-1.42
1082887,19,Walking,130574561647000,-4.21,-0.27,-1.42
1070574,19,Walking,130574641603000,-4.4,0.72,-2.6
1082888,19,Walking,130574641603000,-4.4,0.72,-2.6
1082889,19,Walking,130574681612000,-4.75,4.14,2.45
1070575,19,Walking,130574681612000,-4.75,4.14,2.45
1082890,19,Walking,130574721590000,-7.5,16.82,13.57
1070576,19,Walking,130574721590000,-7.5,16.82,13.57
1082891,19,Walking,130574761507000,-2.56,15.64,1.42
1070577,19,Walking,130574761507000,-2.56,15.64,1.42
1082892,19,Walking,130574841554000,-10.0,14.56,-1.76
1070578,19,Walking,130574841554000,-10.0,14.56,-1.76
1070579,19,Walking,130574881441000,-5.83,6.51,-0.72
1082893,19,Walking,130574881441000,-5.83,6.51,-0.72
1082894,19,Walking,130574921632000,-2.98,2.96,-0.27
1070580,19,Walking,130574921632000,-2.98,2.96,-0.27
1082895,19,Walking,130574961519000,-3.72,4.4,-0.11
1070581,19,Walking,130574961519000,-3.72,4.4,-0.11
1082896,19,Walking,130575041475000,-4.18,8.12,0.08
1070582,19,Walking,130575041475000,-4.18,8.12,0.08
1082897,19,Walking,130575081605000,-2.79,7.21,-0.5
1070583,19,Walking,130575081605000,-2.79,7.21,-0.5
1082898,19,Walking,130575121522000,-2.15,8.54,-1.12
1070584,19,Walking,130575121522000,-2.15,8.54,-1.12
1082899,19,Walking,130575161501000,-1.23,10.08,-0.84
1070585,19,Walking,130575161501000,-1.23,10.08,-0.84
1070586,19,Walking,130575241609000,-0.27,12.22,0.08
1082900,19,Walking,130575241609000,-0.27,12.22,0.08
1070587,19,Walking,130575281465000,0.53,12.64,-0.84
1082901,19,Walking,130575281465000,0.53,12.64,-0.84
1070588,19,Walking,130575321474000,2.34,15.17,1.76
1082902,19,Walking,130575321474000,2.34,15.17,1.76
1082903,19,Walking,130575361513000,1.18,12.83,0.5
1070589,19,Walking,130575361513000,1.18,12.83,0.5
1070590,19,Walking,130575441621000,-6.93,17.27,0.61
1082904,19,Walking,130575441621000,-6.93,17.27,0.61
1070591,19,Walking,130575481599000,-9.38,16.04,-3.06
1082905,19,Walking,130575481599000,-9.38,16.04,-3.06
1082906,19,Walking,130575522584000,-7.16,5.71,-3.15
1070592,19,Walking,130575522584000,-7.16,5.71,-3.15
1082907,19,Walking,130575561555000,-3.95,1.46,-2.96
1070593,19,Walking,130575561555000,-3.95,1.46,-2.96
1070594,19,Walking,130575641481000,-4.18,1.46,-1.04
1082908,19,Walking,130575641481000,-4.18,1.46,-1.04
1070595,19,Walking,130575681459000,-4.29,1.08,-2.45
1082909,19,Walking,130575681459000,-4.29,1.08,-2.45
1082910,19,Walking,130575721498000,-5.01,3.02,0.61
1070596,19,Walking,130575721498000,-5.01,3.02,0.61
1070597,19,Walking,130575761629000,-7.55,15.55,13.02
1082911,19,Walking,130575761629000,-7.55,15.55,13.02
1070598,19,Walking,130575811433000,-0.61,12.87,0.65
1082912,19,Walking,130575811433000,-0.61,12.87,0.65
1070599,19,Walking,130575891389000,-7.89,16.66,0.72
1082913,19,Walking,130575891389000,-7.89,16.66,0.72
1082914,19,Walking,130575932008000,-5.33,7.46,-2.68
1070600,19,Walking,130575932008000,-5.33,7.46,-2.68
1082915,19,Walking,130575971498000,-2.34,2.87,-0.27
1070601,19,Walking,130575971498000,-2.34,2.87,-0.27
1082916,19,Walking,130576011446000,-3.17,3.26,0.15
1070602,19,Walking,130576011446000,-3.17,3.26,0.15
1082917,19,Walking,130576091554000,-4.79,7.82,0.3
1070603,19,Walking,130576091554000,-4.79,7.82,0.3
1070604,19,Walking,130576131471000,-2.83,5.43,0.04
1082918,19,Walking,130576131471000,-2.83,5.43,0.04
1082919,19,Walking,130576171602000,-3.26,7.93,-0.38
1070605,19,Walking,130576171602000,-3.26,7.93,-0.38
1070606,19,Walking,130576211458000,-2.53,9.77,-0.69
1082920,19,Walking,130576211458000,-2.53,9.77,-0.69
1082921,19,Walking,130576291597000,-1.54,11.75,-0.31
1070607,19,Walking,130576291597000,-1.54,11.75,-0.31
1070608,19,Walking,130576331514000,-0.84,13.38,-0.65
1082922,19,Walking,130576331514000,-0.84,13.38,-0.65
1070609,19,Walking,130576371675000,0.23,16.44,0.08
1082923,19,Walking,130576371675000,0.23,16.44,0.08
1082924,19,Walking,130576411470000,3.41,12.95,4.18
1070610,19,Walking,130576411470000,3.41,12.95,4.18
1082925,19,Walking,130576491731000,-3.79,15.47,-0.23
1070611,19,Walking,130576491731000,-3.79,15.47,-0.23
1070612,19,Walking,130576531404000,-6.36,16.36,-1.14
1082926,19,Walking,130576531404000,-6.36,16.36,-1.14
1070613,19,Walking,130576571626000,-7.55,12.41,-4.4
1082927,19,Walking,130576571626000,-7.55,12.41,-4.4
1070614,19,Walking,130576611604000,-6.05,5.13,-2.87
1082928,19,Walking,130576611604000,-6.05,5.13,-2.87
1082929,19,Walking,130576651552000,-4.52,2.37,-1.73
1070615,19,Walking,130576651552000,-4.52,2.37,-1.73
1070616,19,Walking,130576731477000,-7.12,1.57,-2.3
1082930,19,Walking,130576731477000,-7.12,1.57,-2.3
1070617,19,Walking,130576771516000,-6.36,1.23,-0.11
1082931,19,Walking,130576771516000,-6.36,1.23,-0.11
1082932,19,Walking,130576811494000,-3.17,10.27,10.57
1070618,19,Walking,130576811494000,-3.17,10.27,10.57
1082933,19,Walking,130576891725000,-1.65,8.54,-3.34
1070619,19,Walking,130576891725000,-1.65,8.54,-3.34
1082934,19,Walking,130576931490000,-5.71,12.83,0.72
1070620,19,Walking,130576931490000,-5.71,12.83,0.72
1070621,19,Walking,130576971620000,-7.55,13.21,-2.49
1082935,19,Walking,130576971620000,-7.55,13.21,-2.49
1082936,19,Walking,130577011598000,-2.68,3.91,-1.18
1070622,19,Walking,130577011598000,-2.68,3.91,-1.18
1082937,19,Walking,130577091585000,-3.95,7.4,0.57
1070623,19,Walking,130577091585000,-3.95,7.4,0.57
1070624,19,Walking,130577131471000,-4.37,10.92,0.15
1082938,19,Walking,130577131471000,-4.37,10.92,0.15
1082939,19,Walking,130577171510000,-2.3,7.7,-0.57
1070625,19,Walking,130577171510000,-2.3,7.7,-0.57
1082940,19,Walking,130577211610000,-1.61,6.97,-0.5
1070626,19,Walking,130577211610000,-1.61,6.97,-0.5
1070627,19,Walking,130577291719000,-3.53,10.34,1.46
1082941,19,Walking,130577291719000,-3.53,10.34,1.46
1070628,19,Walking,130577331483000,-2.79,11.22,0.3
1082942,19,Walking,130577331483000,-2.79,11.22,0.3
1082943,19,Walking,130577371645000,-0.99,13.57,0.46
1070629,19,Walking,130577371645000,-0.99,13.57,0.46
1070630,19,Walking,130577411470000,0.23,14.82,1.61
1082944,19,Walking,130577411470000,0.23,14.82,1.61
1070631,19,Walking,130577491701000,-3.87,15.66,-0.93
1082945,19,Walking,130577491701000,-3.87,15.66,-0.93
1070632,19,Walking,130577531587000,-7.86,15.32,0.89
1082946,19,Walking,130577531587000,-7.86,15.32,0.89
1082947,19,Walking,130577571504000,-9.72,13.87,-2.76
1070633,19,Walking,130577571504000,-9.72,13.87,-2.76
1082948,19,Walking,130577611635000,-6.09,6.05,-3.02
1070634,19,Walking,130577611635000,-6.09,6.05,-3.02
1082949,19,Walking,130577691560000,-2.68,0.65,-3.02
1070635,19,Walking,130577691560000,-2.68,0.65,-3.02
1082951,19,Walking,130577781374000,-4.56,2.11,-3.02
1082950,19,Walking,130577781374000,-4.56,2.11,-3.02
1070636,19,Walking,130577781374000,-4.56,2.11,-3.02
1070637,19,Walking,130577781374000,-4.56,2.11,-3.02
1082952,19,Walking,130577821901000,-4.25,7.12,3.49
1070638,19,Walking,130577821901000,-4.25,7.12,3.49
1070639,19,Walking,130577861543000,-2.68,19.15,13.72
1082953,19,Walking,130577861543000,-2.68,19.15,13.72
1070640,19,Walking,130577901674000,0.23,9.72,-1.88
1082954,19,Walking,130577901674000,0.23,9.72,-1.88
1082955,19,Walking,130577981447000,-7.63,12.76,-0.46
1070641,19,Walking,130577981447000,-7.63,12.76,-0.46
1070642,19,Walking,130578021486000,-3.45,3.6,-0.99
1082956,19,Walking,130578021486000,-3.45,3.6,-0.99
1070643,19,Walking,130578061616000,-2.49,4.29,-0.95
1082957,19,Walking,130578061616000,-2.49,4.29,-0.95
1070644,19,Walking,130578101533000,-6.4,12.34,-1.23
1082958,19,Walking,130578101533000,-6.4,12.34,-1.23
