,user,label,timestamp,x,y,z
1082959,19,Walking,130578181581000,-1.57,4.1,0.0
1070645,19,Walking,130578181581000,-1.57,4.1,0.0
1070646,19,Walking,130578221468000,-1.38,4.21,0.0
1082960,19,Walking,130578221468000,-1.38,4.21,0.0
1082961,19,Walking,130578261507000,-3.41,8.85,-0.34
1070647,19,Walking,130578261507000,-3.41,8.85,-0.34
1082962,19,Walking,130578301515000,-4.1,11.26,-0.57
1070648,19,Walking,130578301515000,-4.1,11.26,-0.57
1082963,19,Walking,130578381990000,-1.31,13.33,1.53
1070649,19,Walking,130578381990000,-1.31,13.33,1.53
1070650,19,Walking,130578421632000,1.5,17.39,4.52
1082964,19,Walking,130578421632000,1.5,17.39,4.52
1070651,19,Walking,130578461519000,1.69,13.59,0.04
1082965,19,Walking,130578461519000,1.69,13.59,0.04
1070652,19,Walking,130578501649000,-1.8,14.63,-0.04
1082966,19,Walking,130578501649000,-1.8,14.63,-0.04
1082967,19,Walking,130578581483000,-9.43,16.09,-0.19
1070653,19,Walking,130578581483000,-9.43,16.09,-0.19
1070654,19,Walking,130578621645000,-7.44,8.47,-3.26
1082968,19,Walking,130578621645000,-7.44,8.47,-3.26
1070655,19,Walking,130578661439000,-2.91,3.72,-3.49
1082969,19,Walking,130578661439000,-2.91,3.72,-3.49
1070656,19,Walking,130578701540000,-1.61,2.41,-2.83
1082970,19,Walking,130578701540000,-1.61,2.41,-2.83
1082971,19,Walking,130578781435000,-5.01,1.54,-2.6
1070657,19,Walking,130578781435000,-5.01,1.54,-2.6
1070658,19,Walking,130578821474000,-5.37,1.99,-2.18
1082972,19,Walking,130578821474000,-5.37,1.99,-2.18
1070659,19,Walking,130578861635000,-3.64,10.88,10.61
1082973,19,Walking,130578861635000,-3.64,10.88,10.61
1082974,19,Walking,130578901552000,-5.24,18.12,9.62
1070660,19,Walking,130578901552000,-5.24,18.12,9.62
1070661,19,Walking,130578981477000,-6.44,11.5,-4.48
1082975,19,Walking,130578981477000,-6.44,11.5,-4.48
1082976,19,Walking,130579021486000,-7.46,10.46,-0.31
1070662,19,Walking,130579021486000,-7.46,10.46,-0.31
1082977,19,Walking,130579061647000,-5.37,4.6,3.17
1070663,19,Walking,130579061647000,-5.37,4.6,3.17
1082978,19,Walking,130579101656000,-3.91,6.78,-2.56
1070664,19,Walking,130579101656000,-3.91,6.78,-2.56
1070665,19,Walking,130579181642000,-3.17,8.24,0.04
1082979,19,Walking,130579181642000,-3.17,8.24,0.04
1070666,19,Walking,130579221468000,-1.95,6.36,0.34
1082980,19,Walking,130579221468000,-1.95,6.36,0.34
1082981,19,Walking,130579261507000,-1.57,6.21,0.15
1070667,19,Walking,130579261507000,-1.57,6.21,0.15
1070668,19,Walking,130579301668000,-2.11,8.62,-0.53
1082982,19,Walking,130579301668000,-2.11,8.62,-0.53
1070669,19,Walking,130579381471000,-2.45,10.08,-0.69
1082983,19,Walking,130579381471000,-2.45,10.08,-0.69
1070670,19,Walking,130579421480000,-2.15,12.45,-0.38
1082984,19,Walking,130579421480000,-2.15,12.45,-0.38
1082985,19,Walking,130579461641000,-1.38,15.28,2.18
1070671,19,Walking,130579461641000,-1.38,15.28,2.18
1082986,19,Walking,130579501527000,1.84,15.79,8.12
1070672,19,Walking,130579501527000,1.84,15.79,8.12
1070673,19,Walking,130579581605000,-2.3,15.75,-2.15
1082987,19,Walking,130579581605000,-2.3,15.75,-2.15
1082988,19,Walking,130579621645000,-4.99,17.43,-1.5
1070674,19,Walking,130579621645000,-4.99,17.43,-1.5
1070675,19,Walking,130579661623000,-8.66,15.24,-3.26
1082989,19,Walking,130579661623000,-8.66,15.24,-3.26
1082990,19,Walking,130579701570000,-5.05,4.94,-2.26
1070676,19,Walking,130579701570000,-5.05,4.94,-2.26
1082991,19,Walking,130579781465000,-5.01,2.34,-1.76
1070677,19,Walking,130579781465000,-5.01,2.34,-1.76
1082992,19,Walking,130579821474000,-6.44,1.33,-2.83
1070678,19,Walking,130579821474000,-6.44,1.33,-2.83
1070679,19,Walking,130579861635000,-5.71,0.61,-1.54
1082993,19,Walking,130579861635000,-5.71,0.61,-1.54
1082994,19,Walking,130579901552000,-5.63,6.78,8.31
1070680,19,Walking,130579901552000,-5.63,6.78,8.31
1070681,19,Walking,130579981508000,-1.84,11.96,0.08
1082995,19,Walking,130579981508000,-1.84,11.96,0.08
1070682,19,Walking,130580021486000,-3.11,13.48,-5.41
1082996,19,Walking,130580021486000,-3.11,13.48,-5.41
1082997,19,Walking,130580061494000,-4.99,15.94,-0.42
1070683,19,Walking,130580061494000,-4.99,15.94,-0.42
1070684,19,Walking,130580101656000,-2.53,5.43,-1.14
1082998,19,Walking,130580101656000,-2.53,5.43,-1.14
1082999,19,Walking,130580181490000,-3.15,5.75,-0.08
1070685,19,Walking,130580181490000,-3.15,5.75,-0.08
1083000,19,Walking,130580221468000,-5.01,10.65,-0.5
1070686,19,Walking,130580221468000,-5.01,10.65,-0.5
1083001,19,Walking,130580261659000,-3.41,7.12,-0.57
1070687,19,Walking,130580261659000,-3.41,7.12,-0.57
1070688,19,Walking,130580301546000,-2.45,7.44,-0.34
1083002,19,Walking,130580301546000,-2.45,7.44,-0.34
1070689,19,Walking,130580381471000,-3.15,8.5,0.11
1083003,19,Walking,130580381471000,-3.15,8.5,0.11
1070690,19,Walking,130580421602000,-3.3,9.66,0.84
1083004,19,Walking,130580421602000,-3.3,9.66,0.84
1083005,19,Walking,130580461519000,-2.26,11.5,-1.54
1070691,19,Walking,130580461519000,-2.26,11.5,-1.54
1083006,19,Walking,130580501527000,-0.99,12.87,0.34
1070692,19,Walking,130580501527000,-0.99,12.87,0.34
1083007,19,Walking,130580581575000,-0.42,11.54,2.98
1070693,19,Walking,130580581575000,-0.42,11.54,2.98
1083008,19,Walking,130580621522000,-6.4,14.75,-1.33
1070694,19,Walking,130580621522000,-6.4,14.75,-1.33
1083009,19,Walking,130580661501000,-10.42,17.77,-0.42
1070695,19,Walking,130580661501000,-10.42,17.77,-0.42
1083010,19,Walking,130580701662000,-9.72,10.92,-2.79
1070696,19,Walking,130580701662000,-9.72,10.92,-2.79
1070697,19,Walking,130580781618000,-2.41,1.84,-0.61
1083011,19,Walking,130580781618000,-2.41,1.84,-0.61
1083012,19,Walking,130580821504000,-2.83,2.45,-0.46
1070698,19,Walking,130580821504000,-2.83,2.45,-0.46
1083013,19,Walking,130580861513000,-4.18,1.84,-2.11
1070699,19,Walking,130580861513000,-4.18,1.84,-2.11
1070700,19,Walking,130580901826000,-3.79,1.57,-2.22
1083014,19,Walking,130580901826000,-3.79,1.57,-2.22
1070701,19,Walking,130580981569000,-0.27,19.7,9.11
1083015,19,Walking,130580981569000,-0.27,19.7,9.11
1070702,19,Walking,130581021486000,4.21,12.98,0.15
1083016,19,Walking,130581021486000,4.21,12.98,0.15
1083017,19,Walking,130581061555000,-3.34,7.5,0.57
1070703,19,Walking,130581061555000,-3.34,7.5,0.57
1070704,19,Walking,130581103365000,-12.64,15.7,1.42
1083018,19,Walking,130581103365000,-12.64,15.7,1.42
1070705,19,Walking,130581181642000,-2.45,4.56,-0.08
1083019,19,Walking,130581181642000,-2.45,4.56,-0.08
1083020,19,Walking,130581221468000,-4.33,10.23,-0.19
1070706,19,Walking,130581221468000,-4.33,10.23,-0.19
1083021,19,Walking,130581261629000,-3.38,9.53,0.0
1070707,19,Walking,130581261629000,-3.38,9.53,0.0
1070708,19,Walking,130581301668000,-1.33,3.6,-0.23
1083022,19,Walking,130581301668000,-1.33,3.6,-0.23
1083023,19,Walking,130581381471000,-4.52,6.93,-0.8
1070709,19,Walking,130581381471000,-4.52,6.93,-0.8
1083024,19,Walking,130581421632000,-3.76,7.67,-0.08
1070710,19,Walking,130581421632000,-3.76,7.67,-0.08
1083025,19,Walking,130581461641000,-3.34,11.26,-0.61
1070711,19,Walking,130581461641000,-3.34,11.26,-0.61
1083026,19,Walking,130581501527000,-2.34,13.91,-0.76
1070712,19,Walking,130581501527000,-2.34,13.91,-0.76
1083027,19,Walking,130581581453000,3.06,16.63,4.67
1070713,19,Walking,130581581453000,3.06,16.63,4.67
1083028,19,Walking,130581621492000,4.4,10.99,3.53
1070714,19,Walking,130581621492000,4.4,10.99,3.53
1083029,19,Walking,130581661623000,-3.53,13.72,0.42
1070715,19,Walking,130581661623000,-3.53,13.72,0.42
1070716,19,Walking,130581701662000,-6.09,18.54,1.65
1083030,19,Walking,130581701662000,-6.09,18.54,1.65
1070717,19,Walking,130581781465000,-4.75,4.99,-2.3
1083031,19,Walking,130581781465000,-4.75,4.99,-2.3
1070718,19,Walking,130581821504000,-3.17,2.72,-2.11
1083032,19,Walking,130581821504000,-3.17,2.72,-2.11
1083033,19,Walking,130581861513000,-2.56,1.14,-1.84
1070719,19,Walking,130581861513000,-2.56,1.14,-1.84
1070720,19,Walking,130581901552000,-3.87,0.57,-1.8
1083034,19,Walking,130581901552000,-3.87,0.57,-1.8
1083035,19,Walking,130581981569000,-4.25,5.33,3.17
1070721,19,Walking,130581981569000,-4.25,5.33,3.17
1083036,19,Walking,130582021486000,-5.6,18.54,13.44
1070722,19,Walking,130582021486000,-5.6,18.54,13.44
1083037,19,Walking,130582061525000,-3.49,12.6,-0.95
1070723,19,Walking,130582061525000,-3.49,12.6,-0.95
1083038,19,Walking,130582101656000,-7.31,12.03,-2.45
1070724,19,Walking,130582101656000,-7.31,12.03,-2.45
1083039,19,Walking,130582181612000,-3.34,2.98,0.3
1070725,19,Walking,130582181612000,-3.34,2.98,0.3
1083040,19,Walking,130582221498000,-2.56,2.98,-1.31
1070726,19,Walking,130582221498000,-2.56,2.98,-1.31
1083041,19,Walking,130582261629000,-6.09,10.34,-1.46
1070727,19,Walking,130582261629000,-6.09,10.34,-1.46
1070728,19,Walking,130582301546000,-4.25,10.04,0.08
1083042,19,Walking,130582301546000,-4.25,10.04,0.08
1083043,19,Walking,130582381502000,-1.61,7.31,0.04
1070729,19,Walking,130582381502000,-1.61,7.31,0.04
1083044,19,Walking,130582421632000,-1.84,9.0,-0.27
1070730,19,Walking,130582421632000,-1.84,9.0,-0.27
1083045,19,Walking,130582461519000,-2.03,9.3,-0.53
1070731,19,Walking,130582461519000,-2.03,9.3,-0.53
1083046,19,Walking,130582501527000,-3.34,10.15,0.5
1070732,19,Walking,130582501527000,-3.34,10.15,0.5
1083047,19,Walking,130582581575000,-1.61,12.79,-1.42
1070733,19,Walking,130582581575000,-1.61,12.79,-1.42
1070734,19,Walking,130582621492000,-0.46,15.89,1.12
1083048,19,Walking,130582621492000,-0.46,15.89,1.12
1083049,19,Walking,130582661501000,1.73,12.87,2.53
1070735,19,Walking,130582661501000,1.73,12.87,2.53
1083050,19,Walking,130582701540000,-1.69,12.15,0.95
1070736,19,Walking,130582701540000,-1.69,12.15,0.95
1083051,19,Walking,130582781587000,-7.46,15.64,-1.33
1070737,19,Walking,130582781587000,-7.46,15.64,-1.33
1083052,19,Walking,130582822115000,-6.21,8.01,-3.64
1070738,19,Walking,130582822115000,-6.21,8.01,-3.64
1083053,19,Walking,130582862093000,-3.91,4.21,-2.87
1070739,19,Walking,130582862093000,-3.91,4.21,-2.87
1083054,19,Walking,130582941560000,-4.99,1.65,0.15
1070740,19,Walking,130582941560000,-4.99,1.65,0.15
1070741,19,Walking,130582981447000,-5.13,1.54,-1.65
1083055,19,Walking,130582981447000,-5.13,1.54,-1.65
1083056,19,Walking,130583021486000,-5.33,1.18,0.69
1070742,19,Walking,130583021486000,-5.33,1.18,0.69
1083057,19,Walking,130583061555000,-2.98,13.02,14.18
1070743,19,Walking,130583061555000,-2.98,13.02,14.18
1083058,19,Walking,130583101656000,-1.61,19.65,5.05
1070744,19,Walking,130583101656000,-1.61,19.65,5.05
