,user,label,timestamp,x,y,z
1083259,19,Walking,130593181612000,-4.67,4.82,-2.98
1070945,19,Walking,130593181612000,-4.67,4.82,-2.98
1070946,19,Walking,130593221468000,-5.09,4.33,-4.6
1083260,19,Walking,130593221468000,-5.09,4.33,-4.6
1083261,19,Walking,130593261659000,-4.71,3.64,-5.75
1070947,19,Walking,130593261659000,-4.71,3.64,-5.75
1070948,19,Walking,130593301546000,-5.01,2.3,-4.06
1083262,19,Walking,130593301546000,-5.01,2.3,-4.06
1083263,19,Walking,130593381868000,-6.85,5.56,8.58
1070949,19,Walking,130593381868000,-6.85,5.56,8.58
1070950,19,Walking,130593421632000,-11.99,17.01,15.75
1083264,19,Walking,130593421632000,-11.99,17.01,15.75
1083265,19,Walking,130593461519000,-2.15,7.59,-3.76
1070951,19,Walking,130593461519000,-2.15,7.59,-3.76
1083266,19,Walking,130593501527000,-4.99,12.11,-7.89
1070952,19,Walking,130593501527000,-4.99,12.11,-7.89
1070953,19,Walking,130593581483000,-4.79,5.24,1.76
1083267,19,Walking,130593581483000,-4.79,5.24,1.76
1070954,19,Walking,130593621522000,-2.45,4.67,-1.99
1083268,19,Walking,130593621522000,-2.45,4.67,-1.99
1083269,19,Walking,130593661501000,-3.79,8.05,-0.95
1070955,19,Walking,130593661501000,-3.79,8.05,-0.95
1083270,19,Walking,130593701540000,-3.38,8.12,0.27
1070956,19,Walking,130593701540000,-3.38,8.12,0.27
1083271,19,Walking,130593781587000,-2.45,7.46,-0.08
1070957,19,Walking,130593781587000,-2.45,7.46,-0.08
1070958,19,Walking,130593821474000,-2.76,8.58,-0.57
1083272,19,Walking,130593821474000,-2.76,8.58,-0.57
1070959,19,Walking,130593861635000,-3.45,8.92,-0.8
1083273,19,Walking,130593861635000,-3.45,8.92,-0.8
1083274,19,Walking,130593901552000,-3.06,10.38,-0.46
1070960,19,Walking,130593901552000,-3.06,10.38,-0.46
1070961,19,Walking,130593981660000,-1.5,14.71,-0.8
1083275,19,Walking,130593981660000,-1.5,14.71,-0.8
1083276,19,Walking,130594021608000,0.57,16.55,2.75
1070962,19,Walking,130594021608000,0.57,16.55,2.75
1070963,19,Walking,130594061678000,4.75,12.79,4.21
1083277,19,Walking,130594061678000,4.75,12.79,4.21
1083278,19,Walking,130594101503000,-2.87,14.52,-1.42
1070964,19,Walking,130594101503000,-2.87,14.52,-1.42
1083279,19,Walking,130594181490000,-8.05,13.59,-3.53
1070965,19,Walking,130594181490000,-8.05,13.59,-3.53
1083280,19,Walking,130594221468000,-5.9,5.6,-2.37
1070966,19,Walking,130594221468000,-5.9,5.6,-2.37
1070967,19,Walking,130594261629000,-3.68,2.45,-1.88
1083281,19,Walking,130594261629000,-3.68,2.45,-1.88
1070968,19,Walking,130594301546000,-4.33,1.73,-0.95
1083282,19,Walking,130594301546000,-4.33,1.73,-0.95
1070969,19,Walking,130594381471000,-5.41,0.8,-2.18
1083283,19,Walking,130594381471000,-5.41,0.8,-2.18
1070970,19,Walking,130594421632000,-3.34,5.28,5.71
1083284,19,Walking,130594421632000,-3.34,5.28,5.71
1070971,19,Walking,130594461641000,-3.38,19.23,13.38
1083285,19,Walking,130594461641000,-3.38,19.23,13.38
1070972,19,Walking,130594501527000,-0.46,14.71,-0.04
1083286,19,Walking,130594501527000,-0.46,14.71,-0.04
1070973,19,Walking,130594581483000,-8.28,16.32,0.15
1083287,19,Walking,130594581483000,-8.28,16.32,0.15
1083288,19,Walking,130594621645000,-3.02,4.02,-2.41
1070974,19,Walking,130594621645000,-3.02,4.02,-2.41
1083289,19,Walking,130594661623000,-0.53,0.04,-0.5
1070975,19,Walking,130594661623000,-0.53,0.04,-0.5
1083290,19,Walking,130594701692000,-2.3,2.6,-0.34
1070976,19,Walking,130594701692000,-2.3,2.6,-0.34
1070977,19,Walking,130594781465000,-4.67,7.74,-0.61
1083291,19,Walking,130594781465000,-4.67,7.74,-0.61
1083292,19,Walking,130594821504000,-3.06,5.13,-0.15
1070978,19,Walking,130594821504000,-3.06,5.13,-0.15
1083293,19,Walking,130594861513000,-5.28,8.66,0.15
1070979,19,Walking,130594861513000,-5.28,8.66,0.15
1083294,19,Walking,130594901552000,-5.41,9.04,-0.11
1070980,19,Walking,130594901552000,-5.41,9.04,-0.11
1083295,19,Walking,130594981569000,-3.34,9.85,-0.19
1070981,19,Walking,130594981569000,-3.34,9.85,-0.19
1083296,19,Walking,130595021486000,-2.83,12.26,-0.11
1070982,19,Walking,130595021486000,-2.83,12.26,-0.11
1070983,19,Walking,130595061525000,-1.73,14.82,0.72
1083297,19,Walking,130595061525000,-1.73,14.82,0.72
1083298,19,Walking,130595101656000,0.19,14.18,1.84
1070984,19,Walking,130595101656000,0.19,14.18,1.84
1070985,19,Walking,130595181551000,-2.34,12.76,-1.73
1083299,19,Walking,130595181551000,-2.34,12.76,-1.73
1083300,19,Walking,130595221468000,-4.9,16.74,0.72
1070986,19,Walking,130595221468000,-4.9,16.74,0.72
1083301,19,Walking,130595261629000,-7.35,15.85,-4.02
1070987,19,Walking,130595261629000,-7.35,15.85,-4.02
1083302,19,Walking,130595301546000,-6.55,8.85,-3.26
1070988,19,Walking,130595301546000,-6.55,8.85,-3.26
1070989,19,Walking,130595381471000,-5.09,3.49,-0.19
1083303,19,Walking,130595381471000,-5.09,3.49,-0.19
1070990,19,Walking,130595421480000,-6.47,1.61,-2.87
1083304,19,Walking,130595421480000,-6.47,1.61,-2.87
1083305,19,Walking,130595461671000,-5.43,0.31,-1.95
1070991,19,Walking,130595461671000,-5.43,0.31,-1.95
1083306,19,Walking,130595501527000,-4.02,0.95,3.26
1070992,19,Walking,130595501527000,-4.02,0.95,3.26
1070993,19,Walking,130595581483000,-4.99,19.72,1.8
1083307,19,Walking,130595581483000,-4.99,19.72,1.8
1083308,19,Walking,130595621492000,-0.93,15.94,-1.88
1070994,19,Walking,130595621492000,-0.93,15.94,-1.88
1083309,19,Walking,130595661501000,-3.57,13.06,-0.99
1070995,19,Walking,130595661501000,-3.57,13.06,-0.99
1083310,19,Walking,130595741487000,-2.22,1.38,-0.34
1070996,19,Walking,130595741487000,-2.22,1.38,-0.34
1083311,19,Walking,130595781465000,-6.17,5.6,-0.38
1070997,19,Walking,130595781465000,-6.17,5.6,-0.38
1083312,19,Walking,130595821504000,-7.12,9.04,-0.23
1070998,19,Walking,130595821504000,-7.12,9.04,-0.23
1070999,19,Walking,130595861604000,-3.91,6.24,-0.27
1083313,19,Walking,130595861604000,-3.91,6.24,-0.27
1071000,19,Walking,130595901552000,-3.53,7.4,-0.27
1083314,19,Walking,130595901552000,-3.53,7.4,-0.27
1071001,19,Walking,130595948457000,-3.41,9.58,-0.34
1083315,19,Walking,130595948457000,-3.41,9.58,-0.34
1071002,19,Walking,130596031618000,-2.45,9.58,-0.19
1083316,19,Walking,130596031618000,-2.45,9.58,-0.19
1071003,19,Walking,130596071504000,-2.22,11.18,1.14
1083317,19,Walking,130596071504000,-2.22,11.18,1.14
1071004,19,Walking,130596111635000,-2.07,12.53,-1.08
1083318,19,Walking,130596111635000,-2.07,12.53,-1.08
1071005,19,Walking,130596151552000,-0.72,15.02,-0.27
1083319,19,Walking,130596151552000,-0.72,15.02,-0.27
1071006,19,Walking,130596191530000,0.34,14.41,0.76
1083320,19,Walking,130596191530000,0.34,14.41,0.76
1071007,19,Walking,130596281313000,-7.97,15.05,1.31
1083321,19,Walking,130596281313000,-7.97,15.05,1.31
1083322,19,Walking,130596321413000,-9.66,14.25,-1.95
1071008,19,Walking,130596321413000,-9.66,14.25,-1.95
1071009,19,Walking,130596361665000,-6.82,6.05,-2.79
1083323,19,Walking,130596361665000,-6.82,6.05,-2.79
1083324,19,Walking,130596441469000,-1.8,0.8,-3.02
1071010,19,Walking,130596441469000,-1.8,0.8,-3.02
1083325,19,Walking,130596481447000,-3.45,0.23,-2.49
1071011,19,Walking,130596481447000,-3.45,0.23,-2.49
1083326,19,Walking,130596521547000,-4.99,0.69,-3.64
1071012,19,Walking,130596521547000,-4.99,0.69,-3.64
1083327,19,Walking,130596561525000,-3.87,6.13,5.24
1071013,19,Walking,130596561525000,-3.87,6.13,5.24
1071014,19,Walking,130596601533000,-5.86,19.53,14.18
1083328,19,Walking,130596601533000,-5.86,19.53,14.18
1083329,19,Walking,130596681459000,-5.9,12.98,-3.26
1071015,19,Walking,130596681459000,-5.9,12.98,-3.26
1083330,19,Walking,130596721468000,-10.04,14.71,-1.33
1071016,19,Walking,130596721468000,-10.04,14.71,-1.33
1071017,19,Walking,130596761659000,-3.79,1.57,1.14
1083331,19,Walking,130596761659000,-3.79,1.57,1.14
1071018,19,Walking,130596841615000,-6.97,9.58,-2.98
1083332,19,Walking,130596841615000,-6.97,9.58,-2.98
1083333,19,Walking,130596881441000,-5.86,10.34,-0.76
1071019,19,Walking,130596881441000,-5.86,10.34,-0.76
1083334,19,Walking,130596921632000,-2.49,5.24,0.42
1071020,19,Walking,130596921632000,-2.49,5.24,0.42
1071021,19,Walking,130596961519000,-2.56,6.59,0.42
1083335,19,Walking,130596961519000,-2.56,6.59,0.42
1083336,19,Walking,130597001588000,-2.87,8.92,0.0
1071022,19,Walking,130597001588000,-2.87,8.92,0.0
1071023,19,Walking,130597081453000,-1.84,10.76,-0.72
1083337,19,Walking,130597081453000,-1.84,10.76,-0.72
1071024,19,Walking,130597121492000,-1.65,12.15,-0.27
1083338,19,Walking,130597121492000,-1.65,12.15,-0.27
1071025,19,Walking,130597161623000,-0.57,15.6,2.34
1083339,19,Walking,130597161623000,-0.57,15.6,2.34
1071026,19,Walking,130597201509000,3.87,13.82,7.21
1083340,19,Walking,130597201509000,3.87,13.82,7.21
1071027,19,Walking,130597281435000,-3.99,16.97,-0.04
1083341,19,Walking,130597281435000,-3.99,16.97,-0.04
1071028,19,Walking,130597321626000,-6.09,19.31,-0.23
1083342,19,Walking,130597321626000,-6.09,19.31,-0.23
1071029,19,Walking,130597361513000,-6.97,15.43,-3.26
1083343,19,Walking,130597361513000,-6.97,15.43,-3.26
1083344,19,Walking,130597401552000,-6.13,6.17,-2.56
1071030,19,Walking,130597401552000,-6.13,6.17,-2.56
1083345,19,Walking,130597481355000,-4.06,0.11,-1.99
1071031,19,Walking,130597481355000,-4.06,0.11,-1.99
1071032,19,Walking,130597521638000,-4.79,-1.88,-2.98
1083346,19,Walking,130597521638000,-4.79,-1.88,-2.98
1083347,19,Walking,130597561525000,-5.05,-0.53,-2.22
1071033,19,Walking,130597561525000,-5.05,-0.53,-2.22
1071034,19,Walking,130597601533000,-3.41,5.09,5.9
1083348,19,Walking,130597601533000,-3.41,5.09,5.9
1071035,19,Walking,130597681459000,-7.63,9.72,-0.08
1083349,19,Walking,130597681459000,-7.63,9.72,-0.08
1083350,19,Walking,130597721620000,-9.72,13.82,-5.13
1071036,19,Walking,130597721620000,-9.72,13.82,-5.13
1071037,19,Walking,130597761659000,-7.67,12.53,-0.65
1083351,19,Walking,130597761659000,-7.67,12.53,-0.65
1071038,19,Walking,130597801546000,-3.17,4.18,-1.27
1083352,19,Walking,130597801546000,-3.17,4.18,-1.27
1071039,19,Walking,130597881624000,-3.3,8.05,-0.72
1083353,19,Walking,130597881624000,-3.3,8.05,-0.72
1071040,19,Walking,130597921510000,-4.14,12.83,-1.04
1083354,19,Walking,130597921510000,-4.14,12.83,-1.04
1083355,19,Walking,130597961519000,-1.99,7.7,-0.57
1071041,19,Walking,130597961519000,-1.99,7.7,-0.57
1083356,19,Walking,130598041444000,-1.5,8.62,-0.31
1071042,19,Walking,130598041444000,-1.5,8.62,-0.31
1083357,19,Walking,130598081483000,-1.84,9.81,-0.19
1071043,19,Walking,130598081483000,-1.84,9.81,-0.19
1083358,19,Walking,130598121492000,-2.56,10.76,-0.08
1071044,19,Walking,130598121492000,-2.56,10.76,-0.08
