,user,label,timestamp,x,y,z
1071545,19,Walking,130623171510000,-5.52,4.14,-2.45
1083859,19,Walking,130623171510000,-5.52,4.14,-2.45
1071546,19,Walking,130623211458000,-3.64,1.5,-0.89
1083860,19,Walking,130623211458000,-3.64,1.5,-0.89
1083861,19,Walking,130623251527000,-4.75,1.14,-0.72
1071547,19,Walking,130623251527000,-4.75,1.14,-0.72
1083862,19,Walking,130623331605000,-4.48,1.04,-2.11
1071548,19,Walking,130623331605000,-4.48,1.04,-2.11
1071549,19,Walking,130623371553000,-4.18,7.63,5.33
1083863,19,Walking,130623371553000,-4.18,7.63,5.33
1083864,19,Walking,130623411623000,-5.37,19.7,12.18
1071550,19,Walking,130623411623000,-5.37,19.7,12.18
1071551,19,Walking,130623451662000,-2.3,15.98,-0.95
1083865,19,Walking,130623451662000,-2.3,15.98,-0.95
1083866,19,Walking,130623531618000,-6.28,7.16,-3.79
1071552,19,Walking,130623531618000,-6.28,7.16,-3.79
1071553,19,Walking,130623571504000,-2.26,1.27,-0.5
1083867,19,Walking,130623571504000,-2.26,1.27,-0.5
1071554,19,Walking,130623611635000,-2.03,0.8,-0.23
1083868,19,Walking,130623611635000,-2.03,0.8,-0.23
1071555,19,Walking,130623651521000,-6.59,8.16,0.99
1083869,19,Walking,130623651521000,-6.59,8.16,0.99
1083870,19,Walking,130623731599000,-3.3,4.9,0.04
1071556,19,Walking,130623731599000,-3.3,4.9,0.04
1071557,19,Walking,130623771486000,-3.34,7.35,-0.15
1083871,19,Walking,130623771486000,-3.34,7.35,-0.15
1071558,19,Walking,130623811555000,-3.26,10.08,-0.5
1083872,19,Walking,130623811555000,-3.26,10.08,-0.5
1083873,19,Walking,130623891603000,-2.18,10.5,-0.11
1071559,19,Walking,130623891603000,-2.18,10.5,-0.11
1083874,19,Walking,130623931734000,-2.15,12.07,0.04
1071560,19,Walking,130623931734000,-2.15,12.07,0.04
1083875,19,Walking,130623971498000,-1.12,14.67,1.73
1071561,19,Walking,130623971498000,-1.12,14.67,1.73
1083876,19,Walking,130624011446000,1.42,15.66,3.17
1071562,19,Walking,130624011446000,1.42,15.66,3.17
1083877,19,Walking,130624051668000,1.99,13.4,0.23
1071563,19,Walking,130624051668000,1.99,13.4,0.23
1083878,19,Walking,130624131746000,-8.62,15.85,-0.38
1071564,19,Walking,130624131746000,-8.62,15.85,-0.38
1071565,19,Walking,130624171510000,-10.42,13.33,-1.76
1083879,19,Walking,130624171510000,-10.42,13.33,-1.76
1083880,19,Walking,130624211488000,-6.47,5.05,-2.53
1071566,19,Walking,130624211488000,-6.47,5.05,-2.53
1083881,19,Walking,130624291475000,-3.49,1.33,-0.72
1071567,19,Walking,130624291475000,-3.49,1.33,-0.72
1071568,19,Walking,130624331758000,-5.09,1.61,-1.84
1083882,19,Walking,130624331758000,-5.09,1.61,-1.84
1071569,19,Walking,130624371461000,-4.52,1.23,-2.56
1083883,19,Walking,130624371461000,-4.52,1.23,-2.56
1083884,19,Walking,130624411531000,-3.76,4.63,3.15
1071570,19,Walking,130624411531000,-3.76,4.63,3.15
1083885,19,Walking,130624491579000,-1.54,14.48,-0.69
1071571,19,Walking,130624491579000,-1.54,14.48,-0.69
1083886,19,Walking,130624531740000,-2.64,10.31,-1.54
1071572,19,Walking,130624531740000,-2.64,10.31,-1.54
1083887,19,Walking,130624571626000,-7.7,15.79,1.23
1071573,19,Walking,130624571626000,-7.7,15.79,1.23
1071574,19,Walking,130624611513000,-5.05,7.5,-2.3
1083888,19,Walking,130624611513000,-5.05,7.5,-2.3
1083889,19,Walking,130624691499000,-2.79,3.64,0.61
1071575,19,Walking,130624691499000,-2.79,3.64,0.61
1083890,19,Walking,130624731752000,-6.02,9.11,1.04
1071576,19,Walking,130624731752000,-6.02,9.11,1.04
1083891,19,Walking,130624772127000,-5.63,7.86,-0.15
1071577,19,Walking,130624772127000,-5.63,7.86,-0.15
1083892,19,Walking,130624811525000,-3.57,4.99,0.04
1071578,19,Walking,130624811525000,-3.57,4.99,0.04
1071579,19,Walking,130624891481000,-3.53,9.58,-0.34
1083893,19,Walking,130624891481000,-3.53,9.58,-0.34
1083894,19,Walking,130624931642000,-2.56,10.8,-0.72
1071580,19,Walking,130624931642000,-2.56,10.8,-0.72
1083895,19,Walking,130624971498000,-2.11,10.92,-0.46
1071581,19,Walking,130624971498000,-2.11,10.92,-0.46
1071582,19,Walking,130625011598000,-1.84,12.6,-0.19
1083896,19,Walking,130625011598000,-1.84,12.6,-0.19
1083897,19,Walking,130625091493000,3.53,15.64,5.6
1071583,19,Walking,130625091493000,3.53,15.64,5.6
1083898,19,Walking,130625131746000,2.87,10.92,-0.15
1071584,19,Walking,130625131746000,2.87,10.92,-0.15
1083899,19,Walking,130625171632000,-3.83,14.98,-1.12
1071585,19,Walking,130625171632000,-3.83,14.98,-1.12
1071586,19,Walking,130625211610000,-6.44,17.97,-0.61
1083900,19,Walking,130625211610000,-6.44,17.97,-0.61
1083901,19,Walking,130625291475000,-7.4,4.44,-1.76
1071587,19,Walking,130625291475000,-7.4,4.44,-1.76
1083902,19,Walking,130625331605000,-4.6,2.56,-1.76
1071588,19,Walking,130625331605000,-4.6,2.56,-1.76
1083903,19,Walking,130625371492000,-4.29,1.65,-0.93
1071589,19,Walking,130625371492000,-4.29,1.65,-0.93
1083904,19,Walking,130625411501000,-6.05,1.73,-2.15
1071590,19,Walking,130625411501000,-6.05,1.73,-2.15
1071591,19,Walking,130625491518000,-4.56,3.45,3.53
1083905,19,Walking,130625491518000,-4.56,3.45,3.53
1071592,19,Walking,130625531709000,-7.08,17.39,14.18
1083906,19,Walking,130625531709000,-7.08,17.39,14.18
1071593,19,Walking,130625571535000,-4.14,14.56,1.53
1083907,19,Walking,130625571535000,-4.14,14.56,1.53
1071594,19,Walking,130625611635000,-2.49,10.53,-2.18
1083908,19,Walking,130625611635000,-2.49,10.53,-2.18
1071595,19,Walking,130625691469000,-4.71,7.67,-1.33
1083909,19,Walking,130625691469000,-4.71,7.67,-1.33
1071596,19,Walking,130625731630000,-2.03,2.87,-0.08
1083910,19,Walking,130625731630000,-2.03,2.87,-0.08
1071597,19,Walking,130625771516000,-2.3,3.41,0.27
1083911,19,Walking,130625771516000,-2.3,3.41,0.27
1083912,19,Walking,130625811678000,-5.75,9.85,0.46
1071598,19,Walking,130625811678000,-5.75,9.85,0.46
1083913,19,Walking,130625891481000,-3.41,5.86,0.04
1071599,19,Walking,130625891481000,-3.41,5.86,0.04
1083914,19,Walking,130625931612000,-3.11,7.67,0.08
1071600,19,Walking,130625931612000,-3.11,7.67,0.08
1083915,19,Walking,130625976228000,-2.64,9.51,-0.61
1071601,19,Walking,130625976228000,-2.64,9.51,-0.61
1071602,19,Walking,130626013429000,-2.15,10.92,-0.72
1083916,19,Walking,130626013429000,-2.15,10.92,-0.72
1083917,19,Walking,130626091493000,-0.46,12.95,1.53
1071603,19,Walking,130626091493000,-0.46,12.95,1.53
1071604,19,Walking,130626131563000,1.84,16.66,3.83
1083918,19,Walking,130626131563000,1.84,16.66,3.83
1083919,19,Walking,130626171449000,2.6,12.11,0.19
1071605,19,Walking,130626171449000,2.6,12.11,0.19
1071606,19,Walking,130626211610000,-1.33,12.26,-0.8
1083920,19,Walking,130626211610000,-1.33,12.26,-0.8
1071607,19,Walking,130626291475000,-8.05,17.69,-1.04
1083921,19,Walking,130626291475000,-8.05,17.69,-1.04
1071608,19,Walking,130626331758000,-8.58,10.23,-2.64
1083922,19,Walking,130626331758000,-8.58,10.23,-2.64
1071609,19,Walking,130626371584000,-5.09,3.76,-2.22
1083923,19,Walking,130626371584000,-5.09,3.76,-2.22
1083924,19,Walking,130626411501000,-3.17,2.26,-1.65
1071610,19,Walking,130626411501000,-3.17,2.26,-1.65
1071611,19,Walking,130626491548000,-6.51,1.31,-2.72
1083925,19,Walking,130626491548000,-6.51,1.31,-2.72
1083926,19,Walking,130626531587000,-5.98,0.69,-0.04
1071612,19,Walking,130626531587000,-5.98,0.69,-0.04
1071613,19,Walking,130626571626000,-6.47,9.96,8.81
1083927,19,Walking,130626571626000,-6.47,9.96,8.81
1083928,19,Walking,130626611421000,-10.34,18.66,8.62
1071614,19,Walking,130626611421000,-10.34,18.66,8.62
1083929,19,Walking,130626691469000,-3.06,16.09,-3.17
1071615,19,Walking,130626691469000,-3.06,16.09,-3.17
1083930,19,Walking,130626731599000,-4.37,12.15,-0.11
1071616,19,Walking,130626731599000,-4.37,12.15,-0.11
1083931,19,Walking,130626771486000,-2.76,5.43,-0.38
1071617,19,Walking,130626771486000,-2.76,5.43,-0.38
1071618,19,Walking,130626811555000,-2.3,2.96,0.61
1083932,19,Walking,130626811555000,-2.3,2.96,0.61
1071619,19,Walking,130626891481000,-6.47,9.81,-0.89
1083933,19,Walking,130626891481000,-6.47,9.81,-0.89
1071620,19,Walking,130626931612000,-4.94,6.59,0.23
1083934,19,Walking,130626931612000,-4.94,6.59,0.23
1071621,19,Walking,130626971498000,-3.26,5.33,0.53
1083935,19,Walking,130626971498000,-3.26,5.33,0.53
1083936,19,Walking,130627011476000,-3.49,7.59,0.38
1071622,19,Walking,130627011476000,-3.49,7.59,0.38
1083937,19,Walking,130627091707000,-2.45,10.61,-0.99
1071623,19,Walking,130627091707000,-2.45,10.61,-0.99
1083938,19,Walking,130627131593000,-1.99,11.6,-0.57
1071624,19,Walking,130627131593000,-1.99,11.6,-0.57
1083939,19,Walking,130627171632000,-1.33,14.02,0.42
1071625,19,Walking,130627171632000,-1.33,14.02,0.42
1071626,19,Walking,130627211458000,0.8,16.25,1.76
1083940,19,Walking,130627211458000,0.8,16.25,1.76
1083941,19,Walking,130627291597000,-2.45,14.75,-0.23
1071627,19,Walking,130627291597000,-2.45,14.75,-0.23
1083942,19,Walking,130627331758000,-6.66,16.25,-0.31
1071628,19,Walking,130627331758000,-6.66,16.25,-0.31
1083943,19,Walking,130627372774000,-9.04,13.99,-2.6
1071629,19,Walking,130627372774000,-9.04,13.99,-2.6
1083944,19,Walking,130627411592000,-6.93,5.67,-2.56
1071630,19,Walking,130627411592000,-6.93,5.67,-2.56
1083945,19,Walking,130627491579000,-4.18,3.76,-0.38
1071631,19,Walking,130627491579000,-4.18,3.76,-0.38
1083946,19,Walking,130627531587000,-5.67,2.87,-1.99
1071632,19,Walking,130627531587000,-5.67,2.87,-1.99
1083947,19,Walking,130627571504000,-5.63,1.5,-2.07
1071633,19,Walking,130627571504000,-5.63,1.5,-2.07
1083948,19,Walking,130627611513000,-4.71,2.26,1.42
1071634,19,Walking,130627611513000,-4.71,2.26,1.42
1071635,19,Walking,130627691469000,-4.33,18.16,4.71
1083949,19,Walking,130627691469000,-4.33,18.16,4.71
1071636,19,Walking,130627731599000,-0.42,12.76,-4.6
1083950,19,Walking,130627731599000,-0.42,12.76,-4.6
1071637,19,Walking,130627771486000,-5.37,18.2,-0.19
1083951,19,Walking,130627771486000,-5.37,18.2,-0.19
1071638,19,Walking,130627811647000,-4.94,8.5,-2.3
1083952,19,Walking,130627811647000,-4.94,8.5,-2.3
1071639,19,Walking,130627891481000,-2.07,1.33,-0.04
1083953,19,Walking,130627891481000,-2.07,1.33,-0.04
1083954,19,Walking,130627931612000,-8.28,9.28,0.15
1071640,19,Walking,130627931612000,-8.28,9.28,0.15
1071641,19,Walking,130627971620000,-8.73,9.19,-0.11
1083955,19,Walking,130627971620000,-8.73,9.19,-0.11
1071642,19,Walking,130628011476000,-3.45,3.34,0.27
1083956,19,Walking,130628011476000,-3.45,3.34,0.27
1071643,19,Walking,130628091493000,-5.24,10.73,-0.04
1083957,19,Walking,130628091493000,-5.24,10.73,-0.04
1071644,19,Walking,130628131624000,-4.14,11.22,-0.84
1083958,19,Walking,130628131624000,-4.14,11.22,-0.84
