,user,label,timestamp,x,y,z
1083959,19,Walking,130628171510000,-2.07,8.47,-0.57
1071645,19,Walking,130628171510000,-2.07,8.47,-0.57
1083960,19,Walking,130628211610000,-2.07,11.54,-0.38
1071646,19,Walking,130628211610000,-2.07,11.54,-0.38
1083961,19,Walking,130628291475000,1.42,17.05,-0.69
1071647,19,Walking,130628291475000,1.42,17.05,-0.69
1071648,19,Walking,130628331605000,4.48,11.65,4.02
1083962,19,Walking,130628331605000,4.48,11.65,4.02
1083963,19,Walking,130628371614000,-3.41,12.3,5.13
1071649,19,Walking,130628371614000,-3.41,12.3,5.13
1083964,19,Walking,130628411562000,-5.43,12.95,2.87
1071650,19,Walking,130628411562000,-5.43,12.95,2.87
1071651,19,Walking,130628491548000,-5.13,11.3,-1.69
1083965,19,Walking,130628491548000,-5.13,11.3,-1.69
1083966,19,Walking,130628531740000,-4.33,5.33,-1.08
1071652,19,Walking,130628531740000,-4.33,5.33,-1.08
1071653,19,Walking,130628571504000,-4.18,3.15,-1.69
1083967,19,Walking,130628571504000,-4.18,3.15,-1.69
1071654,19,Walking,130628611513000,-4.86,2.41,-2.07
1083968,19,Walking,130628611513000,-4.86,2.41,-2.07
1071655,19,Walking,130628691469000,-6.17,1.27,-0.38
1083969,19,Walking,130628691469000,-6.17,1.27,-0.38
1083970,19,Walking,130628731721000,-2.11,16.86,1.53
1071656,19,Walking,130628731721000,-2.11,16.86,1.53
1071658,19,Walking,130628851411000,-7.27,16.86,1.53
1083972,19,Walking,130628851411000,-7.27,16.86,1.53
1083973,19,Walking,130628851411000,-7.27,16.86,1.53
1071659,19,Walking,130628851411000,-7.27,16.86,1.53
1071657,19,Walking,130628851411000,-7.27,16.86,1.53
1083971,19,Walking,130628851411000,-7.27,16.86,1.53
1083974,19,Walking,130628931764000,-2.26,3.06,-0.11
1071660,19,Walking,130628931764000,-2.26,3.06,-0.11
1083975,19,Walking,130628971498000,-2.26,3.02,0.3
1071661,19,Walking,130628971498000,-2.26,3.02,0.3
1083976,19,Walking,130629011476000,-5.43,9.7,1.23
1071662,19,Walking,130629011476000,-5.43,9.7,1.23
1083977,19,Walking,130629091493000,-3.26,6.4,-0.15
1071663,19,Walking,130629091493000,-3.26,6.4,-0.15
1071664,19,Walking,130629131593000,-3.34,8.35,-0.04
1083978,19,Walking,130629131593000,-3.34,8.35,-0.04
1083979,19,Walking,130629171510000,-2.83,8.62,-0.15
1071665,19,Walking,130629171510000,-2.83,8.62,-0.15
1083980,19,Walking,130629211427000,-2.96,8.96,-0.15
1071666,19,Walking,130629211427000,-2.96,8.96,-0.15
1071667,19,Walking,130629252107000,-3.06,10.27,0.15
1083981,19,Walking,130629252107000,-3.06,10.27,0.15
1083982,19,Walking,130629331758000,-1.73,12.87,1.14
1071668,19,Walking,130629331758000,-1.73,12.87,1.14
1083983,19,Walking,130629371492000,0.04,15.6,2.34
1071669,19,Walking,130629371492000,0.04,15.6,2.34
1071670,19,Walking,130629411623000,0.8,12.83,0.72
1083984,19,Walking,130629411623000,0.8,12.83,0.72
1071671,19,Walking,130629451662000,-2.83,13.18,-0.15
1083985,19,Walking,130629451662000,-2.83,13.18,-0.15
1071672,19,Walking,130629531740000,-9.28,13.91,-2.83
1083986,19,Walking,130629531740000,-9.28,13.91,-2.83
1071673,19,Walking,130629571626000,-5.52,6.32,-2.56
1083987,19,Walking,130629571626000,-5.52,6.32,-2.56
1071674,19,Walking,130629611513000,-2.45,3.02,-2.22
1083988,19,Walking,130629611513000,-2.45,3.02,-2.22
1071675,19,Walking,130629651521000,-2.56,3.17,-1.12
1083989,19,Walking,130629651521000,-2.56,3.17,-1.12
1071676,19,Walking,130629731630000,-5.75,1.54,-2.45
1083990,19,Walking,130629731630000,-5.75,1.54,-2.45
1071677,19,Walking,130629771516000,-5.28,2.22,-0.89
1083991,19,Walking,130629771516000,-5.28,2.22,-0.89
1083992,19,Walking,130629811647000,-5.48,12.76,11.11
1071678,19,Walking,130629811647000,-5.48,12.76,11.11
1083993,19,Walking,130629851533000,-6.13,17.24,9.19
1071679,19,Walking,130629851533000,-6.13,17.24,9.19
1071680,19,Walking,130629931734000,-3.99,15.98,1.42
1083994,19,Walking,130629931734000,-3.99,15.98,1.42
1083995,19,Walking,130629971498000,-6.55,10.73,-3.38
1071681,19,Walking,130629971498000,-6.55,10.73,-3.38
1083996,19,Walking,130630011446000,-2.87,3.83,-0.61
1071682,19,Walking,130630011446000,-2.87,3.83,-0.61
1083997,19,Walking,130630051668000,-2.11,2.22,0.42
1071683,19,Walking,130630051668000,-2.11,2.22,0.42
1083998,19,Walking,130630131593000,-4.86,9.66,0.27
1071684,19,Walking,130630131593000,-4.86,9.66,0.27
1083999,19,Walking,130630171632000,-2.45,5.86,-0.15
1071685,19,Walking,130630171632000,-2.45,5.86,-0.15
1084000,19,Walking,130630211580000,-2.45,7.06,-0.23
1071686,19,Walking,130630211580000,-2.45,7.06,-0.23
1084001,19,Walking,130630251619000,-3.41,9.77,-0.31
1071687,19,Walking,130630251619000,-3.41,9.77,-0.31
1084002,19,Walking,130630331636000,-3.53,9.38,-0.04
1071688,19,Walking,130630331636000,-3.53,9.38,-0.04
1084003,19,Walking,130630371492000,-2.98,10.65,-0.04
1071689,19,Walking,130630371492000,-2.98,10.65,-0.04
1071690,19,Walking,130630411439000,-1.5,13.99,3.3
1084004,19,Walking,130630411439000,-1.5,13.99,3.3
1084005,19,Walking,130630451662000,1.23,16.13,5.18
1071691,19,Walking,130630451662000,1.23,16.13,5.18
1084006,19,Walking,130630531526000,-4.4,14.48,-1.95
1071692,19,Walking,130630531526000,-4.4,14.48,-1.95
1071693,19,Walking,130630571626000,-8.08,14.29,0.04
1084007,19,Walking,130630571626000,-8.08,14.29,0.04
1071694,19,Walking,130630611513000,-10.15,13.25,-2.26
1084008,19,Walking,130630611513000,-10.15,13.25,-2.26
1084009,19,Walking,130630651521000,-5.86,5.63,-2.49
1071695,19,Walking,130630651521000,-5.86,5.63,-2.49
1084010,19,Walking,130630731599000,-2.68,4.21,-0.93
1071696,19,Walking,130630731599000,-2.68,4.21,-0.93
1084011,19,Walking,130630771486000,-5.22,1.92,-1.65
1071697,19,Walking,130630771486000,-5.22,1.92,-1.65
1071698,19,Walking,130630811525000,-4.86,1.04,-2.45
1084012,19,Walking,130630811525000,-4.86,1.04,-2.45
1084013,19,Walking,130630851503000,-4.21,1.73,-0.95
1071699,19,Walking,130630851503000,-4.21,1.73,-0.95
1084014,19,Walking,130630931612000,-3.34,17.88,5.13
1071700,19,Walking,130630931612000,-3.34,17.88,5.13
1084015,19,Walking,130630971498000,-1.18,11.22,-4.18
1071701,19,Walking,130630971498000,-1.18,11.22,-4.18
1084016,19,Walking,130631011476000,-5.33,16.63,2.56
1071702,19,Walking,130631011476000,-5.33,16.63,2.56
1084017,19,Walking,130631051515000,-5.01,9.04,-2.76
1071703,19,Walking,130631051515000,-5.01,9.04,-2.76
1084018,19,Walking,130631131624000,-2.53,3.76,-0.57
1071704,19,Walking,130631131624000,-2.53,3.76,-0.57
1084019,19,Walking,130631171510000,-5.56,9.15,-1.18
1071705,19,Walking,130631171510000,-5.56,9.15,-1.18
1084020,19,Walking,130631211610000,-4.4,8.05,-0.34
1071706,19,Walking,130631211610000,-4.4,8.05,-0.34
1084021,19,Walking,130631251497000,-2.79,5.52,0.11
1071707,19,Walking,130631251497000,-2.79,5.52,0.11
1084022,19,Walking,130631331728000,-3.6,8.62,-0.5
1071708,19,Walking,130631331728000,-3.6,8.62,-0.5
1084023,19,Walking,130631371492000,-3.76,9.77,-0.42
1071709,19,Walking,130631371492000,-3.76,9.77,-0.42
1071710,19,Walking,130631411439000,-3.45,10.46,-0.23
1084024,19,Walking,130631411439000,-3.45,10.46,-0.23
1084025,19,Walking,130631451509000,-2.83,12.11,-0.04
1071711,19,Walking,130631451509000,-2.83,12.11,-0.04
1071712,19,Walking,130631513338000,-0.76,14.63,7.12
1084026,19,Walking,130631513338000,-0.76,14.63,7.12
1071713,19,Walking,130631553072000,3.83,14.63,7.12
1084027,19,Walking,130631553072000,3.83,14.63,7.12
1071714,19,Walking,130631631776000,-4.75,15.05,-1.33
1084028,19,Walking,130631631776000,-4.75,15.05,-1.33
1071715,19,Walking,130631671541000,-10.34,16.97,-0.38
1084029,19,Walking,130631671541000,-10.34,16.97,-0.38
1084030,19,Walking,130631711641000,-9.34,9.11,-2.26
1071716,19,Walking,130631711641000,-9.34,9.11,-2.26
1084031,19,Walking,130631751527000,-4.21,3.21,-2.49
1071717,19,Walking,130631751527000,-4.21,3.21,-2.49
1084032,19,Walking,130631831605000,-4.02,2.96,-0.69
1071718,19,Walking,130631831605000,-4.02,2.96,-0.69
1084033,19,Walking,130631871492000,-5.18,0.93,-2.37
1071719,19,Walking,130631871492000,-5.18,0.93,-2.37
1071720,19,Walking,130631911501000,-4.21,0.89,-1.69
1084034,19,Walking,130631911501000,-4.21,0.89,-1.69
1071721,19,Walking,130631951540000,-4.48,7.59,6.09
1084035,19,Walking,130631951540000,-4.48,7.59,6.09
1084036,19,Walking,130632031709000,-0.72,12.15,-1.61
1071722,19,Walking,130632031709000,-0.72,12.15,-1.61
1084037,19,Walking,130632071504000,-2.18,15.28,0.0
1071723,19,Walking,130632071504000,-2.18,15.28,0.0
1071724,19,Walking,130632111452000,-4.86,12.34,-1.65
1084038,19,Walking,130632111452000,-4.86,12.34,-1.65
1084039,19,Walking,130632151521000,-3.72,5.98,-1.27
1071725,19,Walking,130632151521000,-3.72,5.98,-1.27
1071726,19,Walking,130632231599000,-4.1,7.35,-1.33
1084040,19,Walking,130632231599000,-4.1,7.35,-1.33
1071727,19,Walking,130632271516000,-5.41,9.34,-1.14
1084041,19,Walking,130632271516000,-5.41,9.34,-1.14
1071728,19,Walking,130632311678000,-3.3,6.89,-0.08
1084042,19,Walking,130632311678000,-3.3,6.89,-0.08
1084043,19,Walking,130632351503000,-3.02,6.89,0.19
1071729,19,Walking,130632351503000,-3.02,6.89,0.19
1084044,19,Walking,130632431551000,-2.91,8.31,-0.57
1071730,19,Walking,130632431551000,-2.91,8.31,-0.57
1071731,19,Walking,130632471498000,-2.83,9.66,-0.46
1084045,19,Walking,130632471498000,-2.83,9.66,-0.46
1071732,19,Walking,130632511629000,-2.3,10.53,-0.15
1084046,19,Walking,130632511629000,-2.3,10.53,-0.15
1071733,19,Walking,130632551515000,-1.84,11.88,0.15
1084047,19,Walking,130632551515000,-1.84,11.88,0.15
1071734,19,Walking,130632631746000,1.92,16.63,7.82
1084048,19,Walking,130632631746000,1.92,16.63,7.82
1084049,19,Walking,130632671602000,0.23,10.0,-1.95
1071735,19,Walking,130632671602000,0.23,10.0,-1.95
1084050,19,Walking,130632711519000,-2.64,13.02,-1.46
1071736,19,Walking,130632711519000,-2.64,13.02,-1.46
1084051,19,Walking,130632751649000,-6.44,16.28,-0.65
1071737,19,Walking,130632751649000,-6.44,16.28,-0.65
1071738,19,Walking,130632831605000,-6.02,6.05,-2.64
1084052,19,Walking,130632831605000,-6.02,6.05,-2.64
1084053,19,Walking,130632871492000,-2.56,3.15,-1.12
1071739,19,Walking,130632871492000,-2.56,3.15,-1.12
1084054,19,Walking,130632911501000,-3.49,3.57,-0.42
1071740,19,Walking,130632911501000,-3.49,3.57,-0.42
1084055,19,Walking,130632951540000,-5.52,1.08,-1.61
1071741,19,Walking,130632951540000,-5.52,1.08,-1.61
1084056,19,Walking,130633031618000,-5.6,3.15,4.02
1071742,19,Walking,130633031618000,-5.6,3.15,4.02
1084057,19,Walking,130633071626000,-4.21,15.24,8.62
1071743,19,Walking,130633071626000,-4.21,15.24,8.62
1071744,19,Walking,130633111696000,-3.68,17.88,2.07
1084058,19,Walking,130633111696000,-3.68,17.88,2.07
