,user,label,timestamp,x,y,z
1084259,19,Walking,130643171510000,-6.47,8.12,-1.88
1071945,19,Walking,130643171510000,-6.47,8.12,-1.88
1084260,19,Walking,130643211610000,-5.63,9.51,-0.31
1071946,19,Walking,130643211610000,-5.63,9.51,-0.31
1084261,19,Walking,130643291627000,-1.14,5.9,-0.53
1071947,19,Walking,130643291627000,-1.14,5.9,-0.53
1071949,19,Walking,130643381349000,-1.27,12.26,-2.07
1071948,19,Walking,130643381349000,-1.27,12.26,-2.07
1084263,19,Walking,130643381349000,-1.27,12.26,-2.07
1084262,19,Walking,130643381349000,-1.27,12.26,-2.07
1084264,19,Walking,130643421815000,-0.31,10.27,-1.14
1071950,19,Walking,130643421815000,-0.31,10.27,-1.14
1084265,19,Walking,130643462465000,-0.46,11.07,-0.8
1071951,19,Walking,130643462465000,-0.46,11.07,-0.8
1071952,19,Walking,130643541475000,1.53,13.63,-1.65
1084266,19,Walking,130643541475000,1.53,13.63,-1.65
1071953,19,Walking,130643581483000,5.43,16.13,1.84
1084267,19,Walking,130643581483000,5.43,16.13,1.84
1084268,19,Walking,130643621614000,0.11,12.53,1.23
1071954,19,Walking,130643621614000,0.11,12.53,1.23
1071955,19,Walking,130643661470000,-4.79,16.55,-1.27
1084269,19,Walking,130643661470000,-4.79,16.55,-1.27
1071956,19,Walking,130643701509000,-7.7,19.46,-0.23
1084270,19,Walking,130643701509000,-7.7,19.46,-0.23
1071957,19,Walking,130643781557000,-9.92,6.4,-2.11
1084271,19,Walking,130643781557000,-9.92,6.4,-2.11
1071958,19,Walking,130643821596000,-6.74,1.61,-1.38
1084272,19,Walking,130643821596000,-6.74,1.61,-1.38
1084273,19,Walking,130643861452000,-5.13,-1.84,-0.19
1071959,19,Walking,130643861452000,-5.13,-1.84,-0.19
1071960,19,Walking,130643901552000,-4.52,-2.3,-1.46
1084274,19,Walking,130643901552000,-4.52,-2.3,-1.46
1084275,19,Walking,130643981630000,-4.71,7.59,5.43
1071961,19,Walking,130643981630000,-4.71,7.59,5.43
1071962,19,Walking,130644021455000,-8.54,19.57,10.27
1084276,19,Walking,130644021455000,-8.54,19.57,10.27
1071963,19,Walking,130644061647000,2.26,10.12,-3.72
1084277,19,Walking,130644061647000,2.26,10.12,-3.72
1071964,19,Walking,130644101533000,-0.15,8.69,-7.67
1084278,19,Walking,130644101533000,-0.15,8.69,-7.67
1071965,19,Walking,130644181520000,-7.93,5.86,4.14
1084279,19,Walking,130644181520000,-7.93,5.86,4.14
1084280,19,Walking,130644221437000,-4.29,4.82,-2.15
1071966,19,Walking,130644221437000,-4.29,4.82,-2.15
1084281,19,Walking,130644261476000,-5.28,6.7,-1.14
1071967,19,Walking,130644261476000,-5.28,6.7,-1.14
1084282,19,Walking,130644341524000,-2.56,4.25,-0.38
1071968,19,Walking,130644341524000,-2.56,4.25,-0.38
1071969,19,Walking,130644381502000,-3.15,6.63,-0.61
1084283,19,Walking,130644381502000,-3.15,6.63,-0.61
1071970,19,Walking,130644421602000,-3.79,8.73,-1.57
1084284,19,Walking,130644421602000,-3.79,8.73,-1.57
1084285,19,Walking,130644461488000,-3.49,9.62,-1.54
1071971,19,Walking,130644461488000,-3.49,9.62,-1.54
1084286,19,Walking,130644501558000,-3.26,10.8,-0.46
1071972,19,Walking,130644501558000,-3.26,10.8,-0.46
1071973,19,Walking,130644581605000,-0.76,16.51,1.5
1084287,19,Walking,130644581605000,-0.76,16.51,1.5
1084288,19,Walking,130644621584000,1.92,14.63,2.26
1071974,19,Walking,130644621584000,1.92,14.63,2.26
1084289,19,Walking,130644661470000,-1.38,11.88,-0.53
1071975,19,Walking,130644661470000,-1.38,11.88,-0.53
1071976,19,Walking,130644701662000,-5.01,15.05,-1.27
1084290,19,Walking,130644701662000,-5.01,15.05,-1.27
1071977,19,Walking,130644781465000,-8.24,9.51,-3.53
1084291,19,Walking,130644781465000,-8.24,9.51,-3.53
1071978,19,Walking,130644821474000,-4.14,3.02,-3.15
1084292,19,Walking,130644821474000,-4.14,3.02,-3.15
1084293,19,Walking,130644861604000,-2.18,1.5,-2.15
1071979,19,Walking,130644861604000,-2.18,1.5,-2.15
1071980,19,Walking,130644901582000,-3.49,3.53,-0.76
1084294,19,Walking,130644901582000,-3.49,3.53,-0.76
1084295,19,Walking,130644981508000,-4.99,1.54,-2.68
1071981,19,Walking,130644981508000,-4.99,1.54,-2.68
1071982,19,Walking,130645021455000,-5.09,4.86,4.99
1084296,19,Walking,130645021455000,-5.09,4.86,4.99
1071983,19,Walking,130645061647000,-2.53,18.85,15.55
1084297,19,Walking,130645061647000,-2.53,18.85,15.55
1071984,19,Walking,130645101533000,-2.98,17.27,1.33
1084298,19,Walking,130645101533000,-2.98,17.27,1.33
1071985,19,Walking,130645181520000,-6.85,7.89,-2.53
1084299,19,Walking,130645181520000,-6.85,7.89,-2.53
1084300,19,Walking,130645221559000,-4.25,2.49,-0.42
1071986,19,Walking,130645221559000,-4.25,2.49,-0.42
1071987,19,Walking,130645261629000,-6.32,7.31,-3.45
1084301,19,Walking,130645261629000,-6.32,7.31,-3.45
1071988,19,Walking,130645301668000,-7.63,11.11,-2.34
1084302,19,Walking,130645301668000,-7.63,11.11,-2.34
1084303,19,Walking,130645381593000,-1.65,3.95,-0.04
1071989,19,Walking,130645381593000,-1.65,3.95,-0.04
1071990,19,Walking,130645421480000,-2.91,7.31,0.08
1084304,19,Walking,130645421480000,-2.91,7.31,0.08
1071991,19,Walking,130645461488000,-2.87,8.66,-0.69
1084305,19,Walking,130645461488000,-2.87,8.66,-0.69
1071992,19,Walking,130645501710000,-2.22,9.85,-0.95
1084306,19,Walking,130645501710000,-2.22,9.85,-0.95
1084307,19,Walking,130645581483000,-1.69,13.21,-0.19
1071993,19,Walking,130645581483000,-1.69,13.21,-0.19
1084308,19,Walking,130645621461000,0.04,15.4,-0.42
1071994,19,Walking,130645621461000,0.04,15.4,-0.42
1084309,19,Walking,130645661470000,0.69,15.75,0.42
1071995,19,Walking,130645661470000,0.69,15.75,0.42
1084310,19,Walking,130645701540000,-0.31,13.4,0.15
1071996,19,Walking,130645701540000,-0.31,13.4,0.15
1084311,19,Walking,130645781526000,-8.08,16.82,0.34
1071997,19,Walking,130645781526000,-8.08,16.82,0.34
1071998,19,Walking,130645821474000,-9.19,14.21,-2.83
1084312,19,Walking,130645821474000,-9.19,14.21,-2.83
1084313,19,Walking,130645861635000,-5.9,5.9,-3.87
1071999,19,Walking,130645861635000,-5.9,5.9,-3.87
1084314,19,Walking,130645901552000,-3.41,1.95,-2.76
1072000,19,Walking,130645901552000,-3.41,1.95,-2.76
1084315,19,Walking,130645981599000,-4.71,-0.8,-1.61
1072001,19,Walking,130645981599000,-4.71,-0.8,-1.61
1084316,19,Walking,130646021455000,-6.17,-0.11,-1.54
1072002,19,Walking,130646021455000,-6.17,-0.11,-1.54
1084317,19,Walking,130646061494000,-0.76,12.57,15.43
1072003,19,Walking,130646061494000,-0.76,12.57,15.43
1072004,19,Walking,130646101533000,-4.67,18.81,3.34
1084318,19,Walking,130646101533000,-4.67,18.81,3.34
1072005,19,Walking,130646181520000,-9.23,9.15,1.99
1084319,19,Walking,130646181520000,-9.23,9.15,1.99
1072006,19,Walking,130646221559000,-8.39,6.85,-3.06
1084320,19,Walking,130646221559000,-8.39,6.85,-3.06
1084321,19,Walking,130646261629000,-8.01,7.74,-3.3
1072007,19,Walking,130646261629000,-8.01,7.74,-3.3
1084322,19,Walking,130646301668000,-5.71,7.67,-1.95
1072008,19,Walking,130646301668000,-5.71,7.67,-1.95
1072009,19,Walking,130646381593000,-1.46,5.48,0.0
1084323,19,Walking,130646381593000,-1.46,5.48,0.0
1072010,19,Walking,130646421388000,-1.38,7.67,0.42
1084324,19,Walking,130646421388000,-1.38,7.67,0.42
1072011,19,Walking,130646461488000,-1.31,9.04,0.38
1084325,19,Walking,130646461488000,-1.31,9.04,0.38
1072012,19,Walking,130646502107000,-1.5,10.99,0.27
1084326,19,Walking,130646502107000,-1.5,10.99,0.27
1072013,19,Walking,130646581605000,-1.76,13.8,-1.04
1084327,19,Walking,130646581605000,-1.76,13.8,-1.04
1084328,19,Walking,130646621461000,0.08,15.55,0.0
1072014,19,Walking,130646621461000,0.08,15.55,0.0
1084329,19,Walking,130646661439000,0.42,15.36,-1.65
1072015,19,Walking,130646661439000,0.42,15.36,-1.65
1084330,19,Walking,130646701662000,-2.79,13.76,-0.11
1072016,19,Walking,130646701662000,-2.79,13.76,-0.11
1084331,19,Walking,130646781587000,-9.04,19.5,-1.12
1072017,19,Walking,130646781587000,-9.04,19.5,-1.12
1072018,19,Walking,130646821474000,-9.66,9.19,-2.98
1084332,19,Walking,130646821474000,-9.66,9.19,-2.98
1084333,19,Walking,130646861452000,-6.24,2.76,-3.64
1072019,19,Walking,130646861452000,-6.24,2.76,-3.64
1084334,19,Walking,130646901552000,-4.9,0.04,-3.57
1072020,19,Walking,130646901552000,-4.9,0.04,-3.57
1084335,19,Walking,130646981508000,-4.67,-1.57,-2.53
1072021,19,Walking,130646981508000,-4.67,-1.57,-2.53
1072022,19,Walking,130647021608000,-3.64,-0.46,1.38
1084336,19,Walking,130647021608000,-3.64,-0.46,1.38
1084337,19,Walking,130647061525000,-1.73,14.41,15.7
1072023,19,Walking,130647061525000,-1.73,14.41,15.7
1084338,19,Walking,130647101533000,-6.09,18.16,4.75
1072024,19,Walking,130647101533000,-6.09,18.16,4.75
1084339,19,Walking,130647181520000,-10.12,10.88,4.37
1072025,19,Walking,130647181520000,-10.12,10.88,4.37
1084340,19,Walking,130647221437000,-9.04,6.66,-4.82
1072026,19,Walking,130647221437000,-9.04,6.66,-4.82
1072027,19,Walking,130647261629000,-7.78,6.82,-3.38
1084341,19,Walking,130647261629000,-7.78,6.82,-3.38
1072028,19,Walking,130647301576000,-6.66,8.12,-2.11
1084342,19,Walking,130647301576000,-6.66,8.12,-2.11
1084343,19,Walking,130647381624000,-1.57,5.79,-0.65
1072029,19,Walking,130647381624000,-1.57,5.79,-0.65
1084344,19,Walking,130647421602000,-1.5,7.82,-0.57
1072030,19,Walking,130647421602000,-1.5,7.82,-0.57
1072031,19,Walking,130647461610000,-1.23,8.08,-0.38
1084345,19,Walking,130647461610000,-1.23,8.08,-0.38
1072032,19,Walking,130647502168000,-1.18,9.96,-0.38
1084346,19,Walking,130647502168000,-1.18,9.96,-0.38
1072033,19,Walking,130647581483000,-0.8,16.51,0.27
1084347,19,Walking,130647581483000,-0.8,16.51,0.27
1084348,19,Walking,130647621614000,1.99,16.02,0.89
1072034,19,Walking,130647621614000,1.99,16.02,0.89
1084349,19,Walking,130647661623000,3.72,12.83,2.22
1072035,19,Walking,130647661623000,3.72,12.83,2.22
1084350,19,Walking,130647701631000,-3.91,13.21,1.23
1072036,19,Walking,130647701631000,-3.91,13.21,1.23
1084351,19,Walking,130647781618000,-7.55,19.7,-2.37
1072037,19,Walking,130647781618000,-7.55,19.7,-2.37
1084352,19,Walking,130647821413000,-9.15,11.65,-3.02
1072038,19,Walking,130647821413000,-9.15,11.65,-3.02
1084353,19,Walking,130647861818000,-6.55,3.06,-3.95
1072039,19,Walking,130647861818000,-6.55,3.06,-3.95
1084354,19,Walking,130647941469000,-4.18,-1.18,-4.1
1072040,19,Walking,130647941469000,-4.18,-1.18,-4.1
1084355,19,Walking,130647981477000,-4.6,-1.61,-4.06
1072041,19,Walking,130647981477000,-4.6,-1.61,-4.06
1084356,19,Walking,130648021608000,-4.4,-0.8,-2.76
1072042,19,Walking,130648021608000,-4.4,-0.8,-2.76
1072043,19,Walking,130648061678000,-4.1,10.61,14.94
1084357,19,Walking,130648061678000,-4.1,10.61,14.94
1072044,19,Walking,130648101564000,-10.38,12.11,9.58
1084358,19,Walking,130648101564000,-10.38,12.11,9.58
