,user,label,timestamp,x,y,z
1084559,19,Walking,130658151521000,-5.28,10.53,-4.63
1072245,19,Walking,130658151521000,-5.28,10.53,-4.63
1072246,19,Walking,130658231721000,-5.18,7.67,-0.31
1084560,19,Walking,130658231721000,-5.18,7.67,-0.31
1084561,19,Walking,130658271638000,-2.79,3.83,-0.08
1072247,19,Walking,130658271638000,-2.79,3.83,-0.08
1084562,19,Walking,130658311525000,-3.99,5.83,-0.27
1072248,19,Walking,130658311525000,-3.99,5.83,-0.27
1084563,19,Walking,130658351533000,-4.79,9.51,0.11
1072249,19,Walking,130658351533000,-4.79,9.51,0.11
1084564,19,Walking,130658431642000,-2.37,7.4,-0.38
1072250,19,Walking,130658431642000,-2.37,7.4,-0.38
1084565,19,Walking,130658471559000,-2.18,9.77,-1.27
1072251,19,Walking,130658471559000,-2.18,9.77,-1.27
1084566,19,Walking,130658511476000,-2.34,10.31,-0.84
1072252,19,Walking,130658511476000,-2.34,10.31,-0.84
1084567,19,Walking,130658551515000,-1.69,10.61,-0.42
1072253,19,Walking,130658551515000,-1.69,10.61,-0.42
1072254,19,Walking,130658631593000,-0.34,16.32,-0.15
1084568,19,Walking,130658631593000,-0.34,16.32,-0.15
1072255,19,Walking,130658671510000,3.57,13.82,2.45
1084569,19,Walking,130658671510000,3.57,13.82,2.45
1072256,19,Walking,130658711641000,-1.69,12.34,-0.95
1084570,19,Walking,130658711641000,-1.69,12.34,-0.95
1072257,19,Walking,130658751497000,-7.27,16.51,1.5
1084571,19,Walking,130658751497000,-7.27,16.51,1.5
1072258,19,Walking,130658831728000,-8.2,7.01,-2.68
1084572,19,Walking,130658831728000,-8.2,7.01,-2.68
1072259,19,Walking,130658871431000,-2.64,1.95,-1.99
1084573,19,Walking,130658871431000,-2.64,1.95,-1.99
1072260,19,Walking,130658911501000,-2.64,1.23,-0.27
1084574,19,Walking,130658911501000,-2.64,1.23,-0.27
1072261,19,Walking,130658991457000,-4.02,0.11,-2.96
1084575,19,Walking,130658991457000,-4.02,0.11,-2.96
1084576,19,Walking,130659031618000,-4.52,2.72,-0.19
1072262,19,Walking,130659031618000,-4.52,2.72,-0.19
1072263,19,Walking,130659071626000,-4.99,16.4,12.72
1084577,19,Walking,130659071626000,-4.99,16.4,12.72
1072264,19,Walking,130659111543000,-1.5,15.94,0.11
1084578,19,Walking,130659111543000,-1.5,15.94,0.11
1072265,19,Walking,130659151643000,-5.56,13.72,-1.73
1084579,19,Walking,130659151643000,-5.56,13.72,-1.73
1072266,19,Walking,130659231691000,-4.02,5.05,-1.69
1084580,19,Walking,130659231691000,-4.02,5.05,-1.69
1072267,19,Walking,130659271638000,-1.5,1.46,-0.42
1084581,19,Walking,130659271638000,-1.5,1.46,-0.42
1072268,19,Walking,130659311678000,-3.11,3.49,-0.31
1084582,19,Walking,130659311678000,-3.11,3.49,-0.31
1084583,19,Walking,130659351503000,-6.13,9.66,0.15
1072269,19,Walking,130659351503000,-6.13,9.66,0.15
1084584,19,Walking,130659431734000,-2.96,6.93,-0.38
1072270,19,Walking,130659431734000,-2.96,6.93,-0.38
1072271,19,Walking,130659471498000,-2.76,7.74,-0.76
1084585,19,Walking,130659471498000,-2.76,7.74,-0.76
1072272,19,Walking,130659511476000,-2.96,9.58,-0.5
1084586,19,Walking,130659511476000,-2.96,9.58,-0.5
1084587,19,Walking,130659591493000,-2.34,12.91,1.23
1072273,19,Walking,130659591493000,-2.34,12.91,1.23
1072274,19,Walking,130659631593000,-1.12,15.66,0.89
1084588,19,Walking,130659631593000,-1.12,15.66,0.89
1084589,19,Walking,130659671510000,5.13,16.74,5.86
1072275,19,Walking,130659671510000,5.13,16.74,5.86
1084590,19,Walking,130659712160000,-0.53,8.92,-1.95
1072276,19,Walking,130659712160000,-0.53,8.92,-1.95
1072277,19,Walking,130659791658000,-8.01,19.19,1.18
1084591,19,Walking,130659791658000,-8.01,19.19,1.18
1072278,19,Walking,130659831605000,-10.95,15.24,-2.22
1084592,19,Walking,130659831605000,-10.95,15.24,-2.22
1072279,19,Walking,130659871675000,-5.37,3.3,-1.27
1084593,19,Walking,130659871675000,-5.37,3.3,-1.27
1084594,19,Walking,130659911531000,-2.22,0.53,-0.61
1072280,19,Walking,130659911531000,-2.22,0.53,-0.61
1072281,19,Walking,130659991457000,-3.99,0.0,-2.41
1084595,19,Walking,130659991457000,-3.99,0.0,-2.41
1084596,19,Walking,130660031740000,-3.99,0.04,-2.68
1072282,19,Walking,130660031740000,-3.99,0.04,-2.68
1072283,19,Walking,130660071626000,-5.13,9.43,6.7
1084597,19,Walking,130660071626000,-5.13,9.43,6.7
1084598,19,Walking,130660111635000,-4.1,19.19,8.24
1072284,19,Walking,130660111635000,-4.1,19.19,8.24
1072285,19,Walking,130660191469000,-6.13,12.41,-4.06
1084599,19,Walking,130660191469000,-6.13,12.41,-4.06
1072286,19,Walking,130660231721000,-12.26,15.98,1.27
1084600,19,Walking,130660231721000,-12.26,15.98,1.27
1072287,19,Walking,130660271516000,-4.29,5.22,-1.73
1084601,19,Walking,130660271516000,-4.29,5.22,-1.73
1072288,19,Walking,130660311647000,-1.46,0.8,-0.23
1084602,19,Walking,130660311647000,-1.46,0.8,-0.23
1072289,19,Walking,130660391481000,-7.06,10.65,0.5
1084603,19,Walking,130660391481000,-7.06,10.65,0.5
1072290,19,Walking,130660431367000,-5.28,8.05,0.0
1084604,19,Walking,130660431367000,-5.28,8.05,0.0
1072291,19,Walking,130660471498000,-2.53,5.52,-0.38
1084605,19,Walking,130660471498000,-2.53,5.52,-0.38
1072292,19,Walking,130660511476000,-2.41,7.67,-0.57
1084606,19,Walking,130660511476000,-2.41,7.67,-0.57
1072293,19,Walking,130660591432000,-1.99,12.41,-0.08
1084607,19,Walking,130660591432000,-1.99,12.41,-0.08
1072294,19,Walking,130660631746000,-1.08,12.53,-0.04
1084608,19,Walking,130660631746000,-1.08,12.53,-0.04
1084609,19,Walking,130660671480000,0.08,16.13,-0.23
1072295,19,Walking,130660671480000,0.08,16.13,-0.23
1072296,19,Walking,130660711519000,3.68,14.67,4.33
1084610,19,Walking,130660711519000,3.68,14.67,4.33
1084611,19,Walking,130660751619000,0.84,10.53,1.65
1072297,19,Walking,130660751619000,0.84,10.53,1.65
1072298,19,Walking,130660831728000,-7.21,19.23,-0.76
1084612,19,Walking,130660831728000,-7.21,19.23,-0.76
1072299,19,Walking,130660871645000,-8.01,11.26,-2.15
1084613,19,Walking,130660871645000,-8.01,11.26,-2.15
1084614,19,Walking,130660911501000,-4.44,2.96,-1.23
1072300,19,Walking,130660911501000,-4.44,2.96,-1.23
1084615,19,Walking,130660991457000,-4.86,0.61,-1.42
1072301,19,Walking,130660991457000,-4.86,0.61,-1.42
1072302,19,Walking,130661031618000,-4.21,-0.27,-2.72
1084616,19,Walking,130661031618000,-4.21,-0.27,-2.72
1084617,19,Walking,130661071626000,-4.18,0.99,-0.46
1072303,19,Walking,130661071626000,-4.18,0.99,-0.46
1084618,19,Walking,130661111513000,-4.37,13.06,10.53
1072304,19,Walking,130661111513000,-4.37,13.06,10.53
1084619,19,Walking,130661191469000,-1.18,16.4,-1.8
1072305,19,Walking,130661191469000,-1.18,16.4,-1.8
1072306,19,Walking,130661231599000,-7.59,17.16,1.5
1084620,19,Walking,130661231599000,-7.59,17.16,1.5
1084621,19,Walking,130661271669000,-5.9,6.44,-2.22
1072307,19,Walking,130661271669000,-5.9,6.44,-2.22
1084622,19,Walking,130661311525000,-2.56,0.89,-0.42
1072308,19,Walking,130661311525000,-2.56,0.89,-0.42
1072309,19,Walking,130661391481000,-8.16,7.4,-1.14
1084623,19,Walking,130661391481000,-8.16,7.4,-1.14
1072310,19,Walking,130661431612000,-5.9,7.31,-0.04
1084624,19,Walking,130661431612000,-5.9,7.31,-0.04
1072311,19,Walking,130661471498000,-3.11,5.86,-0.19
1084625,19,Walking,130661471498000,-3.11,5.86,-0.19
1084626,19,Walking,130661511629000,-3.41,9.92,-0.99
1072312,19,Walking,130661511629000,-3.41,9.92,-0.99
1084627,19,Walking,130661551515000,-2.26,11.5,-0.38
1072313,19,Walking,130661551515000,-2.26,11.5,-0.38
1084628,19,Walking,130661631715000,-1.54,12.45,0.27
1072314,19,Walking,130661631715000,-1.54,12.45,0.27
1084629,19,Walking,130661671510000,-0.31,14.6,-0.04
1072315,19,Walking,130661671510000,-0.31,14.6,-0.04
1072316,19,Walking,130661711549000,2.68,16.51,0.91
1084630,19,Walking,130661711549000,2.68,16.51,0.91
1072317,19,Walking,130661791658000,-1.57,11.22,1.08
1084631,19,Walking,130661791658000,-1.57,11.22,1.08
1072318,19,Walking,130661831789000,-6.21,17.69,2.07
1084632,19,Walking,130661831789000,-6.21,17.69,2.07
1084633,19,Walking,130661871553000,-7.27,18.89,-1.5
1072319,19,Walking,130661871553000,-7.27,18.89,-1.5
1084634,19,Walking,130661911501000,-10.38,12.26,-2.11
1072320,19,Walking,130661911501000,-10.38,12.26,-2.11
1072321,19,Walking,130661991579000,-3.83,0.31,-0.84
1084635,19,Walking,130661991579000,-3.83,0.31,-0.84
1084636,19,Walking,130662031587000,-5.13,0.08,-1.42
1072322,19,Walking,130662031587000,-5.13,0.08,-1.42
1072323,19,Walking,130662071504000,-5.18,0.31,-3.45
1084637,19,Walking,130662071504000,-5.18,0.31,-3.45
1072324,19,Walking,130662111452000,-4.52,2.22,-0.53
1084638,19,Walking,130662111452000,-4.52,2.22,-0.53
1072325,19,Walking,130662191438000,-4.21,16.97,1.76
1084639,19,Walking,130662191438000,-4.21,16.97,1.76
1072326,19,Walking,130662231599000,0.08,11.5,-2.64
1084640,19,Walking,130662231599000,0.08,11.5,-2.64
1072327,19,Walking,130662271516000,-5.52,14.52,-4.02
1084641,19,Walking,130662271516000,-5.52,14.52,-4.02
1072328,19,Walking,130662311525000,-7.06,7.16,2.91
1084642,19,Walking,130662311525000,-7.06,7.16,2.91
1084643,19,Walking,130662351656000,-4.56,5.63,-1.95
1072329,19,Walking,130662351656000,-4.56,5.63,-1.95
1072330,19,Walking,130662431703000,-4.71,6.44,-0.46
1084644,19,Walking,130662431703000,-4.71,6.44,-0.46
1072331,19,Walking,130662471498000,-3.87,4.99,0.11
1084645,19,Walking,130662471498000,-3.87,4.99,0.11
1072332,19,Walking,130662511629000,-4.25,6.02,0.15
1084646,19,Walking,130662511629000,-4.25,6.02,0.15
1072333,19,Walking,130662591554000,-3.26,9.66,-0.69
1084647,19,Walking,130662591554000,-3.26,9.66,-0.69
1084648,19,Walking,130662631593000,-1.76,10.5,-0.72
1072334,19,Walking,130662631593000,-1.76,10.5,-0.72
1084649,19,Walking,130662671632000,-1.42,12.37,-0.42
1072335,19,Walking,130662671632000,-1.42,12.37,-0.42
1084650,19,Walking,130662711519000,-0.8,15.17,-0.53
1072336,19,Walking,130662711519000,-0.8,15.17,-0.53
1084651,19,Walking,130662791566000,1.92,12.91,4.99
1072337,19,Walking,130662791566000,1.92,12.91,4.99
1072338,19,Walking,130662831728000,1.14,10.38,3.64
1084652,19,Walking,130662831728000,1.14,10.38,3.64
1084653,19,Walking,130662871522000,-5.28,14.82,1.76
1072339,19,Walking,130662871522000,-5.28,14.82,1.76
1072340,19,Walking,130662911623000,-6.55,18.96,-0.8
1084654,19,Walking,130662911623000,-6.55,18.96,-0.8
1072341,19,Walking,130662991457000,-5.56,4.44,-2.18
1084655,19,Walking,130662991457000,-5.56,4.44,-2.18
1084656,19,Walking,130663041689000,-3.68,1.57,-2.15
1072342,19,Walking,130663041689000,-3.68,1.57,-2.15
1072343,19,Walking,130663081514000,-4.37,0.15,-2.49
1084657,19,Walking,130663081514000,-4.37,0.15,-2.49
1084658,19,Walking,130663121461000,-5.79,-0.72,-2.96
1072344,19,Walking,130663121461000,-5.79,-0.72,-2.96
