,user,label,timestamp,x,y,z
1072345,19,Walking,130663161470000,-5.01,1.61,0.04
1084659,19,Walking,130663161470000,-5.01,1.61,0.04
1072346,19,Walking,130663241487000,-6.02,16.17,5.75
1084660,19,Walking,130663241487000,-6.02,16.17,5.75
1084661,19,Walking,130663281465000,-5.18,9.92,-6.85
1072347,19,Walking,130663281465000,-5.18,9.92,-6.85
1084662,19,Walking,130663321474000,-10.12,15.83,-1.33
1072348,19,Walking,130663321474000,-10.12,15.83,-1.33
1084663,19,Walking,130663361513000,-4.25,4.56,1.42
1072349,19,Walking,130663361513000,-4.25,4.56,1.42
1072350,19,Walking,130663441591000,-7.25,10.5,-2.22
1084664,19,Walking,130663441591000,-7.25,10.5,-2.22
1084665,19,Walking,130663481691000,-6.55,11.11,-0.53
1072351,19,Walking,130663481691000,-6.55,11.11,-0.53
1072352,19,Walking,130663521516000,-1.95,4.79,0.04
1084666,19,Walking,130663521516000,-1.95,4.79,0.04
1072353,19,Walking,130663561616000,-1.27,4.9,0.19
1084667,19,Walking,130663561616000,-1.27,4.9,0.19
1072354,19,Walking,130663605653000,-1.8,8.43,0.5
1084668,19,Walking,130663605653000,-1.8,8.43,0.5
1084669,19,Walking,130663681520000,-2.87,9.38,-0.04
1072355,19,Walking,130663681520000,-2.87,9.38,-0.04
1084670,19,Walking,130663721437000,-3.79,11.3,-0.38
1072356,19,Walking,130663721437000,-3.79,11.3,-0.38
1072357,19,Walking,130663761476000,-4.33,12.95,0.34
1084671,19,Walking,130663761476000,-4.33,12.95,0.34
1072358,19,Walking,130663841615000,-0.57,11.18,-3.79
1084672,19,Walking,130663841615000,-0.57,11.18,-3.79
1072359,19,Walking,130663881502000,-0.84,12.49,-0.31
1084673,19,Walking,130663881502000,-0.84,12.49,-0.31
1084674,19,Walking,130663921602000,-4.94,17.39,-3.99
1072360,19,Walking,130663921602000,-4.94,17.39,-3.99
1084675,19,Walking,130663961519000,-8.35,17.16,-5.6
1072361,19,Walking,130663961519000,-8.35,17.16,-5.6
1084676,19,Walking,130664041536000,-3.45,4.75,4.71
1072362,19,Walking,130664041536000,-3.45,4.75,4.71
1084677,19,Walking,130664081636000,-1.46,3.41,1.8
1072363,19,Walking,130664081636000,-1.46,3.41,1.8
1084678,19,Walking,130664121461000,0.11,-0.72,-0.15
1072364,19,Walking,130664121461000,0.11,-0.72,-0.15
1084679,19,Walking,130664161501000,-1.08,1.23,2.79
1072365,19,Walking,130664161501000,-1.08,1.23,2.79
1084680,19,Walking,130664241518000,-1.23,5.37,-2.15
1072366,19,Walking,130664241518000,-1.23,5.37,-2.15
1084681,19,Walking,130664281618000,-2.56,10.73,0.0
1072367,19,Walking,130664281618000,-2.56,10.73,0.0
1084682,19,Walking,130664321474000,-3.26,16.44,1.5
1072368,19,Walking,130664321474000,-3.26,16.44,1.5
1072369,19,Walking,130664361635000,-0.99,18.43,-0.84
1084683,19,Walking,130664361635000,-0.99,18.43,-0.84
1084684,19,Walking,130664441499000,-3.45,4.67,-0.84
1072370,19,Walking,130664441499000,-3.45,4.67,-0.84
1072371,19,Walking,130664481630000,-3.53,5.48,-1.95
1084685,19,Walking,130664481630000,-3.53,5.48,-1.95
1072372,19,Walking,130664521608000,-9.53,12.37,-2.56
1084686,19,Walking,130664521608000,-9.53,12.37,-2.56
1084687,19,Walking,130664561616000,-7.67,7.82,-1.31
1072373,19,Walking,130664561616000,-7.67,7.82,-1.31
1084688,19,Walking,130664641481000,-3.15,1.23,-1.04
1072374,19,Walking,130664641481000,-3.15,1.23,-1.04
1072375,19,Walking,130664681520000,-1.76,0.38,-0.46
1084689,19,Walking,130664681520000,-1.76,0.38,-0.46
1084690,19,Walking,130664721468000,-3.17,4.48,-0.08
1072376,19,Walking,130664721468000,-3.17,4.48,-0.08
1084691,19,Walking,130664761476000,-5.22,13.44,-0.65
1072377,19,Walking,130664761476000,-5.22,13.44,-0.65
1084692,19,Walking,130664841615000,-1.8,19.72,3.76
1072378,19,Walking,130664841615000,-1.8,19.72,3.76
1084693,19,Walking,130664881593000,1.08,17.77,7.5
1072379,19,Walking,130664881593000,1.08,17.77,7.5
1084694,19,Walking,130664921602000,-1.18,14.21,-1.12
1072380,19,Walking,130664921602000,-1.18,14.21,-1.12
1072381,19,Walking,130664961488000,-6.85,16.32,1.12
1084695,19,Walking,130664961488000,-6.85,16.32,1.12
1072382,19,Walking,130665041505000,-6.09,4.86,-4.1
1084696,19,Walking,130665041505000,-6.09,4.86,-4.1
1084697,19,Walking,130665081514000,-6.13,0.04,-3.02
1072383,19,Walking,130665081514000,-6.13,0.04,-3.02
1072384,19,Walking,130665121614000,-5.79,-3.41,-2.34
1084698,19,Walking,130665121614000,-5.79,-3.41,-2.34
1072385,19,Walking,130665241457000,0.46,15.79,12.98
1072386,19,Walking,130665241457000,0.46,15.79,12.98
1084700,19,Walking,130665241457000,0.46,15.79,12.98
1084699,19,Walking,130665241457000,0.46,15.79,12.98
1084701,19,Walking,130665281892000,1.42,19.42,1.65
1072387,19,Walking,130665281892000,1.42,19.42,1.65
1084702,19,Walking,130665321596000,0.53,11.37,-0.99
1072388,19,Walking,130665321596000,0.53,11.37,-0.99
1072389,19,Walking,130665361513000,-10.19,17.01,-3.06
1084703,19,Walking,130665361513000,-10.19,17.01,-3.06
1072390,19,Walking,130665441469000,-5.09,4.71,-2.76
1084704,19,Walking,130665441469000,-5.09,4.71,-2.76
1072391,19,Walking,130665481630000,-6.82,7.78,-1.88
1084705,19,Walking,130665481630000,-6.82,7.78,-1.88
1084706,19,Walking,130665521608000,-4.52,6.47,-0.84
1072392,19,Walking,130665521608000,-4.52,6.47,-0.84
1072393,19,Walking,130665561647000,-2.6,4.37,-0.11
1084707,19,Walking,130665561647000,-2.6,4.37,-0.11
1084708,19,Walking,130665601686000,-3.45,7.08,0.23
1072394,19,Walking,130665601686000,-3.45,7.08,0.23
1084709,19,Walking,130665681490000,-2.11,8.77,-1.27
1072395,19,Walking,130665681490000,-2.11,8.77,-1.27
1084710,19,Walking,130665721590000,-1.99,11.92,-1.46
1072396,19,Walking,130665721590000,-1.99,11.92,-1.46
1072397,19,Walking,130665761507000,-1.61,14.29,-0.57
1084711,19,Walking,130665761507000,-1.61,14.29,-0.57
1072398,19,Walking,130665811433000,0.57,16.17,3.87
1084712,19,Walking,130665811433000,0.57,16.17,3.87
1072399,19,Walking,130665851381000,3.36,13.59,4.33
1084713,19,Walking,130665851381000,3.36,13.59,4.33
1084714,19,Walking,130665932191000,-4.52,18.09,-0.8
1072400,19,Walking,130665932191000,-4.52,18.09,-0.8
1072401,19,Walking,130665971498000,-8.24,19.65,-1.92
1084715,19,Walking,130665971498000,-8.24,19.65,-1.92
1072402,19,Walking,130666016298000,-9.51,12.37,-5.22
1084716,19,Walking,130666016298000,-9.51,12.37,-5.22
1072403,19,Walking,130666051790000,-6.63,4.56,-3.53
1084717,19,Walking,130666051790000,-6.63,4.56,-3.53
1084718,19,Walking,130666131593000,-4.48,-1.57,-1.46
1072404,19,Walking,130666131593000,-4.48,-1.57,-1.46
1072405,19,Walking,130666171632000,-5.05,-0.95,-2.53
1084719,19,Walking,130666171632000,-5.05,-0.95,-2.53
1072406,19,Walking,130666211549000,-5.24,0.53,-2.26
1084720,19,Walking,130666211549000,-5.24,0.53,-2.26
1072407,19,Walking,130666291597000,-6.36,19.27,13.91
1084721,19,Walking,130666291597000,-6.36,19.27,13.91
1084722,19,Walking,130666331605000,-2.45,9.08,-2.37
1072408,19,Walking,130666331605000,-2.45,9.08,-2.37
1072409,19,Walking,130666371675000,-7.12,5.83,-5.94
1084723,19,Walking,130666371675000,-7.12,5.83,-5.94
1072410,19,Walking,130666411501000,-15.7,17.39,-0.84
1084724,19,Walking,130666411501000,-15.7,17.39,-0.84
1084725,19,Walking,130666491487000,-2.11,3.21,-0.57
1072411,19,Walking,130666491487000,-2.11,3.21,-0.57
1084726,19,Walking,130666531618000,-3.11,6.89,-0.65
1072412,19,Walking,130666531618000,-3.11,6.89,-0.65
1084727,19,Walking,130666571474000,-3.17,9.81,-0.04
1072413,19,Walking,130666571474000,-3.17,9.81,-0.04
1072414,19,Walking,130666611604000,-2.18,7.78,0.23
1084728,19,Walking,130666611604000,-2.18,7.78,0.23
1084729,19,Walking,130666651674000,-1.65,7.06,-0.11
1072415,19,Walking,130666651674000,-1.65,7.06,-0.11
1072416,19,Walking,130666731599000,-1.73,10.76,-0.93
1084730,19,Walking,130666731599000,-1.73,10.76,-0.93
1072417,19,Walking,130666771638000,-1.54,13.21,-1.18
1084731,19,Walking,130666771638000,-1.54,13.21,-1.18
1072418,19,Walking,130666811983000,-1.76,16.66,-0.99
1084732,19,Walking,130666811983000,-1.76,16.66,-0.99
1084733,19,Walking,130666891603000,0.95,14.14,6.05
1072419,19,Walking,130666891603000,0.95,14.14,6.05
1084734,19,Walking,130666931612000,-5.6,13.1,3.11
1072420,19,Walking,130666931612000,-5.6,13.1,3.11
1072421,19,Walking,130666971620000,-8.31,14.48,0.57
1084735,19,Walking,130666971620000,-8.31,14.48,0.57
1072422,19,Walking,130667011568000,-9.38,13.76,-2.72
1084736,19,Walking,130667011568000,-9.38,13.76,-2.72
1072423,19,Walking,130667091493000,-3.72,2.91,-3.45
1084737,19,Walking,130667091493000,-3.72,2.91,-3.45
1072424,19,Walking,130667131593000,-1.95,0.15,-2.3
1084738,19,Walking,130667131593000,-1.95,0.15,-2.3
1072425,19,Walking,130667171510000,-3.49,0.11,-2.03
1084739,19,Walking,130667171510000,-3.49,0.11,-2.03
1072426,19,Walking,130667211458000,-4.29,0.53,-2.07
1084740,19,Walking,130667211458000,-4.29,0.53,-2.07
1084741,19,Walking,130667291597000,-7.06,19.76,10.08
1072427,19,Walking,130667291597000,-7.06,19.76,10.08
1072429,19,Walking,130667361696000,-7.89,13.87,-2.49
1084742,19,Walking,130667361696000,-7.89,13.87,-2.49
1072428,19,Walking,130667361696000,-7.89,13.87,-2.49
1084743,19,Walking,130667361696000,-7.89,13.87,-2.49
1072430,19,Walking,130667401552000,-5.09,4.44,0.91
1084744,19,Walking,130667401552000,-5.09,4.44,0.91
1084745,19,Walking,130667481630000,-7.08,9.7,-2.18
1072431,19,Walking,130667481630000,-7.08,9.7,-2.18
1072432,19,Walking,130667521608000,-3.21,5.52,-0.38
1084746,19,Walking,130667521608000,-3.21,5.52,-0.38
1072433,19,Walking,130667561647000,-2.53,3.91,0.08
1084747,19,Walking,130667561647000,-2.53,3.91,0.08
1072434,19,Walking,130667601503000,-3.91,7.16,0.3
1084748,19,Walking,130667601503000,-3.91,7.16,0.3
1072435,19,Walking,130667681612000,-3.06,8.31,-0.8
1084749,19,Walking,130667681612000,-3.06,8.31,-0.8
1072436,19,Walking,130667721498000,-2.64,10.73,-0.99
1084750,19,Walking,130667721498000,-2.64,10.73,-0.99
1084751,19,Walking,130667761598000,-1.61,14.9,4.63
1072437,19,Walking,130667761598000,-1.61,14.9,4.63
1072438,19,Walking,130667841737000,2.03,14.9,-1.92
1084752,19,Walking,130667841737000,2.03,14.9,-1.92
1084753,19,Walking,130667881471000,-1.95,15.36,-1.54
1072439,19,Walking,130667881471000,-1.95,15.36,-1.54
1084754,19,Walking,130667921632000,-3.79,16.21,-1.5
1072440,19,Walking,130667921632000,-3.79,16.21,-1.5
1084755,19,Walking,130667961488000,-7.46,15.75,-0.76
1072441,19,Walking,130667961488000,-7.46,15.75,-0.76
1084756,19,Walking,130668041627000,-6.66,2.64,-2.34
1072442,19,Walking,130668041627000,-6.66,2.64,-2.34
1084757,19,Walking,130668081636000,-6.21,1.31,-3.41
1072443,19,Walking,130668081636000,-6.21,1.31,-3.41
1084758,19,Walking,130668121522000,-6.05,1.46,-2.83
1072444,19,Walking,130668121522000,-6.05,1.46,-2.83
