,user,label,timestamp,x,y,z
1073545,19,Walking,130723181642000,-4.52,1.18,-2.96
1085859,19,Walking,130723181642000,-4.52,1.18,-2.96
1085860,19,Walking,130723221468000,-5.33,3.83,0.38
1073546,19,Walking,130723221468000,-5.33,3.83,0.38
1085861,19,Walking,130723261629000,-6.21,17.58,15.01
1073547,19,Walking,130723261629000,-6.21,17.58,15.01
1085862,19,Walking,130723301637000,-2.11,15.09,2.96
1073548,19,Walking,130723301637000,-2.11,15.09,2.96
1085863,19,Walking,130723373201000,-8.89,10.69,-0.8
1073549,19,Walking,130723373201000,-8.89,10.69,-0.8
1085865,19,Walking,130723491273000,-4.82,6.28,-0.8
1085864,19,Walking,130723491273000,-4.82,6.28,-0.8
1073551,19,Walking,130723491273000,-4.82,6.28,-0.8
1073550,19,Walking,130723491273000,-4.82,6.28,-0.8
1085866,19,Walking,130723531496000,-5.09,8.89,-0.15
1073552,19,Walking,130723531496000,-5.09,8.89,-0.15
1085867,19,Walking,130723571474000,-2.96,6.7,0.23
1073553,19,Walking,130723571474000,-2.96,6.7,0.23
1073554,19,Walking,130723611574000,-2.49,6.7,-0.11
1085868,19,Walking,130723611574000,-2.49,6.7,-0.11
1085869,19,Walking,130723651552000,-2.79,8.43,-0.27
1073555,19,Walking,130723651552000,-2.79,8.43,-0.27
1085870,19,Walking,130723731477000,-3.15,10.08,-0.23
1073556,19,Walking,130723731477000,-3.15,10.08,-0.23
1085871,19,Walking,130723771486000,-2.96,12.3,1.53
1073557,19,Walking,130723771486000,-2.96,12.3,1.53
1085872,19,Walking,130723811464000,-1.95,14.41,0.65
1073558,19,Walking,130723811464000,-1.95,14.41,0.65
1085873,19,Walking,130723891450000,-1.33,10.69,-2.18
1073559,19,Walking,130723891450000,-1.33,10.69,-2.18
1085874,19,Walking,130723931459000,-5.67,15.43,-0.46
1073560,19,Walking,130723931459000,-5.67,15.43,-0.46
1073561,19,Walking,130723971498000,-8.39,16.7,0.99
1085875,19,Walking,130723971498000,-8.39,16.7,0.99
1073562,19,Walking,130724011598000,-9.23,11.8,-2.37
1085876,19,Walking,130724011598000,-9.23,11.8,-2.37
1085877,19,Walking,130724051515000,-5.83,5.01,-3.6
1073563,19,Walking,130724051515000,-5.83,5.01,-3.6
1085878,19,Walking,130724131593000,-5.22,0.0,-0.76
1073564,19,Walking,130724131593000,-5.22,0.0,-0.76
1073565,19,Walking,130724171480000,-5.67,-0.72,-1.61
1085879,19,Walking,130724171480000,-5.67,-0.72,-1.61
1085880,19,Walking,130724211458000,-5.05,0.31,-1.99
1073566,19,Walking,130724211458000,-5.05,0.31,-1.99
1073567,19,Walking,130724251497000,-4.6,11.6,8.69
1085881,19,Walking,130724251497000,-4.6,11.6,8.69
1073568,19,Walking,130724331483000,3.06,11.14,0.04
1085882,19,Walking,130724331483000,3.06,11.14,0.04
1085883,19,Walking,130724371522000,-3.68,9.72,-4.21
1073569,19,Walking,130724371522000,-3.68,9.72,-4.21
1085884,19,Walking,130724411439000,-10.42,15.13,-1.38
1073570,19,Walking,130724411439000,-10.42,15.13,-1.38
1073571,19,Walking,130724451692000,-6.74,5.41,2.03
1085885,19,Walking,130724451692000,-6.74,5.41,2.03
1085886,19,Walking,130724531374000,-4.75,5.6,-2.22
1073572,19,Walking,130724531374000,-4.75,5.6,-2.22
1073573,19,Walking,130724571504000,-5.67,8.89,-0.76
1085887,19,Walking,130724571504000,-5.67,8.89,-0.76
1085888,19,Walking,130724611574000,-3.21,5.79,0.65
1073574,19,Walking,130724611574000,-3.21,5.79,0.65
1073575,19,Walking,130724651552000,-3.15,6.32,0.89
1085889,19,Walking,130724651552000,-3.15,6.32,0.89
1073576,19,Walking,130724731477000,-3.06,9.7,-0.57
1085890,19,Walking,130724731477000,-3.06,9.7,-0.57
1073577,19,Walking,130724771638000,-2.64,9.15,-0.42
1085891,19,Walking,130724771638000,-2.64,9.15,-0.42
1073578,19,Walking,130724811464000,-2.76,11.6,-0.19
1085892,19,Walking,130724811464000,-2.76,11.6,-0.19
1073579,19,Walking,130724851533000,-2.37,14.71,1.33
1085893,19,Walking,130724851533000,-2.37,14.71,1.33
1073580,19,Walking,130724931428000,2.6,12.03,4.79
1085894,19,Walking,130724931428000,2.6,12.03,4.79
1073581,19,Walking,130724971498000,-3.72,13.02,-3.02
1085895,19,Walking,130724971498000,-3.72,13.02,-3.02
1085896,19,Walking,130725011476000,-7.63,17.27,1.57
1073582,19,Walking,130725011476000,-7.63,17.27,1.57
1073583,19,Walking,130725051546000,-8.47,14.94,-3.17
1085897,19,Walking,130725051546000,-8.47,14.94,-3.17
1073584,19,Walking,130725131593000,-4.52,3.41,-3.21
1085898,19,Walking,130725131593000,-4.52,3.41,-3.21
1073585,19,Walking,130725171480000,-3.38,1.33,-3.34
1085899,19,Walking,130725171480000,-3.38,1.33,-3.34
1085900,19,Walking,130725211458000,-4.14,0.31,-2.6
1073586,19,Walking,130725211458000,-4.14,0.31,-2.6
1085901,19,Walking,130725251497000,-5.37,0.19,-1.04
1073587,19,Walking,130725251497000,-5.37,0.19,-1.04
1085902,19,Walking,130725331483000,-13.06,16.25,11.84
1073588,19,Walking,130725331483000,-13.06,16.25,11.84
1085903,19,Walking,130725371645000,-3.49,12.07,0.69
1073589,19,Walking,130725371645000,-3.49,12.07,0.69
1073590,19,Walking,130725411592000,-2.83,10.88,-5.9
1085904,19,Walking,130725411592000,-2.83,10.88,-5.9
1073591,19,Walking,130725491457000,-3.83,7.35,-0.08
1085905,19,Walking,130725491457000,-3.83,7.35,-0.08
1085906,19,Walking,130725531465000,-3.3,3.26,2.22
1073592,19,Walking,130725531465000,-3.3,3.26,2.22
1073593,19,Walking,130725571596000,-3.57,8.01,-1.95
1085907,19,Walking,130725571596000,-3.57,8.01,-1.95
1073594,19,Walking,130725611452000,-3.57,9.3,-0.69
1085908,19,Walking,130725611452000,-3.57,9.3,-0.69
1085909,19,Walking,130725651521000,-2.45,6.55,0.42
1073595,19,Walking,130725651521000,-2.45,6.55,0.42
1073596,19,Walking,130725731599000,-3.64,8.85,0.04
1085910,19,Walking,130725731599000,-3.64,8.85,0.04
1085911,19,Walking,130725771516000,-4.4,9.58,-0.31
1073597,19,Walking,130725771516000,-4.4,9.58,-0.31
1073598,19,Walking,130725821504000,-3.83,9.53,-0.31
1085912,19,Walking,130725821504000,-3.83,9.53,-0.31
1073599,19,Walking,130725861848000,-3.83,13.21,-0.04
1085913,19,Walking,130725861848000,-3.83,13.21,-0.04
1085914,19,Walking,130725903932000,-2.72,16.51,3.3
1073600,19,Walking,130725903932000,-2.72,16.51,3.3
1085915,19,Walking,130725981508000,-2.64,10.46,-3.45
1073601,19,Walking,130725981508000,-2.64,10.46,-3.45
1073602,19,Walking,130726021486000,-5.01,16.55,-2.26
1085916,19,Walking,130726021486000,-5.01,16.55,-2.26
1073603,19,Walking,130726061494000,-9.77,17.05,1.18
1085917,19,Walking,130726061494000,-9.77,17.05,1.18
1085918,19,Walking,130726101808000,-8.92,10.57,-3.11
1073604,19,Walking,130726101808000,-8.92,10.57,-3.11
1085919,19,Walking,130726181490000,-2.53,2.56,-2.07
1073605,19,Walking,130726181490000,-2.53,2.56,-2.07
1085920,19,Walking,130726221620000,-4.63,2.45,-1.54
1073606,19,Walking,130726221620000,-4.63,2.45,-1.54
1085921,19,Walking,130726261507000,-4.79,0.15,-2.49
1073607,19,Walking,130726261507000,-4.79,0.15,-2.49
1073608,19,Walking,130726301607000,-3.38,-0.61,-1.65
1085922,19,Walking,130726301607000,-3.38,-0.61,-1.65
1073609,19,Walking,130726381502000,-7.59,19.76,8.69
1085923,19,Walking,130726381502000,-7.59,19.76,8.69
1073610,19,Walking,130726421815000,-2.45,15.13,-2.22
1085924,19,Walking,130726421815000,-2.45,15.13,-2.22
1073611,19,Walking,130726461488000,-5.28,15.89,4.37
1085925,19,Walking,130726461488000,-5.28,15.89,4.37
1073612,19,Walking,130726501649000,-6.7,10.61,-4.52
1085926,19,Walking,130726501649000,-6.7,10.61,-4.52
1073613,19,Walking,130726581636000,-2.49,1.33,-0.19
1085927,19,Walking,130726581636000,-2.49,1.33,-0.19
1073614,19,Walking,130726621645000,-6.89,6.74,0.34
1085928,19,Walking,130726621645000,-6.89,6.74,0.34
1085929,19,Walking,130726661501000,-6.97,8.01,0.69
1073615,19,Walking,130726661501000,-6.97,8.01,0.69
1085930,19,Walking,130726701753000,-3.91,5.01,0.42
1073616,19,Walking,130726701753000,-3.91,5.01,0.42
1073617,19,Walking,130726781465000,-3.99,9.96,-1.14
1085931,19,Walking,130726781465000,-3.99,9.96,-1.14
1085932,19,Walking,130726821626000,-2.3,10.92,-1.33
1073618,19,Walking,130726821626000,-2.3,10.92,-1.33
1085933,19,Walking,130726861513000,-1.73,11.37,-0.34
1073619,19,Walking,130726861513000,-1.73,11.37,-0.34
1085934,19,Walking,130726901796000,-1.33,12.18,-0.04
1073620,19,Walking,130726901796000,-1.33,12.18,-0.04
1073621,19,Walking,130726981447000,0.27,14.67,0.3
1085935,19,Walking,130726981447000,0.27,14.67,0.3
1073622,19,Walking,130727021486000,0.5,11.54,4.18
1085936,19,Walking,130727021486000,0.5,11.54,4.18
1073623,19,Walking,130727061494000,-3.64,13.14,0.65
1085937,19,Walking,130727061494000,-3.64,13.14,0.65
1073624,19,Walking,130727102205000,-5.79,14.79,-0.19
1085938,19,Walking,130727102205000,-5.79,14.79,-0.19
1073625,19,Walking,130727181520000,-8.16,10.38,-2.91
1085939,19,Walking,130727181520000,-8.16,10.38,-2.91
1073626,19,Walking,130727221620000,-6.44,5.13,-2.49
1085940,19,Walking,130727221620000,-6.44,5.13,-2.49
1085941,19,Walking,130727261476000,-4.75,2.83,-1.76
1073627,19,Walking,130727261476000,-4.75,2.83,-1.76
1085942,19,Walking,130727341493000,-6.02,0.76,-1.5
1073628,19,Walking,130727341493000,-6.02,0.76,-1.5
1085943,19,Walking,130727381471000,-5.18,0.95,-0.57
1073629,19,Walking,130727381471000,-5.18,0.95,-0.57
1085944,19,Walking,130727421510000,-4.9,10.69,10.92
1073630,19,Walking,130727421510000,-4.9,10.69,10.92
1073631,19,Walking,130727461488000,-7.06,18.09,8.58
1085945,19,Walking,130727461488000,-7.06,18.09,8.58
1085946,19,Walking,130727501772000,-1.23,10.27,-6.05
1073632,19,Walking,130727501772000,-1.23,10.27,-6.05
1073633,19,Walking,130727581514000,-7.08,9.0,0.04
1085947,19,Walking,130727581514000,-7.08,9.0,0.04
1073634,19,Walking,130727621675000,-3.95,2.79,1.14
1085948,19,Walking,130727621675000,-3.95,2.79,1.14
1085949,19,Walking,130727661501000,-4.06,5.79,-2.15
1073635,19,Walking,130727661501000,-4.06,5.79,-2.15
1085950,19,Walking,130727741487000,-3.26,6.44,0.11
1073636,19,Walking,130727741487000,-3.26,6.44,0.11
1085951,19,Walking,130727781587000,-2.53,5.94,0.23
1085952,19,Walking,130727781587000,-2.53,5.94,0.23
1073638,19,Walking,130727781587000,-2.53,5.94,0.23
1073637,19,Walking,130727781587000,-2.53,5.94,0.23
1085953,19,Walking,130727881471000,-3.49,9.0,-1.18
1073639,19,Walking,130727881471000,-3.49,9.0,-1.18
1085954,19,Walking,130727921693000,-3.45,9.85,-0.93
1073640,19,Walking,130727921693000,-3.45,9.85,-0.93
1073641,19,Walking,130727961519000,-3.41,11.84,-0.27
1085955,19,Walking,130727961519000,-3.41,11.84,-0.27
1073642,19,Walking,130728001649000,-2.56,14.86,2.14
1085956,19,Walking,130728001649000,-2.56,14.86,2.14
1085957,19,Walking,130728081514000,1.42,11.88,1.33
1073643,19,Walking,130728081514000,1.42,11.88,1.33
1085958,19,Walking,130728121645000,-5.13,14.37,-1.46
1073644,19,Walking,130728121645000,-5.13,14.37,-1.46
