,user,label,timestamp,x,y,z
15175,20,Walking,365172252000,4.1,3.49,3.1054392
15176,20,Walking,365222331000,17.54,10.04,9.575105
15177,20,Walking,365272349000,11.41,6.74,5.5571017
15178,20,Walking,365322307000,1.57,5.71,-4.3312707
15179,20,Walking,365372233000,4.99,17.86,0.5720546
15180,20,Walking,365422313000,-1.88,7.4,-7.246025
15181,20,Walking,365472118000,6.05,9.92,-7.927042500000001
15182,20,Walking,365522838000,7.67,8.01,-2.3426998
15185,20,Walking,365692271000,4.79,8.85,-1.56634
15186,20,Walking,365742198000,7.08,7.46,-1.2258313
15187,20,Walking,365792247000,11.11,8.2,-4.3312707
15188,20,Walking,365842296000,12.15,10.8,1.5390993
15189,20,Walking,365892284000,9.72,8.28,2.982856
15190,20,Walking,365942241000,6.02,12.6,-6.469665
15191,20,Walking,365992259000,5.6,19.46,-0.7627395
15192,20,Walking,366042277000,6.82,11.37,-2.0294318
15193,20,Walking,366092296000,3.49,2.3,-4.3993720000000005
15194,20,Walking,366142253000,-2.49,4.56,-1.8796080000000002
15195,20,Walking,366192271000,-3.68,4.4,-1.4573771999999998
15196,20,Walking,366242320000,3.26,2.41,3.0645783
15197,20,Walking,366292277000,16.86,9.34,9.507003
15198,20,Walking,366342296000,13.82,10.8,5.625203599999999
15199,20,Walking,366392284000,2.37,2.41,-1.8796080000000002
15200,20,Walking,366442271000,6.63,15.98,-0.27240697
15201,20,Walking,366492229000,-2.34,9.19,-7.246025
15202,20,Walking,366542308000,3.02,8.85,-5.7886477
15203,20,Walking,366592235000,8.08,9.7,-5.09401
15204,20,Walking,366642314000,7.46,5.05,0.19068487
15205,20,Walking,366692241000,5.75,5.83,-3.0645783
15206,20,Walking,366742320000,2.79,8.85,-0.7218784
15207,20,Walking,366792308000,5.01,8.89,-1.0351465
15208,20,Walking,366842265000,9.92,6.63,-2.982856
15209,20,Walking,366892314000,10.76,8.85,-1.4982381999999999
15210,20,Walking,366942271000,10.73,11.96,0.7218784
15211,20,Walking,366992259000,9.38,8.39,1.9885708
15212,20,Walking,367042277000,5.09,15.79,-7.586533500000001
15213,20,Walking,367092265000,5.43,17.43,-0.95342433
15214,20,Walking,367142223000,7.5,7.25,-3.1463002999999996
15215,20,Walking,367192271000,-0.27,3.11,-3.4459480000000005
15216,20,Walking,367242259000,-1.69,4.56,-2.3018389
15217,20,Walking,367292308000,-2.68,4.33,-0.50395286
15218,20,Walking,367342235000,5.75,3.06,3.8681788
15219,20,Walking,367392314000,18.77,12.45,8.894086999999999
15220,20,Walking,367442271000,9.85,4.21,4.5628166
15221,20,Walking,367492442000,1.31,8.73,-3.8273177000000005
15222,20,Walking,367542125000,3.53,16.51,-0.19068487
15223,20,Walking,367592143000,-0.5,7.31,-7.3549875999999985
15224,20,Walking,367592143000,-0.5,7.31,-7.3549875999999985
15225,20,Walking,367592143000,-0.5,7.31,-7.3549875999999985
15226,20,Walking,367592143000,-0.5,7.31,-7.3549875999999985
15227,20,Walking,367592143000,-0.5,7.31,-7.3549875999999985
15229,20,Walking,367882365000,6.24,7.55,-2.1383946
15230,20,Walking,367932231000,8.77,6.97,-2.3699405
15231,20,Walking,367982677000,10.88,9.19,-2.070293
15232,20,Walking,368032390000,10.99,11.37,1.9204689999999998
15233,20,Walking,368082286000,9.81,8.05,1.6480621
15234,20,Walking,368132243000,4.71,16.32,-7.654635400000001
15235,20,Walking,368182201000,3.38,17.69,-0.53119355
15236,20,Walking,368232280000,8.31,6.89,-2.7513103
15237,20,Walking,368282268000,2.68,4.37,-3.8681788
15238,20,Walking,368332255000,-2.14,5.52,-2.3699405
15239,20,Walking,368382213000,-3.36,4.14,-0.50395286
15240,20,Walking,368432292000,4.25,3.87,3.1463002999999996
15241,20,Walking,368482249000,16.36,9.08,9.112013000000001
15242,20,Walking,368532298000,13.59,9.23,5.366417
15243,20,Walking,368582286000,2.03,3.57,-2.2201166000000003
15244,20,Walking,368632274000,6.05,16.74,2.0294318
15245,20,Walking,368682262000,-1.65,7.97,-7.3549875999999985
15246,20,Walking,368732249000,3.02,8.85,-6.0201936
15247,20,Walking,368782268000,8.05,10.23,-6.2789803
15248,20,Walking,368832286000,6.47,4.86,0.8036005
15249,20,Walking,368882243000,5.9,7.12,-1.56634
15250,20,Walking,368932292000,4.75,8.66,0.14982383
15251,20,Walking,368982249000,5.24,6.93,-3.2552630000000002
15252,20,Walking,369032298000,8.35,8.43,-1.9477096999999999
15253,20,Walking,369082255000,11.26,7.82,-1.1168685
15254,20,Walking,369132243000,10.12,12.22,0.46309182
15255,20,Walking,369182262000,9.34,7.63,2.8330324
15256,20,Walking,369232280000,5.33,16.21,-8.390134
15257,20,Walking,369282268000,5.52,17.67,0.08172209
15258,20,Walking,369332286000,7.82,7.35,-2.982856
15259,20,Walking,369382243000,0.95,3.76,-3.3642258999999997
15260,20,Walking,369432262000,-1.8,4.4,-2.4925237
15261,20,Walking,369482219000,-3.15,4.33,-0.84446156
15262,20,Walking,369532298000,5.52,2.53,3.7592160000000003
15263,20,Walking,369582255000,17.16,11.5,10.228881
15264,20,Walking,369632304000,11.56,7.08,5.1348709999999995
15265,20,Walking,369682231000,3.49,7.74,-0.7627395
15266,20,Walking,369732280000,3.95,14.67,-2.8330324
15267,20,Walking,369782237000,-0.46,7.55,-6.170017700000001
15268,20,Walking,369832317000,3.57,10.34,-6.851035
15270,20,Walking,369882335000,7.44,10.38,-2.3426998
15269,20,Walking,369882335000,7.44,10.38,-2.3426998
15271,20,Walking,369982127000,5.43,6.44,-1.7570249
15272,20,Walking,370032298000,3.76,8.77,-0.6537767
15273,20,Walking,370082317000,5.63,7.97,-2.5606253
15274,20,Walking,370132335000,8.54,7.46,-2.0294318
15275,20,Walking,370182292000,11.96,8.96,-1.525479
15276,20,Walking,370182292000,11.96,8.96,-1.525479
15277,20,Walking,370243602000,10.34,10.5,2.6832085
15278,20,Walking,370293498000,7.4,8.96,0.5720546
15279,20,Walking,370342754000,5.41,16.78,-8.349273
15280,20,Walking,370393199000,5.52,16.66,0.14982383
15281,20,Walking,370443645000,6.7,7.74,-3.6366330000000002
15282,20,Walking,370493114000,1.14,3.72,-3.4459480000000005
15283,20,Walking,370543559000,-2.75,4.9,-2.7921712000000003
15284,20,Walking,370593059000,-2.68,3.95,-0.84446156
15285,20,Walking,370643535000,4.48,2.98,4.2495484
15286,20,Walking,370693034000,18.73,13.63,10.269741999999999
15287,20,Walking,370743510000,8.5,4.71,4.7126402999999994
15288,20,Walking,370792827000,6.66,10.84,-3.214402
15289,20,Walking,370843242000,-1.76,10.53,-2.070293
15290,20,Walking,370893626000,-0.23,8.73,-6.782933
15291,20,Walking,370943095000,4.63,11.3,-4.7943625
15292,20,Walking,370993571000,10.42,8.43,-1.607201
15293,20,Walking,371043040000,7.44,4.63,-0.7218784
15294,20,Walking,371093486000,5.18,5.94,-2.4516625
15295,20,Walking,371142833000,3.34,8.89,-0.9942854
15296,20,Walking,371193278000,5.24,8.58,-1.1441092
15297,20,Walking,371243693000,9.92,6.97,-4.3993720000000005
15298,20,Walking,371293162000,10.57,10.27,0.27240697
15299,20,Walking,371343639000,10.42,10.38,2.3018389
15300,20,Walking,371392833000,8.66,7.55,1.1441092
15301,20,Walking,371443400000,4.94,15.83,-8.240311
15302,20,Walking,371493602000,6.4,17.05,-0.14982383
15303,20,Walking,371543101000,7.78,7.78,-2.9147543999999996
15304,20,Walking,371593577000,0.95,3.79,-3.3642258999999997
15305,20,Walking,371643046000,-2.72,4.63,-2.070293
15306,20,Walking,371693584000,-2.79,4.37,-0.9125633
15307,20,Walking,371743053000,5.63,4.14,3.336985
15308,20,Walking,371793529000,18.35,11.41,9.507003
15309,20,Walking,371842784000,11.11,4.33,3.8681788
15311,20,Walking,371912425000,7.5,16.13,-0.9942854
15310,20,Walking,371912425000,7.5,16.13,-0.9942854
15313,20,Walking,372072337000,6.59,11.56,-5.09401
15314,20,Walking,372072337000,6.59,11.56,-5.09401
15315,20,Walking,372072337000,6.59,11.56,-5.09401
15316,20,Walking,372222331000,3.26,6.89,-2.2201166000000003
15317,20,Walking,372272319000,3.06,9.7,-0.3405087
15318,20,Walking,372322246000,9.77,6.78,-2.1111538
15319,20,Walking,372372264000,10.76,8.66,-3.3642258999999997
15320,20,Walking,372422282000,10.04,11.73,0.50395286
15321,20,Walking,372472240000,10.99,7.82,2.982856
15322,20,Walking,372522258000,5.22,12.18,-4.1814466
15323,20,Walking,372572246000,5.05,17.54,-2.2609777
15324,20,Walking,372572246000,5.05,17.54,-2.2609777
15325,20,Walking,372572246000,5.05,17.54,-2.2609777
15326,20,Walking,372722209000,-1.53,5.41,-2.3699405
15327,20,Walking,372772380000,-2.22,4.6,-1.525479
15328,20,Walking,372822276000,1.8,2.18,2.1111538
15329,20,Walking,372872233000,12.72,5.98,7.9679036
15330,20,Walking,372922282000,16.97,12.91,7.082580999999999
15331,20,Walking,372972240000,4.25,6.02,1.2666923
15332,20,Walking,373022258000,4.4,15.75,-3.5276701
15333,20,Walking,373072246000,-1.84,6.32,-7.014479
15334,20,Walking,373122295000,1.8,11.41,-6.2108784
15335,20,Walking,373172252000,8.01,10.92,-3.4050870000000004
15336,20,Walking,373222270000,8.69,4.1,-0.9125633
15337,20,Walking,373272227000,5.71,5.71,-1.56634
15338,20,Walking,373322246000,3.95,8.77,-0.50395286
15339,20,Walking,373372233000,5.13,7.86,-3.173541
15340,20,Walking,373422282000,9.15,8.24,-1.525479
15341,20,Walking,373472240000,11.92,8.54,-1.334794
15342,20,Walking,373522258000,10.61,11.22,2.5606253
15343,20,Walking,373572246000,9.23,7.74,0.95342433
15344,20,Walking,373622264000,5.56,18.35,-8.308413
15345,20,Walking,373672221000,5.33,16.09,-0.3405087
15346,20,Walking,373722270000,7.82,6.44,-2.9147543999999996
15347,20,Walking,373772258000,0.46,4.48,-3.7183550000000003
15348,20,Walking,373822246000,-1.73,4.44,-2.982856
15349,20,Walking,373872203000,-3.02,3.49,-0.88532263
15350,20,Walking,373922282000,6.02,3.95,4.2086873
15351,20,Walking,373972240000,18.47,10.8,9.697687
15352,20,Walking,374022227000,10.88,6.05,5.7477865
15353,20,Walking,374072337000,1.61,7.63,-2.3699405
15354,20,Walking,374072337000,1.61,7.63,-2.3699405
15355,20,Walking,374172130000,0.19,7.63,-6.5513873
15356,20,Walking,374172130000,0.19,7.63,-6.5513873
15357,20,Walking,374272258000,8.31,8.69,-2.3018389
15358,20,Walking,374272258000,8.31,8.69,-2.3018389
15359,20,Walking,374322337000,6.85,4.86,-0.9125633
15360,20,Walking,374382304000,4.02,6.93,-1.8387468999999996
15361,20,Walking,374442271000,3.72,9.11,-1.0351465
15362,20,Walking,374492198000,7.89,7.5,-2.070293
15363,20,Walking,374542308000,10.95,7.82,-3.3642258999999997
15364,20,Walking,374592235000,11.07,10.53,0.38136974
15365,20,Walking,374642314000,10.99,8.85,2.9556155
15366,20,Walking,374692241000,6.17,10.69,-1.6889231
15367,20,Walking,374742290000,5.52,16.47,-5.7886477
15368,20,Walking,374792216000,6.47,14.71,-1.8387468999999996
15369,20,Walking,374842296000,6.89,5.24,-3.4050870000000004
15370,20,Walking,374892223000,0.38,5.52,-2.6832085
15371,20,Walking,374942302000,-2.14,4.86,-2.6423476000000004
15372,20,Walking,374992198000,-1.69,4.14,0.27240697
15373,20,Walking,374992198000,-1.69,4.14,0.27240697
15376,20,Walking,375152598000,7.27,2.56,4.2086873
15377,20,Walking,375152598000,7.27,2.56,4.2086873
15378,20,Walking,375205730000,5.9,11.75,0.10896278
15382,20,Walking,375472697000,6.36,4.75,-2.2201166000000003
15381,20,Walking,375472697000,6.36,4.75,-2.2201166000000003
