,user,label,timestamp,x,y,z
16016,20,Walking,407192241000,6.13,17.08,-4.018002500000001
16017,20,Walking,407292277000,4.99,4.25,-3.4868089999999996
16018,20,Walking,407292277000,4.99,4.25,-3.4868089999999996
16019,20,Walking,407392223000,-1.76,4.4,-2.3699405
16020,20,Walking,407392223000,-1.76,4.4,-2.3699405
16022,20,Walking,407492137000,10.61,3.91,5.5571017
16021,20,Walking,407492137000,10.61,3.91,5.5571017
16023,20,Walking,407542308000,19.42,13.38,7.164303
16027,20,Walking,407662334000,7.12,15.83,-0.38136974
16026,20,Walking,407662334000,7.12,15.83,-0.38136974
16029,20,Walking,407862224000,6.24,6.21,2.7240696
16031,20,Walking,407912273000,6.4,5.37,-2.3426998
16030,20,Walking,407912273000,6.4,5.37,-2.3426998
16032,20,Walking,408012462000,5.67,8.24,-1.56634
16033,20,Walking,408062358000,7.08,7.67,-2.7921712000000003
16034,20,Walking,408112376000,11.65,7.63,-2.6423476000000004
16035,20,Walking,408162242000,11.8,11.41,1.1441092
16036,20,Walking,408212260000,9.66,7.67,2.5606253
16037,20,Walking,408262248000,6.24,14.41,-7.4639505999999995
16038,20,Walking,408312266000,5.24,17.35,-1.3756552
16039,20,Walking,408362254000,8.24,9.58,-2.2201166000000003
16040,20,Walking,408412273000,3.53,3.57,-3.4050870000000004
16041,20,Walking,408462230000,-0.99,4.67,-1.56634
16042,20,Walking,408512279000,-2.03,4.48,-1.7978859
16043,20,Walking,408562236000,1.23,3.11,1.8796080000000002
16044,20,Walking,408612376000,15.21,6.66,7.082580999999999
16045,20,Walking,408662120000,16.82,11.8,6.2108784
16046,20,Walking,408712627000,3.91,2.56,-0.10896278
16048,20,Walking,408762218000,6.21,14.79,0.23154591
16047,20,Walking,408762218000,6.21,14.79,0.23154591
16050,20,Walking,408862163000,2.96,9.08,-5.9793324
16051,20,Walking,408912273000,7.27,10.5,-5.7886477
16052,20,Walking,408962291000,7.78,6.36,1.4165162
16053,20,Walking,409012370000,6.66,5.13,-2.6832085
16054,20,Walking,409062389000,4.63,7.27,-1.56634
16055,20,Walking,409112376000,4.37,9.3,-0.95342433
16056,20,Walking,409162273000,7.12,7.86,-2.1383946
16057,20,Walking,409212291000,11.56,7.01,-3.4459480000000005
16058,20,Walking,409262279000,11.73,11.18,0.46309182
16059,20,Walking,409312327000,10.23,8.54,2.5606253
16060,20,Walking,409362285000,7.08,11.14,-3.0237172
16061,20,Walking,409412303000,5.71,17.58,-4.3312707
16062,20,Walking,409462260000,8.35,13.14,-1.3075534
16063,20,Walking,409512309000,5.75,4.06,-3.4050870000000004
16064,20,Walking,409562266000,-0.3,4.21,-1.6480621
16065,20,Walking,409612315000,-1.53,4.4,-2.6832085
16066,20,Walking,409662273000,-1.12,3.68,0.10896278
16067,20,Walking,409712291000,9.77,3.64,4.7535014
16068,20,Walking,409762218000,19.53,12.49,8.281172
16069,20,Walking,409812266000,6.7,2.87,4.099725
16070,20,Walking,409862254000,7.08,13.29,-2.1111538
16073,20,Walking,409972209000,3.17,11.22,-7.014479
16074,20,Walking,410032542000,7.31,9.11,-5.175732
16075,20,Walking,410082286000,8.08,5.43,1.9885708
16076,20,Walking,410132274000,6.21,5.18,-2.1792557
16077,20,Walking,410182292000,3.83,7.16,-1.8387468999999996
16078,20,Walking,410232280000,4.44,9.47,-0.84446156
16079,20,Walking,410282298000,9.28,6.7,-2.3699405
16080,20,Walking,410332286000,12.6,7.67,-2.6014863999999998
16081,20,Walking,410382304000,11.14,11.35,1.0351465
16082,20,Walking,410432262000,9.19,7.59,1.9204689999999998
16083,20,Walking,410482310000,5.79,16.04,-6.4015636
16084,20,Walking,410532298000,4.99,16.17,-1.7297841
16085,20,Walking,410582286000,8.31,8.39,-3.2552630000000002
16086,20,Walking,410632304000,4.9,3.79,-3.6774937999999993
16087,20,Walking,410682262000,-1.73,6.09,-2.1383946
16088,20,Walking,410732280000,-2.53,4.94,-1.2258313
16089,20,Walking,410782268000,1.65,3.83,2.8738932999999998
16090,20,Walking,410832408000,12.11,5.09,5.625203599999999
16091,20,Walking,410882121000,18.09,12.83,7.082580999999999
16092,20,Walking,410932292000,4.52,3.72,1.7297841
16097,20,Walking,411162212000,8.62,8.62,-1.2666923
16098,20,Walking,411212291000,7.44,4.4,-0.42223078
16099,20,Walking,411262248000,6.17,6.17,-2.6832085
16100,20,Walking,411312389000,4.4,8.96,0.84446156
16101,20,Walking,411362285000,6.28,6.4,-3.4459480000000005
16102,20,Walking,411412303000,7.67,8.28,-2.5333846
16103,20,Walking,411462260000,11.26,9.43,-2.7513103
16104,20,Walking,411512309000,11.92,9.3,1.3756552
16105,20,Walking,411562266000,8.62,8.05,2.4108016
16106,20,Walking,411612315000,6.21,14.9,-7.6273947
16107,20,Walking,411662364000,5.13,15.98,-1.1168685
16109,20,Walking,411762126000,3.53,4.18,-3.4459480000000005
16108,20,Walking,411762126000,3.53,4.18,-3.4459480000000005
16110,20,Walking,411812236000,-1.12,5.24,-1.56634
16111,20,Walking,411862437000,-1.42,4.44,-1.6480621
16112,20,Walking,411912303000,1.73,2.83,2.0294318
16113,20,Walking,411962352000,14.41,5.01,6.3607025
16114,20,Walking,412022227000,15.36,10.23,4.944186
16115,20,Walking,412072246000,3.68,9.85,1.9885708
16116,20,Walking,412122386000,3.11,10.73,-4.1814466
16117,20,Walking,412172130000,0.11,7.55,-6.0201936
16118,20,Walking,412223827000,4.52,12.22,-6.633109599999999
16119,20,Walking,412223827000,4.52,12.22,-6.633109599999999
16121,20,Walking,412342113000,6.44,4.56,-2.2201166000000003
16122,20,Walking,412392406000,4.9,7.46,-0.84446156
16123,20,Walking,412442790000,4.25,9.11,-1.1168685
16124,20,Walking,412492717000,5.86,7.44,-4.5628166
16125,20,Walking,412543040000,9.19,8.16,-1.4573771999999998
16126,20,Walking,412593455000,12.18,8.47,-1.8796080000000002
16127,20,Walking,412642833000,11.69,9.47,0.92618364
16128,20,Walking,412693278000,9.04,8.05,1.9885708
16129,20,Walking,412742839000,5.56,15.64,-7.7772183
16130,20,Walking,412793315000,5.24,14.6,-1.7570249
16131,20,Walking,412842906000,9.19,7.78,-2.6832085
16132,20,Walking,412893321000,2.6,4.86,-3.6366330000000002
16133,20,Walking,412942821000,-0.27,5.56,-1.7297841
16134,20,Walking,412993297000,-0.8,5.48,-0.88532263
16135,20,Walking,413043712000,1.38,2.87,1.8796080000000002
16136,20,Walking,413093181000,12.95,5.09,6.4424243
16137,20,Walking,413142863000,17.67,12.83,5.325556
16138,20,Walking,413192302000,2.98,4.44,1.7570249
16142,20,Walking,413242625000,7.78,13.87,-1.4982381999999999
16141,20,Walking,413242625000,7.78,13.87,-1.4982381999999999
16139,20,Walking,413242625000,7.78,13.87,-1.4982381999999999
16140,20,Walking,413242625000,7.78,13.87,-1.4982381999999999
16145,20,Walking,413502177000,4.67,6.97,-1.2666923
16144,20,Walking,413502177000,4.67,6.97,-1.2666923
16146,20,Walking,413612132000,5.71,8.24,-1.0760075
16147,20,Walking,413662334000,8.66,7.35,-1.7978859
16148,20,Walking,413712260000,12.07,7.25,-2.7240696
16149,20,Walking,413762309000,12.41,9.28,1.7297841
16150,20,Walking,413812236000,10.34,7.82,1.3756552
16151,20,Walking,413862315000,6.24,16.74,-8.267551
16152,20,Walking,413912242000,5.79,15.89,-0.84446156
16153,20,Walking,413962291000,7.93,8.35,-2.7921712000000003
16154,20,Walking,414012736000,3.76,3.83,-4.140586
16155,20,Walking,414062236000,-1.42,6.78,-2.4108016
16156,20,Walking,414112285000,-2.87,6.05,-1.56634
16157,20,Walking,414162273000,1.12,4.18,2.8738932999999998
16158,20,Walking,414212291000,12.26,5.01,7.014479
16159,20,Walking,414262279000,17.92,11.03,5.8567495
16160,20,Walking,414312266000,4.48,0.08,-0.7218784
16161,20,Walking,414362254000,7.74,16.93,1.7297841
16162,20,Walking,414412212000,-1.61,7.86,-7.246025
16163,20,Walking,414462260000,4.82,9.51,-7.6273947
16164,20,Walking,414512279000,6.51,9.08,-5.284695
16165,20,Walking,414562266000,4.79,7.35,0.3405087
16166,20,Walking,414612254000,4.14,6.05,-1.607201
16167,20,Walking,414662334000,6.7,5.05,-2.7240696
16168,20,Walking,414712230000,6.28,7.31,-2.3018389
16169,20,Walking,414762309000,6.05,9.08,-2.1383946
16170,20,Walking,414812266000,10.88,8.47,-2.6423476000000004
16171,20,Walking,414862315000,11.92,9.19,-0.42223078
16172,20,Walking,414912273000,12.26,9.23,3.8681788
16173,20,Walking,414962291000,9.7,11.56,-4.903325
16174,20,Walking,415012248000,6.17,16.86,-7.5456724
16175,20,Walking,415062266000,10.92,14.56,-0.53119355
16176,20,Walking,415112285000,3.38,3.79,-4.372132
16177,20,Walking,415162273000,-0.15,4.86,-1.7570249
16178,20,Walking,415212321000,-1.69,3.76,-1.9477096999999999
16179,20,Walking,415262706000,-0.53,3.3,1.1168685
16180,20,Walking,415312297000,8.31,3.83,6.4424243
16181,20,Walking,415362285000,18.24,8.96,9.152874
16182,20,Walking,415412273000,8.62,5.09,5.366417
16183,20,Walking,415462291000,4.33,11.65,3.2552630000000002
16184,20,Walking,415512218000,5.94,11.96,-2.4108016
16185,20,Walking,415562327000,0.69,8.5,-6.851035
16186,20,Walking,415612132000,6.4,5.63,-5.012288
16187,20,Walking,415662303000,8.01,9.66,-3.4459480000000005
16188,20,Walking,415712230000,7.59,6.09,-1.334794
16189,20,Walking,415762340000,7.35,5.05,-1.7978859
16190,20,Walking,415822276000,4.33,8.81,-0.95342433
16191,20,Walking,415822276000,4.33,8.81,-0.95342433
16192,20,Walking,415882243000,4.33,7.5,-2.5606253
16193,20,Walking,415932201000,8.16,7.82,-2.6832085
16194,20,Walking,415982280000,13.18,7.27,-1.9477096999999999
16195,20,Walking,416032207000,12.64,8.43,0.50395286
16196,20,Walking,416082255000,10.92,8.73,3.0237172
16197,20,Walking,416132213000,7.89,13.06,-8.853226
16198,20,Walking,416182231000,4.86,16.59,-2.5606253
16199,20,Walking,416232249000,7.06,9.11,-1.9204689999999998
16200,20,Walking,416282237000,3.06,3.68,-3.8273177000000005
16201,20,Walking,416332286000,-1.23,3.87,-2.1792557
16202,20,Walking,416432231000,3.45,5.43,2.5333846
16203,20,Walking,416432231000,3.45,5.43,2.5333846
16204,20,Walking,416482280000,12.68,8.24,9.084772000000001
16205,20,Walking,416532207000,12.22,9.96,7.3141264999999995
16206,20,Walking,416582255000,2.96,6.74,0.92618364
16207,20,Walking,416632243000,4.52,14.25,-0.7218784
16208,20,Walking,416682231000,2.96,8.5,-8.049625
16209,20,Walking,416732219000,8.54,8.66,-6.170017700000001
16210,20,Walking,416783336000,8.5,7.67,-3.4459480000000005
16211,20,Walking,416832439000,4.4,6.05,-1.9204689999999998
16212,20,Walking,416882243000,3.53,5.56,-2.0294318
16213,20,Walking,416932231000,5.9,7.44,-2.7921712000000003
16214,20,Walking,417032146000,5.83,7.78,-2.7921712000000003
16215,20,Walking,417082317000,8.69,10.76,-3.4050870000000004
16216,20,Walking,417082317000,8.69,10.76,-3.4050870000000004
16217,20,Walking,417182506000,9.51,9.58,1.7978859
16218,20,Walking,417182506000,9.51,9.58,1.7978859
16219,20,Walking,417242290000,1.69,13.4,-6.973617999999999
16220,20,Walking,417292277000,5.28,17.12,-1.0760075
16221,20,Walking,417342296000,4.9,9.23,-1.1849703
16222,20,Walking,417392314000,2.79,3.83,-2.5333846
16223,20,Walking,417442302000,-2.75,4.29,-3.336985
16224,20,Walking,417492259000,-2.56,5.6,-2.1111538
16225,20,Walking,417542491000,3.64,7.08,2.7921712000000003
16226,20,Walking,417592265000,10.0,9.19,8.349273
16227,20,Walking,417642314000,13.8,10.92,6.3607025
