,user,label,timestamp,x,y,z
18435,20,Walking,527973674000,0.11,15.05,-0.9942854
18436,20,Walking,528023204000,-3.45,8.35,-4.140586
18437,20,Walking,528073680000,-0.46,12.68,-2.8738932999999998
18438,20,Walking,528123057000,5.28,13.48,-3.1054392
18439,20,Walking,528173595000,6.47,6.02,-0.38136974
18440,20,Walking,528222850000,3.21,7.44,-0.88532263
18441,20,Walking,528273326000,0.46,9.28,0.42223078
18442,20,Walking,528323680000,1.88,9.81,2.9556155
18443,20,Walking,528373149000,5.67,9.38,-2.8738932999999998
18444,20,Walking,528423656000,7.31,10.53,-0.46309182
18445,20,Walking,528473186000,5.98,13.82,0.040861044
18446,20,Walking,528523631000,7.59,11.07,5.666064700000001
18447,20,Walking,528573131000,1.73,13.82,-1.2666923
18448,20,Walking,528623607000,-1.73,16.86,-2.8738932999999998
18449,20,Walking,528673076000,2.56,14.82,1.56634
18450,20,Walking,528723582000,3.3,8.96,-2.1383946
18451,20,Walking,528773051000,-1.61,5.18,-1.4982381999999999
18452,20,Walking,528823527000,-3.53,4.18,-1.7297841
18453,20,Walking,528872813000,-1.18,2.53,-0.53119355
18454,20,Walking,528923289000,6.36,4.37,4.671779
18455,20,Walking,528973643000,15.02,16.44,12.258313000000001
18456,20,Walking,529023082000,6.85,5.22,4.7535014
18457,20,Walking,529073588000,2.22,11.8,-0.6537767
18458,20,Walking,529123057000,-3.6,11.3,-0.10896278
18459,20,Walking,529173595000,-3.41,8.85,-3.9090397000000006
18460,20,Walking,529223064000,0.38,13.38,-4.290409599999999
18461,20,Walking,529273570000,4.71,11.41,-2.9556155
18462,20,Walking,529323070000,6.24,6.85,0.61291564
18463,20,Walking,529373576000,2.72,7.97,-1.0760075
18464,20,Walking,529422862000,0.19,9.3,0.42223078
18465,20,Walking,529473369000,1.8,9.81,1.607201
18466,20,Walking,529522777000,7.08,9.92,0.27240697
18467,20,Walking,529573253000,8.92,11.45,-2.8738932999999998
18468,20,Walking,529623607000,5.28,13.57,3.8273177000000005
18469,20,Walking,529673137000,7.59,9.58,4.0588636
18470,20,Walking,529723582000,-1.84,17.54,-6.3607025
18471,20,Walking,529773143000,-0.04,15.75,2.982856
18472,20,Walking,529823619000,4.44,12.07,-1.1441092
18473,20,Walking,529873149000,1.18,6.44,-2.8330324
18474,20,Walking,529923656000,-2.98,5.43,-0.95342433
18475,20,Walking,529973186000,-3.6,3.26,-1.6480621
18476,20,Walking,530023631000,0.76,3.17,1.9204689999999998
18477,20,Walking,530073131000,11.03,8.66,8.499097
18478,20,Walking,530123576000,13.38,16.4,9.234595
18479,20,Walking,530173015000,2.79,5.37,0.95342433
18480,20,Walking,530223521000,1.54,14.98,0.7627395
18481,20,Walking,530272838000,-5.05,7.35,-3.9090397000000006
18482,20,Walking,530323283000,-2.45,11.88,-4.018002500000001
18483,20,Walking,530373668000,2.6,13.21,-1.7297841
18484,20,Walking,530423167000,8.01,7.89,-0.9125633
18485,20,Walking,530473643000,4.75,6.74,-1.1441092
18486,20,Walking,530523143000,1.12,9.15,-0.7218784
18487,20,Walking,530573588000,0.72,9.51,3.214402
18488,20,Walking,530623027000,4.75,9.62,-0.42223078
18489,20,Walking,530673564000,8.39,10.53,-2.5333846
18490,20,Walking,530723064000,6.93,13.14,0.7218784
18491,20,Walking,530773540000,7.7,11.75,5.5571017
18492,20,Walking,530822826000,2.07,13.33,-0.38136974
18493,20,Walking,530873241000,-1.69,17.77,-3.2552630000000002
18494,20,Walking,530923686000,3.49,15.36,0.9942854
18495,20,Walking,530973155000,3.3,8.54,-2.6014863999999998
18496,20,Walking,531024394000,-1.76,5.33,-1.334794
18497,20,Walking,531082317000,-3.95,3.79,-2.070293
18498,20,Walking,531132274000,-2.11,3.45,-0.10896278
18499,20,Walking,531182292000,7.44,6.44,6.701211
18500,20,Walking,531232280000,18.2,18.09,10.038197
18501,20,Walking,531282298000,2.56,4.25,3.2961242
18502,20,Walking,531332286000,3.6,15.28,1.2258313
18503,20,Walking,531382274000,-5.33,7.12,-3.2552630000000002
18504,20,Walking,531432292000,-3.15,10.8,-3.7864565999999997
18505,20,Walking,531482280000,1.76,13.59,-2.1792557
18506,20,Walking,531532268000,7.25,10.27,-1.0760075
18507,20,Walking,531582286000,6.05,6.02,-1.4982381999999999
18508,20,Walking,531632274000,2.18,8.39,-0.7627395
18509,20,Walking,531682292000,0.84,9.66,3.0237172
18510,20,Walking,531732280000,3.26,9.34,0.08172209
18511,20,Walking,531782298000,7.59,10.0,-2.7921712000000003
18512,20,Walking,531832286000,7.82,12.53,-0.19068487
18513,20,Walking,531882274000,6.4,12.53,4.9850473
18514,20,Walking,531932262000,7.01,10.19,2.6832085
18515,20,Walking,531982280000,-2.68,17.97,-5.938472
18516,20,Walking,532032268000,1.84,15.75,2.7240696
18517,20,Walking,532082317000,4.14,10.12,-1.7570249
18518,20,Walking,532132274000,-0.84,5.98,-2.070293
18519,20,Walking,532182262000,-3.64,4.4,-1.3756552
18520,20,Walking,532232280000,-2.64,2.72,-1.1168685
18521,20,Walking,532282268000,3.91,3.99,4.7126402999999994
18522,20,Walking,532332286000,15.64,15.13,11.073342
18523,20,Walking,532392345000,8.81,7.7,5.8976107
18524,20,Walking,532442241000,2.18,14.48,2.1792557
18525,20,Walking,532492259000,-4.71,8.24,-5.1348709999999995
18526,20,Walking,532542216000,-3.34,12.34,-4.1814466
18527,20,Walking,532592296000,2.79,12.68,-2.1383946
18528,20,Walking,532642223000,6.51,10.8,-0.14982383
18529,20,Walking,532692302000,4.79,5.63,-1.9885708
18530,20,Walking,532742198000,1.92,8.16,-1.2258313
18531,20,Walking,532792308000,0.38,9.38,2.5606253
18532,20,Walking,532842235000,3.72,9.3,0.6537767
18533,20,Walking,532892345000,8.54,10.19,-2.6832085
18534,20,Walking,532942210000,7.7,13.4,0.19068487
18535,20,Walking,532992290000,7.21,11.75,5.012288
18536,20,Walking,533042216000,3.99,11.65,1.9885708
18537,20,Walking,533092296000,-2.56,18.43,-5.325556
18538,20,Walking,533142192000,1.84,15.89,2.2201166000000003
18539,20,Walking,533192241000,4.82,9.08,-2.2201166000000003
18540,20,Walking,533242290000,-1.69,5.18,-1.9885708
18541,20,Walking,533292216000,-3.83,3.57,-1.9885708
18542,20,Walking,533342296000,-3.3,2.64,-0.5720546
18543,20,Walking,533392253000,6.02,5.09,5.7477865
18544,20,Walking,533442302000,16.7,16.93,11.34575
18545,20,Walking,533492229000,6.24,5.75,4.1814466
18546,20,Walking,533542308000,3.17,11.54,-0.46309182
18547,20,Walking,533592235000,-3.68,10.65,-0.27240697
18548,20,Walking,533642314000,-4.1,9.92,-4.440233
18549,20,Walking,533692210000,0.69,13.14,-2.6014863999999998
18550,20,Walking,533742290000,5.56,11.84,-2.7240696
18551,20,Walking,533792247000,6.74,5.6,-1.0351465
18552,20,Walking,533842265000,2.56,8.01,-0.88532263
18553,20,Walking,533892223000,0.34,9.38,1.2666923
18554,20,Walking,533942302000,2.15,9.62,0.8036005
18555,20,Walking,533992259000,7.67,10.31,-0.5720546
18556,20,Walking,534042338000,8.54,11.54,-1.4982381999999999
18557,20,Walking,534092235000,6.21,13.38,4.8216033
18558,20,Walking,534142345000,6.47,9.66,2.4925237
18559,20,Walking,534192210000,-2.45,18.16,-6.3198414000000005
18560,20,Walking,534242259000,0.93,16.04,2.6014863999999998
18561,20,Walking,534292216000,4.67,11.5,-1.607201
18562,20,Walking,534342265000,-0.15,5.83,-2.1383946
18563,20,Walking,534392223000,-3.17,4.94,-0.61291564
18564,20,Walking,534442302000,-3.36,3.68,-1.1168685
18565,20,Walking,534492229000,0.8,3.6,2.7240696
18566,20,Walking,534542308000,11.96,9.43,8.349273
18567,20,Walking,534592204000,14.52,15.21,8.240311
18568,20,Walking,534642314000,1.54,4.82,-1.3756552
18569,20,Walking,534692210000,0.69,16.09,4.099725
18570,20,Walking,534742290000,-4.94,8.08,-4.5219555
18571,20,Walking,534792247000,-1.69,10.76,-4.7943625
18572,20,Walking,534842296000,3.49,13.21,-2.4516625
18573,20,Walking,534892253000,6.85,8.16,-0.19068487
18574,20,Walking,534942271000,4.37,6.89,-0.8036005
18575,20,Walking,534992259000,1.33,8.92,-0.95342433
18576,20,Walking,535042308000,1.65,9.23,2.7649305
18577,20,Walking,535092235000,3.64,9.7,-0.42223078
18578,20,Walking,535142314000,8.05,11.14,-2.1111538
18579,20,Walking,535192210000,8.2,12.95,0.84446156
18580,20,Walking,535244578000,8.01,11.07,5.407278
18581,20,Walking,535302409000,0.5,14.82,-1.3075534
18582,20,Walking,535302409000,0.5,14.82,-1.3075534
18583,20,Walking,535372996000,-0.11,16.7,1.56634
18584,20,Walking,535423473000,4.02,10.15,-2.0294318
18585,20,Walking,535473735000,-1.14,5.67,-1.8796080000000002
18586,20,Walking,535532329000,-2.56,4.4,-1.9204689999999998
18587,20,Walking,535602428000,-1.73,2.72,0.92618364
18588,20,Walking,535652232000,9.38,7.63,7.6682559999999995
18589,20,Walking,535702464000,16.02,17.92,10.378705
18590,20,Walking,535762279000,2.6,4.86,-1.1441092
18591,20,Walking,535812236000,0.34,12.98,0.88532263
18592,20,Walking,535862285000,-6.05,11.26,-3.7864565999999997
18593,20,Walking,535912242000,-1.99,11.03,-3.4050870000000004
18594,20,Walking,535962260000,4.63,13.1,-1.7297841
18595,20,Walking,536012279000,7.44,6.93,-1.4573771999999998
18596,20,Walking,536062236000,4.29,7.44,-0.84446156
18597,20,Walking,536112285000,1.38,8.85,-1.1849703
18598,20,Walking,536162486000,1.99,9.43,3.8273177000000005
18599,20,Walking,536212199000,6.32,9.28,-0.9942854
18600,20,Walking,536262279000,7.78,11.54,-2.982856
18601,20,Walking,536312236000,6.36,13.95,1.9204689999999998
18602,20,Walking,536362285000,8.54,10.69,4.290409599999999
18603,20,Walking,536412242000,0.34,14.63,-2.1111538
18604,20,Walking,536462260000,-1.5,16.4,-1.4982381999999999
18605,20,Walking,536512248000,2.72,14.98,1.334794
18606,20,Walking,536562266000,2.26,7.86,-2.6423476000000004
18607,20,Walking,536612254000,-2.34,4.82,-0.88532263
18608,20,Walking,536662273000,-2.64,3.17,-2.3018389
18609,20,Walking,536712199000,-0.76,2.87,0.88532263
18610,20,Walking,536762279000,9.23,6.85,7.4639505999999995
18611,20,Walking,536812236000,16.17,17.54,10.61025
18612,20,Walking,536862559000,1.46,8.05,2.7240696
18613,20,Walking,536912212000,0.69,10.57,-1.2666923
18614,20,Walking,536962260000,-3.83,8.28,-3.0645783
18615,20,Walking,537012218000,-1.53,12.22,-2.7513103
18616,20,Walking,537062266000,4.44,14.33,-2.2201166000000003
18617,20,Walking,537112254000,6.47,7.59,-1.0760075
18618,20,Walking,537162242000,3.06,7.5,-0.6946376999999999
18619,20,Walking,537212260000,0.65,8.39,-0.88532263
18620,20,Walking,537262248000,0.72,9.15,2.1792557
18621,20,Walking,537312236000,3.68,10.69,-1.3756552
18622,20,Walking,537362285000,8.69,10.19,-0.27240697
18623,20,Walking,537412242000,7.4,12.6,0.53119355
18624,20,Walking,537462260000,8.16,11.56,6.3198414000000005
18625,20,Walking,537512248000,3.91,12.57,-1.0351465
18626,20,Walking,537562266000,-2.22,18.16,-3.9090397000000006
18627,20,Walking,537612254000,3.21,15.66,1.9204689999999998
18628,20,Walking,537662212000,3.72,9.47,-2.070293
18629,20,Walking,537712260000,-1.27,5.24,-1.9204689999999998
18630,20,Walking,537762248000,-3.57,4.33,-1.8796080000000002
18631,20,Walking,537812297000,-3.11,3.11,-0.38136974
18632,20,Walking,537862254000,4.99,3.68,3.6366330000000002
18633,20,Walking,537912303000,14.67,13.76,11.114203
18634,20,Walking,537962199000,9.19,10.04,5.938472
