,user,label,timestamp,x,y,z
27480,20,Walking,1110382304000,-8.5,10.84,-4.2086873
27481,20,Walking,1110432262000,-4.14,13.44,4.099725
27482,20,Walking,1110482280000,-0.42,8.81,-0.14982383
27483,20,Walking,1110532268000,-3.6,3.83,-0.5720546
27484,20,Walking,1110582317000,-5.94,1.95,-1.1849703
27485,20,Walking,1110632274000,-1.92,0.84,0.95342433
27486,20,Walking,1110682292000,6.82,8.54,5.8976107
27487,20,Walking,1110732280000,6.4,19.53,12.176591
27488,20,Walking,1110782298000,0.72,4.14,2.4516625
27489,20,Walking,1110832286000,-5.37,15.43,-3.8681788
27490,20,Walking,1110882304000,-9.62,3.06,0.23154591
27491,20,Walking,1110932262000,-7.86,9.23,-1.3075534
27492,20,Walking,1110982280000,-4.71,12.03,0.08172209
27493,20,Walking,1111032268000,2.26,9.7,-1.607201
27494,20,Walking,1111082286000,1.76,8.12,0.53119355
27495,20,Walking,1111132304000,-1.76,9.08,-0.6537767
27496,20,Walking,1111182292000,-2.72,8.58,2.7649305
27497,20,Walking,1111232280000,-2.64,10.0,-0.6946376999999999
27498,20,Walking,1111282268000,1.84,13.06,-0.84446156
27499,20,Walking,1111332286000,0.19,15.64,1.9477096999999999
27500,20,Walking,1111382274000,0.53,12.95,6.238119
27501,20,Walking,1111432292000,-3.34,12.53,3.173541
27502,20,Walking,1111482280000,-9.11,13.8,-5.5571017
27503,20,Walking,1111532298000,-5.86,14.9,6.4424243
27504,20,Walking,1111582286000,-0.46,8.73,-1.8387468999999996
27505,20,Walking,1111632304000,-3.36,5.67,0.42223078
27506,20,Walking,1111682292000,-5.9,2.34,-2.0294318
27507,20,Walking,1111732280000,-3.26,0.34,-0.50395286
27508,20,Walking,1111782268000,2.49,3.3,3.7864565999999997
27509,20,Walking,1111832286000,11.3,17.77,11.563675
27510,20,Walking,1111882274000,3.6,9.62,6.0474343
27511,20,Walking,1111932292000,-6.24,9.81,-3.6366330000000002
27512,20,Walking,1111982280000,-8.08,8.5,3.6774937999999993
27513,20,Walking,1112032298000,-6.85,6.78,-3.6774937999999993
27514,20,Walking,1112082286000,-4.67,11.54,-1.525479
27515,20,Walking,1112132274000,1.38,11.45,-0.42223078
27516,20,Walking,1112182292000,1.31,7.7,-0.29964766
27517,20,Walking,1112232310000,-0.61,8.66,-0.7627395
27518,20,Walking,1112282268000,-3.11,8.28,1.3075534
27519,20,Walking,1112332317000,-3.17,9.53,0.46309182
27520,20,Walking,1112382274000,1.57,13.1,-0.6537767
27521,20,Walking,1112432262000,1.99,14.98,0.08172209
27522,20,Walking,1112482280000,0.04,14.37,4.372132
27523,20,Walking,1112532298000,-1.33,11.92,5.175732
27524,20,Walking,1112692119000,0.04,8.54,-2.7513103
27525,20,Walking,1112692119000,0.04,8.54,-2.7513103
27526,20,Walking,1112692119000,0.04,8.54,-2.7513103
27527,20,Walking,1112742198000,-3.64,5.22,0.14982383
27528,20,Walking,1112792308000,-5.94,2.18,-1.4165162
27529,20,Walking,1112842235000,-3.02,0.65,0.50395286
27530,20,Walking,1112892375000,3.72,5.05,4.7126402999999994
27531,20,Walking,1112952281000,9.62,19.57,10.882658000000001
27532,20,Walking,1113002238000,2.56,2.45,4.1814466
27533,20,Walking,1113052287000,-5.79,11.75,-5.597963
27534,20,Walking,1113102275000,-7.5,9.3,4.1814466
27535,20,Walking,1113152293000,-6.63,6.78,-3.6774937999999993
27536,20,Walking,1113202220000,-4.4,11.22,-2.4108016
27537,20,Walking,1113252299000,0.57,12.6,-0.14982383
27538,20,Walking,1113302257000,1.76,8.08,-0.7627395
27539,20,Walking,1113352275000,0.15,8.58,-0.9125633
27540,20,Walking,1113402751000,-2.6,8.73,0.313268
27541,20,Walking,1113452251000,-3.76,9.51,1.8796080000000002
27542,20,Walking,1113502299000,1.46,12.45,-1.1849703
27543,20,Walking,1113552257000,2.76,14.41,-0.3405087
27544,20,Walking,1113602244000,-0.99,15.13,5.0531489999999994
27545,20,Walking,1113652293000,1.18,10.46,5.47538
27546,20,Walking,1113702281000,-7.65,14.44,-6.1291566
27547,20,Walking,1113752299000,-6.17,13.63,4.0588636
27548,20,Walking,1113802257000,-2.75,11.92,1.1849703
27549,20,Walking,1113852306000,-0.99,6.82,-1.2258313
27550,20,Walking,1113902232000,-3.98,4.14,-0.9125633
27551,20,Walking,1113952251000,-4.21,0.95,-1.1168685
27552,20,Walking,1114002269000,-0.8,1.5,1.1168685
27553,20,Walking,1114052226000,7.67,11.65,8.771504
27554,20,Walking,1114102275000,5.98,18.24,8.771504
27555,20,Walking,1114152232000,-0.27,1.23,1.8796080000000002
27556,20,Walking,1114202281000,-4.56,15.98,-0.0
27557,20,Walking,1114252208000,-7.97,4.18,-1.6889231
27558,20,Walking,1114302318000,-5.71,8.58,-3.214402
27559,20,Walking,1114352244000,-3.64,12.11,-0.5720546
27560,20,Walking,1114402263000,2.87,9.43,-0.42223078
27561,20,Walking,1114452220000,0.95,8.28,-0.38136974
27562,20,Walking,1114502269000,-1.46,9.66,0.5720546
27563,20,Walking,1114552226000,-3.34,8.28,-0.38136974
27564,20,Walking,1114602275000,-3.79,9.81,1.7297841
27565,20,Walking,1114652293000,3.91,13.99,-1.0351465
27566,20,Walking,1114702251000,1.14,16.17,1.56634
27567,20,Walking,1114752330000,1.61,12.22,6.5922484
27568,20,Walking,1114802257000,-6.66,14.48,-1.0351465
27569,20,Walking,1114852275000,-8.66,13.57,-1.4573771999999998
27570,20,Walking,1114902232000,-3.36,14.14,3.2552630000000002
27571,20,Walking,1114952281000,0.15,7.55,-1.7297841
27572,20,Walking,1115002238000,-3.68,3.99,-0.6537767
27573,20,Walking,1115052318000,-5.33,2.49,-1.9204689999999998
27574,20,Walking,1115102244000,-2.53,0.84,0.3405087
27575,20,Walking,1115152293000,5.09,6.66,5.2165932999999995
27576,20,Walking,1115202220000,8.39,19.19,14.056199
27577,20,Walking,1115252238000,1.57,4.71,3.173541
27578,20,Walking,1115302257000,-3.76,10.27,-4.5900574
27579,20,Walking,1115352306000,-9.47,10.92,2.5606253
27580,20,Walking,1115402263000,-5.71,7.01,-3.2552630000000002
27581,20,Walking,1115452281000,-3.76,10.76,-0.95342433
27582,20,Walking,1115502208000,1.23,10.08,-2.2609777
27583,20,Walking,1115552318000,1.76,8.05,0.6946376999999999
27584,20,Walking,1115602244000,-1.23,10.0,0.38136974
27585,20,Walking,1115652293000,-2.34,8.39,0.42223078
27586,20,Walking,1115702220000,-3.02,9.43,0.9942854
27587,20,Walking,1115752269000,2.64,14.29,-1.3756552
27588,20,Walking,1115802226000,2.68,16.36,0.46309182
27589,20,Walking,1115852275000,0.31,12.37,6.891896000000001
27590,20,Walking,1115902202000,-5.52,13.99,0.42223078
27591,20,Walking,1115952281000,-8.16,13.06,-2.7921712000000003
27592,20,Walking,1116002269000,-4.1,14.1,3.4868089999999996
27593,20,Walking,1116052257000,-0.3,8.5,-1.7570249
27594,20,Walking,1116102244000,-4.1,4.14,-0.6946376999999999
27595,20,Walking,1116152232000,-4.9,2.6,-1.9204689999999998
27596,20,Walking,1116202281000,-2.07,0.65,0.27240697
27597,20,Walking,1116252208000,5.86,6.44,5.2165932999999995
27598,20,Walking,1116302318000,7.5,19.38,14.369467000000002
27599,20,Walking,1116352244000,0.57,4.6,3.3778462
27600,20,Walking,1116402293000,-4.44,14.44,-5.666064700000001
27601,20,Walking,1116452251000,-8.2,6.02,-0.42223078
27602,20,Walking,1116502696000,-6.09,8.66,-2.4108016
27603,20,Walking,1116552257000,-3.72,9.89,0.5720546
27604,20,Walking,1116602306000,2.07,10.04,-2.3699405
27605,20,Walking,1116652232000,3.15,9.3,-0.14982383
27606,20,Walking,1116702281000,-1.99,9.38,1.2258313
27607,20,Walking,1116752269000,-3.45,8.01,0.38136974
27608,20,Walking,1116802287000,-3.3,10.23,1.0760075
27609,20,Walking,1116852214000,4.75,14.06,-1.1849703
27610,20,Walking,1116902263000,0.76,16.17,1.607201
27611,20,Walking,1116952281000,2.15,11.35,6.782933
27612,20,Walking,1117002299000,-6.55,15.21,-3.9499009
27613,20,Walking,1117052257000,-7.25,14.25,2.1111538
27614,20,Walking,1117102306000,-2.91,13.48,1.3075534
27615,20,Walking,1117152202000,-0.76,6.85,-1.56634
27616,20,Walking,1117202312000,-4.63,3.64,-1.607201
27617,20,Walking,1117252208000,-6.21,2.22,-1.7570249
27618,20,Walking,1117302318000,-1.53,1.33,1.4573771999999998
27619,20,Walking,1117352214000,7.21,9.08,7.6954966
27620,20,Walking,1117402263000,6.21,18.96,12.176591
27621,20,Walking,1117452281000,-0.27,1.61,1.8796080000000002
27622,20,Walking,1117502269000,-5.6,15.21,-0.7627395
27623,20,Walking,1117552226000,-8.43,6.89,-1.8387468999999996
27624,20,Walking,1117602275000,-5.33,8.08,-3.5276701
27625,20,Walking,1117652263000,-1.33,14.25,-1.1441092
27626,20,Walking,1117712291000,4.29,8.96,-0.42223078
27627,20,Walking,1117762279000,-1.18,8.73,-1.56634
27628,20,Walking,1117812297000,-2.79,8.31,2.1792557
27629,20,Walking,1117862254000,-2.64,9.3,0.5720546
27630,20,Walking,1117912242000,-0.04,10.57,-0.14982383
27631,20,Walking,1117962260000,3.99,13.91,-1.6480621
27632,20,Walking,1118012279000,-0.27,14.94,3.1054392
27633,20,Walking,1118062205000,2.87,12.76,5.5571017
27634,20,Walking,1118112468000,-3.64,12.41,-0.42223078
27635,20,Walking,1118162212000,-8.81,15.02,-2.1792557
27636,20,Walking,1118212260000,-3.68,14.41,3.4050870000000004
27637,20,Walking,1118262218000,-0.72,8.5,-2.070293
27638,20,Walking,1118312297000,-3.41,5.33,-1.0760075
27639,20,Walking,1118362254000,-5.86,2.49,-2.2609777
27640,20,Walking,1118412273000,-2.22,0.76,-0.0
27641,20,Walking,1118462199000,4.75,5.24,5.7477865
27642,20,Walking,1118512309000,6.85,19.27,14.09706
27643,20,Walking,1118562266000,2.3,4.37,5.366417
27645,20,Walking,1118612285000,-2.18,12.68,-2.3699405
27644,20,Walking,1118612285000,-2.18,12.68,-2.3699405
27646,20,Walking,1118712230000,-6.24,7.27,-3.214402
27647,20,Walking,1118762279000,-2.03,12.03,-0.6537767
27648,20,Walking,1118812266000,3.83,12.15,-1.3075534
27649,20,Walking,1118862254000,1.12,7.25,-0.6537767
27650,20,Walking,1118912273000,-2.56,8.66,-0.14982383
27651,20,Walking,1118962199000,-2.68,8.92,3.4459480000000005
27652,20,Walking,1119012279000,-1.57,9.58,-2.4925237
27653,20,Walking,1119062205000,1.31,12.3,0.6946376999999999
27654,20,Walking,1119112285000,2.07,13.8,0.19068487
27655,20,Walking,1119162242000,2.49,15.55,4.862464
27656,20,Walking,1119212260000,-0.23,11.6,4.903325
27657,20,Walking,1119262218000,-8.2,14.79,-6.5105260000000005
27658,20,Walking,1119312358000,-5.79,14.18,4.440233
27659,20,Walking,1119362224000,-0.53,11.8,-1.1168685
27660,20,Walking,1119412273000,-2.37,6.28,-0.84446156
27661,20,Walking,1119462230000,-4.06,2.79,-2.070293
27662,20,Walking,1119512279000,-4.37,0.0,-1.3756552
27663,20,Walking,1119562266000,1.04,3.06,3.8681788
27664,20,Walking,1119612224000,8.05,16.7,12.680544
27665,20,Walking,1119662273000,2.41,11.5,8.349273
27666,20,Walking,1119712230000,-1.38,5.48,-3.3642258999999997
27667,20,Walking,1119762309000,-7.25,15.85,4.099725
27668,20,Walking,1119812236000,-7.55,5.79,-3.5685309999999997
27669,20,Walking,1119862254000,-2.41,9.66,-3.7592160000000003
27670,20,Walking,1119912242000,0.84,14.56,1.0760075
27671,20,Walking,1119962291000,0.69,7.27,-1.8387468999999996
27672,20,Walking,1120012279000,-2.07,8.2,-1.1168685
27673,20,Walking,1120062236000,-1.76,8.58,2.8738932999999998
27674,20,Walking,1120112285000,-0.91,9.89,-0.0
27675,20,Walking,1120162242000,0.08,10.92,-0.040861044
27676,20,Walking,1120212260000,3.68,13.82,-0.7218784
27677,20,Walking,1120262218000,-0.15,15.47,5.012288
27678,20,Walking,1120312297000,4.67,11.84,4.2086873
27679,20,Walking,1120362254000,-8.58,15.66,-4.7535014
