,user,label,timestamp,x,y,z
28680,20,Walking,1170422252000,-3.26,0.93,-1.1849703
28681,20,Walking,1170472240000,2.15,4.37,6.0474343
28682,20,Walking,1170522258000,8.43,19.5,15.091345
28683,20,Walking,1170572246000,0.31,3.6,5.938472
28684,20,Walking,1170622233000,-3.21,11.73,-1.6480621
28685,20,Walking,1170672252000,-8.31,7.25,0.040861044
28687,20,Walking,1170722240000,-6.05,7.44,-4.140586
28686,20,Walking,1170722240000,-6.05,7.44,-4.140586
28688,20,Walking,1170782359000,-3.6,12.72,-2.2609777
28689,20,Walking,1170832286000,0.31,10.88,1.1168685
28690,20,Walking,1170882335000,1.04,7.5,-0.29964766
28691,20,Walking,1170942271000,-0.8,9.08,-1.4165162
28692,20,Walking,1170992198000,-3.15,8.28,2.1792557
28693,20,Walking,1171042338000,-3.53,10.08,1.8796080000000002
28694,20,Walking,1171092235000,3.3,14.75,-0.9125633
28695,20,Walking,1171142284000,2.53,16.44,1.1168685
28696,20,Walking,1171192241000,0.89,12.49,6.5922484
28697,20,Walking,1171242259000,-5.79,14.71,-0.5720546
28698,20,Walking,1171292216000,-9.7,12.76,-3.5957718
28699,20,Walking,1171342326000,-4.48,14.48,3.7592160000000003
28700,20,Walking,1171392253000,-0.99,8.54,-1.9204689999999998
28701,20,Walking,1171442271000,-4.18,2.68,-1.1849703
28702,20,Walking,1171492229000,-4.63,1.54,-2.7240696
28703,20,Walking,1171542277000,-2.3,0.5,-0.23154591
28704,20,Walking,1171592235000,4.56,7.21,8.117727
28705,20,Walking,1171642314000,5.22,19.42,14.246882999999999
28706,20,Walking,1171692241000,-1.8,3.49,5.284695
28707,20,Walking,1171742259000,-2.91,12.41,-1.0760075
28708,20,Walking,1171792155000,-9.3,6.78,-1.2666923
28709,20,Walking,1171842265000,-5.01,7.86,-4.3312707
28710,20,Walking,1171892314000,-3.34,13.38,-1.2258313
28711,20,Walking,1171942241000,-0.27,9.92,0.3405087
28712,20,Walking,1171992259000,1.18,8.08,-1.1168685
28713,20,Walking,1172042216000,-0.34,9.11,-1.0760075
28714,20,Walking,1172092296000,-2.6,9.08,3.5685309999999997
28715,20,Walking,1172142223000,-2.98,9.47,-0.10896278
28716,20,Walking,1172192271000,2.07,13.33,-0.14982383
28717,20,Walking,1172242198000,1.12,15.05,0.61291564
28718,20,Walking,1172292308000,0.93,13.87,7.246025
28719,20,Walking,1172342204000,-1.76,13.53,1.5390993
28720,20,Walking,1172392314000,-8.88,14.56,-5.407278
28721,20,Walking,1172442241000,-7.4,15.24,5.666064700000001
28722,20,Walking,1172492259000,-0.76,8.28,-3.6774937999999993
28723,20,Walking,1172542247000,-2.49,4.25,-0.46309182
28724,20,Walking,1172592296000,-3.79,2.53,-2.6832085
28725,20,Walking,1172642223000,-3.41,1.61,-0.23154591
28726,20,Walking,1172692302000,0.15,4.4,5.666064700000001
28727,20,Walking,1172742229000,7.08,16.89,14.410328
28728,20,Walking,1172792308000,3.21,8.89,7.2732660000000005
28729,20,Walking,1172842235000,-4.52,9.04,-5.366417
28730,20,Walking,1172892314000,-9.23,8.85,4.944186
28731,20,Walking,1172942241000,-7.25,6.28,-4.5900574
28732,20,Walking,1172992290000,-3.76,11.69,-3.5957718
28733,20,Walking,1173042216000,0.69,13.48,0.10896278
28734,20,Walking,1173092296000,1.46,7.4,-0.08172209
28735,20,Walking,1173142284000,-1.27,8.77,-0.6537767
28736,20,Walking,1173192210000,-3.49,7.97,-0.38136974
28737,20,Walking,1173242290000,-3.72,9.62,4.099725
28738,20,Walking,1173292216000,2.34,14.18,-0.23154591
28739,20,Walking,1173342296000,2.96,15.66,-0.42223078
28740,20,Walking,1173392223000,1.33,14.06,7.3549875999999985
28741,20,Walking,1173442302000,-3.34,12.76,1.6889231
28742,20,Walking,1173492198000,-9.58,14.14,-5.8976107
28743,20,Walking,1173542308000,-5.33,15.43,3.1463002999999996
28744,20,Walking,1173592204000,-0.53,10.5,-1.2666923
28745,20,Walking,1173642314000,-2.79,3.34,-1.334794
28746,20,Walking,1173692210000,-4.94,1.69,-2.2201166000000003
28747,20,Walking,1173742290000,-4.4,1.23,-0.7627395
28748,20,Walking,1173792247000,1.38,4.44,5.1348709999999995
28749,20,Walking,1173842296000,8.54,17.47,14.709975
28750,20,Walking,1173892253000,-1.53,10.84,8.962189
28751,20,Walking,1173942302000,1.12,11.26,-1.6480621
28752,20,Walking,1173992198000,-8.69,4.9,-0.23154591
28753,20,Walking,1174042308000,-6.93,7.59,-3.5957718
28754,20,Walking,1174092235000,-5.09,11.11,-1.4165162
28755,20,Walking,1174142314000,-1.99,12.18,0.38136974
28756,20,Walking,1174192241000,1.95,9.77,-2.4516625
28757,20,Walking,1174242259000,0.5,8.73,-1.4573771999999998
28758,20,Walking,1174292216000,-2.41,8.73,1.3756552
28759,20,Walking,1174342296000,-3.53,8.89,2.6014863999999998
28760,20,Walking,1174392223000,-0.76,11.56,0.7218784
28761,20,Walking,1174442271000,4.18,15.21,-1.4165162
28762,20,Walking,1174492198000,-1.73,14.29,3.8681788
28763,20,Walking,1174542308000,1.95,11.26,6.170017700000001
28764,20,Walking,1174592204000,-7.21,16.32,-6.2108784
28765,20,Walking,1174642314000,-8.27,13.21,1.4573771999999998
28766,20,Walking,1174692210000,-3.06,13.82,2.1792557
28767,20,Walking,1174742290000,-0.76,7.21,-2.3018389
28768,20,Walking,1174792247000,-5.01,3.57,-0.88532263
28769,20,Walking,1174842296000,-5.48,1.65,-1.9477096999999999
28770,20,Walking,1174892253000,-1.84,1.18,1.2666923
28771,20,Walking,1174942302000,5.13,7.27,7.3549875999999985
28772,20,Walking,1174992198000,6.4,19.53,12.53072
28773,20,Walking,1175042338000,3.53,3.11,5.0531489999999994
28774,20,Walking,1175092235000,-5.82,9.92,-1.9477096999999999
28775,20,Walking,1175142314000,-9.72,10.15,1.6480621
28776,20,Walking,1175192241000,-6.21,6.21,-3.7183550000000003
28777,20,Walking,1175242992000,-4.21,12.03,-2.7921712000000003
28778,20,Walking,1175292216000,0.69,14.21,-0.29964766
28779,20,Walking,1175342265000,1.31,7.12,1.0351465
28780,20,Walking,1175392253000,-1.27,8.08,-0.50395286
28781,20,Walking,1175442302000,-2.68,8.2,-0.23154591
28782,20,Walking,1175492320000,-3.02,9.85,2.4516625
28783,20,Walking,1175542216000,-1.31,11.96,0.7218784
28784,20,Walking,1175592296000,3.79,14.63,-1.4982381999999999
28785,20,Walking,1175642253000,-0.27,14.67,4.3312707
28786,20,Walking,1175692271000,2.45,11.03,5.829509
28787,20,Walking,1175742229000,-7.55,16.02,-6.3198414000000005
28788,20,Walking,1175792338000,-8.58,14.1,2.7649305
28789,20,Walking,1175842235000,-2.83,13.14,1.3075534
28790,20,Walking,1175892314000,-0.69,5.9,-1.8796080000000002
28791,20,Walking,1175942241000,-4.33,3.21,-1.2258313
28792,20,Walking,1175992259000,-4.59,1.65,-1.9477096999999999
28793,20,Walking,1176042247000,-0.95,1.76,1.56634
28794,20,Walking,1176092326000,5.22,10.08,9.915613
28795,20,Walking,1176142223000,2.68,18.7,13.252598999999998
28796,20,Walking,1176192302000,3.15,2.37,-0.50395286
28797,20,Walking,1176242290000,-7.21,14.33,4.140586
28798,20,Walking,1176292216000,-8.35,5.71,-3.4868089999999996
28799,20,Walking,1176342296000,-5.2,8.85,-5.243834
28800,20,Walking,1176392223000,-2.75,13.91,-0.95342433
28801,20,Walking,1176442271000,1.95,9.53,0.23154591
28802,20,Walking,1176492198000,0.27,7.74,0.14982383
28803,20,Walking,1176542308000,-2.56,8.92,-1.4165162
28804,20,Walking,1176592235000,-3.49,8.24,2.6832085
28805,20,Walking,1176642314000,-2.34,11.26,1.607201
28806,20,Walking,1176692241000,3.95,14.21,-0.88532263
28807,20,Walking,1176742320000,0.89,15.7,1.2666923
28808,20,Walking,1176792216000,2.72,12.15,7.3958488
28809,20,Walking,1176842326000,-5.98,15.43,-4.2495484
28810,20,Walking,1176892223000,-9.15,13.72,-1.0351465
28811,20,Walking,1176942363000,-3.49,14.25,2.6423476000000004
28812,20,Walking,1177002269000,-1.12,7.4,-2.6014863999999998
28813,20,Walking,1177052287000,-5.01,3.21,-1.334794
28814,20,Walking,1177102275000,-5.63,0.5,-1.6480621
28815,20,Walking,1177152263000,-2.11,1.38,1.4573771999999998
28816,20,Walking,1177202312000,4.79,10.88,9.507003
28817,20,Walking,1177252299000,5.86,18.31,11.141444
28818,20,Walking,1177302257000,1.65,1.76,2.1111538
28819,20,Walking,1177352306000,-6.7,16.13,3.4868089999999996
28820,20,Walking,1177402232000,-8.5,3.57,-2.8330324
28821,20,Walking,1177452312000,-6.24,8.35,-4.7126402999999994
28822,20,Walking,1177502208000,-3.76,14.37,-2.5606253
28823,20,Walking,1177552318000,2.68,10.46,1.5390993
28824,20,Walking,1177602214000,1.04,7.86,-0.23154591
28825,20,Walking,1177652263000,-1.76,9.47,0.14982383
28826,20,Walking,1177702251000,-2.6,8.77,0.92618364
28827,20,Walking,1177752299000,-3.98,9.19,1.3756552
28828,20,Walking,1177802257000,2.64,13.82,-0.46309182
28829,20,Walking,1177852336000,1.33,15.43,-0.46309182
28830,20,Walking,1177902324000,0.34,13.67,7.5456724
28831,20,Walking,1177952373000,-3.49,13.02,0.3405087
28832,20,Walking,1178002238000,-9.04,13.57,-4.1814466
28833,20,Walking,1178052287000,-5.18,14.41,3.0237172
28834,20,Walking,1178102306000,-0.61,9.51,-1.8387468999999996
28835,20,Walking,1178152232000,-2.53,4.44,-0.5720546
28836,20,Walking,1178202312000,-5.98,2.76,-1.7570249
28837,20,Walking,1178252238000,-3.57,1.12,0.19068487
28838,20,Walking,1178302318000,1.8,3.83,4.2495484
28839,20,Walking,1178352244000,8.89,17.39,13.674829500000001
28840,20,Walking,1178402263000,4.02,10.46,7.436710000000001
28841,20,Walking,1178452220000,-5.24,2.91,-6.5105260000000005
28842,20,Walking,1178502299000,-11.5,13.63,7.504811999999999
28843,20,Walking,1178552257000,-5.33,4.52,-4.5219555
28844,20,Walking,1178602336000,-3.36,13.29,-5.434519
28845,20,Walking,1178652232000,0.46,11.54,-0.3405087
28846,20,Walking,1178702281000,0.93,7.74,0.46309182
28847,20,Walking,1178752238000,-1.57,8.89,-0.6946376999999999
28848,20,Walking,1178802318000,-2.79,8.89,2.4516625
28849,20,Walking,1178852214000,-3.91,9.08,-0.19068487
28850,20,Walking,1178902263000,-0.42,11.99,1.6480621
28851,20,Walking,1178952251000,3.95,14.6,-1.2666923
28852,20,Walking,1179002269000,-0.72,14.37,3.4459480000000005
28853,20,Walking,1179052257000,0.69,11.84,5.1348709999999995
28854,20,Walking,1179102306000,-8.88,15.13,-6.973617999999999
28855,20,Walking,1179152232000,-8.31,13.72,2.6014863999999998
28856,20,Walking,1179202281000,-0.72,12.57,0.6946376999999999
28857,20,Walking,1179252208000,-2.03,5.56,-1.7978859
28858,20,Walking,1179302318000,-4.52,3.15,-1.56634
28859,20,Walking,1179352275000,-4.82,1.33,-1.334794
28860,20,Walking,1179402293000,-0.46,1.38,2.6014863999999998
28861,20,Walking,1179452281000,7.12,13.38,11.75436
28862,20,Walking,1179502299000,2.56,16.04,10.18802
28863,20,Walking,1179552257000,-1.27,3.45,-1.4982381999999999
28864,20,Walking,1179602306000,-7.27,14.29,4.2086873
28865,20,Walking,1179652202000,-7.27,5.52,-3.7183550000000003
28866,20,Walking,1179702312000,-4.79,10.76,-5.284695
28867,20,Walking,1179752238000,-1.57,14.1,-0.61291564
28868,20,Walking,1179802287000,1.38,7.89,0.46309182
28869,20,Walking,1179852306000,-0.76,7.97,-1.0760075
28870,20,Walking,1179902293000,-3.02,8.85,-0.38136974
28871,20,Walking,1179952281000,-3.45,9.3,3.8273177000000005
28872,20,Walking,1180002269000,-0.84,10.95,-0.10896278
28873,20,Walking,1180052257000,4.82,14.29,-0.8036005
28874,20,Walking,1180102306000,-0.8,15.43,2.070293
28875,20,Walking,1180152232000,1.65,12.18,7.7363577
28876,20,Walking,1180202373000,-7.16,16.04,-6.469665
28877,20,Walking,1180252299000,-8.12,13.53,0.9942854
28878,20,Walking,1180302318000,-2.03,13.63,1.56634
28879,20,Walking,1180352214000,-0.91,7.08,-2.6014863999999998
