,user,label,timestamp,x,y,z
29083,20,Walking,1190502299000,-5.01,0.8,-3.1054392
29084,20,Walking,1190562297000,-0.99,1.12,2.5333846
29085,20,Walking,1190612590000,9.11,17.16,16.889229999999998
29086,20,Walking,1190662303000,0.38,8.54,7.9679036
29087,20,Walking,1190712260000,0.57,5.83,-5.7477865
29088,20,Walking,1190762340000,-13.06,11.84,7.3141264999999995
29089,20,Walking,1190812266000,-7.25,4.33,-5.0531489999999994
29090,20,Walking,1190862315000,-5.18,10.69,-5.8158884
29091,20,Walking,1190912273000,-1.38,14.6,0.50395286
29092,20,Walking,1190962321000,1.57,7.21,0.7627395
29093,20,Walking,1191012309000,-0.19,7.97,-0.95342433
29094,20,Walking,1191062297000,-2.56,9.04,0.3405087
29095,20,Walking,1191112285000,-1.84,9.3,3.990762
29096,20,Walking,1191162273000,-0.04,9.92,-0.08172209
29097,20,Walking,1191212291000,3.15,13.82,-2.8738932999999998
29098,20,Walking,1191262279000,-0.84,13.99,5.434519
29099,20,Walking,1191312297000,1.57,13.63,6.469665
29100,20,Walking,1191362285000,-8.24,17.01,-7.3549875999999985
29101,20,Walking,1191412273000,-10.8,16.02,5.47538
29102,20,Walking,1191462260000,-2.6,11.75,0.040861044
29103,20,Walking,1191512309000,-1.92,4.48,-2.1111538
29104,20,Walking,1191562266000,-4.9,2.37,-2.3018389
29105,20,Walking,1191612315000,-5.48,0.76,-2.7240696
29106,20,Walking,1191662273000,0.46,1.42,3.7183550000000003
29107,20,Walking,1191712291000,7.12,15.51,16.126492000000002
29108,20,Walking,1191762279000,-0.08,11.5,8.962189
29109,20,Walking,1191812266000,-2.68,6.02,-2.9556155
29110,20,Walking,1191862285000,-9.66,10.57,-2.1792557
29111,20,Walking,1191912273000,-6.74,7.97,-4.0588636
29112,20,Walking,1191962321000,-3.68,13.29,-2.982856
29113,20,Walking,1192012279000,-0.69,10.42,1.8387468999999996
29114,20,Walking,1192062266000,1.08,7.55,-2.1383946
29115,20,Walking,1192112285000,-0.89,8.43,-1.9885708
29116,20,Walking,1192162303000,-3.15,10.0,4.9850473
29117,20,Walking,1192212260000,-2.56,9.0,-0.7218784
29118,20,Walking,1192262309000,2.22,12.98,0.10896278
29119,20,Walking,1192312266000,1.73,14.25,-0.9125633
29120,20,Walking,1192362315000,-0.95,14.14,5.829509
29121,20,Walking,1192412242000,-0.95,13.02,4.099725
29122,20,Walking,1192462291000,-10.0,15.85,-6.823794400000001
29123,20,Walking,1192512279000,-8.35,15.32,4.4810944
29124,20,Walking,1192562266000,-0.38,9.92,-1.4982381999999999
29125,20,Walking,1192612254000,-2.37,3.34,-1.4982381999999999
29126,20,Walking,1192662303000,-5.28,2.49,-2.7921712000000003
29127,20,Walking,1192712260000,-2.75,1.46,-1.8387468999999996
29128,20,Walking,1192762309000,0.93,2.45,4.140586
29129,20,Walking,1192812266000,4.86,17.62,17.2025
29130,20,Walking,1192862346000,-0.08,10.08,8.853226
29131,20,Walking,1192912273000,-0.19,9.89,-5.7886477
29132,20,Walking,1192962291000,-10.04,8.69,2.9556155
29133,20,Walking,1193012279000,-6.85,6.66,-4.3312707
29134,20,Walking,1193062297000,-3.98,12.64,-3.4459480000000005
29135,20,Walking,1193112285000,0.23,11.99,0.6946376999999999
29136,20,Walking,1193162273000,0.57,6.85,-1.1849703
29137,20,Walking,1193212291000,-2.22,8.62,-1.7297841
29138,20,Walking,1193262279000,-3.15,9.34,3.173541
29139,20,Walking,1193312297000,-2.22,9.62,1.7297841
29140,20,Walking,1193362285000,3.83,14.33,-0.61291564
29141,20,Walking,1193412273000,0.93,14.14,-0.46309182
29142,20,Walking,1193462291000,-0.15,13.72,8.499097
29143,20,Walking,1193512279000,-1.99,14.25,-0.14982383
29144,20,Walking,1193562297000,-10.42,14.71,-3.6774937999999993
29145,20,Walking,1193612285000,-6.63,15.02,3.5957718
29146,20,Walking,1193662273000,-0.95,9.53,-1.8387468999999996
29147,20,Walking,1193712291000,-3.49,3.95,-1.2258313
29148,20,Walking,1193762279000,-5.79,1.69,-2.0294318
29149,20,Walking,1193812266000,-3.91,0.65,-0.95342433
29150,20,Walking,1193862285000,1.23,3.64,4.7126402999999994
29151,20,Walking,1193912273000,10.0,18.54,15.854085000000001
29152,20,Walking,1193962321000,1.5,6.17,7.3141264999999995
29153,20,Walking,1194012279000,-5.67,6.05,-7.7363577
29154,20,Walking,1194062297000,-9.19,12.49,6.851035
29155,20,Walking,1194112285000,-5.75,5.09,-4.4810944
29156,20,Walking,1194172313000,-3.53,13.02,-4.0588636
29157,20,Walking,1194222240000,0.76,11.22,0.38136974
29158,20,Walking,1194272349000,1.14,7.5,-0.3405087
29159,20,Walking,1194332317000,-2.56,9.43,-1.1849703
29160,20,Walking,1194382274000,-3.49,8.24,1.7570249
29161,20,Walking,1194432292000,-3.76,10.46,3.4868089999999996
29162,20,Walking,1194482219000,4.56,14.1,-1.2258313
29163,20,Walking,1194532268000,1.76,15.51,0.53119355
29164,20,Walking,1194582225000,0.42,11.56,7.3958488
29165,20,Walking,1194632304000,-7.46,16.17,-4.630918
29166,20,Walking,1194682201000,-10.19,13.4,0.8036005
29167,20,Walking,1194732310000,-2.87,12.87,2.6014863999999998
29168,20,Walking,1194782207000,-0.69,7.74,-2.070293
29169,20,Walking,1194832317000,-4.48,2.98,-0.88532263
29170,20,Walking,1194882243000,-4.82,1.12,-2.4516625
29171,20,Walking,1194932292000,-0.89,2.56,0.88532263
29172,20,Walking,1194982249000,7.86,12.15,7.4639505999999995
29173,20,Walking,1195032268000,-1.42,15.43,15.636159
29174,20,Walking,1195082255000,-1.73,2.03,-0.5720546
29175,20,Walking,1195132274000,-4.33,4.37,-4.140586
29176,20,Walking,1195192332000,-6.7,4.37,-4.140586
29177,20,Walking,1195242961000,-4.59,11.11,-4.671779
29178,20,Walking,1195292369000,-2.53,13.02,0.42223078
29179,20,Walking,1195342204000,0.72,8.31,-0.38136974
29180,20,Walking,1195392223000,0.42,8.31,-0.9942854
29181,20,Walking,1195442271000,-2.14,9.04,-0.0
29182,20,Walking,1195492259000,-3.49,8.89,2.1111538
29183,20,Walking,1195542277000,-1.46,10.69,1.4982381999999999
29184,20,Walking,1195592265000,3.76,14.02,-1.2258313
29185,20,Walking,1195642284000,-0.11,15.24,2.6832085
29186,20,Walking,1195692241000,1.88,13.1,6.5513873
29187,20,Walking,1195742320000,-7.46,15.98,-6.3607025
29188,20,Walking,1195792247000,-9.7,13.29,1.6480621
29189,20,Walking,1195842296000,-3.45,12.95,1.7297841
29190,20,Walking,1195892253000,-0.42,6.93,-2.7240696
29191,20,Walking,1195942302000,-4.63,2.76,-1.4573771999999998
29192,20,Walking,1196003368000,-5.56,1.33,-2.1383946
29193,20,Walking,1196052257000,-0.61,1.69,2.6423476000000004
29194,20,Walking,1196102275000,7.55,14.75,13.797412
29195,20,Walking,1196152202000,3.15,14.6,8.921327999999999
29196,20,Walking,1196202312000,-0.72,0.99,-3.7592160000000003
29197,20,Walking,1196252238000,-10.19,16.17,8.349273
29198,20,Walking,1196302287000,-6.17,3.21,-5.366417
29199,20,Walking,1196352214000,-4.59,10.84,-4.944186
29200,20,Walking,1196402263000,-2.68,12.76,-1.2258313
29201,20,Walking,1196452220000,1.5,8.58,0.5720546
29202,20,Walking,1196502238000,0.76,8.31,-0.23154591
29203,20,Walking,1196552226000,-2.34,9.19,0.42223078
29204,20,Walking,1196602275000,-3.49,8.31,1.6889231
29205,20,Walking,1196652202000,-2.79,10.88,0.88532263
29206,20,Walking,1196702281000,3.68,13.57,-0.29964766
29207,20,Walking,1196752208000,0.27,15.6,1.0351465
29208,20,Walking,1196802257000,1.42,12.3,6.66035
29209,20,Walking,1196852244000,-5.67,15.83,-3.6774937999999993
29210,20,Walking,1196902263000,-10.84,14.06,0.6537767
29211,20,Walking,1196952251000,-4.99,13.63,3.0237172
29212,20,Walking,1197002238000,0.15,7.21,-2.7921712000000003
29213,20,Walking,1197052287000,-4.37,2.96,-1.2258313
29214,20,Walking,1197102275000,-5.71,1.42,-2.2201166000000003
29215,20,Walking,1197152263000,-1.65,1.12,1.2666923
29216,20,Walking,1197202281000,7.16,9.15,8.921327999999999
29217,20,Walking,1197252208000,2.98,18.81,13.947235999999998
29218,20,Walking,1197302287000,1.54,1.12,1.2666923
29219,20,Walking,1197352244000,-9.38,11.03,2.7649305
29220,20,Walking,1197402263000,-8.43,11.07,-4.4810944
29221,20,Walking,1197452220000,-2.18,8.85,-5.325556
29222,20,Walking,1197502238000,-2.53,11.99,-1.6480621
29223,20,Walking,1197552226000,-0.27,8.62,0.6537767
29224,20,Walking,1197602244000,-0.8,7.35,-0.23154591
29225,20,Walking,1197652202000,-3.06,8.81,-0.10896278
29226,20,Walking,1197702281000,-2.56,9.15,2.152015
29227,20,Walking,1197752208000,-1.04,11.14,1.56634
29228,20,Walking,1197802257000,4.9,14.94,-1.1441092
29229,20,Walking,1197852244000,0.93,15.75,1.4573771999999998
29237,20,Walking,1197902263000,-0.19,11.88,7.082580999999999
29236,20,Walking,1197902263000,-0.19,11.88,7.082580999999999
29235,20,Walking,1197902263000,-0.19,11.88,7.082580999999999
29234,20,Walking,1197902263000,-0.19,11.88,7.082580999999999
29233,20,Walking,1197902263000,-0.19,11.88,7.082580999999999
29232,20,Walking,1197902263000,-0.19,11.88,7.082580999999999
29231,20,Walking,1197902263000,-0.19,11.88,7.082580999999999
29230,20,Walking,1197902263000,-0.19,11.88,7.082580999999999
29238,20,Walking,1198272349000,1.42,2.96,3.7592160000000003
29239,20,Walking,1198332286000,4.82,19.08,16.467001
29240,20,Walking,1198382243000,-0.15,2.68,4.2495484
29241,20,Walking,1198432262000,-3.76,12.83,-1.2666923
29242,20,Walking,1198482249000,-8.77,6.85,-1.8796080000000002
29243,20,Walking,1198532298000,-5.71,8.31,-3.7592160000000003
29244,20,Walking,1198582255000,-3.11,12.22,-2.6014863999999998
29245,20,Walking,1198632274000,-0.76,11.3,1.607201
29246,20,Walking,1198682231000,1.5,7.67,-0.88532263
29247,20,Walking,1198732280000,-0.38,8.96,-1.6480621
29248,20,Walking,1198782237000,-3.06,8.5,1.2258313
29249,20,Walking,1198832316000,-3.91,10.31,2.2201166000000003
29250,20,Walking,1198882243000,3.11,13.57,0.3405087
29251,20,Walking,1198932262000,2.49,14.82,-0.61291564
29252,20,Walking,1198982219000,0.04,13.14,7.082580999999999
29253,20,Walking,1199032512000,-4.82,14.82,-1.56634
29254,20,Walking,1199082286000,-9.96,14.75,-1.8796080000000002
29255,20,Walking,1199132304000,-5.86,14.29,3.3778462
29256,20,Walking,1199182201000,-0.34,8.08,-2.1792557
29257,20,Walking,1199232310000,-3.83,3.17,-1.9477096999999999
29258,20,Walking,1199282207000,-6.13,1.57,-3.0645783
29259,20,Walking,1199332286000,-3.21,0.76,-0.08172209
29260,20,Walking,1199382243000,5.22,7.01,7.7772183
29261,20,Walking,1199432292000,4.02,19.42,14.519291
29262,20,Walking,1199482249000,0.0,4.75,3.4459480000000005
29263,20,Walking,1199532298000,-5.48,12.3,-0.5720546
29264,20,Walking,1199582225000,-10.08,7.25,-2.9556155
29271,20,Walking,1199632335000,-4.63,8.81,-4.5900574
29268,20,Walking,1199632335000,-4.63,8.81,-4.5900574
29267,20,Walking,1199632335000,-4.63,8.81,-4.5900574
29266,20,Walking,1199632335000,-4.63,8.81,-4.5900574
29265,20,Walking,1199632335000,-4.63,8.81,-4.5900574
29270,20,Walking,1199632335000,-4.63,8.81,-4.5900574
29269,20,Walking,1199632335000,-4.63,8.81,-4.5900574
29273,20,Walking,1200002574000,2.26,14.48,-1.4165162
29272,20,Walking,1200002574000,2.26,14.48,-1.4165162
29274,20,Walking,1200062297000,0.57,14.21,5.284695
29275,20,Walking,1200112285000,0.11,11.65,4.7943625
29282,20,Walking,1200162303000,-7.78,15.79,-7.082580999999999
29278,20,Walking,1200162303000,-7.78,15.79,-7.082580999999999
29279,20,Walking,1200162303000,-7.78,15.79,-7.082580999999999
29280,20,Walking,1200162303000,-7.78,15.79,-7.082580999999999
29281,20,Walking,1200162303000,-7.78,15.79,-7.082580999999999
29276,20,Walking,1200162303000,-7.78,15.79,-7.082580999999999
29277,20,Walking,1200162303000,-7.78,15.79,-7.082580999999999
