,user,label,timestamp,x,y,z
32689,20,Walking,1370882243000,-6.59,6.66,-5.5162406
32690,20,Walking,1370932262000,-4.59,12.53,-2.982856
32691,20,Walking,1370982310000,-0.65,13.99,1.56634
32692,20,Walking,1371032237000,0.53,6.93,-0.9125633
32693,20,Walking,1371082286000,-1.27,8.28,0.313268
32694,20,Walking,1371132243000,-2.83,8.2,-1.4982381999999999
32695,20,Walking,1371182262000,-2.6,9.96,2.1792557
32696,20,Walking,1371232249000,1.31,13.29,3.4459480000000005
32697,20,Walking,1371282268000,1.8,14.41,-1.2258313
32698,20,Walking,1371332225000,0.46,13.53,5.5571017
32699,20,Walking,1371382274000,-0.57,13.29,4.140586
32700,20,Walking,1371432231000,-9.62,16.13,-8.349273
32701,20,Walking,1371482310000,-7.5,16.17,5.9793324
32702,20,Walking,1371532207000,-1.27,8.58,-2.4108016
32703,20,Walking,1371582286000,-2.98,3.49,-1.7978859
32704,20,Walking,1371632213000,-4.94,2.64,-3.173541
32705,20,Walking,1371682262000,-3.17,-0.23,-1.8387468999999996
32706,20,Walking,1371732249000,2.37,4.14,6.4424243
32707,20,Walking,1371782298000,4.33,18.62,16.43976
32708,20,Walking,1371832255000,0.69,5.09,6.5513873
32709,20,Walking,1371882243000,-4.59,12.34,0.6537767
32710,20,Walking,1371932262000,-8.54,5.18,-5.434519
32711,20,Walking,1371982310000,-6.36,7.82,-4.5900574
32712,20,Walking,1372032237000,-4.67,13.57,-2.070293
32713,20,Walking,1372082286000,2.18,12.18,1.1441092
32714,20,Walking,1372132274000,0.72,7.21,-0.53119355
32715,20,Walking,1372182292000,-2.37,7.97,0.23154591
32716,20,Walking,1372232249000,-3.98,9.81,0.8036005
32717,20,Walking,1372282268000,-1.61,10.12,3.990762
32718,20,Walking,1372332255000,3.79,13.1,-1.0760075
32719,20,Walking,1372382243000,0.23,14.75,-0.6946376999999999
32720,20,Walking,1372432292000,0.19,13.53,7.4639505999999995
32721,20,Walking,1372482249000,-5.33,14.98,-1.607201
32722,20,Walking,1372532329000,-9.62,13.99,-2.6423476000000004
32723,20,Walking,1372582225000,-5.01,15.43,3.4459480000000005
32724,20,Walking,1372632304000,-1.14,7.01,-2.7921712000000003
32725,20,Walking,1372682201000,-3.98,2.96,-0.88532263
32726,20,Walking,1372732310000,-4.67,3.11,-3.1463002999999996
32727,20,Walking,1372782207000,-3.26,-0.38,-0.6537767
32728,20,Walking,1372832347000,1.88,5.09,7.436710000000001
32729,20,Walking,1372882243000,5.94,19.04,14.859798999999999
32730,20,Walking,1372932292000,1.12,8.24,6.5513873
32731,20,Walking,1372982249000,-4.79,15.47,-0.95342433
32732,20,Walking,1373032268000,-8.77,1.33,-4.671779
32733,20,Walking,1373092265000,-7.74,9.11,-4.372132
32734,20,Walking,1373142223000,-3.45,12.91,1.607201
32735,20,Walking,1373192241000,3.15,10.84,-0.84446156
32736,20,Walking,1373242198000,1.23,7.55,-1.1441092
32737,20,Walking,1373292247000,-2.11,9.23,-1.1441092
32738,20,Walking,1373342204000,-3.34,8.62,1.8387468999999996
32739,20,Walking,1373392253000,-1.73,11.03,4.6036777
32740,20,Walking,1373442210000,4.56,15.02,-3.214402
32741,20,Walking,1373492229000,-0.11,14.9,3.173541
32743,20,Walking,1373542216000,0.38,12.76,7.6682559999999995
32742,20,Walking,1373542216000,0.38,12.76,7.6682559999999995
32744,20,Walking,1373642223000,-7.82,16.17,4.630918
32746,20,Walking,1373692271000,-1.69,12.37,-0.9942854
32745,20,Walking,1373692271000,-1.69,12.37,-0.9942854
32747,20,Walking,1373752727000,-3.26,1.92,-1.56634
32748,20,Walking,1373802257000,-4.21,1.92,-3.1463002999999996
32749,20,Walking,1373852702000,-3.91,-0.11,-1.6889231
32750,20,Walking,1373902263000,1.73,3.79,6.742072
32751,20,Walking,1373952678000,5.98,18.77,16.467001
32752,20,Walking,1374002269000,0.42,4.56,7.014479
32753,20,Walking,1374052592000,-2.11,12.45,-2.1792557
32754,20,Walking,1374102306000,-9.15,5.43,-0.46309182
32755,20,Walking,1374152568000,-7.35,7.4,-5.366417
32756,20,Walking,1374202281000,-5.28,11.99,-2.3426998
32757,20,Walking,1374252513000,-0.08,12.91,1.4573771999999998
32758,20,Walking,1374303050000,1.73,8.12,-1.607201
32759,20,Walking,1374352519000,-0.84,8.28,-0.38136974
32760,20,Walking,1374403026000,-2.79,9.81,-1.7978859
32762,20,Walking,1374512126000,2.96,14.25,-1.7978859
32761,20,Walking,1374512126000,2.96,14.25,-1.7978859
32763,20,Walking,1374562236000,0.89,14.18,0.95342433
32764,20,Walking,1374612315000,1.38,13.18,8.771504
32765,20,Walking,1374662303000,-4.18,15.4,-3.7183550000000003
32766,20,Walking,1374712260000,-10.69,16.93,-0.7627395
32767,20,Walking,1374772258000,-6.17,14.18,2.4108016
32768,20,Walking,1374822246000,-0.89,4.21,-3.0645783
32769,20,Walking,1374872295000,-3.91,1.76,-2.8330324
32770,20,Walking,1374922221000,-6.7,1.42,-2.982856
32771,20,Walking,1374972270000,-0.89,0.99,2.8330324
32772,20,Walking,1375022197000,5.52,12.11,12.912089
32773,20,Walking,1375072307000,-2.03,15.94,13.797412
32774,20,Walking,1375122233000,0.76,2.56,-1.607201
32775,20,Walking,1375172313000,-8.62,15.13,4.2086873
32776,20,Walking,1375222545000,-6.74,4.18,-5.666064700000001
32777,20,Walking,1375272288000,-5.75,12.18,-4.862464
32778,20,Walking,1375322215000,-2.3,13.63,0.7218784
32779,20,Walking,1375372325000,1.84,8.39,-0.84446156
32780,20,Walking,1375422221000,0.38,7.74,0.46309182
32781,20,Walking,1375472270000,-2.14,8.66,-0.53119355
32782,20,Walking,1375522197000,-3.06,9.3,1.0760075
32783,20,Walking,1375572276000,-0.99,10.99,2.6014863999999998
32784,20,Walking,1375622233000,4.18,14.6,-1.2258313
32785,20,Walking,1375672313000,0.8,15.17,3.0237172
32786,20,Walking,1375722270000,0.38,12.79,6.782933
32787,20,Walking,1375772258000,-8.62,17.2,-7.6954966
32788,20,Walking,1375822246000,-9.7,14.75,4.290409599999999
32789,20,Walking,1375872264000,-3.11,12.68,-0.040861044
32790,20,Walking,1375922252000,-1.69,4.33,-2.4516625
32791,20,Walking,1375972301000,-3.98,2.37,-2.2609777
32792,20,Walking,1376022227000,-4.52,0.38,-1.7978859
32793,20,Walking,1376072307000,1.08,1.73,3.4868089999999996
32794,20,Walking,1376122203000,5.43,15.83,14.206022
32795,20,Walking,1376172313000,-2.07,12.37,11.032481
32796,20,Walking,1376222484000,-3.79,8.81,1.0760075
32797,20,Walking,1376272258000,-4.06,9.81,-1.1441092
32798,20,Walking,1376322215000,-7.74,6.89,-4.440233
32799,20,Walking,1376372264000,-6.21,12.3,-3.7183550000000003
32800,20,Walking,1376422252000,-1.27,13.1,2.0294318
32801,20,Walking,1376472270000,1.76,8.69,-0.7627395
32802,20,Walking,1376522197000,0.04,7.97,-0.0
32803,20,Walking,1376572276000,-2.96,8.62,-1.0760075
32804,20,Walking,1376622233000,-2.6,9.28,2.4108016
32805,20,Walking,1376672313000,1.92,11.88,3.8681788
32806,20,Walking,1376722240000,1.57,15.64,-3.9499009
32807,20,Walking,1376772227000,-0.69,14.25,4.290409599999999
32808,20,Walking,1376822276000,2.15,12.41,5.625203599999999
32809,20,Walking,1376872203000,-8.39,15.89,-6.9327570000000005
32810,20,Walking,1376922313000,-9.08,13.99,2.6014863999999998
32811,20,Walking,1376972240000,-2.98,13.44,1.3756552
32812,20,Walking,1377022288000,-2.34,5.24,-2.7513103
32813,20,Walking,1377072246000,-4.4,2.37,-1.7978859
32814,20,Walking,1377122264000,-4.82,0.95,-1.9885708
32815,20,Walking,1377172252000,0.61,1.61,1.9885708
32816,20,Walking,1377222240000,6.55,11.56,10.732834
32817,20,Walking,1377272227000,-0.3,17.08,14.015338
32818,20,Walking,1377322276000,-0.46,1.46,0.84446156
32819,20,Walking,1377372203000,-8.01,16.02,3.2552630000000002
32820,20,Walking,1377422313000,-5.43,2.49,-5.0531489999999994
32821,20,Walking,1377472209000,-6.7,10.92,-5.666064700000001
32822,20,Walking,1377522258000,-3.21,12.76,0.23154591
32823,20,Walking,1377572215000,2.26,9.28,1.5390993
32824,20,Walking,1377622264000,0.0,7.7,-1.1168685
32825,20,Walking,1377672221000,-2.75,9.04,-1.2258313
32826,20,Walking,1377722362000,-2.83,8.89,2.7649305
32827,20,Walking,1377772197000,-1.33,10.88,4.140586
32828,20,Walking,1377822276000,3.72,15.55,-2.5333846
32829,20,Walking,1377872233000,1.8,15.09,3.2552630000000002
32830,20,Walking,1377922313000,0.65,12.87,7.3958488
32831,20,Walking,1377972270000,-10.0,15.89,-8.240311
32832,20,Walking,1378022288000,-9.96,15.66,5.284695
32833,20,Walking,1378072215000,-2.14,11.88,-1.0760075
32834,20,Walking,1378122295000,-1.42,4.25,-1.9885708
32835,20,Walking,1378172221000,-3.95,1.04,-2.7240696
32836,20,Walking,1378222392000,-4.9,1.12,-2.3018389
32837,20,Walking,1378272227000,0.53,2.49,3.5685309999999997
32838,20,Walking,1378322307000,6.4,14.9,15.213928
32839,20,Walking,1378372417000,-1.99,12.87,12.067628
32840,20,Walking,1378422252000,-1.57,4.9,-1.4982381999999999
32841,20,Walking,1378472392000,-7.12,14.75,4.2495484
32842,20,Walking,1378522227000,-6.85,3.99,-5.284695
32843,20,Walking,1378572307000,-6.17,11.03,-3.9771416
32844,20,Walking,1378622203000,-2.68,13.8,0.040861044
32845,20,Walking,1378672313000,3.57,9.23,-0.61291564
32846,20,Walking,1378722209000,0.38,7.74,1.4165162
32847,20,Walking,1378772227000,-2.83,9.62,0.84446156
32848,20,Walking,1378822307000,-2.87,8.39,2.1111538
32849,20,Walking,1378872264000,-1.23,11.03,2.070293
32850,20,Walking,1378922313000,3.26,15.21,-1.334794
32851,20,Walking,1378972240000,0.99,15.32,3.336985
32852,20,Walking,1379022288000,-0.57,12.68,7.246025
32853,20,Walking,1379072215000,-9.92,15.89,-8.62168
32854,20,Walking,1379122295000,-7.78,15.66,4.7535014
32855,20,Walking,1379172252000,-1.57,11.22,-0.7218784
32856,20,Walking,1379222270000,-3.41,3.87,-1.3075534
32857,20,Walking,1379272197000,-4.48,1.84,-2.3426998
32858,20,Walking,1379322337000,-4.59,0.23,-1.1168685
32859,20,Walking,1379372203000,1.04,2.96,3.2552630000000002
32860,20,Walking,1379422313000,6.44,14.21,14.056199
32861,20,Walking,1379472270000,0.99,14.67,10.378705
32862,20,Walking,1379532329000,-0.76,3.76,-1.4165162
32863,20,Walking,1379582347000,-8.24,12.64,6.3607025
32864,20,Walking,1379632274000,-6.97,5.18,-5.0531489999999994
32865,20,Walking,1379682201000,-5.71,11.35,-4.3312707
32866,20,Walking,1379732280000,-2.37,13.44,0.27240697
32867,20,Walking,1379782237000,3.26,9.47,0.313268
32868,20,Walking,1379832347000,0.84,8.31,-0.46309182
32869,20,Walking,1379882243000,-2.41,9.04,-0.7218784
32870,20,Walking,1379932292000,-3.02,8.58,3.7592160000000003
32871,20,Walking,1379982249000,-2.37,10.61,2.8738932999999998
32872,20,Walking,1380032298000,2.49,14.6,-4.0588636
32873,20,Walking,1380082255000,0.99,14.86,2.7240696
32874,20,Walking,1380132243000,1.27,12.76,6.5513873
32875,20,Walking,1380182262000,-6.05,15.75,-3.1463002999999996
32876,20,Walking,1380232280000,-9.72,14.44,0.14982383
32877,20,Walking,1380282268000,-4.99,14.86,2.9147543999999996
32878,20,Walking,1380332255000,-0.69,6.05,-2.9147543999999996
32879,20,Walking,1380382274000,-3.36,1.95,-1.4165162
32880,20,Walking,1380432262000,-4.79,1.08,-1.8796080000000002
32881,20,Walking,1380482310000,-1.42,0.84,1.4165162
32883,20,Walking,1380532268000,4.79,10.53,11.223166
32882,20,Walking,1380532268000,4.79,10.53,11.223166
32884,20,Walking,1380632182000,0.08,3.15,1.7297841
32885,20,Walking,1380682201000,-8.16,15.55,3.4050870000000004
32886,20,Walking,1380732402000,-6.24,2.26,-4.5900574
32887,20,Walking,1380782237000,-5.48,10.15,-5.5162406
32888,20,Walking,1380832286000,-2.96,13.67,-0.9942854
