,user,label,timestamp,x,y,z
33489,20,Walking,1410862346000,-2.91,8.89,2.8738932999999998
33490,20,Walking,1410912395000,-3.11,9.47,0.7627395
33491,20,Walking,1410962260000,2.72,14.6,-0.19068487
33492,20,Walking,1411012279000,0.89,13.95,0.313268
33493,20,Walking,1411072246000,1.5,13.57,6.4015636
33494,20,Walking,1411122233000,-6.66,14.06,-2.3426998
33495,20,Walking,1411172313000,-10.0,14.75,-1.7978859
33496,20,Walking,1411222209000,-2.87,15.75,2.7921712000000003
33497,20,Walking,1411272472000,-2.64,7.55,-2.3699405
33498,20,Walking,1411322215000,-4.21,2.68,-0.7218784
33499,20,Walking,1411372295000,-3.64,1.95,-2.1111538
33500,20,Walking,1411422221000,-3.87,1.08,0.88532263
33501,20,Walking,1411472301000,3.38,5.63,5.829509
33502,20,Walking,1411522227000,7.08,18.62,14.09706
33503,20,Walking,1411572307000,1.65,6.51,6.4015636
33504,20,Walking,1411622203000,-5.71,10.38,-2.1383946
33505,20,Walking,1411672313000,-8.73,8.16,3.5685309999999997
33506,20,Walking,1411722240000,-7.01,5.83,-5.597963
33507,20,Walking,1411772258000,-5.94,12.83,-3.7183550000000003
33508,20,Walking,1411822215000,-1.12,12.34,2.1792557
33509,20,Walking,1411872264000,1.54,8.08,-0.6946376999999999
33510,20,Walking,1411922221000,-0.34,9.11,-0.7218784
33511,20,Walking,1411972270000,-2.37,9.08,1.3075534
33512,20,Walking,1412022197000,-2.07,9.51,3.8681788
33513,20,Walking,1412072276000,1.31,12.49,-0.27240697
33514,20,Walking,1412122203000,1.04,14.71,-1.9204689999999998
33515,20,Walking,1412172313000,-0.8,13.67,6.2789803
33516,20,Walking,1412222209000,-1.38,12.3,5.829509
33517,20,Walking,1412272410000,-10.34,14.9,-7.6273947
33518,20,Walking,1412322276000,-8.24,15.7,4.944186
33519,20,Walking,1412372264000,-1.42,10.08,-0.84446156
33520,20,Walking,1412422221000,-2.64,2.91,-0.9942854
33521,20,Walking,1412472301000,-3.45,1.84,-2.5606253
33522,20,Walking,1412522197000,-3.36,0.93,-0.88532263
33523,20,Walking,1412572307000,3.64,4.86,5.625203599999999
33524,20,Walking,1412622203000,5.24,17.08,15.091345
33525,20,Walking,1412672282000,0.23,9.58,8.158588
33526,20,Walking,1412722240000,-2.41,4.9,-5.284695
33527,20,Walking,1412772258000,-9.3,14.29,9.765789
33528,20,Walking,1412822215000,-5.41,4.67,-5.47538
33529,20,Walking,1412872264000,-5.67,12.72,-6.469665
33530,20,Walking,1412922221000,-1.5,12.41,0.88532263
33531,20,Walking,1412972270000,1.18,8.08,-0.95342433
33532,20,Walking,1413022197000,-0.89,8.2,0.6946376999999999
33533,20,Walking,1413072276000,-3.11,8.92,0.10896278
33534,20,Walking,1413122233000,-3.57,9.08,2.5606253
33535,20,Walking,1413172282000,-0.84,11.54,2.5333846
33536,20,Walking,1413222209000,3.21,14.33,-2.3699405
33537,20,Walking,1413272258000,-0.61,14.75,3.5685309999999997
33538,20,Walking,1413322246000,2.07,12.15,7.3141264999999995
33539,20,Walking,1413372264000,-6.78,16.21,-7.2732660000000005
33540,20,Walking,1413422221000,-9.11,14.67,1.6480621
33541,20,Walking,1413472270000,-4.21,13.95,2.1792557
33542,20,Walking,1413522258000,-1.42,5.63,-1.9885708
33543,20,Walking,1413572307000,-3.41,2.22,-1.9204689999999998
33544,20,Walking,1413622233000,-5.63,1.73,-2.2201166000000003
33545,20,Walking,1413672313000,-1.5,1.57,2.1792557
33546,20,Walking,1413722240000,5.22,10.46,9.997335000000001
33547,20,Walking,1413772227000,1.92,17.92,13.824653
33548,20,Walking,1413822215000,-0.08,2.53,2.3426998
33549,20,Walking,1413872295000,-8.47,16.04,3.6366330000000002
33550,20,Walking,1413922252000,-5.86,2.83,-5.202973
33551,20,Walking,1413972301000,-6.47,10.65,-6.5513873
33552,20,Walking,1414022197000,-3.6,13.18,0.5720546
33553,20,Walking,1414072307000,2.3,9.38,0.84446156
33554,20,Walking,1414122203000,0.23,8.01,-1.0760075
33555,20,Walking,1414172282000,-2.98,9.53,-0.08172209
33556,20,Walking,1414222209000,-3.41,8.35,2.5606253
33557,20,Walking,1414272258000,-1.95,10.65,2.4925237
33558,20,Walking,1414322215000,3.95,14.52,-1.8387468999999996
33559,20,Walking,1414372264000,-0.61,14.98,0.19068487
33560,20,Walking,1414422252000,0.95,12.95,7.2732660000000005
33561,20,Walking,1414472270000,-4.63,14.33,-2.5333846
33562,20,Walking,1414522197000,-10.38,13.99,-2.5333846
33563,20,Walking,1414572276000,-5.79,14.86,3.9090397000000006
33564,20,Walking,1414622203000,-0.53,8.12,-2.6832085
33565,20,Walking,1414672313000,-3.72,3.11,-1.3075534
33566,20,Walking,1414722240000,-4.71,1.46,-2.3699405
33567,20,Walking,1414772227000,-2.26,0.5,-0.23154591
33568,20,Walking,1414832286000,5.05,8.58,9.765789
33569,20,Walking,1414882213000,3.45,18.85,12.871228
33570,20,Walking,1414932353000,0.76,1.8,2.982856
33571,20,Walking,1414982249000,-6.13,14.33,0.7218784
33572,20,Walking,1415032268000,-8.08,3.76,-1.8796080000000002
33573,20,Walking,1415082286000,-6.24,9.15,-4.7535014
33574,20,Walking,1415132243000,-2.6,14.14,-1.9885708
33575,20,Walking,1415182292000,1.92,9.77,2.3018389
33576,20,Walking,1415232249000,-0.3,7.82,-0.9942854
33577,20,Walking,1415282268000,-2.45,8.5,-1.56634
33578,20,Walking,1415332255000,-3.72,8.73,2.2609777
33579,20,Walking,1415382243000,-1.84,10.19,2.4108016
33580,20,Walking,1415432323000,3.3,14.33,-0.6537767
33581,20,Walking,1415482249000,0.93,15.66,-1.7297841
33582,20,Walking,1415532268000,-0.72,13.14,7.3549875999999985
33583,20,Walking,1415582225000,-3.26,13.02,0.6537767
33584,20,Walking,1415632274000,-11.8,14.14,-3.9090397000000006
33585,20,Walking,1415682262000,-5.94,14.82,2.4925237
33586,20,Walking,1415732310000,0.31,9.0,-1.607201
33587,20,Walking,1415782237000,-3.15,3.17,-1.2258313
33588,20,Walking,1415832255000,-4.18,1.84,-1.9204689999999998
33589,20,Walking,1415892924000,-1.99,1.46,-0.0
33590,20,Walking,1415942271000,3.76,7.44,5.7477865
33592,20,Walking,1415992259000,3.45,17.73,16.249075
33591,20,Walking,1415992259000,3.45,17.73,16.249075
33593,20,Walking,1416052318000,-3.79,5.18,6.0201936
33594,20,Walking,1416102672000,-1.88,15.89,-0.3405087
33595,20,Walking,1416152293000,-6.24,0.95,-3.9771416
33596,20,Walking,1416202586000,-6.82,10.23,-4.630918
33597,20,Walking,1416252269000,-3.36,14.29,0.50395286
33598,20,Walking,1416302653000,0.34,9.89,0.7627395
33599,20,Walking,1416352275000,0.15,8.08,-1.525479
33600,20,Walking,1416402598000,-0.84,9.19,-0.14982383
33601,20,Walking,1416452281000,-2.37,8.81,1.9477096999999999
33602,20,Walking,1416502574000,-2.91,9.34,1.1168685
33603,20,Walking,1416552287000,0.31,12.3,0.7218784
33604,20,Walking,1416602458000,1.46,15.66,-1.1168685
33605,20,Walking,1416652934000,0.57,13.8,6.2108784
33606,20,Walking,1416702495000,1.12,11.69,5.5162406
33607,20,Walking,1416753001000,-8.96,15.17,-9.112013000000001
33608,20,Walking,1416802501000,-8.16,4.21,-1.2666923
33609,20,Walking,1416912273000,-3.45,4.21,-1.2666923
33610,20,Walking,1416912273000,-3.45,4.21,-1.2666923
33611,20,Walking,1416962321000,-4.63,2.64,-1.9204689999999998
33612,20,Walking,1417012248000,-3.79,0.69,-0.88532263
33613,20,Walking,1417062297000,1.04,2.96,3.8681788
33614,20,Walking,1417112285000,7.44,15.36,14.2877445
33615,20,Walking,1417162303000,-0.15,12.79,10.119919
33616,20,Walking,1417212260000,-2.18,5.86,-4.3312707
33617,20,Walking,1417262431000,-8.81,12.15,6.0201936
33618,20,Walking,1417312266000,-6.51,4.86,-5.366417
33619,20,Walking,1417362285000,-5.67,12.03,-4.4810944
33620,20,Walking,1417412242000,-0.91,12.45,1.2258313
33621,20,Walking,1417462260000,1.69,8.5,-0.3405087
33622,20,Walking,1417512279000,-0.69,8.2,-0.61291564
33623,20,Walking,1417562266000,-3.02,9.04,-0.08172209
33624,20,Walking,1417612285000,-2.87,8.89,3.990762
33625,20,Walking,1417662242000,-0.15,12.26,2.2201166000000003
33626,20,Walking,1417712291000,2.91,16.32,-3.4459480000000005
33627,20,Walking,1417762279000,-0.53,14.29,4.018002500000001
33628,20,Walking,1417812327000,-1.31,12.49,6.782933
33629,20,Walking,1417862285000,-10.34,15.17,-7.8861814
33630,20,Walking,1417912303000,-7.82,14.44,4.3993720000000005
33631,20,Walking,1417962230000,-0.65,11.41,-1.0351465
33632,20,Walking,1418012309000,-2.79,3.11,-1.4982381999999999
33633,20,Walking,1418062266000,-4.02,2.15,-2.1111538
33634,20,Walking,1418112254000,-3.26,1.08,-1.4573771999999998
33635,20,Walking,1418162273000,0.38,2.41,2.6423476000000004
33636,20,Walking,1418212321000,6.17,14.25,13.865514000000001
33637,20,Walking,1418262279000,-0.84,14.06,10.337844
33638,20,Walking,1418312297000,-2.98,6.82,2.0294318
33639,20,Walking,1418362285000,-6.93,10.42,-0.42223078
33640,20,Walking,1418412273000,-6.28,3.06,-4.7126402999999994
33641,20,Walking,1418462291000,-6.74,12.72,-2.7513103
33642,20,Walking,1418512248000,-1.61,13.57,1.607201
33643,20,Walking,1418562327000,2.56,8.43,-1.4573771999999998
33644,20,Walking,1418612254000,0.08,8.62,-0.8036005
33645,20,Walking,1418662303000,-2.64,9.43,1.1168685
33646,20,Walking,1418712230000,-3.15,8.28,1.334794
33647,20,Walking,1418762309000,-2.91,10.65,1.5390993
33648,20,Walking,1418812236000,3.6,14.98,-1.4982381999999999
33649,20,Walking,1418862346000,-1.69,13.95,2.5333846
33650,20,Walking,1418912273000,2.11,12.15,6.851035
33651,20,Walking,1418962321000,-4.63,15.89,-3.7592160000000003
33652,20,Walking,1419012248000,-9.85,15.09,0.040861044
33653,20,Walking,1419062297000,-4.25,14.63,3.4868089999999996
33654,20,Walking,1419112254000,-0.91,5.79,-2.4516625
33655,20,Walking,1419162303000,-3.36,2.34,-1.6480621
33656,20,Walking,1419212230000,-5.2,2.22,-2.4108016
33657,20,Walking,1419262340000,-1.99,1.23,0.6946376999999999
33658,20,Walking,1419312266000,4.06,7.08,6.5513873
33659,20,Walking,1419362346000,1.65,19.15,17.2025
33660,20,Walking,1419412303000,-2.18,4.48,5.284695
33661,20,Walking,1419462260000,-3.02,15.79,-1.9477096999999999
33662,20,Walking,1419512248000,-6.93,2.15,-2.7921712000000003
33663,20,Walking,1419562266000,-7.35,9.51,-3.4868089999999996
33664,20,Walking,1419612254000,-5.05,12.37,0.040861044
33665,20,Walking,1419662273000,2.3,10.5,-0.14982383
33666,20,Walking,1419712230000,1.08,8.47,-1.1849703
33667,20,Walking,1419762279000,-2.56,9.15,0.53119355
33668,20,Walking,1419812266000,-3.02,8.54,2.6423476000000004
33669,20,Walking,1419862285000,-2.64,9.58,1.4982381999999999
33670,20,Walking,1419912242000,2.3,14.02,-0.53119355
33671,20,Walking,1419962260000,-0.34,14.9,-0.6946376999999999
33672,20,Walking,1420012279000,-0.23,12.83,8.539958
33673,20,Walking,1420062266000,-1.31,13.53,0.7218784
33674,20,Walking,1420112254000,-9.92,13.8,-5.09401
33675,20,Walking,1420162273000,-7.04,14.79,4.3312707
33676,20,Walking,1420212230000,-0.38,9.66,-1.7570249
33677,20,Walking,1420262279000,-3.6,3.76,-1.3756552
33678,20,Walking,1420312236000,-5.48,2.34,-2.4516625
33679,20,Walking,1420362285000,-4.06,0.95,-0.61291564
33680,20,Walking,1420412273000,0.95,3.83,5.2165932999999995
33681,20,Walking,1420462260000,8.01,17.08,14.859798999999999
33682,20,Walking,1420512248000,1.42,11.54,7.927042500000001
33683,20,Walking,1420562266000,-4.94,4.44,-3.214402
33684,20,Walking,1420612285000,-8.39,13.95,6.973617999999999
33685,20,Walking,1420662273000,-6.36,5.09,-5.09401
33686,20,Walking,1420712230000,-5.24,12.57,-6.238119
33687,20,Walking,1420762279000,-0.91,12.15,0.7627395
33688,20,Walking,1420812266000,2.45,8.39,-0.27240697
