,user,label,timestamp,x,y,z
832897,21,Walking,117003963904000,0.65,9.51,5.13
832898,21,Walking,117004003516000,1.73,12.11,7.65
832899,21,Walking,117004041541000,1.42,11.18,8.43
832900,21,Walking,117004121619000,-3.6,9.77,2.68
832901,21,Walking,117004161627000,-2.18,4.4,2.14
832902,21,Walking,117004201514000,3.91,11.11,-0.8
832903,21,Walking,117004241644000,-0.23,8.92,2.83
832904,21,Walking,117004321600000,1.84,10.04,-0.11
832905,21,Walking,117004361639000,-0.19,7.74,0.8
832906,21,Walking,117004401648000,0.5,8.16,0.42
832907,21,Walking,117004442572000,0.8,8.35,0.84
832908,21,Walking,117004521948000,1.92,9.08,0.69
832909,21,Walking,117004561530000,1.53,9.34,1.92
832910,21,Walking,117004601630000,3.11,9.3,1.42
832911,21,Walking,117004641547000,1.88,13.29,0.61
832912,21,Walking,117004721686000,-2.45,12.72,-2.3
832913,21,Walking,117004761511000,-5.05,11.88,-0.11
832914,21,Walking,117004803900000,-0.61,11.56,0.23
832915,21,Walking,117004842291000,2.72,10.38,0.84
832916,21,Walking,117004921606000,-0.76,5.67,1.18
832917,21,Walking,117004963904000,-0.89,4.86,0.89
832918,21,Walking,117005001715000,-1.5,3.99,1.61
832919,21,Walking,117005041510000,-0.99,5.41,3.11
832920,21,Walking,117005121497000,1.76,9.85,7.12
832921,21,Walking,117005161505000,0.38,11.22,7.16
832922,21,Walking,117005201544000,1.69,14.02,8.08
832923,21,Walking,117005241583000,-2.45,15.24,0.84
832924,21,Walking,117005321509000,1.95,6.66,-1.12
832925,21,Walking,117005361609000,1.42,10.99,-0.08
832926,21,Walking,117005401495000,-2.91,6.85,1.23
832927,21,Walking,117005441595000,-0.11,7.4,-0.61
832928,21,Walking,117005521582000,0.38,8.58,0.72
832929,21,Walking,117005561499000,1.33,8.28,1.5
832930,21,Walking,117005601599000,0.91,8.01,1.27
832931,21,Walking,117005641547000,0.46,9.34,1.08
832932,21,Walking,117005724158000,3.76,8.62,1.5
832933,21,Walking,117005762549000,1.92,11.54,1.8
832934,21,Walking,117005801733000,0.89,13.14,-1.12
832935,21,Walking,117005841528000,-0.23,12.49,-3.41
832936,21,Walking,117005921606000,-4.1,13.67,0.84
832937,21,Walking,117005962012000,2.45,10.65,-0.42
832938,21,Walking,117006001715000,1.5,7.97,1.33
832939,21,Walking,117006041663000,-1.04,5.48,1.14
832940,21,Walking,117006121619000,-2.22,3.79,1.42
832941,21,Walking,117006161505000,-0.23,6.32,3.21
832942,21,Walking,117006201544000,1.23,8.24,4.9
832943,21,Walking,117006241675000,0.89,8.05,6.17
832944,21,Walking,117006321509000,1.73,12.3,9.23
832945,21,Walking,117006361639000,-0.19,16.51,4.29
832946,21,Walking,117006401495000,-1.57,10.08,1.38
832947,21,Walking,117006441657000,-2.03,4.71,0.95
832948,21,Walking,117006521674000,-0.08,9.89,0.95
832949,21,Walking,117006561591000,-3.68,5.56,0.38
832950,21,Walking,117006601508000,0.89,9.04,-0.23
832951,21,Walking,117006641516000,1.73,7.59,-0.08
832952,21,Walking,117006721594000,0.99,8.58,1.46
832953,21,Walking,117006771613000,0.53,7.7,1.5
832954,21,Walking,117006811774000,1.42,9.89,1.27
832955,21,Walking,117006851538000,2.26,10.31,1.5
832956,21,Walking,117006891699000,2.91,9.34,2.11
832957,21,Walking,117006971564000,1.8,11.41,-2.15
832958,21,Walking,117007011603000,-1.38,11.73,-3.02
832959,21,Walking,117007051581000,-6.02,14.1,-0.19
832960,21,Walking,117007091498000,-2.34,13.21,0.95
832961,21,Walking,117007171484000,1.08,7.06,1.88
832962,21,Walking,117007211554000,-0.69,5.56,2.03
832963,21,Walking,117007251593000,-0.61,5.9,1.04
832964,21,Walking,117007291541000,-1.88,5.18,1.42
832965,21,Walking,117007371619000,-0.11,7.27,4.18
832966,21,Walking,117007411963000,1.53,8.77,6.09
832967,21,Walking,117007451636000,2.14,10.84,6.97
832968,21,Walking,117007491522000,2.18,14.02,9.04
832969,21,Walking,117007571509000,-4.4,4.86,0.84
832970,21,Walking,117007611517000,-1.38,6.13,-0.34
832971,21,Walking,117007651495000,2.79,12.76,-0.76
832972,21,Walking,117007691504000,-0.8,7.08,1.46
832973,21,Walking,117007771429000,1.12,9.08,0.3
832974,21,Walking,117007891455000,0.38,7.86,1.38
832975,21,Walking,117007891455000,0.38,7.86,1.38
832976,21,Walking,117007891455000,0.38,7.86,1.38
832977,21,Walking,117007972662000,2.72,9.47,1.73
832978,21,Walking,117008011511000,2.83,8.92,1.92
832979,21,Walking,117008051550000,1.95,12.41,2.49
832980,21,Walking,117008091467000,1.14,13.82,-0.34
832981,21,Walking,117008171515000,-2.45,12.57,-1.57
832982,21,Walking,117008211493000,-3.53,14.21,1.95
832983,21,Walking,117008251624000,1.14,8.96,-1.42
832984,21,Walking,117008291541000,-0.69,6.93,1.12
832985,21,Walking,117008371588000,-1.12,5.24,0.57
832986,21,Walking,117008412360000,-2.87,5.6,1.65
832987,21,Walking,117008451636000,-1.38,6.44,3.91
832988,21,Walking,117008491644000,0.15,8.01,5.6
832989,21,Walking,117008571600000,2.56,11.07,8.01
832990,21,Walking,117008611639000,1.53,10.04,9.58
832991,21,Walking,117008651526000,-2.49,15.09,0.5
832992,21,Walking,117008691595000,-3.68,11.03,2.18
832993,21,Walking,117008771460000,3.21,12.15,-2.37
832994,21,Walking,117008811591000,-1.92,8.69,3.3
832995,21,Walking,117008851599000,-0.76,5.24,-0.72
832996,21,Walking,117008901709000,1.76,8.73,0.3
832997,21,Walking,117008941657000,1.04,8.43,1.53
832998,21,Walking,117009021552000,1.33,7.78,1.69
832999,21,Walking,117009061591000,1.38,10.0,1.88
833000,21,Walking,117009101508000,2.87,10.42,2.18
833001,21,Walking,117009141516000,2.96,11.6,2.75
833002,21,Walking,117009221686000,1.04,11.11,-2.68
833003,21,Walking,117009261633000,-1.76,11.03,-1.84
833004,21,Walking,117009301520000,-4.33,15.28,2.07
833005,21,Walking,117009341589000,0.27,7.93,0.61
833006,21,Walking,117009421637000,-1.23,5.41,2.14
833007,21,Walking,117009461646000,-0.19,3.99,0.84
833008,21,Walking,117009501501000,-0.95,3.53,1.14
833009,21,Walking,117009559790000,-0.15,6.74,4.02
833010,21,Walking,117009601508000,0.11,9.19,5.98
833011,21,Walking,117009641638000,1.31,10.92,7.63
833012,21,Walking,117009721503000,-0.08,17.92,0.46
833013,21,Walking,117009761664000,-5.67,7.35,3.76
833014,21,Walking,117009801642000,-2.53,4.37,-1.23
833015,21,Walking,117009841620000,5.13,15.32,-1.04
833016,21,Walking,117009883246000,-1.95,6.66,-0.38
833017,21,Walking,117009965491000,1.92,8.69,0.23
833018,21,Walking,117010003455000,0.61,6.89,0.38
833019,21,Walking,117010041541000,0.38,8.35,1.73
833020,21,Walking,117010121619000,0.95,8.43,1.95
833021,21,Walking,117010161505000,2.75,10.12,1.92
833022,21,Walking,117010201666000,3.45,10.34,2.64
833023,21,Walking,117010241522000,2.22,13.06,1.8
833024,21,Walking,117010321509000,-0.61,10.88,-2.96
833025,21,Walking,117010361670000,-3.53,14.52,-0.15
833026,21,Walking,117010401587000,-2.45,14.9,1.08
833027,21,Walking,117010441534000,2.56,9.66,0.65
833028,21,Walking,117010521674000,-0.57,4.29,0.89
833029,21,Walking,117010561621000,-1.04,3.57,0.42
833030,21,Walking,117010601569000,-1.61,3.91,0.89
833031,21,Walking,117010641577000,-0.89,6.4,3.76
833032,21,Walking,117010721625000,1.46,10.92,6.89
833033,21,Walking,117010761572000,3.3,10.15,9.7
833034,21,Walking,117010801611000,1.14,10.65,6.47
833035,21,Walking,117010841528000,-4.67,17.16,-0.46
833036,21,Walking,117010926947000,2.34,8.89,-2.79
833037,21,Walking,117010964850000,1.18,11.99,1.92
833038,21,Walking,117011002417000,-2.76,6.02,1.5
833039,21,Walking,117011041541000,0.84,7.21,-0.34
833040,21,Walking,117011121588000,1.65,8.2,1.57
833041,21,Walking,117011161505000,0.34,7.46,1.61
833042,21,Walking,117011201636000,0.72,7.86,1.33
833043,21,Walking,117011241553000,0.5,9.96,1.65
833044,21,Walking,117011321570000,3.21,10.12,2.3
833045,21,Walking,117011361517000,3.06,13.44,-0.11
833046,21,Walking,117011401556000,0.27,12.83,-2.6
833047,21,Walking,117011441657000,-3.45,13.33,-1.95
833048,21,Walking,117011521643000,0.8,10.99,0.3
833049,21,Walking,117011561591000,1.92,7.97,1.31
833050,21,Walking,117011601599000,-0.27,4.9,0.76
833051,21,Walking,117011641638000,-1.27,4.63,0.69
833052,21,Walking,117011721625000,-1.31,6.17,3.06
833053,21,Walking,117011761725000,-0.08,7.46,4.33
833054,21,Walking,117011801520000,0.65,9.23,6.05
833055,21,Walking,117011841498000,0.76,10.12,7.08
833056,21,Walking,117011921637000,0.08,17.5,3.36
833057,21,Walking,117011963660000,-5.01,5.63,-0.08
833058,21,Walking,117012002020000,-2.68,6.7,1.92
833059,21,Walking,117012041632000,4.21,12.91,-1.73
833060,21,Walking,117012121466000,-2.18,5.28,0.61
833061,21,Walking,117012161505000,1.14,7.78,-0.38
833062,21,Walking,117012201605000,1.5,7.67,1.18
833063,21,Walking,117012241675000,1.08,8.69,2.03
833064,21,Walking,117012321509000,0.72,8.85,1.73
833065,21,Walking,117012361517000,2.22,10.23,1.5
833066,21,Walking,117012401526000,3.02,10.19,1.99
833067,21,Walking,117012441626000,2.72,11.22,2.26
833068,21,Walking,117012521674000,0.19,10.84,-2.83
833069,21,Walking,117012561652000,-4.6,14.14,-0.72
833070,21,Walking,117012601508000,-3.99,14.02,1.8
833071,21,Walking,117012641638000,3.21,9.92,0.27
833072,21,Walking,117012721594000,-0.72,5.56,2.18
833073,21,Walking,117012764166000,-0.46,4.56,0.91
833074,21,Walking,117012801642000,-1.69,3.95,1.08
833075,21,Walking,117012841650000,-1.27,5.67,2.87
833076,21,Walking,117012924384000,1.99,10.61,6.28
833077,21,Walking,117012965094000,3.45,12.3,8.27
833078,21,Walking,117013001654000,2.53,12.6,8.54
833079,21,Walking,117013041571000,-1.31,14.82,0.69
833080,21,Walking,117013121466000,0.95,7.86,0.19
833081,21,Walking,117013161505000,3.11,11.92,-0.84
833082,21,Walking,117013201666000,-3.38,7.21,2.3
833083,21,Walking,117013241827000,-1.12,6.13,-0.65
833084,21,Walking,117013321509000,0.8,7.97,1.08
833085,21,Walking,117013361639000,1.27,8.2,1.92
833086,21,Walking,117013401526000,1.27,7.67,1.69
833087,21,Walking,117013441565000,1.18,9.92,1.65
833088,21,Walking,117013521643000,2.11,9.62,2.07
833089,21,Walking,117013561499000,1.14,13.14,0.53
833090,21,Walking,117013601630000,1.31,11.45,-2.83
833091,21,Walking,117013641516000,-3.02,12.98,-2.41
833092,21,Walking,117013721533000,0.08,11.41,0.0
833093,21,Walking,117013761511000,2.83,9.28,1.38
833094,21,Walking,117013801642000,-0.46,6.63,2.18
833095,21,Walking,117013841589000,-0.19,5.63,1.31
833096,21,Walking,117013921576000,-1.08,4.63,2.22
