,user,label,timestamp,x,y,z
833497,21,Walking,117033962561000,1.12,10.92,7.35
833498,21,Walking,117034001990000,2.37,13.82,8.85
833499,21,Walking,117034041876000,-0.08,16.44,3.6
833500,21,Walking,117034121588000,-0.08,7.5,0.46
833501,21,Walking,117034161627000,3.6,11.92,-0.8
833502,21,Walking,117034201575000,-2.18,7.44,1.8
833503,21,Walking,117034241522000,-1.57,7.01,0.46
833504,21,Walking,117034327948000,0.5,8.2,0.95
833505,21,Walking,117034363593000,1.31,8.62,1.69
833506,21,Walking,117034401526000,1.73,7.35,1.69
833507,21,Walking,117034443121000,1.38,8.58,1.8
833508,21,Walking,117034521613000,3.64,9.92,1.88
833509,21,Walking,117034561530000,2.18,11.92,2.49
833510,21,Walking,117034601508000,1.99,12.11,0.34
833511,21,Walking,117034641669000,0.61,10.15,-2.96
833512,21,Walking,117034721503000,-4.29,14.56,2.18
833513,21,Walking,117034761633000,1.33,11.56,0.69
833514,21,Walking,117034801642000,2.45,8.16,1.88
833515,21,Walking,117034841650000,-0.53,5.9,2.11
833516,21,Walking,117034921606000,-1.69,3.3,1.27
833517,21,Walking,117034963782000,-0.93,4.67,2.68
833518,21,Walking,117035002081000,0.5,8.08,4.82
833519,21,Walking,117035041663000,1.23,11.03,7.04
833520,21,Walking,117035121588000,1.27,11.37,7.5
833521,21,Walking,117035161536000,-1.5,16.59,2.37
833522,21,Walking,117035201575000,-4.44,6.21,1.84
833523,21,Walking,117035241644000,1.08,7.97,-0.95
833524,21,Walking,117035321631000,-3.02,7.01,2.11
833525,21,Walking,117035361548000,-1.33,7.59,0.34
833526,21,Walking,117035401526000,2.18,8.31,0.38
833527,21,Walking,117035451544000,2.03,7.89,1.38
833528,21,Walking,117035491888000,1.14,8.16,1.92
833529,21,Walking,117035571600000,0.23,8.73,1.69
833530,21,Walking,117035611548000,1.46,9.47,1.61
833531,21,Walking,117035651587000,3.3,10.04,1.65
833532,21,Walking,117035691504000,2.37,12.72,1.42
833533,21,Walking,117035771399000,-2.64,12.64,-2.34
833534,21,Walking,117035811316000,-2.72,10.95,-1.04
833535,21,Walking,117035851477000,-0.69,12.68,0.72
833536,21,Walking,117035891699000,2.03,10.53,1.18
833537,21,Walking,117035971472000,-1.61,5.43,1.76
833538,21,Walking,117036011603000,-0.42,4.86,1.12
833539,21,Walking,117036051550000,-0.34,4.37,1.73
833540,21,Walking,117036091467000,-0.84,5.6,3.21
833541,21,Walking,117036171606000,1.31,9.58,7.21
833542,21,Walking,117036211462000,4.29,11.03,7.89
833543,21,Walking,117036251532000,1.8,12.3,7.86
833544,21,Walking,117036411292000,3.68,13.14,0.42
833545,21,Walking,117036411292000,3.68,13.14,0.42
833546,21,Walking,117036451392000,-3.11,6.17,1.99
833547,21,Walking,117036451392000,-3.11,6.17,1.99
833548,21,Walking,117036491583000,-0.15,7.78,-0.46
833549,21,Walking,117036571600000,0.72,8.05,1.08
833550,21,Walking,117036611639000,1.46,8.16,1.88
833551,21,Walking,117036651495000,1.61,7.12,1.61
833552,21,Walking,117036691504000,1.18,8.96,1.33
833553,21,Walking,117036771613000,2.91,9.77,2.07
833554,21,Walking,117036811499000,1.61,11.84,2.11
833555,21,Walking,117036851508000,2.49,12.11,-0.65
833556,21,Walking,117036891608000,0.65,10.19,-3.21
833557,21,Walking,117036971503000,-3.68,14.79,1.53
833558,21,Walking,117037011633000,3.15,10.76,0.72
833559,21,Walking,117037051520000,1.53,7.74,1.92
833560,21,Walking,117037091467000,-0.84,5.24,1.5
833561,21,Walking,117037171515000,-2.07,3.21,0.99
833562,21,Walking,117037211615000,-0.34,5.9,3.02
833563,21,Walking,117037251501000,0.65,8.85,5.9
833564,21,Walking,117037291510000,0.38,10.57,6.43
833565,21,Walking,117037371497000,2.41,13.91,7.93
833566,21,Walking,117037411597000,-1.95,16.32,0.8
833567,21,Walking,117037459845000,-3.6,3.68,2.72
833568,21,Walking,117037502173000,4.48,10.38,-2.3
833569,21,Walking,117037541541000,0.46,10.69,1.46
833570,21,Walking,117037621588000,0.61,8.43,-0.65
833571,21,Walking,117037661627000,1.12,7.78,0.91
833572,21,Walking,117037701514000,1.46,8.5,1.46
833573,21,Walking,117037741675000,1.38,7.55,1.69
833574,21,Walking,117037821600000,1.27,9.7,1.8
833575,21,Walking,117037861517000,2.98,10.12,1.38
833576,21,Walking,117037901617000,1.88,10.08,2.26
833577,21,Walking,117037941504000,0.65,12.79,1.53
833578,21,Walking,117038021613000,-0.27,10.88,-3.49
833579,21,Walking,117038061530000,-6.17,14.52,0.95
833580,21,Walking,117038101599000,-1.54,13.59,1.18
833581,21,Walking,117038141638000,4.21,9.66,0.8
833582,21,Walking,117038221594000,-0.93,4.44,1.5
833583,21,Walking,117038261542000,-0.93,3.87,0.99
833584,21,Walking,117038301642000,-1.65,4.6,1.65
833585,21,Walking,117038341620000,-0.57,6.85,3.87
833586,21,Walking,117038421515000,0.8,11.35,7.27
833587,21,Walking,117038461737000,3.11,10.69,9.28
833588,21,Walking,117038501654000,0.19,16.17,4.59
833589,21,Walking,117038541510000,-3.41,10.19,0.46
833590,21,Walking,117038621497000,3.53,11.22,-2.41
833591,21,Walking,117038661505000,-0.95,9.19,2.6
833592,21,Walking,117038701514000,-1.65,6.28,1.57
833593,21,Walking,117038741644000,1.88,7.4,-0.5
833594,21,Walking,117038821631000,1.08,8.31,1.95
833595,21,Walking,117038861548000,1.04,7.46,1.69
833596,21,Walking,117038901617000,0.61,7.55,1.57
833597,21,Walking,117038983099000,3.45,9.89,1.42
833598,21,Walking,117039021521000,2.98,10.88,1.95
833599,21,Walking,117039061530000,1.95,13.53,0.23
833600,21,Walking,117039102179000,-0.72,12.18,-3.02
833601,21,Walking,117039142004000,-4.18,11.88,-1.88
833602,21,Walking,117039221594000,1.5,11.65,0.69
833603,21,Walking,117039261633000,2.45,8.47,2.11
833604,21,Walking,117039301642000,-0.23,5.56,1.84
833605,21,Walking,117039341559000,-0.57,4.18,1.18
833606,21,Walking,117039421545000,-0.8,4.71,2.64
833607,21,Walking,117039461584000,0.76,8.08,4.94
833608,21,Walking,117039516119000,0.76,11.45,7.46
833609,21,Walking,117039551794000,2.45,10.42,9.28
833610,21,Walking,117039591620000,2.56,11.41,6.66
833611,21,Walking,117039671515000,-4.37,4.33,3.34
833612,21,Walking,117039711554000,2.96,8.28,-1.76
833613,21,Walking,117039751624000,2.75,12.26,0.91
833614,21,Walking,117039791510000,-3.49,6.63,2.6
833615,21,Walking,117039871497000,1.5,8.01,0.72
833616,21,Walking,117039911505000,0.46,7.35,0.8
833617,21,Walking,117039953680000,0.69,8.2,1.84
833618,21,Walking,117039991675000,0.89,7.97,1.53
833619,21,Walking,117040071478000,3.11,9.89,1.8
833620,21,Walking,117040111487000,3.91,10.19,2.37
833621,21,Walking,117040151587000,3.02,12.79,0.65
833622,21,Walking,117040191565000,0.65,12.72,-2.87
833623,21,Walking,117040271490000,-4.4,12.98,0.91
833624,21,Walking,117040311621000,1.33,11.84,0.42
833625,21,Walking,117040351599000,2.45,8.77,2.03
833626,21,Walking,117040391638000,-0.38,5.28,2.11
833627,21,Walking,117040471625000,-0.99,4.06,1.99
833628,21,Walking,117040511786000,-1.18,4.82,2.75
833629,21,Walking,117040551672000,-0.23,7.7,4.44
833630,21,Walking,117040591620000,1.38,10.5,6.7
833631,21,Walking,117040631598000,1.14,10.5,7.25
833632,21,Walking,117040722205000,-1.69,17.54,1.8
833633,21,Walking,117040761633000,-3.3,7.08,1.14
833634,21,Walking,117040801642000,-0.95,4.29,0.53
833635,21,Walking,117040851447000,2.79,13.53,-0.5
833636,21,Walking,117040891516000,-2.87,7.12,2.11
833637,21,Walking,117040971472000,1.65,7.97,0.23
833638,21,Walking,117041011542000,1.14,8.16,1.12
833639,21,Walking,117041052100000,1.73,8.16,1.65
833640,21,Walking,117041091437000,1.53,7.46,2.03
833641,21,Walking,117041171637000,3.6,10.04,1.38
833642,21,Walking,117041211554000,2.45,10.23,2.14
833643,21,Walking,117041251593000,1.08,13.25,0.89
833644,21,Walking,117041291632000,1.69,12.34,-2.26
833645,21,Walking,117041371558000,-4.29,13.57,0.65
833646,21,Walking,117041411597000,-0.42,12.53,0.46
833647,21,Walking,117041462286000,2.64,8.31,1.61
833648,21,Walking,117041502264000,-0.42,5.13,1.53
833649,21,Walking,117041549963000,-1.14,4.25,0.91
833650,21,Walking,117041591559000,-1.23,4.6,1.14
833651,21,Walking,117041671515000,0.8,8.96,5.43
833652,21,Walking,117041711523000,1.14,11.03,7.35
833653,21,Walking,117041762000000,4.14,10.73,9.28
833654,21,Walking,117041801550000,1.18,15.36,4.59
833655,21,Walking,117041842200000,-3.57,10.99,0.19
833656,21,Walking,117041881598000,-3.38,4.52,2.75
833657,21,Walking,117041971625000,-1.18,8.5,3.06
833658,21,Walking,117042011603000,-1.73,5.86,0.23
833659,21,Walking,117042052008000,1.33,8.35,0.04
833660,21,Walking,117042091589000,0.57,6.74,0.53
833661,21,Walking,117042171637000,1.12,7.86,1.27
833662,21,Walking,117042211584000,1.69,9.53,1.57
833663,21,Walking,117042251471000,2.34,10.04,1.95
833664,21,Walking,117042291541000,3.41,10.27,2.37
833665,21,Walking,117042371466000,1.92,11.35,-1.95
833666,21,Walking,117042411505000,-3.17,11.54,-2.37
833667,21,Walking,117042453833000,-5.22,14.25,1.53
833668,21,Walking,117042491614000,0.0,12.37,0.8
833669,21,Walking,117042571600000,0.42,6.44,1.8
833670,21,Walking,117042611517000,-0.57,4.71,1.84
833671,21,Walking,117042651495000,-0.8,3.72,1.14
833672,21,Walking,117042691626000,-1.04,4.6,2.3
833673,21,Walking,117042771490000,0.69,10.5,6.02
833674,21,Walking,117042868903000,3.06,15.24,7.25
833675,21,Walking,117042868903000,3.06,15.24,7.25
833676,21,Walking,117042916327000,-2.91,8.73,0.23
833677,21,Walking,117042954138000,-3.41,4.37,2.83
833678,21,Walking,117042991766000,3.68,11.37,-2.03
833679,21,Walking,117043071539000,-3.06,6.59,1.5
833680,21,Walking,117043111456000,0.89,8.31,-0.93
833681,21,Walking,117043151587000,1.42,7.55,0.5
833682,21,Walking,117043191595000,1.31,8.39,1.04
833683,21,Walking,117043271613000,0.89,7.67,1.53
833684,21,Walking,117043311499000,0.91,9.04,1.69
833685,21,Walking,117043351508000,2.03,9.77,1.73
833686,21,Walking,117043391730000,3.21,9.62,1.99
833689,21,Walking,117043551398000,-4.63,13.87,0.57
833688,21,Walking,117043551398000,-4.63,13.87,0.57
833687,21,Walking,117043551398000,-4.63,13.87,0.57
833690,21,Walking,117043597388000,0.0,12.79,0.84
833691,21,Walking,117043674445000,0.61,6.21,1.76
833692,21,Walking,117043711859000,-0.72,4.44,1.31
833693,21,Walking,117043751624000,-1.38,3.87,1.33
833694,21,Walking,117043791510000,-1.8,4.67,2.03
833695,21,Walking,117043871619000,0.19,8.69,6.05
833696,21,Walking,117043911627000,0.8,10.53,6.82
