,user,label,timestamp,x,y,z
835697,21,Walking,117143941534000,-1.42,2.15,1.95
835698,21,Walking,117144021521000,1.12,13.21,6.7
835699,21,Walking,117144061499000,1.38,14.29,9.89
835700,21,Walking,117144101691000,1.69,9.3,8.24
835701,21,Walking,117144141547000,-3.38,17.39,2.49
835702,21,Walking,117144221594000,1.69,7.74,0.57
835703,21,Walking,117144261511000,3.76,11.35,0.53
835704,21,Walking,117144301642000,-2.56,7.7,3.34
835705,21,Walking,117144341528000,-1.08,5.56,-1.23
835706,21,Walking,117144421606000,0.5,7.16,0.91
835707,21,Walking,117144461646000,1.14,8.47,1.57
835708,21,Walking,117144501624000,1.95,7.31,1.84
835709,21,Walking,117144541663000,2.68,8.35,1.73
835710,21,Walking,117144621527000,4.25,12.37,2.64
835711,21,Walking,117144661597000,1.5,14.75,-0.72
835712,21,Walking,117144701910000,-0.8,12.11,-3.02
835713,21,Walking,117144741675000,-4.4,13.18,-1.42
835714,21,Walking,117144821631000,3.15,11.6,0.8
835715,21,Walking,117144861639000,1.46,5.37,1.5
835716,21,Walking,117144901617000,-0.93,1.76,1.04
835717,21,Walking,117144941687000,-0.76,2.45,1.33
835718,21,Walking,117145021674000,-0.11,6.21,4.21
835719,21,Walking,117145061499000,0.69,14.63,8.35
835720,21,Walking,117145101630000,1.8,14.18,9.53
835721,21,Walking,117145141669000,0.61,9.19,7.5
835722,21,Walking,117145221594000,-4.94,5.67,1.95
835723,21,Walking,117145261633000,1.61,9.19,0.08
835724,21,Walking,117145301642000,3.6,10.69,0.99
835725,21,Walking,117145341528000,-1.95,6.44,2.34
835726,21,Walking,117145421606000,1.33,8.16,0.76
835727,21,Walking,117145461554000,0.23,6.93,1.12
835728,21,Walking,117145501776000,1.76,7.93,1.61
835729,21,Walking,117145541632000,1.88,7.31,1.14
835730,21,Walking,117145621558000,3.11,9.53,2.49
835731,21,Walking,117145661749000,4.59,11.75,2.83
835732,21,Walking,117145701514000,0.76,15.05,0.04
835733,21,Walking,117145741736000,0.27,11.56,-3.41
835734,21,Walking,117145821600000,-4.94,14.21,1.33
835735,21,Walking,117145861609000,1.73,12.34,0.04
835736,21,Walking,117145901709000,2.49,7.63,1.38
835737,21,Walking,117145941534000,-1.46,3.83,1.42
835738,21,Walking,117146021674000,-1.8,2.34,1.04
835739,21,Walking,117146061621000,-0.95,4.4,2.45
835740,21,Walking,117146101538000,-0.69,10.04,6.66
835741,21,Walking,117146141516000,1.31,15.83,8.81
835742,21,Walking,117146221564000,0.53,12.98,4.56
835743,21,Walking,117146261633000,-4.67,10.15,0.0
835744,21,Walking,117146301917000,-2.87,6.55,3.72
835745,21,Walking,117146341650000,5.01,10.57,-1.92
835746,21,Walking,117146421515000,-1.95,6.51,1.33
835747,21,Walking,117146461554000,0.84,7.27,-0.72
835748,21,Walking,117146501654000,1.23,7.4,1.27
835749,21,Walking,117146541663000,0.5,7.67,1.31
835750,21,Walking,117146621558000,0.99,8.69,1.69
835751,21,Walking,117146661658000,2.03,9.72,2.34
835752,21,Walking,117146701544000,4.29,10.95,2.34
835753,21,Walking,117146741553000,2.26,15.21,0.99
835754,21,Walking,117146822119000,-1.73,12.37,-2.49
835755,21,Walking,117146861670000,-4.67,15.17,1.38
835756,21,Walking,117146901556000,-0.76,13.21,0.65
835757,21,Walking,117146941534000,2.79,7.21,0.89
835758,21,Walking,117147021735000,-1.33,3.38,0.8
835759,21,Walking,117147061499000,-2.3,1.8,1.23
835760,21,Walking,117147101508000,-1.42,3.91,2.87
835761,21,Walking,117147141638000,0.57,9.77,6.66
835762,21,Walking,117147221625000,0.65,10.76,10.31
835763,21,Walking,117147261633000,-0.53,13.1,5.71
835764,21,Walking,117147301611000,-4.6,11.07,0.72
835765,21,Walking,117147341620000,-2.53,6.51,2.26
835766,21,Walking,117147423834000,0.42,8.12,2.72
835767,21,Walking,117147461615000,-1.69,5.67,1.08
835768,21,Walking,117147501471000,0.65,7.4,-0.8
835769,21,Walking,117147541541000,0.5,7.31,0.91
835770,21,Walking,117147622198000,1.38,7.21,1.38
835771,21,Walking,117147664709000,1.23,8.58,1.8
835772,21,Walking,117147701514000,2.22,10.38,2.53
835773,21,Walking,117147741583000,5.28,9.89,3.11
835774,21,Walking,117147781653000,3.26,14.56,1.76
835775,21,Walking,117147884619000,-2.79,12.37,-2.11
835776,21,Walking,117147922278000,-4.02,14.71,1.23
835777,21,Walking,117147961493000,1.14,11.92,0.08
835778,21,Walking,117148001959000,1.65,6.74,1.38
835779,21,Walking,117148041846000,-0.8,3.21,0.8
835780,21,Walking,117148121588000,-2.22,1.88,0.61
835781,21,Walking,117148161597000,-1.18,4.82,4.37
835782,21,Walking,117148201575000,0.76,12.03,8.66
835783,21,Walking,117148241675000,1.92,16.51,9.3
835784,21,Walking,117148321631000,-1.31,15.21,1.53
835785,21,Walking,117148361639000,-6.66,5.98,3.41
835786,21,Walking,117148402014000,2.26,9.43,-0.11
835787,21,Walking,117148441657000,4.94,10.53,0.61
835788,21,Walking,117148521521000,-1.76,5.94,-0.69
835789,21,Walking,117148561591000,1.42,7.5,0.23
835790,21,Walking,117148601630000,0.8,6.78,0.76
835791,21,Walking,117148641577000,0.5,8.01,1.38
835792,21,Walking,117148691779000,0.89,8.43,1.18
835793,21,Walking,117148771521000,3.57,9.51,2.49
835794,21,Walking,117148811499000,4.71,13.99,1.73
835795,21,Walking,117148851630000,1.08,14.37,-2.49
835796,21,Walking,117148891821000,-2.3,12.91,-2.53
835797,21,Walking,117148974341000,-1.08,14.94,0.57
835798,21,Walking,117149014685000,3.02,9.38,0.95
835799,21,Walking,117149052100000,0.5,4.99,1.27
835800,21,Walking,117149091925000,-1.18,2.22,0.34
835801,21,Walking,117149172034000,-1.42,2.68,1.65
835802,21,Walking,117149211584000,0.11,5.75,3.72
835803,21,Walking,117149251532000,1.12,12.98,7.4
835804,21,Walking,117149291541000,0.23,16.04,10.04
835805,21,Walking,117149371588000,0.23,12.72,2.45
835806,21,Walking,117149411627000,-6.85,4.33,1.5
835807,21,Walking,117149451636000,1.46,11.45,0.69
835808,21,Walking,117149491675000,4.4,10.95,0.57
835809,21,Walking,117149574316000,-2.03,5.86,-0.53
835810,21,Walking,117149612250000,1.46,7.55,0.11
835811,21,Walking,117149651587000,0.53,7.21,1.08
835812,21,Walking,117149691443000,0.89,8.39,1.5
835813,21,Walking,117149771704000,2.07,8.92,2.3
835814,21,Walking,117149811530000,4.29,9.53,2.79
835815,21,Walking,117149851691000,4.71,12.18,2.18
835816,21,Walking,117149891486000,0.91,15.85,-1.27
835817,21,Walking,117149941962000,-1.14,12.64,-3.02
835818,21,Walking,117150021613000,-2.3,15.02,1.46
835819,21,Walking,117150061530000,3.06,10.42,-0.04
835820,21,Walking,117150101660000,0.72,4.25,1.5
835821,21,Walking,117150141516000,-0.76,1.92,0.61
835822,21,Walking,117150221503000,-1.65,2.56,2.07
835823,21,Walking,117150261633000,-0.46,6.93,5.01
835824,21,Walking,117150301520000,1.57,13.72,1.23
835825,21,Walking,117150421393000,-2.07,15.85,1.23
835826,21,Walking,117150421393000,-2.07,15.85,1.23
835827,21,Walking,117150461920000,-4.99,3.02,1.84
835828,21,Walking,117150501624000,1.38,9.15,-1.04
835829,21,Walking,117150541541000,3.02,12.3,1.27
835830,21,Walking,117150621649000,-0.15,5.67,-1.12
835831,21,Walking,117150661627000,2.64,7.25,0.69
835832,21,Walking,117150701483000,1.38,7.08,1.76
835833,21,Walking,117150741583000,0.8,7.25,1.53
835834,21,Walking,117150821600000,1.23,10.23,1.61
835835,21,Walking,117150861670000,2.37,10.42,2.83
835836,21,Walking,117150902136000,4.56,12.64,2.75
835837,21,Walking,117150941565000,2.14,13.29,-2.96
835838,21,Walking,117151021643000,-4.06,15.24,-0.76
835839,21,Walking,117151061560000,-1.92,14.44,1.18
835840,21,Walking,117151101538000,3.34,9.7,0.46
835841,21,Walking,117151141699000,-0.27,6.51,1.95
835842,21,Walking,117151221503000,-0.5,2.6,0.76
835843,21,Walking,117151261633000,-0.76,2.49,2.45
835844,21,Walking,117151301520000,-0.08,5.63,4.67
835845,21,Walking,117151341650000,-0.57,11.56,6.85
835846,21,Walking,117151421515000,3.45,9.08,8.73
835847,21,Walking,117151461523000,-3.91,17.97,-0.61
835848,21,Walking,117151501654000,-5.01,7.82,5.09
835849,21,Walking,117151541510000,0.57,7.16,-2.22
835850,21,Walking,117151621527000,-1.88,7.12,2.75
835851,21,Walking,117151661536000,-1.08,4.86,-1.73
835852,21,Walking,117151701605000,1.27,7.21,0.65
835853,21,Walking,117151751715000,0.95,7.4,0.84
835854,21,Walking,117151791480000,0.46,7.93,1.14
835855,21,Walking,117151871619000,3.15,9.38,2.75
835856,21,Walking,117151911566000,5.9,9.3,2.49
835857,21,Walking,117151953894000,3.17,14.6,0.89
835858,21,Walking,117151992957000,-0.61,13.59,-3.53
835859,21,Walking,117152071661000,-4.99,14.41,0.0
835860,21,Walking,117152111548000,-0.04,13.1,0.69
835861,21,Walking,117152152380000,3.21,8.39,1.5
835862,21,Walking,117152191473000,-0.27,3.17,1.69
835863,21,Walking,117152272192000,-1.14,1.8,1.14
835864,21,Walking,117152313635000,-1.08,3.41,2.49
835865,21,Walking,117152351477000,-0.76,8.31,6.21
835866,21,Walking,117152391608000,0.84,16.25,9.66
835867,21,Walking,117152474829000,0.19,17.47,4.67
835868,21,Walking,117152511694000,-5.13,5.56,0.69
835869,21,Walking,117152551520000,-1.92,7.93,1.18
835870,21,Walking,117152595404000,4.37,12.87,0.53
835871,21,Walking,117152671515000,-2.11,5.63,0.19
835872,21,Walking,117152711462000,0.46,7.01,-0.8
835873,21,Walking,117152751624000,0.95,6.66,0.57
835874,21,Walking,117152791632000,0.72,7.7,1.31
835875,21,Walking,117152871497000,1.88,9.81,1.92
835876,21,Walking,117152911658000,2.41,9.34,2.68
835877,21,Walking,117152951636000,4.33,11.22,2.83
835878,21,Walking,117152991492000,1.88,15.24,-0.31
835879,21,Walking,117153071661000,-3.34,13.8,-1.92
835880,21,Walking,117153112280000,-2.76,15.09,1.53
835881,21,Walking,117153151495000,1.92,11.35,0.65
835882,21,Walking,117153191595000,1.14,7.01,1.84
835883,21,Walking,117153271613000,-1.27,2.18,0.23
835884,21,Walking,117153311499000,-1.54,1.95,1.38
835885,21,Walking,117153351508000,-0.53,5.13,3.68
835886,21,Walking,117153391516000,0.69,11.11,6.97
835887,21,Walking,117153471594000,0.8,12.07,9.19
835888,21,Walking,117153511511000,-0.84,16.4,2.75
835889,21,Walking,117153551520000,-5.75,4.4,1.57
835890,21,Walking,117153591589000,1.95,10.61,-0.89
835891,21,Walking,117153671545000,-1.42,6.24,2.26
835892,21,Walking,117153711462000,-1.38,6.36,0.0
835893,21,Walking,117153751532000,1.14,7.12,0.0
835894,21,Walking,117153791663000,0.57,6.97,1.12
835895,21,Walking,117153871588000,1.08,7.59,1.57
835896,21,Walking,117153911658000,1.84,9.34,2.83
