,user,label,timestamp,x,y,z
850030,21,Walking,118123601660000,-2.41,7.4,2.91
850031,21,Walking,118123681647000,3.45,8.2,0.04
850032,21,Walking,118123721594000,0.89,7.35,1.57
850033,21,Walking,118123761542000,1.61,8.05,1.33
850034,21,Walking,118123801642000,2.18,7.93,2.72
850035,21,Walking,118123881628000,4.79,9.66,2.26
850036,21,Walking,118123921545000,4.21,12.68,1.61
850037,21,Walking,118123961707000,1.69,13.25,-0.61
850038,21,Walking,118124001654000,0.04,10.95,-3.06
850039,21,Walking,118124081824000,-1.12,14.29,2.34
850040,21,Walking,118124122290000,4.56,8.2,0.34
850041,21,Walking,118124164130000,0.99,4.48,1.73
850042,21,Walking,118124201697000,-0.84,2.83,0.89
850043,21,Walking,118124281653000,-1.38,4.9,3.17
850044,21,Walking,118124321661000,0.53,8.73,5.56
850045,21,Walking,118124361548000,0.53,12.98,7.12
850046,21,Walking,118124401495000,0.91,11.18,10.8
850047,21,Walking,118124481604000,-1.23,13.99,0.3
850048,21,Walking,118124521552000,-3.68,5.52,3.11
850049,21,Walking,118124561499000,4.86,9.72,-1.99
850050,21,Walking,118124602820000,2.18,9.3,2.37
850051,21,Walking,118124681616000,2.22,7.44,-1.33
850052,21,Walking,118124721869000,1.95,7.67,1.84
850053,21,Walking,118124761603000,2.18,8.01,1.73
850054,21,Walking,118124802435000,2.07,7.74,2.3
850055,21,Walking,118124881598000,3.26,9.28,2.34
850056,21,Walking,118124922888000,4.99,10.84,2.37
850057,21,Walking,118124961493000,2.45,13.76,1.04
850058,21,Walking,118125002905000,1.84,10.15,-3.11
850059,21,Walking,118125081610000,-4.18,17.69,4.18
850060,21,Walking,118125121588000,2.53,11.07,-0.04
850061,21,Walking,118125164893000,3.72,6.28,0.95
850062,21,Walking,118125202429000,-0.65,2.15,1.76
850063,21,Walking,118125281531000,-1.18,3.34,2.14
850064,21,Walking,118125321631000,-0.42,5.67,3.6
850065,21,Walking,118125361609000,1.38,10.53,6.51
850066,21,Walking,118125401617000,0.91,13.4,8.81
850067,21,Walking,118125481604000,0.72,17.31,2.72
850068,21,Walking,118125521613000,-4.44,4.25,1.18
850069,21,Walking,118125561621000,1.76,7.89,0.72
850070,21,Walking,118125601630000,6.59,12.26,0.38
850071,21,Walking,118125682013000,-1.04,5.83,0.04
850072,21,Walking,118125721625000,3.36,8.5,0.15
850073,21,Walking,118125761511000,0.99,7.01,1.33
850074,21,Walking,118125801611000,1.65,7.97,1.46
850075,21,Walking,118125881598000,2.49,9.11,2.83
850076,21,Walking,118125921637000,5.67,9.43,2.79
850077,21,Walking,118125961676000,4.18,12.87,0.69
850078,21,Walking,118126042426000,-0.95,10.99,-2.18
850079,21,Walking,118126081641000,-1.65,13.18,0.11
850080,21,Walking,118126121619000,-0.65,14.29,2.49
850081,21,Walking,118126161505000,3.21,8.62,0.11
850082,21,Walking,118126201605000,-0.04,4.63,2.68
850083,21,Walking,118126281500000,-0.42,3.68,1.53
850084,21,Walking,118126322516000,-0.5,4.71,3.21
850085,21,Walking,118126361395000,0.84,7.74,5.75
850086,21,Walking,118126401312000,0.89,12.83,8.47
850087,21,Walking,118126481604000,0.61,15.66,3.76
850088,21,Walking,118126521643000,-2.22,8.77,1.99
850089,21,Walking,118126562292000,-1.18,5.67,1.73
850090,21,Walking,118126601630000,6.89,12.6,0.04
850091,21,Walking,118126681769000,-2.96,4.94,1.46
850092,21,Walking,118126721625000,1.42,7.35,-0.93
850093,21,Walking,118126761603000,1.31,6.85,0.89
850094,21,Walking,118126801642000,1.65,8.2,1.46
850095,21,Walking,118126881506000,1.5,8.5,3.15
850096,21,Walking,118126922797000,4.37,9.0,2.56
850097,21,Walking,118126961676000,5.63,11.26,1.61
850098,21,Walking,118127001593000,2.96,15.36,-0.19
850099,21,Walking,118127081519000,-2.18,13.91,-0.46
850100,21,Walking,118127121619000,-0.8,16.02,3.11
850101,21,Walking,118127161597000,4.21,8.89,0.42
850102,21,Walking,118127201605000,1.42,5.24,1.57
850103,21,Walking,118127281500000,-0.89,3.87,0.95
850104,21,Walking,118127321692000,-1.95,3.64,1.99
850105,21,Walking,118127362738000,-0.72,5.86,3.98
850106,21,Walking,118127401648000,1.23,11.75,6.63
850107,21,Walking,118127481604000,0.72,11.22,6.74
850108,21,Walking,118127521521000,-0.15,15.13,1.76
850109,21,Walking,118127561652000,-3.64,4.75,2.18
850110,21,Walking,118127601538000,3.64,9.47,-0.15
850111,21,Walking,118127681708000,-3.11,5.52,2.41
850112,21,Walking,118127721503000,0.15,6.51,-0.76
850113,21,Walking,118127768561000,1.84,7.44,1.04
850114,21,Walking,118127804236000,0.99,8.05,1.61
850115,21,Walking,118127881812000,1.61,7.59,2.53
850116,21,Walking,118127921545000,3.26,8.66,3.15
850117,21,Walking,118127961646000,7.08,10.88,2.37
850118,21,Walking,118128001807000,2.6,16.02,0.5
850119,21,Walking,118128081519000,-1.73,10.95,-1.42
850120,21,Walking,118128121527000,-2.15,13.87,2.03
850121,21,Walking,118128161627000,1.12,12.26,1.8
850122,21,Walking,118128201819000,3.21,7.31,0.91
850123,21,Walking,118128281622000,-0.31,3.38,1.31
850124,21,Walking,118128321509000,-0.89,3.91,1.5
850125,21,Walking,118128361639000,-0.69,4.94,3.64
850126,21,Walking,118128401648000,0.76,8.58,6.21
850127,21,Walking,118128481512000,1.46,10.15,10.8
850128,21,Walking,118128521979000,0.5,15.55,0.42
850129,21,Walking,118128561499000,-2.98,9.19,2.11
850130,21,Walking,118128601874000,0.15,7.46,1.08
850131,21,Walking,118128681647000,-1.99,6.85,2.87
850132,21,Walking,118128721625000,-0.5,5.13,-0.11
850133,21,Walking,118128761603000,2.75,8.05,0.08
850134,21,Walking,118128921515000,2.79,8.58,3.02
850135,21,Walking,118128921515000,2.79,8.58,3.02
850136,21,Walking,118128921515000,2.79,8.58,3.02
850137,21,Walking,118128961676000,6.82,9.38,2.34
850138,21,Walking,118129002478000,3.26,13.8,2.03
850139,21,Walking,118129081702000,-0.53,11.03,-2.96
850140,21,Walking,118129121710000,-4.29,14.6,1.8
850141,21,Walking,118129161719000,-0.11,13.4,2.3
850142,21,Walking,118129201971000,4.37,7.89,0.84
850143,21,Walking,118129282050000,-0.93,3.26,1.31
850144,21,Walking,118129321875000,-1.18,3.64,1.5
850145,21,Walking,118129361517000,-1.46,4.9,3.06
850146,21,Walking,118129401678000,0.27,8.43,5.18
850147,21,Walking,118129481604000,1.5,12.68,10.95
850148,21,Walking,118129521552000,0.3,11.88,2.87
850149,21,Walking,118129561530000,-2.37,11.96,1.5
850150,21,Walking,118129601752000,-1.92,4.79,2.91
850151,21,Walking,118129682684000,1.8,9.72,2.68
850152,21,Walking,118129722418000,-2.68,4.94,1.65
850153,21,Walking,118129761725000,2.41,7.63,-0.89
850154,21,Walking,118129801672000,1.33,6.93,1.12
850155,21,Walking,118129881567000,1.5,7.67,1.84
850156,21,Walking,118129921637000,1.95,8.28,2.07
850157,21,Walking,118129961646000,3.15,10.15,1.99
850158,21,Walking,118130001563000,3.83,10.46,2.45
850159,21,Walking,118130081610000,1.65,11.11,-1.99
850160,21,Walking,118130121893000,-1.38,12.53,-1.57
850161,21,Walking,118130162299000,-2.68,16.93,3.79
850162,21,Walking,118130201636000,2.75,11.35,1.12
850163,21,Walking,118130281836000,-0.8,2.49,1.57
850164,21,Walking,118130322546000,-0.93,3.87,0.99
850165,21,Walking,118130361945000,-1.73,3.72,1.46
850166,21,Walking,118130403082000,-1.42,5.28,3.49
850167,21,Walking,118130481757000,1.18,14.56,9.11
850168,21,Walking,118130521613000,1.73,9.53,10.0
850169,21,Walking,118130562018000,0.34,15.28,1.84
850170,21,Walking,118130601599000,-3.83,10.53,1.73
850171,21,Walking,118130683508000,6.63,10.84,-1.18
850172,21,Walking,118130721625000,0.89,9.11,3.06
850173,21,Walking,118130761633000,-2.68,5.52,1.08
850174,21,Walking,118130801672000,2.45,7.5,-0.84
850175,21,Walking,118130881598000,1.84,7.97,1.53
850176,21,Walking,118130921667000,1.92,7.21,2.34
850177,21,Walking,118130961554000,2.68,8.54,2.68
850178,21,Walking,118131001715000,3.95,9.72,2.37
850179,21,Walking,118131081519000,1.42,14.52,0.72
850180,21,Walking,118131121588000,1.88,11.03,-2.76
850181,21,Walking,118131161597000,-1.18,12.34,-1.42
850182,21,Walking,118131201697000,-3.53,16.28,4.33
850183,21,Walking,118131281866000,3.41,6.28,1.5
850184,21,Walking,118131323309000,-0.89,2.37,1.42
850185,21,Walking,118131362280000,-0.61,3.38,0.89
850186,21,Walking,118131401526000,-1.88,3.68,1.31
850187,21,Walking,118131451910000,-1.31,7.44,3.87
850188,21,Walking,118131531592000,-0.34,12.26,10.0
850189,21,Walking,118131571478000,2.75,9.04,8.35
850190,21,Walking,118131611578000,0.42,17.31,0.8
850191,21,Walking,118131651801000,-5.05,4.79,3.11
850192,21,Walking,118131731604000,5.94,11.5,0.08
850193,21,Walking,118131771643000,-2.96,5.94,2.68
850194,21,Walking,118131811682000,-0.5,5.98,-0.31
850195,21,Walking,118131851599000,3.6,8.24,0.69
850196,21,Walking,118131931494000,1.84,7.78,1.42
850197,21,Walking,118131971686000,1.31,7.93,2.22
850198,21,Walking,118132011572000,1.53,8.92,2.56
850199,21,Walking,118132051581000,5.9,9.81,2.03
850200,21,Walking,118132131781000,1.08,14.14,-0.72
850201,21,Walking,118132171545000,-0.84,10.23,-2.45
850202,21,Walking,118132211584000,-2.6,13.72,0.84
850203,21,Walking,118132251563000,-1.8,15.09,3.17
850204,21,Walking,118132331458000,1.33,4.99,2.41
850205,21,Walking,118132371619000,-1.14,3.15,1.92
850206,21,Walking,118132412878000,-0.5,3.3,0.89
850207,21,Walking,118132451544000,-1.04,4.1,2.14
850208,21,Walking,118132531592000,0.69,11.69,7.93
850209,21,Walking,118132571570000,1.23,12.45,9.77
850210,21,Walking,118132611517000,2.53,14.29,6.24
850211,21,Walking,118132651556000,-3.68,4.06,2.98
850212,21,Walking,118132731635000,5.41,11.56,-0.61
850213,21,Walking,118132771643000,2.79,9.81,2.34
850214,21,Walking,118132811560000,-3.38,4.99,1.38
850215,21,Walking,118132851630000,0.95,7.35,-0.8
850216,21,Walking,118132931616000,1.76,7.82,1.27
850217,21,Walking,118132971747000,2.11,7.74,1.61
850218,21,Walking,118133022345000,2.07,8.66,2.83
850219,21,Walking,118133061530000,3.34,9.15,2.98
850220,21,Walking,118133101721000,6.78,11.07,1.95
850221,21,Walking,118133181525000,0.8,10.73,-1.95
850222,21,Walking,118133221594000,-0.93,10.88,-2.56
850223,21,Walking,118133263770000,-3.53,15.79,3.57
850224,21,Walking,118133301917000,1.84,11.92,1.69
850225,21,Walking,118133341834000,3.95,6.7,0.95
850226,21,Walking,118133431494000,-0.95,4.48,1.42
850227,21,Walking,118133471564000,-1.76,3.83,1.73
850228,21,Walking,118133518164000,-0.65,6.78,4.06
850229,21,Walking,118133561621000,1.04,11.84,7.16
