,user,label,timestamp,x,y,z
919850,22,Walking,646632793000,3.3,8.2,0.46
919851,22,Walking,646682658000,5.56,6.7,-0.19
919852,22,Walking,646732707000,4.86,8.05,1.18
919853,22,Walking,646783366000,4.21,10.04,0.95
919854,22,Walking,646842326000,8.35,9.11,0.38
919855,22,Walking,646902324000,9.28,12.07,0.11
919856,22,Walking,646952312000,2.3,10.19,-3.15
919857,22,Walking,647002299000,0.38,17.77,0.5
919858,22,Walking,647052318000,4.56,10.23,-0.38
919859,22,Walking,647102336000,4.48,5.94,0.99
919860,22,Walking,647152293000,0.46,5.67,1.54
919861,22,Walking,647202312000,0.23,4.21,0.69
919862,22,Walking,647252299000,2.18,6.32,2.11
919863,22,Walking,647302318000,1.76,6.28,5.18
919864,22,Walking,647352305000,7.01,12.3,9.0
919865,22,Walking,647402293000,2.3,10.31,7.82
919866,22,Walking,647452312000,3.64,16.47,-0.69
919867,22,Walking,647502299000,-1.04,4.67,0.46
919868,22,Walking,647552318000,10.8,6.51,-2.53
919869,22,Walking,647602305000,3.06,9.08,2.49
919870,22,Walking,647652293000,3.79,7.25,0.31
919871,22,Walking,647702312000,4.9,6.97,0.53
919872,22,Walking,647752299000,4.82,7.44,-0.34
919873,22,Walking,647802318000,3.15,9.0,0.57
919874,22,Walking,647852367000,6.47,8.62,1.27
919875,22,Walking,647902385000,7.97,9.81,0.84
919876,22,Walking,647952373000,6.97,11.88,1.23
919877,22,Walking,648002605000,6.17,9.96,-3.11
919878,22,Walking,648052348000,0.42,17.69,0.34
919879,22,Walking,648102336000,2.53,13.18,-0.5
919880,22,Walking,648152324000,4.82,6.74,0.15
919881,22,Walking,648202373000,1.33,5.37,1.08
919882,22,Walking,648252330000,-0.19,4.37,1.12
919883,22,Walking,648302348000,1.33,5.09,1.69
919884,22,Walking,648352367000,1.88,5.52,4.71
919885,22,Walking,648402324000,6.4,12.6,9.96
919886,22,Walking,648452342000,2.22,11.18,7.4
919887,22,Walking,648502330000,-0.69,15.89,2.3
919888,22,Walking,648552348000,6.55,4.6,-1.76
919889,22,Walking,648602336000,7.97,5.41,-2.41
919890,22,Walking,648652324000,2.56,11.11,2.76
919891,22,Walking,648702342000,3.6,6.63,-1.04
919892,22,Walking,648752360000,5.43,7.55,0.84
919893,22,Walking,648802348000,4.99,7.4,0.72
919894,22,Walking,648852367000,4.52,7.63,1.18
919895,22,Walking,648902324000,4.82,8.89,0.42
919896,22,Walking,648952342000,6.74,10.04,0.42
919897,22,Walking,649002330000,6.28,11.14,1.23
919898,22,Walking,649052409000,8.85,10.27,0.57
919899,22,Walking,649102367000,1.42,11.3,-2.72
919900,22,Walking,649152324000,2.22,16.63,1.04
919901,22,Walking,649202373000,5.28,8.85,0.27
919902,22,Walking,649252360000,3.11,6.32,1.18
919903,22,Walking,649302348000,0.76,4.86,0.95
919904,22,Walking,649352367000,0.69,5.13,0.93
919905,22,Walking,649402324000,1.92,5.98,2.91
919906,22,Walking,649452373000,1.8,7.55,6.82
919907,22,Walking,649502330000,7.4,15.7,9.77
919908,22,Walking,649572368000,0.46,10.61,5.24
919909,22,Walking,649622233000,2.49,6.82,-1.12
919910,22,Walking,649672374000,8.39,5.67,-2.3
919911,22,Walking,649722270000,3.49,9.66,2.49
919912,22,Walking,649772288000,3.26,7.7,0.11
919913,22,Walking,649822307000,4.75,7.74,1.18
919914,22,Walking,649872295000,4.4,7.35,-0.08
919915,22,Walking,649922313000,4.44,7.74,0.42
919916,22,Walking,649972331000,4.14,9.47,0.99
919917,22,Walking,650022319000,6.17,9.72,0.95
919918,22,Walking,650072307000,7.7,10.5,1.08
919919,22,Walking,650122325000,10.34,11.11,-0.5
919920,22,Walking,650172313000,-0.53,12.41,-2.87
919921,22,Walking,650222606000,1.88,16.32,0.08
919922,22,Walking,650222606000,1.88,16.32,0.08
919923,22,Walking,650282878000,5.56,8.35,0.11
919924,22,Walking,650332530000,1.92,5.41,1.65
919925,22,Walking,650383128000,0.42,4.25,1.31
919926,22,Walking,650432719000,1.04,5.01,1.18
919927,22,Walking,650482371000,2.03,6.21,3.3
919928,22,Walking,650532909000,3.57,10.5,8.01
919929,22,Walking,650582530000,6.02,13.48,8.39
919930,22,Walking,650633159000,2.03,15.32,3.79
919931,22,Walking,650682780000,0.53,5.6,-1.8
919932,22,Walking,650732402000,9.77,5.9,-2.53
919933,22,Walking,650782939000,2.98,9.96,2.26
919934,22,Walking,650832591000,2.91,7.7,0.15
919935,22,Walking,650883250000,5.56,7.25,0.89
919936,22,Walking,650932841000,4.94,7.31,-0.19
919937,22,Walking,650982463000,4.37,8.05,0.65
919938,22,Walking,651033061000,4.29,9.58,1.12
919939,22,Walking,651082713000,6.97,8.96,0.89
919940,22,Walking,651133372000,7.21,10.99,0.61
919941,22,Walking,651192302000,9.08,11.8,0.11
919942,22,Walking,651252360000,-0.38,12.57,-1.23
919943,22,Walking,651302318000,3.53,12.91,-0.04
919944,22,Walking,651352305000,4.99,6.82,0.38
919945,22,Walking,651402293000,1.84,6.13,1.88
919946,22,Walking,651452312000,0.57,4.86,1.5
919947,22,Walking,651502299000,1.95,6.02,1.76
919948,22,Walking,651552318000,1.73,5.37,3.57
919949,22,Walking,651602305000,3.83,9.43,6.32
919950,22,Walking,651652293000,6.17,14.41,8.77
919951,22,Walking,651702312000,0.57,7.7,4.37
919952,22,Walking,651752299000,4.44,17.2,0.89
919953,22,Walking,651802318000,2.87,3.06,-2.26
919954,22,Walking,651852336000,8.24,9.34,0.27
919955,22,Walking,651902293000,1.38,8.58,1.46
919956,22,Walking,651952312000,5.05,7.12,-0.19
919957,22,Walking,652002635000,4.99,7.78,0.57
919958,22,Walking,652052318000,5.13,7.86,0.04
919959,22,Walking,652102305000,3.6,8.12,0.5
919960,22,Walking,652152293000,5.18,9.04,0.46
919961,22,Walking,652202312000,6.82,10.0,0.57
919962,22,Walking,652252299000,7.06,10.57,1.14
919963,22,Walking,652302318000,9.19,10.76,-0.65
919964,22,Walking,652352305000,0.69,11.3,-1.65
919965,22,Walking,652402324000,2.11,16.25,0.11
919966,22,Walking,652452312000,4.82,9.34,0.08
919967,22,Walking,652502299000,2.87,6.24,1.18
919968,22,Walking,652552348000,0.65,4.71,1.23
919969,22,Walking,652602305000,1.5,4.63,1.8
919970,22,Walking,652652293000,2.22,5.63,3.3
919971,22,Walking,652702312000,2.45,7.97,6.36
919972,22,Walking,652752299000,8.01,14.6,9.23
919973,22,Walking,652802318000,0.31,9.0,5.52
919974,22,Walking,652852305000,4.6,15.85,-1.31
919975,22,Walking,652902293000,3.3,3.26,-1.08
919976,22,Walking,652952312000,8.2,9.7,0.08
919977,22,Walking,653002299000,1.04,8.77,1.57
919978,22,Walking,653052318000,4.9,7.59,-0.69
919979,22,Walking,653102305000,4.29,7.46,0.72
919980,22,Walking,653152293000,5.63,7.31,-0.04
919981,22,Walking,653202312000,3.99,8.47,1.04
919982,22,Walking,653252299000,5.83,9.47,1.14
919983,22,Walking,653302348000,7.08,10.31,0.53
919984,22,Walking,653352336000,7.74,10.92,1.73
919985,22,Walking,653402324000,6.66,9.81,-2.87
919986,22,Walking,653452342000,0.11,16.4,0.27
919987,22,Walking,653502330000,3.76,12.76,-0.15
919988,22,Walking,653552379000,4.75,6.93,0.69
919989,22,Walking,653602336000,1.23,5.52,1.8
919990,22,Walking,653652324000,0.23,4.37,1.04
919991,22,Walking,653702342000,1.65,5.33,1.5
919992,22,Walking,653762340000,2.37,6.21,4.37
919993,22,Walking,653812297000,7.21,12.64,8.62
919994,22,Walking,653862315000,2.87,11.41,7.93
919995,22,Walking,653912303000,3.38,15.6,0.34
919996,22,Walking,653962291000,0.53,7.12,-0.11
919997,22,Walking,654012309000,9.43,6.47,-2.07
919998,22,Walking,654062297000,2.79,8.81,2.34
919999,22,Walking,654112315000,3.76,8.28,-0.11
920000,22,Walking,654162303000,4.9,7.55,1.08
920001,22,Walking,654212291000,6.09,7.44,0.0
920002,22,Walking,654262309000,4.21,8.01,0.99
920003,22,Walking,654312297000,3.83,8.77,0.42
920004,22,Walking,654362315000,6.66,9.38,0.69
920005,22,Walking,654412303000,6.05,10.04,0.5
920006,22,Walking,654462291000,8.01,11.22,0.89
920007,22,Walking,654512309000,5.86,10.08,-2.45
920008,22,Walking,654562297000,0.27,15.32,0.76
920009,22,Walking,654622417000,3.49,12.37,0.08
920010,22,Walking,654672282000,4.33,6.32,1.27
920011,22,Walking,654722301000,0.72,5.98,1.31
920012,22,Walking,654772288000,0.84,4.79,1.42
920013,22,Walking,654822307000,2.07,6.4,2.41
920014,22,Walking,654872325000,1.31,5.86,4.86
920015,22,Walking,654922374000,5.94,12.41,8.24
920016,22,Walking,654972362000,4.18,10.88,8.47
920017,22,Walking,655022288000,3.53,15.43,0.99
920018,22,Walking,655072307000,1.08,6.24,0.19
920019,22,Walking,655122356000,8.89,6.21,-1.65
920020,22,Walking,655172313000,3.99,9.08,1.73
920021,22,Walking,655222301000,2.87,8.5,0.53
920022,22,Walking,655272288000,4.9,7.74,1.14
920023,22,Walking,655322307000,4.75,7.06,-0.27
920024,22,Walking,655372295000,4.02,8.01,0.57
920025,22,Walking,655422313000,3.34,9.77,0.95
920026,22,Walking,655472301000,6.74,9.51,0.76
920027,22,Walking,655522319000,8.62,9.47,0.72
920028,22,Walking,655572307000,9.28,12.03,-0.46
920029,22,Walking,655622295000,0.57,9.77,-2.34
920030,22,Walking,655672313000,1.18,16.63,0.19
920031,22,Walking,655722301000,4.37,10.99,0.0
920032,22,Walking,655772288000,3.87,6.93,1.27
920033,22,Walking,655822307000,1.69,6.09,1.46
920034,22,Walking,655872325000,1.23,4.75,1.33
920035,22,Walking,655922313000,1.84,5.33,1.84
920036,22,Walking,655972301000,1.88,5.86,5.13
920037,22,Walking,656022319000,6.47,11.03,8.54
920038,22,Walking,656072307000,2.72,11.07,8.24
920039,22,Walking,656122325000,1.65,16.36,1.5
920040,22,Walking,656172313000,3.38,5.63,-0.23
920041,22,Walking,656222301000,8.62,5.01,-1.92
920042,22,Walking,656272288000,4.06,10.88,3.15
920043,22,Walking,656322307000,3.34,7.27,-0.42
920044,22,Walking,656372325000,4.52,7.89,0.95
920045,22,Walking,656422313000,4.63,7.06,0.27
920046,22,Walking,656472301000,4.56,7.31,0.34
920047,22,Walking,656522288000,3.95,9.23,1.27
920048,22,Walking,656572307000,6.24,9.96,0.46
920049,22,Walking,656622325000,8.5,10.73,0.5
