,user,label,timestamp,x,y,z
926250,22,Walking,966652232000,5.05,10.34,-3.45
926251,22,Walking,966702312000,1.27,15.89,-0.27
926252,22,Walking,966752269000,3.38,12.11,-0.19
926253,22,Walking,966802318000,4.63,7.78,0.19
926254,22,Walking,966852305000,2.6,6.7,1.33
926255,22,Walking,966902293000,0.89,7.01,2.22
926256,22,Walking,966952281000,0.5,5.86,2.18
926257,22,Walking,967010356000,1.76,5.13,2.72
926258,22,Walking,967072276000,2.26,7.86,5.41
926259,22,Walking,967122295000,4.29,13.06,9.96
926260,22,Walking,967172313000,0.31,8.96,5.52
926261,22,Walking,967222301000,5.01,18.47,-0.27
926262,22,Walking,967272288000,0.5,2.56,-1.04
926263,22,Walking,967322307000,9.66,7.59,-1.8
926264,22,Walking,967372295000,2.49,9.04,2.34
926265,22,Walking,967422313000,3.68,8.31,-0.53
926266,22,Walking,967472301000,5.56,7.86,0.84
926267,22,Walking,967522288000,5.83,7.74,0.5
926268,22,Walking,967572307000,4.33,8.05,0.8
926269,22,Walking,967622295000,3.64,8.69,0.5
926270,22,Walking,967672313000,5.43,9.28,1.18
926271,22,Walking,967722301000,6.02,9.38,0.8
926272,22,Walking,967772319000,7.78,9.89,0.93
926273,22,Walking,967822307000,8.31,10.95,-2.41
926274,22,Walking,967872295000,0.8,14.1,-0.99
926275,22,Walking,967922313000,2.79,14.37,-0.89
926276,22,Walking,967972301000,4.52,8.28,0.08
926277,22,Walking,968022288000,3.38,7.08,2.03
926278,22,Walking,968072307000,2.26,6.55,3.34
926279,22,Walking,968122295000,1.04,4.67,2.07
926280,22,Walking,968172313000,1.73,5.52,3.26
926281,22,Walking,968222301000,0.84,6.28,4.06
926282,22,Walking,968272319000,3.53,9.62,6.59
926283,22,Walking,968322307000,4.21,9.85,7.55
926284,22,Walking,968372295000,2.41,7.4,6.32
926285,22,Walking,968422343000,1.46,14.02,2.03
926286,22,Walking,968472301000,3.91,8.69,0.53
926287,22,Walking,968522288000,7.01,3.34,-3.34
926288,22,Walking,968572307000,3.3,10.46,1.18
926289,22,Walking,968622295000,4.4,8.43,-0.72
926290,22,Walking,968672313000,5.67,8.08,0.76
926291,22,Walking,968722362000,5.6,7.59,0.65
926292,22,Walking,968772288000,4.9,8.08,0.57
926293,22,Walking,968822307000,3.38,8.31,0.38
926294,22,Walking,968872356000,4.48,8.28,0.57
926295,22,Walking,968922313000,5.79,9.43,0.31
926296,22,Walking,968972301000,5.98,10.42,0.19
926297,22,Walking,969022288000,7.5,9.72,2.03
926298,22,Walking,969072307000,9.47,9.81,-0.8
926299,22,Walking,969122295000,1.27,12.07,-1.65
926300,22,Walking,969172313000,1.84,14.9,0.19
926301,22,Walking,969222301000,4.71,9.34,0.69
926302,22,Walking,969272288000,3.76,7.16,1.57
926303,22,Walking,969322307000,1.38,7.31,1.8
926304,22,Walking,969372325000,1.08,4.94,1.42
926305,22,Walking,969422313000,1.12,5.67,2.22
926306,22,Walking,969472301000,0.99,5.22,3.76
926307,22,Walking,969522288000,5.28,11.56,8.5
926308,22,Walking,969572307000,3.17,12.22,8.43
926309,22,Walking,969622295000,-0.15,10.99,2.96
926310,22,Walking,969672313000,4.71,13.02,1.33
926311,22,Walking,969722301000,4.25,2.6,-2.22
926312,22,Walking,969772288000,7.97,10.27,0.72
926313,22,Walking,969822307000,1.33,8.77,1.61
926314,22,Walking,969872295000,5.22,7.63,-0.42
926315,22,Walking,969922313000,4.86,7.86,0.57
926316,22,Walking,969972301000,5.01,7.97,0.46
926317,22,Walking,970022288000,3.6,8.08,0.76
926318,22,Walking,970072307000,4.94,9.04,0.38
926319,22,Walking,970122295000,6.05,9.51,1.08
926320,22,Walking,970172313000,8.96,10.27,0.08
926321,22,Walking,970222301000,8.24,13.57,-0.69
926322,22,Walking,970272288000,1.54,9.15,-2.07
926323,22,Walking,970322307000,1.04,14.82,0.84
926324,22,Walking,970372295000,3.99,9.47,-0.57
926325,22,Walking,970422313000,1.76,7.27,2.07
926326,22,Walking,970472362000,1.76,7.27,2.07
926327,22,Walking,970522258000,0.31,5.33,1.8
926328,22,Walking,970572215000,2.07,6.21,2.98
926329,22,Walking,970622569000,1.5,5.13,3.26
926330,22,Walking,970672313000,2.3,7.67,6.47
926331,22,Walking,970722301000,5.33,14.29,10.0
926332,22,Walking,970772319000,0.31,5.22,5.83
926333,22,Walking,970822307000,1.8,16.04,0.23
926334,22,Walking,970872295000,4.18,6.02,1.27
926335,22,Walking,970922313000,8.69,5.18,-1.99
926336,22,Walking,970972301000,3.15,9.77,2.53
926337,22,Walking,971022288000,4.14,7.16,-1.42
926338,22,Walking,971072307000,5.22,8.39,0.57
926339,22,Walking,971122295000,4.25,8.31,0.69
926340,22,Walking,971172313000,4.44,7.7,0.38
926341,22,Walking,971222301000,3.79,8.73,0.34
926342,22,Walking,971272288000,5.33,9.38,0.69
926343,22,Walking,971322307000,8.2,8.92,1.46
926344,22,Walking,971372295000,8.77,10.23,1.69
926345,22,Walking,971422313000,7.01,10.34,-1.95
926346,22,Walking,971472301000,-0.53,14.6,-0.65
926347,22,Walking,971522288000,2.56,13.87,-0.27
926348,22,Walking,971572307000,6.63,7.82,0.93
926349,22,Walking,971622295000,2.18,7.46,1.27
926350,22,Walking,971672313000,0.99,6.51,1.5
926351,22,Walking,971722301000,1.57,5.98,2.18
926352,22,Walking,971772288000,1.23,5.63,2.91
926353,22,Walking,971822337000,1.57,5.13,4.44
926354,22,Walking,971872295000,5.94,11.11,9.23
926355,22,Walking,971922313000,2.68,10.5,7.08
926356,22,Walking,971972301000,-0.95,8.16,3.68
926357,22,Walking,972022288000,4.33,18.35,1.65
926358,22,Walking,972072307000,0.53,1.88,-2.45
926359,22,Walking,972122295000,10.69,8.16,-2.03
926360,22,Walking,972172313000,2.15,9.04,1.99
926361,22,Walking,972222301000,5.13,7.67,-1.84
926362,22,Walking,972272288000,5.05,8.62,0.72
926363,22,Walking,972322307000,4.44,8.05,0.27
926364,22,Walking,972372295000,4.56,8.16,0.38
926365,22,Walking,972422313000,4.37,8.58,0.15
926366,22,Walking,972472301000,5.48,9.96,1.08
926367,22,Walking,972522288000,8.2,9.38,0.89
926368,22,Walking,972572307000,7.97,11.3,0.84
926369,22,Walking,972622295000,6.85,10.5,-2.53
926370,22,Walking,972672313000,-0.19,13.1,-0.19
926371,22,Walking,972722301000,2.34,13.76,-1.12
926372,22,Walking,972772288000,5.48,7.82,1.18
926373,22,Walking,972822307000,2.83,6.7,1.46
926374,22,Walking,972872295000,1.33,6.21,1.8
926375,22,Walking,972922313000,1.12,6.28,2.34
926376,22,Walking,972972301000,1.38,5.37,2.96
926377,22,Walking,973022288000,1.73,6.02,4.6
926378,22,Walking,973072337000,2.79,10.76,7.46
926379,22,Walking,973122295000,2.56,12.57,8.35
926380,22,Walking,973172313000,7.93,17.24,3.76
926381,22,Walking,973222301000,-3.21,3.11,-0.46
926382,22,Walking,973272288000,9.34,8.81,0.11
926383,22,Walking,973322307000,5.67,7.27,0.95
926384,22,Walking,973372295000,1.54,8.89,2.22
926385,22,Walking,973422313000,5.56,7.82,0.19
926386,22,Walking,973472301000,4.56,7.5,1.27
926387,22,Walking,973522288000,3.95,8.5,1.08
926388,22,Walking,973572276000,3.68,8.5,1.08
926389,22,Walking,973622264000,3.68,8.31,0.23
926390,22,Walking,973672313000,5.01,8.77,0.04
926391,22,Walking,973722301000,7.01,9.08,0.53
926392,22,Walking,973772349000,8.77,8.54,1.42
926393,22,Walking,973822307000,8.69,10.08,-0.19
926394,22,Walking,973872295000,4.06,11.5,-2.45
926395,22,Walking,973922313000,0.5,16.47,0.31
926396,22,Walking,973972301000,2.56,12.72,-0.04
926397,22,Walking,974022288000,4.79,6.63,0.15
926398,22,Walking,974072307000,1.61,6.78,0.76
926399,22,Walking,974122295000,0.89,6.74,2.41
926400,22,Walking,974172343000,0.99,5.79,1.92
926401,22,Walking,974222301000,1.18,5.52,3.26
926402,22,Walking,974272288000,1.27,6.59,6.44
926403,22,Walking,974322307000,5.33,13.18,10.42
926404,22,Walking,974372295000,-0.99,8.12,5.18
926405,22,Walking,974422313000,3.15,18.7,-0.34
926406,22,Walking,974472301000,2.07,2.34,-1.65
926407,22,Walking,974522288000,10.38,8.16,-1.33
926408,22,Walking,974572307000,1.73,8.54,3.11
926409,22,Walking,974622295000,4.14,7.44,-0.19
926410,22,Walking,974672313000,5.24,7.35,0.46
926411,22,Walking,974722270000,5.24,7.27,0.19
926412,22,Walking,974772258000,4.37,8.24,0.19
926413,22,Walking,974822307000,3.91,9.66,-0.04
926414,22,Walking,974872295000,7.16,9.11,0.72
926415,22,Walking,974922313000,8.77,11.37,-0.08
926416,22,Walking,974972301000,5.56,12.87,-0.11
926417,22,Walking,975022258000,1.8,11.07,-0.46
926418,22,Walking,975072307000,1.33,13.8,-1.27
926419,22,Walking,975122295000,3.02,9.66,0.61
926420,22,Walking,975172313000,3.49,6.97,0.38
926421,22,Walking,975222301000,1.5,6.82,1.23
926422,22,Walking,975272288000,0.57,4.82,1.92
926423,22,Walking,975322307000,1.08,5.52,2.34
926424,22,Walking,975372295000,1.12,5.6,5.71
926425,22,Walking,975422313000,6.05,14.6,10.5
926426,22,Walking,975472301000,-1.65,8.58,5.94
926428,22,Walking,975531291000,0.04,17.86,-0.27
926427,22,Walking,975531291000,0.04,17.86,-0.27
926429,22,Walking,975582622000,3.41,2.6,-1.42
926430,22,Walking,975633281000,9.92,8.35,-0.5
926431,22,Walking,975692271000,2.64,8.62,2.15
926432,22,Walking,975752299000,4.33,7.78,-0.99
926433,22,Walking,975802318000,4.48,7.74,0.57
926434,22,Walking,975852305000,5.18,7.89,0.53
926435,22,Walking,975902324000,4.14,7.86,0.69
926436,22,Walking,975952281000,4.4,8.77,0.0
926437,22,Walking,976002574000,6.05,11.14,0.46
926438,22,Walking,976052318000,6.66,10.73,1.27
926439,22,Walking,976102275000,10.0,11.92,-0.08
926440,22,Walking,976152232000,5.43,9.23,-2.34
926441,22,Walking,976202312000,1.54,15.17,0.46
926442,22,Walking,976252208000,2.91,10.84,-0.38
926443,22,Walking,976302318000,4.37,6.74,0.76
926444,22,Walking,976352305000,1.84,7.01,0.89
926445,22,Walking,976402263000,0.57,5.05,1.57
926446,22,Walking,976452281000,1.42,5.6,2.56
926447,22,Walking,976502299000,0.84,3.99,3.26
926448,22,Walking,976552318000,3.45,8.85,7.46
926449,22,Walking,976602305000,6.09,14.79,9.62
