,user,label,timestamp,x,y,z
649701,23,Walking,208032329000,0.23,7.97,-2.45
649702,23,Walking,208082347000,-1.73,10.23,1.31
649703,23,Walking,208132365000,-2.83,12.22,0.31
649704,23,Walking,208182323000,-6.93,14.21,-2.22
649705,23,Walking,208232341000,0.69,14.98,7.86
649706,23,Walking,208282298000,-3.45,15.24,-0.76
649707,23,Walking,208332652000,3.34,16.28,-2.07
649708,23,Walking,208382365000,2.6,14.94,-6.7
649709,23,Walking,208432323000,-1.08,6.97,-5.48
649710,23,Walking,208482341000,-0.15,-1.12,-5.86
649711,23,Walking,208532329000,2.98,-1.84,-6.21
649712,23,Walking,208582347000,3.95,8.81,1.99
649713,23,Walking,208632335000,-5.79,17.5,14.18
649714,23,Walking,208682323000,0.84,3.68,-2.45
649715,23,Walking,208732341000,7.35,13.99,-2.26
649716,23,Walking,208782329000,-1.57,6.24,-9.23
649717,23,Walking,208832439000,-1.04,13.67,-2.72
649718,23,Walking,208882335000,-0.89,9.72,-1.73
649719,23,Walking,208932323000,0.0,9.15,0.0
649720,23,Walking,208982280000,1.73,7.35,-3.64
649721,23,Walking,209032329000,-3.49,12.03,2.22
649722,23,Walking,209082408000,-7.82,13.95,-1.53
649723,23,Walking,209132335000,-4.14,14.41,4.52
649724,23,Walking,209182323000,-3.11,13.44,6.17
649725,23,Walking,209232341000,0.31,16.59,-10.42
649726,23,Walking,209282481000,7.63,18.96,-2.56
649727,23,Walking,209332347000,-0.53,9.96,-3.02
649728,23,Walking,209382335000,-1.27,1.8,-5.9
649729,23,Walking,209432323000,1.38,-2.45,-6.97
649730,23,Walking,209486125000,3.6,2.87,-3.76
649731,23,Walking,209542308000,-2.41,18.31,16.59
649732,23,Walking,209592357000,-2.03,5.05,4.63
649733,23,Walking,209642314000,15.32,9.89,-3.02
649734,23,Walking,209692332000,-7.93,9.38,-12.76
649735,23,Walking,209742320000,1.12,7.74,-6.43
649736,23,Walking,209792308000,0.93,13.18,-3.95
649737,23,Walking,209842296000,-0.04,10.12,0.61
649738,23,Walking,209892314000,0.89,6.09,-5.56
649739,23,Walking,209942302000,-5.09,13.02,4.14
649740,23,Walking,209992320000,-8.27,13.18,-0.95
649741,23,Walking,210042735000,-5.6,16.21,5.75
649742,23,Walking,210092296000,-1.5,17.69,1.27
649743,23,Walking,210142314000,6.78,17.73,-4.37
649744,23,Walking,210192302000,2.68,16.36,-5.56
649745,23,Walking,210242412000,-2.03,7.67,-6.59
649746,23,Walking,210292338000,-0.95,-2.91,-7.65
649747,23,Walking,210342326000,3.02,-1.61,-6.85
649748,23,Walking,210392314000,-0.42,6.85,7.08
649749,23,Walking,210442332000,3.15,16.63,9.77
649750,23,Walking,210492351000,4.06,7.12,0.72
649751,23,Walking,210542308000,0.65,15.83,0.5
649752,23,Walking,210592296000,-0.42,7.12,-8.35
649753,23,Walking,210642314000,0.04,12.22,-3.57
649754,23,Walking,210692302000,-0.76,9.92,-1.92
649755,23,Walking,210742290000,-0.65,9.23,-0.11
649756,23,Walking,210792308000,0.38,7.59,-1.18
649757,23,Walking,210842326000,-3.02,12.26,-0.15
649758,23,Walking,210892314000,-5.52,13.14,-2.07
649759,23,Walking,210942393000,-2.6,14.67,3.21
649760,23,Walking,210992290000,-2.41,14.63,5.63
649761,23,Walking,211042308000,-1.76,14.1,-9.49
649762,23,Walking,211092296000,4.56,19.5,-0.38
649763,23,Walking,211142345000,1.27,10.12,-3.36
649764,23,Walking,211192302000,-2.14,4.79,-5.37
649765,23,Walking,211242290000,0.69,-0.65,-6.89
649766,23,Walking,211292308000,3.49,0.15,-4.9
649767,23,Walking,211342326000,1.46,12.76,9.3
649768,23,Walking,211392345000,-0.11,16.32,10.04
649769,23,Walking,211442302000,2.15,3.64,-3.83
649770,23,Walking,211492290000,1.42,14.86,-2.72
649771,23,Walking,211542338000,-1.99,7.35,-7.12
649772,23,Walking,211592296000,1.73,11.75,-3.53
649773,23,Walking,211642314000,-0.19,10.0,-1.73
649774,23,Walking,211692302000,1.12,8.12,-1.12
649775,23,Walking,211742290000,-0.38,8.89,-0.76
649776,23,Walking,211792308000,-1.31,12.3,1.57
649777,23,Walking,211842387000,-8.66,13.53,-2.91
649778,23,Walking,211892314000,-3.11,15.17,5.79
649779,23,Walking,211942302000,-1.23,14.63,3.21
649780,23,Walking,211992320000,4.63,16.51,-5.37
649782,23,Walking,212044078000,3.06,17.54,-6.66
649781,23,Walking,212044078000,3.06,17.54,-6.66
649783,23,Walking,212102305000,-1.88,7.08,-3.98
649784,23,Walking,212152782000,-0.11,0.11,-6.02
649785,23,Walking,212202373000,2.98,-0.99,-5.75
649786,23,Walking,212252910000,3.87,6.09,2.3
649787,23,Walking,212302531000,-0.3,19.42,14.18
649788,23,Walking,212353160000,2.68,12.45,4.6
649789,23,Walking,212402751000,5.09,7.01,-8.27
649790,23,Walking,212462291000,-5.56,9.77,-9.85
649791,23,Walking,212512279000,0.5,14.29,-0.46
649792,23,Walking,212572337000,0.72,7.78,-3.64
649793,23,Walking,212622325000,0.61,8.73,-1.61
649794,23,Walking,212672343000,0.53,9.3,0.46
649795,23,Walking,212722362000,-4.25,12.64,1.33
649796,23,Walking,212772288000,-7.82,14.44,-0.8
649797,23,Walking,212822368000,-3.45,15.85,5.79
649798,23,Walking,212872325000,-2.26,14.56,-0.61
649799,23,Walking,212922221000,4.18,16.97,-1.73
649800,23,Walking,212972209000,4.29,14.56,-6.32
649801,23,Walking,213022380000,-0.23,7.08,-5.33
649802,23,Walking,213072337000,-1.88,-0.11,-6.05
649803,23,Walking,213122356000,2.87,-1.88,-5.9
649804,23,Walking,213172374000,4.02,7.01,3.21
649805,23,Walking,213222331000,-0.69,19.23,13.76
649806,23,Walking,213272319000,-1.33,1.31,2.15
649807,23,Walking,213322337000,9.51,14.18,0.5
649808,23,Walking,213372325000,-6.05,8.47,-10.27
649809,23,Walking,213422343000,0.11,9.19,-3.49
649810,23,Walking,213472331000,2.53,11.65,-2.83
649811,23,Walking,213522319000,2.45,7.59,-1.04
649812,23,Walking,213572337000,-0.99,9.77,0.65
649813,23,Walking,213622325000,-3.64,12.03,0.8
649814,23,Walking,213672374000,-8.01,14.25,0.5
649815,23,Walking,213722331000,-6.13,16.66,4.52
649816,23,Walking,213782329000,0.89,15.21,-4.06
649817,23,Walking,213832316000,8.16,19.08,1.73
649818,23,Walking,213882335000,1.08,12.18,-7.01
649819,23,Walking,213932323000,-1.84,3.49,-5.82
649820,23,Walking,213982341000,-0.42,-1.23,-7.4
649821,23,Walking,214032298000,4.6,-0.04,-5.48
649822,23,Walking,214082286000,1.33,11.26,7.97
649823,23,Walking,214132396000,1.88,17.73,10.08
649824,23,Walking,214182384000,2.68,5.67,-0.42
649825,23,Walking,214232341000,3.95,11.07,-6.7
649826,23,Walking,214282298000,-3.06,10.46,-8.81
649827,23,Walking,214332316000,1.23,11.3,-3.11
649828,23,Walking,214382335000,0.15,9.58,-1.76
649829,23,Walking,214432231000,0.04,7.93,-2.07
649830,23,Walking,214482371000,-1.04,9.92,0.46
649831,23,Walking,214532329000,-2.37,12.22,1.27
649832,23,Walking,214582347000,-8.66,14.1,-1.76
649833,23,Walking,214632335000,-1.27,14.52,7.44
649834,23,Walking,214682323000,-3.64,14.56,-0.11
649835,23,Walking,214732341000,4.75,17.31,-3.21
649836,23,Walking,214792338000,2.45,14.79,-7.86
649837,23,Walking,214842235000,-0.84,6.09,-5.2
649838,23,Walking,214892345000,-0.34,-1.38,-7.46
649839,23,Walking,214942271000,3.02,-2.07,-6.05
649840,23,Walking,214992290000,5.09,7.44,0.42
649841,23,Walking,215042308000,-2.22,18.73,12.68
649842,23,Walking,215092296000,2.22,5.86,0.76
649843,23,Walking,215142314000,4.06,9.96,-8.31
649844,23,Walking,215192332000,-2.6,8.05,-10.11
649845,23,Walking,215242961000,0.23,14.02,-1.61
649846,23,Walking,215292308000,1.27,8.73,-3.57
649847,23,Walking,215342326000,0.38,8.89,-0.53
649848,23,Walking,215392314000,-0.53,9.3,0.65
649849,23,Walking,215442302000,-3.53,11.14,0.76
649850,23,Walking,215492290000,-8.35,13.87,-0.99
649851,23,Walking,215542308000,-2.03,14.94,6.66
649852,23,Walking,215592296000,-2.87,14.94,0.46
649853,23,Walking,215642314000,5.6,17.35,-3.6
649854,23,Walking,215692302000,2.41,16.17,-7.01
649855,23,Walking,215742290000,-0.53,7.35,-4.75
649856,23,Walking,215792338000,-0.84,0.46,-6.7
649857,23,Walking,215842326000,2.11,-1.53,-6.74
649858,23,Walking,215892314000,5.13,3.06,-3.98
649859,23,Walking,215942302000,-2.45,18.73,16.89
649860,23,Walking,215992290000,0.15,8.69,6.78
649861,23,Walking,215992290000,0.15,8.69,6.78
649862,23,Walking,216050700000,8.5,-7.25,-16.28
649863,23,Walking,216102367000,-10.65,15.7,-11.11
649864,23,Walking,216152873000,2.56,4.52,-5.48
649865,23,Walking,216202434000,1.38,13.44,-6.7
649866,23,Walking,216252971000,3.3,8.01,3.76
649867,23,Walking,216302562000,-5.67,8.28,-2.98
649868,23,Walking,216352367000,-2.91,11.69,0.61
649869,23,Walking,216402751000,-6.7,13.21,2.18
649870,23,Walking,216452342000,-3.83,14.75,7.55
649871,23,Walking,216502879000,-4.67,17.2,-4.56
649872,23,Walking,216552440000,7.46,18.47,1.61
649873,23,Walking,216603007000,0.95,16.04,-9.47
649874,23,Walking,216652629000,-0.91,6.17,-3.95
649876,23,Walking,216702373000,1.5,-0.61,-6.7
649875,23,Walking,216702373000,1.5,-0.61,-6.7
649877,23,Walking,216812297000,4.82,8.69,4.48
649878,23,Walking,216872325000,-1.23,17.73,10.0
649879,23,Walking,216922313000,7.06,2.26,-7.55
649880,23,Walking,216972301000,-4.14,15.02,-5.82
649881,23,Walking,217022288000,-2.14,9.23,-4.82
649882,23,Walking,217072307000,1.42,11.84,-4.4
649883,23,Walking,217122294000,0.23,9.43,-0.11
649884,23,Walking,217172374000,1.46,7.31,-2.41
649885,23,Walking,217222331000,-2.6,10.34,-0.3
649886,23,Walking,217272319000,-1.73,11.56,3.02
649887,23,Walking,217322337000,-9.62,14.82,-2.11
649888,23,Walking,217372325000,-1.14,16.28,8.62
649889,23,Walking,217422374000,-4.1,14.44,-8.01
649890,23,Walking,217472331000,5.71,18.7,4.44
649891,23,Walking,217522319000,0.69,13.91,-8.16
649892,23,Walking,217572337000,-0.72,3.45,-5.28
649893,23,Walking,217622325000,-0.42,-1.92,-7.59
649894,23,Walking,217672343000,3.83,-0.95,-5.6
649895,23,Walking,217722362000,5.79,8.96,3.06
649896,23,Walking,217772288000,-2.41,18.39,12.37
649897,23,Walking,217822337000,-0.42,1.12,-0.38
649898,23,Walking,217872325000,6.55,14.48,-2.41
649899,23,Walking,217922343000,-3.83,7.86,-8.69
649900,23,Walking,217972362000,1.04,10.95,-3.76
