,user,label,timestamp,x,y,z
950961,1,Jogging,5484662305000,9.19,0.5,-1.23
950963,1,Jogging,5484712293000,6.32,0.99,-0.23
950962,1,Jogging,5484712293000,6.32,0.99,-0.23
950964,1,Jogging,5484773572000,3.83,12.03,-5.63
950965,1,Jogging,5484832288000,-2.68,1.31,1.84
950966,1,Jogging,5484882367000,6.55,-8.77,-8.47
950967,1,Jogging,5484932264000,19.42,-19.61,0.38
950968,1,Jogging,5484982282000,12.57,-12.34,0.23
950969,1,Jogging,5485032270000,7.89,-11.92,0.93
950970,1,Jogging,5485082288000,3.79,-12.41,7.74
950971,1,Jogging,5485142255000,-0.38,-8.27,3.99
950972,1,Jogging,5485192304000,-3.45,-4.79,7.46
950973,1,Jogging,5485242292000,-6.09,0.46,-3.91
950974,1,Jogging,5485292310000,-1.84,-11.92,-4.14
950975,1,Jogging,5485342298000,14.06,-19.61,8.58
950976,1,Jogging,5485392347000,12.53,-5.52,2.64
950977,1,Jogging,5485442334000,8.62,-0.15,-0.53
950978,1,Jogging,5485492353000,5.75,9.85,0.08
950979,1,Jogging,5485542341000,-5.71,10.95,12.15
950980,1,Jogging,5485592328000,-1.5,-2.26,-8.69
950981,1,Jogging,5485652265000,13.33,-18.24,-5.33
950982,1,Jogging,5485702314000,14.02,-12.6,4.06
950983,1,Jogging,5485752301000,9.58,-9.11,-5.33
950984,1,Jogging,5485802320000,5.9,-12.53,6.85
950985,1,Jogging,5485852338000,3.99,-8.88,6.55
950986,1,Jogging,5485902265000,0.99,-8.05,-2.64
950987,1,Jogging,5485952283000,-2.75,-3.83,7.31
950988,1,Jogging,5486002851000,-3.45,-2.87,-3.21
950989,1,Jogging,5486062299000,0.19,-17.05,-2.79
950990,1,Jogging,5486112287000,6.09,0.84,-1.99
950991,1,Jogging,5486162305000,6.09,0.84,-1.99
950992,1,Jogging,5486212232000,6.17,3.06,1.84
950993,1,Jogging,5486262342000,-2.37,14.18,6.66
950994,1,Jogging,5486312268000,-2.96,-1.69,1.33
950995,1,Jogging,5486362317000,2.96,-12.68,-6.13
950996,1,Jogging,5486412305000,18.85,-19.3,0.34
950997,1,Jogging,5486462323000,9.04,-6.51,-1.42
950998,1,Jogging,5486512311000,12.41,-10.34,-3.49
950999,1,Jogging,5486562299000,5.75,-13.21,10.92
951000,1,Jogging,5486612348000,-0.76,-10.04,5.9
951001,1,Jogging,5486662305000,-1.73,-5.75,4.33
951002,1,Jogging,5486712293000,-3.49,-1.99,-2.53
951003,1,Jogging,5486762311000,-0.72,-10.8,-3.68
951004,1,Jogging,5486762311000,-0.72,-10.8,-3.68
951005,1,Jogging,5486823011000,10.99,-19.61,2.76
951006,1,Jogging,5486873639000,12.68,-1.88,3.95
951007,1,Jogging,5486932264000,8.31,1.5,0.46
951008,1,Jogging,5486982312000,1.5,14.67,0.99
951009,1,Jogging,5487032331000,-2.68,2.26,8.16
951010,1,Jogging,5487082288000,1.42,-8.2,-10.92
951011,1,Jogging,5487142255000,14.98,-19.5,-1.57
951012,1,Jogging,5487192304000,11.03,-7.89,0.57
951013,1,Jogging,5487242322000,13.8,-9.66,-4.44
951014,1,Jogging,5487292341000,9.43,-13.59,11.56
951015,1,Jogging,5487342328000,4.21,-10.46,8.5
951016,1,Jogging,5487392347000,-0.04,-4.25,-2.07
951017,1,Jogging,5487442334000,-3.45,-2.64,1.12
951018,1,Jogging,5487502271000,-2.49,-7.7,-2.11
951019,1,Jogging,5487552289000,13.25,-19.61,4.6
951020,1,Jogging,5487602308000,14.86,-7.78,3.41
951021,1,Jogging,5487652295000,6.36,1.04,-0.65
951022,1,Jogging,5487702222000,4.18,12.79,1.8
951023,1,Jogging,5487752332000,-4.71,4.79,10.46
951024,1,Jogging,5487802320000,-5.82,-9.04,-8.62
951025,1,Jogging,5487862256000,2.72,-13.76,-0.19
951026,1,Jogging,5487862256000,2.72,-13.76,-0.19
951027,1,Jogging,5487923017000,17.31,-13.14,-3.53
951028,1,Jogging,5487973737000,12.57,-8.47,-3.72
951029,1,Jogging,5488032270000,6.85,-10.04,5.43
951030,1,Jogging,5488092298000,3.21,-9.19,0.0
951031,1,Jogging,5488142316000,-3.06,-6.24,9.77
951032,1,Jogging,5488192304000,-4.06,-1.76,-4.21
951033,1,Jogging,5488242292000,0.31,-9.89,-2.3
951034,1,Jogging,5488292249000,12.6,-19.61,0.69
951035,1,Jogging,5488342267000,13.44,-4.59,4.75
951036,1,Jogging,5488392286000,8.85,0.34,-0.99
951037,1,Jogging,5488454358000,4.44,5.28,1.12
951038,1,Jogging,5488512250000,-7.44,8.47,13.25
951039,1,Jogging,5488562360000,-0.76,-2.41,-13.44
951040,1,Jogging,5488612378000,15.32,-17.35,-3.95
951041,1,Jogging,5488662244000,16.66,-14.98,4.06
951042,1,Jogging,5488712323000,12.11,-6.97,-4.82
951043,1,Jogging,5488762342000,9.15,-11.88,11.92
951044,1,Jogging,5488812360000,2.3,-9.72,6.4
951045,1,Jogging,5488862317000,-0.72,-8.5,0.31
951046,1,Jogging,5488912305000,-4.56,-2.75,5.13
951047,1,Jogging,5488962293000,-1.57,-1.04,-3.26
951048,1,Jogging,5488962293000,-1.57,-1.04,-3.26
951049,1,Jogging,5489022870000,7.08,-19.46,2.26
951050,1,Jogging,5489082380000,15.66,-6.09,3.45
951051,1,Jogging,5489132276000,8.85,-0.34,-0.19
951052,1,Jogging,5489182325000,5.63,7.55,0.84
951053,1,Jogging,5489232282000,-6.74,10.46,11.45
951054,1,Jogging,5489292341000,-5.09,-7.08,-4.44
951055,1,Jogging,5489342298000,4.29,-13.25,-1.99
951056,1,Jogging,5489392286000,18.85,-18.12,1.99
951057,1,Jogging,5489442304000,11.88,-6.43,-5.48
951058,1,Jogging,5489492292000,11.56,-9.15,3.21
951059,1,Jogging,5489542341000,6.24,-9.81,6.44
951060,1,Jogging,5489592328000,-1.8,-9.08,4.63
951061,1,Jogging,5489642347000,-3.17,-6.21,10.69
951062,1,Jogging,5489692334000,-2.37,-1.14,-2.26
951063,1,Jogging,5489742322000,4.37,-14.94,-2.07
951064,1,Jogging,5489792249000,18.35,-19.61,1.42
951065,1,Jogging,5489842298000,12.57,-1.31,-0.3
951066,1,Jogging,5489892316000,4.56,1.69,-0.61
951067,1,Jogging,5489962293000,2.18,9.28,-0.38
951068,1,Jogging,5490012281000,-2.26,0.65,5.37
951070,1,Jogging,5490064649000,1.46,-8.5,-8.96
951069,1,Jogging,5490064649000,1.46,-8.5,-8.96
951071,1,Jogging,5490123334000,15.51,-19.53,-1.8
951072,1,Jogging,5490182264000,11.41,-9.53,0.57
951073,1,Jogging,5490232312000,12.87,-8.24,0.76
951074,1,Jogging,5490292341000,6.89,-9.85,8.5
951075,1,Jogging,5490342267000,-0.72,-8.92,1.95
951076,1,Jogging,5490392286000,-3.41,-5.48,8.35
951077,1,Jogging,5490442304000,-2.03,-0.46,-2.98
951078,1,Jogging,5490502332000,4.48,-16.13,0.23
951079,1,Jogging,5490552259000,19.5,-18.24,0.08
951080,1,Jogging,5490602308000,6.74,2.45,-2.45
951081,1,Jogging,5490652326000,6.63,2.79,0.72
951082,1,Jogging,5490712201000,-0.3,17.62,4.82
951083,1,Jogging,5490762342000,0.42,-3.02,0.08
951084,1,Jogging,5490816175000,2.15,-8.85,-11.3
951085,1,Jogging,5490816175000,2.15,-8.85,-11.3
951086,1,Jogging,5490873029000,16.4,-19.61,0.38
951087,1,Jogging,5490923688000,9.47,-6.36,-0.95
951088,1,Jogging,5490982282000,13.63,-12.37,-1.18
951089,1,Jogging,5491042310000,6.4,-11.6,7.93
951090,1,Jogging,5491092298000,-1.08,-6.4,1.54
951091,1,Jogging,5491142316000,-5.13,-4.63,8.05
951092,1,Jogging,5491192304000,-3.83,1.18,-3.41
951093,1,Jogging,5491244916000,0.65,-15.05,1.84
951094,1,Jogging,5491302259000,18.12,-19.53,-0.89
951095,1,Jogging,5491352308000,7.7,2.53,-1.04
951096,1,Jogging,5491402295000,6.93,6.66,1.18
951097,1,Jogging,5491452283000,-5.28,10.76,12.76
951098,1,Jogging,5491502301000,-3.41,-6.89,-8.73
951099,1,Jogging,5491552259000,-0.42,-3.3,-1.95
951100,1,Jogging,5491602247000,13.48,-16.4,-1.73
951101,1,Jogging,5491652295000,14.79,-12.56,1.73
951102,1,Jogging,5491702344000,9.62,-5.82,-5.41
951103,1,Jogging,5491752301000,9.34,-13.82,9.04
951104,1,Jogging,5491802289000,1.38,-9.66,8.92
951105,1,Jogging,5491852277000,-0.34,-5.18,-0.91
951106,1,Jogging,5491902265000,-1.65,-1.8,2.07
951107,1,Jogging,5491952283000,-0.27,-13.72,-1.33
951108,1,Jogging,5492002546000,8.5,-19.61,-1.53
951109,1,Jogging,5492062299000,16.32,-7.04,2.83
951110,1,Jogging,5492112653000,7.25,4.29,0.69
951111,1,Jogging,5492162305000,0.38,13.91,4.29
951112,1,Jogging,5492212293000,-4.06,-1.69,7.5
951113,1,Jogging,5492262311000,-1.95,-7.21,-5.6
951114,1,Jogging,5492312299000,10.76,-17.54,-3.06
951115,1,Jogging,5492362348000,15.89,-12.91,-0.04
951116,1,Jogging,5492412305000,13.99,-7.78,-4.99
951117,1,Jogging,5492462293000,10.76,-9.34,7.78
951118,1,Jogging,5492512311000,5.43,-11.65,4.6
951119,1,Jogging,5492562299000,-0.95,-7.08,2.91
951120,1,Jogging,5492612317000,-3.64,-3.91,2.34
951121,1,Jogging,5492662305000,-3.17,-3.06,-3.3
951122,1,Jogging,5492712262000,4.18,-18.66,4.06
951123,1,Jogging,5492762311000,19.5,-17.92,0.38
951124,1,Jogging,5492812299000,9.04,2.96,-2.98
951125,1,Jogging,5492862317000,6.32,4.6,2.79
951126,1,Jogging,5492912244000,-4.44,14.52,8.89
951127,1,Jogging,5492962293000,-5.56,-4.59,-7.04
951128,1,Jogging,5493012220000,-0.76,-12.83,-5.82
951129,1,Jogging,5493062299000,15.4,-18.89,4.67
951130,1,Jogging,5493112317000,12.49,-10.69,-1.88
951131,1,Jogging,5493162336000,16.04,-10.69,-1.88
951132,1,Jogging,5493212293000,4.71,-13.17,7.35
951133,1,Jogging,5493262220000,0.34,-11.84,6.17
951134,1,Jogging,5493312268000,-1.88,-5.67,1.5
951135,1,Jogging,5493362287000,-4.63,-2.49,1.5
951136,1,Jogging,5493412366000,-1.46,-8.54,-5.79
951137,1,Jogging,5493412366000,-1.46,-8.54,-5.79
951138,1,Jogging,5493473401000,12.11,-19.61,5.67
951139,1,Jogging,5493532331000,14.52,-3.83,0.95
951140,1,Jogging,5493582319000,8.31,3.02,1.04
951141,1,Jogging,5493642316000,3.53,16.59,1.46
951142,1,Jogging,5493692334000,-4.29,-1.46,2.22
951143,1,Jogging,5493742292000,-0.99,-6.09,-6.28
951144,1,Jogging,5493792310000,13.95,-18.5,-0.53
951145,1,Jogging,5493842328000,14.82,-12.45,2.53
951146,1,Jogging,5493892377000,13.99,-7.93,-5.67
951147,1,Jogging,5493942365000,9.11,-11.56,11.73
951148,1,Jogging,5493992322000,2.26,-11.18,7.67
951149,1,Jogging,5494042371000,-0.42,-7.78,0.23
951150,1,Jogging,5494092328000,-4.18,-3.34,3.21
951151,1,Jogging,5494142347000,-2.11,-4.14,-4.44
951152,1,Jogging,5494202405000,9.0,-19.27,4.63
951153,1,Jogging,5494252271000,15.4,-6.85,4.14
951154,1,Jogging,5494302259000,8.43,2.37,-0.89
951155,1,Jogging,5494352308000,5.01,10.84,1.12
951156,1,Jogging,5494402295000,-6.63,9.77,12.57
951157,1,Jogging,5494452283000,-2.83,-7.59,-4.75
951158,1,Jogging,5494502362000,6.36,-13.76,-1.23
951159,1,Jogging,5494552320000,18.77,-18.01,0.34
951160,1,Jogging,5494602338000,11.37,-5.05,-6.59
