,user,label,timestamp,x,y,z
651701,23,Walking,308002605000,1.65,8.24,-0.84
651702,23,Walking,308052836000,0.53,9.11,0.11
651703,23,Walking,308102428000,-2.96,12.34,3.53
651704,23,Walking,308153026000,-8.85,14.71,-1.99
651705,23,Walking,308203136000,-2.83,16.25,6.7
651706,23,Walking,308252696000,-1.69,15.7,-2.96
651707,23,Walking,308302379000,8.35,18.01,2.56
651708,23,Walking,308352794000,1.04,15.43,-7.35
651709,23,Walking,308412273000,-0.57,4.71,-4.99
651710,23,Walking,308462291000,-0.19,-1.23,-6.89
651711,23,Walking,308512309000,4.1,-1.57,-5.82
651712,23,Walking,308572337000,2.96,11.99,9.28
651713,23,Walking,308622325000,1.12,13.25,6.24
651714,23,Walking,308672313000,9.19,2.07,-10.57
651715,23,Walking,308722301000,-4.29,17.2,-7.01
651716,23,Walking,308772288000,-2.56,7.89,-1.88
651717,23,Walking,308822307000,3.45,8.73,-3.6
651718,23,Walking,308872294000,0.31,9.62,-0.65
651719,23,Walking,308922252000,0.08,7.86,-0.72
651720,23,Walking,308972301000,-3.91,12.26,0.61
651721,23,Walking,309022258000,-4.14,12.3,1.61
651722,23,Walking,309072337000,-6.59,15.28,1.38
651723,23,Walking,309122294000,-0.53,16.63,7.59
651724,23,Walking,309172374000,1.08,16.02,-11.5
651725,23,Walking,309222331000,3.45,19.27,-3.11
651726,23,Walking,309272319000,1.8,8.85,-3.17
651727,23,Walking,309322337000,-1.46,0.34,-6.55
651728,23,Walking,309372325000,1.08,-1.18,-6.24
651729,23,Walking,309422343000,4.02,1.95,-3.87
651730,23,Walking,309472270000,-0.15,17.77,16.17
651731,23,Walking,309522349000,1.12,11.07,6.09
651732,23,Walking,309572337000,9.53,7.5,-7.63
651733,23,Walking,309622325000,-4.99,9.11,-11.95
651734,23,Walking,309672343000,-1.92,12.18,-2.45
651735,23,Walking,309722331000,2.64,9.58,-3.17
651736,23,Walking,309772319000,0.08,9.19,-0.65
651737,23,Walking,309822337000,1.8,8.5,0.04
651738,23,Walking,309872447000,-3.17,12.6,0.38
651739,23,Walking,309922343000,-7.01,13.87,-0.19
651740,23,Walking,309972362000,-3.06,15.55,6.82
651741,23,Walking,310022349000,-1.53,15.17,2.15
651742,23,Walking,310072337000,3.87,17.88,-5.75
651743,23,Walking,310122386000,4.06,16.21,-5.86
651744,23,Walking,310172343000,-0.53,6.7,-5.18
651745,23,Walking,310222362000,-2.07,-0.72,-6.66
651746,23,Walking,310282298000,4.02,-0.91,-6.13
651747,23,Walking,310332316000,4.29,9.34,4.82
651748,23,Walking,310382274000,0.11,18.62,11.8
651749,23,Walking,310432292000,3.72,2.26,-3.02
651750,23,Walking,310482341000,2.64,14.86,-3.68
651751,23,Walking,310532237000,-2.18,9.04,-7.04
651752,23,Walking,310582286000,2.22,10.27,-2.72
651753,23,Walking,310632274000,0.38,7.21,-1.92
651754,23,Walking,310692332000,1.88,7.21,-1.92
651755,23,Walking,310742259000,-2.83,11.69,0.99
651756,23,Walking,310792338000,-4.44,11.54,1.57
651757,23,Walking,310842235000,-7.59,15.21,2.15
651758,23,Walking,310892314000,-2.18,17.67,5.86
651759,23,Walking,310942302000,5.63,15.21,-8.85
651760,23,Walking,310992320000,3.79,19.5,-3.53
651761,23,Walking,311042338000,0.19,9.43,-2.45
651762,23,Walking,311092296000,-1.33,0.84,-5.98
651763,23,Walking,311142314000,0.61,-2.98,-6.85
651764,23,Walking,311192302000,4.29,1.38,-4.59
651765,23,Walking,311242351000,0.31,16.93,16.7
651766,23,Walking,311292308000,1.8,12.83,6.13
651767,23,Walking,311342296000,9.77,5.9,-8.31
651768,23,Walking,311392314000,-7.21,12.26,-9.11
651769,23,Walking,311442302000,-1.14,10.99,-2.96
651770,23,Walking,311492320000,3.15,9.43,-4.14
651771,23,Walking,311542369000,1.14,9.89,-0.46
651772,23,Walking,311592296000,3.34,6.78,-1.5
651773,23,Walking,311642345000,-3.34,12.26,-0.53
651774,23,Walking,311692302000,-4.56,13.14,2.72
651775,23,Walking,311742290000,-8.58,16.44,3.64
651776,23,Walking,311792308000,-1.69,18.66,2.72
651777,23,Walking,311842296000,5.41,15.05,-5.82
651778,23,Walking,311892314000,1.31,18.7,-5.98
651779,23,Walking,311942302000,-0.57,8.01,-3.95
651780,23,Walking,311992320000,-1.12,1.14,-6.32
651781,23,Walking,312042308000,2.3,-1.31,-6.51
651782,23,Walking,312092357000,6.21,3.3,-2.3
651783,23,Walking,312142314000,-0.15,18.5,16.86
651784,23,Walking,312192302000,0.42,10.99,6.4
651785,23,Walking,312242320000,11.35,12.45,-4.33
651786,23,Walking,312292308000,-6.47,7.78,-11.07
651787,23,Walking,312342326000,0.69,10.08,-2.75
651788,23,Walking,312392467000,2.83,10.5,-2.83
651789,23,Walking,312442302000,0.5,8.43,0.27
651790,23,Walking,312492290000,0.23,8.89,-0.46
651791,23,Walking,312542308000,-2.75,12.22,1.27
651792,23,Walking,312592326000,-7.46,14.9,-0.69
651793,23,Walking,312642314000,-2.83,15.85,6.82
651794,23,Walking,312692332000,-2.14,14.9,0.72
651795,23,Walking,312742290000,5.13,16.93,-3.41
651796,23,Walking,312792308000,3.02,15.79,-6.09
651797,23,Walking,312842296000,-0.34,6.24,-5.28
651798,23,Walking,312892314000,-1.33,-0.23,-6.93
651799,23,Walking,312942302000,3.26,-2.68,-6.51
651800,23,Walking,312992290000,5.63,7.89,0.31
651801,23,Walking,313042308000,-0.99,19.0,13.95
651802,23,Walking,313092296000,-0.53,2.91,1.69
651803,23,Walking,313142314000,10.76,13.57,-1.84
651804,23,Walking,313192302000,-5.01,8.69,-10.65
651805,23,Walking,313242320000,2.15,9.38,-3.41
651806,23,Walking,313292338000,0.38,10.99,-3.98
651808,23,Walking,313342357000,1.61,8.58,-0.08
651807,23,Walking,313342357000,1.61,8.58,-0.08
651809,23,Walking,313402751000,-1.12,9.19,-0.57
651810,23,Walking,313452342000,-3.64,12.49,2.87
651811,23,Walking,313502849000,-8.77,15.28,0.34
651812,23,Walking,313552409000,-1.99,15.83,7.89
651813,23,Walking,313603038000,-2.49,15.43,-8.54
651814,23,Walking,313652629000,7.27,19.5,2.34
651815,23,Walking,313702342000,0.46,11.54,-3.98
651816,23,Walking,313752788000,-0.99,3.41,-6.05
651817,23,Walking,313802348000,-0.5,-3.15,-7.4
651818,23,Walking,313852885000,5.01,0.27,-6.09
651819,23,Walking,313912303000,4.29,14.41,10.99
651820,23,Walking,313971538000,2.03,10.57,5.75
651821,23,Walking,314022227000,7.31,12.87,-6.51
651822,23,Walking,314072337000,-4.52,7.12,-10.5
651823,23,Walking,314122325000,1.04,10.61,-4.18
651824,23,Walking,314172343000,1.92,10.65,-3.64
651825,23,Walking,314222331000,2.22,8.85,0.08
651826,23,Walking,314272319000,0.11,8.24,0.15
651827,23,Walking,314322337000,-4.56,12.22,0.8
651828,23,Walking,314372325000,-7.12,14.67,-0.57
651829,23,Walking,314422343000,-3.49,15.89,6.51
651830,23,Walking,314472362000,-1.33,15.47,0.23
651831,23,Walking,314522319000,5.75,17.08,-2.56
651832,23,Walking,314572337000,3.06,16.21,-6.59
651833,23,Walking,314622325000,-1.08,5.83,-4.56
651834,23,Walking,314672343000,-1.8,-0.57,-7.55
651835,23,Walking,314722362000,3.17,-1.84,-6.82
651836,23,Walking,314772319000,5.98,6.74,0.46
651837,23,Walking,314822337000,-0.23,19.19,14.25
651838,23,Walking,314872294000,2.15,5.83,3.95
651839,23,Walking,314922343000,6.44,14.44,-3.76
651840,23,Walking,314972392000,-2.18,5.56,-10.72
651841,23,Walking,315022319000,1.42,12.79,-3.68
651842,23,Walking,315072337000,0.57,10.27,-2.6
651843,23,Walking,315122294000,-0.08,8.2,-0.5
651844,23,Walking,315172343000,-0.04,8.77,1.27
651845,23,Walking,315222331000,-2.91,12.03,0.0
651846,23,Walking,315272319000,-6.66,15.05,0.31
651847,23,Walking,315322337000,-5.01,16.25,6.09
651848,23,Walking,315372325000,-0.72,16.63,-0.46
651849,23,Walking,315422343000,6.63,16.82,-1.42
651850,23,Walking,315472331000,1.8,15.36,-6.63
651851,23,Walking,315522319000,-0.69,5.33,-5.18
651852,23,Walking,315572337000,-2.41,-0.8,-7.4
651853,23,Walking,315572337000,-2.41,-0.8,-7.4
651854,23,Walking,315670451000,3.76,-1.04,-6.17
651855,23,Walking,315731639000,0.23,19.23,14.33
651856,23,Walking,315782115000,2.76,2.98,-3.3
651857,23,Walking,315832286000,3.3,14.21,-4.48
651858,23,Walking,315882243000,-4.48,7.78,-6.82
651859,23,Walking,315932262000,1.18,12.45,-2.14
651860,23,Walking,315982341000,1.76,9.34,-1.99
651861,23,Walking,316032298000,3.17,6.59,-1.61
651862,23,Walking,316082347000,-2.56,11.03,-0.38
651863,23,Walking,316132335000,-1.99,12.15,3.11
651864,23,Walking,316182323000,-9.49,15.7,0.76
651865,23,Walking,316232341000,-2.3,18.01,8.08
651866,23,Walking,316282329000,-0.42,14.9,-10.31
651867,23,Walking,316332347000,6.02,19.53,-0.72
651868,23,Walking,316382335000,0.0,11.45,-2.11
651869,23,Walking,316432323000,-1.46,3.21,-6.13
651870,23,Walking,316482341000,-0.27,-2.79,-7.78
651871,23,Walking,316532329000,5.9,-0.65,-5.09
651872,23,Walking,316582255000,2.3,14.86,14.21
651873,23,Walking,316632335000,3.76,16.21,8.2
651874,23,Walking,316682201000,7.93,5.9,-6.21
651875,23,Walking,316732341000,-4.82,9.92,-9.15
651876,23,Walking,316782329000,-1.69,10.04,-5.09
651877,23,Walking,316832347000,1.92,12.15,-2.14
651878,23,Walking,316832347000,1.92,12.15,-2.14
651879,23,Walking,316942302000,1.46,7.16,-1.73
651880,23,Walking,316992290000,-2.45,12.72,-0.3
651881,23,Walking,317042308000,-6.02,13.53,1.14
651882,23,Walking,317092296000,-4.33,15.64,5.05
651883,23,Walking,317142314000,-1.76,16.59,5.37
651884,23,Walking,317192332000,1.18,16.21,-9.58
651885,23,Walking,317242290000,4.21,18.24,-4.9
651886,23,Walking,317292308000,1.08,7.74,-3.68
651887,23,Walking,317342296000,-1.92,0.89,-6.7
651888,23,Walking,317392314000,1.92,-2.79,-7.01
651889,23,Walking,317442363000,4.82,2.91,-3.3
651890,23,Walking,317492290000,-0.65,19.11,16.63
651891,23,Walking,317542308000,0.93,5.83,5.79
651892,23,Walking,317592296000,10.34,11.65,-4.59
651893,23,Walking,317642314000,-5.33,6.78,-13.21
651894,23,Walking,317692302000,-0.99,12.22,-1.57
651895,23,Walking,317742290000,3.06,10.53,-2.98
651896,23,Walking,317792308000,1.88,8.24,-0.61
651897,23,Walking,317842296000,0.23,8.39,-0.46
651898,23,Walking,317892314000,-2.98,12.22,1.23
651899,23,Walking,317942302000,-8.43,14.9,-0.69
651900,23,Walking,317992259000,-5.56,17.16,6.09
