,user,label,timestamp,x,y,z
651901,23,Walking,318042369000,0.04,16.02,-0.61
651902,23,Walking,318092296000,7.44,17.16,-1.99
651903,23,Walking,318142222000,2.45,15.89,-7.21
651904,23,Walking,318192302000,-0.53,5.33,-4.71
651905,23,Walking,318242290000,-1.53,-2.3,-7.55
651906,23,Walking,318292308000,4.18,-1.46,-6.13
651907,23,Walking,318342296000,4.37,7.86,1.57
651908,23,Walking,318392314000,-0.27,18.92,12.91
651909,23,Walking,318442302000,1.76,0.46,-0.04
651910,23,Walking,318492290000,7.25,14.63,-2.79
651911,23,Walking,318542308000,-4.4,10.38,-9.08
651912,23,Walking,318592357000,2.37,8.77,-3.06
651913,23,Walking,318642314000,0.19,10.19,-2.45
651914,23,Walking,318692302000,2.26,8.16,-0.42
651915,23,Walking,318742290000,-3.36,9.77,-0.84
651916,23,Walking,318792308000,-1.76,12.37,3.3
651917,23,Walking,318842296000,-8.88,14.44,-1.95
651918,23,Walking,318892314000,-2.64,16.25,6.78
651919,23,Walking,318942332000,-1.53,15.98,-3.83
651920,23,Walking,318992290000,8.28,18.66,2.45
651921,23,Walking,319042308000,2.26,12.72,-6.17
651922,23,Walking,319092326000,-0.57,5.41,-6.21
651923,23,Walking,319142314000,-2.75,-0.91,-7.01
651925,23,Walking,319192302000,4.71,-1.92,-6.28
651924,23,Walking,319192302000,4.71,-1.92,-6.28
651926,23,Walking,319252666000,4.37,9.85,7.31
651927,23,Walking,319302287000,3.41,15.64,8.73
651928,23,Walking,319352763000,6.21,3.53,-6.47
651929,23,Walking,319402385000,-2.56,13.25,-7.55
651930,23,Walking,319453013000,-1.88,11.22,-5.05
651931,23,Walking,319502574000,1.99,10.42,-3.98
651932,23,Walking,319552348000,0.15,9.38,-0.23
651933,23,Walking,319612315000,2.49,6.66,-2.41
651934,23,Walking,319672313000,-5.09,12.64,0.15
651935,23,Walking,319722331000,-4.94,13.8,-0.65
651936,23,Walking,319772319000,-5.37,15.7,3.21
651937,23,Walking,319822337000,-1.04,15.89,4.94
651938,23,Walking,319872325000,2.26,15.4,-8.69
651939,23,Walking,319932231000,3.57,19.31,-4.33
651940,23,Walking,319982280000,-0.5,7.78,-3.34
651941,23,Walking,320032237000,-0.8,0.69,-6.93
651942,23,Walking,320082316000,2.18,-2.07,-6.43
651943,23,Walking,320132274000,5.79,3.87,-1.88
651944,23,Walking,320182323000,0.23,19.38,16.21
651945,23,Walking,320232310000,0.53,6.05,6.44
651946,23,Walking,320282329000,12.15,10.08,-5.01
651947,23,Walking,320332347000,-7.82,12.49,-12.49
651948,23,Walking,320382335000,1.14,8.89,-2.56
651949,23,Walking,320432323000,2.22,10.73,-3.6
651950,23,Walking,320482341000,1.5,8.73,0.42
651951,23,Walking,320532329000,-0.04,8.58,-0.61
651952,23,Walking,320582378000,-3.36,11.8,1.8
651953,23,Walking,320632335000,-8.39,14.52,-0.46
651954,23,Walking,320682323000,-2.87,15.4,8.05
651955,23,Walking,320732371000,-3.02,16.13,-3.53
651956,23,Walking,320782329000,9.19,18.43,0.93
651957,23,Walking,320832347000,1.5,15.4,-8.05
651958,23,Walking,320882426000,-0.89,6.51,-4.94
651959,23,Walking,320932323000,-0.65,-2.64,-7.65
651960,23,Walking,320982341000,2.96,-1.92,-6.21
651961,23,Walking,321032329000,5.09,7.93,3.17
651962,23,Walking,321082347000,0.95,19.08,12.87
651963,23,Walking,321132365000,5.6,6.7,1.04
651964,23,Walking,321182323000,1.95,9.28,-10.5
651965,23,Walking,321232310000,-2.79,11.37,-9.23
651966,23,Walking,321282329000,1.23,12.03,-0.57
651967,23,Walking,321332347000,1.38,8.31,-3.26
651968,23,Walking,321382335000,0.04,8.39,-0.61
651969,23,Walking,321432353000,-0.53,9.7,0.42
651970,23,Walking,321482341000,-2.83,12.15,3.91
651971,23,Walking,321532298000,-9.04,14.98,-3.02
651972,23,Walking,321582347000,-1.92,16.36,7.46
651973,23,Walking,321632335000,-2.45,15.83,-4.86
651974,23,Walking,321682323000,8.24,18.7,2.26
651975,23,Walking,321732341000,1.23,13.21,-7.44
651976,23,Walking,321782329000,-0.8,4.52,-5.43
651977,23,Walking,321832347000,-0.89,-2.41,-7.31
651978,23,Walking,321882304000,3.76,-1.18,-5.71
651979,23,Walking,321932292000,3.79,11.35,6.63
651980,23,Walking,321982341000,1.04,17.47,10.15
651981,23,Walking,322032298000,5.86,7.4,-0.53
651982,23,Walking,322082347000,-0.42,6.63,-9.3
651983,23,Walking,322132335000,-0.38,12.3,-8.5
651984,23,Walking,322182292000,0.46,11.18,-2.72
651985,23,Walking,322232341000,-0.38,9.66,-1.08
651986,23,Walking,322292247000,2.72,6.93,-1.27
651987,23,Walking,322342296000,-3.87,12.22,-0.69
651988,23,Walking,322392314000,-4.37,12.98,1.23
651989,23,Walking,322442302000,-5.43,15.13,2.41
651990,23,Walking,322492290000,-2.91,16.63,6.55
651991,23,Walking,322542308000,0.27,15.24,-9.66
651992,23,Walking,322592296000,6.17,19.53,-1.53
651993,23,Walking,322642314000,1.5,9.0,-1.99
651994,23,Walking,322692302000,-2.14,2.56,-6.32
651995,23,Walking,322742290000,0.42,-2.11,-7.4
651996,23,Walking,322792369000,4.48,1.14,-4.99
651997,23,Walking,322842448000,2.07,15.83,14.6
651998,23,Walking,322892314000,1.92,13.25,6.78
651999,23,Walking,322942332000,9.62,10.15,-6.97
652000,23,Walking,322992290000,-6.02,7.25,-11.8
652001,23,Walking,322992290000,-6.02,7.25,-11.8
652002,23,Walking,323052287000,0.38,12.11,-2.34
652003,23,Walking,323122325000,1.08,8.81,-2.14
652004,23,Walking,323172282000,2.18,7.21,-1.08
652005,23,Walking,323222331000,-3.72,11.14,-0.53
652006,23,Walking,323272319000,-2.3,12.07,2.68
652007,23,Walking,323322337000,-7.35,15.17,0.8
652008,23,Walking,323372294000,-3.6,16.09,7.12
652009,23,Walking,323422343000,-2.22,15.32,-7.21
652010,23,Walking,323472362000,8.69,19.27,2.96
652011,23,Walking,323522319000,1.84,12.11,-5.82
652012,23,Walking,323572337000,-1.04,4.63,-5.9
652013,23,Walking,323622325000,-1.14,-2.64,-8.01
652014,23,Walking,323682231000,3.45,-0.15,-6.32
652015,23,Walking,323732280000,2.56,15.83,13.76
652016,23,Walking,323782268000,1.61,13.1,6.82
652017,23,Walking,323832286000,7.4,7.86,-8.12
652018,23,Walking,323882243000,-4.02,11.22,-9.43
652019,23,Walking,323932262000,0.53,10.0,-5.28
652020,23,Walking,323982280000,1.12,11.6,-3.21
652021,23,Walking,324032237000,0.46,9.19,0.99
652022,23,Walking,324082316000,0.89,6.55,-1.61
652023,23,Walking,324132335000,-4.02,12.53,0.76
652024,23,Walking,324182292000,-3.83,12.57,-0.08
652025,23,Walking,324232341000,-5.75,15.21,2.45
652026,23,Walking,324282359000,-1.38,15.43,7.31
652027,23,Walking,324332347000,-0.15,15.36,-10.76
652028,23,Walking,324382335000,5.56,19.53,-1.08
652029,23,Walking,324432323000,0.99,9.11,-2.87
652030,23,Walking,324482341000,-0.46,1.84,-5.71
652031,23,Walking,324532298000,1.04,-3.57,-6.97
652032,23,Walking,324582347000,3.45,0.93,-4.21
652033,23,Walking,324632335000,-0.76,18.47,16.25
652034,23,Walking,324682323000,1.57,8.66,3.64
652035,23,Walking,324734752000,12.07,6.93,-8.54
652036,23,Walking,324792216000,-7.44,12.22,-11.18
652037,23,Walking,324842296000,0.11,9.19,-3.72
652038,23,Walking,324892314000,0.57,11.03,-3.17
652039,23,Walking,324942210000,1.12,9.53,-0.04
652040,23,Walking,324992290000,1.46,7.12,-0.95
652041,23,Walking,325042644000,-3.6,12.45,0.53
652042,23,Walking,325092296000,-7.31,14.82,-0.76
652043,23,Walking,325142314000,-3.72,15.28,6.32
652044,23,Walking,325192302000,-1.84,16.36,1.76
652045,23,Walking,325192302000,-1.84,16.36,1.76
652046,23,Walking,325250590000,5.01,17.01,-3.6
652047,23,Walking,325320354000,1.46,13.59,-5.79
652048,23,Walking,325372264000,-1.08,2.45,-6.43
652049,23,Walking,325422282000,0.31,-3.76,-7.12
652050,23,Walking,325472423000,4.94,1.27,-4.59
652051,23,Walking,325522319000,1.04,16.47,13.95
652052,23,Walking,325572337000,0.84,10.53,5.48
652053,23,Walking,325622325000,11.84,10.61,-4.99
652054,23,Walking,325672343000,-7.31,6.78,-11.84
652055,23,Walking,325722331000,-0.3,10.88,-4.94
652056,23,Walking,325772319000,1.08,12.68,-3.21
652057,23,Walking,325822337000,1.04,8.85,0.42
652058,23,Walking,325872325000,2.15,6.59,-2.03
652059,23,Walking,325922374000,-3.45,12.76,0.08
652060,23,Walking,325972331000,-5.33,13.59,0.34
652061,23,Walking,326022319000,-5.05,15.79,3.68
652062,23,Walking,326072337000,-1.61,17.16,5.01
652063,23,Walking,326122325000,3.21,15.36,-7.63
652064,23,Walking,326172343000,2.79,18.66,-6.51
652065,23,Walking,326222331000,0.38,7.93,-3.79
652066,23,Walking,326272349000,-1.08,0.57,-6.82
652067,23,Walking,326322337000,1.84,-3.68,-6.51
652068,23,Walking,326372233000,4.71,4.44,-3.26
652069,23,Walking,326422313000,-2.11,19.46,16.28
652070,23,Walking,326472362000,0.15,3.6,3.41
652071,23,Walking,326522319000,11.07,13.82,-1.92
652072,23,Walking,326572337000,-3.72,7.44,-12.37
652073,23,Walking,326622325000,0.93,10.31,-4.63
652074,23,Walking,326672343000,0.23,11.8,-2.56
652075,23,Walking,326732341000,0.65,8.5,-0.19
652076,23,Walking,326782329000,-0.69,9.34,0.15
652077,23,Walking,326832347000,-2.68,12.26,3.21
652078,23,Walking,326882304000,-9.15,14.37,-1.88
652079,23,Walking,326932323000,-3.02,16.44,7.25
652080,23,Walking,326982371000,-1.18,15.83,-4.67
652081,23,Walking,327032329000,8.16,18.43,1.73
652082,23,Walking,327082347000,1.33,14.14,-7.4
652083,23,Walking,327132335000,-0.76,5.6,-4.94
652084,23,Walking,327182323000,-0.53,-1.65,-7.35
652085,23,Walking,327232341000,3.83,-2.22,-5.48
652086,23,Walking,327282329000,2.83,10.8,5.56
652087,23,Walking,327332347000,0.61,17.39,10.88
652088,23,Walking,327382335000,5.63,7.31,-1.69
652089,23,Walking,327432323000,0.42,8.54,-8.62
652090,23,Walking,327482371000,-1.33,10.8,-7.16
652091,23,Walking,327532329000,1.33,11.56,-1.88
652092,23,Walking,327582316000,-0.08,10.23,-1.88
652093,23,Walking,327632335000,1.88,7.46,-1.46
652094,23,Walking,327682323000,-0.38,9.92,-0.76
652095,23,Walking,327732341000,-4.02,13.02,4.86
652096,23,Walking,327782359000,-8.35,14.67,-0.8
652097,23,Walking,327832347000,-3.53,16.86,6.21
652098,23,Walking,327882304000,-2.14,15.28,-5.98
652099,23,Walking,327932323000,7.86,18.89,2.34
652100,23,Walking,327982402000,1.88,12.45,-4.86
