,user,label,timestamp,x,y,z
652701,23,Walking,358002940000,-1.42,11.8,2.49
652702,23,Walking,358052348000,-7.01,14.94,-0.15
652703,23,Walking,358102855000,-2.49,16.86,6.4
652704,23,Walking,358152476000,-1.76,15.55,-8.81
652705,23,Walking,358203075000,6.7,19.38,-0.5
652706,23,Walking,358252696000,2.34,10.69,-2.87
652707,23,Walking,358302348000,-1.14,2.18,-5.67
652708,23,Walking,358352794000,-0.76,-2.75,-7.31
652709,23,Walking,358402415000,4.75,0.04,-4.94
652710,23,Walking,358453013000,2.11,13.95,11.37
652711,23,Walking,358502666000,1.95,15.17,7.74
652712,23,Walking,358552348000,5.37,2.41,-7.12
652713,23,Walking,358602763000,-1.46,13.82,-6.47
652714,23,Walking,358652354000,-1.95,8.66,-5.24
652715,23,Walking,358702830000,1.38,11.65,-4.1
652716,23,Walking,358752421000,1.38,9.38,-0.38
652717,23,Walking,358803111000,2.34,7.35,-0.61
652718,23,Walking,358852672000,-3.11,12.11,-1.04
652719,23,Walking,358902324000,-2.18,12.68,2.64
652720,23,Walking,358952769000,-6.28,15.21,1.92
652721,23,Walking,359002391000,-1.33,14.94,7.25
652722,23,Walking,359052928000,-3.68,15.36,-10.61
652723,23,Walking,359102550000,7.4,19.5,0.42
652724,23,Walking,359152385000,3.45,10.65,-2.3
652725,23,Walking,359202708000,-0.8,3.17,-5.98
652726,23,Walking,359252330000,-0.08,-1.92,-7.08
652727,23,Walking,359302775000,4.02,-0.08,-4.44
652728,23,Walking,359352336000,-1.8,14.75,14.02
652729,23,Walking,359402873000,3.45,16.63,7.78
652730,23,Walking,359452495000,7.74,6.85,-3.76
652731,23,Walking,359503093000,-1.84,10.19,-7.93
652732,23,Walking,359552684000,-5.52,8.39,-5.98
652733,23,Walking,359602336000,2.56,14.18,-1.5
652734,23,Walking,359652873000,3.26,7.93,-2.45
652735,23,Walking,359702403000,2.15,8.31,0.08
652736,23,Walking,359772319000,-1.88,11.84,-1.73
652737,23,Walking,359822307000,-6.89,13.99,-1.33
652738,23,Walking,359872325000,-3.49,15.75,5.98
652739,23,Walking,359922313000,-2.14,15.79,3.6
652740,23,Walking,359972331000,3.49,17.31,-6.55
652741,23,Walking,360022319000,4.02,16.7,-6.36
652742,23,Walking,360072337000,-0.15,7.4,-5.63
652743,23,Walking,360122325000,-1.73,0.04,-7.12
652744,23,Walking,360172343000,3.87,-2.03,-6.47
652745,23,Walking,360222331000,4.14,4.1,-3.06
652746,23,Walking,360282329000,-1.08,19.46,16.04
652747,23,Walking,360332347000,3.11,5.6,-0.38
652748,23,Walking,360382335000,3.95,11.84,-7.04
652749,23,Walking,360432323000,-1.65,7.86,-9.15
652750,23,Walking,360482341000,0.76,12.34,-2.07
652751,23,Walking,360532359000,0.61,9.0,-2.3
652752,23,Walking,360582652000,0.76,8.31,-1.65
652753,23,Walking,360632335000,-1.53,10.46,1.33
652754,23,Walking,360682323000,-1.8,12.11,3.6
652755,23,Walking,360732341000,-7.82,15.64,-1.84
652756,23,Walking,360782329000,-2.26,16.17,6.63
652757,23,Walking,360832378000,-2.96,15.36,-4.99
652758,23,Walking,360882335000,6.36,18.01,-0.34
652759,23,Walking,360932292000,3.41,11.88,-3.49
652760,23,Walking,360982341000,-1.18,4.67,-6.59
652761,23,Walking,361032359000,-0.3,-2.11,-6.89
652762,23,Walking,361082316000,4.48,-0.3,-4.9
652763,23,Walking,361132335000,2.53,11.92,8.47
652764,23,Walking,361182323000,0.5,17.35,11.03
652765,23,Walking,361232310000,5.24,7.89,-3.06
652766,23,Walking,361282664000,0.19,5.13,-11.11
652767,23,Walking,361332378000,-1.27,12.41,-6.24
652768,23,Walking,361382335000,2.18,12.6,-2.14
652769,23,Walking,361432323000,-1.8,8.85,-1.46
652770,23,Walking,361482371000,1.88,7.5,-1.04
652771,23,Walking,361532329000,-3.91,12.03,0.99
652772,23,Walking,361532329000,-3.91,12.03,0.99
652773,23,Walking,361632457000,-6.66,15.55,-1.08
652774,23,Walking,361683452000,-4.02,15.83,5.86
652775,23,Walking,361732249000,-0.34,15.13,-6.59
652776,23,Walking,361782268000,8.35,18.92,0.8
652777,23,Walking,361832255000,3.26,11.03,-3.87
652778,23,Walking,361882304000,-2.75,3.64,-6.09
652779,23,Walking,361932231000,0.27,-2.37,-6.63
652780,23,Walking,361982310000,4.29,-0.15,-4.48
652781,23,Walking,362042644000,0.27,15.64,14.79
652782,23,Walking,362092235000,0.0,13.76,8.01
652783,23,Walking,362142406000,7.82,-1.65,-11.18
652784,23,Walking,362192271000,-6.36,18.85,-4.59
652785,23,Walking,362242290000,1.14,5.94,-3.34
652786,23,Walking,362292308000,2.56,9.23,-6.66
652787,23,Walking,362342326000,-0.8,10.99,1.61
652788,23,Walking,362392314000,1.65,7.31,-1.42
652789,23,Walking,362442302000,-3.15,10.88,0.08
652790,23,Walking,362496837000,-5.52,12.68,0.42
652791,23,Walking,362496837000,-5.52,12.68,0.42
652792,23,Walking,362552409000,-4.25,15.51,5.01
652793,23,Walking,362603099000,-1.46,16.21,1.33
652794,23,Walking,362652690000,9.53,18.81,-1.57
652795,23,Walking,362702342000,2.45,16.63,-7.82
652796,23,Walking,362753337000,-0.27,6.89,-5.43
652797,23,Walking,362812266000,-0.99,-0.91,-6.82
652798,23,Walking,362872295000,2.98,-2.07,-6.36
652799,23,Walking,362922343000,1.54,13.76,11.6
652800,23,Walking,362972362000,2.56,15.17,7.44
652801,23,Walking,363022319000,11.75,6.66,-2.98
652802,23,Walking,363072337000,-7.16,9.51,-9.89
652803,23,Walking,363122325000,-1.23,12.79,-5.43
652804,23,Walking,363172343000,4.21,9.72,-2.18
652805,23,Walking,363222301000,-1.31,9.3,-3.17
652806,23,Walking,363272319000,-1.23,8.62,-1.08
652807,23,Walking,363322337000,1.76,8.85,-0.72
652808,23,Walking,363372325000,-2.83,13.14,3.3
652809,23,Walking,363422343000,-9.19,15.79,0.42
652810,23,Walking,363472331000,-1.31,15.94,8.39
652811,23,Walking,363522319000,-3.49,15.83,-8.77
652812,23,Walking,363572337000,7.67,19.5,3.38
652813,23,Walking,363622325000,1.84,11.92,-4.25
652814,23,Walking,363672343000,-0.69,4.25,-6.43
652815,23,Walking,363722301000,-0.27,-3.95,-7.74
652816,23,Walking,363772319000,4.02,-0.95,-4.75
652817,23,Walking,363832255000,0.84,14.56,12.95
652818,23,Walking,363882335000,0.5,9.51,6.66
652819,23,Walking,363932536000,13.18,6.02,-6.36
652820,23,Walking,363982310000,-9.3,11.75,-12.03
652821,23,Walking,364032298000,-0.27,8.54,-3.02
652822,23,Walking,364082347000,3.21,11.14,-4.59
652823,23,Walking,364142253000,0.0,9.66,0.89
652824,23,Walking,364192302000,1.65,7.82,-1.69
652825,23,Walking,364242290000,-3.34,12.83,3.79
652826,23,Walking,364292308000,-9.11,14.71,-0.5
652827,23,Walking,364342296000,-2.64,15.43,7.01
652828,23,Walking,364392314000,-2.72,16.02,-3.41
652829,23,Walking,364442302000,9.81,18.24,2.18
652830,23,Walking,364492290000,3.95,14.63,-7.86
652831,23,Walking,364542308000,-0.76,5.71,-5.09
652832,23,Walking,364592296000,-1.38,-1.18,-7.27
652833,23,Walking,364642314000,2.96,-2.96,-6.32
652834,23,Walking,364692332000,2.83,10.31,7.82
652835,23,Walking,364742290000,0.65,18.31,11.07
652836,23,Walking,364792247000,7.59,3.3,-3.68
652837,23,Walking,364842326000,-1.27,13.33,-6.4
652838,23,Walking,364892741000,-2.79,8.73,-7.35
652839,23,Walking,364942271000,1.88,12.45,-2.6
652840,23,Walking,364992320000,1.95,9.66,-1.61
652841,23,Walking,365042308000,1.8,7.4,-2.3
652842,23,Walking,365092296000,-0.42,9.92,0.42
652843,23,Walking,365142314000,-3.17,12.53,2.83
652844,23,Walking,365192302000,-6.85,15.09,0.34
652845,23,Walking,365242961000,-4.86,16.51,5.79
652846,23,Walking,365292308000,-1.14,16.17,-4.4
652847,23,Walking,365342296000,8.43,18.58,0.11
652848,23,Walking,365392314000,2.26,14.9,-6.85
652849,23,Walking,365442302000,-1.23,4.71,-5.28
652851,23,Walking,365492290000,-0.27,-2.11,-7.97
652850,23,Walking,365492290000,-0.27,-2.11,-7.97
652852,23,Walking,365552287000,4.86,-1.57,-5.82
652853,23,Walking,365602885000,1.92,14.63,10.8
652854,23,Walking,365652476000,1.38,15.64,7.74
652855,23,Walking,365703136000,5.83,4.86,-5.09
652856,23,Walking,365752696000,0.38,13.06,-6.7
652857,23,Walking,365802348000,-2.96,8.31,-5.48
652858,23,Walking,365852855000,0.99,11.5,-4.25
652859,23,Walking,365902446000,1.33,9.19,0.0
652860,23,Walking,365952891000,1.54,8.08,-0.84
652861,23,Walking,366002818000,-4.21,12.64,-1.33
652862,23,Walking,366052348000,-2.87,12.57,2.53
652863,23,Walking,366102672000,-5.98,14.75,1.92
652864,23,Walking,366152324000,0.08,13.95,8.16
652865,23,Walking,366202769000,-4.82,15.85,-11.11
652866,23,Walking,366252299000,9.08,19.57,-0.08
652867,23,Walking,366302867000,2.72,9.81,-2.75
652868,23,Walking,366352489000,-1.76,2.64,-5.79
652869,23,Walking,366403087000,-0.11,-2.75,-7.12
652870,23,Walking,366462291000,4.37,0.61,-5.28
652871,23,Walking,366522258000,-0.46,17.92,17.2
652872,23,Walking,366573711000,1.38,7.21,5.01
652873,23,Walking,366632335000,8.69,12.18,-4.71
652874,23,Walking,366682323000,-4.37,6.93,-9.7
652875,23,Walking,366732310000,0.11,12.68,-2.56
652876,23,Walking,366782329000,3.3,10.57,-2.18
652877,23,Walking,366832347000,2.98,7.4,-1.04
652878,23,Walking,366882335000,-1.08,9.85,-0.19
652879,23,Walking,366882335000,-1.08,9.85,-0.19
652880,23,Walking,366983562000,-2.41,11.8,2.64
652882,23,Walking,367042308000,-4.94,17.47,5.79
652881,23,Walking,367042308000,-4.94,17.47,5.79
652883,23,Walking,367112285000,0.11,14.82,-7.86
652884,23,Walking,367162273000,4.1,18.89,-5.82
652885,23,Walking,367212260000,1.33,8.35,-3.64
652886,23,Walking,367272288000,-1.08,0.95,-6.24
652887,23,Walking,367332316000,3.41,-2.26,-5.94
652888,23,Walking,367382274000,4.06,8.62,3.53
652889,23,Walking,367432323000,-1.46,18.7,12.6
652890,23,Walking,367482341000,1.54,1.5,-0.04
652891,23,Walking,367532329000,8.24,14.1,-1.73
652892,23,Walking,367582347000,-3.64,10.04,-8.54
652893,23,Walking,367632335000,0.42,8.73,-3.72
652894,23,Walking,367682323000,0.8,10.5,-2.72
652895,23,Walking,367732310000,1.99,8.5,-0.19
652896,23,Walking,367782329000,-0.38,9.19,0.5
652897,23,Walking,367832347000,-2.37,12.15,1.57
652898,23,Walking,367882335000,-8.47,14.71,-1.31
652899,23,Walking,367932292000,-2.64,15.66,7.44
652900,23,Walking,367982402000,-3.06,16.59,-2.07
