,user,label,timestamp,x,y,z
654301,23,Walking,438032359000,-3.6,13.06,2.79
654302,23,Walking,438082378000,-5.94,14.98,1.88
654303,23,Walking,438132365000,-2.68,15.89,6.7
654304,23,Walking,438182323000,-1.92,15.05,-9.28
654305,23,Walking,438232341000,5.6,19.53,-2.37
654306,23,Walking,438282298000,3.21,9.04,-1.76
654307,23,Walking,438332347000,-2.18,3.49,-6.09
654308,23,Walking,438382335000,0.93,-2.18,-6.36
654309,23,Walking,438432231000,3.91,0.34,-4.21
654310,23,Walking,438482341000,-0.57,15.36,14.6
654311,23,Walking,438532298000,1.18,13.67,6.97
654312,23,Walking,438582347000,10.31,3.02,-9.47
654313,23,Walking,438632335000,-6.51,14.52,-6.24
654314,23,Walking,438682323000,-1.69,6.78,-5.52
654315,23,Walking,438732341000,1.04,12.64,-3.57
654316,23,Walking,438782298000,3.06,8.47,0.34
654317,23,Walking,438832347000,0.65,8.31,-1.04
654318,23,Walking,438882335000,-2.75,11.92,-0.04
654319,23,Walking,438932292000,-2.75,13.44,2.15
654320,23,Walking,438982341000,-5.98,14.86,2.72
654321,23,Walking,439032329000,-2.45,15.64,6.21
654322,23,Walking,439082347000,1.23,15.47,-9.43
654323,23,Walking,439132335000,5.75,19.38,-1.76
654324,23,Walking,439182323000,0.89,8.43,-3.41
654325,23,Walking,439232341000,-1.57,3.11,-5.37
654326,23,Walking,439282298000,1.14,-1.76,-6.4
654328,23,Walking,439332347000,3.57,0.61,-4.29
654327,23,Walking,439332347000,3.57,0.61,-4.29
654329,23,Walking,439432445000,0.19,19.19,13.4
654330,23,Walking,439482951000,10.12,9.19,-3.68
654331,23,Walking,439532237000,-2.96,4.02,-10.34
654332,23,Walking,439582316000,-2.75,13.4,-5.52
654333,23,Walking,439632274000,0.93,11.03,-2.3
654334,23,Walking,439682262000,0.95,8.89,-0.95
654335,23,Walking,439732310000,0.99,7.82,-0.3
654336,23,Walking,439782268000,-1.95,11.73,0.27
654337,23,Walking,439832347000,-3.26,13.25,3.02
654338,23,Walking,439882335000,-6.74,14.98,0.23
654339,23,Walking,439932353000,-1.38,15.66,7.93
654340,23,Walking,439982341000,-2.26,14.9,-9.58
654341,23,Walking,440032329000,7.08,19.42,0.0
654342,23,Walking,440082347000,3.41,9.04,-2.45
654343,23,Walking,440132335000,-2.56,3.99,-5.6
654344,23,Walking,440182323000,0.5,-1.88,-6.78
654345,23,Walking,440232371000,4.52,-0.34,-5.01
654346,23,Walking,440232371000,4.52,-0.34,-5.01
654347,23,Walking,440312297000,-0.84,18.5,17.16
654348,23,Walking,440362285000,1.08,1.46,1.38
654349,23,Walking,440412303000,7.55,14.48,0.0
654350,23,Walking,440472301000,-1.88,6.24,-10.5
654351,23,Walking,440522288000,0.76,11.8,-3.87
654352,23,Walking,440572337000,1.46,10.12,-1.73
654353,23,Walking,440622233000,0.93,8.12,-1.08
654354,23,Walking,440672313000,-2.6,10.23,0.23
654355,23,Walking,440722270000,-0.95,12.37,2.22
654356,23,Walking,440772258000,-7.65,14.25,-0.99
654357,23,Walking,440822307000,-3.41,16.4,6.24
654358,23,Walking,440872325000,-0.84,15.13,0.15
654359,23,Walking,440922343000,6.32,17.01,-4.25
654360,23,Walking,440972301000,2.79,14.33,-4.25
654361,23,Walking,441022563000,-0.65,6.89,-6.21
654362,23,Walking,441072337000,-1.61,0.23,-6.13
654363,23,Walking,441122325000,4.37,-0.8,-6.32
654364,23,Walking,441172343000,4.44,4.02,-0.15
654365,23,Walking,441222331000,-0.19,19.31,16.63
654366,23,Walking,441272288000,2.26,4.67,4.33
654367,23,Walking,441322337000,7.93,10.53,-2.56
654368,23,Walking,441372325000,-3.26,7.86,-10.95
654369,23,Walking,441422343000,-0.69,10.99,-3.6
654370,23,Walking,441472331000,1.12,12.15,-2.18
654371,23,Walking,441522319000,1.73,8.69,0.31
654372,23,Walking,441572337000,-0.27,7.27,-1.65
654373,23,Walking,441622325000,-1.69,12.07,1.69
654374,23,Walking,441672343000,-4.25,14.48,1.08
654375,23,Walking,441722301000,-4.44,14.48,2.45
654376,23,Walking,441772288000,-0.99,15.47,7.5
654377,23,Walking,441822337000,-4.4,15.28,-12.11
654378,23,Walking,441872325000,5.79,19.19,-2.11
654379,23,Walking,441922343000,1.57,8.54,-3.45
654380,23,Walking,441972362000,-2.07,3.11,-5.56
654381,23,Walking,442022410000,1.73,-2.03,-6.21
654382,23,Walking,442072368000,5.33,1.18,-4.94
654383,23,Walking,442122356000,0.72,16.51,15.02
654384,23,Walking,442172343000,1.33,12.87,6.66
654385,23,Walking,442222331000,5.98,-0.27,-10.95
654386,23,Walking,442272288000,-2.45,16.93,-3.64
654387,23,Walking,442322307000,-0.3,5.9,-5.9
654388,23,Walking,442372325000,0.23,13.06,-3.87
654389,23,Walking,442422343000,3.17,9.3,1.12
654390,23,Walking,442482249000,0.19,7.16,-1.27
654391,23,Walking,442532237000,-1.8,13.18,2.37
654392,23,Walking,442582286000,-4.94,15.02,5.37
654393,23,Walking,442642314000,-3.26,15.02,5.37
654394,23,Walking,442692271000,-1.5,13.8,3.6
654395,23,Walking,442742320000,1.33,16.93,-9.23
654396,23,Walking,442792277000,5.01,16.66,-3.95
654397,23,Walking,442842296000,1.23,7.78,-4.63
654398,23,Walking,442892314000,-2.14,1.73,-6.05
654399,23,Walking,442942302000,2.72,-2.34,-6.4
654400,23,Walking,442992351000,4.56,3.83,-2.79
654401,23,Walking,443042308000,-0.27,19.34,16.55
654402,23,Walking,443092296000,0.93,6.05,4.14
654403,23,Walking,443142314000,9.53,12.76,-4.75
654404,23,Walking,443192424000,-2.49,6.55,-10.88
654405,23,Walking,443242320000,0.76,10.99,-5.67
654406,23,Walking,443292308000,0.46,12.07,-1.5
654407,23,Walking,443342296000,2.34,7.7,-0.11
654408,23,Walking,443392345000,-1.5,10.12,0.19
654409,23,Walking,443442302000,-0.5,13.06,2.64
654410,23,Walking,443492290000,-8.16,14.1,1.73
654411,23,Walking,443542308000,-6.85,17.88,4.94
654412,23,Walking,443592326000,1.76,13.8,-0.61
654413,23,Walking,443642314000,7.16,16.63,-5.09
654414,23,Walking,443692302000,0.89,13.8,-3.6
654415,23,Walking,443742290000,-0.84,5.86,-5.24
654416,23,Walking,443792338000,-0.69,-0.08,-5.98
654417,23,Walking,443842296000,4.63,-0.38,-5.28
654418,23,Walking,443892314000,3.45,7.16,3.64
654419,23,Walking,443942302000,0.23,19.57,14.52
654420,23,Walking,443992290000,4.14,5.48,-1.04
654421,23,Walking,444042308000,4.29,10.08,-5.79
654422,23,Walking,444092296000,-2.41,8.69,-9.66
654423,23,Walking,444142314000,0.46,13.14,-1.27
654424,23,Walking,444192302000,2.07,9.19,-2.22
654425,23,Walking,444242290000,0.57,8.62,0.76
654426,23,Walking,444292338000,-0.27,9.7,-1.95
654427,23,Walking,444342296000,-1.08,11.96,4.06
654428,23,Walking,444392314000,-7.93,13.87,-0.27
654429,23,Walking,444442302000,-2.91,15.47,5.94
654430,23,Walking,444492290000,-1.42,14.6,1.27
654431,23,Walking,444542308000,4.56,15.75,-5.71
654432,23,Walking,444592265000,2.6,15.75,-4.67
654433,23,Walking,444642314000,1.8,7.35,-5.37
654434,23,Walking,444692332000,-1.04,2.03,-4.99
654435,23,Walking,444742290000,3.02,-1.8,-6.43
654436,23,Walking,444792308000,4.02,5.24,-2.3
654437,23,Walking,444842296000,1.69,19.5,16.55
654438,23,Walking,444892314000,-1.65,3.72,4.48
654439,23,Walking,444942302000,6.47,7.86,-5.75
654440,23,Walking,444992290000,-1.8,10.57,-8.01
654441,23,Walking,445042338000,3.99,7.55,-6.17
654442,23,Walking,445092296000,0.42,11.92,-5.79
654443,23,Walking,445142314000,-1.08,10.15,2.76
654444,23,Walking,445192302000,0.11,7.31,-2.72
654445,23,Walking,445243053000,-1.18,12.57,0.5
654446,23,Walking,445292308000,-2.91,12.64,1.46
654447,23,Walking,445342296000,-7.01,14.94,0.65
654448,23,Walking,445392314000,-3.34,16.7,5.6
654449,23,Walking,445442302000,0.38,15.13,-7.16
654450,23,Walking,445492290000,9.0,19.19,0.46
654451,23,Walking,445542308000,2.68,9.81,-3.64
654452,23,Walking,445592296000,-2.14,4.06,-5.28
654453,23,Walking,445642284000,-0.04,-1.38,-6.21
654455,23,Walking,445692302000,4.33,-0.38,-4.56
654454,23,Walking,445692302000,4.33,-0.38,-4.56
654456,23,Walking,445750896000,1.31,12.3,9.53
654457,23,Walking,445812297000,-0.08,12.07,6.47
654458,23,Walking,445862285000,10.76,10.04,-3.11
654459,23,Walking,445922313000,-2.34,4.75,-11.88
654460,23,Walking,445972331000,-0.69,13.48,-2.83
654461,23,Walking,446022288000,1.5,10.38,-3.34
654462,23,Walking,446072337000,0.27,9.3,-0.08
654463,23,Walking,446122325000,0.65,7.82,-1.08
654464,23,Walking,446172343000,-2.83,12.87,1.95
654465,23,Walking,446222331000,-6.82,13.76,0.76
654466,23,Walking,446272319000,-3.49,14.86,4.75
654467,23,Walking,446322307000,-0.95,14.86,4.37
654468,23,Walking,446372325000,1.95,16.55,-9.81
654469,23,Walking,446422343000,3.99,17.43,-3.36
654470,23,Walking,446472331000,1.31,8.01,-5.01
654471,23,Walking,446522319000,-1.53,1.54,-5.79
654472,23,Walking,446572337000,2.22,-1.69,-6.36
654473,23,Walking,446622325000,4.02,1.8,-4.06
654474,23,Walking,446672374000,-1.61,18.09,17.54
654475,23,Walking,446722331000,0.15,9.08,6.09
654476,23,Walking,446772319000,8.58,6.66,-6.47
654477,23,Walking,446822337000,-1.53,10.08,-9.28
654478,23,Walking,446872325000,0.5,9.72,-5.71
654479,23,Walking,446922343000,0.42,12.49,-2.75
654480,23,Walking,446972362000,-0.04,8.69,0.04
654481,23,Walking,447022288000,-0.72,7.89,-0.38
654482,23,Walking,447072368000,-0.61,11.41,-0.3
654483,23,Walking,447122325000,-1.14,12.87,0.8
654484,23,Walking,447172343000,-6.28,15.28,0.27
654485,23,Walking,447222331000,-4.48,17.5,5.18
654486,23,Walking,447272319000,1.46,13.72,-6.97
654487,23,Walking,447322337000,7.31,19.38,-1.23
654488,23,Walking,447372325000,4.9,9.51,-2.6
654489,23,Walking,447422343000,-3.49,4.25,-6.4
654490,23,Walking,447472331000,0.65,-2.34,-6.28
654491,23,Walking,447522319000,4.44,-0.5,-3.83
654492,23,Walking,447572337000,-0.99,13.44,12.57
654493,23,Walking,447622325000,2.68,16.89,9.89
654494,23,Walking,447689159000,6.82,1.12,-6.4
654495,23,Walking,447742290000,-10.53,12.15,-11.8
654496,23,Walking,447792308000,-0.57,8.92,-4.63
654497,23,Walking,447842296000,2.56,12.22,-3.34
654498,23,Walking,447892314000,1.33,9.11,0.5
654499,23,Walking,447942302000,0.57,6.63,-1.76
654500,23,Walking,447992259000,-2.26,13.06,1.31
