,user,label,timestamp,x,y,z
597810,24,Walking,14729801492000,-4.21,14.25,4.75
597811,24,Walking,14729841623000,-6.21,5.56,1.31
597812,24,Walking,14729881662000,-6.59,6.13,-0.23
597813,24,Walking,14729921549000,-11.45,11.35,-2.91
597814,24,Walking,14730001657000,-9.19,4.06,-1.84
597815,24,Walking,14730041483000,-6.89,8.5,0.72
597816,24,Walking,14730081522000,-4.21,6.97,0.04
597817,24,Walking,14730121683000,-2.87,12.22,6.97
597818,24,Walking,14730201669000,-1.08,11.56,2.14
597819,24,Walking,14730241495000,-2.64,9.96,-2.03
597820,24,Walking,14730281503000,-4.86,11.5,-6.02
597821,24,Walking,14730321543000,-4.71,11.96,5.13
597822,24,Walking,14730401468000,-0.65,12.76,2.03
597823,24,Walking,14730451669000,-9.89,17.43,-0.34
597824,24,Walking,14730491281000,-16.82,19.5,-1.14
597825,24,Walking,14730531412000,-12.11,9.04,-2.87
597826,24,Walking,14730571481000,-4.56,3.34,1.04
597827,24,Walking,14730651468000,-5.09,-0.08,-0.89
597828,24,Walking,14730692056000,-7.82,1.69,-4.37
597829,24,Walking,14730731668000,-8.01,0.69,-1.95
597830,24,Walking,14730776193000,-3.6,5.52,11.45
597831,24,Walking,14730851511000,12.49,19.46,-6.78
597832,24,Walking,14730892069000,0.53,14.1,-0.84
597833,24,Walking,14730931558000,-2.56,17.77,3.79
597834,24,Walking,14730971445000,-5.37,2.07,-0.15
597835,24,Walking,14731051584000,-9.3,10.76,-0.42
597836,24,Walking,14731091501000,-11.14,11.22,-0.53
597837,24,Walking,14731131479000,-9.19,2.15,-3.91
597838,24,Walking,14731171671000,-8.01,7.74,0.27
597839,24,Walking,14731251505000,-2.45,6.28,0.04
597840,24,Walking,14731291635000,-1.23,6.97,-0.27
597841,24,Walking,14731331552000,-1.31,13.29,7.55
597842,24,Walking,14731371500000,-2.53,10.42,-2.34
597843,24,Walking,14731451517000,-3.3,13.82,-6.89
597844,24,Walking,14731491464000,-0.61,10.42,-3.11
597845,24,Walking,14731531503000,-0.72,9.62,5.63
597846,24,Walking,14731612772000,-12.76,19.46,-1.42
597847,24,Walking,14731651438000,-14.14,16.04,-0.08
597848,24,Walking,14731691507000,-9.08,5.94,-1.54
597849,24,Walking,14731731638000,-5.71,1.42,3.79
597850,24,Walking,14731771524000,-6.02,1.61,-2.34
597851,24,Walking,14731851480000,-6.97,-0.3,-0.84
597852,24,Walking,14731891519000,-5.75,0.72,2.22
597853,24,Walking,14731931558000,0.08,9.62,8.54
597854,24,Walking,14731976297000,9.11,19.5,-13.18
597855,24,Walking,14732052225000,-2.49,15.02,-0.19
597856,24,Walking,14732091562000,-4.44,7.55,8.43
597857,24,Walking,14732131571000,-4.63,2.6,0.84
597858,24,Walking,14732171671000,-6.02,7.93,-0.61
597859,24,Walking,14732251474000,-7.16,6.21,-1.27
597860,24,Walking,14732292063000,-5.41,7.35,-13.25
597861,24,Walking,14732331644000,-12.72,2.07,1.95
597862,24,Walking,14732371561000,-4.18,8.43,2.75
597863,24,Walking,14732451517000,-1.8,9.7,7.01
597864,24,Walking,14732492075000,-3.64,8.54,2.26
597865,24,Walking,14732531473000,-3.95,9.0,-0.42
597866,24,Walking,14732571512000,-4.67,19.08,-9.08
597867,24,Walking,14732651438000,3.83,9.66,2.37
597868,24,Walking,14732691477000,-1.95,8.31,0.99
597869,24,Walking,14732731699000,-9.04,16.66,1.42
597870,24,Walking,14732771494000,-10.99,19.53,-2.07
597871,24,Walking,14732851633000,-7.4,3.91,0.8
597872,24,Walking,14732892069000,-6.85,0.46,1.38
597873,24,Walking,14732931467000,-5.79,0.15,-1.88
597874,24,Walking,14732971536000,-6.63,0.27,-2.45
597875,24,Walking,14733051645000,-3.83,8.16,9.89
597876,24,Walking,14733091562000,16.97,19.5,-13.95
597877,24,Walking,14733131632000,8.77,14.67,-0.93
597878,24,Walking,14733171701000,-1.65,17.05,0.76
597879,24,Walking,14733251566000,-6.05,8.2,-0.11
597880,24,Walking,14733291513000,-6.55,2.79,-3.83
597881,24,Walking,14733331522000,-12.95,6.44,-2.53
597882,24,Walking,14733371652000,-11.37,8.66,1.73
597883,24,Walking,14733451486000,-5.94,7.06,-2.11
597884,24,Walking,14733491495000,-4.79,8.66,-1.5
597885,24,Walking,14733531564000,-1.88,10.73,-1.04
597886,24,Walking,14733571604000,2.11,13.4,1.69
597887,24,Walking,14733651468000,-0.19,10.5,-2.68
597888,24,Walking,14733691507000,0.76,8.73,-3.95
597889,24,Walking,14733731546000,-0.61,11.73,-5.18
597890,24,Walking,14733771494000,-0.72,16.13,-0.72
597891,24,Walking,14733851572000,-12.15,18.43,-2.68
597892,24,Walking,14733892069000,-11.6,15.05,-1.54
597893,24,Walking,14733931497000,-8.08,8.92,-1.46
597894,24,Walking,14733971536000,-3.91,5.9,2.45
597895,24,Walking,14734051523000,-5.67,0.93,-2.3
597896,24,Walking,14734092111000,-6.78,1.46,-1.69
597897,24,Walking,14734131510000,-6.93,-0.04,0.8
597898,24,Walking,14734171549000,-2.41,5.48,-5.22
597899,24,Walking,14734331461000,-4.4,11.73,-1.88
597901,24,Walking,14734331461000,-4.4,11.73,-1.88
597900,24,Walking,14734331461000,-4.4,11.73,-1.88
597902,24,Walking,14734372110000,-9.28,3.21,-3.06
597903,24,Walking,14734451517000,-12.91,5.9,-1.73
597904,24,Walking,14734492319000,-9.89,7.93,1.46
597905,24,Walking,14734531442000,-6.28,5.05,-0.93
597906,24,Walking,14734571634000,-5.94,9.3,-3.64
597907,24,Walking,14734651560000,-0.34,11.14,-2.76
597908,24,Walking,14734691629000,0.99,11.54,4.71
597909,24,Walking,14734731577000,-0.65,10.34,-0.76
597910,24,Walking,14734771646000,-0.69,10.84,-4.37
597911,24,Walking,14734851511000,-2.26,11.69,-2.79
597912,24,Walking,14734892069000,-0.61,11.56,2.07
597913,24,Walking,14734931467000,-4.82,12.76,-0.04
597914,24,Walking,14734971597000,-9.81,15.75,-1.23
597915,24,Walking,14735051523000,-11.07,11.56,-0.38
597916,24,Walking,14735091501000,-6.21,6.63,1.53
597917,24,Walking,14735131632000,-3.45,2.96,-0.23
597918,24,Walking,14735171549000,-5.01,0.5,-1.65
597919,24,Walking,14735251474000,-7.5,-0.95,0.3
597920,24,Walking,14735291483000,-4.02,4.52,8.31
597921,24,Walking,14735331644000,5.9,15.09,-4.6
597922,24,Walking,14735371622000,10.61,8.85,-1.5
597923,24,Walking,14735451517000,-3.21,14.63,-2.79
597924,24,Walking,14735492044000,-6.93,11.14,4.75
597925,24,Walking,14735531473000,-5.63,0.42,-2.18
597926,24,Walking,14735571787000,-12.95,6.74,-0.95
597927,24,Walking,14735651499000,-6.97,6.32,1.23
597928,24,Walking,14735691507000,-4.82,8.08,-0.8
597929,24,Walking,14735732034000,-4.56,6.85,-0.65
597930,24,Walking,14735771555000,-2.87,6.44,-1.14
597931,24,Walking,14735851633000,0.04,14.75,4.25
597932,24,Walking,14735891611000,-1.18,11.35,-2.11
597933,24,Walking,14735931467000,0.08,10.08,-3.72
597934,24,Walking,14735971536000,-0.76,9.04,1.33
597935,24,Walking,14736051615000,-6.17,14.41,4.44
597936,24,Walking,14736092050000,-10.92,19.08,-0.38
597937,24,Walking,14736131632000,-15.17,19.31,0.42
597938,24,Walking,14736171549000,-9.92,9.72,0.0
597939,24,Walking,14736251505000,-6.59,2.07,-1.33
597940,24,Walking,14736291635000,-4.48,-1.04,-0.38
597941,24,Walking,14736331522000,-5.28,-0.53,-1.5
597942,24,Walking,14736371469000,-6.05,-1.08,3.98
597943,24,Walking,14736451639000,7.59,17.16,-5.43
597944,24,Walking,14736492166000,11.5,18.85,-3.26
597945,24,Walking,14736531473000,-0.34,12.57,1.73
597946,24,Walking,14736571665000,-2.91,13.14,8.47
597947,24,Walking,14736651438000,-9.0,7.35,-1.5
597948,24,Walking,14736691477000,-12.18,8.54,-1.61
597949,24,Walking,14736732065000,-10.61,4.63,-1.69
597950,24,Walking,14736771524000,-7.55,4.63,-0.38
597951,24,Walking,14736851633000,-7.27,8.16,3.6
597952,24,Walking,14736892191000,-5.01,7.86,2.87
597953,24,Walking,14736931619000,-1.88,10.65,4.99
597954,24,Walking,14736971506000,-3.15,9.66,-4.48
597955,24,Walking,14737051492000,-2.87,12.91,-8.28
597956,24,Walking,14737092050000,-2.15,12.3,-4.33
597957,24,Walking,14737131510000,-2.91,9.7,4.86
597958,24,Walking,14737171488000,-7.35,15.09,1.04
597959,24,Walking,14737251627000,-12.22,18.05,-0.99
597960,24,Walking,14737292063000,-11.18,10.99,-3.06
597961,24,Walking,14737331644000,-9.72,6.44,-0.19
597962,24,Walking,14737371500000,-5.6,2.3,-2.41
597963,24,Walking,14737451517000,-7.01,2.34,-2.37
597964,24,Walking,14737492136000,-5.67,-0.3,-0.8
597965,24,Walking,14737531473000,-5.43,0.27,2.03
597966,24,Walking,14737571604000,-0.19,9.89,-11.22
597967,24,Walking,14737651468000,6.89,15.09,-0.89
597968,24,Walking,14737691599000,-1.69,6.17,3.34
597969,24,Walking,14737731485000,-6.78,15.7,2.79
597970,24,Walking,14737771494000,-6.55,9.19,-3.02
597971,24,Walking,14737851511000,-10.76,6.17,-2.98
597972,24,Walking,14737892191000,-10.8,5.6,-1.73
597973,24,Walking,14737931467000,-7.74,2.68,-1.33
597974,24,Walking,14737971567000,-5.52,9.62,-0.38
597975,24,Walking,14738051523000,-3.34,10.65,-0.11
597976,24,Walking,14738091501000,-1.69,10.69,2.83
597977,24,Walking,14738131632000,-1.08,10.69,1.08
597978,24,Walking,14738171488000,-2.53,11.75,-5.37
597979,24,Walking,14738251505000,-0.89,11.45,-3.64
597980,24,Walking,14738291513000,-1.12,9.85,4.99
597981,24,Walking,14738331613000,-8.12,13.67,2.72
597982,24,Walking,14738371652000,-11.03,16.7,-0.93
597983,24,Walking,14738451486000,-8.39,6.66,0.72
597984,24,Walking,14738492044000,-6.93,4.25,2.53
597985,24,Walking,14738531473000,-7.01,2.45,-0.93
597986,24,Walking,14738571543000,-6.97,0.34,-1.14
597987,24,Walking,14738651621000,-4.48,-0.61,0.8
597988,24,Walking,14738691477000,0.69,8.35,8.47
597989,24,Walking,14738732126000,15.43,19.27,-11.41
597990,24,Walking,14738771555000,5.6,6.55,10.15
597991,24,Walking,14738851480000,-6.4,15.83,0.99
597992,24,Walking,14738892191000,-5.24,7.55,-1.23
597993,24,Walking,14738931467000,-5.41,3.64,-2.45
597994,24,Walking,14738971536000,-11.22,9.19,-2.76
597995,24,Walking,14739051645000,-7.12,3.02,-0.31
597996,24,Walking,14739091654000,-4.86,5.22,0.23
597997,24,Walking,14739131479000,-1.33,9.34,2.68
597998,24,Walking,14739171549000,-3.6,11.92,3.72
597999,24,Walking,14739251505000,-2.79,12.41,-1.38
598000,24,Walking,14739292063000,-1.33,13.33,-4.25
598001,24,Walking,14739341623000,-0.61,14.82,-6.85
598002,24,Walking,14739381479000,0.95,10.31,2.18
598003,24,Walking,14739421701000,-3.91,10.5,3.41
598004,24,Walking,14739501627000,-14.21,19.53,-1.99
598005,24,Walking,14739541513000,-13.06,12.15,-0.5
598006,24,Walking,14739581583000,-8.31,4.44,0.57
598007,24,Walking,14739621561000,-3.45,2.98,0.04
598008,24,Walking,14739701608000,-5.98,1.65,-0.61
598009,24,Walking,14739741495000,-8.31,-0.27,-0.93
