,user,label,timestamp,x,y,z
600810,24,Walking,14879771677000,-10.15,18.28,-0.42
600811,24,Walking,14879851633000,-7.86,6.66,-0.93
600812,24,Walking,14879892099000,-7.35,4.21,0.38
600813,24,Walking,14879931497000,-6.32,3.06,0.08
600814,24,Walking,14879971689000,-6.13,1.12,-2.11
600815,24,Walking,14880051492000,-4.94,0.31,1.61
600816,24,Walking,14880091501000,1.08,7.74,4.79
600817,24,Walking,14880131540000,9.11,17.35,-11.88
600818,24,Walking,14880171488000,5.9,18.05,-2.18
600819,24,Walking,14880251627000,-3.49,14.75,1.76
600820,24,Walking,14880292215000,-5.94,5.9,2.72
600821,24,Walking,14880331522000,-4.82,4.1,0.19
600822,24,Walking,14880413156000,-9.96,7.82,-1.69
600823,24,Walking,14880451608000,-8.2,4.1,-1.18
600824,24,Walking,14880491495000,-7.35,7.35,-5.05
600825,24,Walking,14880531656000,-5.94,8.77,-1.57
600826,24,Walking,14880571665000,-3.26,7.35,-0.53
600827,24,Walking,14880651499000,-4.6,9.53,0.38
600828,24,Walking,14880691629000,-4.6,11.45,7.31
600829,24,Walking,14880731638000,-4.25,9.43,-2.18
600830,24,Walking,14880771524000,-4.82,11.69,-4.4
600831,24,Walking,14880851602000,-1.23,8.01,-1.5
600832,24,Walking,14880892221000,-6.74,13.76,3.91
600833,24,Walking,14880931619000,-9.89,18.7,-1.38
600834,24,Walking,14880971506000,-8.89,14.25,0.65
600835,24,Walking,14881051523000,-9.19,4.99,0.84
600836,24,Walking,14881091470000,-7.44,2.76,-1.95
600837,24,Walking,14881131632000,-6.02,2.45,-2.68
600838,24,Walking,14881171518000,-5.48,1.33,2.98
600839,24,Walking,14881251505000,0.34,6.93,1.5
600840,24,Walking,14881296427000,11.22,18.12,-9.7
600841,24,Walking,14881333536000,5.75,16.7,-1.5
600842,24,Walking,14881371500000,-0.38,5.05,1.69
600843,24,Walking,14881451456000,-10.92,12.79,3.76
600844,24,Walking,14881491678000,-4.9,3.45,0.34
600845,24,Walking,14881531534000,-7.08,6.24,-1.31
600846,24,Walking,14881651285000,-6.36,8.73,-4.29
600847,24,Walking,14881651285000,-6.36,8.73,-4.29
600848,24,Walking,14881691416000,-5.05,6.93,-0.42
600849,24,Walking,14881731638000,-3.79,5.67,0.65
600850,24,Walking,14881771677000,-4.1,8.16,1.08
600851,24,Walking,14881851511000,-5.43,7.67,8.47
600852,24,Walking,14881892099000,-5.43,9.04,-1.04
600853,24,Walking,14881931619000,-6.47,10.76,-4.6
600854,24,Walking,14881971475000,-7.21,9.04,-2.22
600855,24,Walking,14882051492000,-2.83,12.3,4.9
600856,24,Walking,14882092172000,-7.08,14.06,2.03
600857,24,Walking,14882131632000,-9.85,16.97,-0.95
600858,24,Walking,14882171549000,-11.45,7.78,-2.3
600859,24,Walking,14882251627000,-8.54,3.57,2.45
600860,24,Walking,14882291605000,-7.86,2.37,0.3
600861,24,Walking,14882331522000,-5.71,2.41,-1.12
600862,24,Walking,14882371469000,-4.67,-1.08,0.0
600863,24,Walking,14882451456000,-0.65,2.96,4.52
600864,24,Walking,14882493601000,8.85,14.6,-12.68
600865,24,Walking,14882531503000,7.78,19.53,-2.49
600866,24,Walking,14882571665000,0.46,12.68,2.96
600867,24,Walking,14882651468000,-6.24,8.35,3.57
600868,24,Walking,14882692087000,-4.82,6.21,-0.23
600869,24,Walking,14882731516000,-9.53,10.0,-1.88
600870,24,Walking,14882771555000,-10.95,2.53,-5.43
600871,24,Walking,14882851541000,-8.16,7.46,-1.69
600872,24,Walking,14882892221000,-6.44,8.66,0.34
600873,24,Walking,14882931589000,-3.72,5.98,0.27
600874,24,Walking,14882971658000,-3.79,12.57,8.47
600875,24,Walking,14883051645000,-3.45,9.38,0.34
600876,24,Walking,14883091501000,-3.53,9.19,-1.69
600877,24,Walking,14883131601000,-7.35,11.18,-4.48
600878,24,Walking,14883171549000,-6.09,8.54,-3.87
600879,24,Walking,14883251474000,-8.12,15.47,7.93
600880,24,Walking,14883291635000,-9.66,16.04,-2.22
600881,24,Walking,14883331644000,-12.15,17.27,0.38
600882,24,Walking,14883371591000,-9.92,6.55,2.37
600883,24,Walking,14883451486000,-6.97,2.72,2.14
600884,24,Walking,14883491464000,-6.97,2.37,-0.34
600885,24,Walking,14883531473000,-5.22,1.04,-1.61
600886,24,Walking,14883571481000,-5.22,0.15,1.46
600887,24,Walking,14883651468000,1.46,7.59,-2.45
600888,24,Walking,14883691507000,13.29,19.27,-9.0
600889,24,Walking,14883731638000,3.64,15.4,-1.65
600890,24,Walking,14883771555000,-1.73,9.04,6.17
600891,24,Walking,14883851511000,-8.16,4.86,2.3
600892,24,Walking,14883892099000,-7.86,9.47,-0.23
600893,24,Walking,14883931497000,-8.66,10.08,-1.76
600894,24,Walking,14883971475000,-7.7,4.25,-2.18
600895,24,Walking,14884051645000,-8.16,7.59,-2.72
600896,24,Walking,14884091623000,-4.44,5.71,-1.04
600897,24,Walking,14884131632000,-3.49,6.85,0.23
600898,24,Walking,14884171671000,-4.86,10.53,6.82
600899,24,Walking,14884251627000,-3.38,8.96,-2.37
600900,24,Walking,14884292093000,-4.56,12.79,-6.05
600901,24,Walking,14884331522000,-3.17,12.03,-3.95
600902,24,Walking,14884371439000,-1.12,8.66,-0.84
600903,24,Walking,14884451578000,-10.8,17.67,-1.61
600904,24,Walking,14884491617000,-13.48,19.27,0.34
600905,24,Walking,14884531626000,-12.03,10.23,-2.45
600906,24,Walking,14884571634000,-8.92,2.41,1.42
600907,24,Walking,14884651468000,-5.13,1.38,-2.49
600908,24,Walking,14884692056000,-5.6,0.65,-2.96
600909,24,Walking,14884731485000,-5.83,-0.5,-0.69
600910,24,Walking,14884771524000,-4.71,14.9,-8.89
600911,24,Walking,14884851602000,11.22,19.53,-3.34
600912,24,Walking,14884892221000,0.5,12.37,0.72
600913,24,Walking,14884931589000,-1.8,12.76,5.13
600914,24,Walking,14884971506000,-4.63,5.94,-0.04
600915,24,Walking,14885051615000,-9.38,12.57,-1.12
600916,24,Walking,14885092050000,-10.23,6.66,-3.45
600917,24,Walking,14885131632000,-8.39,1.8,-4.67
600918,24,Walking,14885171518000,-8.35,3.64,-0.61
600919,24,Walking,14885251627000,-4.9,7.78,-0.04
600920,24,Walking,14885291635000,-4.67,9.23,0.89
600921,24,Walking,14885331644000,-2.03,13.8,9.38
600922,24,Walking,14885371530000,-3.6,10.95,-5.01
600923,24,Walking,14885451486000,-6.55,11.26,-6.36
600924,24,Walking,14885491495000,-4.86,9.92,-1.61
600925,24,Walking,14885531534000,-4.67,12.15,1.18
600926,24,Walking,14885571665000,-8.28,13.99,-0.5
600927,24,Walking,14885651590000,-11.3,14.29,-0.8
600928,24,Walking,14885692056000,-10.84,10.34,-3.57
600929,24,Walking,14885731668000,-6.05,6.63,1.8
600930,24,Walking,14885771524000,-4.48,4.48,-0.5
600931,24,Walking,14885851480000,-5.56,0.99,-2.49
600932,24,Walking,14885892099000,-4.86,-0.65,-1.5
600933,24,Walking,14885931619000,-3.6,0.04,-0.38
600934,24,Walking,14885971475000,2.14,8.12,-7.21
600935,24,Walking,14886051645000,2.3,15.4,-0.84
600936,24,Walking,14886091470000,-2.45,9.34,1.33
600937,24,Walking,14886131510000,-6.36,6.63,4.79
600938,24,Walking,14886171518000,-5.48,8.43,-0.72
600939,24,Walking,14886251474000,-7.89,8.08,-1.76
600940,24,Walking,14886292215000,-6.97,4.29,-1.99
600941,24,Walking,14886331522000,-6.09,5.71,-2.79
600942,24,Walking,14886371500000,-6.7,8.08,-0.46
600943,24,Walking,14886451669000,-3.45,6.97,0.15
600944,24,Walking,14886491617000,-1.33,11.96,7.89
600945,24,Walking,14886531503000,-3.34,9.04,-0.04
600946,24,Walking,14886571665000,-5.18,10.69,-6.36
600947,24,Walking,14886651682000,-3.26,11.11,-4.4
600948,24,Walking,14886691385000,-0.23,10.08,3.68
600949,24,Walking,14886732248000,-6.51,15.66,2.83
600950,24,Walking,14886771616000,-11.6,17.67,-0.15
600951,24,Walking,14886851663000,-9.51,7.31,-0.08
600952,24,Walking,14886891550000,-5.33,3.21,4.82
600953,24,Walking,14886931619000,-6.4,2.68,0.8
600954,24,Walking,14886971506000,-4.56,-0.19,-2.91
600955,24,Walking,14887051523000,-5.86,-1.5,-0.72
600956,24,Walking,14887092050000,-3.26,3.21,7.12
600957,24,Walking,14887131571000,10.38,16.78,-11.07
600958,24,Walking,14887171793000,9.23,4.63,0.76
600959,24,Walking,14887251505000,-4.9,10.42,2.98
600960,24,Walking,14887292063000,-9.58,11.73,6.02
600961,24,Walking,14887331522000,-5.48,5.67,-0.04
600962,24,Walking,14887371622000,-8.85,8.69,-6.28
600963,24,Walking,14887451822000,-9.38,2.37,-5.98
600964,24,Walking,14887492166000,-7.82,7.08,-0.61
600965,24,Walking,14887531626000,-6.28,8.43,0.11
600966,24,Walking,14887571665000,-3.91,11.07,10.57
600967,24,Walking,14887651468000,-3.68,7.4,-1.73
600968,24,Walking,14887691507000,-6.28,10.99,-5.24
600969,24,Walking,14887731485000,-6.59,12.11,-4.44
600970,24,Walking,14887771524000,-3.72,11.5,-1.73
600971,24,Walking,14887851633000,-2.91,14.21,-0.04
600972,24,Walking,14887891702000,-11.07,18.01,-2.6
600973,24,Walking,14887931619000,-15.79,19.19,0.3
600974,24,Walking,14887971628000,-11.65,3.26,4.4
600975,24,Walking,14888051492000,-7.31,1.08,0.89
600976,24,Walking,14888092050000,-4.75,-1.61,-1.23
600977,24,Walking,14888131479000,-5.43,-0.69,-3.06
600978,24,Walking,14888171549000,-6.09,3.45,6.43
600979,24,Walking,14888251505000,6.93,15.66,-7.31
600980,24,Walking,14888292215000,9.81,19.38,-4.67
600981,24,Walking,14888331491000,1.18,7.55,-0.23
600982,24,Walking,14888371500000,-2.98,8.58,3.91
600983,24,Walking,14888451547000,-5.52,5.18,-0.65
600984,24,Walking,14888495310000,-9.0,9.38,-0.84
600985,24,Walking,14888532480000,-8.89,5.9,-1.31
600986,24,Walking,14888571604000,-8.69,7.5,-2.18
600987,24,Walking,14888651499000,-7.35,7.55,-0.65
600988,24,Walking,14888692209000,-3.3,5.24,-0.11
600989,24,Walking,14888731607000,-2.96,8.35,-0.11
600990,24,Walking,14888771646000,-1.99,10.76,-2.07
600991,24,Walking,14888851480000,-3.17,10.53,-4.79
600992,24,Walking,14888892099000,-4.99,11.73,-5.37
600993,24,Walking,14888931467000,-3.3,19.5,-1.12
600994,24,Walking,14889051401000,-13.38,19.5,-1.12
600995,24,Walking,14889051401000,-13.38,19.5,-1.12
600996,24,Walking,14889091409000,-13.21,14.37,-1.54
600997,24,Walking,14889131662000,-8.35,7.12,0.3
600998,24,Walking,14889171549000,-5.98,6.47,0.89
600999,24,Walking,14889251474000,-7.27,0.11,-1.42
601000,24,Walking,14889291635000,-7.08,-0.8,-0.23
601001,24,Walking,14889331522000,-5.01,-1.31,2.07
601002,24,Walking,14889371530000,-1.38,3.34,5.63
601003,24,Walking,14889451425000,11.65,19.0,-4.79
601004,24,Walking,14889491556000,1.65,4.37,3.26
601005,24,Walking,14889531473000,0.38,16.13,-2.64
601006,24,Walking,14889571481000,-2.45,-0.27,-2.18
601007,24,Walking,14889651621000,-11.92,7.89,-1.61
601008,24,Walking,14889692056000,-12.03,11.26,-0.27
601009,24,Walking,14889731638000,-8.35,3.76,-2.07
