,user,label,timestamp,x,y,z
601010,24,Walking,14889771524000,-7.27,11.03,-1.69
601011,24,Walking,14889851480000,-3.21,7.78,-0.84
601012,24,Walking,14889892252000,-1.61,5.86,-0.53
601013,24,Walking,14889931619000,-2.34,10.46,2.98
601014,24,Walking,14889971597000,-1.84,9.15,1.53
601015,24,Walking,14890051523000,-5.28,10.15,-3.83
601016,24,Walking,14890092050000,-8.43,13.25,-6.51
601017,24,Walking,14890131479000,-5.09,10.46,-2.53
601018,24,Walking,14890171671000,-3.34,13.63,0.91
601019,24,Walking,14890251627000,-10.38,16.4,-1.92
601020,24,Walking,14890292063000,-11.73,11.5,-3.68
601021,24,Walking,14890331644000,-10.46,6.44,-4.06
601022,24,Walking,14890371500000,-6.36,1.8,4.67
601023,24,Walking,14890451486000,-5.75,1.88,-0.95
601024,24,Walking,14890491464000,-6.55,1.23,-0.72
601025,24,Walking,14890531503000,-5.56,4.29,7.7
601026,24,Walking,14890571543000,3.15,11.18,-9.08
601027,24,Walking,14890651499000,5.79,11.5,-1.95
601028,24,Walking,14890692026000,-0.42,14.44,-1.84
601029,24,Walking,14890731516000,-5.22,12.57,7.5
601030,24,Walking,14890771494000,-7.74,3.72,-0.5
601031,24,Walking,14890851511000,-9.0,8.54,-2.6
601032,24,Walking,14890892038000,-6.93,4.37,-3.53
601033,24,Walking,14890936075000,-7.67,6.85,-4.75
601034,24,Walking,14890974649000,-6.36,7.93,-0.84
601035,24,Walking,14891051645000,-3.72,7.7,-0.15
601036,24,Walking,14891091562000,-4.21,9.0,0.57
601037,24,Walking,14891131601000,-3.49,11.03,10.11
601038,24,Walking,14891171518000,-4.6,11.03,-5.83
601039,24,Walking,14891251474000,-5.01,11.73,-5.18
601040,24,Walking,14891292063000,-3.76,10.73,-1.5
601041,24,Walking,14891331522000,-3.17,12.76,5.24
601042,24,Walking,14891371591000,-6.63,13.02,-2.03
601043,24,Walking,14891451639000,-11.88,14.82,-1.8
601044,24,Walking,14891491556000,-9.7,6.47,-3.83
601045,24,Walking,14891531626000,-8.28,2.87,2.45
601046,24,Walking,14891571604000,-5.83,2.79,0.11
601047,24,Walking,14891651499000,-4.52,1.42,-1.27
601048,24,Walking,14891692056000,-3.53,0.5,-0.72
601049,24,Walking,14891731577000,-2.03,2.15,0.34
601050,24,Walking,14891771677000,3.53,19.5,-4.25
601051,24,Walking,14891851633000,0.15,8.5,1.23
601052,24,Walking,14891892648000,-5.33,5.09,4.06
601053,24,Walking,14891931589000,-9.15,9.19,2.91
601054,24,Walking,14891971658000,-7.44,9.23,-0.93
601055,24,Walking,14892051645000,-4.99,5.41,-0.89
601056,24,Walking,14892092050000,-6.66,5.22,-7.78
601057,24,Walking,14892131510000,-9.0,6.74,-3.3
601058,24,Walking,14892171610000,-5.37,5.63,-0.57
601059,24,Walking,14892251657000,-2.72,11.41,7.31
601060,24,Walking,14892291513000,-1.92,10.57,3.68
601061,24,Walking,14892331644000,-4.14,10.34,-2.96
601062,24,Walking,14892371500000,-5.09,11.14,-4.14
601063,24,Walking,14892451486000,-0.76,10.46,4.14
601064,24,Walking,14892491434000,-4.06,14.6,2.34
601065,24,Walking,14892531626000,-10.27,17.58,-1.08
601066,24,Walking,14892571604000,-14.02,18.81,-2.53
601067,24,Walking,14892651621000,-7.63,3.91,0.08
601068,24,Walking,14892692026000,-3.57,2.87,4.29
601069,24,Walking,14892731638000,-5.48,2.49,0.46
601070,24,Walking,14892771494000,-4.75,0.8,-2.68
601071,24,Walking,14892851511000,-5.67,1.38,-0.27
601072,24,Walking,14892892648000,-1.04,10.95,5.86
601073,24,Walking,14892932138000,10.61,19.57,-10.27
601074,24,Walking,14892971506000,6.36,13.91,-1.73
601075,24,Walking,14893051645000,-4.79,12.76,1.73
601076,24,Walking,14893091623000,-8.35,13.63,1.88
601077,24,Walking,14893131632000,-6.66,3.11,0.38
601078,24,Walking,14893171549000,-8.62,7.21,-1.27
601079,24,Walking,14893251505000,-10.27,4.25,-3.41
601080,24,Walking,14893292215000,-9.3,7.78,-0.99
601081,24,Walking,14893331522000,-5.63,7.44,-0.46
601082,24,Walking,14893371591000,-3.41,5.79,-0.11
601083,24,Walking,14893451608000,-2.76,14.94,7.25
601084,24,Walking,14893491434000,-2.56,9.11,-2.34
601085,24,Walking,14893531626000,-4.29,12.07,-4.29
601086,24,Walking,14893571543000,-6.13,14.41,-6.32
601087,24,Walking,14893651621000,-3.02,12.6,6.24
601088,24,Walking,14893691782000,-6.82,12.76,-0.19
601089,24,Walking,14893731668000,-9.7,17.01,-0.23
601090,24,Walking,14893771494000,-12.07,16.04,-4.25
601091,24,Walking,14893851633000,-8.12,3.76,-1.04
601092,24,Walking,14893891550000,-5.24,2.64,3.11
601093,24,Walking,14893931650000,-5.01,3.64,-0.42
601094,24,Walking,14893971506000,-5.48,2.03,0.76
601095,24,Walking,14894051492000,-3.72,6.59,9.49
601096,24,Walking,14894091562000,6.66,16.59,-7.21
601097,24,Walking,14894132089000,8.08,17.88,-4.44
601098,24,Walking,14894171579000,1.73,10.0,-1.08
601099,24,Walking,14894251505000,-5.01,5.13,3.72
601100,24,Walking,14894291513000,-5.63,3.68,0.42
601101,24,Walking,14894331644000,-9.11,10.53,-1.54
601102,24,Walking,14894371683000,-8.96,7.63,-1.08
601103,24,Walking,14894451517000,-8.47,6.63,-3.41
601104,24,Walking,14894492227000,-7.27,9.28,-1.18
601105,24,Walking,14894531626000,-3.64,7.16,-1.54
601106,24,Walking,14894571634000,-1.73,8.24,2.26
601107,24,Walking,14894651621000,-4.25,14.25,3.02
601108,24,Walking,14894691507000,-2.07,12.22,-3.02
601109,24,Walking,14894731516000,-3.02,12.72,-3.57
601110,24,Walking,14894771494000,-3.11,9.08,1.69
601111,24,Walking,14894851602000,-9.53,15.6,-0.69
601112,24,Walking,14894891641000,-13.95,19.57,-0.42
601113,24,Walking,14894931497000,-11.88,12.57,-2.11
601114,24,Walking,14894971658000,-9.0,0.19,1.99
601115,24,Walking,14895051492000,-4.79,2.98,-2.91
601116,24,Walking,14895091623000,-7.35,0.04,-2.49
601117,24,Walking,14895131510000,-7.74,-1.18,2.41
601118,24,Walking,14895171488000,-2.18,3.99,-5.48
601119,24,Walking,14895251505000,8.85,19.23,-7.93
601120,24,Walking,14895292063000,1.84,16.51,-1.95
601121,24,Walking,14895331522000,-0.19,9.19,-0.95
601122,24,Walking,14895371591000,-4.37,9.89,0.23
601123,24,Walking,14895451639000,-9.77,7.78,-1.18
601124,24,Walking,14895492136000,-14.71,13.25,-1.04
601125,24,Walking,14895531503000,-11.54,1.65,-0.15
601126,24,Walking,14895571543000,-8.77,11.84,-1.76
601127,24,Walking,14895651651000,-4.82,8.92,-1.88
601128,24,Walking,14895691507000,-2.45,6.89,-1.08
601129,24,Walking,14895731638000,-2.6,11.03,-1.14
601130,24,Walking,14895771677000,-3.3,12.34,-0.5
601131,24,Walking,14895851511000,-0.04,9.89,-2.11
601132,24,Walking,14895892191000,-4.37,11.26,-4.1
601133,24,Walking,14895931650000,-6.05,9.62,-3.11
601134,24,Walking,14895971597000,-6.09,14.29,1.99
601135,24,Walking,14896051615000,-10.73,18.05,-1.46
601136,24,Walking,14896092203000,-10.95,14.48,-0.76
601137,24,Walking,14896131632000,-9.28,8.62,-3.26
601138,24,Walking,14896171518000,-7.74,0.53,-1.18
601139,24,Walking,14896251474000,-6.28,0.93,-3.15
601140,24,Walking,14896291513000,-5.05,16.47,-10.23
601142,24,Walking,14896411417000,5.33,16.47,-10.23
601141,24,Walking,14896411417000,5.33,16.47,-10.23
601143,24,Walking,14896451456000,7.21,17.16,-5.01
601144,24,Walking,14896493204000,5.86,12.22,-4.52
601145,24,Walking,14896531381000,-3.76,18.58,2.22
601146,24,Walking,14896571543000,-7.46,3.49,3.87
601147,24,Walking,14896651499000,-11.84,10.76,-0.46
601148,24,Walking,14896692056000,-9.04,5.22,0.34
601149,24,Walking,14896731516000,-6.32,3.6,-1.38
601150,24,Walking,14896771524000,-6.78,8.92,-1.42
601151,24,Walking,14896851724000,-1.95,7.97,-1.73
601152,24,Walking,14896891641000,-0.99,7.93,-0.84
601153,24,Walking,14896931497000,-5.75,8.31,5.82
601154,24,Walking,14896971658000,-4.33,9.66,-1.5
601155,24,Walking,14897051492000,-3.83,13.33,-6.4
601156,24,Walking,14897091501000,-2.45,10.15,-1.33
601157,24,Walking,14897131510000,-1.76,11.73,3.79
601158,24,Walking,14897171610000,-7.55,18.73,-1.46
601159,24,Walking,14897251627000,-12.26,15.85,-1.27
601160,24,Walking,14897292215000,-10.23,7.06,-3.45
601161,24,Walking,14897331644000,-6.63,3.68,4.56
601162,24,Walking,14897371530000,-5.13,3.95,-0.95
601163,24,Walking,14897451517000,-4.94,-0.04,-1.61
601164,24,Walking,14897491464000,-5.48,-0.3,-0.69
601165,24,Walking,14897531442000,-3.15,2.64,1.18
601166,24,Walking,14897571512000,5.67,15.17,-6.21
601167,24,Walking,14897651560000,4.59,13.91,-1.57
601168,24,Walking,14897691477000,-2.45,18.62,-1.5
601169,24,Walking,14897731485000,-4.52,7.21,4.14
601170,24,Walking,14897771524000,-5.63,1.5,-0.46
601171,24,Walking,14897851663000,-9.62,8.24,-0.95
601172,24,Walking,14897891672000,-7.16,3.68,-0.11
601173,24,Walking,14897931619000,-5.6,7.31,-0.42
601174,24,Walking,14897971658000,-4.86,9.62,-3.06
601175,24,Walking,14898051645000,-2.91,7.46,-1.14
601176,24,Walking,14898091623000,-2.07,7.21,-0.89
601177,24,Walking,14898131601000,-3.45,8.24,0.04
601178,24,Walking,14898171518000,-3.76,10.53,-2.03
601179,24,Walking,14898251505000,-4.48,12.53,-4.52
601180,24,Walking,14898292093000,-3.49,10.73,-4.71
601181,24,Walking,14898331644000,-2.03,10.95,4.67
601182,24,Walking,14898371591000,-4.37,14.41,-1.38
601183,24,Walking,14898451639000,-11.96,17.77,-2.07
601184,24,Walking,14898492044000,-13.63,14.6,-3.57
601185,24,Walking,14898531595000,-9.43,7.63,-2.37
601186,24,Walking,14898571481000,-4.9,4.99,2.07
601187,24,Walking,14898651468000,-5.86,1.31,-0.53
601188,24,Walking,14898692056000,-4.29,-1.33,-2.11
601189,24,Walking,14898731516000,-4.82,-2.07,-0.15
601190,24,Walking,14898771524000,-4.14,2.76,3.53
601191,24,Walking,14898851480000,8.05,18.73,-4.94
601192,24,Walking,14898892313000,2.03,9.58,0.0
601193,24,Walking,14898931406000,-3.06,18.54,-1.54
601194,24,Walking,14898971597000,-5.09,7.59,-0.93
601195,24,Walking,14899051645000,-8.73,7.59,-1.31
601196,24,Walking,14899092050000,-10.69,9.0,-1.31
601197,24,Walking,14899131479000,-8.58,3.57,-0.11
601198,24,Walking,14899171549000,-6.47,5.48,-2.41
601199,24,Walking,14899251627000,-4.71,8.73,-1.42
601200,24,Walking,14899291513000,-3.21,8.43,-1.33
601201,24,Walking,14899331644000,-2.3,9.3,-1.31
601202,24,Walking,14899371652000,-2.64,12.41,5.28
601203,24,Walking,14899451639000,-2.41,10.76,-4.52
601204,24,Walking,14899492044000,-4.75,13.18,-4.6
601205,24,Walking,14899531595000,-1.99,9.15,-2.26
601206,24,Walking,14899571512000,-3.38,15.89,-0.27
601207,24,Walking,14899651621000,-11.54,18.96,-0.72
601208,24,Walking,14899692056000,-11.8,13.59,-1.33
601209,24,Walking,14899731638000,-9.7,7.82,-2.56
