,user,label,timestamp,x,y,z
602010,24,Walking,14939781503000,-5.24,8.5,-1.23
602011,24,Walking,14939821573000,-4.75,8.16,-1.38
602012,24,Walking,14939901468000,-1.99,13.25,-0.61
602013,24,Walking,14939941660000,-0.93,13.63,1.8
602014,24,Walking,14939981546000,-0.69,10.27,-4.6
602015,24,Walking,14940021524000,-3.49,11.88,-4.14
602016,24,Walking,14940101633000,-2.68,10.42,4.82
602017,24,Walking,14940141641000,-6.63,12.68,-0.46
602018,24,Walking,14940181497000,-10.88,17.86,-2.87
602019,24,Walking,14940221536000,-14.37,7.59,-1.5
602020,24,Walking,14940301523000,-7.31,3.11,3.3
602021,24,Walking,14940341623000,-5.48,0.65,1.76
602022,24,Walking,14940381510000,-5.33,2.18,-1.33
602023,24,Walking,14940421549000,-8.01,19.04,-3.95
602026,24,Walking,14940581308000,8.88,19.04,-3.95
602025,24,Walking,14940581308000,8.88,19.04,-3.95
602024,24,Walking,14940581308000,8.88,19.04,-3.95
602027,24,Walking,14940621652000,-1.42,10.34,9.53
602028,24,Walking,14940701486000,-5.98,6.21,-3.06
602029,24,Walking,14940741800000,-7.93,5.6,-1.42
602030,24,Walking,14940781473000,-10.61,7.5,-2.45
602031,24,Walking,14940821543000,-9.38,4.25,-2.11
602032,24,Walking,14940901468000,-7.27,7.86,-1.23
602033,24,Walking,14940941538000,-5.9,9.53,-0.89
602034,24,Walking,14940986246000,-3.68,7.89,-0.8
602035,24,Walking,14941021921000,-0.95,14.63,5.09
602036,24,Walking,14941101602000,-3.53,10.19,-4.21
602037,24,Walking,14941141489000,-3.53,9.19,-6.47
602038,24,Walking,14941181436000,-5.22,10.65,-5.37
602039,24,Walking,14941221536000,-2.03,13.29,5.71
602040,24,Walking,14941301645000,-9.43,16.25,-0.99
602041,24,Walking,14941341654000,-14.82,19.53,-1.95
602042,24,Walking,14941381632000,-13.99,13.06,-1.31
602043,24,Walking,14941421549000,-8.08,1.04,4.86
602044,24,Walking,14941501474000,-6.47,0.76,-0.76
602045,24,Walking,14941541635000,-7.12,-0.34,-2.98
602046,24,Walking,14941581522000,-7.7,-1.27,-1.04
602047,24,Walking,14941621530000,-5.63,1.99,5.52
602048,24,Walking,14941704843000,14.56,19.53,-5.37
602049,24,Walking,14941741464000,1.95,10.8,0.5
602050,24,Walking,14941781473000,-4.25,13.21,5.75
602051,24,Walking,14941821543000,-5.67,9.89,-1.27
602052,24,Walking,14941901499000,-9.96,7.31,-1.23
602053,24,Walking,14941941538000,-10.27,7.31,-2.76
602054,24,Walking,14941981516000,-8.54,3.3,-2.56
602055,24,Walking,14942021555000,-7.5,5.33,-2.6
602056,24,Walking,14942101511000,-5.13,8.81,-0.84
602057,24,Walking,14942141489000,-3.34,9.34,-0.95
602058,24,Walking,14942181833000,-1.88,11.3,1.53
602059,24,Walking,14942221781000,-0.72,13.76,-4.99
602060,24,Walking,14942301492000,-2.49,9.72,-5.71
602061,24,Walking,14942341501000,-2.98,8.89,-2.6
602062,24,Walking,14942381632000,-6.47,11.6,6.74
602063,24,Walking,14942421701000,-10.12,13.82,0.3
602064,24,Walking,14942501627000,-14.6,14.75,-1.38
602065,24,Walking,14942541544000,-6.78,6.05,2.56
602066,24,Walking,14942581491000,-4.79,3.99,3.53
602067,24,Walking,14942621530000,-6.4,1.38,-0.93
602068,24,Walking,14942701486000,-4.71,-0.76,-1.18
602069,24,Walking,14942741495000,-3.15,-0.91,0.5
602070,24,Walking,14942781473000,0.11,9.72,2.53
602071,24,Walking,14942821695000,11.22,12.18,-0.61
602072,24,Walking,14942901499000,-5.94,11.96,5.9
602073,24,Walking,14942941477000,-8.31,7.08,6.05
602074,24,Walking,14942981516000,-6.28,7.55,-0.61
602075,24,Walking,14943021555000,-8.12,5.24,-2.64
602076,24,Walking,14943101633000,-8.01,3.76,-4.6
602077,24,Walking,14943141519000,-8.12,5.79,-2.45
602078,24,Walking,14943181650000,-7.01,7.89,-0.61
602079,24,Walking,14943221658000,-4.52,9.53,1.27
602080,24,Walking,14943301645000,-1.76,13.72,6.97
602081,24,Walking,14943341501000,-2.79,10.0,-1.88
602082,24,Walking,14943381693000,-3.64,10.04,-4.71
602083,24,Walking,14943421518000,-4.06,7.01,-1.8
602084,24,Walking,14943501627000,-6.02,13.91,3.21
602085,24,Walking,14943541635000,-12.64,19.34,-1.04
602086,24,Walking,14943581522000,-12.91,18.01,-1.08
602087,24,Walking,14943621500000,-10.92,8.96,-1.57
602088,24,Walking,14943701639000,-6.32,2.3,4.94
602089,24,Walking,14943741556000,-6.7,1.99,-0.27
602090,24,Walking,14943781473000,-6.05,0.69,-0.99
602091,24,Walking,14943821543000,-5.28,1.57,4.82
602092,24,Walking,14943901621000,0.69,11.96,-2.68
602093,24,Walking,14943941538000,13.17,19.57,-9.19
602094,24,Walking,14943981516000,1.08,10.53,2.11
602095,24,Walking,14944021524000,-4.21,9.0,10.8
602096,24,Walking,14944101511000,-4.99,4.44,0.3
602097,24,Walking,14944141519000,-7.4,8.73,-0.65
602098,24,Walking,14944181619000,-8.89,10.95,-2.91
602099,24,Walking,14944221506000,-7.7,4.52,-3.57
602100,24,Walking,14944301645000,-8.58,7.12,-0.69
602101,24,Walking,14944341501000,-4.71,5.48,-0.31
602102,24,Walking,14944381510000,-3.26,8.12,2.75
602103,24,Walking,14944421671000,-1.42,13.57,-1.84
602104,24,Walking,14944501505000,-3.99,10.31,-3.91
602105,24,Walking,14944541605000,-4.06,11.69,-6.55
602106,24,Walking,14944581522000,-2.56,11.26,-4.06
602107,24,Walking,14944621652000,-5.6,15.02,1.31
602108,24,Walking,14944701486000,-10.95,17.08,-0.23
602109,24,Walking,14944743906000,-11.18,13.72,-1.42
602110,24,Walking,14944782114000,-9.0,6.85,-0.53
602111,24,Walking,14944821695000,-7.01,3.41,-0.89
602112,24,Walking,14944901651000,-4.56,1.92,-2.07
602113,24,Walking,14944941751000,-5.52,0.38,-0.8
602114,24,Walking,14944981516000,-5.37,-0.57,0.42
602115,24,Walking,14945021555000,-3.02,16.59,-5.9
602116,24,Walking,14945101633000,10.04,18.58,-4.82
602117,24,Walking,14945141519000,-1.65,7.12,2.56
602118,24,Walking,14945181467000,-6.59,15.21,4.79
602119,24,Walking,14945221536000,-6.66,5.43,-1.31
602120,24,Walking,14945301523000,-9.85,8.5,-2.45
602121,24,Walking,14945341501000,-9.43,4.56,-2.68
602122,24,Walking,14945381510000,-8.01,5.48,-3.34
602123,24,Walking,14945421549000,-7.31,8.39,-0.65
602124,24,Walking,14945501505000,-1.99,7.12,-0.76
602125,24,Walking,14945541666000,-1.92,8.81,-0.31
602126,24,Walking,14945581644000,-3.06,13.02,6.05
602127,24,Walking,14945621805000,-2.34,10.61,-3.02
602128,24,Walking,14945701517000,-3.95,11.92,-5.83
602129,24,Walking,14945741617000,-1.31,7.5,3.41
602130,24,Walking,14945782022000,-5.09,12.79,1.65
602131,24,Walking,14945821695000,-9.23,16.97,-1.42
602132,24,Walking,14945901499000,-12.6,9.11,-2.68
602133,24,Walking,14945942026000,-7.5,0.76,3.87
602134,24,Walking,14945981638000,-5.01,-0.08,2.98
602135,24,Walking,14946021524000,-6.7,-0.34,-2.6
602136,24,Walking,14946101633000,-9.43,-0.04,0.84
602137,24,Walking,14946141519000,-3.45,6.32,6.36
602138,24,Walking,14946181619000,7.93,16.78,-8.35
602139,24,Walking,14946221506000,11.99,19.31,0.53
602140,24,Walking,14946301645000,-5.79,13.87,8.2
602141,24,Walking,14946341470000,-7.4,4.4,0.61
602142,24,Walking,14946381632000,-8.05,4.63,-0.76
602143,24,Walking,14946421518000,-10.92,4.1,-1.65
602144,24,Walking,14946501505000,-7.55,4.79,-1.88
602145,24,Walking,14946541513000,-6.59,7.7,-1.57
602146,24,Walking,14946581522000,-5.6,7.4,-0.72
602147,24,Walking,14946621683000,-3.68,8.08,7.35
602148,24,Walking,14946701517000,-2.3,14.44,0.15
602149,24,Walking,14946741495000,-2.49,11.14,-6.59
602150,24,Walking,14946781626000,-4.18,12.64,-7.35
602151,24,Walking,14946821512000,-1.18,10.95,-0.65
602152,24,Walking,14946901621000,-8.77,15.6,-0.8
602153,24,Walking,14946941507000,-14.86,19.5,-2.87
602154,24,Walking,14946981516000,-16.32,13.44,-2.91
602155,24,Walking,14947021524000,-11.07,-0.34,7.27
602156,24,Walking,14947101480000,-5.83,1.8,0.42
602157,24,Walking,14947141519000,-7.16,0.99,-3.38
602158,24,Walking,14947181497000,-8.54,-0.38,-0.93
602159,24,Walking,14947221567000,-4.29,4.82,-7.06
602160,24,Walking,14947301523000,11.92,19.57,-6.4
602161,24,Walking,14947341623000,0.38,17.31,-0.23
602162,24,Walking,14947381510000,-3.3,15.85,6.32
602163,24,Walking,14947421549000,-6.51,3.34,-0.99
602164,24,Walking,14947501474000,-13.82,8.81,-1.18
602165,24,Walking,14947541483000,-10.42,3.53,-0.93
602166,24,Walking,14947581644000,-7.27,3.38,-0.5
602167,24,Walking,14947621530000,-7.25,8.24,-1.69
602168,24,Walking,14947701517000,-4.37,8.12,-1.42
602169,24,Walking,14947741617000,-2.64,13.4,-0.84
602170,24,Walking,14947781626000,-0.76,16.66,3.53
602172,24,Walking,14947901254000,-3.15,10.08,-0.34
602171,24,Walking,14947901254000,-3.15,10.08,-0.34
602173,24,Walking,14947941965000,-2.56,8.5,2.34
602174,24,Walking,14947981638000,-7.97,15.75,-0.69
602175,24,Walking,14948021524000,-11.92,16.86,-0.76
602176,24,Walking,14948101633000,-10.61,4.71,-0.8
602177,24,Walking,14948141519000,-7.12,-0.65,6.02
602178,24,Walking,14948181650000,-6.78,1.76,0.46
602179,24,Walking,14948221506000,-5.75,-0.95,-0.95
602180,24,Walking,14948301492000,-6.02,2.18,1.38
602181,24,Walking,14948342447000,6.55,14.29,-0.38
602182,24,Walking,14948381510000,14.94,19.57,-8.43
602183,24,Walking,14948421701000,2.98,7.46,4.48
602184,24,Walking,14948501505000,-7.25,11.07,2.53
602185,24,Walking,14948541483000,-9.11,8.66,-1.92
602186,24,Walking,14948581644000,-9.92,6.36,-1.18
602187,24,Walking,14948621652000,-10.27,3.49,-2.11
602188,24,Walking,14948701517000,-8.31,5.94,-1.42
602189,24,Walking,14948741617000,-6.97,9.43,-1.42
602190,24,Walking,14948781442000,-4.9,7.86,-0.34
602191,24,Walking,14948821665000,-3.21,7.78,-0.23
602192,24,Walking,14948901621000,0.08,13.63,-3.17
602193,24,Walking,14948941477000,-0.72,9.47,-5.63
602194,24,Walking,14948981577000,-4.4,11.65,-4.9
602195,24,Walking,14949021555000,-2.91,13.72,3.87
602196,24,Walking,14949101602000,-11.41,19.08,-0.93
602197,24,Walking,14949141641000,-14.48,19.5,-1.5
602198,24,Walking,14949181497000,-13.48,12.79,-1.57
602199,24,Walking,14949221536000,-11.69,4.56,-0.11
602200,24,Walking,14949301523000,-5.71,-1.65,-1.33
602201,24,Walking,14949341470000,-4.37,0.38,-1.57
602202,24,Walking,14949381449000,-6.24,0.04,-0.08
602203,24,Walking,14949422159000,-4.67,-0.5,0.15
602204,24,Walking,14949501627000,15.09,19.57,-8.58
602205,24,Walking,14949541635000,2.68,14.86,1.61
602206,24,Walking,14949581491000,-2.83,16.63,8.24
602207,24,Walking,14949621530000,-5.79,6.47,-1.31
602208,24,Walking,14949701639000,-12.26,6.63,-1.27
602209,24,Walking,14949741464000,-11.11,3.6,-2.45
