,user,label,timestamp,x,y,z
979867,25,Walking,7612192335000,-5.67,7.25,-0.27
979868,25,Walking,7612242322000,-5.75,7.93,0.31
979869,25,Walking,7612292341000,-3.41,8.62,2.18
979870,25,Walking,7612342359000,-7.04,11.14,-0.69
979871,25,Walking,7612392377000,-7.21,13.29,-2.64
979872,25,Walking,7612442335000,-2.45,13.72,-5.18
979873,25,Walking,7612492322000,-3.76,7.55,0.95
979874,25,Walking,7612542341000,-7.31,9.08,-2.11
979875,25,Walking,7612592328000,-0.08,6.55,-0.23
979876,25,Walking,7612642347000,-0.69,5.09,-1.42
979877,25,Walking,7612692335000,1.38,6.63,-0.08
979878,25,Walking,7612742353000,2.03,4.29,0.08
979879,25,Walking,7612792341000,-13.29,14.41,-5.28
979880,25,Walking,7612842328000,-7.31,11.6,-6.05
979881,25,Walking,7612892377000,1.04,7.16,1.18
979882,25,Walking,7612942335000,-7.4,14.52,-2.53
979883,25,Walking,7612992322000,-1.88,6.66,0.46
979884,25,Walking,7613042341000,-2.91,10.61,2.96
979885,25,Walking,7613092328000,0.11,10.8,1.12
979886,25,Walking,7613142347000,-3.95,8.66,0.27
979887,25,Walking,7613192335000,-2.91,8.24,1.23
979888,25,Walking,7613242322000,-3.49,8.08,1.31
979889,25,Walking,7613292341000,-1.8,9.08,0.08
979890,25,Walking,7613342359000,-5.86,8.47,1.99
979891,25,Walking,7613392347000,-6.36,10.53,1.76
979892,25,Walking,7613442335000,-6.63,12.95,-1.61
979893,25,Walking,7613492322000,-5.18,10.92,-5.13
979894,25,Walking,7613542341000,-0.91,12.37,0.0
979895,25,Walking,7613592328000,-4.79,11.96,-1.46
979896,25,Walking,7613642347000,-3.64,9.34,-0.69
979897,25,Walking,7613692335000,-0.53,6.21,-0.57
979898,25,Walking,7613742322000,1.54,5.05,-0.27
979899,25,Walking,7613792341000,3.45,3.38,-0.99
979900,25,Walking,7613842328000,-0.5,5.63,-0.72
979901,25,Walking,7613892347000,-16.97,13.4,-10.84
979902,25,Walking,7613942335000,1.99,7.78,-0.8
979903,25,Walking,7613992292000,-9.77,15.85,-4.71
979904,25,Walking,7614042371000,3.76,3.72,0.69
979905,25,Walking,7614092328000,-8.01,12.34,3.49
979906,25,Walking,7614142347000,-2.34,8.69,0.72
979907,25,Walking,7614192335000,-1.46,10.15,1.18
979908,25,Walking,7614242322000,-3.64,8.5,0.0
979909,25,Walking,7614292341000,-3.68,8.16,0.95
979910,25,Walking,7614342328000,-3.87,8.05,0.99
979911,25,Walking,7614392347000,-4.06,9.47,-0.27
979912,25,Walking,7614442335000,-7.86,8.01,1.46
979913,25,Walking,7614492322000,-8.12,11.45,-0.91
979914,25,Walking,7614542341000,-3.21,13.99,-5.18
979915,25,Walking,7614592328000,-1.12,13.82,1.04
979916,25,Walking,7614642347000,-3.91,11.3,-2.53
979917,25,Walking,7614692335000,-2.87,8.89,-0.61
979918,25,Walking,7614742322000,-0.11,5.71,-0.69
979919,25,Walking,7614792341000,2.26,4.75,-0.61
979920,25,Walking,7614842328000,2.72,3.79,-0.46
979921,25,Walking,7614892347000,-4.37,8.31,-3.17
979922,25,Walking,7614942335000,-15.13,11.37,-11.3
979923,25,Walking,7614992292000,5.24,9.15,-0.8
979924,25,Walking,7615042341000,-9.3,12.98,-3.45
979925,25,Walking,7615092328000,1.27,6.78,4.52
979926,25,Walking,7615142347000,-6.63,11.54,1.04
979927,25,Walking,7615142347000,-6.63,11.54,1.04
979928,25,Walking,7615212293000,-0.99,9.0,1.14
979929,25,Walking,7615262617000,-4.52,8.2,-0.23
979930,25,Walking,7615312330000,-3.06,7.7,0.5
979931,25,Walking,7615362348000,-4.37,8.58,0.72
979932,25,Walking,7615412366000,-4.79,9.3,-0.95
979933,25,Walking,7615462324000,-7.44,7.74,2.49
979934,25,Walking,7615512342000,-9.34,11.3,-0.42
979935,25,Walking,7615562360000,-8.05,12.41,-4.33
979936,25,Walking,7615612348000,-1.53,14.41,-0.38
979937,25,Walking,7615662336000,-3.91,11.3,-0.04
979938,25,Walking,7615712324000,-3.06,10.04,-0.89
979939,25,Walking,7615762342000,-1.18,6.32,-0.57
979940,25,Walking,7615812330000,0.46,5.22,-0.19
979941,25,Walking,7615862348000,2.83,3.76,-0.15
979942,25,Walking,7615912336000,1.84,3.95,-1.04
979943,25,Walking,7615962324000,-15.89,16.36,-10.27
979944,25,Walking,7616012311000,-5.56,8.47,-4.48
979945,25,Walking,7616062330000,0.93,11.54,1.27
979946,25,Walking,7616112348000,-1.65,8.31,-2.45
979947,25,Walking,7616162336000,-2.22,9.92,5.33
979948,25,Walking,7616212324000,-4.99,9.85,-0.38
979949,25,Walking,7616262403000,-2.14,9.53,2.03
979950,25,Walking,7616312330000,-4.1,9.04,-0.11
979951,25,Walking,7616362348000,-3.53,7.08,0.99
979952,25,Walking,7616412336000,-3.83,7.93,0.89
979953,25,Walking,7616462324000,-4.02,9.04,0.08
979954,25,Walking,7616512342000,-6.21,9.0,1.5
979955,25,Walking,7616562330000,-9.58,10.23,-1.12
979956,25,Walking,7616612378000,-8.08,13.76,-4.06
979957,25,Walking,7616662336000,-0.69,15.89,-0.57
979958,25,Walking,7616712354000,-4.99,10.61,-1.46
979959,25,Walking,7616762372000,-3.45,10.46,-0.5
979960,25,Walking,7616812330000,-0.57,5.05,-0.5
979961,25,Walking,7616862348000,1.76,4.37,0.11
979962,25,Walking,7616912336000,3.15,3.26,0.0
979963,25,Walking,7616962324000,0.0,4.9,-1.42
979964,25,Walking,7617012311000,-17.01,15.98,-13.02
979965,25,Walking,7617062360000,1.61,11.3,-2.07
979966,25,Walking,7617112348000,-7.63,11.54,-2.6
979967,25,Walking,7617162366000,4.44,4.99,2.18
979968,25,Walking,7617212324000,-8.35,12.95,2.03
979969,25,Walking,7617262342000,-0.53,8.5,0.89
979970,25,Walking,7617312330000,-3.64,10.19,0.76
979971,25,Walking,7617362348000,-3.53,7.86,0.27
979972,25,Walking,7617412366000,-3.6,7.78,0.61
979973,25,Walking,7617462324000,-3.91,7.97,1.42
979974,25,Walking,7617512342000,-4.82,9.96,-0.3
979975,25,Walking,7617562330000,-9.34,8.47,1.18
979976,25,Walking,7617612348000,-10.8,10.95,-0.84
979977,25,Walking,7617662336000,-4.71,14.02,-5.86
979978,25,Walking,7617712324000,-1.8,14.21,2.07
979979,25,Walking,7617762342000,-3.98,10.76,-2.45
979980,25,Walking,7617812360000,-3.79,8.31,-0.34
979982,25,Walking,7617922132000,2.98,4.14,-0.34
979981,25,Walking,7617922132000,2.98,4.14,-0.34
979983,25,Walking,7617972242000,2.87,2.87,-0.53
979984,25,Walking,7618022321000,-8.54,11.3,-6.74
979985,25,Walking,7618072309000,-10.11,10.84,-9.04
979986,25,Walking,7618122327000,7.63,9.81,1.27
979987,25,Walking,7618172346000,-3.6,9.34,-2.72
979988,25,Walking,7618222333000,-1.99,9.53,7.25
979989,25,Walking,7618272321000,-5.6,10.23,0.11
979990,25,Walking,7618322339000,-1.95,8.96,1.8
979991,25,Walking,7618372327000,-4.48,7.5,0.08
979992,25,Walking,7618422346000,-4.33,7.55,0.42
979993,25,Walking,7618472333000,-4.44,7.97,0.89
979994,25,Walking,7618522321000,-5.98,8.62,0.23
979995,25,Walking,7618572339000,-10.31,8.69,0.23
979996,25,Walking,7618622327000,-10.27,11.26,-1.88
979997,25,Walking,7618672346000,-0.8,18.01,-3.68
979998,25,Walking,7618722364000,-3.64,12.76,0.11
979999,25,Walking,7618772321000,-3.17,12.18,-2.14
980000,25,Walking,7618822339000,-3.53,5.75,0.93
980001,25,Walking,7618872358000,2.18,3.91,0.11
980002,25,Walking,7618922346000,3.95,2.6,0.42
980003,25,Walking,7618972333000,2.11,2.22,-1.31
980004,25,Walking,7619022321000,-16.21,16.7,-13.38
980005,25,Walking,7619072339000,4.82,6.13,-2.49
980006,25,Walking,7619132367000,-8.01,16.55,-2.56
980007,25,Walking,7619182264000,4.67,4.67,5.43
980008,25,Walking,7619232343000,-7.97,13.33,1.88
980009,25,Walking,7619282361000,-2.75,7.46,1.23
980010,25,Walking,7619332380000,-2.79,7.86,0.65
980011,25,Walking,7619382337000,-4.63,6.78,0.27
980012,25,Walking,7619432325000,-4.18,8.28,0.72
980013,25,Walking,7619482313000,-4.56,8.69,0.0
980014,25,Walking,7619532300000,-8.35,7.44,2.79
980015,25,Walking,7619582349000,-10.92,11.37,-1.14
980016,25,Walking,7619632337000,-6.97,13.8,-5.13
980017,25,Walking,7619682325000,0.31,17.62,1.12
980018,25,Walking,7619732343000,-4.94,11.96,-2.45
980019,25,Walking,7619782331000,-4.14,8.39,0.31
980020,25,Walking,7619832349000,0.23,3.99,-0.15
980021,25,Walking,7619882306000,3.3,3.34,0.0
980022,25,Walking,7619932325000,2.87,3.15,-0.04
980023,25,Walking,7619982313000,-2.79,6.44,-3.76
980024,25,Walking,7620032331000,-14.52,14.21,-12.83
980025,25,Walking,7620082349000,8.54,7.35,0.5
980026,25,Walking,7620132337000,-8.43,14.29,-1.76
980027,25,Walking,7620182325000,1.33,5.94,5.37
980028,25,Walking,7620232343000,-6.47,12.41,1.99
980029,25,Walking,7620282331000,-2.37,8.31,0.5
980030,25,Walking,7620332349000,-3.17,7.31,0.23
980031,25,Walking,7620382337000,-4.82,7.35,0.15
980032,25,Walking,7620432325000,-4.18,7.93,0.61
980033,25,Walking,7620482313000,-4.48,9.04,-0.57
980034,25,Walking,7620532300000,-8.92,7.63,2.03
980035,25,Walking,7620582349000,-10.34,11.54,0.31
980036,25,Walking,7620632337000,-6.78,13.25,-5.2
980037,25,Walking,7620682355000,-2.03,15.17,0.61
980038,25,Walking,7620732343000,-4.1,11.3,-1.65
980039,25,Walking,7620782331000,-3.91,8.96,0.34
980040,25,Walking,7620832349000,-1.23,5.33,-0.08
980041,25,Walking,7620882337000,2.41,4.48,0.5
980042,25,Walking,7620932325000,3.53,2.64,0.19
980043,25,Walking,7620982313000,-0.61,6.05,-2.53
980044,25,Walking,7621032300000,-15.4,14.98,-14.29
980045,25,Walking,7621082349000,7.86,5.48,1.95
980046,25,Walking,7621132337000,-10.42,15.7,-2.45
980047,25,Walking,7621182325000,2.91,5.22,4.82
980048,25,Walking,7621232343000,-5.05,12.87,2.22
980049,25,Walking,7621282331000,-2.07,8.24,1.38
980050,25,Walking,7621332349000,-4.21,7.5,-0.38
980051,25,Walking,7621382337000,-4.75,7.27,0.27
980052,25,Walking,7621432325000,-4.67,7.7,0.72
980053,25,Walking,7621482313000,-4.71,9.53,-0.53
980054,25,Walking,7621532300000,-10.72,7.4,1.54
980055,25,Walking,7621582349000,-10.76,12.72,-0.91
980056,25,Walking,7621632367000,-2.14,17.35,-5.71
980057,25,Walking,7621682325000,-2.18,12.91,1.8
980058,25,Walking,7621732343000,-3.91,10.84,-2.83
980059,25,Walking,7621782331000,-2.87,5.86,0.72
980060,25,Walking,7621832471000,1.31,3.83,0.08
980061,25,Walking,7621882337000,3.17,3.15,0.0
980062,25,Walking,7621932325000,2.53,2.96,-0.76
980063,25,Walking,7621982313000,-12.3,14.21,-10.0
980064,25,Walking,7622032331000,-3.41,9.7,-5.94
980065,25,Walking,7622082349000,-0.72,15.4,-3.34
980066,25,Walking,7622132337000,4.37,2.72,3.15
