,user,label,timestamp,x,y,z
981067,25,Walking,7672192365000,0.61,4.86,0.8
981068,25,Walking,7672242322000,4.29,3.53,0.08
981069,25,Walking,7672292310000,3.68,2.53,0.08
981070,25,Walking,7672342328000,-1.65,8.01,-4.25
981071,25,Walking,7672392347000,-15.17,13.82,-12.95
981072,25,Walking,7672442335000,6.05,11.92,-0.08
981073,25,Walking,7672492322000,-2.56,7.7,-3.6
981074,25,Walking,7672542341000,0.95,9.81,7.59
981075,25,Walking,7672592328000,-8.01,12.41,0.0
981076,25,Walking,7672642347000,-1.08,8.43,2.22
981077,25,Walking,7672692335000,-2.98,8.5,-0.84
981078,25,Walking,7672742322000,-4.71,7.4,0.84
981079,25,Walking,7672792341000,-3.68,8.24,0.42
981080,25,Walking,7672842359000,-3.83,8.5,0.0
981081,25,Walking,7672892347000,-7.63,7.74,2.64
981082,25,Walking,7672942335000,-10.8,12.07,0.5
981083,25,Walking,7672992292000,-6.47,15.17,-5.24
981084,25,Walking,7673042341000,-0.84,16.36,0.27
981085,25,Walking,7673092328000,-2.83,13.14,-1.42
981086,25,Walking,7673142347000,-3.49,10.69,-0.65
981087,25,Walking,7673192335000,-1.23,6.44,0.31
981088,25,Walking,7673242322000,3.02,4.33,0.65
981089,25,Walking,7673292341000,4.21,2.34,0.53
981090,25,Walking,7673342328000,3.21,2.45,-0.04
981091,25,Walking,7673392347000,-14.67,16.51,-13.44
981092,25,Walking,7673442335000,0.19,7.35,-3.95
981093,25,Walking,7673492322000,-6.43,15.79,-3.68
981094,25,Walking,7673542341000,9.66,1.8,0.84
981095,25,Walking,7673592328000,-6.78,17.39,3.79
981096,25,Walking,7673642347000,-1.76,8.77,1.04
981097,25,Walking,7673692335000,-1.23,8.92,1.8
981098,25,Walking,7673742322000,-4.33,7.44,-0.76
981099,25,Walking,7673792341000,-4.48,7.63,0.04
981100,25,Walking,7673842328000,-4.25,7.46,0.38
981101,25,Walking,7673892347000,-3.41,9.7,-0.95
981102,25,Walking,7673942335000,-9.89,8.73,0.23
981103,25,Walking,7673992292000,-9.92,13.1,-2.96
981104,25,Walking,7674042341000,0.69,18.28,-4.9
981105,25,Walking,7674092328000,-3.3,11.5,1.5
981106,25,Walking,7674142347000,-5.24,10.92,-2.45
981107,25,Walking,7674192335000,-2.03,6.63,0.04
981108,25,Walking,7674242322000,0.93,5.13,-0.46
981109,25,Walking,7674292341000,2.45,3.53,-0.61
981110,25,Walking,7674342328000,1.31,3.02,-0.57
981111,25,Walking,7674392347000,-5.79,8.96,-4.44
981112,25,Walking,7674442335000,-14.6,15.13,-10.92
981113,25,Walking,7674492322000,6.89,9.51,-1.08
981114,25,Walking,7674542341000,-8.16,13.63,-3.83
981115,25,Walking,7674592328000,5.83,4.67,5.24
981116,25,Walking,7674642347000,-7.31,14.79,-0.42
981117,25,Walking,7674692335000,-1.04,8.16,2.18
981118,25,Walking,7674742322000,-1.76,8.73,0.0
981119,25,Walking,7674792341000,-3.98,8.05,-0.08
981120,25,Walking,7674842328000,-3.21,8.16,0.0
981121,25,Walking,7674892347000,-3.41,8.08,0.61
981122,25,Walking,7674942335000,-6.36,8.62,1.18
981123,25,Walking,7674992322000,-9.89,10.12,-0.19
981124,25,Walking,7675042341000,-8.58,13.76,-2.6
981125,25,Walking,7675092359000,0.34,17.27,-2.11
981126,25,Walking,7675142377000,-1.99,13.91,-0.99
981127,25,Walking,7675192335000,-2.03,11.6,-1.53
981128,25,Walking,7675242353000,-2.22,7.21,0.19
981129,25,Walking,7675242353000,-2.22,7.21,0.19
981130,25,Walking,7675303022000,1.88,4.99,0.38
981131,25,Walking,7675353010000,3.87,2.91,0.42
981132,25,Walking,7675403028000,3.53,3.11,-0.61
981133,25,Walking,7675453046000,-13.21,16.59,-12.72
981134,25,Walking,7675503003000,-2.45,8.35,-5.09
981135,25,Walking,7675552961000,-2.22,15.94,-3.21
981136,25,Walking,7675603559000,6.44,2.6,3.15
981137,25,Walking,7675662336000,-5.63,14.75,4.33
981138,25,Walking,7675712324000,-1.84,8.69,0.19
981139,25,Walking,7675762342000,-1.08,8.96,0.99
981140,25,Walking,7675812360000,-3.49,7.74,-0.84
981141,25,Walking,7675862348000,-2.75,8.28,0.34
981142,25,Walking,7675912336000,-3.34,8.2,0.42
981143,25,Walking,7675962354000,-4.9,10.27,-0.57
981144,25,Walking,7676012311000,-10.31,8.73,-0.04
981145,25,Walking,7676062360000,-8.81,13.02,-2.37
981146,25,Walking,7676112348000,0.23,17.16,-4.56
981147,25,Walking,7676162336000,-2.64,13.18,1.69
981148,25,Walking,7676212324000,-2.98,11.8,-1.8
981149,25,Walking,7676262403000,-2.68,7.08,0.04
981150,25,Walking,7676312299000,0.65,5.6,0.04
981151,25,Walking,7676362348000,3.15,4.67,0.11
981152,25,Walking,7676412336000,2.34,3.64,-0.11
981153,25,Walking,7676462324000,-0.19,5.94,-2.34
981154,25,Walking,7676512342000,-17.31,17.97,-11.73
981155,25,Walking,7676562360000,3.45,5.13,-2.96
981156,25,Walking,7676612378000,-3.91,17.01,-2.87
981157,25,Walking,7676662336000,6.44,4.82,1.76
981158,25,Walking,7676712324000,-3.17,14.29,4.67
981159,25,Walking,7676762342000,-3.15,9.7,0.99
981160,25,Walking,7676812330000,-1.27,9.51,0.69
981161,25,Walking,7676862348000,-3.83,7.16,0.11
981162,25,Walking,7676922346000,-4.33,6.93,0.46
981163,25,Walking,7676972272000,-3.26,8.08,0.38
981164,25,Walking,7677022321000,-5.05,9.38,0.15
981165,25,Walking,7677072339000,-10.0,10.42,1.04
981166,25,Walking,7677122327000,-8.43,16.89,-3.95
981167,25,Walking,7677172346000,0.15,15.13,-1.69
981168,25,Walking,7677222333000,-1.14,12.87,-1.27
981169,25,Walking,7677272321000,-3.06,11.73,-1.46
981170,25,Walking,7677322339000,-1.08,7.46,-0.08
981171,25,Walking,7677372297000,1.27,5.22,-0.08
981172,25,Walking,7677422346000,3.45,2.91,0.84
981173,25,Walking,7677472333000,3.34,2.41,0.19
981174,25,Walking,7677522321000,-4.9,10.38,-6.66
981175,25,Walking,7677572339000,-11.11,13.59,-11.95
981176,25,Walking,7677622327000,7.21,11.14,1.57
981177,25,Walking,7677672346000,-3.11,9.51,-2.53
981178,25,Walking,7677722333000,0.0,11.41,5.94
981179,25,Walking,7677772321000,-4.37,10.84,1.99
981180,25,Walking,7677822309000,0.15,9.23,1.99
981181,25,Walking,7677872327000,-4.25,8.62,-1.53
981182,25,Walking,7677922346000,-3.49,8.31,-0.61
981183,25,Walking,7677972364000,-2.6,7.59,0.46
981184,25,Walking,7678022352000,-2.79,8.08,0.8
981185,25,Walking,7678072339000,-6.28,8.92,0.65
981186,25,Walking,7678122327000,-9.49,11.88,-1.31
981187,25,Walking,7678172346000,-5.86,15.64,-5.2
981188,25,Walking,7678222333000,0.42,17.24,-0.19
981189,25,Walking,7678272321000,-4.48,10.92,-1.46
981190,25,Walking,7678322339000,-1.76,10.12,-1.23
981191,25,Walking,7678372358000,-0.65,6.21,0.08
981192,25,Walking,7678422346000,2.68,3.95,0.46
981193,25,Walking,7678472333000,3.45,3.11,0.53
981194,25,Walking,7678522321000,2.56,2.72,-0.27
981195,25,Walking,7678572339000,-14.4,16.7,-11.54
981196,25,Walking,7678622327000,-0.34,12.03,-6.24
981197,25,Walking,7678672346000,-2.79,13.72,-1.84
981198,25,Walking,7678722333000,7.21,2.22,5.48
981199,25,Walking,7678772321000,-7.35,16.89,0.69
981200,25,Walking,7678822339000,0.19,8.62,1.33
981201,25,Walking,7678872327000,-0.89,9.19,0.19
981202,25,Walking,7678922346000,-3.41,7.82,-0.5
981203,25,Walking,7678972333000,-2.75,7.67,-0.23
981204,25,Walking,7679022352000,-4.18,7.55,0.11
981205,25,Walking,7679072309000,-5.37,10.8,0.11
981206,25,Walking,7679122297000,-9.08,11.88,0.95
981207,25,Walking,7679172284000,-5.52,17.73,-4.59
981208,25,Walking,7679222272000,-0.04,14.63,-0.99
981209,25,Walking,7679272413000,0.72,13.63,-0.76
981210,25,Walking,7679322339000,-3.64,10.65,-1.12
981211,25,Walking,7679372327000,-0.84,5.43,0.5
981212,25,Walking,7679422376000,3.64,4.67,0.89
981213,25,Walking,7679472333000,2.79,2.26,1.14
981214,25,Walking,7679542310000,3.11,2.91,-0.42
981215,25,Walking,7679592237000,-16.47,16.86,-16.82
981216,25,Walking,7679642377000,9.62,10.15,2.68
981217,25,Walking,7679692273000,-5.01,12.07,-3.06
981218,25,Walking,7679742322000,2.72,9.58,6.05
981219,25,Walking,7679792341000,-3.91,12.18,1.31
981220,25,Walking,7679842328000,0.19,9.38,2.07
981221,25,Walking,7679892347000,-3.6,8.96,-2.18
981222,25,Walking,7679942335000,-2.64,7.67,-0.08
981223,25,Walking,7679992292000,-2.72,7.97,0.69
981224,25,Walking,7680042646000,-3.79,8.47,-0.11
981225,25,Walking,7680092328000,-5.9,7.63,1.04
981226,25,Walking,7680142347000,-10.34,12.87,-1.31
981227,25,Walking,7680142347000,-10.34,12.87,-1.31
981228,25,Walking,7680244428000,-3.02,17.01,-4.94
981229,25,Walking,7680244428000,-3.02,17.01,-4.94
981230,25,Walking,7680303052000,-2.49,12.79,-1.76
981231,25,Walking,7680353071000,-0.46,8.85,-0.19
981232,25,Walking,7680403028000,1.23,4.71,0.15
981233,25,Walking,7680453046000,3.83,3.57,0.57
981234,25,Walking,7680503003000,3.95,2.79,0.23
981235,25,Walking,7680553022000,1.33,5.6,-2.41
981236,25,Walking,7680603010000,-17.05,16.97,-14.63
981237,25,Walking,7680652997000,10.42,4.75,-0.57
981238,25,Walking,7680703016000,-6.51,17.05,-5.05
981239,25,Walking,7680753003000,7.08,3.87,3.41
981240,25,Walking,7680802961000,-3.36,14.48,6.24
981241,25,Walking,7680853559000,-2.83,9.15,0.23
981242,25,Walking,7680912336000,-1.76,8.81,1.92
981243,25,Walking,7680962354000,-4.44,7.82,-0.04
981244,25,Walking,7681012311000,-2.87,8.66,-0.11
981245,25,Walking,7681062330000,-2.22,8.62,0.27
981246,25,Walking,7681112378000,-5.01,8.77,1.27
981247,25,Walking,7681162336000,-9.58,11.07,-1.27
981248,25,Walking,7681212324000,-9.3,12.91,-3.79
981249,25,Walking,7681262311000,2.45,18.66,-1.73
981250,25,Walking,7681312330000,-2.79,14.02,0.57
981251,25,Walking,7681362348000,-1.46,12.6,-1.23
981252,25,Walking,7681412336000,-1.23,8.12,-0.19
981253,25,Walking,7681462324000,3.83,3.99,0.53
981254,25,Walking,7681512342000,5.37,2.45,-0.04
981255,25,Walking,7681562330000,4.75,2.68,-0.08
981256,25,Walking,7681612348000,-10.57,15.13,-10.15
981257,25,Walking,7681662336000,-7.82,8.12,-6.28
981258,25,Walking,7681712324000,9.23,9.0,3.02
981259,25,Walking,7681762342000,-5.43,13.02,-5.9
981260,25,Walking,7681812360000,3.57,7.89,5.98
981261,25,Walking,7681862348000,-4.56,12.03,2.68
981262,25,Walking,7681912336000,-2.91,9.53,0.53
981263,25,Walking,7681962354000,-2.68,8.43,-0.99
981264,25,Walking,7682012311000,-3.41,7.78,0.0
981265,25,Walking,7682062330000,-2.53,8.05,0.69
981266,25,Walking,7682112348000,-3.3,8.73,0.15
