,user,label,timestamp,x,y,z
472012,26,Walking,290782329000,7.16,5.13,-3.11
472013,26,Walking,290832347000,11.5,8.05,7.67
472014,26,Walking,290882335000,10.19,4.1,-7.04
472015,26,Walking,290932353000,13.4,5.13,-4.33
472016,26,Walking,290982371000,13.57,8.66,1.88
472017,26,Walking,291032329000,13.02,3.72,0.72
472018,26,Walking,291082347000,10.27,11.41,0.57
472019,26,Walking,291132335000,10.8,19.19,-5.37
472020,26,Walking,291182323000,1.14,10.76,-2.07
472021,26,Walking,291232341000,6.74,0.84,-2.18
472022,26,Walking,291282329000,1.08,0.99,-2.3
472023,26,Walking,291332347000,-2.64,4.33,-2.68
472024,26,Walking,291382335000,-3.34,6.55,1.14
472025,26,Walking,291432323000,19.19,7.5,1.31
472026,26,Walking,291482341000,12.41,1.46,2.76
472027,26,Walking,291532329000,6.02,7.93,-3.45
472028,26,Walking,291582347000,8.58,15.21,0.15
472029,26,Walking,291632335000,2.18,7.06,-2.68
472030,26,Walking,291682323000,4.71,10.34,-3.36
472031,26,Walking,291732341000,5.75,8.5,-3.49
472032,26,Walking,291782329000,5.01,4.21,-2.79
472033,26,Walking,291832347000,6.47,4.44,-1.95
472034,26,Walking,291882335000,8.89,5.22,-1.73
472035,26,Walking,291932323000,8.05,6.7,4.71
472037,26,Walking,291982341000,11.07,5.71,-3.87
472036,26,Walking,291982341000,11.07,5.71,-3.87
472038,26,Walking,292072368000,11.65,5.9,-2.45
472039,26,Walking,292122325000,12.49,5.33,2.15
472040,26,Walking,292172221000,11.65,3.79,-0.89
472041,26,Walking,292222362000,12.49,15.13,-3.72
472042,26,Walking,292272319000,7.01,17.58,3.45
472043,26,Walking,292322337000,1.95,7.74,-7.65
472044,26,Walking,292372295000,6.66,-1.27,-0.61
472045,26,Walking,292422343000,0.23,2.49,-1.99
472046,26,Walking,292472331000,-2.34,4.9,-2.75
472047,26,Walking,292522319000,-0.76,6.66,-0.69
472048,26,Walking,292572337000,19.08,7.7,3.15
472049,26,Walking,292622325000,13.29,0.38,2.18
472050,26,Walking,292672343000,7.97,7.63,-4.86
472051,26,Walking,292722331000,3.87,14.37,4.82
472052,26,Walking,292772288000,3.95,8.43,-3.91
472053,26,Walking,292822337000,5.13,9.85,-3.06
472054,26,Walking,292872325000,5.6,7.16,-3.41
472055,26,Walking,292922374000,6.05,5.18,-3.11
472056,26,Walking,292982310000,6.97,5.13,-1.92
472057,26,Walking,293032268000,7.12,4.14,-2.07
472058,26,Walking,293082317000,8.31,6.7,-1.76
472059,26,Walking,293132335000,10.34,7.86,2.22
472060,26,Walking,293182323000,11.73,4.99,-3.91
472061,26,Walking,293232341000,12.49,5.86,-0.99
472062,26,Walking,293282329000,12.87,2.03,2.03
472063,26,Walking,293332347000,12.53,6.13,-1.04
472064,26,Walking,293382335000,13.67,18.05,-4.56
472065,26,Walking,293432323000,4.56,15.32,4.25
472066,26,Walking,293482341000,2.64,5.79,-7.78
472067,26,Walking,293532329000,5.79,-0.5,0.04
472068,26,Walking,293582347000,-0.99,2.68,-2.79
472069,26,Walking,293632335000,-2.98,4.33,-3.02
472070,26,Walking,293682323000,4.48,7.93,5.09
472071,26,Walking,293732310000,19.57,5.98,-7.44
472072,26,Walking,293782329000,7.31,0.95,1.38
472073,26,Walking,293832378000,12.95,11.35,-1.76
472074,26,Walking,293832378000,12.95,11.35,-1.76
472075,26,Walking,293893016000,2.11,10.92,3.17
472076,26,Walking,293943004000,2.37,8.08,-3.41
472077,26,Walking,293992961000,6.02,11.35,-3.95
472078,26,Walking,294043285000,6.05,6.4,-3.15
472079,26,Walking,294093028000,6.59,5.37,-2.68
472080,26,Walking,294143016000,7.25,4.82,-2.07
472081,26,Walking,294193278000,7.44,4.44,-3.21
472082,26,Walking,294242992000,10.04,6.85,-0.61
472083,26,Walking,294302287000,10.5,5.52,-0.5
472084,26,Walking,294352306000,10.76,6.13,-0.5
472085,26,Walking,294402324000,12.26,6.02,0.38
472086,26,Walking,294452342000,12.11,2.45,-0.5
472087,26,Walking,294502330000,12.95,9.08,-3.02
472088,26,Walking,294552348000,13.44,19.31,-3.79
472089,26,Walking,294602336000,1.14,13.99,-0.3
472090,26,Walking,294652354000,5.75,2.18,-2.37
472091,26,Walking,294702342000,2.18,2.03,-1.08
472092,26,Walking,294752330000,-1.92,3.06,-3.57
472093,26,Walking,294802348000,-3.41,3.99,-2.11
472094,26,Walking,294852336000,13.59,7.5,9.28
472095,26,Walking,294902324000,18.2,4.1,-5.13
472096,26,Walking,294952342000,2.15,8.73,3.99
472097,26,Walking,295002330000,9.47,13.14,-1.92
472098,26,Walking,295052348000,4.25,7.97,-3.49
472099,26,Walking,295102336000,5.18,8.39,-2.91
472100,26,Walking,295152354000,7.5,8.5,-2.64
472101,26,Walking,295202342000,5.67,4.82,-3.36
472102,26,Walking,295256328000,5.6,3.91,-1.69
472103,26,Walking,295312297000,6.7,3.83,-2.14
472104,26,Walking,295362346000,8.39,8.31,1.31
472105,26,Walking,295412334000,9.51,7.55,-1.53
472106,26,Walking,295462321000,10.92,4.71,-5.28
472107,26,Walking,295512309000,13.44,5.48,-1.5
472108,26,Walking,295562328000,13.95,3.11,1.38
472109,26,Walking,295612346000,12.15,4.14,-0.95
472110,26,Walking,295662334000,13.06,16.86,-3.87
472111,26,Walking,295712321000,3.53,17.12,4.67
472112,26,Walking,295762340000,2.53,5.28,-8.08
472113,26,Walking,295812328000,8.24,-1.61,-0.04
472114,26,Walking,295862346000,0.46,3.3,-1.92
472115,26,Walking,295912334000,-1.33,5.13,-3.49
472116,26,Walking,295962321000,-0.8,6.89,-1.88
472117,26,Walking,296012340000,18.81,7.59,2.22
472118,26,Walking,296062328000,12.03,-1.65,1.73
472119,26,Walking,296112346000,4.71,7.31,-3.02
472120,26,Walking,296162303000,8.85,16.02,1.46
472121,26,Walking,296212321000,2.76,6.74,-3.11
472122,26,Walking,296262248000,4.79,9.15,-2.87
472123,26,Walking,296312328000,6.97,9.3,-3.83
472124,26,Walking,296362346000,5.41,5.33,-3.21
472125,26,Walking,296412334000,5.86,4.86,-1.84
472126,26,Walking,296462321000,7.08,4.75,-2.37
472127,26,Walking,296522319000,8.28,5.71,-3.91
472128,26,Walking,296572307000,11.11,6.55,2.72
472129,26,Walking,296622356000,12.3,4.67,-6.05
472130,26,Walking,296672343000,13.18,5.9,1.92
472131,26,Walking,296722331000,11.96,2.56,0.46
472132,26,Walking,296772319000,11.56,4.37,-0.3
472133,26,Walking,296822337000,13.14,16.44,-4.14
472134,26,Walking,296872325000,6.59,16.4,4.21
472135,26,Walking,296922343000,2.49,6.47,-7.31
472136,26,Walking,296972331000,7.01,0.27,-0.76
472137,26,Walking,297022319000,0.23,4.1,-2.14
472138,26,Walking,297072337000,-2.3,5.28,-2.83
472139,26,Walking,297122325000,1.8,5.71,1.99
472140,26,Walking,297172343000,19.57,5.43,-5.13
472141,26,Walking,297222331000,8.01,2.96,3.64
472142,26,Walking,297272319000,9.47,7.7,-2.91
472143,26,Walking,297322337000,7.01,13.14,0.42
472144,26,Walking,297372325000,3.21,6.28,-2.91
472145,26,Walking,297422343000,5.6,9.38,-2.56
472146,26,Walking,297472331000,6.28,7.67,-3.83
472147,26,Walking,297522288000,5.98,5.01,-2.87
472148,26,Walking,297572337000,6.85,5.05,-2.03
472149,26,Walking,297622325000,7.01,4.75,-2.26
472150,26,Walking,297672343000,7.97,6.66,-3.45
472151,26,Walking,297722331000,10.99,6.66,3.95
472152,26,Walking,297772349000,12.22,4.14,-6.13
472153,26,Walking,297822337000,13.76,4.79,1.5
472154,26,Walking,297872325000,12.57,2.18,1.33
472155,26,Walking,297922343000,11.8,6.21,-0.89
472156,26,Walking,297972331000,13.44,18.28,-4.44
472157,26,Walking,298022319000,4.25,15.05,3.45
472158,26,Walking,298072337000,3.41,4.67,-6.85
472159,26,Walking,298122325000,5.79,0.04,-0.69
472160,26,Walking,298172343000,-0.89,3.3,-2.83
472161,26,Walking,298222362000,-2.75,4.63,-2.96
472162,26,Walking,298272319000,8.28,7.21,8.08
472163,26,Walking,298322337000,19.57,4.21,-8.24
472164,26,Walking,298372325000,3.72,3.83,1.33
472165,26,Walking,298422374000,15.75,9.3,-2.96
472166,26,Walking,298472331000,2.87,10.0,1.99
472167,26,Walking,298522288000,2.98,8.28,-3.06
472168,26,Walking,298572337000,6.05,10.42,-3.17
472169,26,Walking,298622295000,5.18,6.05,-3.17
472170,26,Walking,298672374000,6.89,5.98,-2.53
472171,26,Walking,298722362000,7.25,5.05,-2.14
472172,26,Walking,298772319000,8.39,4.14,-1.33
472173,26,Walking,298822337000,7.63,6.51,3.06
472174,26,Walking,298872325000,9.92,6.02,-2.96
472175,26,Walking,298922374000,13.18,2.98,-6.59
472176,26,Walking,298972331000,14.29,4.33,5.09
472177,26,Walking,299022319000,12.72,2.15,-1.42
472178,26,Walking,299072337000,11.26,8.28,0.38
472179,26,Walking,299122325000,14.94,19.0,-2.87
472180,26,Walking,299172343000,1.88,13.91,1.54
472181,26,Walking,299222331000,4.48,2.96,-4.21
472182,26,Walking,299272319000,6.44,0.57,-0.46
472183,26,Walking,299322337000,-0.8,3.11,-2.41
472184,26,Walking,299372325000,-2.49,3.79,-2.79
472185,26,Walking,299422374000,9.77,5.41,10.99
472186,26,Walking,299472331000,19.42,3.38,-4.82
472187,26,Walking,299522288000,1.23,3.72,-1.99
472188,26,Walking,299572337000,9.47,15.32,3.11
472189,26,Walking,299622325000,6.63,9.34,-3.91
472190,26,Walking,299672343000,3.87,6.05,-3.79
472191,26,Walking,299722331000,6.32,9.89,-4.75
472192,26,Walking,299772319000,7.16,8.01,-3.11
472193,26,Walking,299822337000,6.47,4.14,0.15
472194,26,Walking,299872325000,7.67,4.79,-0.42
472195,26,Walking,299922343000,8.85,5.83,-2.14
472196,26,Walking,299972331000,7.4,6.63,1.61
472197,26,Walking,300022319000,9.04,6.85,-1.42
472198,26,Walking,300072337000,14.37,4.33,-4.86
472199,26,Walking,300122325000,15.21,1.92,7.01
472200,26,Walking,300172374000,11.26,6.47,0.19
472201,26,Walking,300222331000,11.41,12.64,-4.52
472202,26,Walking,300272319000,9.53,16.32,3.49
472203,26,Walking,300322307000,2.79,9.11,-6.13
472204,26,Walking,300372325000,6.28,-0.65,-0.99
472205,26,Walking,300422343000,3.68,3.11,-1.61
472206,26,Walking,300472331000,-1.12,4.56,-3.26
472207,26,Walking,300522288000,-0.95,6.24,-2.56
472208,26,Walking,300572337000,16.89,9.15,9.08
472209,26,Walking,300622325000,15.43,-0.99,-0.57
472210,26,Walking,300672343000,6.93,7.21,-1.65
472211,26,Walking,300722331000,8.73,13.29,-1.14
