,user,label,timestamp,x,y,z
486507,26,Walking,1115702312000,5.63,9.66,-3.98
486508,26,Walking,1115752299000,9.04,11.99,-5.05
486509,26,Walking,1115802318000,6.7,9.96,0.46
486510,26,Walking,1115852336000,4.14,11.22,3.83
486511,26,Walking,1115902293000,2.98,18.77,-1.31
486512,26,Walking,1115952312000,-1.33,17.5,-6.4
486513,26,Walking,1116002696000,-1.95,6.02,-3.72
486514,26,Walking,1116052318000,0.93,4.63,2.07
486515,26,Walking,1116102306000,-3.53,4.1,-3.79
486516,26,Walking,1116152293000,-6.78,4.18,-2.72
486517,26,Walking,1116202312000,2.72,9.85,10.23
486518,26,Walking,1116252299000,19.46,18.77,-10.69
486519,26,Walking,1116302318000,5.01,6.51,2.03
486520,26,Walking,1116352336000,5.86,15.43,-4.63
486521,26,Walking,1116402293000,-2.3,11.03,6.55
486522,26,Walking,1116452312000,-2.11,9.51,-2.41
486523,26,Walking,1116502299000,-0.76,11.45,-2.68
486524,26,Walking,1116552318000,-0.19,7.35,-2.68
486525,26,Walking,1116602306000,0.72,9.08,-2.34
486526,26,Walking,1116652293000,2.07,8.81,-5.2
486527,26,Walking,1116702312000,3.34,9.43,-4.44
486528,26,Walking,1116752269000,3.34,10.04,-1.65
486529,26,Walking,1116802318000,8.08,14.79,6.36
486530,26,Walking,1116852336000,6.17,9.72,-2.07
486531,26,Walking,1116902293000,7.16,12.95,-4.86
486532,26,Walking,1116952312000,5.09,8.92,1.04
486533,26,Walking,1117002299000,6.4,10.99,3.49
486534,26,Walking,1117052318000,1.08,19.42,-2.56
486535,26,Walking,1117102306000,-2.49,15.47,-5.82
486536,26,Walking,1117152293000,-1.33,4.25,-2.26
486537,26,Walking,1117202312000,1.54,4.48,1.23
486538,26,Walking,1117252299000,-3.53,4.29,-3.79
486539,26,Walking,1117302318000,-6.7,3.87,-2.87
486540,26,Walking,1117352306000,1.54,10.46,9.34
486541,26,Walking,1117402415000,19.46,19.31,-9.28
486542,26,Walking,1117452312000,8.62,2.98,-1.23
486543,26,Walking,1117452312000,8.62,2.98,-1.23
486544,26,Walking,1117522319000,2.98,18.05,0.0
486545,26,Walking,1117572307000,-1.53,9.04,1.31
486546,26,Walking,1117622386000,-1.46,11.07,-2.34
486547,26,Walking,1117672343000,-1.08,9.47,-2.91
486548,26,Walking,1117732310000,-0.61,7.16,-2.11
486549,26,Walking,1117782329000,0.76,8.69,-4.67
486550,26,Walking,1117832347000,2.45,9.89,-5.33
486551,26,Walking,1117882335000,3.99,11.03,-2.14
486552,26,Walking,1117932323000,8.01,13.67,1.65
486553,26,Walking,1117982341000,8.01,9.77,3.11
486554,26,Walking,1118032329000,7.27,12.18,-4.56
486555,26,Walking,1118082347000,5.94,9.66,-0.42
486556,26,Walking,1118132335000,5.48,10.69,3.64
486557,26,Walking,1118182323000,1.65,19.15,-2.37
486558,26,Walking,1118232341000,-3.15,17.05,-6.47
486559,26,Walking,1118282329000,-3.21,5.48,1.42
486560,26,Walking,1118332347000,2.91,4.18,-1.73
486561,26,Walking,1118382335000,-3.87,3.79,-2.49
486562,26,Walking,1118432353000,-5.71,2.15,-4.02
486563,26,Walking,1118482310000,1.42,10.27,9.04
486564,26,Walking,1118532268000,19.53,19.34,-11.37
486565,26,Walking,1118582347000,5.24,3.76,3.83
486566,26,Walking,1118632335000,1.92,13.87,-3.11
486567,26,Walking,1118682323000,-0.08,14.98,1.84
486568,26,Walking,1118732341000,-1.27,7.97,-1.57
486569,26,Walking,1118782298000,-0.91,10.8,-2.3
486570,26,Walking,1118832317000,0.11,9.34,-2.07
486571,26,Walking,1118882335000,1.27,8.12,-2.11
486572,26,Walking,1118932323000,2.41,8.2,-4.67
486573,26,Walking,1118982341000,3.72,8.96,-5.43
486574,26,Walking,1119032329000,3.6,10.19,-1.92
486575,26,Walking,1119082347000,6.28,15.02,9.19
486576,26,Walking,1119132335000,6.59,9.89,-4.33
486577,26,Walking,1119182323000,7.35,10.8,-5.67
486578,26,Walking,1119232371000,4.86,11.03,2.15
486579,26,Walking,1119282329000,5.71,10.8,1.08
486580,26,Walking,1119332347000,1.65,18.7,-1.99
486581,26,Walking,1119382487000,-2.56,17.97,-7.01
486582,26,Walking,1119432323000,-3.15,7.06,-0.3
486583,26,Walking,1119482371000,4.52,3.91,-0.8
486584,26,Walking,1119532329000,-2.26,4.1,-2.11
486585,26,Walking,1119582347000,-5.37,3.06,-3.45
486586,26,Walking,1119632335000,-2.3,7.12,5.63
486587,26,Walking,1119682323000,19.34,19.11,-9.04
486588,26,Walking,1119732341000,6.59,6.78,-0.23
486589,26,Walking,1119782329000,4.99,16.4,1.38
486590,26,Walking,1119832347000,-0.5,10.38,-0.19
486591,26,Walking,1119882335000,-1.76,8.58,-2.03
486592,26,Walking,1119932292000,-0.65,11.11,-2.03
486593,26,Walking,1119982341000,-0.19,7.78,-2.18
486594,26,Walking,1120032359000,1.27,8.92,-1.61
486595,26,Walking,1120082347000,1.76,8.73,-4.86
486596,26,Walking,1120132335000,3.26,8.47,-4.71
486597,26,Walking,1120182323000,3.49,10.19,-1.76
486598,26,Walking,1120232341000,6.59,14.63,3.72
486599,26,Walking,1120282329000,5.86,9.92,0.04
486600,26,Walking,1120332347000,7.63,12.41,-5.13
486601,26,Walking,1120382335000,6.7,8.92,0.46
486602,26,Walking,1120432323000,4.9,11.37,2.87
486603,26,Walking,1120482341000,1.5,19.31,-3.3
486604,26,Walking,1120532329000,-2.45,16.25,-6.51
486605,26,Walking,1120582378000,-2.87,4.29,0.72
486606,26,Walking,1120632335000,2.87,4.02,-0.8
486607,26,Walking,1120682323000,-3.26,3.6,-3.21
486608,26,Walking,1120732341000,-6.24,3.68,-3.45
486609,26,Walking,1120782329000,0.38,9.81,8.89
486610,26,Walking,1120832347000,19.53,18.92,-11.5
486611,26,Walking,1120882335000,6.32,4.67,1.14
486612,26,Walking,1120932323000,5.18,15.98,0.57
486613,26,Walking,1120982341000,-1.33,9.28,0.27
486614,26,Walking,1121032329000,-2.75,9.23,-1.8
486615,26,Walking,1121082378000,-1.08,14.29,-1.84
486616,26,Walking,1121132335000,-0.34,8.81,-2.03
486617,26,Walking,1121182323000,0.84,8.96,-1.73
486618,26,Walking,1121232341000,1.23,7.5,-2.91
486619,26,Walking,1121282329000,2.87,9.04,-5.75
486620,26,Walking,1121332347000,3.34,10.19,-1.99
486621,26,Walking,1121382335000,6.93,13.14,0.46
486622,26,Walking,1121432323000,7.21,8.08,3.72
486623,26,Walking,1121482341000,11.18,13.8,-5.41
486624,26,Walking,1121532329000,5.9,9.72,1.18
486625,26,Walking,1121582347000,2.96,13.87,2.96
486626,26,Walking,1121632335000,-0.08,19.57,-4.29
486627,26,Walking,1121682323000,-3.91,13.72,-3.06
486628,26,Walking,1121732371000,-3.34,6.05,-0.19
486629,26,Walking,1121782329000,2.56,2.87,-1.95
486630,26,Walking,1121832347000,-2.91,2.96,-3.26
486631,26,Walking,1121882335000,-6.13,2.64,-3.45
486632,26,Walking,1121932323000,4.9,11.18,9.62
486633,26,Walking,1121982371000,18.77,18.58,-7.01
486634,26,Walking,1122032329000,2.87,4.33,1.54
486635,26,Walking,1122082347000,4.99,14.9,1.61
486636,26,Walking,1122152324000,-1.99,11.5,1.61
486637,26,Walking,1122202281000,-2.26,8.92,-2.68
486638,26,Walking,1122252330000,-2.3,12.41,-5.2
486639,26,Walking,1122302287000,0.61,8.69,-3.53
486640,26,Walking,1122352306000,2.18,9.72,-2.53
486641,26,Walking,1122402263000,3.53,9.77,-2.53
486642,26,Walking,1122452312000,3.76,10.57,-0.46
486643,26,Walking,1122502299000,2.07,10.31,2.15
486644,26,Walking,1122502299000,2.07,10.31,2.15
486645,26,Walking,1122561443000,3.95,10.04,1.5
486646,26,Walking,1122612315000,8.81,13.59,-4.67
486647,26,Walking,1122662273000,10.5,8.58,0.69
486648,26,Walking,1122712321000,5.01,9.66,2.45
486649,26,Walking,1122762340000,1.65,18.85,-1.69
486650,26,Walking,1122812328000,-2.75,17.5,-4.94
486651,26,Walking,1122862346000,-2.34,7.93,0.57
486652,26,Walking,1122912578000,2.49,5.9,-0.5
486653,26,Walking,1122962321000,-2.45,4.37,-0.8
486654,26,Walking,1123012340000,-4.9,2.03,-3.98
486655,26,Walking,1123062328000,-4.75,5.43,-0.11
486656,26,Walking,1123112346000,14.98,17.88,5.13
486657,26,Walking,1123162334000,14.82,10.57,-2.18
486658,26,Walking,1123212321000,-1.33,8.77,0.0
486659,26,Walking,1123262340000,-0.42,16.74,0.38
486660,26,Walking,1123312328000,-0.91,8.77,-0.76
486661,26,Walking,1123362346000,-0.84,10.53,-1.8
486662,26,Walking,1123412303000,0.04,10.53,-2.49
486663,26,Walking,1123462321000,0.65,7.82,-1.92
486664,26,Walking,1123512340000,1.73,8.66,-3.11
486665,26,Walking,1123562328000,2.64,8.77,-6.28
486666,26,Walking,1123612346000,3.06,8.92,-2.49
486667,26,Walking,1123662334000,4.25,12.68,-1.84
486668,26,Walking,1123712352000,7.4,11.18,7.46
486669,26,Walking,1123762340000,9.04,11.3,-3.41
486670,26,Walking,1123812328000,7.31,9.72,-1.69
486671,26,Walking,1123862346000,4.94,10.38,2.83
486672,26,Walking,1123912334000,2.34,19.34,-1.57
486673,26,Walking,1123962352000,-3.79,17.35,-6.97
486674,26,Walking,1124012309000,-3.64,6.44,2.56
486675,26,Walking,1124062328000,2.07,4.44,-2.56
486676,26,Walking,1124112346000,-2.18,3.49,-2.11
486677,26,Walking,1124162334000,-5.24,2.53,-4.94
486678,26,Walking,1124212321000,-4.48,7.12,4.14
486679,26,Walking,1124262340000,18.81,19.53,-4.86
486680,26,Walking,1124312328000,11.14,6.36,0.04
486681,26,Walking,1124362346000,1.14,12.79,-0.3
486682,26,Walking,1124412334000,1.38,14.06,0.53
486683,26,Walking,1124462321000,-1.8,7.89,-0.15
486684,26,Walking,1124512340000,-1.61,11.11,-1.84
486685,26,Walking,1124562389000,-0.3,9.3,-2.26
486686,26,Walking,1124612346000,0.5,8.5,-1.95
486687,26,Walking,1124662334000,1.5,8.89,-3.83
486688,26,Walking,1124712321000,2.91,9.19,-5.9
486689,26,Walking,1124762340000,2.98,9.62,-2.3
486690,26,Walking,1124812328000,5.6,14.06,2.96
486691,26,Walking,1124862346000,4.67,9.3,1.42
486692,26,Walking,1124912334000,8.5,12.41,-6.47
486693,26,Walking,1124962321000,6.47,9.81,0.34
486694,26,Walking,1125012340000,7.06,8.62,2.07
486695,26,Walking,1125062328000,3.49,15.85,0.34
486696,26,Walking,1125112346000,-2.96,19.5,-6.17
486697,26,Walking,1125162334000,-3.41,8.47,1.8
486698,26,Walking,1125212352000,1.27,6.09,-2.87
486699,26,Walking,1125266338000,0.69,4.6,-0.19
486700,26,Walking,1125332378000,-5.41,3.26,-4.02
486701,26,Walking,1125382335000,-3.68,6.09,-0.42
486702,26,Walking,1125432323000,17.31,18.92,-0.76
486703,26,Walking,1125482341000,13.18,8.73,-1.57
486704,26,Walking,1125532329000,-0.57,10.42,1.31
486705,26,Walking,1125582347000,0.8,14.29,1.08
486706,26,Walking,1125632335000,-1.88,7.93,-0.23
