,user,label,timestamp,x,y,z
487307,26,Walking,1155662334000,0.53,8.96,-2.26
487308,26,Walking,1155712321000,1.84,9.08,-5.24
487309,26,Walking,1155762340000,3.53,8.43,-4.79
487310,26,Walking,1155812328000,2.87,9.7,-1.61
487311,26,Walking,1155862376000,6.63,14.98,8.12
487312,26,Walking,1155912364000,4.67,9.0,-2.79
487313,26,Walking,1155962321000,7.06,12.41,-4.63
487314,26,Walking,1156012309000,6.59,10.15,-0.57
487315,26,Walking,1156062328000,5.94,9.62,4.86
487316,26,Walking,1156112346000,1.5,18.16,-1.57
487317,26,Walking,1156162334000,-3.21,18.12,-8.62
487318,26,Walking,1156212321000,-1.92,6.82,3.57
487319,26,Walking,1156262279000,1.8,3.45,-2.87
487320,26,Walking,1156312328000,-2.98,3.6,-2.07
487321,26,Walking,1156362346000,-4.99,3.02,-3.64
487322,26,Walking,1156412334000,-1.65,6.78,3.17
487323,26,Walking,1156462321000,19.27,19.5,-5.33
487324,26,Walking,1156512340000,7.59,5.41,3.38
487325,26,Walking,1156562328000,3.11,11.37,-4.67
487326,26,Walking,1156612346000,2.76,15.17,3.15
487327,26,Walking,1156662334000,-2.41,7.67,-0.42
487328,26,Walking,1156712321000,-2.14,10.5,-2.26
487329,26,Walking,1156762340000,-0.95,9.58,-2.79
487330,26,Walking,1156812328000,-0.57,9.34,-2.45
487331,26,Walking,1156862346000,1.46,8.85,-1.88
487332,26,Walking,1156972118000,3.68,9.47,-1.88
487333,26,Walking,1156972118000,3.68,9.47,-1.88
487334,26,Walking,1157022258000,6.13,14.14,-0.76
487335,26,Walking,1157072398000,6.13,9.51,6.7
487336,26,Walking,1157122356000,6.36,11.96,-4.48
487337,26,Walking,1157182292000,6.4,11.03,-1.46
487338,26,Walking,1157232310000,5.63,11.75,1.99
487339,26,Walking,1157282329000,1.12,19.31,-1.73
487340,26,Walking,1157332347000,-3.68,15.64,-8.31
487341,26,Walking,1157382335000,-1.14,5.52,1.04
487342,26,Walking,1157432323000,0.42,5.18,-1.04
487343,26,Walking,1157482341000,-3.41,3.45,-3.68
487344,26,Walking,1157532329000,-6.59,2.49,-3.41
487345,26,Walking,1157582347000,0.19,9.38,7.12
487346,26,Walking,1157632335000,19.46,19.57,-11.07
487347,26,Walking,1157682323000,6.55,3.99,1.14
487348,26,Walking,1157732341000,4.06,15.32,-2.07
487349,26,Walking,1157782329000,-1.88,11.07,2.79
487350,26,Walking,1157832347000,-2.22,8.01,-1.99
487351,26,Walking,1157882335000,-0.95,11.3,-2.34
487352,26,Walking,1157932323000,-0.57,7.93,-2.37
487353,26,Walking,1157982341000,1.38,9.19,-2.11
487354,26,Walking,1158032329000,2.72,7.86,-5.43
487355,26,Walking,1158082347000,4.71,9.19,-4.56
487356,26,Walking,1158132335000,4.52,12.03,-1.73
487357,26,Walking,1158182323000,5.41,13.76,10.08
487358,26,Walking,1158232341000,6.93,10.88,-4.94
487359,26,Walking,1158282298000,8.31,11.14,-2.53
487360,26,Walking,1158282298000,8.31,11.14,-2.53
487361,26,Walking,1158382121000,4.6,14.56,1.99
487362,26,Walking,1158432262000,-1.99,19.57,-5.33
487363,26,Walking,1158482219000,-2.83,10.5,-4.14
487364,26,Walking,1158532298000,0.76,5.09,0.93
487365,26,Walking,1158582347000,-1.18,2.87,-1.23
487366,26,Walking,1158632335000,-4.86,2.07,-3.91
487367,26,Walking,1158682323000,-4.48,4.99,-1.18
487368,26,Walking,1158732341000,15.36,18.47,2.41
487369,26,Walking,1158782329000,13.99,9.62,0.53
487370,26,Walking,1158832347000,0.0,6.82,-3.95
487371,26,Walking,1158882335000,4.82,18.89,1.99
487372,26,Walking,1158932353000,-1.57,6.32,1.65
487373,26,Walking,1158982341000,-2.75,8.31,-2.79
487374,26,Walking,1159032329000,-1.65,13.29,-4.02
487375,26,Walking,1159082408000,-1.27,6.85,-1.46
487376,26,Walking,1159132335000,0.38,7.31,-4.25
487377,26,Walking,1159182323000,1.84,10.38,-6.51
487378,26,Walking,1159238597000,3.15,10.04,-2.34
487379,26,Walking,1159292338000,8.81,15.28,3.41
487380,26,Walking,1159342326000,7.67,9.66,-0.99
487381,26,Walking,1159392406000,9.11,12.03,-4.71
487382,26,Walking,1159442332000,6.05,8.85,1.69
487383,26,Walking,1159492290000,4.6,14.29,1.61
487384,26,Walking,1159542339000,0.15,19.57,-4.4
487385,26,Walking,1159592357000,-3.95,14.06,-4.29
487386,26,Walking,1159642345000,-2.64,3.53,-0.46
487387,26,Walking,1159692332000,1.76,3.76,-1.53
487388,26,Walking,1159742320000,-4.59,2.6,-4.82
487389,26,Walking,1159792308000,-7.35,2.91,-2.79
487390,26,Walking,1159842326000,9.34,15.21,8.54
487391,26,Walking,1159892345000,17.77,16.25,-6.21
487392,26,Walking,1159942332000,0.31,7.4,3.11
487393,26,Walking,1159992290000,3.87,17.67,-2.22
487394,26,Walking,1160042339000,-2.64,7.86,1.18
487395,26,Walking,1160092326000,-2.49,10.04,-2.49
487396,26,Walking,1160142345000,-1.08,11.37,-2.6
487397,26,Walking,1160192332000,-0.11,7.82,-1.69
487398,26,Walking,1160242351000,1.38,8.73,-2.53
487399,26,Walking,1160292339000,3.34,8.89,-5.98
487400,26,Walking,1160342326000,4.6,9.92,-2.91
487401,26,Walking,1160392345000,3.91,12.26,2.22
487402,26,Walking,1160442332000,6.51,10.31,2.68
487403,26,Walking,1160492290000,9.85,11.26,-5.48
487404,26,Walking,1160542339000,5.63,11.11,1.33
487405,26,Walking,1160592326000,5.43,11.41,2.07
487406,26,Walking,1160642375000,2.56,19.15,-1.38
487407,26,Walking,1160692332000,-3.76,18.47,-7.04
487408,26,Walking,1160742351000,-2.87,6.59,1.23
487409,26,Walking,1160792339000,3.64,4.37,-2.41
487410,26,Walking,1160842357000,-2.83,2.72,-2.34
487411,26,Walking,1160892406000,-5.63,1.69,-4.33
487412,26,Walking,1160942332000,-3.21,6.78,4.63
487413,26,Walking,1160992320000,19.19,19.27,-7.16
487414,26,Walking,1161042339000,7.78,8.96,3.87
487415,26,Walking,1161092326000,4.67,14.1,-4.21
487416,26,Walking,1161142345000,-2.68,10.99,3.99
487417,26,Walking,1161192332000,-2.37,10.23,-2.26
487418,26,Walking,1161242259000,-0.38,11.88,-2.14
487419,26,Walking,1161292339000,0.46,8.08,-1.99
487420,26,Walking,1161342326000,1.31,8.24,-2.75
487421,26,Walking,1161392375000,2.37,8.01,-4.29
487422,26,Walking,1161442332000,3.76,9.19,-4.75
487423,26,Walking,1161492412000,3.41,10.04,-1.5
487424,26,Walking,1161542339000,5.98,13.4,-0.34
487425,26,Walking,1161592326000,7.63,10.27,5.24
487426,26,Walking,1161642345000,7.46,11.56,-4.25
487427,26,Walking,1161692363000,7.74,8.89,1.18
487428,26,Walking,1161742351000,3.45,15.89,1.84
487429,26,Walking,1161792339000,-0.84,19.57,-7.4
487430,26,Walking,1161842326000,-2.6,9.7,-3.21
487431,26,Walking,1161892345000,-0.57,4.94,0.53
487432,26,Walking,1161942332000,-1.53,2.34,-1.5
487433,26,Walking,1162000743000,-5.09,2.41,-4.29
487434,26,Walking,1162052318000,-4.4,4.67,-0.72
487435,26,Walking,1162102306000,17.2,19.08,-1.65
487436,26,Walking,1162152385000,12.3,8.81,0.34
487437,26,Walking,1162202312000,2.53,12.45,-0.23
487438,26,Walking,1162252360000,-0.84,14.33,1.88
487439,26,Walking,1162302318000,-2.41,7.93,-1.42
487440,26,Walking,1162352306000,-1.57,11.56,-2.37
487441,26,Walking,1162402293000,-0.76,8.77,-2.96
487442,26,Walking,1162452312000,-0.34,8.89,-2.26
487443,26,Walking,1162502299000,1.61,8.12,-3.15
487444,26,Walking,1162552318000,3.91,9.28,-5.37
487445,26,Walking,1162602306000,4.02,9.77,-1.8
487446,26,Walking,1162652293000,6.78,13.38,-0.53
487447,26,Walking,1162702312000,7.55,9.7,6.93
487448,26,Walking,1162752330000,7.21,13.02,-5.2
487449,26,Walking,1162802318000,7.4,11.41,-0.95
487450,26,Walking,1162852306000,4.18,11.35,2.3
487451,26,Walking,1162902293000,1.14,19.23,-3.21
487452,26,Walking,1162952312000,-3.98,16.25,-7.46
487453,26,Walking,1163002299000,-2.03,6.47,2.22
487454,26,Walking,1163052318000,0.76,3.3,-1.53
487455,26,Walking,1163102306000,-3.79,2.49,-3.36
487456,26,Walking,1163152293000,-6.24,1.69,-3.57
487457,26,Walking,1163202312000,2.87,9.38,8.31
487458,26,Walking,1163252299000,19.57,19.23,-10.69
487459,26,Walking,1163302318000,3.3,10.42,3.68
487460,26,Walking,1163352306000,-1.5,15.13,0.53
487461,26,Walking,1163402721000,-3.15,8.2,-1.65
487462,26,Walking,1163452312000,-2.14,13.29,-2.14
487463,26,Walking,1163502299000,-0.08,9.7,-2.41
487464,26,Walking,1163552318000,1.14,9.38,-1.61
487465,26,Walking,1163602306000,2.53,7.93,-1.69
487466,26,Walking,1163652293000,4.21,7.27,-4.44
487467,26,Walking,1163702312000,4.99,9.04,-3.02
487468,26,Walking,1163752299000,2.96,12.64,2.76
487469,26,Walking,1163802348000,4.25,11.11,0.08
487470,26,Walking,1163852306000,10.04,12.22,-4.48
487471,26,Walking,1163902293000,8.66,9.92,0.0
487472,26,Walking,1163952312000,5.13,12.53,3.57
487474,26,Walking,1164003642000,-0.27,19.53,-2.41
487473,26,Walking,1164003642000,-0.27,19.53,-2.41
487475,26,Walking,1164062266000,-6.09,14.02,-2.75
487476,26,Walking,1164112376000,0.99,4.25,-3.3
487477,26,Walking,1164162334000,0.69,1.92,-0.15
487478,26,Walking,1164212321000,-4.06,1.61,-4.14
487479,26,Walking,1164262340000,-6.66,2.37,-2.98
487480,26,Walking,1164312450000,9.47,14.37,9.43
487481,26,Walking,1164362346000,18.92,15.7,-5.33
487482,26,Walking,1164412334000,0.93,6.97,-1.88
487483,26,Walking,1164462321000,3.15,17.5,2.96
487484,26,Walking,1164512340000,-3.06,5.48,0.57
487485,26,Walking,1164562328000,-3.95,10.92,-3.64
487486,26,Walking,1164612346000,-0.8,12.95,-2.45
487487,26,Walking,1164662334000,0.08,8.05,-1.99
487488,26,Walking,1164712321000,2.18,9.89,-2.41
487489,26,Walking,1164762340000,4.86,8.05,-6.02
487490,26,Walking,1164812633000,5.18,9.3,-1.88
487491,26,Walking,1164862376000,3.11,11.26,-1.65
487492,26,Walking,1164912334000,4.82,12.03,8.35
487493,26,Walking,1164962321000,7.97,11.65,-4.02
487494,26,Walking,1165012340000,6.66,10.73,-1.8
487495,26,Walking,1165062328000,6.93,9.28,1.23
487496,26,Walking,1165112346000,2.64,18.09,0.76
487497,26,Walking,1165162334000,-4.02,19.46,-7.78
487498,26,Walking,1165212321000,-3.68,7.44,1.27
487499,26,Walking,1165262279000,1.88,4.37,-2.45
487500,26,Walking,1165312328000,-2.87,2.53,-1.33
487501,26,Walking,1165362346000,-5.09,1.04,-4.48
487502,26,Walking,1165412334000,-3.41,5.24,0.08
487503,26,Walking,1165462321000,18.09,19.34,-2.91
487504,26,Walking,1165512340000,11.6,8.58,-0.19
487505,26,Walking,1165562328000,-1.99,6.85,-1.27
487506,26,Walking,1165672130000,-1.92,5.86,-1.27
