,user,label,timestamp,x,y,z
194705,27,Walking,10631062238000,3.38,2.11,-2.8330324
194706,27,Walking,10631112317000,5.94,2.41,-3.9499009
194707,27,Walking,10631162274000,4.37,3.95,-1.3075534
194708,27,Walking,10631212293000,1.38,19.5,8.539958
194709,27,Walking,10631262281000,-3.98,9.66,3.5276701
194710,27,Walking,10631312299000,4.06,18.24,-1.56634
194711,27,Walking,10631362287000,3.45,4.48,0.3405087
194712,27,Walking,10631412335000,5.83,4.25,-2.1792557
194713,27,Walking,10631462232000,6.59,11.96,-3.7183550000000003
194714,27,Walking,10631512311000,3.95,7.25,-2.4516625
194715,27,Walking,10631562238000,2.98,8.54,-0.0
194716,27,Walking,10631612317000,1.5,8.85,0.88532263
194717,27,Walking,10631662244000,1.27,8.43,-1.2258313
194718,27,Walking,10631712293000,1.33,11.99,-0.19068487
194719,27,Walking,10631762281000,3.49,12.34,3.5276701
194720,27,Walking,10631812268000,-0.76,13.63,-3.7183550000000003
194721,27,Walking,10631862226000,-2.41,15.64,1.0351465
194722,27,Walking,10631912274000,-1.46,10.34,1.4982381999999999
194723,27,Walking,10631962232000,4.29,15.24,0.8036005
194724,27,Walking,10632012281000,11.8,18.73,-0.27240697
194725,27,Walking,10632062238000,6.97,8.12,-3.9499009
194726,27,Walking,10632112287000,-0.04,5.48,-0.5720546
194727,27,Walking,10632162244000,1.23,4.14,-2.6423476000000004
194728,27,Walking,10632212293000,4.71,2.76,-3.4868089999999996
194729,27,Walking,10632262311000,5.71,1.69,-3.1463002999999996
194730,27,Walking,10632312299000,2.72,9.58,8.62168
194731,27,Walking,10632362256000,-1.04,18.43,3.990762
194732,27,Walking,10632412305000,2.56,11.88,0.61291564
194733,27,Walking,10632462232000,4.02,11.03,-1.2666923
194734,27,Walking,10632512311000,2.91,2.26,-1.56634
194735,27,Walking,10632562268000,7.78,9.7,-2.1111538
194736,27,Walking,10632612317000,4.21,10.12,-3.2552630000000002
194737,27,Walking,10632662244000,2.45,6.21,-1.4165162
194738,27,Walking,10632712262000,1.99,9.47,0.9942854
194739,27,Walking,10632762250000,1.57,8.35,-0.42223078
194740,27,Walking,10632812268000,1.31,11.35,-1.1849703
194741,27,Walking,10632862287000,3.57,12.15,6.9327570000000005
194742,27,Walking,10632912305000,0.46,12.91,-4.862464
194743,27,Walking,10632962232000,-2.79,14.6,0.84446156
194744,27,Walking,10633012250000,-0.34,11.69,2.3426998
194745,27,Walking,10633062207000,2.15,13.67,0.42223078
194746,27,Walking,10633112317000,9.77,18.5,-2.3426998
194747,27,Walking,10633162274000,9.85,11.03,0.42223078
194748,27,Walking,10633212293000,0.42,5.13,-2.0294318
194749,27,Walking,10633262250000,0.15,5.05,-2.1792557
194750,27,Walking,10633312299000,3.34,3.3,-3.1463002999999996
194751,27,Walking,10633362256000,6.47,2.53,-2.8330324
194752,27,Walking,10633412305000,2.79,3.57,2.8330324
194753,27,Walking,10633462262000,2.07,19.46,10.147159
194754,27,Walking,10633512311000,-1.42,11.6,3.6774937999999993
194755,27,Walking,10633562238000,4.94,15.66,-3.9499009
194756,27,Walking,10633612317000,2.03,0.84,-0.50395286
194757,27,Walking,10633662274000,5.09,4.94,-2.0294318
194758,27,Walking,10633712323000,6.85,15.43,-3.5276701
194759,27,Walking,10633762281000,2.68,5.41,-2.4108016
194760,27,Walking,10633812299000,1.65,8.62,1.7570249
194761,27,Walking,10633862256000,2.26,8.66,0.19068487
194762,27,Walking,10633912274000,1.61,9.58,-1.0760075
194763,27,Walking,10633962232000,3.21,11.54,2.2609777
194764,27,Walking,10634012250000,2.26,13.18,-1.607201
194765,27,Walking,10634062238000,-1.57,13.63,-2.2609777
194766,27,Walking,10634112317000,-2.45,13.59,3.7592160000000003
194767,27,Walking,10634162244000,0.04,11.07,0.38136974
194768,27,Walking,10634212293000,7.55,18.24,-2.8738932999999998
194769,27,Walking,10634262281000,11.84,15.21,2.3018389
194770,27,Walking,10634312299000,2.34,5.41,-2.7921712000000003
194771,27,Walking,10634362287000,0.04,5.22,-1.0351465
194772,27,Walking,10634412305000,2.83,3.49,-2.6014863999999998
194773,27,Walking,10634462232000,5.24,2.87,-3.7183550000000003
194774,27,Walking,10634512311000,4.79,1.92,-2.6423476000000004
194775,27,Walking,10634562268000,1.69,14.37,13.715691
194776,27,Walking,10634612409000,-2.75,16.02,5.829509
194777,27,Walking,10634662244000,3.79,14.41,-1.9204689999999998
194778,27,Walking,10634712293000,2.98,10.38,2.3699405
194779,27,Walking,10634762250000,4.29,2.34,-2.7921712000000003
194780,27,Walking,10634812299000,7.97,8.92,-3.3642258999999997
194781,27,Walking,10634862256000,4.71,10.38,-3.0237172
194782,27,Walking,10634912305000,2.96,7.89,-1.0351465
194783,27,Walking,10634962232000,1.5,9.04,1.9204689999999998
194784,27,Walking,10635012281000,1.42,8.81,-0.7627395
194785,27,Walking,10635062268000,0.65,11.5,-0.42223078
194786,27,Walking,10635112317000,2.3,11.3,4.944186
194787,27,Walking,10635162244000,0.46,13.29,-4.5219555
194788,27,Walking,10635212293000,-2.37,14.44,0.19068487
194789,27,Walking,10635262891000,-0.5,12.37,3.173541
194790,27,Walking,10635312207000,1.31,12.11,0.19068487
194791,27,Walking,10635362287000,8.39,18.35,-2.982856
194792,27,Walking,10635412274000,10.65,12.95,1.4165162
194793,27,Walking,10635462598000,1.99,4.94,-2.3699405
194794,27,Walking,10635512250000,0.61,5.05,-1.525479
194795,27,Walking,10635562299000,3.45,3.6,-2.5606253
194796,27,Walking,10635612287000,6.02,2.68,-3.173541
194797,27,Walking,10635662274000,4.21,3.11,-1.1849703
194798,27,Walking,10635712201000,-0.57,18.47,11.304889
194799,27,Walking,10635762342000,-1.73,13.91,7.014479
194800,27,Walking,10635822248000,5.6,14.79,-5.5571017
194801,27,Walking,10635872205000,1.95,1.65,-1.334794
194802,27,Walking,10635922315000,4.67,5.37,-2.0294318
194803,27,Walking,10635972241000,6.63,13.82,-3.4050870000000004
194804,27,Walking,10636022260000,2.87,6.02,-2.070293
194805,27,Walking,10636072248000,2.03,8.58,1.6480621
194806,27,Walking,10636122266000,2.11,8.96,-0.23154591
194807,27,Walking,10636172223000,1.38,10.5,-0.84446156
194808,27,Walking,10636222303000,2.56,11.96,5.012288
194809,27,Walking,10636272229000,1.18,13.57,-3.4050870000000004
194810,27,Walking,10636322278000,-1.95,14.06,-0.8036005
194811,27,Walking,10636372235000,-0.95,12.18,4.440233
194812,27,Walking,10636422284000,1.14,12.64,-1.0760075
194813,27,Walking,10636472241000,8.66,18.89,-2.2609777
194814,27,Walking,10636522290000,9.66,11.84,-0.23154591
194815,27,Walking,10636572278000,2.18,4.67,-1.8387468999999996
194816,27,Walking,10636622296000,0.42,4.14,-1.4982381999999999
194818,27,Walking,10636672559000,3.53,2.56,-2.7921712000000003
194817,27,Walking,10636672559000,3.53,2.56,-2.7921712000000003
194819,27,Walking,10636772229000,3.64,4.94,-1.6480621
194820,27,Walking,10636822339000,-0.19,19.57,8.076866
194821,27,Walking,10636822339000,-0.19,19.57,8.076866
194822,27,Walking,10636932233000,5.18,17.08,-1.56634
194823,27,Walking,10636932233000,5.18,17.08,-1.56634
194824,27,Walking,10637032270000,6.13,4.71,-2.2201166000000003
194825,27,Walking,10637082257000,6.66,12.34,-3.5276701
194826,27,Walking,10637132215000,3.72,6.63,-1.9204689999999998
194827,27,Walking,10637182294000,2.37,8.54,-0.08172209
194828,27,Walking,10637232251000,1.5,9.15,0.6946376999999999
194829,27,Walking,10637282239000,0.99,10.84,-0.6946376999999999
194831,27,Walking,10637332257000,1.04,12.15,2.5606253
194830,27,Walking,10637332257000,1.04,12.15,2.5606253
194832,27,Walking,10637432233000,-1.95,14.21,-3.173541
194833,27,Walking,10637482282000,-2.22,14.14,3.4459480000000005
194834,27,Walking,10637532239000,0.93,10.57,1.2258313
194835,27,Walking,10637582288000,6.55,16.25,-2.2609777
194836,27,Walking,10637632245000,12.98,17.39,2.4516625
194837,27,Walking,10637682263000,4.52,5.63,-3.7183550000000003
194838,27,Walking,10637732312000,-0.3,4.48,-1.334794
194839,27,Walking,10637782239000,2.68,2.76,-2.4516625
194841,27,Walking,10637832288000,5.28,1.76,-3.8273177000000005
194840,27,Walking,10637832288000,5.28,1.76,-3.8273177000000005
194842,27,Walking,10637932233000,0.42,18.05,10.732834
194843,27,Walking,10637982312000,-4.44,13.38,5.7886477
194845,27,Walking,10638032209000,6.85,18.31,-0.6946376999999999
194844,27,Walking,10638032209000,6.85,18.31,-0.6946376999999999
194846,27,Walking,10638132245000,3.83,1.57,-2.1792557
194847,27,Walking,10638182263000,8.12,11.84,-4.018002500000001
194848,27,Walking,10638232282000,4.02,8.16,-2.6014863999999998
194849,27,Walking,10638282300000,2.41,6.97,-0.42223078
194851,27,Walking,10638332288000,2.07,9.85,1.0351465
194850,27,Walking,10638332288000,2.07,9.85,1.0351465
194852,27,Walking,10638432263000,1.76,12.91,2.3699405
194853,27,Walking,10638482282000,1.73,13.44,-0.19068487
194854,27,Walking,10638532239000,-1.95,14.41,-2.6014863999999998
194855,27,Walking,10638582288000,-2.56,13.44,2.9147543999999996
194856,27,Walking,10638632245000,-0.5,10.12,0.46309182
194857,27,Walking,10638682263000,6.28,18.31,-1.6889231
194859,27,Walking,10638732282000,12.26,16.51,2.6832085
194858,27,Walking,10638732282000,12.26,16.51,2.6832085
194860,27,Walking,10638832288000,0.08,5.79,-1.2666923
194861,27,Walking,10638882276000,2.41,3.21,-2.6014863999999998
194862,27,Walking,10638932233000,5.18,2.11,-3.9090397000000006
194863,27,Walking,10638982282000,4.6,1.18,-3.4050870000000004
194864,27,Walking,10639032239000,2.03,12.45,10.651112
194865,27,Walking,10639082257000,-0.84,15.98,4.290409599999999
194867,27,Walking,10639132215000,6.97,16.25,-0.3405087
194866,27,Walking,10639132215000,6.97,16.25,-0.3405087
194868,27,Walking,10639232251000,1.95,0.95,-1.7570249
194869,27,Walking,10639282270000,7.63,11.18,-2.6832085
194870,27,Walking,10639332288000,4.9,9.47,-2.9556155
194871,27,Walking,10639382276000,2.11,6.24,-0.7218784
194872,27,Walking,10639432202000,1.65,9.96,0.7627395
194873,27,Walking,10639482282000,1.04,8.39,-0.5720546
194875,27,Walking,10639532209000,0.95,12.6,0.61291564
194874,27,Walking,10639532209000,0.95,12.6,0.61291564
194876,27,Walking,10639632245000,-1.92,14.02,-4.140586
194877,27,Walking,10639682263000,-2.87,15.32,2.7921712000000003
194878,27,Walking,10639732282000,0.19,9.72,1.3075534
194879,27,Walking,10639782239000,4.63,16.97,-0.7218784
194880,27,Walking,10639832288000,13.48,18.39,1.2258313
194881,27,Walking,10639882276000,4.94,6.24,-3.2961242
194882,27,Walking,10639932202000,-0.19,4.71,-1.6889231
194883,27,Walking,10639932202000,-0.19,4.71,-1.6889231
194884,27,Walking,10640032239000,4.4,1.99,-3.7592160000000003
194885,27,Walking,10640082257000,4.94,1.12,-3.6366330000000002
194886,27,Walking,10640132245000,1.33,11.22,10.228881
194887,27,Walking,10640182263000,-1.23,18.09,3.3778462
194888,27,Walking,10640232251000,4.9,13.57,-1.3075534
194889,27,Walking,10640282270000,2.96,10.53,1.1168685
194890,27,Walking,10640332227000,2.41,0.76,-1.3756552
194891,27,Walking,10640332227000,2.41,0.76,-1.3756552
194892,27,Walking,10640432233000,4.86,11.03,-3.2961242
194893,27,Walking,10640482282000,2.56,5.75,-1.0351465
194894,27,Walking,10640532239000,2.37,8.62,0.10896278
194895,27,Walking,10640582288000,1.27,8.77,0.08172209
194896,27,Walking,10640632245000,1.69,13.29,0.46309182
194897,27,Walking,10640682263000,2.3,12.64,4.372132
194898,27,Walking,10640732251000,-1.27,14.48,-4.3312707
194899,27,Walking,10640732251000,-1.27,14.48,-4.3312707
194900,27,Walking,10640832257000,-0.76,10.46,-0.10896278
194901,27,Walking,10640882276000,7.01,19.27,-3.2552630000000002
194902,27,Walking,10640932233000,14.98,17.16,2.4925237
194903,27,Walking,10640982282000,4.33,4.67,-2.9556155
194904,27,Walking,10641032270000,0.23,3.34,-2.5333846
