,user,label,timestamp,x,y,z
438721,28,Walking,1676372173000,2.41,11.41,2.2201166000000003
438722,28,Walking,1676422253000,4.79,12.6,2.9147543999999996
438723,28,Walking,1676472271000,4.63,12.6,0.95342433
438724,28,Walking,1676522228000,-3.98,16.66,-0.29964766
438725,28,Walking,1676572338000,0.0,13.33,1.3075534
438726,28,Walking,1676632244000,2.91,8.43,2.1792557
438727,28,Walking,1676682232000,0.61,4.02,0.7218784
438728,28,Walking,1676732281000,0.27,2.03,0.08172209
438729,28,Walking,1676782238000,0.04,4.29,3.8681788
438730,28,Walking,1676832287000,-0.3,7.82,9.302697
438731,28,Walking,1676882214000,-1.18,16.47,9.765789
438732,28,Walking,1676932262000,-3.53,12.98,6.170017700000001
438733,28,Walking,1676982220000,-0.65,9.3,1.9204689999999998
438734,28,Walking,1677032268000,4.06,9.72,-3.1054392
438735,28,Walking,1677082226000,0.34,8.85,1.2258313
438736,28,Walking,1677132275000,-0.65,9.15,0.61291564
438737,28,Walking,1677182232000,2.96,8.2,0.61291564
438738,28,Walking,1677232281000,1.54,8.24,1.0760075
438739,28,Walking,1677282482000,2.87,9.77,2.3699405
438740,28,Walking,1677332287000,1.73,11.18,2.5333846
438741,28,Walking,1677382214000,5.63,11.22,2.9556155
438742,28,Walking,1677432262000,4.52,12.6,2.8330324
438743,28,Walking,1677482220000,2.6,10.69,-0.08172209
438744,28,Walking,1677532299000,-4.37,16.7,1.4573771999999998
438745,28,Walking,1677582256000,-0.99,13.48,0.61291564
438746,28,Walking,1677632275000,3.91,8.08,2.8330324
438747,28,Walking,1677682232000,1.73,5.41,1.334794
438748,28,Walking,1677732281000,-0.95,3.49,0.50395286
438749,28,Walking,1677782268000,0.0,4.21,2.7240696
438750,28,Walking,1677832287000,-0.19,6.51,7.3141264999999995
438751,28,Walking,1677882244000,0.42,15.43,10.419566
438752,28,Walking,1677932262000,-2.07,12.91,8.62168
438753,28,Walking,1677982250000,-1.18,9.62,-1.6480621
438754,28,Walking,1678032330000,2.53,8.58,-2.1792557
438755,28,Walking,1678082226000,1.73,9.85,1.8796080000000002
438756,28,Walking,1678132275000,-0.27,8.12,-0.23154591
438757,28,Walking,1678182232000,1.69,8.66,0.3405087
438758,28,Walking,1678232250000,1.12,8.54,0.19068487
438759,28,Walking,1678282207000,3.3,9.51,2.4925237
438760,28,Walking,1678332287000,2.22,10.84,2.8330324
438761,28,Walking,1678382244000,6.36,10.69,3.173541
438762,28,Walking,1678432262000,4.75,12.98,2.982856
438763,28,Walking,1678482220000,2.26,13.02,-0.88532263
438764,28,Walking,1678532238000,-6.63,18.54,0.53119355
438765,28,Walking,1678582256000,1.31,12.34,1.2666923
438766,28,Walking,1678632275000,3.3,7.16,2.7649305
438767,28,Walking,1678682232000,0.5,4.4,0.50395286
438768,28,Walking,1678732281000,-0.34,1.69,0.38136974
438769,28,Walking,1678782238000,-0.23,4.29,3.8681788
438770,28,Walking,1678832287000,0.38,8.28,9.112013000000001
438771,28,Walking,1678882214000,-2.14,17.12,10.419566
438772,28,Walking,1678932262000,-1.8,15.09,5.1348709999999995
438773,28,Walking,1678982311000,0.46,5.9,1.3075534
438774,28,Walking,1679032238000,4.18,12.03,-2.3699405
438775,28,Walking,1679082256000,0.31,7.44,1.607201
438776,28,Walking,1679132275000,-0.76,9.11,0.19068487
438777,28,Walking,1679182262000,1.84,8.01,0.50395286
438778,28,Walking,1679232311000,1.31,8.39,0.3405087
438779,28,Walking,1679282238000,2.83,9.72,2.4108016
438780,28,Walking,1679332287000,2.41,11.26,2.982856
438781,28,Walking,1679382275000,5.94,11.14,3.7183550000000003
438782,28,Walking,1679432323000,6.02,13.4,2.7240696
438783,28,Walking,1679482220000,1.61,13.67,-0.6946376999999999
438784,28,Walking,1679532268000,-6.02,18.24,0.10896278
438785,28,Walking,1679582226000,1.04,11.6,0.8036005
438786,28,Walking,1679632275000,3.76,6.59,1.9885708
438787,28,Walking,1679682201000,0.61,3.68,0.040861044
438788,28,Walking,1679732281000,-0.99,1.88,0.10896278
438789,28,Walking,1679782207000,-0.38,5.71,5.666064700000001
438790,28,Walking,1679832287000,0.38,8.92,8.308413
438791,28,Walking,1679882244000,-0.3,15.55,10.079058
438792,28,Walking,1679932262000,-1.8,16.47,2.3426998
438793,28,Walking,1679982220000,0.65,3.95,1.1168685
438794,28,Walking,1680032268000,3.17,12.3,-2.070293
438795,28,Walking,1680082256000,-0.69,7.5,1.1441092
438796,28,Walking,1680132275000,1.14,8.96,-0.46309182
438797,28,Walking,1680182232000,1.18,8.12,0.5720546
438798,28,Walking,1680232281000,2.22,8.85,1.1441092
438799,28,Walking,1680282207000,4.02,10.88,3.5685309999999997
438800,28,Walking,1680332287000,3.53,10.8,3.214402
438801,28,Walking,1680382244000,6.7,11.73,3.5957718
438802,28,Walking,1680432262000,3.15,12.6,1.4982381999999999
438803,28,Walking,1680482281000,-3.83,15.24,0.08172209
438804,28,Walking,1680532268000,-2.64,15.4,0.42223078
438805,28,Walking,1680582287000,3.26,10.46,2.7921712000000003
438806,28,Walking,1680632275000,2.6,5.94,1.2666923
438807,28,Walking,1680682232000,-0.53,3.15,-0.0
438808,28,Walking,1680732281000,-0.42,2.96,1.4982381999999999
438809,28,Walking,1680782207000,0.04,7.5,7.1234417
438810,28,Walking,1680832287000,-0.84,12.53,7.8180795
438811,28,Walking,1680882214000,-1.12,11.45,10.95076
438812,28,Walking,1680932262000,-0.19,15.13,-0.95342433
438813,28,Walking,1680982220000,2.98,5.67,-1.0760075
438814,28,Walking,1681032268000,2.41,11.11,1.4165162
438815,28,Walking,1681082287000,-1.53,8.05,0.313268
438816,28,Walking,1681132275000,2.37,8.54,0.53119355
438817,28,Walking,1681182201000,0.89,8.05,0.5720546
438818,28,Walking,1681232281000,1.33,9.43,1.6889231
438819,28,Walking,1681282238000,1.46,10.69,2.7649305
438820,28,Walking,1681282238000,1.46,10.69,2.7649305
438821,28,Walking,1681352306000,7.55,11.14,3.2552630000000002
438822,28,Walking,1681402233000,4.29,12.91,3.1054392
438823,28,Walking,1681452343000,0.15,13.76,-1.4982381999999999
438824,28,Walking,1681512249000,-4.79,17.16,0.84446156
438825,28,Walking,1681562237000,2.87,9.77,2.2201166000000003
438826,28,Walking,1681612316000,3.3,5.98,1.3075534
438827,28,Walking,1681662212000,-0.38,2.91,-0.61291564
438828,28,Walking,1681712261000,-0.65,3.11,1.6889231
438829,28,Walking,1681762249000,-0.08,6.85,6.238119
438830,28,Walking,1681822369000,-0.76,13.82,9.997335000000001
438831,28,Walking,1681872326000,-1.69,11.11,8.539958
438832,28,Walking,1681922344000,-0.15,13.67,0.61291564
438833,28,Walking,1681972240000,3.26,6.7,-2.3426998
438834,28,Walking,1682022259000,1.76,11.26,1.607201
438835,28,Walking,1682072247000,-1.84,8.39,0.50395286
438836,28,Walking,1682122265000,2.07,7.97,-0.7218784
438837,28,Walking,1682172222000,1.5,8.58,-0.3405087
438838,28,Walking,1682222271000,2.56,9.23,1.9477096999999999
438839,28,Walking,1682272228000,2.68,11.14,2.9556155
438840,28,Walking,1682322277000,6.4,11.07,3.5685309999999997
438841,28,Walking,1682372234000,5.41,12.83,3.5276701
438842,28,Walking,1682422283000,4.37,13.38,-0.3405087
438843,28,Walking,1682472240000,-6.63,18.01,0.27240697
438844,28,Walking,1682522259000,1.27,12.45,1.2258313
438845,28,Walking,1682572247000,3.15,8.01,2.2609777
438846,28,Walking,1682622295000,0.57,4.33,0.88532263
438847,28,Walking,1682672253000,-0.11,1.99,0.10896278
438848,28,Walking,1682722301000,-0.19,4.37,3.5276701
438849,28,Walking,1682772259000,0.04,6.89,8.730642999999999
438850,28,Walking,1682822277000,-1.18,16.86,9.575105
438851,28,Walking,1682872234000,-4.14,17.2,6.2108784
438852,28,Walking,1682922283000,1.42,3.3,1.3756552
438853,28,Walking,1682972240000,4.71,13.59,-2.6014863999999998
438854,28,Walking,1683022259000,-0.46,6.93,1.9477096999999999
438855,28,Walking,1683072247000,-0.46,8.96,-0.27240697
438856,28,Walking,1683122265000,1.65,7.59,0.50395286
438857,28,Walking,1683172283000,1.73,9.04,1.2666923
438858,28,Walking,1683222271000,3.91,9.53,2.8738932999999998
438859,28,Walking,1683272228000,2.11,11.03,2.6423476000000004
438860,28,Walking,1683322277000,4.63,11.37,3.2961242
438861,28,Walking,1683372265000,5.71,12.68,2.7240696
438862,28,Walking,1683422283000,1.73,13.38,-0.7218784
438863,28,Walking,1683472210000,-6.17,18.66,0.313268
438864,28,Walking,1683522259000,0.69,11.73,0.7218784
438865,28,Walking,1683572277000,3.53,7.59,2.9556155
438866,28,Walking,1683622265000,0.5,4.1,0.3405087
438867,28,Walking,1683672253000,-0.69,2.11,0.23154591
438868,28,Walking,1683722271000,-0.72,4.52,4.372132
438869,28,Walking,1683772228000,0.19,8.62,8.812365
438870,28,Walking,1683822277000,-1.46,16.7,10.732834
438871,28,Walking,1683872204000,-2.91,14.86,5.012288
438872,28,Walking,1683922344000,1.54,4.9,1.607201
438873,28,Walking,1683972271000,4.21,12.03,-2.1792557
438874,28,Walking,1684022259000,-1.08,7.44,1.7570249
438875,28,Walking,1684072247000,0.53,9.04,-0.0
438876,28,Walking,1684122265000,1.99,7.82,-0.08172209
438877,28,Walking,1684172283000,1.23,9.23,1.0760075
438878,28,Walking,1684222271000,2.87,9.53,2.6423476000000004
438879,28,Walking,1684272228000,2.53,10.92,2.6832085
438880,28,Walking,1684322277000,5.13,10.73,2.8738932999999998
438881,28,Walking,1684372265000,5.48,13.21,2.6423476000000004
438882,28,Walking,1684422283000,2.49,12.68,-0.5720546
438883,28,Walking,1684472240000,-5.6,17.54,0.42223078
438884,28,Walking,1684522259000,-0.04,13.76,-0.040861044
438885,28,Walking,1684572216000,4.29,8.96,3.336985
438886,28,Walking,1684622265000,1.5,5.05,1.2666923
438887,28,Walking,1684672222000,-0.72,2.3,-0.23154591
438888,28,Walking,1684722271000,-0.46,3.91,2.7649305
438889,28,Walking,1684772198000,-0.23,6.74,7.3141264999999995
438890,28,Walking,1684822308000,-0.69,15.98,10.337844
438891,28,Walking,1684872204000,-1.23,12.18,7.927042500000001
438892,28,Walking,1684922283000,-0.15,11.56,0.08172209
438893,28,Walking,1684972240000,2.41,7.74,-2.9556155
438894,28,Walking,1685022259000,1.88,10.69,1.4573771999999998
438895,28,Walking,1685072277000,-0.08,8.31,0.23154591
438896,28,Walking,1685122265000,1.27,7.93,0.08172209
438897,28,Walking,1685172253000,0.93,8.92,0.23154591
438898,28,Walking,1685222301000,3.11,9.81,2.4108016
438899,28,Walking,1685272259000,3.02,11.18,2.7240696
438900,28,Walking,1685322277000,4.9,10.42,3.5685309999999997
438901,28,Walking,1685372234000,5.79,12.49,2.7921712000000003
438902,28,Walking,1685422283000,3.45,12.41,-1.0351465
438903,28,Walking,1685472240000,-6.05,17.69,1.1849703
438904,28,Walking,1685522259000,0.27,14.02,-0.23154591
438905,28,Walking,1685572277000,3.99,8.5,2.8330324
438906,28,Walking,1685622265000,1.23,5.43,1.2666923
438907,28,Walking,1685672253000,-0.99,2.83,0.08172209
438908,28,Walking,1685722271000,-0.42,3.68,1.8387468999999996
438909,28,Walking,1685772259000,-0.27,6.17,6.633109599999999
438910,28,Walking,1685822277000,0.57,17.05,11.536434
438911,28,Walking,1685872234000,-2.64,9.38,7.4639505999999995
438912,28,Walking,1685922283000,-1.33,13.14,1.334794
438913,28,Walking,1685972240000,2.26,5.28,-2.2609777
438914,28,Walking,1686022259000,3.15,12.41,0.53119355
438915,28,Walking,1686072216000,-1.8,7.46,0.9942854
438916,28,Walking,1686122265000,2.34,8.39,-0.53119355
438917,28,Walking,1686172253000,2.11,8.77,0.42223078
438918,28,Walking,1686222271000,3.06,9.23,1.8387468999999996
438919,28,Walking,1686272259000,2.45,10.34,2.3426998
438920,28,Walking,1686322277000,3.21,11.54,2.7649305
