,user,label,timestamp,x,y,z
440521,28,Walking,1766372265000,3.17,9.0,2.3699405
440522,28,Walking,1766422314000,2.6,4.75,1.1849703
440523,28,Walking,1766472240000,-1.08,2.56,0.7218784
440524,28,Walking,1766522259000,-0.19,2.26,2.2609777
440525,28,Walking,1766572247000,0.5,7.55,7.8861814
440526,28,Walking,1766622265000,-1.04,16.04,10.147159
440527,28,Walking,1766672253000,-2.22,5.22,7.082580999999999
440528,28,Walking,1766722271000,0.38,18.58,-0.8036005
440529,28,Walking,1766772228000,0.42,2.37,-0.7218784
440530,28,Walking,1766822308000,4.63,12.95,-0.38136974
440531,28,Walking,1766872234000,-0.84,6.93,0.7627395
440532,28,Walking,1766922314000,1.76,9.23,-0.8036005
440533,28,Walking,1766972240000,1.12,9.23,0.46309182
440534,28,Walking,1767022259000,4.18,9.3,2.7921712000000003
440535,28,Walking,1767072247000,2.3,10.46,3.336985
440536,28,Walking,1767122265000,5.63,10.99,3.9090397000000006
440537,28,Walking,1767172283000,5.18,13.4,2.5333846
440538,28,Walking,1767222271000,2.11,13.87,-0.6537767
440539,28,Walking,1767272259000,-4.44,18.92,0.10896278
440540,28,Walking,1767322277000,2.15,11.75,1.6480621
440541,28,Walking,1767372204000,3.15,6.24,0.88532263
440542,28,Walking,1767422283000,0.31,3.17,0.14982383
440543,28,Walking,1767472301000,-0.76,1.8,0.50395286
440544,28,Walking,1767522259000,0.04,6.17,5.8567495
440545,28,Walking,1767572277000,0.69,10.76,8.499097
440546,28,Walking,1767622265000,-1.18,12.98,8.689782000000001
440547,28,Walking,1767672222000,-2.49,16.04,2.3018389
440548,28,Walking,1767722271000,2.03,4.56,0.7218784
440549,28,Walking,1767772198000,2.98,11.65,-1.0760075
440550,28,Walking,1767822308000,-0.84,6.59,1.7570249
440551,28,Walking,1767872234000,2.64,8.66,0.50395286
440552,28,Walking,1767922314000,2.15,8.16,1.1441092
440553,28,Walking,1767972240000,1.38,8.81,1.2258313
440554,28,Walking,1768022259000,3.15,10.46,2.8738932999999998
440555,28,Walking,1768072247000,3.02,11.22,2.7649305
440556,28,Walking,1768122265000,5.43,11.92,3.4459480000000005
440557,28,Walking,1768172222000,3.64,13.21,2.9147543999999996
440558,28,Walking,1768222271000,0.99,12.49,-0.8036005
440559,28,Walking,1768272228000,-3.57,16.66,1.1168685
440560,28,Walking,1768322277000,1.95,10.38,2.1111538
440561,28,Walking,1768372204000,3.06,6.09,1.3756552
440562,28,Walking,1768422283000,0.15,3.99,0.53119355
440563,28,Walking,1768472210000,-0.69,2.3,1.2258313
440564,28,Walking,1768522259000,-0.19,6.55,6.0201936
440565,28,Walking,1768572277000,-0.23,15.02,9.997335000000001
440566,28,Walking,1768622295000,-1.31,7.12,7.504811999999999
440567,28,Walking,1768672253000,-0.04,17.67,0.5720546
440568,28,Walking,1768722271000,1.84,4.52,-0.0
440569,28,Walking,1768772228000,2.49,11.6,-0.14982383
440570,28,Walking,1768822308000,-1.42,7.4,0.7218784
440571,28,Walking,1768872234000,2.3,8.28,-0.08172209
440572,28,Walking,1768922314000,1.65,8.35,0.38136974
440573,28,Walking,1768972210000,2.07,9.28,2.070293
440574,28,Walking,1769022259000,2.41,11.03,2.7240696
440575,28,Walking,1769072247000,5.79,11.18,3.6366330000000002
440576,28,Walking,1769122265000,4.71,12.49,3.1054392
440577,28,Walking,1769172253000,3.79,12.64,0.50395286
440578,28,Walking,1769222271000,-3.57,15.7,-1.3756552
440579,28,Walking,1769272228000,-2.68,15.7,1.4165162
440580,28,Walking,1769272228000,-2.68,15.7,1.4165162
440581,28,Walking,1769343151000,3.83,6.74,1.9477096999999999
440582,28,Walking,1769393932000,0.76,4.14,1.0351465
440583,28,Walking,1769443676000,-0.42,1.92,0.88532263
440584,28,Walking,1769492992000,0.0,5.56,6.3198414000000005
440585,28,Walking,1769543682000,-0.99,10.76,9.193735
440586,28,Walking,1769593060000,-2.26,11.22,8.349273
440587,28,Walking,1769643719000,-1.84,17.92,-0.0
440588,28,Walking,1769692944000,4.56,3.87,-1.334794
440590,28,Walking,1769802288000,0.0,7.78,-0.10896278
440589,28,Walking,1769802288000,0.0,7.78,-0.10896278
440591,28,Walking,1769852367000,2.76,8.08,-0.08172209
440592,28,Walking,1769902264000,0.72,8.92,1.1168685
440593,28,Walking,1769952282000,3.17,9.43,2.2201166000000003
440594,28,Walking,1770002514000,3.15,11.14,3.0237172
440595,28,Walking,1770062267000,5.56,10.95,4.2495484
440596,28,Walking,1770112225000,4.33,12.68,3.3778462
440597,28,Walking,1770162273000,1.38,13.18,-1.1849703
440598,28,Walking,1770212200000,-4.67,19.04,1.7570249
440599,28,Walking,1770262279000,2.34,11.35,1.9204689999999998
440600,28,Walking,1770312206000,3.72,5.13,1.4573771999999998
440601,28,Walking,1770362286000,-0.08,3.45,0.19068487
440602,28,Walking,1770412243000,-0.89,1.5,0.6946376999999999
440603,28,Walking,1770462261000,0.04,6.17,6.2108784
440604,28,Walking,1770512249000,-0.69,14.48,9.534244000000001
440605,28,Walking,1770562298000,-1.95,11.99,8.240311
440606,28,Walking,1770612225000,-1.33,14.29,1.4982381999999999
440607,28,Walking,1770662304000,2.41,4.4,-2.3018389
440608,28,Walking,1770712200000,2.49,11.3,2.070293
440609,28,Walking,1770762279000,0.19,8.08,0.8036005
440610,28,Walking,1770812237000,2.49,8.01,1.4982381999999999
440611,28,Walking,1770862286000,1.5,7.86,0.5720546
440612,28,Walking,1770912212000,2.26,8.96,2.2201166000000003
440613,28,Walking,1770962261000,2.37,10.73,2.9556155
440614,28,Walking,1771012249000,6.66,12.11,3.4868089999999996
440615,28,Walking,1771062298000,5.33,13.67,3.990762
440616,28,Walking,1771112225000,2.91,11.92,0.27240697
440617,28,Walking,1771162304000,-5.56,16.47,0.53119355
440618,28,Walking,1771212200000,-0.5,12.68,1.0351465
440619,28,Walking,1771262310000,4.25,7.27,2.982856
440620,28,Walking,1771312206000,1.38,5.22,0.9942854
440621,28,Walking,1771362286000,-1.42,2.64,0.3405087
440622,28,Walking,1771412243000,-0.72,4.6,3.9499009
440623,28,Walking,1771462261000,0.08,8.12,7.6954966
440624,28,Walking,1771512218000,0.23,16.51,10.079058
440625,28,Walking,1771562298000,-1.08,12.76,5.434519
440626,28,Walking,1771612225000,0.76,10.23,-0.0
440627,28,Walking,1771662273000,-0.11,8.08,-2.3018389
440628,28,Walking,1771712231000,0.89,9.04,1.3075534
440629,28,Walking,1771762279000,2.49,8.08,-0.38136974
440630,28,Walking,1771812206000,2.41,8.73,0.6537767
440631,28,Walking,1771862286000,2.26,8.89,1.7297841
440632,28,Walking,1771912212000,3.26,9.66,2.7921712000000003
440633,28,Walking,1771962292000,2.96,11.07,2.4925237
440634,28,Walking,1772012249000,6.28,11.41,3.9090397000000006
440635,28,Walking,1772062298000,3.53,13.38,3.5276701
440636,28,Walking,1772112225000,1.76,10.8,-0.46309182
440637,28,Walking,1772162762000,-4.59,17.24,0.92618364
440638,28,Walking,1772212231000,2.26,11.88,2.4516625
440639,28,Walking,1772262279000,3.21,5.86,1.6889231
440640,28,Walking,1772312206000,-0.19,4.25,0.61291564
440641,28,Walking,1772362286000,-0.69,2.37,1.2258313
440642,28,Walking,1772412243000,-0.04,6.36,6.742072
440643,28,Walking,1772462261000,-0.61,10.84,8.076866
440644,28,Walking,1772512218000,-1.69,12.18,9.384419
440645,28,Walking,1772562298000,-0.72,16.7,0.7218784
440646,28,Walking,1772612255000,2.37,4.06,0.7627395
440647,28,Walking,1772662273000,3.06,12.18,-0.14982383
440648,28,Walking,1772712200000,-1.14,6.7,1.1849703
440649,28,Walking,1772762279000,3.02,8.31,0.27240697
440650,28,Walking,1772812206000,2.07,8.58,0.61291564
440651,28,Walking,1772862286000,2.3,9.3,2.5333846
440652,28,Walking,1772912243000,3.15,9.89,2.8738932999999998
440653,28,Walking,1772962292000,3.72,11.07,2.5333846
440654,28,Walking,1773012218000,4.44,12.64,3.214402
440655,28,Walking,1773062298000,3.79,13.06,1.9477096999999999
440656,28,Walking,1773112255000,-3.06,15.21,-0.61291564
440657,28,Walking,1773162304000,-1.33,14.98,2.6014863999999998
440658,28,Walking,1773212200000,2.49,8.39,1.334794
440659,28,Walking,1773262279000,1.27,4.63,1.2666923
440660,28,Walking,1773312206000,0.08,2.56,0.27240697
440661,28,Walking,1773362316000,-0.15,3.6,3.7183550000000003
440662,28,Walking,1773412212000,0.65,8.16,9.193735
440663,28,Walking,1773462261000,-2.56,16.82,9.112013000000001
440664,28,Walking,1773512249000,-3.36,13.91,5.1348709999999995
440665,28,Walking,1773562298000,0.38,8.54,1.334794
440666,28,Walking,1773612255000,4.44,9.96,-2.9147543999999996
440667,28,Walking,1773662273000,-0.38,7.31,2.2609777
440668,28,Walking,1773712231000,0.65,8.92,0.3405087
440669,28,Walking,1773762279000,2.72,7.97,0.84446156
440670,28,Walking,1773812237000,1.88,8.69,1.4982381999999999
440671,28,Walking,1773862316000,3.49,9.7,2.8738932999999998
440672,28,Walking,1773912243000,2.6,11.14,2.5606253
440673,28,Walking,1773962261000,5.9,11.6,3.9499009
440674,28,Walking,1774012249000,3.76,13.38,3.336985
440675,28,Walking,1774062298000,1.54,11.03,-0.6946376999999999
440676,28,Walking,1774112225000,-3.49,17.62,1.4573771999999998
440677,28,Walking,1774162273000,3.06,11.73,1.9204689999999998
440678,28,Walking,1774212231000,3.11,6.17,1.56634
440679,28,Walking,1774262279000,0.11,4.02,-0.08172209
440680,28,Walking,1774312206000,-1.23,2.6,0.61291564
440681,28,Walking,1774362316000,-0.91,6.66,5.7477865
440682,28,Walking,1774412212000,0.46,10.95,8.049625
440683,28,Walking,1774462292000,-0.42,11.6,8.662541000000001
440684,28,Walking,1774512218000,-0.69,14.44,2.4925237
440685,28,Walking,1774562298000,3.21,9.0,0.7218784
440686,28,Walking,1774612225000,-0.5,8.12,-0.46309182
440687,28,Walking,1774662273000,0.93,9.19,0.50395286
440688,28,Walking,1774712200000,1.8,8.28,-1.0351465
440689,28,Walking,1774762310000,1.18,9.0,0.5720546
440690,28,Walking,1774812237000,3.17,9.38,1.9204689999999998
440691,28,Walking,1774862316000,2.98,10.61,3.6774937999999993
440692,28,Walking,1774912243000,3.57,10.95,3.4459480000000005
440693,28,Walking,1774962322000,4.52,11.6,3.7183550000000003
440694,28,Walking,1775022259000,2.91,10.88,0.23154591
440695,28,Walking,1775072216000,-2.91,18.58,1.1849703
440696,28,Walking,1775122265000,1.54,14.21,-0.040861044
440697,28,Walking,1775172253000,3.95,7.55,3.0237172
440698,28,Walking,1775222301000,1.76,4.71,-0.42223078
440699,28,Walking,1775272228000,-0.76,2.45,3.9499009
440700,28,Walking,1775332317000,-1.57,5.83,3.9499009
440701,28,Walking,1775382275000,0.08,8.08,6.973617999999999
440702,28,Walking,1775432232000,2.34,14.6,10.337844
440703,28,Walking,1775482250000,0.08,18.66,3.6774937999999993
440705,28,Walking,1775532330000,0.95,1.88,-0.53119355
440704,28,Walking,1775532330000,0.95,1.88,-0.53119355
440706,28,Walking,1775593609000,2.15,12.87,-0.29964766
440707,28,Walking,1775643139000,-1.23,7.12,0.61291564
440708,28,Walking,1775693981000,2.98,8.66,-0.38136974
440709,28,Walking,1775743664000,2.07,8.69,1.1168685
440710,28,Walking,1775793011000,2.64,9.28,2.4108016
440711,28,Walking,1775843792000,2.11,10.42,2.070293
440712,28,Walking,1775893536000,2.79,11.41,2.8330324
440713,28,Walking,1775943066000,7.08,11.99,3.336985
440714,28,Walking,1775993725000,4.02,13.44,1.4165162
440715,28,Walking,1776043041000,-4.37,14.71,0.08172209
440716,28,Walking,1776093731000,-3.11,14.71,0.6946376999999999
440717,28,Walking,1776143505000,4.18,9.34,2.070293
440718,28,Walking,1776192974000,2.56,5.75,2.2201166000000003
440719,28,Walking,1776243725000,-0.76,3.02,-0.14982383
440720,28,Walking,1776293499000,-0.57,4.06,2.070293
