,user,label,timestamp,x,y,z
441121,28,Walking,1796382214000,0.93,9.11,8.962189
441122,28,Walking,1796432293000,-1.95,16.44,9.112013000000001
441123,28,Walking,1796482220000,-3.36,10.88,5.1348709999999995
441124,28,Walking,1796532238000,0.11,11.18,1.2258313
441125,28,Walking,1796582256000,2.26,8.47,-2.1792557
441126,28,Walking,1796632275000,1.54,8.54,1.5390993
441127,28,Walking,1796682201000,0.34,9.04,0.7627395
441128,28,Walking,1796732281000,2.68,8.24,1.2666923
441129,28,Walking,1796782268000,2.34,8.2,0.84446156
441130,28,Walking,1796832287000,2.18,9.53,2.6832085
441132,28,Walking,1796882305000,1.5,10.92,2.6014863999999998
441131,28,Walking,1796882305000,1.5,10.92,2.6014863999999998
441133,28,Walking,1796952312000,4.94,11.5,3.0237172
441134,28,Walking,1797002270000,4.99,13.59,3.1054392
441135,28,Walking,1797052349000,0.8,11.99,-0.42223078
441136,28,Walking,1797112255000,-2.22,15.47,1.7297841
441137,28,Walking,1797162212000,2.79,10.0,1.9885708
441138,28,Walking,1797212292000,2.83,6.7,1.4573771999999998
441139,28,Walking,1797262218000,-0.19,4.02,0.46309182
441140,28,Walking,1797312267000,-0.57,3.41,1.1849703
441141,28,Walking,1797362255000,-0.69,5.41,4.440233
441142,28,Walking,1797422375000,-0.04,12.83,9.234595
441143,28,Walking,1797472118000,-1.84,10.38,8.771504
441144,28,Walking,1797522350000,0.57,16.4,2.2201166000000003
441145,28,Walking,1797572277000,1.27,3.06,-1.3756552
441146,28,Walking,1797622265000,2.34,12.45,-0.19068487
441147,28,Walking,1797672253000,-0.99,7.44,1.4573771999999998
441148,28,Walking,1797722271000,3.41,8.58,0.50395286
441149,28,Walking,1797772259000,1.8,8.08,0.7627395
441150,28,Walking,1797822308000,1.23,9.34,1.6889231
441151,28,Walking,1797872265000,1.95,10.31,2.7649305
441152,28,Walking,1797922314000,3.49,11.07,2.4516625
441153,28,Walking,1797972210000,5.63,12.11,3.336985
441154,28,Walking,1798022289000,3.41,13.02,2.4925237
441155,28,Walking,1798072277000,-2.37,14.06,-0.19068487
441156,28,Walking,1798122265000,-3.83,15.6,1.4982381999999999
441157,28,Walking,1798172283000,3.26,8.81,1.9477096999999999
441158,28,Walking,1798222271000,2.68,6.17,2.3018389
441159,28,Walking,1798272228000,-0.95,3.64,-0.08172209
441160,28,Walking,1798322308000,-0.08,3.68,1.8796080000000002
441161,28,Walking,1798372204000,-0.11,5.28,4.903325
441162,28,Walking,1798422314000,-0.19,11.11,9.847511
441163,28,Walking,1798472271000,-3.3,14.14,8.689782000000001
441164,28,Walking,1798522289000,-2.03,15.94,3.3778462
441165,28,Walking,1798572247000,1.54,2.91,0.6537767
441166,28,Walking,1798622265000,3.99,13.63,-1.2258313
441167,28,Walking,1798672253000,-1.23,5.86,2.2201166000000003
441168,28,Walking,1798722271000,1.69,9.38,0.7218784
441169,28,Walking,1798772198000,2.07,8.24,1.2258313
441170,28,Walking,1798822308000,1.27,8.2,1.1441092
441171,28,Walking,1798872234000,2.79,9.3,1.9477096999999999
441172,28,Walking,1798922283000,1.38,11.56,2.4925237
441173,28,Walking,1798972240000,3.91,11.26,2.6423476000000004
441174,28,Walking,1799022259000,5.33,12.87,3.5276701
441175,28,Walking,1799072247000,3.68,12.15,0.313268
441176,28,Walking,1799122265000,-5.18,16.47,0.92618364
441177,28,Walking,1799172283000,-2.3,13.21,0.95342433
441178,28,Walking,1799222271000,4.4,8.05,2.4516625
441179,28,Walking,1799272259000,2.07,6.02,1.8796080000000002
441180,28,Walking,1799322277000,-1.18,3.53,-0.10896278
441181,28,Walking,1799372234000,-0.42,4.1,1.9204689999999998
441182,28,Walking,1799422314000,-1.18,5.86,5.625203599999999
441183,28,Walking,1799472210000,-0.38,15.02,10.528528999999999
441184,28,Walking,1799522259000,-5.09,12.72,7.6682559999999995
441185,28,Walking,1799572247000,-2.91,13.06,3.336985
441186,28,Walking,1799622265000,2.07,4.4,-0.6946376999999999
441187,28,Walking,1799672253000,4.48,12.91,-0.6537767
441188,28,Walking,1799722271000,-2.03,6.85,2.2609777
441189,28,Walking,1799772228000,1.65,9.66,0.38136974
441190,28,Walking,1799822277000,2.79,7.46,0.5720546
441191,28,Walking,1799872265000,2.26,8.92,1.56634
441192,28,Walking,1799922314000,2.76,9.15,2.3018389
441193,28,Walking,1799972240000,1.84,11.41,2.7921712000000003
441194,28,Walking,1800032360000,4.06,12.11,3.0645783
441195,28,Walking,1800082165000,4.1,13.29,3.2552630000000002
441196,28,Walking,1800132244000,4.86,10.61,0.23154591
441197,28,Walking,1800182262000,-4.33,15.66,0.9942854
441199,28,Walking,1800232311000,1.46,12.37,1.2258313
441198,28,Walking,1800232311000,1.46,12.37,1.2258313
441200,28,Walking,1800302319000,3.02,6.44,2.1792557
441201,28,Walking,1800362286000,-0.72,3.6,0.040861044
441202,28,Walking,1800412273000,-0.99,4.79,1.9204689999999998
441203,28,Walking,1800462292000,-1.42,6.44,5.9793324
441204,28,Walking,1800512249000,-0.38,12.87,9.534244000000001
441205,28,Walking,1800562298000,-1.65,11.07,9.466142
441206,28,Walking,1800612255000,-0.08,13.21,1.7978859
441207,28,Walking,1800662304000,2.49,7.46,0.14982383
441208,28,Walking,1800712231000,0.95,9.58,-0.14982383
441209,28,Walking,1800762310000,0.57,7.86,1.3756552
441210,28,Walking,1800812237000,1.95,8.2,-0.14982383
441211,28,Walking,1800862316000,1.8,9.08,0.8036005
441212,28,Walking,1800912243000,1.57,9.3,2.1111538
441213,28,Walking,1800962292000,2.76,9.23,2.070293
441214,28,Walking,1801012249000,1.92,11.45,2.6423476000000004
441215,28,Walking,1801062298000,4.99,11.73,3.173541
441216,28,Walking,1801112225000,4.4,13.57,3.1054392
441217,28,Walking,1801162273000,2.6,11.73,-0.10896278
441218,28,Walking,1801212200000,-4.06,16.04,0.61291564
441219,28,Walking,1801262249000,1.57,11.26,1.5390993
441220,28,Walking,1801312206000,3.38,7.12,2.152015
441221,28,Walking,1801362286000,0.11,5.22,0.95342433
441222,28,Walking,1801412212000,-0.3,3.38,0.42223078
441223,28,Walking,1801462261000,-1.04,5.67,3.2552630000000002
441224,28,Walking,1801512218000,-0.53,6.97,7.082580999999999
441225,28,Walking,1801562420000,1.18,17.54,10.310603
441226,28,Walking,1801612255000,-1.61,9.43,7.8589406
441227,28,Walking,1801662273000,-1.65,13.48,0.46309182
441228,28,Walking,1801712200000,0.19,3.21,-2.982856
441229,28,Walking,1801762310000,3.79,13.53,1.7297841
441230,28,Walking,1801812206000,0.5,7.89,1.2666923
441231,28,Walking,1801862316000,2.15,8.35,0.53119355
441232,28,Walking,1801912212000,2.72,8.35,1.5390993
441233,28,Walking,1801962292000,1.14,9.04,0.9942854
441234,28,Walking,1802012249000,0.27,10.95,2.2609777
441235,28,Walking,1802062328000,3.15,11.26,2.6832085
441236,28,Walking,1802112255000,3.95,11.65,3.4868089999999996
441237,28,Walking,1802162304000,4.33,12.95,3.0645783
441238,28,Walking,1802212231000,0.5,12.41,-0.29964766
441239,28,Walking,1802262310000,-2.98,15.98,1.2666923
441240,28,Walking,1802312237000,3.34,10.53,2.1792557
441241,28,Walking,1802362316000,2.45,6.97,2.2609777
441242,28,Walking,1802412243000,-0.04,4.67,0.38136974
441243,28,Walking,1802470379000,-0.57,3.15,0.84446156
441244,28,Walking,1802522320000,-0.19,5.63,4.140586
441245,28,Walking,1802572277000,0.84,11.3,8.853226
441246,28,Walking,1802622295000,-0.34,13.59,8.662541000000001
441247,28,Walking,1802672253000,-1.04,14.63,6.0474343
441248,28,Walking,1802722301000,0.0,6.93,1.6480621
441249,28,Walking,1802772289000,2.53,9.43,-1.6480621
441250,28,Walking,1802822308000,0.34,7.46,1.7570249
441251,28,Walking,1802872234000,0.0,9.28,0.88532263
441252,28,Walking,1802922344000,2.15,8.43,0.7627395
441253,28,Walking,1802972149000,2.87,8.66,1.4573771999999998
441254,28,Walking,1803022198000,2.3,8.39,1.6889231
441255,28,Walking,1803072460000,1.92,9.96,2.4108016
441256,28,Walking,1803122265000,2.64,11.56,1.9885708
441257,28,Walking,1803172314000,4.37,11.88,2.982856
441258,28,Walking,1803222240000,4.56,12.95,3.2552630000000002
441259,28,Walking,1803272289000,0.34,12.26,-0.14982383
441260,28,Walking,1803322247000,-3.68,16.13,1.607201
441261,28,Walking,1803372295000,2.3,10.38,1.7978859
441262,28,Walking,1803422283000,2.53,7.82,2.5333846
441263,28,Walking,1803472301000,-0.15,4.29,0.61291564
441264,28,Walking,1803522259000,-0.65,3.6,0.9942854
441265,28,Walking,1803572277000,-0.42,4.4,3.5685309999999997
441266,28,Walking,1803622265000,-0.34,7.82,8.349273
441267,28,Walking,1803672314000,0.42,17.05,9.112013000000001
441268,28,Walking,1803722240000,-2.53,12.18,6.782933
441269,28,Walking,1803772289000,-0.23,12.34,1.0760075
441270,28,Walking,1803822247000,0.95,5.41,-2.8330324
441271,28,Walking,1803872295000,3.49,10.08,1.3756552
441272,28,Walking,1803922253000,-0.61,8.28,0.92618364
441273,28,Walking,1803972301000,2.87,8.77,0.5720546
441274,28,Walking,1804022228000,2.07,8.54,1.4573771999999998
441275,28,Walking,1804072308000,2.83,8.92,2.1111538
441276,28,Walking,1804122265000,2.03,10.53,2.1111538
441277,28,Walking,1804172314000,3.06,11.37,2.5606253
441278,28,Walking,1804222271000,5.24,12.03,3.1463002999999996
441279,28,Walking,1804272289000,3.53,12.41,2.6423476000000004
441280,28,Walking,1804322247000,-1.12,12.45,-0.23154591
441281,28,Walking,1804372295000,-2.49,14.98,1.7570249
441282,28,Walking,1804422283000,2.87,10.08,2.070293
441283,28,Walking,1804472301000,2.07,6.63,1.9477096999999999
441284,28,Walking,1804522228000,-0.5,4.14,0.42223078
441285,28,Walking,1804572308000,-0.84,4.02,1.2258313
441286,28,Walking,1804622234000,-1.23,5.24,4.290409599999999
441287,28,Walking,1804672314000,-0.23,9.72,9.888372
441288,28,Walking,1804722271000,-1.14,16.17,8.662541000000001
441289,28,Walking,1804772289000,-3.6,15.4,2.8738932999999998
441290,28,Walking,1804822277000,0.04,5.05,1.5390993
441291,28,Walking,1804872295000,3.87,11.14,-1.4573771999999998
441292,28,Walking,1804922283000,0.57,6.74,2.2201166000000003
441293,28,Walking,1804972301000,0.99,8.96,1.1441092
441294,28,Walking,1805022259000,2.68,8.16,1.334794
441295,28,Walking,1805072308000,1.99,8.05,1.1849703
441296,28,Walking,1805122417000,1.88,9.11,1.6480621
441297,28,Walking,1805172314000,1.69,11.07,2.2201166000000003
441298,28,Walking,1805222271000,3.72,11.22,2.2609777
441299,28,Walking,1805272289000,5.43,13.06,3.2552630000000002
441300,28,Walking,1805322247000,4.06,13.14,1.1168685
441301,28,Walking,1805372295000,-4.14,15.47,0.3405087
441302,28,Walking,1805422253000,-1.33,12.83,1.1441092
441303,28,Walking,1805472301000,3.41,8.77,1.7297841
441304,28,Walking,1805522259000,1.33,5.6,1.4982381999999999
441305,28,Walking,1805572277000,-0.08,3.76,-0.19068487
441306,28,Walking,1805622234000,-0.5,4.86,2.2201166000000003
441307,28,Walking,1805672314000,-1.18,6.13,5.5571017
441308,28,Walking,1805722271000,-0.84,12.37,9.915613
441309,28,Walking,1805772289000,-1.18,12.26,8.771504
441310,28,Walking,1805822277000,-1.33,15.24,1.1168685
441311,28,Walking,1805872295000,1.69,5.86,-0.7218784
441312,28,Walking,1805922283000,2.15,10.61,-0.10896278
441313,28,Walking,1805972301000,0.08,7.59,1.1441092
441314,28,Walking,1806022228000,2.03,8.54,0.313268
441315,28,Walking,1806072308000,2.22,8.47,1.3756552
441316,28,Walking,1806122265000,2.07,8.47,1.334794
441317,28,Walking,1806172314000,3.06,9.89,2.982856
441318,28,Walking,1806222271000,3.11,10.92,2.8738932999999998
441319,28,Walking,1806272289000,5.41,11.84,3.1463002999999996
441320,28,Walking,1806322277000,3.21,12.95,2.8330324
