,user,label,timestamp,x,y,z
441921,28,Walking,1836372295000,1.04,11.88,-2.3699405
441922,28,Walking,1836422253000,1.69,2.72,-3.2552630000000002
441923,28,Walking,1836472271000,1.65,11.84,2.6423476000000004
441924,28,Walking,1836522198000,-0.04,9.23,-0.19068487
441925,28,Walking,1836572277000,2.6,8.66,2.3426998
441926,28,Walking,1836622234000,2.34,8.58,0.95342433
441927,28,Walking,1836672283000,3.26,8.31,1.4982381999999999
441928,28,Walking,1836722240000,1.57,9.77,2.070293
441929,28,Walking,1836772259000,2.11,11.3,1.9885708
441930,28,Walking,1836822247000,4.82,11.75,2.8738932999999998
441931,28,Walking,1836872265000,5.18,13.53,3.1463002999999996
441932,28,Walking,1836922253000,-1.18,12.72,-0.84446156
441933,28,Walking,1836972271000,-3.41,14.98,1.2258313
441934,28,Walking,1837022198000,2.49,9.92,1.4573771999999998
441935,28,Walking,1837072308000,2.68,6.63,2.1111538
441936,28,Walking,1837122204000,-0.46,4.63,0.95342433
441937,28,Walking,1837172344000,-0.8,5.13,1.7297841
441938,28,Walking,1837222210000,-0.57,5.75,3.990762
441939,28,Walking,1837272259000,0.0,8.39,7.927042500000001
441940,28,Walking,1837322216000,1.61,15.79,8.580819
441941,28,Walking,1837372295000,-1.95,10.88,7.082580999999999
441942,28,Walking,1837422253000,0.61,12.49,-2.4925237
441943,28,Walking,1837472332000,1.73,4.9,-2.6014863999999998
441944,28,Walking,1837522198000,1.57,10.57,2.2609777
441945,28,Walking,1837572338000,0.5,9.23,0.23154591
441946,28,Walking,1837622295000,2.98,8.69,1.607201
441947,28,Walking,1837672344000,2.37,8.58,1.0351465
441948,28,Walking,1837722210000,2.64,8.43,1.1849703
441949,28,Walking,1837772259000,1.27,10.34,1.8796080000000002
441950,28,Walking,1837822216000,2.76,11.07,1.9204689999999998
441951,28,Walking,1837872295000,3.95,11.26,2.4108016
441952,28,Walking,1837922283000,3.41,13.1,3.1463002999999996
441953,28,Walking,1837972332000,2.87,12.45,-0.10896278
441954,28,Walking,1838022259000,-4.29,14.75,0.95342433
441955,28,Walking,1838072704000,1.99,10.84,2.2201166000000003
441956,28,Walking,1838122234000,3.11,7.59,1.4982381999999999
441957,28,Walking,1838172283000,-0.04,5.13,0.9942854
441958,28,Walking,1838222240000,-0.91,4.52,1.3756552
441959,28,Walking,1838272259000,-1.04,5.83,4.099725
441960,28,Walking,1838322247000,0.5,6.55,6.823794400000001
441961,28,Walking,1838372326000,2.68,15.79,9.956474
441962,28,Walking,1838422283000,-2.83,12.18,6.823794400000001
441963,28,Walking,1838472271000,-0.23,13.44,-3.5276701
441964,28,Walking,1838522259000,1.95,5.05,-1.525479
441965,28,Walking,1838572277000,0.89,10.27,2.5606253
441966,28,Walking,1838622234000,2.18,7.82,-0.27240697
441967,28,Walking,1838672283000,2.41,8.69,1.3756552
441968,28,Walking,1838722210000,1.76,8.92,1.4165162
441969,28,Walking,1838772259000,3.53,8.54,1.3075534
441970,28,Walking,1838822247000,1.57,10.38,2.152015
441971,28,Walking,1838872295000,2.79,11.03,1.9477096999999999
441972,28,Walking,1838922253000,4.67,11.3,2.9147543999999996
441973,28,Walking,1838972332000,4.06,12.79,2.8738932999999998
441974,28,Walking,1839022198000,-1.53,12.37,-0.14982383
441975,28,Walking,1839072277000,-3.34,15.64,1.56634
441976,28,Walking,1839122204000,2.98,10.31,1.9885708
441977,28,Walking,1839172924000,2.37,7.55,2.1792557
441978,28,Walking,1839222210000,-1.08,5.43,0.7627395
441979,28,Walking,1839272289000,-0.8,4.6,1.8796080000000002
441980,28,Walking,1839322247000,-0.46,5.18,3.6366330000000002
441981,28,Walking,1839372265000,0.5,6.89,8.049625
441982,28,Walking,1839422283000,1.99,16.7,8.390134
441983,28,Walking,1839472271000,-2.68,9.3,6.469665
441984,28,Walking,1839522228000,-0.95,14.79,-2.1383946
441985,28,Walking,1839572277000,3.6,5.71,-2.2201166000000003
441986,28,Walking,1839622234000,1.69,9.53,2.8738932999999998
441987,28,Walking,1839672283000,0.57,8.85,-0.6537767
441988,28,Walking,1839722240000,2.34,9.0,0.88532263
441989,28,Walking,1839772259000,1.95,9.08,0.6946376999999999
441990,28,Walking,1839822216000,2.45,8.54,0.88532263
441991,28,Walking,1839872295000,1.54,10.61,2.3018389
441992,28,Walking,1839922253000,3.21,10.73,2.3426998
441993,28,Walking,1839972271000,5.28,11.18,2.9147543999999996
441994,28,Walking,1840022198000,5.01,13.33,2.4516625
441995,28,Walking,1840072277000,-0.89,12.41,-0.84446156
441996,28,Walking,1840122265000,-2.96,15.79,1.7978859
441997,28,Walking,1840172283000,3.26,10.19,1.2258313
441998,28,Walking,1840222240000,2.98,7.93,2.8738932999999998
441999,28,Walking,1840272259000,-0.95,5.18,1.0760075
442000,28,Walking,1840322460000,-1.04,3.83,1.1849703
442001,28,Walking,1840372387000,0.0,4.79,3.4050870000000004
442002,28,Walking,1840422436000,0.5,7.59,6.701211
442003,28,Walking,1840472088000,0.95,16.02,8.689782000000001
442004,28,Walking,1840522411000,-1.99,10.23,7.8180795
442005,28,Walking,1840572430000,0.31,15.28,-0.6946376999999999
442006,28,Walking,1840622906000,0.38,3.76,1.5390993
442007,28,Walking,1840672253000,2.15,11.07,0.08172209
442008,28,Walking,1840722424000,1.14,9.38,1.7297841
442009,28,Walking,1840782238000,2.6,8.66,0.50395286
442010,28,Walking,1840782238000,2.6,8.66,0.50395286
442011,28,Walking,1840843029000,2.18,8.81,0.84446156
442012,28,Walking,1840894390000,1.57,8.81,0.7218784
442013,28,Walking,1840952312000,1.46,10.27,1.56634
442014,28,Walking,1841002270000,2.53,10.88,2.1111538
442015,28,Walking,1841052319000,4.18,10.84,2.8330324
442016,28,Walking,1841102276000,4.67,12.91,2.982856
442017,28,Walking,1841152264000,2.87,12.22,-0.84446156
442018,28,Walking,1841202282000,-5.18,16.66,1.4982381999999999
442019,28,Walking,1841252361000,1.76,10.88,0.61291564
442020,28,Walking,1841312267000,2.96,8.31,2.6014863999999998
442021,28,Walking,1841362225000,-0.23,5.52,1.3075534
442022,28,Walking,1841412273000,-0.3,4.44,1.2258313
442023,28,Walking,1841462231000,-0.46,4.99,2.9556155
442024,28,Walking,1841512829000,0.72,6.44,6.3607025
442025,28,Walking,1841562115000,1.14,14.33,9.425281
442026,28,Walking,1841612225000,-2.56,11.37,7.3141264999999995
442027,28,Walking,1841662273000,-0.76,15.94,1.3075534
442028,28,Walking,1841712200000,2.18,5.67,-0.23154591
442029,28,Walking,1841762279000,1.61,8.54,-0.10896278
442030,28,Walking,1841812206000,0.93,9.89,0.53119355
442031,28,Walking,1841862286000,0.89,8.96,1.0760075
442032,28,Walking,1841912212000,2.56,8.73,0.88532263
442033,28,Walking,1841962292000,2.91,8.39,0.92618364
442034,28,Walking,1842012249000,1.73,8.73,1.2258313
442035,28,Walking,1842062298000,1.42,10.84,1.607201
442036,28,Walking,1842112255000,3.34,11.22,2.3426998
442037,28,Walking,1842162304000,4.6,12.34,2.4516625
442038,28,Walking,1842212200000,4.67,12.6,2.4108016
442039,28,Walking,1842262279000,-1.04,12.22,-0.46309182
442040,28,Walking,1842312206000,-2.18,15.24,1.607201
442041,28,Walking,1842362316000,2.18,9.58,1.3756552
442042,28,Walking,1842412212000,2.53,8.2,3.0237172
442043,28,Walking,1842462292000,-0.11,5.28,1.5390993
442044,28,Walking,1842512218000,-0.5,3.95,1.1849703
442045,28,Walking,1842562328000,-0.34,4.75,3.214402
442046,28,Walking,1842612225000,0.31,7.12,7.014479
442047,28,Walking,1842662304000,1.76,15.09,8.812365
442048,28,Walking,1842712231000,-2.49,12.91,7.3141264999999995
442049,28,Walking,1842762279000,-0.46,14.52,0.27240697
442050,28,Walking,1842812237000,2.37,4.33,-1.9885708
442051,28,Walking,1842862286000,2.68,10.04,1.4573771999999998
442052,28,Walking,1842912212000,-0.69,9.7,0.53119355
442053,28,Walking,1842962261000,2.07,9.0,1.2666923
442054,28,Walking,1843012249000,2.56,8.5,0.88532263
442055,28,Walking,1843062267000,3.11,8.47,1.4165162
442056,28,Walking,1843112255000,1.8,9.11,1.607201
442057,28,Walking,1843162304000,1.65,10.88,2.4108016
442058,28,Walking,1843212200000,3.26,11.07,2.4516625
442059,28,Walking,1843262310000,4.21,12.07,3.4459480000000005
442060,28,Walking,1843312206000,4.67,11.56,2.2201166000000003
442061,28,Walking,1843362316000,-2.87,14.82,1.1441092
442062,28,Walking,1843412243000,0.15,14.02,1.2666923
442063,28,Walking,1843462261000,3.57,9.85,2.4516625
442064,28,Walking,1843512218000,1.38,6.36,1.56634
442065,28,Walking,1843562298000,-0.23,4.33,-0.040861044
442066,28,Walking,1843612255000,-1.08,4.71,1.607201
442067,28,Walking,1843662304000,-1.31,5.56,4.903325
442068,28,Walking,1843712231000,0.34,13.14,8.539958
442069,28,Walking,1843762310000,-1.61,11.99,7.6954966
442070,28,Walking,1843812206000,1.08,16.44,3.7592160000000003
442071,28,Walking,1843862316000,2.6,5.71,-0.10896278
442072,28,Walking,1843912212000,0.0,7.97,-0.88532263
442073,28,Walking,1843962292000,2.11,9.96,0.5720546
442074,28,Walking,1844012249000,1.33,8.85,0.92618364
442075,28,Walking,1844062267000,1.31,8.58,1.0760075
442076,28,Walking,1844112255000,2.22,8.35,0.92618364
442077,28,Walking,1844162273000,1.92,8.73,1.0351465
442078,28,Walking,1844212200000,1.57,10.8,2.0294318
442079,28,Walking,1844262310000,3.45,11.14,2.5606253
442080,28,Walking,1844312237000,5.52,12.6,2.8330324
442081,28,Walking,1844362286000,4.18,12.68,2.1792557
442082,28,Walking,1844412243000,-2.14,12.64,-0.50395286
442083,28,Walking,1844462292000,-2.41,15.47,0.95342433
442084,28,Walking,1844512218000,2.68,10.12,1.4165162
442085,28,Walking,1844562298000,2.64,7.67,2.7649305
442086,28,Walking,1844612255000,-0.53,4.86,0.7627395
442087,28,Walking,1844662273000,-0.65,3.87,1.2258313
442088,28,Walking,1844712200000,-0.38,4.63,3.5276701
442089,28,Walking,1844762310000,0.95,7.55,7.2732660000000005
442090,28,Walking,1844812237000,1.5,17.01,9.193735
442091,28,Walking,1844862316000,-2.98,15.32,7.2732660000000005
442092,28,Walking,1844912243000,1.54,9.85,-0.040861044
442093,28,Walking,1844962261000,1.88,4.63,-4.2086873
442094,28,Walking,1845012218000,2.53,10.5,2.4516625
442095,28,Walking,1845062267000,-0.08,7.97,1.0351465
442096,28,Walking,1845112255000,2.98,9.08,0.313268
442097,28,Walking,1845162304000,1.46,9.04,1.4165162
442098,28,Walking,1845212200000,2.34,8.47,1.1441092
442099,28,Walking,1845262249000,2.56,9.19,1.4982381999999999
442100,28,Walking,1845312206000,2.3,10.69,1.7297841
442101,28,Walking,1845362316000,3.57,11.07,2.5333846
442102,28,Walking,1845412212000,4.82,12.91,2.7649305
442103,28,Walking,1845462261000,4.4,13.53,1.1441092
442104,28,Walking,1845512218000,-3.68,12.76,-0.14982383
442105,28,Walking,1845562267000,-1.14,13.72,0.84446156
442106,28,Walking,1845612255000,3.49,9.23,2.4925237
442107,28,Walking,1845662304000,2.45,7.16,2.6014863999999998
442108,28,Walking,1845712200000,-0.65,4.6,0.6537767
442109,28,Walking,1845762310000,-0.57,4.75,1.9885708
442110,28,Walking,1845812237000,-0.23,5.05,4.372132
442111,28,Walking,1845862316000,1.18,8.66,9.00305
442112,28,Walking,1845912212000,1.04,16.4,7.9679036
442113,28,Walking,1845962292000,-2.49,10.65,7.246025
442114,28,Walking,1846012463000,0.11,13.82,-1.9885708
442115,28,Walking,1846062298000,2.26,4.25,-3.5276701
442116,28,Walking,1846112255000,2.79,10.65,2.3699405
442117,28,Walking,1846162273000,-0.99,9.47,0.040861044
442118,28,Walking,1846212200000,2.37,8.96,0.7627395
442119,28,Walking,1846262249000,3.02,8.47,0.6537767
442120,28,Walking,1846312206000,3.06,8.16,1.1849703
