,user,label,timestamp,x,y,z
442521,28,Walking,1866352276000,1.95,11.22,1.334794
442522,28,Walking,1866402264000,5.22,11.37,2.5333846
442523,28,Walking,1866452282000,5.05,12.37,2.2609777
442524,28,Walking,1866502270000,-1.08,11.99,-0.14982383
442525,28,Walking,1866552319000,-4.25,12.72,1.334794
442526,28,Walking,1866602276000,1.38,10.38,0.53119355
442527,28,Walking,1866652264000,3.17,9.53,3.1054392
442528,28,Walking,1866702282000,1.5,8.43,3.214402
442529,28,Walking,1866752300000,-0.8,6.66,2.1111538
442530,28,Walking,1866802288000,-1.23,4.94,2.070293
442531,28,Walking,1866852306000,1.33,5.37,3.3778462
442532,28,Walking,1866902264000,1.54,8.58,6.66035
442533,28,Walking,1866952312000,1.76,14.14,8.19945
442534,28,Walking,1867002270000,-0.42,11.88,7.8180795
442535,28,Walking,1867052288000,2.07,13.91,-1.1849703
442536,28,Walking,1867102276000,-0.11,3.99,-2.5333846
442537,28,Walking,1867152294000,1.84,11.26,1.2258313
442538,28,Walking,1867202312000,1.14,9.3,-0.53119355
442539,28,Walking,1867252270000,2.11,9.38,1.2666923
442540,28,Walking,1867302288000,2.6,8.73,0.9942854
442541,28,Walking,1867352306000,3.26,8.58,1.3075534
442542,28,Walking,1867402264000,1.99,8.92,1.7570249
442543,28,Walking,1867452312000,1.38,10.46,1.3756552
442544,28,Walking,1867502270000,1.73,11.11,1.334794
442545,28,Walking,1867552319000,4.86,10.84,2.152015
442546,28,Walking,1867602306000,4.71,12.41,2.7921712000000003
442547,28,Walking,1867652294000,0.65,11.75,0.46309182
442548,28,Walking,1867702312000,-3.45,12.45,1.0760075
442549,28,Walking,1867752331000,1.69,10.61,0.6537767
442550,28,Walking,1867802288000,3.49,9.3,4.2086873
442551,28,Walking,1867852337000,1.61,7.67,3.0237172
442552,28,Walking,1867902264000,-1.27,5.9,2.8330324
442553,28,Walking,1867952312000,-1.31,4.99,2.4516625
442554,28,Walking,1868002300000,1.04,5.05,3.3778462
442555,28,Walking,1868052319000,2.34,8.35,8.049625
442556,28,Walking,1868102276000,1.31,15.21,8.662541000000001
442557,28,Walking,1868152294000,-2.49,13.8,6.633109599999999
442558,28,Walking,1868202282000,-0.69,12.87,-0.5720546
442559,28,Walking,1868252300000,2.07,3.64,-3.0237172
442560,28,Walking,1868302319000,2.96,11.92,1.5390993
442561,28,Walking,1868352306000,0.46,8.05,0.14982383
442562,28,Walking,1868402294000,2.03,9.89,0.23154591
442563,28,Walking,1868452770000,2.56,9.08,1.4573771999999998
442564,28,Walking,1868502270000,3.87,8.54,1.5390993
442565,28,Walking,1868552319000,2.6,8.81,1.7297841
442566,28,Walking,1868602276000,1.61,10.23,1.4982381999999999
442567,28,Walking,1868652294000,3.21,11.18,1.7570249
442568,28,Walking,1868722301000,4.79,12.18,2.5333846
442569,28,Walking,1868772259000,4.99,11.18,1.1849703
442570,28,Walking,1868822399000,-2.98,12.26,0.19068487
442571,28,Walking,1868882244000,0.34,12.98,0.6946376999999999
442572,28,Walking,1868932232000,3.15,9.04,2.6423476000000004
442573,28,Walking,1868982281000,1.69,8.28,2.5333846
442574,28,Walking,1869032238000,0.08,6.09,1.7570249
442575,28,Walking,1869082287000,-1.14,5.24,2.4925237
442576,28,Walking,1869132244000,0.27,4.56,2.2201166000000003
442578,28,Walking,1869182262000,1.61,7.93,6.66035
442577,28,Walking,1869182262000,1.61,7.93,6.66035
442579,28,Walking,1869282207000,-0.89,9.28,7.927042500000001
442580,28,Walking,1869332409000,3.49,16.55,0.19068487
442581,28,Walking,1869382244000,-0.5,5.01,0.19068487
442582,28,Walking,1869432262000,1.31,9.53,0.23154591
442583,28,Walking,1869482220000,2.83,8.73,0.08172209
442584,28,Walking,1869532268000,1.8,9.04,0.9942854
442585,28,Walking,1869582226000,1.57,9.11,1.4165162
442586,28,Walking,1869632305000,2.49,8.69,0.46309182
442587,28,Walking,1869682201000,1.8,9.47,1.0760075
442588,28,Walking,1869732281000,1.42,11.14,1.3075534
442589,28,Walking,1869782207000,3.72,10.8,1.7297841
442590,28,Walking,1869832317000,3.68,11.99,3.173541
442591,28,Walking,1869882214000,4.29,12.18,0.88532263
442592,28,Walking,1869932262000,-4.99,14.82,-0.0
442593,28,Walking,1869982220000,-0.23,13.25,0.313268
442594,28,Walking,1870032268000,3.76,8.62,3.6366330000000002
442595,28,Walking,1870082256000,0.99,6.44,2.2609777
442596,28,Walking,1870132305000,-0.11,4.1,1.9477096999999999
442597,28,Walking,1870182262000,-0.5,5.33,3.5685309999999997
442598,28,Walking,1870232281000,1.27,3.72,3.1463002999999996
442599,28,Walking,1870282238000,3.02,8.54,9.534244000000001
442600,28,Walking,1870332287000,3.15,16.32,8.117727
442601,28,Walking,1870382244000,-2.03,11.03,6.2789803
442602,28,Walking,1870432262000,0.5,16.44,-0.42223078
442603,28,Walking,1870482250000,0.61,1.61,-5.202973
442604,28,Walking,1870532299000,3.72,11.14,1.8796080000000002
442605,28,Walking,1870582317000,1.04,9.34,-0.7627395
442606,28,Walking,1870632305000,1.73,9.38,1.8387468999999996
442607,28,Walking,1870682232000,3.15,8.54,0.50395286
442608,28,Walking,1870732494000,2.76,8.92,0.95342433
442609,28,Walking,1870782268000,1.54,10.04,1.334794
442610,28,Walking,1870832287000,2.72,10.46,1.7297841
442611,28,Walking,1870882244000,5.67,10.57,2.2609777
442612,28,Walking,1870932323000,4.18,12.72,2.7240696
442613,28,Walking,1870982220000,0.0,13.21,-0.27240697
442614,28,Walking,1871032299000,-4.52,13.76,1.1168685
442615,28,Walking,1871082226000,2.64,10.84,0.53119355
442616,28,Walking,1871132305000,1.99,9.53,3.5685309999999997
442617,28,Walking,1871182232000,0.84,6.82,2.5606253
442618,28,Walking,1871232281000,-0.76,5.24,2.6832085
442619,28,Walking,1871282238000,-1.12,4.67,2.6014863999999998
442620,28,Walking,1871332287000,1.27,4.9,3.990762
442621,28,Walking,1871382244000,1.95,9.7,9.425281
442622,28,Walking,1871432262000,0.34,16.21,8.349273
442623,28,Walking,1871482220000,-2.11,7.63,6.66035
442624,28,Walking,1871532268000,0.5,17.47,-1.6889231
442625,28,Walking,1871582256000,1.8,2.96,-2.8738932999999998
442626,28,Walking,1871632275000,2.79,10.65,2.2201166000000003
442627,28,Walking,1871682232000,0.34,9.38,-1.2258313
442628,28,Walking,1871732281000,1.57,8.81,1.1168685
442629,28,Walking,1871782238000,3.26,8.85,0.53119355
442630,28,Walking,1871832287000,2.98,9.0,0.6946376999999999
442631,28,Walking,1871882275000,2.11,9.85,0.7218784
442632,28,Walking,1871932262000,2.6,11.35,1.4982381999999999
442633,28,Walking,1871982250000,4.63,11.14,2.3018389
442634,28,Walking,1872032268000,3.76,13.25,2.5333846
442635,28,Walking,1872082256000,2.49,11.84,-0.88532263
442636,28,Walking,1872132305000,-3.6,13.99,0.50395286
442637,28,Walking,1872182232000,1.84,11.99,0.27240697
442638,28,Walking,1872232281000,2.83,8.62,3.4050870000000004
442639,28,Walking,1872282207000,0.84,7.89,2.4516625
442640,28,Walking,1872332287000,-0.3,3.79,1.9477096999999999
442641,28,Walking,1872382214000,-0.08,4.48,3.1054392
442642,28,Walking,1872432293000,0.5,5.13,4.944186
442643,28,Walking,1872482250000,1.84,10.65,8.921327999999999
442644,28,Walking,1872532268000,0.38,13.25,7.8861814
442645,28,Walking,1872582226000,0.11,11.73,3.1463002999999996
442646,28,Walking,1872632305000,1.14,12.37,0.84446156
442647,28,Walking,1872682201000,-0.99,4.86,-3.0645783
442648,28,Walking,1872732281000,3.76,10.69,1.0351465
442649,28,Walking,1872782207000,0.23,9.34,0.3405087
442650,28,Walking,1872832287000,3.11,8.92,1.2666923
442651,28,Walking,1872882214000,3.26,8.43,0.88532263
442652,28,Walking,1872932262000,1.99,8.85,1.3075534
442653,28,Walking,1872982220000,0.89,10.53,1.8387468999999996
442654,28,Walking,1873032268000,3.53,11.11,2.152015
442655,28,Walking,1873082287000,5.86,11.88,2.7240696
442656,28,Walking,1873132275000,4.75,14.1,1.7570249
442657,28,Walking,1873182232000,-2.34,11.84,-0.46309182
442658,28,Walking,1873232281000,-1.27,12.98,-0.3405087
442659,28,Walking,1873282238000,3.45,9.53,1.4573771999999998
442660,28,Walking,1873332287000,2.37,8.66,3.336985
442661,28,Walking,1873382244000,-0.11,6.02,2.3018389
442662,28,Walking,1873432232000,-0.11,4.52,2.1792557
442663,28,Walking,1873482220000,0.15,4.33,2.4516625
442664,28,Walking,1873532268000,0.69,6.32,6.9327570000000005
442665,28,Walking,1873582226000,2.18,17.47,8.771504
442666,28,Walking,1873632275000,-2.11,8.16,7.6273947
442667,28,Walking,1873682201000,0.34,15.89,-3.7592160000000003
442668,28,Walking,1873732281000,0.99,3.06,-1.8387468999999996
442669,28,Walking,1873782238000,2.18,11.8,2.3699405
442670,28,Walking,1873832287000,1.04,8.69,-0.95342433
442671,28,Walking,1873882244000,3.72,8.89,1.9477096999999999
442672,28,Walking,1873932262000,3.64,8.39,0.88532263
442673,28,Walking,1873982220000,2.91,8.66,0.61291564
442674,28,Walking,1874032268000,1.12,10.38,1.4165162
442675,28,Walking,1874082226000,3.11,10.84,1.7570249
442676,28,Walking,1874132275000,5.37,11.07,2.6014863999999998
442677,28,Walking,1874182262000,2.83,12.95,2.8738932999999998
442678,28,Walking,1874232281000,-0.46,13.06,-0.9942854
442679,28,Walking,1874282268000,-2.91,15.36,0.50395286
442680,28,Walking,1874332287000,2.18,10.15,0.61291564
442681,28,Walking,1874382214000,1.69,8.43,2.9556155
442682,28,Walking,1874432323000,-0.61,6.47,0.50395286
442683,28,Walking,1874432323000,-0.61,6.47,0.50395286
442684,28,Walking,1874493664000,-0.46,4.6,2.3426998
442685,28,Walking,1874543133000,-0.89,5.13,4.903325
442686,28,Walking,1874593792000,0.65,6.24,8.117727
442687,28,Walking,1874643475000,1.88,16.17,8.308413
442688,28,Walking,1874693035000,-2.68,16.13,6.3607025
442689,28,Walking,1874742321000,1.76,6.44,-0.46309182
442690,28,Walking,1874792644000,1.04,6.13,-4.7126402999999994
442691,28,Walking,1874842602000,3.15,10.42,1.2666923
442692,28,Walking,1874893047000,0.65,9.23,1.1441092
442693,28,Walking,1874943737000,2.87,8.5,1.2666923
442694,28,Walking,1874993450000,2.98,8.24,1.3075534
442695,28,Walking,1875043041000,2.6,8.47,1.1441092
442696,28,Walking,1875093731000,0.57,11.11,1.7570249
442697,28,Walking,1875143505000,2.56,11.45,2.1792557
442698,28,Walking,1875212292000,7.5,12.45,3.4459480000000005
442699,28,Walking,1875262279000,4.33,12.53,-0.50395286
442700,28,Walking,1875312389000,-4.52,15.55,0.23154591
442701,28,Walking,1875362255000,-1.42,11.73,-0.0
442702,28,Walking,1875412334000,3.41,8.35,1.5390993
442703,28,Walking,1875472271000,-0.04,6.66,1.7570249
442704,28,Walking,1875522228000,-0.84,5.48,2.070293
442705,28,Walking,1875572277000,-0.61,4.67,2.9556155
442706,28,Walking,1875622265000,0.23,4.4,4.7126402999999994
442707,28,Walking,1875672283000,0.8,13.63,9.888372
442708,28,Walking,1875722271000,-2.11,13.87,7.8861814
442709,28,Walking,1875772259000,1.46,14.33,-1.6480621
442710,28,Walking,1875822247000,0.69,3.83,-0.9125633
442711,28,Walking,1875872265000,0.89,11.18,1.0351465
442712,28,Walking,1875922222000,0.8,8.89,-0.9942854
442713,28,Walking,1875972301000,2.68,9.0,1.56634
442714,28,Walking,1876022198000,2.64,8.31,1.0760075
442715,28,Walking,1876072277000,3.6,8.2,1.4165162
442716,28,Walking,1876122448000,1.95,9.89,1.9885708
442717,28,Walking,1876172283000,2.41,11.54,2.0294318
442718,28,Walking,1876222240000,5.83,11.14,3.0237172
442719,28,Walking,1876272289000,3.83,13.53,3.6366330000000002
442720,28,Walking,1876322247000,0.53,12.37,-1.1168685
