,user,label,timestamp,x,y,z
444521,28,Walking,1966362286000,-0.91,2.72,-0.10896278
444522,28,Walking,1966412243000,-0.84,5.01,3.7183550000000003
444523,28,Walking,1966462292000,-0.53,7.59,8.580819
444524,28,Walking,1966512218000,-0.19,17.86,8.049625
444525,28,Walking,1966562267000,-3.64,12.87,8.049625
444526,28,Walking,1966612225000,1.95,12.41,-3.5957718
444527,28,Walking,1966662304000,3.99,2.68,-4.862464
444528,28,Walking,1966712231000,0.76,10.84,2.8330324
444529,28,Walking,1966762249000,-0.42,9.51,-0.6537767
444530,28,Walking,1966812206000,3.76,8.2,1.7297841
444531,28,Walking,1966862316000,3.57,7.86,1.3075534
444532,28,Walking,1966912212000,2.79,8.35,2.0294318
444533,28,Walking,1966962261000,0.69,10.65,2.3018389
444534,28,Walking,1967012249000,6.05,10.53,3.0645783
444535,28,Walking,1967062267000,5.6,12.64,3.3778462
444536,28,Walking,1967112255000,3.87,12.49,0.50395286
444537,28,Walking,1967162304000,-6.66,17.5,1.2258313
444538,28,Walking,1967212200000,0.84,13.21,-0.0
444539,28,Walking,1967262279000,5.05,8.08,3.9090397000000006
444540,28,Walking,1967312237000,1.31,5.13,1.2258313
444541,28,Walking,1967362286000,-0.72,2.3,-0.53119355
444542,28,Walking,1967412243000,-0.69,3.83,2.2201166000000003
444543,28,Walking,1967462322000,-0.69,5.6,5.8567495
444544,28,Walking,1967512218000,1.14,15.98,9.507003
444545,28,Walking,1967562267000,-3.72,14.79,7.8589406
444546,28,Walking,1967612225000,0.69,14.44,-1.525479
444547,28,Walking,1967662304000,2.11,1.99,-2.6014863999999998
444548,28,Walking,1967712200000,1.95,11.54,2.152015
444549,28,Walking,1967762279000,-0.15,9.23,-0.7627395
444550,28,Walking,1967812237000,2.3,8.96,1.7297841
444551,28,Walking,1967862316000,2.98,8.16,1.1168685
444552,28,Walking,1967912243000,4.1,7.86,1.5390993
444553,28,Walking,1967962261000,2.03,9.58,2.3426998
444554,28,Walking,1968012249000,3.02,11.03,2.070293
444555,28,Walking,1968062298000,5.86,11.18,3.2961242
444556,28,Walking,1968112225000,3.83,13.21,3.214402
444557,28,Walking,1968162273000,1.99,12.03,-0.8036005
444558,28,Walking,1968212200000,-5.86,16.78,0.84446156
444559,28,Walking,1968262279000,2.96,10.57,1.56634
444560,28,Walking,1968312206000,3.49,7.31,2.4516625
444561,28,Walking,1968362316000,-0.04,4.06,0.53119355
444562,28,Walking,1968412243000,-0.04,3.21,1.1168685
444563,28,Walking,1968462322000,-0.46,5.75,4.140586
444564,28,Walking,1968522198000,-0.46,10.23,9.234595
444565,28,Walking,1968572247000,0.23,13.99,7.3958488
444566,28,Walking,1968622326000,-0.11,16.74,-1.1168685
444567,28,Walking,1968672253000,1.23,6.97,0.8036005
444568,28,Walking,1968722271000,-0.08,8.16,-1.4982381999999999
444569,28,Walking,1968782360000,2.15,9.08,-1.525479
444570,28,Walking,1968832317000,3.15,8.85,1.334794
444571,28,Walking,1968882336000,2.41,8.16,1.2258313
444572,28,Walking,1968932262000,3.72,8.28,1.7570249
444573,28,Walking,1968982281000,1.23,10.57,2.3699405
444574,28,Walking,1969032268000,4.02,10.34,2.8330324
444575,28,Walking,1969082287000,6.78,11.07,2.8330324
444576,28,Walking,1969132244000,4.14,12.98,0.6946376999999999
444577,28,Walking,1969182293000,-5.09,15.64,0.95342433
444578,28,Walking,1969232220000,-0.99,14.63,1.6889231
444579,28,Walking,1969282299000,3.99,8.69,2.070293
444580,28,Walking,1969332226000,1.14,6.02,1.7978859
444581,28,Walking,1969382275000,-0.42,3.49,0.08172209
444582,28,Walking,1969432201000,-0.65,3.79,1.607201
444583,28,Walking,1969482281000,0.11,6.21,4.9850473
444584,28,Walking,1969532207000,1.31,10.84,8.921327999999999
444585,28,Walking,1969582317000,-0.08,15.94,8.390134
444586,28,Walking,1969632214000,-0.34,16.7,0.95342433
444587,28,Walking,1969682262000,1.5,6.17,0.95342433
444588,28,Walking,1969732281000,1.8,7.25,-1.7297841
444589,28,Walking,1969782299000,2.18,9.51,0.7218784
444590,28,Walking,1969832256000,1.27,8.54,1.0760075
444591,28,Walking,1969882275000,2.79,8.2,1.2258313
444592,28,Walking,1969932232000,2.37,8.24,0.92618364
444593,28,Walking,1969982281000,1.84,9.58,1.7570249
444594,28,Walking,1970032238000,2.87,10.84,2.070293
444595,28,Walking,1970082317000,5.43,10.8,2.9556155
444596,28,Walking,1970132244000,4.44,13.91,2.8330324
444597,28,Walking,1970182262000,1.54,13.99,-1.4165162
444598,28,Walking,1970232250000,-5.6,17.92,1.0351465
444599,28,Walking,1970282268000,3.49,10.15,0.88532263
444600,28,Walking,1970332256000,3.49,6.21,2.0294318
444601,28,Walking,1970382275000,-0.23,3.26,-0.61291564
444602,28,Walking,1970432262000,-1.5,3.91,1.3075534
444603,28,Walking,1970482281000,-1.14,5.98,4.3312707
444604,28,Walking,1970532207000,0.31,7.5,8.471855999999999
444605,28,Walking,1970582287000,1.95,17.62,8.539958
444606,28,Walking,1970632244000,-3.95,14.98,5.8976107
444607,28,Walking,1970682262000,0.93,9.53,-1.3075534
444608,28,Walking,1970732250000,3.95,4.37,-3.4868089999999996
444609,28,Walking,1970782299000,2.3,9.85,3.8273177000000005
444610,28,Walking,1970832256000,0.76,7.5,-1.1441092
444611,28,Walking,1970882305000,2.79,9.11,1.4982381999999999
444612,28,Walking,1970932201000,1.57,8.77,1.0760075
444613,28,Walking,1970982281000,2.83,9.11,1.4982381999999999
444614,28,Walking,1971032238000,1.92,11.11,2.2609777
444615,28,Walking,1971082317000,5.94,11.07,3.4459480000000005
444616,28,Walking,1971132244000,4.86,13.1,3.6774937999999993
444617,28,Walking,1971182262000,3.21,11.6,-0.5720546
444618,28,Walking,1971232220000,-4.18,18.24,1.1849703
444619,28,Walking,1971282268000,3.17,11.73,1.1168685
444620,28,Walking,1971332226000,2.79,7.5,2.4925237
444621,28,Walking,1971382275000,0.19,4.21,0.46309182
444622,28,Walking,1971432201000,-0.08,2.68,0.08172209
444623,28,Walking,1971482281000,-0.69,4.82,3.214402
444624,28,Walking,1971532238000,-1.04,7.55,7.8861814
444625,28,Walking,1971582317000,0.34,17.86,8.349273
444626,28,Walking,1971632244000,-2.18,11.5,8.008764
444627,28,Walking,1971682262000,2.11,10.19,-4.018002500000001
444628,28,Walking,1971732281000,3.41,2.22,-4.5219555
444629,28,Walking,1971782299000,1.18,11.84,3.6366330000000002
444630,28,Walking,1971832287000,0.08,8.5,-0.50395286
444631,28,Walking,1971882275000,3.41,7.97,1.9477096999999999
444632,28,Walking,1971932232000,2.53,8.31,1.6480621
444633,28,Walking,1971982281000,1.92,9.04,1.8796080000000002
444634,28,Walking,1972032207000,2.49,10.99,2.8330324
444635,28,Walking,1972082287000,6.97,11.6,4.3312707
444636,28,Walking,1972132214000,3.53,13.38,3.5685309999999997
444637,28,Walking,1972182262000,1.92,11.11,-1.1168685
444638,28,Walking,1972232220000,-3.41,18.28,2.070293
444639,28,Walking,1972282299000,4.52,10.95,1.9477096999999999
444640,28,Walking,1972332256000,2.49,6.89,1.8387468999999996
444641,28,Walking,1972382275000,-0.53,3.99,0.27240697
444642,28,Walking,1972432232000,0.27,3.26,0.7627395
444643,28,Walking,1972482281000,-0.61,4.75,2.5333846
444644,28,Walking,1972532207000,-1.57,9.23,6.633109599999999
444645,28,Walking,1972582317000,0.5,16.02,8.921327999999999
444646,28,Walking,1972632214000,-0.3,9.3,9.956474
444647,28,Walking,1972682262000,2.56,8.28,-4.7535014
444648,28,Walking,1972732220000,1.33,4.52,-3.9499009
444649,28,Walking,1972782299000,0.76,11.03,3.8681788
444650,28,Walking,1972832256000,1.61,8.16,-0.5720546
444651,28,Walking,1972882275000,2.41,8.43,1.6480621
444652,28,Walking,1972932232000,1.38,8.35,1.1441092
444653,28,Walking,1972982281000,2.22,9.15,1.6889231
444654,28,Walking,1973032238000,1.42,11.14,2.2609777
444655,28,Walking,1973082287000,5.9,11.35,3.1054392
444656,28,Walking,1973132275000,3.87,12.22,3.8681788
444657,28,Walking,1973182262000,2.37,12.03,-0.42223078
444658,28,Walking,1973232250000,-5.24,18.92,2.3018389
444659,28,Walking,1973282268000,1.92,10.76,0.8036005
444660,28,Walking,1973332256000,3.79,6.7,3.214402
444661,28,Walking,1973382275000,0.15,4.21,-0.50395286
444662,28,Walking,1973432201000,-0.42,3.3,0.6946376999999999
444663,28,Walking,1973482281000,-0.84,5.83,4.440233
444664,28,Walking,1973532207000,-0.61,7.63,6.9327570000000005
444665,28,Walking,1973582287000,0.27,16.32,9.234595
444666,28,Walking,1973632244000,-2.56,12.03,8.19945
444667,28,Walking,1973682262000,3.45,11.22,-5.09401
444668,28,Walking,1973732220000,1.08,3.15,-4.140586
444669,28,Walking,1973782299000,1.46,10.73,1.7978859
444670,28,Walking,1973832348000,0.27,9.81,-1.0760075
444671,28,Walking,1973882275000,2.56,9.08,1.4165162
444672,28,Walking,1973932201000,4.21,7.67,1.7297841
444673,28,Walking,1973982342000,3.99,8.2,2.8330324
444674,28,Walking,1973982342000,3.99,8.2,2.8330324
444675,28,Walking,1974043835000,1.88,9.89,1.9885708
444676,28,Walking,1974093578000,5.01,10.5,2.5333846
444677,28,Walking,1974142986000,4.25,12.91,2.982856
444678,28,Walking,1974193768000,3.91,13.67,0.38136974
444679,28,Walking,1974243053000,-5.28,15.02,0.6946376999999999
444680,28,Walking,1974293774000,0.23,13.33,1.2666923
444681,28,Walking,1974343426000,4.71,8.05,3.0237172
444682,28,Walking,1974392162000,1.42,5.56,1.7978859
444683,28,Walking,1974442516000,-1.23,3.57,0.313268
444684,28,Walking,1974492382000,-0.57,5.33,2.9556155
444685,28,Walking,1974543774000,-0.65,5.33,5.407278
444686,28,Walking,1974593517000,0.27,10.5,9.575105
444687,28,Walking,1974643017000,-0.34,12.68,7.205164
444688,28,Walking,1974693706000,-1.27,15.4,4.862464
444689,28,Walking,1974743023000,2.87,9.3,-0.7627395
444690,28,Walking,1974793774000,-0.15,4.86,-2.5333846
444691,28,Walking,1974842998000,3.3,10.65,-0.9942854
444692,28,Walking,1974893810000,1.99,9.28,1.1849703
444693,28,Walking,1974943523000,2.6,7.89,1.7570249
444694,28,Walking,1974993023000,3.91,8.31,1.4165162
444695,28,Walking,1975043774000,1.73,9.08,2.3426998
444696,28,Walking,1975093487000,2.6,9.81,2.3426998
444697,28,Walking,1975143078000,4.75,10.84,2.7240696
444698,28,Walking,1975194744000,3.21,13.72,3.0237172
444699,28,Walking,1975252331000,2.91,13.57,-0.7627395
444700,28,Walking,1975302257000,-4.48,17.31,1.3756552
444701,28,Walking,1975352306000,4.56,10.12,2.6014863999999998
444702,28,Walking,1975402264000,2.91,6.74,1.607201
444703,28,Walking,1975452282000,-0.76,3.53,-0.27240697
444704,28,Walking,1975502270000,-0.57,3.76,1.3756552
444705,28,Walking,1975552288000,-0.53,5.05,3.9499009
444706,28,Walking,1975602276000,-0.19,7.82,7.6954966
444707,28,Walking,1975652294000,1.76,15.05,8.962189
444708,28,Walking,1975702282000,-3.3,12.79,7.504811999999999
444709,28,Walking,1975752270000,0.15,14.52,-2.2609777
444710,28,Walking,1975802288000,1.23,3.79,-1.3756552
444711,28,Walking,1975852276000,1.76,11.22,2.152015
444712,28,Walking,1975902264000,1.04,7.93,-0.9125633
444713,28,Walking,1975952282000,2.79,9.11,1.1441092
444714,28,Walking,1976002270000,3.41,8.81,1.4982381999999999
444715,28,Walking,1976052288000,4.29,7.97,2.152015
444716,28,Walking,1976102245000,2.6,9.04,2.152015
444717,28,Walking,1976152264000,2.96,10.27,1.4982381999999999
444718,28,Walking,1976202282000,3.72,11.65,3.0645783
444719,28,Walking,1976252361000,4.52,13.29,4.5219555
444720,28,Walking,1976302288000,5.37,11.22,0.10896278
