,user,label,timestamp,x,y,z
448321,28,Walking,2156372143000,2.6,9.11,1.8387468999999996
448322,28,Walking,2156422222000,1.76,10.92,2.1111538
448323,28,Walking,2156472393000,6.44,11.11,3.3778462
448324,28,Walking,2156522228000,4.1,13.1,3.4868089999999996
448325,28,Walking,2156572277000,2.96,11.8,-0.42223078
448326,28,Walking,2156622234000,-4.9,15.64,0.23154591
448327,28,Walking,2156672283000,0.8,13.25,1.6889231
448328,28,Walking,2156722271000,3.11,8.31,2.6014863999999998
448329,28,Walking,2156772259000,1.18,4.82,0.53119355
448330,28,Walking,2156822277000,-0.89,2.3,0.08172209
448331,28,Walking,2156872265000,-0.19,4.75,3.5957718
448332,28,Walking,2156922283000,-0.89,8.08,7.8589406
448333,28,Walking,2156972271000,0.61,17.12,8.689782000000001
448334,28,Walking,2157022503000,-3.21,15.47,6.66035
448335,28,Walking,2157072308000,1.38,7.78,-2.7513103
448336,28,Walking,2157122265000,3.38,3.11,-3.4459480000000005
448337,28,Walking,2157172314000,2.45,10.84,2.2609777
448338,28,Walking,2157222240000,-0.04,9.19,-0.29964766
448339,28,Walking,2157272259000,2.76,8.5,2.5333846
448340,28,Walking,2157322247000,2.79,7.82,0.46309182
448341,28,Walking,2157372265000,2.83,8.85,1.6480621
448342,28,Walking,2157422253000,1.23,10.8,2.152015
448343,28,Walking,2157472271000,5.9,11.11,3.4868089999999996
448344,28,Walking,2157522228000,5.05,12.68,3.4459480000000005
448345,28,Walking,2157572308000,2.76,12.18,-0.3405087
448346,28,Walking,2157622234000,-5.2,16.63,-0.0
448347,28,Walking,2157672283000,0.42,13.63,1.0760075
448348,28,Walking,2157722271000,3.15,8.31,2.9556155
448349,28,Walking,2157772259000,0.72,4.75,0.88532263
448350,28,Walking,2157822247000,-0.61,3.26,0.08172209
448351,28,Walking,2157872265000,-0.8,3.83,2.3426998
448352,28,Walking,2157922253000,-0.27,7.27,6.9327570000000005
448353,28,Walking,2157972271000,-1.46,17.01,9.343558
448354,28,Walking,2158022198000,-2.22,14.25,7.014479
448355,28,Walking,2158072277000,0.23,12.64,-2.2201166000000003
448356,28,Walking,2158122265000,2.76,3.57,-1.2666923
448357,28,Walking,2158172283000,2.45,10.46,2.3426998
448358,28,Walking,2158222271000,1.04,8.05,0.46309182
448359,28,Walking,2158272259000,1.95,8.47,0.9942854
448360,28,Walking,2158322277000,2.37,8.81,0.95342433
448361,28,Walking,2158372295000,3.34,8.31,1.4165162
448362,28,Walking,2158422314000,1.92,10.8,2.6014863999999998
448363,28,Walking,2158472271000,3.17,11.41,2.6014863999999998
448364,28,Walking,2158522259000,6.32,11.8,3.2552630000000002
448365,28,Walking,2158572613000,4.18,13.38,2.6423476000000004
448366,28,Walking,2158622234000,-0.99,11.45,-2.070293
448367,28,Walking,2158672283000,-2.64,15.6,2.7649305
448368,28,Walking,2158722240000,2.68,10.31,0.9942854
448369,28,Walking,2158772259000,2.68,5.67,1.8796080000000002
448370,28,Walking,2158822247000,-0.84,4.1,0.7218784
448371,28,Walking,2158872295000,-0.89,3.3,1.56634
448372,28,Walking,2158922283000,0.08,6.13,5.9793324
448373,28,Walking,2158972271000,0.27,13.87,9.234595
448374,28,Walking,2159022228000,-1.04,11.35,7.586533500000001
448375,28,Walking,2159072308000,-0.34,16.21,3.4459480000000005
448376,28,Walking,2159122234000,0.31,5.79,1.1849703
448377,28,Walking,2159172283000,1.23,6.21,-3.5685309999999997
448378,28,Walking,2159222271000,2.98,10.88,0.9942854
448379,28,Walking,2159272259000,0.5,8.01,1.2258313
448380,28,Walking,2159322247000,3.3,8.54,0.9942854
448381,28,Walking,2159372295000,2.79,8.31,0.92618364
448382,28,Walking,2159422222000,1.69,9.66,1.6480621
448383,28,Walking,2159472271000,1.27,11.37,2.4108016
448384,28,Walking,2159522198000,5.67,11.37,3.9090397000000006
448385,28,Walking,2159572369000,5.52,13.53,3.1463002999999996
448386,28,Walking,2159622204000,2.98,11.69,-0.19068487
448387,28,Walking,2159672314000,-4.48,15.4,0.53119355
448388,28,Walking,2159722240000,0.31,12.72,1.6889231
448389,28,Walking,2159772259000,2.91,7.46,1.6889231
448390,28,Walking,2159822277000,1.12,5.43,1.8796080000000002
448391,28,Walking,2159872326000,-0.5,3.15,0.92618364
448392,28,Walking,2159922253000,-0.23,4.25,3.4050870000000004
448393,28,Walking,2159972271000,-0.15,7.21,6.973617999999999
448394,28,Walking,2160022198000,0.31,16.63,9.00305
448395,28,Walking,2160072277000,-2.3,9.77,7.6954966
448396,28,Walking,2160122234000,0.84,16.17,-3.1054392
448397,28,Walking,2160172283000,1.92,4.4,0.27240697
448398,28,Walking,2160222240000,1.73,9.66,2.152015
448399,28,Walking,2160272259000,1.8,8.66,-1.0351465
448400,28,Walking,2160322247000,1.33,8.92,1.6889231
448401,28,Walking,2160372265000,2.03,8.69,0.95342433
448402,28,Walking,2160422283000,2.83,8.24,1.3756552
448403,28,Walking,2160472301000,1.14,10.08,2.3426998
448404,28,Walking,2160522228000,2.3,11.65,2.3018389
448405,28,Walking,2160572308000,6.47,11.75,3.2552630000000002
448406,28,Walking,2160622204000,5.52,13.76,2.7240696
448407,28,Walking,2160672283000,-2.11,12.64,-0.84446156
448408,28,Walking,2160722210000,-2.91,14.56,0.8036005
448409,28,Walking,2160772289000,3.49,10.57,1.8796080000000002
448410,28,Walking,2160822216000,3.02,6.89,2.5606253
448411,28,Walking,2160872265000,-0.42,4.52,0.8036005
448412,28,Walking,2160922222000,-1.46,3.64,1.0351465
448413,28,Walking,2160972271000,-0.8,5.28,3.173541
448414,28,Walking,2161022259000,-0.5,8.92,8.281172
448415,28,Walking,2161072277000,0.72,16.13,8.894086999999999
448416,28,Walking,2161122265000,-1.23,10.15,7.014479
448417,28,Walking,2161172314000,0.46,14.52,-3.2961242
448418,28,Walking,2161222240000,1.76,1.73,-1.56634
448419,28,Walking,2161272259000,2.68,11.69,2.6423476000000004
448420,28,Walking,2161322247000,1.23,7.93,-0.8036005
448421,28,Walking,2161372265000,2.3,8.85,2.1792557
448422,28,Walking,2161422344000,1.5,8.47,0.6537767
448423,28,Walking,2161472393000,2.68,9.15,1.2258313
448424,28,Walking,2161522259000,0.57,11.45,2.3426998
448425,28,Walking,2161572338000,4.48,11.54,3.2961242
448426,28,Walking,2161632244000,5.63,13.06,3.3778462
448427,28,Walking,2161682232000,2.37,12.11,-0.42223078
448428,28,Walking,2161732311000,-4.79,16.66,0.313268
448429,28,Walking,2161782238000,0.69,12.11,1.0760075
448430,28,Walking,2161832256000,3.91,7.27,2.6423476000000004
448431,28,Walking,2161882336000,0.65,5.63,1.1168685
448432,28,Walking,2161932262000,-1.53,2.91,0.313268
448433,28,Walking,2161982372000,-0.19,4.18,3.1463002999999996
448434,28,Walking,2162032238000,-0.04,7.7,7.8589406
448436,28,Walking,2162082348000,0.89,16.04,8.771504
448435,28,Walking,2162082348000,0.89,16.04,8.771504
448437,28,Walking,2162143108000,-2.26,12.07,7.7363577
448438,28,Walking,2162193890000,0.89,9.72,-5.1348709999999995
448439,28,Walking,2162243725000,1.42,1.33,-3.6366330000000002
448440,28,Walking,2162293011000,3.11,13.21,2.1792557
448441,28,Walking,2162343731000,0.38,8.77,0.040861044
448442,28,Walking,2162393017000,3.87,8.43,2.4925237
448443,28,Walking,2162443737000,2.72,8.01,1.3075534
448444,28,Walking,2162492992000,2.83,8.24,2.152015
448445,28,Walking,2162543743000,0.42,11.03,1.9477096999999999
448446,28,Walking,2162593517000,3.79,11.3,2.9556155
448447,28,Walking,2162643108000,4.94,11.45,3.8273177000000005
448448,28,Walking,2162693798000,3.87,11.22,1.9885708
448449,28,Walking,2162743511000,-1.38,13.33,-1.1168685
448450,28,Walking,2162793011000,-3.06,16.59,2.7649305
448451,28,Walking,2162843792000,1.84,10.23,1.7297841
448452,28,Walking,2162893505000,2.6,6.28,1.6480621
448453,28,Walking,2162943035000,0.0,3.57,0.19068487
448454,28,Walking,2162993572000,-1.04,3.45,1.6480621
448455,28,Walking,2163043072000,-0.3,6.85,5.47538
448456,28,Walking,2163093670000,-0.08,12.76,10.732834
448457,28,Walking,2163143078000,-0.11,11.96,6.633109599999999
448458,28,Walking,2163193768000,-2.26,16.59,3.214402
448459,28,Walking,2163243481000,1.08,6.63,0.84446156
448460,28,Walking,2163293041000,2.18,6.93,-3.2961242
448461,28,Walking,2163343731000,3.34,9.43,1.1441092
448462,28,Walking,2163393414000,-0.04,8.89,1.1168685
448463,28,Walking,2163443066000,3.06,8.81,1.7570249
448464,28,Walking,2163493725000,3.17,8.01,1.4982381999999999
448465,28,Walking,2163543041000,2.37,9.53,2.3426998
448466,28,Walking,2163593700000,1.69,11.37,2.070293
448467,28,Walking,2163643047000,6.28,11.56,3.7864565999999997
448468,28,Walking,2163693706000,4.75,12.83,3.2961242
448469,28,Walking,2163743053000,1.88,11.14,-0.84446156
448470,28,Walking,2163793713000,-4.59,16.89,1.2666923
448471,28,Walking,2163843029000,1.76,12.37,1.56634
448472,28,Walking,2163893719000,3.3,6.47,1.9885708
448473,28,Walking,2163943035000,0.31,4.56,0.8036005
448474,28,Walking,2163993664000,-1.5,2.6,0.61291564
448475,28,Walking,2164043102000,-0.3,5.13,3.7864565999999997
448476,28,Walking,2164093914000,-0.46,9.7,9.152874
448477,28,Walking,2164143505000,-0.91,17.43,7.7363577
448478,28,Walking,2164193005000,-2.79,14.82,6.633109599999999
448479,28,Walking,2164243786000,2.3,9.47,-1.3756552
448480,28,Walking,2164293468000,3.3,4.21,-2.5333846
448481,28,Walking,2164344158000,1.88,9.92,3.173541
448482,28,Walking,2164393780000,0.46,7.93,-1.4982381999999999
448483,28,Walking,2164443523000,0.93,10.42,1.6480621
448484,28,Walking,2164493053000,2.56,8.24,2.152015
448485,28,Walking,2164543713000,3.64,8.05,1.4165162
448486,28,Walking,2164592998000,0.72,10.15,2.3699405
448487,28,Walking,2164643658000,2.87,11.41,2.1111538
448488,28,Walking,2164693035000,5.63,11.84,3.173541
448489,28,Walking,2164743694000,5.79,13.1,2.2609777
448490,28,Walking,2164793072000,-1.5,11.35,-0.7627395
448491,28,Walking,2164843731000,-3.26,15.66,1.8387468999999996
448492,28,Walking,2164893047000,2.87,10.99,0.7218784
448493,28,Walking,2164943706000,3.72,7.86,3.7592160000000003
448494,28,Walking,2164993053000,-0.19,5.6,0.84446156
448495,28,Walking,2165043713000,-1.84,3.41,1.0351465
448496,28,Walking,2165093029000,-0.84,5.24,2.3018389
448497,28,Walking,2165143749000,-0.19,6.7,6.2789803
448498,28,Walking,2165193096000,2.72,16.4,9.847511
448499,28,Walking,2165243877000,-2.07,8.28,8.240311
448500,28,Walking,2165302319000,2.6,16.28,-3.5685309999999997
448501,28,Walking,2165352612000,0.38,1.73,-2.1111538
448502,28,Walking,2165402294000,2.03,13.06,2.0294318
448503,28,Walking,2165452282000,1.61,8.81,-0.50395286
448504,28,Walking,2165502300000,2.87,8.47,2.0294318
448505,28,Walking,2165552288000,1.54,8.43,1.334794
448506,28,Walking,2165602276000,1.99,8.73,1.3756552
448507,28,Walking,2165652264000,0.99,11.03,2.6014863999999998
448508,28,Walking,2165702282000,2.96,10.61,2.6832085
448509,28,Walking,2165752270000,5.79,11.11,3.173541
448510,28,Walking,2165802288000,4.6,12.64,2.1111538
448511,28,Walking,2165852276000,-1.61,13.1,-0.7627395
448512,28,Walking,2165902264000,-1.95,15.43,0.8036005
448513,28,Walking,2165952282000,3.49,10.61,2.1792557
448514,28,Walking,2166002300000,2.07,6.78,1.7570249
448515,28,Walking,2166052288000,0.23,3.87,-0.14982383
448516,28,Walking,2166102306000,-0.91,4.79,1.7297841
448517,28,Walking,2166152264000,-0.23,5.71,3.8681788
448518,28,Walking,2166202282000,0.61,8.81,6.9327570000000005
448519,28,Walking,2166252270000,0.76,14.56,8.117727
448520,28,Walking,2166302288000,-1.46,18.89,6.469665
