,user,label,timestamp,x,y,z
67058,29,Walking,7162442302000,3.99,10.31,-0.38136974
67059,29,Walking,7162492198000,3.87,5.83,-3.5276701
67060,29,Walking,7162542308000,1.14,4.52,-3.0237172
67061,29,Walking,7162592204000,-2.68,4.82,-3.1463002999999996
67062,29,Walking,7162642284000,0.23,4.02,-3.8681788
67063,29,Walking,7162692241000,17.24,10.08,10.760075
67064,29,Walking,7162742290000,8.05,5.43,1.1168685
67065,29,Walking,7162792277000,3.83,8.69,-6.238119
67066,29,Walking,7162842296000,13.82,17.08,3.9090397000000006
67067,29,Walking,7162892253000,-4.52,8.24,-1.6480621
67068,29,Walking,7162942302000,1.92,12.87,-4.7535014
67069,29,Walking,7162992259000,4.79,8.62,-5.5571017
67070,29,Walking,7163042277000,6.51,8.35,-1.525479
67071,29,Walking,7163092235000,4.29,8.16,-1.1849703
67072,29,Walking,7163142314000,3.21,7.82,-1.6480621
67073,29,Walking,7163192271000,4.1,5.83,-0.5720546
67074,29,Walking,7163242320000,7.46,8.05,-1.9885708
67075,29,Walking,7163292216000,9.81,8.81,-0.53119355
67076,29,Walking,7163342296000,9.72,9.47,2.9556155
67077,29,Walking,7163392222000,7.78,11.45,0.42223078
67078,29,Walking,7163442332000,7.12,17.69,-3.7183550000000003
67079,29,Walking,7163492259000,4.29,17.24,0.42223078
67080,29,Walking,7163542308000,3.34,8.39,-2.0294318
67081,29,Walking,7163592235000,1.61,4.71,-3.1054392
67082,29,Walking,7163642314000,-0.89,4.14,-3.173541
67083,29,Walking,7163692576000,-1.88,4.56,-3.4050870000000004
67084,29,Walking,7163742290000,7.4,3.34,-1.9477096999999999
67085,29,Walking,7163792247000,14.63,12.87,9.575105
67086,29,Walking,7163842265000,5.79,4.1,1.8387468999999996
67087,29,Walking,7163892222000,1.8,13.82,-0.61291564
67088,29,Walking,7163942332000,8.89,14.21,-3.2961242
67089,29,Walking,7163992229000,-1.04,6.59,-2.8738932999999998
67090,29,Walking,7164042277000,4.18,11.96,-5.202973
67091,29,Walking,7164092265000,4.9,7.86,-4.9850473
67092,29,Walking,7164142314000,5.22,8.16,-2.070293
67093,29,Walking,7164192271000,4.67,7.67,-1.4573771999999998
67094,29,Walking,7164242290000,4.82,7.06,-0.42223078
67095,29,Walking,7164292277000,5.43,7.35,-0.38136974
67096,29,Walking,7164342265000,8.5,8.96,-1.8796080000000002
67097,29,Walking,7164392253000,8.43,9.96,2.5333846
67098,29,Walking,7164442302000,8.89,9.38,1.5390993
67099,29,Walking,7164492198000,7.16,13.4,-1.4573771999999998
67100,29,Walking,7164542277000,6.66,19.42,-4.944186
67101,29,Walking,7164592204000,2.41,12.37,1.0760075
67102,29,Walking,7164642314000,2.26,7.01,-2.4925237
67103,29,Walking,7164692210000,0.99,3.87,-3.6366330000000002
67104,29,Walking,7164742290000,-0.95,4.67,-3.1463002999999996
67105,29,Walking,7164792216000,1.69,3.64,-5.175732
67106,29,Walking,7164842296000,16.78,10.38,12.367275999999999
67107,29,Walking,7164892222000,4.37,6.4,2.5333846
67108,29,Walking,7164942271000,1.14,8.16,-4.440233
67109,29,Walking,7164992198000,12.26,14.33,-0.88532263
67110,29,Walking,7165042277000,0.57,8.28,-1.0760075
67111,29,Walking,7165092235000,4.44,11.84,-5.012288
67112,29,Walking,7165142345000,3.99,8.43,-4.2086873
67113,29,Walking,7165192332000,3.79,8.31,-1.334794
67114,29,Walking,7165242320000,3.53,8.58,-2.1111538
67115,29,Walking,7165292247000,3.38,6.82,-2.5606253
67116,29,Walking,7165342296000,2.87,7.59,0.46309182
67117,29,Walking,7165392253000,6.28,8.62,-0.9942854
67118,29,Walking,7165442271000,10.31,7.93,-1.8796080000000002
67119,29,Walking,7165492229000,10.5,9.66,5.706926
67120,29,Walking,7165542308000,9.58,9.89,-0.14982383
67121,29,Walking,7165592265000,9.81,15.85,-4.4810944
67122,29,Walking,7165642284000,4.25,19.34,-0.84446156
67123,29,Walking,7165692210000,0.89,11.26,-1.7570249
67124,29,Walking,7165742259000,1.95,3.95,-3.336985
67125,29,Walking,7165792216000,0.04,5.24,-3.8273177000000005
67126,29,Walking,7165842296000,-2.45,4.56,-3.2552630000000002
67127,29,Walking,7165892253000,4.99,3.11,-1.7297841
67128,29,Walking,7165942332000,15.05,10.15,10.800936
67130,29,Walking,7165992625000,7.89,4.75,3.4050870000000004
67129,29,Walking,7165992625000,7.89,4.75,3.4050870000000004
67131,29,Walking,7166092235000,10.34,18.85,-0.10896278
67133,29,Walking,7166142345000,-1.18,7.82,-2.8738932999999998
67132,29,Walking,7166142345000,-1.18,7.82,-2.8738932999999998
67135,29,Walking,7166252208000,7.21,8.05,-5.434519
67134,29,Walking,7166252208000,7.21,8.05,-5.434519
67137,29,Walking,7166352244000,2.91,5.86,0.61291564
67136,29,Walking,7166352244000,2.91,5.86,0.61291564
67138,29,Walking,7166402263000,3.68,6.09,-1.4573771999999998
67139,29,Walking,7166502208000,6.85,10.23,-1.0351465
67140,29,Walking,7166502208000,6.85,10.23,-1.0351465
67142,29,Walking,7166602244000,9.38,9.81,-0.84446156
67141,29,Walking,7166602244000,9.38,9.81,-0.84446156
67144,29,Walking,7166702220000,5.86,18.54,-4.671779
67143,29,Walking,7166702220000,5.86,18.54,-4.671779
67146,29,Walking,7166802287000,3.15,5.52,-2.9556155
67145,29,Walking,7166802287000,3.15,5.52,-2.9556155
67147,29,Walking,7166852275000,4.1,2.87,-3.8273177000000005
67148,29,Walking,7166902232000,1.04,5.48,-3.2552630000000002
67149,29,Walking,7167002269000,10.57,10.31,9.507003
67150,29,Walking,7167002269000,10.57,10.31,9.507003
67151,29,Walking,7167052287000,6.7,7.55,3.8681788
67152,29,Walking,7167152232000,10.73,16.47,-5.012288
67153,29,Walking,7167152232000,10.73,16.47,-5.012288
67154,29,Walking,7167252238000,2.53,14.29,-3.2961242
67155,29,Walking,7167252238000,2.53,14.29,-3.2961242
67156,29,Walking,7167352244000,4.14,8.31,-2.5333846
67157,29,Walking,7167352244000,4.14,8.31,-2.5333846
67158,29,Walking,7167452251000,6.36,5.94,-0.9942854
67159,29,Walking,7167452251000,6.36,5.94,-0.9942854
67161,29,Walking,7167552287000,7.59,8.73,-1.1168685
67160,29,Walking,7167552287000,7.59,8.73,-1.1168685
67162,29,Walking,7167602275000,6.66,9.7,2.7649305
67164,29,Walking,7167702251000,13.06,12.15,-2.9556155
67163,29,Walking,7167702251000,13.06,12.15,-2.9556155
67166,29,Walking,7167802226000,-1.95,14.9,2.8330324
67165,29,Walking,7167802226000,-1.95,14.9,2.8330324
67167,29,Walking,7167852275000,-0.27,7.25,-4.7535014
67168,29,Walking,7167952251000,-1.27,6.36,-1.3756552
67169,29,Walking,7167952251000,-1.27,6.36,-1.3756552
67170,29,Walking,7168052257000,11.6,8.24,7.6682559999999995
67171,29,Walking,7168052257000,11.6,8.24,7.6682559999999995
67172,29,Walking,7168152263000,2.07,4.33,-4.2086873
67173,29,Walking,7168152263000,2.07,4.33,-4.2086873
67174,29,Walking,7168202281000,11.22,18.7,-3.1054392
67175,29,Walking,7168252208000,0.38,7.89,-0.3405087
67177,29,Walking,7168352244000,5.52,9.7,-5.434519
67176,29,Walking,7168352244000,5.52,9.7,-5.434519
67179,29,Walking,7168452251000,2.37,7.27,-0.08172209
67178,29,Walking,7168452251000,2.37,7.27,-0.08172209
67181,29,Walking,7168552257000,5.71,7.82,-0.08172209
67180,29,Walking,7168552257000,5.71,7.82,-0.08172209
67182,29,Walking,7168652232000,10.31,9.62,-1.525479
67183,29,Walking,7168652232000,10.31,9.62,-1.525479
67184,29,Walking,7168752238000,8.08,12.37,0.313268
67185,29,Walking,7168752238000,8.08,12.37,0.313268
67186,29,Walking,7168802287000,6.97,17.39,-3.7592160000000003
67188,29,Walking,7168902232000,1.08,8.92,-2.3018389
67187,29,Walking,7168902232000,1.08,8.92,-2.3018389
67189,29,Walking,7168952281000,2.96,3.53,-3.5276701
67190,29,Walking,7169052257000,-2.18,3.95,-4.7126402999999994
67191,29,Walking,7169052257000,-2.18,3.95,-4.7126402999999994
67192,29,Walking,7169152263000,10.34,10.92,4.3993720000000005
67193,29,Walking,7169152263000,10.34,10.92,4.3993720000000005
67194,29,Walking,7169202281000,4.1,4.4,-0.6946376999999999
67195,29,Walking,7169302257000,0.42,6.21,-0.7627395
67196,29,Walking,7169302257000,0.42,6.21,-0.7627395
67197,29,Walking,7169352336000,3.21,11.14,-3.0237172
67198,29,Walking,7169402232000,4.37,10.04,-6.0201936
67200,29,Walking,7169502238000,3.41,7.67,0.313268
67199,29,Walking,7169502238000,3.41,7.67,0.313268
67202,29,Walking,7169602275000,3.72,6.21,-1.6480621
67201,29,Walking,7169602275000,3.72,6.21,-1.6480621
67203,29,Walking,7169702251000,9.62,8.66,-2.9147543999999996
67204,29,Walking,7169702251000,9.62,8.66,-2.9147543999999996
67205,29,Walking,7169802226000,9.58,9.43,0.8036005
67206,29,Walking,7169802226000,9.58,9.43,0.8036005
67207,29,Walking,7169902232000,6.17,18.7,-3.5957718
67208,29,Walking,7169902232000,6.17,18.7,-3.5957718
67209,29,Walking,7169952281000,3.17,13.14,-0.7627395
67211,29,Walking,7170052257000,2.15,5.41,-3.1054392
67210,29,Walking,7170052257000,2.15,5.41,-3.1054392
67212,29,Walking,7170102336000,-2.14,4.82,-3.214402
67213,29,Walking,7170202281000,14.75,7.67,8.580819
67214,29,Walking,7170202281000,14.75,7.67,8.580819
67215,29,Walking,7170302257000,3.11,2.79,-4.671779
67216,29,Walking,7170302257000,3.11,2.79,-4.671779
67218,29,Walking,7170402202000,-0.69,9.62,0.19068487
67217,29,Walking,7170402202000,-0.69,9.62,0.19068487
67220,29,Walking,7170502238000,4.6,10.12,-6.851035
67219,29,Walking,7170502238000,4.6,10.12,-6.851035
67221,29,Walking,7170552318000,3.53,8.16,-4.7126402999999994
67222,29,Walking,7170602214000,3.41,7.74,-2.1792557
67223,29,Walking,7170652232000,2.22,6.47,-0.0
67225,29,Walking,7170752238000,7.12,8.24,-0.5720546
67224,29,Walking,7170752238000,7.12,8.24,-0.5720546
67227,29,Walking,7170852275000,9.3,9.89,3.9499009
67226,29,Walking,7170852275000,9.3,9.89,3.9499009
67228,29,Walking,7170902263000,9.47,11.26,-0.7627395
67229,29,Walking,7170952251000,7.67,16.97,-4.630918
67230,29,Walking,7171012553000,4.25,16.13,-0.50395286
67231,29,Walking,7171062266000,2.41,9.11,-2.9147543999999996
67232,29,Walking,7171112346000,3.87,3.17,-3.4050870000000004
67233,29,Walking,7171172252000,-2.45,4.14,-3.9499009
67234,29,Walking,7171222209000,-0.76,5.41,-5.09401
67235,29,Walking,7171272288000,16.02,8.96,10.800936
67236,29,Walking,7171322246000,6.55,7.08,1.6480621
67237,29,Walking,7171372325000,5.13,5.24,-3.5957718
67238,29,Walking,7171422252000,13.67,18.01,-1.1441092
67239,29,Walking,7171472270000,2.22,12.11,-4.7126402999999994
67240,29,Walking,7171542338000,2.22,12.11,-4.7126402999999994
67242,29,Walking,7171592662000,2.6,9.08,-5.8567495
67241,29,Walking,7171592662000,2.6,9.08,-5.8567495
67243,29,Walking,7171692210000,4.1,7.5,0.040861044
67245,29,Walking,7171742320000,6.78,5.67,-0.3405087
67244,29,Walking,7171742320000,6.78,5.67,-0.3405087
67246,29,Walking,7171852244000,9.0,7.82,-2.7513103
67247,29,Walking,7171852244000,9.0,7.82,-2.7513103
67248,29,Walking,7171902263000,9.62,9.43,1.3756552
67249,29,Walking,7172002208000,7.97,14.21,-1.2258313
67250,29,Walking,7172002208000,7.97,14.21,-1.2258313
67251,29,Walking,7172102244000,1.5,13.76,-0.14982383
67252,29,Walking,7172102244000,1.5,13.76,-0.14982383
67253,29,Walking,7172152263000,1.84,6.85,-2.8738932999999998
67254,29,Walking,7172202220000,2.34,2.22,-3.173541
67256,29,Walking,7172302257000,4.67,2.91,-3.4050870000000004
67255,29,Walking,7172302257000,4.67,2.91,-3.4050870000000004
67257,29,Walking,7172402263000,5.98,6.66,2.6014863999999998
