,user,label,timestamp,x,y,z
963020,1,Jogging,6155652448000,-19.61,-11.88,-0.08
963021,1,Jogging,6155702344000,-18.43,-5.75,5.56
963022,1,Jogging,6155752332000,-17.67,1.76,4.25
963023,1,Jogging,6155802350000,-9.7,4.37,-6.28
963024,1,Jogging,6155852338000,-1.65,9.66,11.35
963025,1,Jogging,6155902326000,0.27,8.85,4.14
963026,1,Jogging,6155952344000,-1.12,2.49,0.08
963027,1,Jogging,6156002546000,-16.36,3.6,-0.5
963028,1,Jogging,6156052320000,-19.61,-11.26,-4.9
963029,1,Jogging,6156102338000,-10.61,-15.47,13.99
963030,1,Jogging,6156152326000,-0.23,-4.56,-0.95
963031,1,Jogging,6156202344000,3.68,0.15,-0.65
963032,1,Jogging,6156252301000,10.99,4.1,8.16
963033,1,Jogging,6156312299000,0.15,1.92,-6.17
963034,1,Jogging,6156362317000,-12.26,-7.4,-5.48
963035,1,Jogging,6156412366000,-19.61,-10.61,3.45
963036,1,Jogging,6156472333000,-17.62,-3.68,5.01
963037,1,Jogging,6156522321000,-10.04,4.1,-8.81
963038,1,Jogging,6156572370000,-6.05,9.19,10.19
963039,1,Jogging,6156622358000,-3.17,3.99,4.33
963040,1,Jogging,6156672345000,1.88,7.12,1.76
963041,1,Jogging,6156722333000,-6.7,4.56,-2.64
963042,1,Jogging,6156772321000,-19.61,3.11,-2.79
963043,1,Jogging,6156822339000,-19.04,-16.28,7.89
963044,1,Jogging,6156872327000,-6.7,-10.72,2.37
963045,1,Jogging,6156922376000,7.16,-9.72,0.72
963046,1,Jogging,6156972425000,10.69,3.02,14.86
963047,1,Jogging,6157022321000,-0.8,1.14,-11.11
963048,1,Jogging,6157072400000,-6.28,1.5,-2.98
963049,1,Jogging,6157122327000,-19.61,-8.08,-7.86
963050,1,Jogging,6157172345000,-17.08,-5.86,3.41
963051,1,Jogging,6157222333000,-17.97,-4.52,8.12
963052,1,Jogging,6157272321000,-8.12,3.34,-4.1
963053,1,Jogging,6157322339000,-8.08,8.08,10.15
963054,1,Jogging,6157372327000,-0.5,6.28,7.7
963055,1,Jogging,6157422376000,0.69,2.49,-0.15
963056,1,Jogging,6157472333000,-15.21,6.66,-3.02
963057,1,Jogging,6157522321000,-19.61,-8.2,-4.71
963058,1,Jogging,6157572339000,-8.69,-14.33,13.53
963059,1,Jogging,6157622297000,-0.15,-7.25,-2.14
963060,1,Jogging,6157672345000,12.53,-3.6,8.54
963061,1,Jogging,6157722333000,3.38,5.52,-1.5
963062,1,Jogging,6157772321000,-4.1,2.15,-7.01
963063,1,Jogging,6157822339000,-16.17,-4.1,-1.73
963064,1,Jogging,6157872327000,-19.08,-9.89,2.91
963065,1,Jogging,6157922345000,-16.97,-7.31,4.67
963066,1,Jogging,6157972333000,-10.92,3.87,6.97
963067,1,Jogging,6158022321000,-11.41,4.18,-1.8
963068,1,Jogging,6158072339000,-2.6,5.18,9.47
963069,1,Jogging,6158122297000,0.23,7.27,5.71
963070,1,Jogging,6158172345000,-5.28,3.79,-3.21
963071,1,Jogging,6158222333000,-19.61,1.8,-1.57
963072,1,Jogging,6158272321000,-19.53,-16.36,2.34
963073,1,Jogging,6158322339000,-4.33,-11.92,6.47
963074,1,Jogging,6158372327000,2.72,-3.57,-3.49
963075,1,Jogging,6158422376000,14.79,-2.98,9.89
963076,1,Jogging,6158472333000,-2.96,4.48,-2.14
963077,1,Jogging,6158522321000,3.91,-3.36,-1.73
963078,1,Jogging,6158572339000,-16.09,-16.66,0.34
963079,1,Jogging,6158622327000,-19.61,-11.75,-3.76
963080,1,Jogging,6158672345000,-19.27,-2.96,7.55
963081,1,Jogging,6158722364000,-13.91,1.54,2.53
963082,1,Jogging,6158772321000,-0.95,7.08,8.43
963083,1,Jogging,6158822339000,-1.53,9.38,3.45
963084,1,Jogging,6158872327000,0.04,6.02,1.12
963085,1,Jogging,6158922376000,-13.76,3.17,-1.65
963086,1,Jogging,6158972242000,-19.61,-8.88,-4.9
963087,1,Jogging,6159022229000,-13.17,-18.24,11.22
963088,1,Jogging,6159072339000,0.19,-6.17,0.95
963089,1,Jogging,6159122327000,8.58,-3.34,4.94
963090,1,Jogging,6159172345000,9.04,5.6,8.69
963091,1,Jogging,6159222333000,-1.12,1.61,-10.53
963092,1,Jogging,6159292341000,-13.06,-2.45,-4.99
963093,1,Jogging,6159342237000,-16.28,-8.81,4.29
963094,1,Jogging,6159392347000,-18.16,-7.93,3.41
963095,1,Jogging,6159442243000,-9.38,0.0,7.16
963096,1,Jogging,6159492292000,-6.74,3.6,4.02
963097,1,Jogging,6159542310000,-5.67,2.79,3.53
963098,1,Jogging,6159592298000,0.57,10.27,3.95
963099,1,Jogging,6159642316000,-6.7,3.79,-2.6
963100,1,Jogging,6159692304000,-19.15,0.57,-3.79
963101,1,Jogging,6159742292000,-18.16,-16.4,7.74
963102,1,Jogging,6159792310000,-3.64,-8.01,6.66
963103,1,Jogging,6159842298000,1.12,-3.64,-4.56
963104,1,Jogging,6159892316000,15.79,2.6,13.59
963105,1,Jogging,6159942304000,0.15,-0.04,-11.14
963106,1,Jogging,6159992292000,-2.11,-2.53,-1.92
963107,1,Jogging,6160042310000,-19.34,-10.04,-3.95
963108,1,Jogging,6160092298000,-16.47,-6.93,2.96
963109,1,Jogging,6160142316000,-18.54,-4.86,10.15
963110,1,Jogging,6160192304000,-10.15,2.11,-4.75
963111,1,Jogging,6160242292000,-6.32,6.93,7.78
963112,1,Jogging,6160292341000,-3.76,4.29,4.4
963113,1,Jogging,6160342298000,-1.23,5.52,2.64
963114,1,Jogging,6160392316000,-10.15,3.91,-1.61
963115,1,Jogging,6160442304000,-17.92,-1.73,-0.34
963116,1,Jogging,6160492322000,-18.01,-17.62,1.84
963117,1,Jogging,6160542310000,-2.53,-8.47,4.33
963118,1,Jogging,6160592298000,1.33,-5.05,-3.34
963119,1,Jogging,6160642347000,16.32,-2.3,15.4
963120,1,Jogging,6160692304000,0.8,1.73,-6.47
963121,1,Jogging,6160742292000,0.11,-0.69,-3.95
963122,1,Jogging,6160792341000,-17.16,-9.72,-8.05
963123,1,Jogging,6160842298000,-17.62,-7.04,3.21
963124,1,Jogging,6160892316000,-19.5,-2.41,10.53
963125,1,Jogging,6160942304000,-12.6,1.84,-4.02
963126,1,Jogging,6160992261000,-4.48,7.35,3.45
963127,1,Jogging,6161042310000,-2.37,5.43,6.78
963128,1,Jogging,6161092298000,-0.34,4.56,2.49
963129,1,Jogging,6161142316000,-6.55,3.68,-1.14
963130,1,Jogging,6161192304000,-19.61,4.14,-5.71
963131,1,Jogging,6161242292000,-17.69,-15.94,7.63
963132,1,Jogging,6161292310000,-2.6,-7.63,7.06
963133,1,Jogging,6161342298000,0.15,-4.94,-4.82
963134,1,Jogging,6161392316000,14.52,-0.61,14.02
963135,1,Jogging,6161442304000,0.65,-0.11,-9.58
963136,1,Jogging,6161492292000,-3.68,0.61,-4.37
963137,1,Jogging,6161542218000,-19.23,-6.74,-2.18
963138,1,Jogging,6161592298000,-15.51,-5.82,2.18
963139,1,Jogging,6161642316000,-17.97,-7.93,4.99
963140,1,Jogging,6161692304000,-11.14,1.95,-3.68
963141,1,Jogging,6161742322000,-5.63,5.6,2.53
963142,1,Jogging,6161792310000,-2.37,10.08,10.12
963143,1,Jogging,6161842298000,-0.72,6.78,1.69
963144,1,Jogging,6161892316000,-5.01,0.8,-0.34
963145,1,Jogging,6161942304000,-19.61,0.08,-0.89
963146,1,Jogging,6161992261000,-18.31,-17.31,3.38
963147,1,Jogging,6162042310000,-3.45,-9.62,6.28
963148,1,Jogging,6162092298000,0.42,-5.82,-4.14
963149,1,Jogging,6162142316000,14.02,2.87,18.24
963150,1,Jogging,6162192304000,-0.65,5.05,-13.48
963151,1,Jogging,6162242292000,-6.82,0.72,-2.26
963152,1,Jogging,6162292310000,-18.77,-5.75,-3.95
963153,1,Jogging,6162342298000,-16.47,-10.04,9.7
963154,1,Jogging,6162392316000,-15.98,-5.94,-2.14
963155,1,Jogging,6162442304000,-9.53,1.61,4.6
963156,1,Jogging,6162492292000,-7.82,3.17,4.48
963157,1,Jogging,6162542310000,-4.02,4.37,5.94
963158,1,Jogging,6162592298000,0.04,10.5,2.15
963159,1,Jogging,6162642316000,-3.45,5.05,-1.14
963160,1,Jogging,6162692304000,-18.73,3.57,-5.75
963161,1,Jogging,6162742292000,-18.5,-15.55,8.12
963162,1,Jogging,6162792341000,-6.17,-11.54,5.52
963163,1,Jogging,6162842298000,1.61,-4.59,-4.21
963164,1,Jogging,6162892316000,12.07,4.14,16.66
963165,1,Jogging,6162942304000,1.18,3.57,-10.84
963166,1,Jogging,6162992292000,-1.88,-5.28,-4.52
963167,1,Jogging,6163042310000,-19.61,-8.16,-6.4
963168,1,Jogging,6163092298000,-9.96,-4.52,9.08
963169,1,Jogging,6163142316000,-17.88,-3.95,-4.63
963170,1,Jogging,6163192304000,-13.14,-1.18,4.25
963171,1,Jogging,6163242292000,-11.14,2.76,5.56
963172,1,Jogging,6163292341000,-4.94,9.51,5.98
963173,1,Jogging,6163342298000,0.0,12.49,2.76
963174,1,Jogging,6163392316000,-3.6,2.83,-3.36
963175,1,Jogging,6163442304000,-18.89,-5.56,-6.17
963176,1,Jogging,6163492292000,-16.4,-17.24,11.37
963177,1,Jogging,6163542310000,-2.6,-7.12,2.22
963178,1,Jogging,6163592298000,2.18,-4.44,-1.69
963179,1,Jogging,6163642316000,8.73,6.7,13.95
963180,1,Jogging,6163692304000,1.08,-1.8,-6.02
963181,1,Jogging,6163742292000,-1.53,-2.41,-2.49
963182,1,Jogging,6163792279000,-19.19,-12.64,-7.16
963183,1,Jogging,6163842298000,-12.76,-3.83,2.79
963184,1,Jogging,6163892316000,-17.82,-1.8,3.34
963185,1,Jogging,6163942334000,-10.76,3.21,1.14
963186,1,Jogging,6163992292000,-9.19,7.82,3.83
963187,1,Jogging,6164042310000,-1.57,6.59,6.82
963188,1,Jogging,6164092298000,1.61,4.67,0.57
963189,1,Jogging,6164142316000,-10.11,2.72,-0.34
963190,1,Jogging,6164192304000,-19.61,-6.36,-10.95
963191,1,Jogging,6164242292000,-11.33,-13.91,11.14
963192,1,Jogging,6164292310000,-1.61,-8.58,-0.15
963193,1,Jogging,6164292310000,-1.61,-8.58,-0.15
963194,1,Jogging,6164362317000,7.78,-4.9,3.99
963195,1,Jogging,6164412275000,0.0,2.87,-7.08
963196,1,Jogging,6164462323000,-9.0,2.6,-6.7
963197,1,Jogging,6164522260000,-19.61,-5.28,-1.18
963198,1,Jogging,6164572370000,-14.48,-5.28,3.95
963199,1,Jogging,6164622327000,-16.89,-6.74,-0.38
963200,1,Jogging,6164672345000,-10.38,0.57,6.24
963201,1,Jogging,6164722333000,-11.41,3.45,2.34
963202,1,Jogging,6164772321000,-3.41,4.25,8.77
963203,1,Jogging,6164822339000,2.41,6.24,3.38
963204,1,Jogging,6164872358000,0.99,3.45,-1.38
963205,1,Jogging,6164922345000,-16.47,5.52,-4.59
963206,1,Jogging,6164972333000,-19.38,-15.55,7.46
963207,1,Jogging,6165022321000,-4.75,-9.15,10.42
963208,1,Jogging,6165072339000,-1.57,-3.64,-5.82
963209,1,Jogging,6165122297000,5.37,0.38,1.14
963210,1,Jogging,6165172345000,4.1,5.86,0.38
963211,1,Jogging,6165222333000,-5.67,0.27,-7.35
963212,1,Jogging,6165272260000,-19.08,-8.39,-2.49
963213,1,Jogging,6165322339000,-16.85,-8.85,4.18
963214,1,Jogging,6165372327000,-17.05,-7.35,3.3
963215,1,Jogging,6165422345000,-12.45,1.08,4.52
963216,1,Jogging,6165472333000,-6.93,2.03,-0.08
963217,1,Jogging,6165522321000,-5.09,3.21,1.76
963218,1,Jogging,6165572339000,0.61,8.96,7.46
963219,1,Jogging,6165622327000,0.38,4.56,-2.56
