,user,label,timestamp,x,y,z
68276,29,Walking,7223232249000,3.91,9.96,-4.4810944
68277,29,Walking,7223282298000,5.01,7.59,-3.4868089999999996
68278,29,Walking,7223332255000,5.83,7.01,-1.9204689999999998
68279,29,Walking,7223382274000,5.56,5.6,-1.4165162
68280,29,Walking,7223432231000,6.28,6.78,-0.14982383
68281,29,Walking,7223482310000,8.96,10.84,2.5333846
68282,29,Walking,7223532207000,8.89,8.5,3.0645783
68283,29,Walking,7223582316000,8.28,8.39,-0.08172209
68284,29,Walking,7223632243000,10.99,12.26,-3.214402
68285,29,Walking,7223682292000,7.35,19.38,-5.9793324
68286,29,Walking,7223732249000,-1.08,16.04,4.630918
68287,29,Walking,7223782298000,0.72,8.89,-3.7183550000000003
68288,29,Walking,7223832255000,1.57,2.22,-2.5333846
68289,29,Walking,7223882304000,-1.31,3.02,-2.9556155
68290,29,Walking,7223932353000,0.15,2.37,-5.09401
68291,29,Walking,7223982310000,16.21,9.7,11.876944
68292,29,Walking,7224032237000,6.05,7.08,1.4573771999999998
68293,29,Walking,7224092296000,3.21,6.47,-3.4868089999999996
68295,29,Walking,7224092296000,3.21,6.47,-3.4868089999999996
68294,29,Walking,7224092296000,3.21,6.47,-3.4868089999999996
68296,29,Walking,7224252208000,3.53,10.61,-2.7921712000000003
68297,29,Walking,7224302409000,3.99,8.43,-5.5571017
68298,29,Walking,7224352244000,3.64,7.08,-2.4925237
68299,29,Walking,7224402263000,3.76,6.55,-1.3756552
68300,29,Walking,7224452251000,3.87,6.44,-1.9477096999999999
68301,29,Walking,7224502299000,6.93,9.34,4.2086873
68302,29,Walking,7224552257000,9.72,9.28,-2.9556155
68303,29,Walking,7224602305000,10.42,10.31,4.671779
68304,29,Walking,7224652232000,9.28,8.85,-0.7627395
68305,29,Walking,7224702342000,12.22,11.41,-4.1814466
68306,29,Walking,7224752208000,7.25,19.42,-4.372132
68307,29,Walking,7224802287000,-1.23,13.91,1.6889231
68308,29,Walking,7224852244000,1.69,6.82,-4.5900574
68309,29,Walking,7224902293000,3.26,1.84,-3.8681788
68310,29,Walking,7224952220000,-1.76,4.99,-3.5957718
68311,29,Walking,7225002299000,-1.14,2.45,-4.7535014
68312,29,Walking,7225052257000,15.28,10.53,12.9529505
68313,29,Walking,7225102305000,6.97,6.93,1.6480621
68314,29,Walking,7225152202000,6.74,4.94,-2.7513103
68315,29,Walking,7225202312000,9.38,18.09,-0.84446156
68316,29,Walking,7225252238000,2.26,11.5,-4.1814466
68317,29,Walking,7225302318000,-1.73,7.5,0.14982383
68318,29,Walking,7225352214000,2.11,9.04,-2.1111538
68319,29,Walking,7225402263000,3.87,7.06,-3.4868089999999996
68320,29,Walking,7225452220000,6.51,7.12,-2.9556155
68321,29,Walking,7225502299000,6.7,8.2,-2.3426998
68322,29,Walking,7225552318000,4.33,7.4,3.7864565999999997
68323,29,Walking,7225602305000,6.47,8.12,-0.88532263
68324,29,Walking,7225652232000,9.34,9.15,-0.61291564
68325,29,Walking,7225702312000,9.08,9.47,1.9477096999999999
68326,29,Walking,7225752269000,9.15,9.51,0.5720546
68327,29,Walking,7225802318000,10.95,14.9,-3.4868089999999996
68328,29,Walking,7225852244000,3.76,19.38,-0.6946376999999999
68329,29,Walking,7225902263000,0.8,10.8,-2.8738932999999998
68330,29,Walking,7225952251000,1.73,5.05,-3.2552630000000002
68331,29,Walking,7226002269000,1.54,3.02,-3.4459480000000005
68332,29,Walking,7226052287000,-2.3,5.01,-2.7921712000000003
68333,29,Walking,7226102305000,2.56,2.64,-3.5276701
68334,29,Walking,7226152232000,16.93,11.35,12.108489
68335,29,Walking,7226202312000,7.25,4.37,3.5276701
68336,29,Walking,7226252238000,4.33,13.59,-2.4516625
68337,29,Walking,7226302348000,8.12,11.84,-5.938472
68338,29,Walking,7226352244000,1.42,9.53,-2.2201166000000003
68339,29,Walking,7226402232000,4.18,12.45,-2.8330324
68340,29,Walking,7226452251000,3.53,8.01,-3.4459480000000005
68341,29,Walking,7226502299000,3.76,6.66,-2.4516625
68342,29,Walking,7226552226000,4.71,7.89,-1.6480621
68343,29,Walking,7226602305000,3.45,6.13,-1.6889231
68344,29,Walking,7226652202000,3.38,9.04,3.1463002999999996
68345,29,Walking,7226702312000,8.31,8.81,-1.3075534
68347,29,Walking,7226760509000,12.18,8.35,-3.0237172
68346,29,Walking,7226760509000,12.18,8.35,-3.0237172
68348,29,Walking,7226862254000,11.26,12.07,-3.4459480000000005
68349,29,Walking,7226912303000,7.27,19.53,-7.164303
68350,29,Walking,7226912303000,7.27,19.53,-7.164303
68351,29,Walking,7226972301000,-1.08,13.44,3.7183550000000003
68352,29,Walking,7227022258000,1.65,5.83,-4.140586
68353,29,Walking,7227072307000,3.76,1.31,-3.3642258999999997
68354,29,Walking,7227122264000,-2.41,4.52,-4.1814466
68355,29,Walking,7227172282000,0.89,1.76,-4.140586
68356,29,Walking,7227222270000,15.32,9.08,11.645397
68357,29,Walking,7227272288000,10.27,8.89,3.0645783
68358,29,Walking,7227322276000,4.37,4.33,-1.0760075
68359,29,Walking,7227372295000,9.3,17.47,0.040861044
68360,29,Walking,7227422313000,4.48,10.12,-4.099725
68361,29,Walking,7227472301000,2.26,9.81,-1.0760075
68362,29,Walking,7227522258000,3.76,10.76,-2.5333846
68363,29,Walking,7227572276000,2.37,7.31,-3.6366330000000002
68364,29,Walking,7227622264000,4.06,6.74,-1.9477096999999999
68365,29,Walking,7227672313000,3.95,5.79,-1.9204689999999998
68366,29,Walking,7227722240000,5.98,7.55,-1.9204689999999998
68367,29,Walking,7227772288000,7.12,10.31,6.2108784
68368,29,Walking,7227822276000,9.3,9.53,-3.4868089999999996
68369,29,Walking,7227872295000,9.23,8.43,4.018002500000001
68370,29,Walking,7227922282000,8.2,9.62,-0.3405087
68371,29,Walking,7227972301000,12.37,13.44,-4.5900574
68372,29,Walking,7228022258000,6.89,19.57,-4.5628166
68373,29,Walking,7228072276000,1.27,12.79,0.8036005
68374,29,Walking,7228122264000,1.99,6.44,-4.862464
68375,29,Walking,7228172313000,2.53,1.73,-3.5276701
68376,29,Walking,7228222270000,-2.6,2.6,-4.3993720000000005
68377,29,Walking,7228272288000,0.11,2.91,-3.6366330000000002
68378,29,Walking,7228322276000,14.41,11.92,13.184497
68379,29,Walking,7228372295000,11.18,6.32,2.7649305
68380,29,Walking,7228422282000,4.82,8.28,-4.8216033
68381,29,Walking,7228472301000,11.37,17.97,-0.88532263
68382,29,Walking,7228522258000,0.53,6.02,-1.7978859
68383,29,Walking,7228572307000,3.57,10.92,-2.9147543999999996
68384,29,Walking,7228622264000,4.94,9.58,-2.7240696
68385,29,Walking,7228672282000,3.34,6.51,-2.6832085
68386,29,Walking,7228722270000,4.14,7.27,-2.1111538
68387,29,Walking,7228772288000,3.3,6.7,-1.7297841
68388,29,Walking,7228822276000,3.83,7.31,-1.7978859
68389,29,Walking,7228872295000,6.55,9.51,5.284695
68390,29,Walking,7228922282000,9.92,9.11,-3.8681788
68391,29,Walking,7228972301000,10.61,9.58,5.7886477
68392,29,Walking,7229022258000,10.27,9.28,-2.4516625
68393,29,Walking,7229072337000,11.22,12.91,-4.7126402999999994
68394,29,Walking,7229122264000,5.37,19.53,-4.671779
68395,29,Walking,7229172343000,-0.89,13.4,1.4982381999999999
68396,29,Walking,7229222331000,1.5,7.4,-4.671779
68397,29,Walking,7229272380000,3.87,1.54,-3.4050870000000004
68398,29,Walking,7229322276000,-0.3,4.79,-2.6832085
68399,29,Walking,7229372264000,-0.34,3.38,-3.5685309999999997
68400,29,Walking,7229422313000,14.98,6.78,11.264028
68401,29,Walking,7229472270000,9.04,8.92,2.9147543999999996
68402,29,Walking,7229522288000,4.99,4.63,-3.214402
68403,29,Walking,7229572276000,9.89,18.47,-1.6889231
68404,29,Walking,7229622295000,2.15,8.73,1.0351465
68405,29,Walking,7229672282000,2.11,10.5,-2.5606253
68406,29,Walking,7229722301000,4.63,10.69,-3.2552630000000002
68407,29,Walking,7229772258000,3.15,7.31,-4.2495484
68408,29,Walking,7229822307000,4.1,6.85,-1.607201
68409,29,Walking,7229872264000,2.87,5.9,-1.4573771999999998
68410,29,Walking,7229922313000,4.25,7.55,-1.6889231
68411,29,Walking,7229972270000,9.04,9.51,0.27240697
68412,29,Walking,7230132274000,11.14,11.69,-3.4459480000000005
68413,29,Walking,7230132274000,11.14,11.69,-3.4459480000000005
68414,29,Walking,7230132274000,11.14,11.69,-3.4459480000000005
68415,29,Walking,7230182353000,9.28,19.23,-5.9793324
68416,29,Walking,7230232371000,-0.27,15.83,5.8567495
68417,29,Walking,7230282298000,0.95,8.47,-5.1348709999999995
68418,29,Walking,7230332347000,3.83,1.69,-2.0294318
68419,29,Walking,7230392284000,-1.61,3.64,-4.018002500000001
68420,29,Walking,7230442241000,-0.57,2.6,-4.944186
68421,29,Walking,7230492320000,15.17,7.44,10.501288
68422,29,Walking,7230542277000,9.62,10.65,2.5333846
68423,29,Walking,7230592296000,3.72,8.77,-1.3075534
68424,29,Walking,7230642284000,9.72,17.67,-0.29964766
68425,29,Walking,7230692271000,0.34,8.12,-0.8036005
68426,29,Walking,7230742259000,3.11,10.95,-2.5333846
68427,29,Walking,7230792308000,4.44,8.85,-4.671779
68428,29,Walking,7230842265000,3.83,6.82,-3.2961242
68429,29,Walking,7230892314000,4.52,6.28,-1.56634
68430,29,Walking,7230942271000,4.02,5.63,-1.7570249
68431,29,Walking,7230992259000,6.28,8.24,-2.1111538
68432,29,Walking,7231042216000,9.34,8.47,5.434519
68433,29,Walking,7231092296000,10.04,9.89,-3.5276701
68434,29,Walking,7231142284000,7.93,10.0,7.7363577
68435,29,Walking,7231192302000,12.3,10.42,-3.4868089999999996
68436,29,Walking,7231242320000,10.38,18.2,-5.407278
68437,29,Walking,7231292338000,0.5,16.63,4.630918
68438,29,Walking,7231342265000,1.76,9.04,-4.372132
68439,29,Walking,7231392284000,3.6,3.45,-3.5685309999999997
68440,29,Walking,7231442271000,-0.15,3.64,-4.671779
68441,29,Walking,7231492290000,-2.68,3.79,-5.243834
68442,29,Walking,7231542277000,10.88,4.75,6.891896000000001
68443,29,Walking,7231592296000,10.73,11.35,5.2165932999999995
68444,29,Walking,7231642284000,6.13,5.24,3.4050870000000004
68445,29,Walking,7231692302000,7.97,17.27,-1.9885708
68446,29,Walking,7231742259000,3.41,9.58,-4.099725
68447,29,Walking,7231792277000,1.42,9.0,-1.8387468999999996
68448,29,Walking,7231842204000,4.1,11.18,-2.6014863999999998
68449,29,Walking,7231892314000,3.49,7.74,-4.372132
68450,29,Walking,7231942271000,4.44,7.31,-2.5606253
68451,29,Walking,7231992290000,3.57,7.16,-0.7218784
68452,29,Walking,7232042277000,4.75,7.21,-0.3405087
68453,29,Walking,7232092296000,6.36,8.01,0.38136974
68454,29,Walking,7232142253000,10.0,8.73,-0.88532263
68455,29,Walking,7232192302000,10.5,8.62,2.4108016
68456,29,Walking,7232242259000,8.85,9.62,3.1054392
68457,29,Walking,7232292308000,9.47,11.07,-3.336985
68458,29,Walking,7232342235000,7.93,19.04,-5.434519
68459,29,Walking,7232392284000,0.84,14.52,3.7592160000000003
68460,29,Walking,7232442241000,2.45,7.31,-3.4868089999999996
68461,29,Walking,7232492290000,3.15,2.18,-3.2552630000000002
68462,29,Walking,7232542247000,-1.57,4.9,-3.7183550000000003
68463,29,Walking,7232592296000,-0.42,3.41,-4.4810944
68464,29,Walking,7232642284000,16.21,7.63,12.4489975
68465,29,Walking,7232692332000,7.7,8.16,1.56634
68466,29,Walking,7232742259000,4.14,8.35,-0.08172209
68467,29,Walking,7232792308000,12.57,17.31,0.53119355
68468,29,Walking,7232842235000,-0.57,6.02,-0.10896278
68469,29,Walking,7232892314000,2.76,10.61,-3.1054392
68470,29,Walking,7232942271000,5.28,10.88,-5.366417
68471,29,Walking,7232992259000,3.41,7.27,-3.173541
68472,29,Walking,7233042247000,5.05,8.16,-1.6889231
68473,29,Walking,7233092265000,3.76,7.59,-1.7570249
68474,29,Walking,7233142253000,3.17,7.4,-0.50395286
68475,29,Walking,7233192332000,6.63,9.47,2.1111538
