,user,label,timestamp,x,y,z
963620,1,Jogging,6185692304000,-0.27,6.59,2.22
963621,1,Jogging,6185742292000,-2.72,0.42,-0.89
963622,1,Jogging,6185792310000,-17.27,-0.95,-0.72
963623,1,Jogging,6185842298000,-19.61,-16.47,-1.99
963624,1,Jogging,6185892316000,-2.37,-11.33,9.92
963625,1,Jogging,6185942304000,1.69,-5.82,-3.11
963626,1,Jogging,6185992292000,14.02,0.57,14.82
963627,1,Jogging,6186042310000,1.38,2.76,-5.2
963628,1,Jogging,6186092298000,-3.64,-3.53,-5.37
963629,1,Jogging,6186142316000,-19.57,-10.92,-2.83
963630,1,Jogging,6186192304000,-11.6,-5.75,2.79
963631,1,Jogging,6186242292000,-18.58,-7.89,4.44
963632,1,Jogging,6186292310000,-13.53,2.56,1.04
963633,1,Jogging,6186342328000,-7.16,6.36,4.99
963634,1,Jogging,6186392316000,-4.48,4.79,6.28
963635,1,Jogging,6186442304000,-1.57,8.31,3.99
963636,1,Jogging,6186492231000,-0.89,1.76,-2.49
963637,1,Jogging,6186492231000,-0.89,1.76,-2.49
963638,1,Jogging,6186552259000,-17.5,-2.07,2.07
963639,1,Jogging,6186602338000,-18.28,-19.19,0.5
963640,1,Jogging,6186652326000,-2.37,-6.28,6.78
963641,1,Jogging,6186702344000,1.76,-4.29,-4.94
963642,1,Jogging,6186752332000,15.32,1.18,15.85
963643,1,Jogging,6186802320000,2.15,1.65,-6.28
963644,1,Jogging,6186852338000,-5.71,-6.47,-6.24
963645,1,Jogging,6186902326000,-18.43,-9.89,1.14
963646,1,Jogging,6186952344000,-15.24,-5.01,2.18
963647,1,Jogging,6187002332000,-16.13,-5.52,8.69
963648,1,Jogging,6187052320000,-7.44,0.99,2.45
963649,1,Jogging,6187102338000,-8.01,5.28,5.13
963650,1,Jogging,6187152326000,-3.72,3.21,7.89
963651,1,Jogging,6187202344000,-1.04,4.37,1.69
963652,1,Jogging,6187252332000,-14.06,1.57,-0.99
963653,1,Jogging,6187302320000,-19.46,-8.58,0.19
963654,1,Jogging,6187352338000,-16.17,-19.23,4.1
963655,1,Jogging,6187402326000,-0.19,-7.01,1.92
963656,1,Jogging,6187452344000,5.13,-3.41,0.27
963657,1,Jogging,6187502332000,10.15,6.82,13.82
963658,1,Jogging,6187552320000,1.08,1.61,-8.39
963659,1,Jogging,6187612287000,-10.61,-5.05,-4.1
963660,1,Jogging,6187672345000,-16.4,-11.92,2.07
963661,1,Jogging,6187722364000,-16.7,-7.74,6.24
963662,1,Jogging,6187772321000,-12.83,1.8,9.23
963663,1,Jogging,6187822339000,-7.31,2.41,-0.84
963664,1,Jogging,6187872358000,-5.24,4.21,7.46
963665,1,Jogging,6187922376000,0.19,7.27,4.86
963666,1,Jogging,6187972333000,-4.4,1.84,-1.42
963667,1,Jogging,6188022321000,-19.5,1.23,-4.59
963668,1,Jogging,6188072339000,-19.42,-18.07,1.5
963669,1,Jogging,6188132276000,-3.45,-9.43,6.63
963670,1,Jogging,6188182233000,1.33,-3.98,-5.43
963671,1,Jogging,6188232343000,14.94,3.15,12.03
963672,1,Jogging,6188282331000,1.08,1.76,-10.0
963673,1,Jogging,6188332349000,-3.17,-4.75,-4.56
963674,1,Jogging,6188332349000,-3.17,-4.75,-4.56
963675,1,Jogging,6188395978000,-19.61,-16.21,0.84
963676,1,Jogging,6188452344000,-13.63,-5.67,3.49
963677,1,Jogging,6188502332000,-15.55,-2.26,5.86
963678,1,Jogging,6188552320000,-7.01,3.95,2.37
963679,1,Jogging,6188602338000,-8.39,5.13,5.24
963680,1,Jogging,6188652326000,-0.65,8.81,8.05
963681,1,Jogging,6188702344000,-2.11,1.92,-1.42
963682,1,Jogging,6188752271000,-18.77,3.06,-1.04
963683,1,Jogging,6188802320000,-19.61,-17.54,-4.37
963684,1,Jogging,6188852277000,-1.73,-12.6,10.38
963685,1,Jogging,6188902356000,3.21,-4.52,-5.13
963686,1,Jogging,6188952344000,16.86,-0.11,14.14
963687,1,Jogging,6189002332000,2.15,1.5,-4.18
963688,1,Jogging,6189052320000,-1.5,-1.42,-5.24
963689,1,Jogging,6189102369000,-16.55,-13.17,-1.65
963690,1,Jogging,6189152356000,-18.05,-9.7,2.56
963691,1,Jogging,6189202344000,-19.11,-4.52,8.62
963692,1,Jogging,6189252332000,-12.07,6.13,7.86
963693,1,Jogging,6189302350000,-8.31,4.29,0.38
963694,1,Jogging,6189352338000,-3.83,3.26,7.44
963695,1,Jogging,6189402295000,0.95,4.99,3.64
963696,1,Jogging,6189472272000,-10.65,1.84,-1.5
963697,1,Jogging,6189522321000,-19.61,-10.57,-6.13
963698,1,Jogging,6189572278000,-12.18,-17.54,11.56
963699,1,Jogging,6189622266000,-0.57,-7.08,0.57
963700,1,Jogging,6189672345000,5.41,-2.49,-0.38
963701,1,Jogging,6189722394000,13.87,6.82,14.21
963702,1,Jogging,6189772351000,-0.27,0.08,-9.15
963703,1,Jogging,6189822248000,-10.31,-8.85,-5.09
963704,1,Jogging,6189872327000,-18.16,-10.65,4.29
963705,1,Jogging,6189922376000,-16.7,-7.46,4.99
963706,1,Jogging,6189972425000,-16.44,-1.04,10.19
963707,1,Jogging,6190022321000,-8.88,1.61,-6.66
963708,1,Jogging,6190072339000,-6.4,7.06,10.12
963709,1,Jogging,6190122327000,-1.88,7.16,4.67
963710,1,Jogging,6190172345000,-0.61,2.18,-0.72
963711,1,Jogging,6190222364000,-15.55,2.76,-1.5
963712,1,Jogging,6190272229000,-19.61,-12.53,0.23
963713,1,Jogging,6190322339000,-9.92,-14.9,10.99
963714,1,Jogging,6190372358000,-0.53,-6.85,0.11
963715,1,Jogging,6190422345000,6.4,-2.79,3.41
963716,1,Jogging,6190472333000,7.35,6.05,8.01
963717,1,Jogging,6190522321000,-0.15,1.8,-6.43
963718,1,Jogging,6190572248000,-11.37,-9.66,-5.52
963719,1,Jogging,6190622327000,-15.4,-10.42,1.76
963720,1,Jogging,6190672345000,-15.62,-8.66,7.12
963721,1,Jogging,6190722333000,-14.9,0.57,7.78
963722,1,Jogging,6190792310000,-6.93,0.57,-3.41
963723,1,Jogging,6190842237000,-6.43,3.64,4.52
963724,1,Jogging,6190892347000,-1.14,9.81,2.45
963725,1,Jogging,6190942273000,-0.27,1.99,-2.22
963726,1,Jogging,6190992292000,-16.55,0.42,-1.42
963727,1,Jogging,6191042310000,-19.61,-17.82,3.6
963728,1,Jogging,6191092298000,-5.98,-10.23,9.7
963729,1,Jogging,6191142316000,-2.91,-6.74,-2.98
963730,1,Jogging,6191192304000,5.24,-1.5,3.21
963731,1,Jogging,6191242292000,4.18,9.81,5.24
963732,1,Jogging,6191292310000,0.27,-1.31,-5.48
963733,1,Jogging,6191292310000,0.27,-1.31,-5.48
963734,1,Jogging,6191353193000,-15.43,-10.08,-4.82
963735,1,Jogging,6191412305000,-12.64,-10.53,8.54
963736,1,Jogging,6191472364000,-16.93,-6.74,-1.65
963737,1,Jogging,6191522321000,-12.87,4.71,2.18
963738,1,Jogging,6191572339000,-8.92,6.47,3.11
963739,1,Jogging,6191622358000,-2.96,6.55,6.66
963740,1,Jogging,6191672315000,0.61,5.9,0.89
963741,1,Jogging,6191722333000,-5.2,0.31,-1.42
963742,1,Jogging,6191772229000,-16.47,-2.37,3.34
963743,1,Jogging,6191822309000,-17.46,-17.35,1.92
963744,1,Jogging,6191872327000,-2.6,-4.9,6.85
963745,1,Jogging,6191922345000,-2.53,-3.49,-3.95
963746,1,Jogging,6191972333000,10.53,2.87,4.44
963747,1,Jogging,6192022321000,1.14,2.91,-3.57
963748,1,Jogging,6192072339000,-0.95,-0.11,-2.53
963749,1,Jogging,6192122327000,-14.06,-14.37,-9.34
963750,1,Jogging,6192172315000,-13.44,-8.88,7.06
963751,1,Jogging,6192222333000,-16.85,-4.99,-4.37
963752,1,Jogging,6192272321000,-17.35,0.99,9.47
963753,1,Jogging,6192322309000,-6.32,-2.37,3.17
963754,1,Jogging,6192372327000,-5.24,2.64,1.84
963755,1,Jogging,6192422345000,-1.99,9.51,3.34
963756,1,Jogging,6192472303000,0.76,3.11,-1.31
963757,1,Jogging,6192522260000,-12.37,1.46,-1.12
963758,1,Jogging,6192572339000,-19.61,-10.11,-5.71
963759,1,Jogging,6192622327000,-12.37,-12.49,7.27
963760,1,Jogging,6192682264000,-4.67,-8.39,-0.69
963761,1,Jogging,6192732343000,10.19,-5.86,10.27
963762,1,Jogging,6192782331000,-1.95,2.07,-2.34
963763,1,Jogging,6192832349000,-2.72,7.01,-2.68
963764,1,Jogging,6192886060000,-6.4,-1.5,-5.94
963765,1,Jogging,6192942212000,-19.27,-15.28,4.82
963766,1,Jogging,6192992261000,-13.1,-6.02,2.34
963767,1,Jogging,6193042341000,-11.3,-2.91,0.99
963768,1,Jogging,6193092298000,-6.55,-2.6,2.18
963769,1,Jogging,6193142316000,-2.79,1.46,4.48
963770,1,Jogging,6193192304000,-3.91,4.75,5.52
963771,1,Jogging,6193242292000,-0.95,2.91,0.46
963772,1,Jogging,6193292371000,-11.99,3.06,-1.33
963773,1,Jogging,6193342298000,-19.61,-11.18,-8.54
963774,1,Jogging,6193392316000,-16.44,-7.27,0.93
963775,1,Jogging,6193442304000,-9.53,-12.34,6.89
963776,1,Jogging,6193492292000,-0.5,-6.82,-4.33
963777,1,Jogging,6193542310000,9.7,3.41,10.8
963778,1,Jogging,6193592298000,1.38,2.83,-8.08
963779,1,Jogging,6193642316000,2.15,-2.6,-3.83
963780,1,Jogging,6193692304000,-14.94,-16.17,-8.58
963781,1,Jogging,6193742292000,-19.04,-13.78,2.3
963782,1,Jogging,6193792310000,-12.56,-2.41,11.14
963783,1,Jogging,6193842298000,-15.09,1.38,0.72
963784,1,Jogging,6193892316000,-6.74,2.91,8.54
963785,1,Jogging,6193942304000,-3.02,4.02,6.47
963786,1,Jogging,6193992261000,0.57,1.31,-0.3
963787,1,Jogging,6194042341000,-3.68,2.22,-1.57
963788,1,Jogging,6194092298000,-18.96,1.92,-10.11
963789,1,Jogging,6194142316000,-18.2,-14.37,8.54
963790,1,Jogging,6194192273000,-3.36,-10.88,8.54
963791,1,Jogging,6194242292000,-1.12,-5.75,-1.69
963792,1,Jogging,6194294477000,3.3,2.49,-0.42
963793,1,Jogging,6194294477000,3.3,2.49,-0.42
963794,1,Jogging,6194352277000,5.79,7.25,0.65
963795,1,Jogging,6194402326000,3.41,-0.99,-3.17
963796,1,Jogging,6194452527000,-10.42,-14.75,-6.55
963797,1,Jogging,6194502271000,-19.61,-13.67,4.4
963798,1,Jogging,6194552320000,-15.62,2.56,11.35
963799,1,Jogging,6194602338000,-9.38,3.57,-3.76
963800,1,Jogging,6194652326000,-3.95,3.95,6.89
963801,1,Jogging,6194702375000,-5.13,6.02,7.93
963802,1,Jogging,6194752332000,-0.42,3.72,0.57
963803,1,Jogging,6194802320000,-8.73,1.42,-1.31
963804,1,Jogging,6194852277000,-19.61,-6.59,-8.62
963805,1,Jogging,6194902326000,-11.54,-15.09,10.08
963806,1,Jogging,6194952344000,-3.26,-6.66,3.87
963807,1,Jogging,6195002332000,-1.14,-2.37,-5.98
963808,1,Jogging,6195052320000,8.58,0.8,1.76
963809,1,Jogging,6195102338000,3.91,3.34,-5.41
963810,1,Jogging,6195152326000,1.5,-1.12,-1.69
963811,1,Jogging,6195202344000,-16.09,-15.28,-6.17
963812,1,Jogging,6195252301000,-19.61,-9.85,0.38
963813,1,Jogging,6195302350000,-16.59,1.57,9.28
963814,1,Jogging,6195352338000,-11.18,2.79,-6.36
963815,1,Jogging,6195402326000,-7.55,7.5,10.12
963816,1,Jogging,6195452375000,-1.8,6.89,5.01
963817,1,Jogging,6195502362000,1.27,4.79,1.65
963818,1,Jogging,6195552381000,-5.28,1.46,-0.53
963819,1,Jogging,6195612287000,-19.61,-4.33,-6.28
