,user,label,timestamp,x,y,z
82259,29,Walking,8079972270000,5.56,12.49,1.7297841
82260,29,Walking,8080022258000,2.34,9.08,4.630918
82261,29,Walking,8080072307000,7.7,16.21,-2.1111538
82262,29,Walking,8080122233000,0.27,9.34,-1.1441092
82263,29,Walking,8080172252000,-0.95,11.07,-2.3699405
82264,29,Walking,8080222209000,-0.65,10.65,-2.982856
82265,29,Walking,8080272258000,0.23,9.04,-4.099725
82266,29,Walking,8080322246000,1.08,8.69,-2.7513103
82267,29,Walking,8080372233000,0.76,7.7,-2.5333846
82268,29,Walking,8080422221000,4.18,8.92,-1.4573771999999998
82269,29,Walking,8080472270000,5.94,9.38,5.706926
82270,29,Walking,8080522227000,7.46,9.72,-2.1383946
82271,29,Walking,8080572276000,7.21,10.88,1.1849703
82272,29,Walking,8080622203000,7.93,11.84,1.1168685
82273,29,Walking,8080672282000,4.79,15.02,-0.6946376999999999
82274,29,Walking,8080722209000,-0.42,19.57,-5.407278
82275,29,Walking,8080772258000,-1.73,13.14,1.56634
82276,29,Walking,8080822246000,1.65,7.5,-3.3642258999999997
82277,29,Walking,8080872264000,2.6,3.57,-1.9477096999999999
82278,29,Walking,8080922221000,-2.45,4.02,-3.5276701
82279,29,Walking,8080972270000,-2.26,2.76,-4.903325
82280,29,Walking,8081022227000,13.33,13.59,11.645397
82281,29,Walking,8081072276000,5.56,9.96,0.9942854
82282,29,Walking,8081122233000,5.71,4.99,0.6537767
82283,29,Walking,8081172313000,4.52,16.44,-2.6423476000000004
82284,29,Walking,8081222240000,0.0,12.34,4.4810944
82285,29,Walking,8081272258000,-1.61,8.24,-3.5685309999999997
82286,29,Walking,8081322215000,-0.11,11.73,-3.214402
82287,29,Walking,8081372233000,0.61,10.15,-3.2961242
82288,29,Walking,8081422282000,1.76,7.93,-2.7240696
82289,29,Walking,8081472270000,2.07,7.12,-2.2201166000000003
82290,29,Walking,8081522227000,2.41,8.24,-2.4108016
82291,29,Walking,8081572276000,5.37,9.47,-0.27240697
82292,29,Walking,8081622356000,8.31,10.65,2.1111538
82293,29,Walking,8081622356000,8.31,10.65,2.1111538
82294,29,Walking,8081722270000,6.09,11.22,-0.14982383
82295,29,Walking,8081772288000,5.33,16.82,-1.607201
82296,29,Walking,8081772288000,5.33,16.82,-1.607201
82297,29,Walking,8081832316000,-3.06,18.85,-1.3756552
82298,29,Walking,8081882274000,0.34,10.08,-1.1849703
82299,29,Walking,8081932292000,2.76,5.37,-2.1111538
82300,29,Walking,8081982280000,-2.14,5.05,-3.4050870000000004
82301,29,Walking,8082032298000,-4.1,2.87,-3.1054392
82302,29,Walking,8082082286000,3.06,4.79,-0.23154591
82303,29,Walking,8082132304000,12.83,16.74,8.539958
82304,29,Walking,8082182262000,4.63,5.83,3.7592160000000003
82305,29,Walking,8082232310000,6.63,17.2,-1.3756552
82306,29,Walking,8082282268000,1.61,7.06,-1.8796080000000002
82307,29,Walking,8082332316000,-3.45,9.34,-4.140586
82308,29,Walking,8082382274000,-0.57,15.09,-3.173541
82309,29,Walking,8082432292000,0.42,9.85,-3.1054392
82310,29,Walking,8082482280000,2.34,9.19,-2.5606253
82311,29,Walking,8082532298000,2.53,8.92,-2.1111538
82312,29,Walking,8082582316000,1.04,6.93,-1.3756552
82313,29,Walking,8082632304000,3.06,8.12,-1.525479
82314,29,Walking,8082682262000,6.4,9.92,2.070293
82315,29,Walking,8082682262000,6.4,9.92,2.070293
82316,29,Walking,8082782115000,10.46,12.26,5.1348709999999995
82317,29,Walking,8082832255000,7.78,10.69,-1.0760075
82318,29,Walking,8082882426000,4.06,18.05,-3.1463002999999996
82319,29,Walking,8082932262000,-5.37,18.92,0.95342433
82320,29,Walking,8082982310000,-1.04,10.5,-3.4050870000000004
82321,29,Walking,8083032268000,2.72,5.79,-2.5606253
82322,29,Walking,8083082286000,-0.38,4.02,-3.214402
82323,29,Walking,8083132274000,-3.87,3.41,-3.0237172
82324,29,Walking,8083182292000,3.15,3.95,-2.7513103
82325,29,Walking,8083232280000,12.45,15.4,12.217452
82326,29,Walking,8083282298000,3.53,6.97,2.2201166000000003
82327,29,Walking,8083332286000,1.46,16.44,-0.0
82328,29,Walking,8083382304000,4.63,11.18,-4.671779
82329,29,Walking,8083432262000,-2.07,8.77,-2.1111538
82330,29,Walking,8083482280000,1.18,12.91,-2.070293
82331,29,Walking,8083532298000,1.65,8.5,-2.7921712000000003
82332,29,Walking,8083582347000,1.99,7.89,-2.5333846
82333,29,Walking,8083632274000,1.42,8.62,-2.2201166000000003
82334,29,Walking,8083682262000,2.15,8.12,-1.6480621
82335,29,Walking,8083732280000,3.38,8.05,-2.1383946
82336,29,Walking,8083782298000,5.56,10.92,2.982856
82337,29,Walking,8083832286000,7.7,10.5,-2.3018389
82338,29,Walking,8083882304000,11.75,11.75,2.4108016
82339,29,Walking,8083932262000,5.37,13.14,1.7297841
82340,29,Walking,8083982280000,2.11,18.77,-4.671779
82341,29,Walking,8084032268000,-3.02,16.51,2.152015
82342,29,Walking,8084082286000,-0.08,8.85,-3.7864565999999997
82343,29,Walking,8084132274000,4.18,2.56,-2.9556155
82344,29,Walking,8084182262000,-0.84,5.9,-3.5276701
82345,29,Walking,8084232280000,-3.87,4.94,-2.7921712000000003
82346,29,Walking,8084282298000,3.11,3.17,-0.10896278
82347,29,Walking,8084332286000,10.99,16.47,12.026767
82348,29,Walking,8084382304000,5.33,7.35,2.8738932999999998
82349,29,Walking,8084432262000,4.1,10.38,-0.46309182
82350,29,Walking,8084482280000,8.85,16.78,-3.1054392
82351,29,Walking,8084532268000,-4.4,9.96,0.46309182
82352,29,Walking,8084582286000,-1.76,9.66,-3.2552630000000002
82353,29,Walking,8084632274000,-0.27,10.34,-3.336985
82354,29,Walking,8084682262000,1.69,9.04,-3.7864565999999997
82355,29,Walking,8084732280000,2.76,7.89,-2.4925237
82356,29,Walking,8084782298000,2.15,7.78,-1.7297841
82357,29,Walking,8084832286000,3.34,9.08,-1.6480621
82358,29,Walking,8084882274000,4.56,8.96,1.6480621
82359,29,Walking,8084932262000,7.5,10.8,-1.4982381999999999
82360,29,Walking,8084982341000,8.58,11.69,4.7535014
82361,29,Walking,8085032268000,5.71,11.88,0.46309182
82362,29,Walking,8085082347000,5.18,16.97,-1.607201
82363,29,Walking,8085132274000,-1.76,19.46,-1.8796080000000002
82364,29,Walking,8085182262000,0.04,10.42,-0.38136974
82365,29,Walking,8085232280000,1.95,6.24,-3.1054392
82366,29,Walking,8085282298000,-0.53,4.14,-2.6014863999999998
82367,29,Walking,8085332286000,-4.44,3.26,-3.5685309999999997
82368,29,Walking,8085382304000,3.3,4.14,-2.3699405
82369,29,Walking,8085432262000,13.14,16.36,9.112013000000001
82370,29,Walking,8085482310000,4.9,6.55,3.0645783
82371,29,Walking,8085532268000,1.5,17.73,0.95342433
82372,29,Walking,8085582316000,2.03,8.58,-2.070293
82373,29,Walking,8085632274000,-0.15,10.57,-2.3018389
82374,29,Walking,8085682292000,2.26,10.42,-4.140586
82375,29,Walking,8085732280000,1.99,8.62,-4.5628166
82376,29,Walking,8085782298000,1.23,8.39,-2.9556155
82377,29,Walking,8085832286000,-0.15,7.08,-2.4516625
82378,29,Walking,8085882304000,1.99,8.89,-1.56634
82379,29,Walking,8085932262000,3.6,10.92,-2.1383946
82380,29,Walking,8085982310000,8.92,10.42,5.5162406
82381,29,Walking,8086032268000,9.66,10.53,-2.4925237
82382,29,Walking,8086082316000,7.31,11.11,3.9499009
82383,29,Walking,8086132274000,5.28,13.8,-1.2258313
82384,29,Walking,8086182262000,1.42,19.31,-5.5162406
82385,29,Walking,8086232249000,-1.88,14.21,3.9499009
82386,29,Walking,8086282298000,-0.3,8.81,-2.7513103
82387,29,Walking,8086332286000,2.22,3.79,-2.6423476000000004
82388,29,Walking,8086382274000,-1.92,4.21,-2.6832085
82389,29,Walking,8086432262000,-1.42,3.6,-2.9556155
82390,29,Walking,8086482310000,14.86,12.3,10.119919
82391,29,Walking,8086532268000,5.71,7.31,0.6537767
82392,29,Walking,8086582316000,3.53,7.7,1.1441092
82393,29,Walking,8086632243000,1.65,17.01,1.1441092
82394,29,Walking,8086682292000,2.83,13.57,-4.7943625
82395,29,Walking,8086732280000,-0.84,8.39,-1.8387468999999996
82396,29,Walking,8086782268000,-0.42,11.11,-1.7297841
82397,29,Walking,8086832255000,0.42,8.2,-1.7297841
82398,29,Walking,8086882304000,1.08,6.97,-2.070293
82399,29,Walking,8086932231000,1.99,7.46,-2.070293
82400,29,Walking,8086982310000,3.6,9.19,-2.6832085
82401,29,Walking,8087032268000,5.52,9.96,-2.0294318
82402,29,Walking,8087082347000,9.62,10.53,4.099725
82403,29,Walking,8087132274000,8.69,11.07,5.1348709999999995
82404,29,Walking,8087182292000,7.16,10.95,-1.0351465
82405,29,Walking,8087232280000,7.25,16.44,-4.372132
82406,29,Walking,8087282268000,0.53,19.53,-6.5513873
82407,29,Walking,8087332286000,-1.92,10.76,3.214402
82408,29,Walking,8087382274000,-1.14,8.28,-2.1111538
82409,29,Walking,8087432262000,-1.38,3.3,-3.0237172
82410,29,Walking,8087482280000,-4.37,3.91,-1.7297841
82411,29,Walking,8087532268000,3.17,3.3,-2.9147543999999996
82412,29,Walking,8087582316000,15.17,15.24,8.853226
82413,29,Walking,8087632274000,2.53,6.63,2.0294318
82414,29,Walking,8087682262000,1.12,10.34,-1.1441092
82415,29,Walking,8087732280000,7.93,18.16,-0.6537767
82416,29,Walking,8087782268000,-1.57,6.63,-1.7570249
82417,29,Walking,8087832347000,0.69,9.15,-2.4516625
82418,29,Walking,8087882396000,-0.04,11.3,-4.290409599999999
82419,29,Walking,8087932323000,0.27,8.77,-3.9771416
82420,29,Walking,8087982341000,1.08,8.58,-2.7513103
82421,29,Walking,8088042277000,2.56,9.0,-1.56634
82422,29,Walking,8088092265000,3.87,8.89,-2.3426998
82423,29,Walking,8088142314000,9.19,9.81,2.9147543999999996
82424,29,Walking,8088192241000,9.43,10.12,-3.5276701
82425,29,Walking,8088242290000,7.06,11.88,4.944186
82426,29,Walking,8088292216000,5.22,13.87,-0.3405087
82427,29,Walking,8088342296000,2.83,18.5,-2.2609777
82428,29,Walking,8088392222000,-1.46,15.94,2.9556155
82429,29,Walking,8088442302000,0.08,9.43,-2.1792557
82430,29,Walking,8088492229000,2.15,4.52,-2.0294318
82431,29,Walking,8088542308000,-2.53,5.05,-3.0645783
82432,29,Walking,8088592235000,-3.34,3.68,-3.5957718
82433,29,Walking,8088642314000,10.95,7.74,6.701211
82434,29,Walking,8088692241000,8.43,12.49,3.7864565999999997
82435,29,Walking,8088742290000,2.49,8.58,3.4459480000000005
82436,29,Walking,8088792216000,6.36,17.39,-1.3756552
82437,29,Walking,8088842296000,-0.38,7.97,-0.23154591
82438,29,Walking,8088892253000,0.5,9.19,-3.5276701
82439,29,Walking,8088962291000,1.12,9.19,-3.5276701
82441,29,Walking,8089012553000,1.57,9.15,-3.336985
82440,29,Walking,8089012553000,1.57,9.15,-3.336985
82442,29,Walking,8089112254000,2.22,7.44,-1.7978859
82443,29,Walking,8089162364000,3.45,9.11,-1.8387468999999996
82444,29,Walking,8089222240000,3.91,10.34,-0.0
82445,29,Walking,8089272227000,8.01,11.37,-2.982856
82446,29,Walking,8089322276000,11.37,10.84,6.66035
82447,29,Walking,8089372233000,5.63,11.37,1.0760075
82448,29,Walking,8089422313000,3.64,17.62,-2.4925237
82449,29,Walking,8089472240000,0.23,18.01,-2.2609777
82450,29,Walking,8089522258000,0.93,9.85,-0.46309182
82451,29,Walking,8089572246000,1.38,5.67,-2.6832085
82452,29,Walking,8089622233000,-1.61,5.22,-2.7921712000000003
82453,29,Walking,8089672282000,-4.25,3.95,-3.9499009
82454,29,Walking,8089722240000,5.67,5.09,2.5606253
82455,29,Walking,8089772227000,12.3,15.32,6.891896000000001
82456,29,Walking,8089822276000,4.56,5.79,3.336985
82457,29,Walking,8089872203000,1.5,14.98,-2.5606253
82458,29,Walking,8089922282000,4.02,13.44,0.6537767
