,user,label,timestamp,x,y,z
82659,29,Walking,8099952251000,1.04,8.47,-2.1111538
82660,29,Walking,8100002269000,0.84,7.46,-1.56634
82661,29,Walking,8100052287000,0.99,7.67,-1.4165162
82662,29,Walking,8100102305000,4.37,10.27,5.012288
82663,29,Walking,8100152263000,4.18,9.53,-1.9477096999999999
82664,29,Walking,8100202312000,8.05,10.31,-2.5606253
82665,29,Walking,8100252269000,12.22,11.03,5.7477865
82666,29,Walking,8100302379000,6.17,12.6,-0.040861044
82667,29,Walking,8100362285000,3.41,19.04,-6.701211
82668,29,Walking,8100412211000,-1.38,14.06,5.597963
82669,29,Walking,8100462260000,-0.46,10.69,-3.4050870000000004
82670,29,Walking,8100512248000,1.33,5.67,-2.070293
82671,29,Walking,8100562297000,-1.33,3.34,-2.6423476000000004
82672,29,Walking,8100612254000,-2.75,3.79,-2.4925237
82673,29,Walking,8100662273000,4.52,4.33,-1.3756552
82674,29,Walking,8100712230000,10.99,15.98,8.921327999999999
82675,29,Walking,8100762309000,3.53,6.36,5.47538
82676,29,Walking,8100812205000,1.69,18.5,0.53119355
82677,29,Walking,8100862285000,6.09,10.15,-8.158588
82678,29,Walking,8100912211000,-1.53,5.75,-3.173541
82679,29,Walking,8100962260000,0.76,15.02,-2.982856
82680,29,Walking,8101012279000,1.84,10.38,-1.9204689999999998
82681,29,Walking,8101062297000,1.61,7.08,-2.4925237
82682,29,Walking,8101112224000,2.41,8.62,-2.1111538
82683,29,Walking,8101162273000,2.03,7.93,-1.8796080000000002
82684,29,Walking,8101212199000,5.01,9.92,4.3993720000000005
82686,29,Walking,8101212199000,5.01,9.92,4.3993720000000005
82685,29,Walking,8101212199000,5.01,9.92,4.3993720000000005
82687,29,Walking,8101362285000,6.82,12.22,3.0237172
82688,29,Walking,8101362285000,6.82,12.22,3.0237172
82689,29,Walking,8101432262000,6.36,11.96,-0.6946376999999999
82690,29,Walking,8101482280000,1.5,19.53,-5.9793324
82691,29,Walking,8101532298000,-2.56,13.76,3.8681788
82692,29,Walking,8101582530000,-0.42,8.81,-3.3642258999999997
82693,29,Walking,8101632304000,0.72,3.83,-1.7978859
82694,29,Walking,8101682262000,-4.33,4.6,-2.4925237
82695,29,Walking,8101732310000,0.11,3.95,-3.173541
82696,29,Walking,8101782268000,14.41,11.07,9.575105
82697,29,Walking,8101832316000,7.67,8.92,2.152015
82698,29,Walking,8101882274000,3.02,10.0,2.8738932999999998
82699,29,Walking,8101932292000,3.57,16.02,0.6946376999999999
82700,29,Walking,8101982310000,-1.18,7.4,-4.862464
82701,29,Walking,8102032298000,-0.3,11.45,-2.6832085
82702,29,Walking,8102082316000,1.31,9.96,-1.6480621
82703,29,Walking,8102132304000,2.11,8.39,-2.1111538
82704,29,Walking,8102182262000,3.3,10.04,-2.2201166000000003
82705,29,Walking,8102232310000,2.68,8.43,-1.2666923
82706,29,Walking,8102282298000,1.76,7.08,0.14982383
82707,29,Walking,8102332316000,1.42,10.08,0.88532263
82708,29,Walking,8102382304000,6.63,10.23,-1.7978859
82709,29,Walking,8102432292000,9.15,10.31,-0.42223078
82710,29,Walking,8102482280000,8.62,11.37,3.5685309999999997
82711,29,Walking,8102532298000,5.33,13.06,0.10896278
82712,29,Walking,8102582439000,2.41,18.66,-4.7943625
82713,29,Walking,8102632304000,-1.69,16.47,2.4925237
82714,29,Walking,8102682292000,-0.57,9.96,-2.7921712000000003
82715,29,Walking,8102732310000,2.64,4.1,-1.7570249
82716,29,Walking,8102782298000,-2.26,4.79,-3.4050870000000004
82717,29,Walking,8102832316000,-4.48,3.15,-4.099725
82718,29,Walking,8102882335000,10.15,7.82,7.8861814
82719,29,Walking,8102932292000,8.39,12.91,3.4868089999999996
82720,29,Walking,8102982280000,8.05,8.69,2.9147543999999996
82721,29,Walking,8103032298000,5.24,16.93,-1.1441092
82722,29,Walking,8103082286000,-3.49,7.16,-1.607201
82723,29,Walking,8103132304000,-0.89,12.91,-2.7240696
82724,29,Walking,8103182262000,1.18,10.57,-2.2609777
82725,29,Walking,8103232310000,1.57,7.5,-2.8330324
82726,29,Walking,8103282268000,2.03,8.92,-2.7240696
82727,29,Walking,8103332316000,1.04,7.78,-1.8387468999999996
82728,29,Walking,8103382274000,3.02,8.47,-1.6480621
82729,29,Walking,8103432292000,3.53,9.77,3.4868089999999996
82730,29,Walking,8103482310000,6.63,9.85,-2.1383946
82731,29,Walking,8103532359000,11.3,9.89,2.152015
82732,29,Walking,8103582316000,7.27,11.11,1.5390993
82733,29,Walking,8103632304000,4.48,15.79,-0.7627395
82734,29,Walking,8103682262000,0.04,19.57,-6.5922484
82735,29,Walking,8103732310000,-0.76,11.45,3.6366330000000002
82736,29,Walking,8103782268000,-0.08,8.5,-3.2961242
82737,29,Walking,8103832347000,0.57,3.95,-2.5333846
82738,29,Walking,8103882274000,-3.95,3.3,-2.7240696
82739,29,Walking,8103932292000,0.5,2.41,-2.8330324
82740,29,Walking,8103982280000,15.17,13.91,11.34575
82741,29,Walking,8104032359000,4.9,7.46,1.3756552
82742,29,Walking,8104082286000,3.49,10.46,0.92618364
82743,29,Walking,8104132304000,5.98,17.67,0.23154591
82744,29,Walking,8104182262000,-0.91,7.31,-2.3426998
82745,29,Walking,8104232280000,0.99,9.58,-2.3426998
82746,29,Walking,8104282268000,2.3,9.7,-2.070293
82747,29,Walking,8104332316000,1.54,8.96,-3.4050870000000004
82748,29,Walking,8104382274000,1.12,8.85,-2.1383946
82749,29,Walking,8104432292000,0.19,7.44,-1.2258313
82750,29,Walking,8104482280000,2.87,7.97,-1.2666923
82751,29,Walking,8104532298000,4.75,10.73,-1.334794
82752,29,Walking,8104582316000,7.12,10.12,0.50395286
82753,29,Walking,8104632304000,10.12,10.5,2.5333846
82754,29,Walking,8104682262000,5.28,12.03,1.607201
82755,29,Walking,8104732310000,4.94,14.02,-1.7570249
82756,29,Walking,8104782268000,1.14,19.46,-6.3198414000000005
82757,29,Walking,8104832316000,-2.26,13.02,4.5628166
82758,29,Walking,8104882274000,0.57,8.62,-3.6366330000000002
82759,29,Walking,8104932292000,2.53,4.06,-1.7297841
82760,29,Walking,8104982310000,-2.53,4.94,-2.9147543999999996
82761,29,Walking,8105032298000,-1.65,3.34,-3.6366330000000002
82762,29,Walking,8105082286000,11.73,12.22,9.956474
82763,29,Walking,8105132304000,7.08,8.85,2.4516625
82764,29,Walking,8105182262000,3.15,10.23,-0.6537767
82765,29,Walking,8105232280000,7.27,17.73,-0.6946376999999999
82766,29,Walking,8105282298000,-3.3,7.7,1.5390993
82767,29,Walking,8105332316000,-0.38,10.92,-3.3642258999999997
82768,29,Walking,8105382274000,0.8,9.96,-2.7921712000000003
82769,29,Walking,8105432292000,1.84,8.96,-3.336985
82770,29,Walking,8105482280000,2.34,8.16,-2.5333846
82771,29,Walking,8105532298000,1.99,7.74,-1.7978859
82772,29,Walking,8105582286000,3.26,7.59,-1.3756552
82773,29,Walking,8105632304000,3.95,9.85,-1.334794
82774,29,Walking,8105682262000,7.63,10.92,2.3018389
82775,29,Walking,8105732310000,11.18,10.0,4.0588636
82776,29,Walking,8105782268000,6.47,11.45,-0.040861044
82777,29,Walking,8105832316000,5.94,16.25,-2.4925237
82778,29,Walking,8105882274000,-1.38,19.53,-4.290409599999999
82779,29,Walking,8105932323000,-2.96,11.73,1.0760075
82780,29,Walking,8105982280000,0.61,7.97,-3.7183550000000003
82781,29,Walking,8106032298000,0.5,4.37,-1.8796080000000002
82782,29,Walking,8106082286000,-1.65,4.02,-1.8387468999999996
82783,29,Walking,8106132304000,4.52,4.82,-2.2201166000000003
82784,29,Walking,8106182414000,11.56,12.07,9.575105
82785,29,Walking,8106232280000,4.29,7.21,2.4108016
82786,29,Walking,8106282268000,1.95,15.89,1.3756552
82787,29,Walking,8106332316000,3.3,8.92,-5.5162406
82788,29,Walking,8106382304000,-0.72,8.85,-3.5276701
82789,29,Walking,8106432292000,2.41,16.17,-2.4516625
82790,29,Walking,8106482280000,2.41,9.04,-2.4925237
82791,29,Walking,8106532298000,2.22,8.69,-2.4108016
82792,29,Walking,8106582286000,1.46,8.62,-1.6480621
82793,29,Walking,8106632304000,-0.23,6.89,-0.27240697
82794,29,Walking,8106682262000,3.17,8.77,-0.6946376999999999
82795,29,Walking,8106732310000,6.09,9.58,0.27240697
82796,29,Walking,8106782268000,8.5,10.61,-0.6946376999999999
82797,29,Walking,8106832316000,8.31,11.03,3.0645783
82798,29,Walking,8106882274000,5.9,13.91,-0.38136974
82799,29,Walking,8106932292000,3.21,19.04,-5.325556
82800,29,Walking,8106982280000,-2.49,16.25,2.1111538
82801,29,Walking,8107032298000,-0.72,9.81,-2.7513103
82802,29,Walking,8107082316000,2.34,6.05,-2.6832085
82803,29,Walking,8107132274000,-1.53,3.6,-2.6832085
82804,29,Walking,8107182262000,-2.96,1.84,-3.6774937999999993
82805,29,Walking,8107232310000,9.92,8.05,6.66035
82806,29,Walking,8107282298000,8.66,12.6,4.290409599999999
82807,29,Walking,8107332316000,2.11,7.78,2.6423476000000004
82808,29,Walking,8107382426000,2.34,17.86,0.14982383
82809,29,Walking,8107382426000,2.34,17.86,0.14982383
82810,29,Walking,8107482158000,1.38,9.0,-2.9147543999999996
82811,29,Walking,8107532268000,1.23,9.85,-2.2201166000000003
82812,29,Walking,8107582439000,2.07,8.81,-4.2086873
82813,29,Walking,8107632304000,2.37,7.7,-2.3018389
82814,29,Walking,8107682323000,1.61,7.35,-2.1383946
82815,29,Walking,8107732280000,3.45,9.43,-1.607201
82816,29,Walking,8107782298000,3.53,10.84,5.706926
82817,29,Walking,8107832286000,5.75,10.88,-2.9147543999999996
82818,29,Walking,8107882304000,8.81,10.38,3.8681788
82819,29,Walking,8107932262000,6.78,10.19,0.38136974
82820,29,Walking,8107982310000,7.21,15.85,-3.1054392
82821,29,Walking,8108032268000,-0.11,19.57,-7.082580999999999
82822,29,Walking,8108082316000,-3.36,11.99,3.8681788
82823,29,Walking,8108132274000,-0.19,7.31,-3.173541
82824,29,Walking,8108182292000,1.27,4.25,-2.3426998
82825,29,Walking,8108232280000,-4.29,2.15,-3.5957718
82826,29,Walking,8108282298000,2.96,4.67,-0.9942854
82827,29,Walking,8108332286000,13.29,13.44,6.5922484
82828,29,Walking,8108382457000,6.55,7.67,3.8681788
82829,29,Walking,8108432262000,-0.69,10.5,-5.706926
82830,29,Walking,8108482310000,5.09,19.31,-2.7240696
82831,29,Walking,8108532847000,-2.79,7.59,0.88532263
82832,29,Walking,8108582316000,0.38,10.15,-3.2961242
82833,29,Walking,8108632274000,1.73,10.57,-2.2201166000000003
82834,29,Walking,8108682292000,1.54,7.93,-3.336985
82835,29,Walking,8108732280000,1.99,7.21,-2.0294318
82836,29,Walking,8108782298000,1.92,7.63,-2.7240696
82837,29,Walking,8108832316000,3.64,9.3,-1.7297841
82838,29,Walking,8108882304000,5.86,11.22,-2.3018389
82839,29,Walking,8108932262000,10.04,11.5,6.3198414000000005
82840,29,Walking,8108982310000,9.19,11.37,1.9204689999999998
82841,29,Walking,8109032268000,4.79,13.76,-1.7297841
82842,29,Walking,8109082316000,0.42,19.46,-4.5900574
82843,29,Walking,8109132274000,-1.76,13.87,2.7240696
82844,29,Walking,8109182292000,1.99,8.08,-2.8330324
82845,29,Walking,8109232310000,1.84,4.1,-1.9885708
82846,29,Walking,8109282298000,-3.68,4.14,-3.214402
82847,29,Walking,8109332286000,-1.73,3.06,-4.440233
82848,29,Walking,8109382304000,13.99,13.02,10.691972999999999
82849,29,Walking,8109432292000,5.6,8.47,2.4108016
82850,29,Walking,8109482310000,1.42,7.55,-1.1441092
82851,29,Walking,8109532268000,5.13,18.12,1.1168685
82852,29,Walking,8109582316000,0.69,8.5,-1.2666923
82853,29,Walking,8109632274000,0.04,10.73,-2.6832085
82854,29,Walking,8109682262000,1.5,11.41,-2.4516625
82855,29,Walking,8109732280000,1.61,8.54,-3.0237172
82856,29,Walking,8109782298000,2.07,8.12,-1.9204689999999998
82857,29,Walking,8109832316000,0.76,6.63,-1.607201
82858,29,Walking,8109882274000,1.95,7.4,-1.6480621
