,user,label,timestamp,x,y,z
82859,29,Walking,8109932262000,3.76,10.57,-1.7978859
82860,29,Walking,8109982280000,7.7,10.57,3.4868089999999996
82861,29,Walking,8110032268000,10.99,10.8,4.290409599999999
82862,29,Walking,8110082286000,7.27,10.57,-0.6946376999999999
82863,29,Walking,8110132274000,7.46,16.28,-3.4459480000000005
82864,29,Walking,8110182262000,0.69,19.57,-7.3141264999999995
82865,29,Walking,8110232280000,-3.26,11.18,3.8681788
82866,29,Walking,8110282298000,0.5,7.93,-2.7240696
82867,29,Walking,8110332286000,0.5,3.45,-2.8738932999999998
82868,29,Walking,8110382304000,-4.25,3.45,-2.6832085
82869,29,Walking,8110432262000,0.31,2.98,-2.8738932999999998
82870,29,Walking,8110482310000,12.64,14.02,10.841797
82871,29,Walking,8110532268000,6.47,7.63,1.6480621
82872,29,Walking,8110582622000,6.05,10.34,1.6889231
82873,29,Walking,8110632274000,6.21,16.51,0.46309182
82874,29,Walking,8110682262000,-1.46,9.3,-3.6774937999999993
82875,29,Walking,8110732280000,-1.57,9.43,-2.3699405
82876,29,Walking,8110782268000,0.08,10.8,-2.3426998
82877,29,Walking,8110832286000,0.89,9.23,-3.6366330000000002
82878,29,Walking,8110882304000,2.07,8.69,-2.5606253
82879,29,Walking,8110932231000,2.07,7.59,-1.9885708
82880,29,Walking,8110982280000,3.02,8.05,-1.9885708
82881,29,Walking,8111032268000,5.28,10.27,-0.27240697
82882,29,Walking,8111082622000,6.93,10.57,1.3756552
82883,29,Walking,8111132274000,11.92,10.73,3.5957718
82884,29,Walking,8111182262000,6.4,12.07,0.7218784
82885,29,Walking,8111232280000,3.99,16.13,-1.7978859
82886,29,Walking,8111282298000,-1.57,19.53,-5.8158884
82887,29,Walking,8111332286000,-1.18,11.65,0.46309182
82888,29,Walking,8111382335000,2.11,6.66,-2.2201166000000003
82889,29,Walking,8111432262000,1.23,3.41,-2.6832085
82890,29,Walking,8111482371000,-3.87,3.76,-3.1463002999999996
82891,29,Walking,8111532268000,0.8,2.91,-3.4459480000000005
82892,29,Walking,8111582347000,14.02,16.28,11.536434
82893,29,Walking,8111642284000,4.52,4.37,3.5685309999999997
82894,29,Walking,8111692210000,-0.46,13.63,-4.0588636
82895,29,Walking,8111742290000,4.18,14.98,-2.0294318
82896,29,Walking,8111792247000,-1.61,8.58,-3.2552630000000002
82897,29,Walking,8111842265000,1.08,11.26,-3.214402
82898,29,Walking,8111892253000,1.95,9.28,-3.1463002999999996
82899,29,Walking,8111942302000,2.37,8.47,-3.4050870000000004
82900,29,Walking,8111992229000,1.57,7.67,-1.8387468999999996
82901,29,Walking,8112042308000,1.92,7.46,-1.0760075
82902,29,Walking,8112092265000,2.83,10.84,5.9793324
82903,29,Walking,8112142314000,5.75,9.7,-3.336985
82904,29,Walking,8112192241000,10.23,11.35,-3.4050870000000004
82905,29,Walking,8112242290000,7.67,11.54,6.2789803
82906,29,Walking,8112292247000,6.44,13.72,-2.070293
82907,29,Walking,8112342265000,1.84,19.46,-5.7477865
82908,29,Walking,8112392253000,-4.14,15.21,4.3993720000000005
82909,29,Walking,8112442302000,-0.8,8.58,-3.6774937999999993
82910,29,Walking,8112492229000,2.49,4.52,-1.9885708
82911,29,Walking,8112542308000,-2.68,4.56,-3.5276701
82912,29,Walking,8112592265000,-2.6,2.91,-2.8330324
82913,29,Walking,8112642375000,12.45,9.08,8.689782000000001
82914,29,Walking,8112702281000,3.45,10.65,0.9942854
82915,29,Walking,8112752238000,1.99,6.63,-0.7218784
82916,29,Walking,8112802318000,6.17,18.96,-0.38136974
82917,29,Walking,8112852214000,-0.42,10.5,0.313268
82918,29,Walking,8112902263000,0.57,9.28,-2.6014863999999998
82919,29,Walking,8112952251000,1.33,9.04,-3.4050870000000004
82920,29,Walking,8113002299000,1.23,8.39,-4.099725
82921,29,Walking,8113052226000,1.42,7.59,-2.1792557
82922,29,Walking,8113102275000,0.65,6.7,-1.8387468999999996
82923,29,Walking,8113152202000,2.37,8.85,-1.3075534
82924,29,Walking,8113202312000,6.47,11.35,4.5628166
82925,29,Walking,8113252238000,6.4,11.75,-3.5957718
82926,29,Walking,8113302318000,12.98,11.14,5.09401
82927,29,Walking,8113352244000,6.55,11.22,-0.08172209
82928,29,Walking,8113402263000,4.99,16.86,-3.9771416
82929,29,Walking,8113452312000,-1.8,19.0,-2.6832085
82930,29,Walking,8113502269000,-2.56,12.07,-2.1111538
82932,29,Walking,8113552257000,0.04,7.21,-3.6366330000000002
82931,29,Walking,8113552257000,0.04,7.21,-3.6366330000000002
82933,29,Walking,8113652110000,-2.87,3.64,-2.7921712000000003
82934,29,Walking,8113702220000,-0.34,2.76,-3.4050870000000004
82935,29,Walking,8113762462000,16.28,16.25,12.367275999999999
82936,29,Walking,8113812205000,7.08,5.6,2.6014863999999998
82937,29,Walking,8113862285000,-0.42,12.45,-2.9147543999999996
82938,29,Walking,8113912211000,5.52,17.2,1.1849703
82939,29,Walking,8113962321000,-2.07,6.28,-4.2495484
82940,29,Walking,8114012248000,-0.08,9.81,-3.4050870000000004
82941,29,Walking,8114062266000,1.46,11.84,-2.3699405
82942,29,Walking,8114112285000,1.27,8.05,-2.8738932999999998
82943,29,Walking,8114162303000,2.07,8.28,-2.4516625
82944,29,Walking,8114212230000,1.76,6.93,-1.4573771999999998
82945,29,Walking,8114262340000,2.34,8.77,-1.56634
82946,29,Walking,8114312266000,5.86,12.41,3.9090397000000006
82947,29,Walking,8114362346000,7.21,11.07,-2.8738932999999998
82948,29,Walking,8114412273000,11.56,10.73,5.1348709999999995
82949,29,Walking,8114462413000,5.86,13.21,0.5720546
82950,29,Walking,8114512248000,4.37,18.39,-5.243834
82951,29,Walking,8114562266000,-1.31,18.09,-2.8330324
82952,29,Walking,8114612285000,-2.14,9.72,-1.1441092
82953,29,Walking,8114662334000,1.08,5.79,-3.336985
82954,29,Walking,8114712199000,-0.84,3.34,-3.0645783
82955,29,Walking,8114762401000,-4.33,2.37,-4.290409599999999
82956,29,Walking,8114812236000,7.4,5.63,2.4516625
82957,29,Walking,8114862315000,10.12,15.55,5.5162406
82958,29,Walking,8114912211000,5.63,5.05,4.8216033
82959,29,Walking,8114962474000,0.46,14.63,-5.7886477
82960,29,Walking,8115012279000,3.34,15.17,-2.5606253
82961,29,Walking,8115062266000,-1.5,10.23,-0.61291564
82962,29,Walking,8115112254000,0.65,10.61,-2.7921712000000003
82963,29,Walking,8115162273000,1.76,8.69,-2.6832085
82964,29,Walking,8115212230000,1.61,8.31,-2.6832085
82965,29,Walking,8115262279000,1.84,6.4,-1.9204689999999998
82966,29,Walking,8115312205000,3.06,7.78,-2.1111538
82967,29,Walking,8115362285000,4.06,9.92,-2.0294318
82968,29,Walking,8115412242000,6.7,10.38,5.2165932999999995
82969,29,Walking,8115462321000,10.46,10.73,2.5606253
82970,29,Walking,8115512279000,7.46,11.37,0.92618364
82971,29,Walking,8115562266000,6.7,16.63,-2.7513103
82972,29,Walking,8115612285000,0.27,19.57,-6.1291566
82973,29,Walking,8115662273000,-2.79,13.38,2.6423476000000004
82974,29,Walking,8115712199000,0.19,8.5,-3.2552630000000002
82975,29,Walking,8115762309000,1.12,2.98,-2.1792557
82976,29,Walking,8115812205000,-4.48,2.07,-4.018002500000001
82977,29,Walking,8115862285000,1.12,2.79,-3.5276701
82978,29,Walking,8115912273000,15.4,14.94,10.119919
82979,29,Walking,8115962291000,3.99,7.63,2.0294318
82980,29,Walking,8116012279000,-0.53,13.99,2.6832085
82981,29,Walking,8116062297000,10.12,13.8,-4.4810944
82982,29,Walking,8116112224000,-2.26,8.5,-0.3405087
82983,29,Walking,8116162273000,0.46,10.99,-2.0294318
82984,29,Walking,8116212199000,1.5,10.38,-2.8330324
82985,29,Walking,8116262279000,1.38,9.23,-3.2552630000000002
82986,29,Walking,8116312236000,1.73,8.58,-1.9204689999999998
82987,29,Walking,8116362285000,1.5,7.27,-1.4165162
82988,29,Walking,8116412242000,3.45,7.93,-1.7297841
82989,29,Walking,8116462291000,4.14,10.31,4.5628166
82990,29,Walking,8116512218000,6.97,10.34,-3.0645783
82991,29,Walking,8116562297000,10.53,11.69,-0.10896278
82992,29,Walking,8116612224000,5.98,12.15,3.4050870000000004
82993,29,Walking,8116662334000,3.91,16.36,-1.7297841
82994,29,Walking,8116712199000,-1.12,19.5,-1.9885708
82995,29,Walking,8116762279000,-1.69,10.76,-1.3756552
82996,29,Walking,8116812236000,2.83,4.21,-2.2609777
82997,29,Walking,8116862285000,0.08,4.52,-3.0237172
82998,29,Walking,8116912211000,-3.87,4.48,-3.214402
82999,29,Walking,8116962260000,0.23,3.21,-4.5900574
83000,29,Walking,8117012340000,15.17,16.4,11.413852
83001,29,Walking,8117062327000,5.67,5.37,1.6480621
83002,29,Walking,8117112224000,1.69,13.38,-1.9885708
83003,29,Walking,8117162303000,7.21,14.44,0.7218784
83004,29,Walking,8117212199000,-1.69,11.3,-2.982856
83005,29,Walking,8117262279000,-0.04,10.57,-3.1054392
83006,29,Walking,8117312205000,0.34,8.62,-3.0645783
83007,29,Walking,8117362315000,1.54,8.89,-2.8330324
83008,29,Walking,8117412242000,1.88,7.08,-1.7978859
83009,29,Walking,8117462291000,2.76,6.7,-1.3756552
83010,29,Walking,8117512218000,4.06,9.15,-2.3018389
83011,29,Walking,8117562297000,6.85,10.08,4.5219555
83012,29,Walking,8117612224000,9.7,11.75,-1.2666923
83013,29,Walking,8117662273000,9.11,11.92,2.1111538
83014,29,Walking,8117712199000,5.37,15.55,-1.4573771999999998
83015,29,Walking,8117762309000,0.53,19.57,-4.630918
83016,29,Walking,8117812358000,-0.53,12.72,1.4165162
83017,29,Walking,8117862285000,1.31,7.63,-2.6832085
83018,29,Walking,8117912211000,0.69,4.99,-2.2609777
83019,29,Walking,8117962291000,-3.76,3.99,-2.9556155
83020,29,Walking,8118012218000,-0.72,2.03,-4.2086873
83021,29,Walking,8118062327000,13.99,11.99,11.304889
83022,29,Walking,8118112224000,4.82,9.77,1.9204689999999998
83023,29,Walking,8118162303000,2.64,12.6,0.7218784
83024,29,Walking,8118212230000,7.5,12.95,-2.0294318
83025,29,Walking,8118262279000,-1.95,11.18,-1.607201
83026,29,Walking,8118312236000,1.08,11.37,-2.5606253
83027,29,Walking,8118362285000,1.69,8.73,-3.5685309999999997
83028,29,Walking,8118412242000,1.8,8.96,-2.7240696
83029,29,Walking,8118462260000,2.15,8.05,-1.6889231
83030,29,Walking,8118512218000,2.11,6.82,-1.525479
83031,29,Walking,8118562297000,3.83,8.05,-1.8796080000000002
83033,29,Walking,8118612224000,3.34,10.53,4.018002500000001
83032,29,Walking,8118612224000,3.34,10.53,4.018002500000001
83034,29,Walking,8118712260000,9.43,11.56,5.325556
83035,29,Walking,8118762279000,8.16,11.26,-0.50395286
83036,29,Walking,8118812205000,5.94,15.55,-3.2961242
83037,29,Walking,8118862285000,-2.07,19.57,-3.1463002999999996
83038,29,Walking,8118912211000,-3.11,12.68,-1.1441092
83039,29,Walking,8118962260000,0.15,8.31,-2.8738932999999998
83040,29,Walking,8119012279000,0.99,3.21,-2.5333846
83041,29,Walking,8119062297000,-3.41,3.64,-2.3426998
83042,29,Walking,8119112254000,2.11,2.45,-2.5606253
83043,29,Walking,8119162303000,13.21,13.82,9.80665
83044,29,Walking,8119212260000,7.55,6.82,2.5333846
83045,29,Walking,8119262309000,3.3,15.75,0.10896278
83046,29,Walking,8119312236000,4.86,11.45,-1.7978859
83047,29,Walking,8119362285000,-2.6,9.23,-3.5957718
83048,29,Walking,8119412211000,-0.15,11.6,-1.8387468999999996
83049,29,Walking,8119462230000,0.38,9.34,-2.6832085
83050,29,Walking,8119512248000,1.5,8.96,-2.7513103
83051,29,Walking,8119562266000,1.99,7.55,-1.8387468999999996
83052,29,Walking,8119612254000,1.31,6.85,-1.6889231
83053,29,Walking,8119662364000,3.6,9.38,-1.6889231
83054,29,Walking,8119712260000,3.53,10.31,1.1849703
83055,29,Walking,8119762309000,6.55,11.37,4.290409599999999
83056,29,Walking,8119812236000,11.56,11.37,4.290409599999999
83057,29,Walking,8119862315000,7.97,10.15,0.8036005
83058,29,Walking,8119912303000,6.17,16.97,-3.0645783
