,user,label,timestamp,x,y,z
687145,30,Walking,202182292000,12.11,-4.59,-6.78
687146,30,Walking,202232310000,17.88,-10.04,2.3
687147,30,Walking,202312297000,9.81,-10.61,-12.3
687148,30,Walking,202362346000,11.26,-4.67,-8.5
687149,30,Walking,202412334000,16.21,-0.3,-13.76
687150,30,Walking,202462382000,15.02,9.77,-11.99
687151,30,Walking,202512309000,5.09,10.38,-1.31
687152,30,Walking,202562266000,-1.57,9.66,-5.63
687153,30,Walking,202612437000,0.15,11.8,-3.87
687154,30,Walking,202662334000,3.26,7.25,-0.04
687156,30,Walking,202712291000,12.3,-2.14,7.74
687155,30,Walking,202712291000,12.3,-2.14,7.74
687157,30,Walking,202792369000,15.6,-13.63,-6.13
687158,30,Walking,202842357000,1.65,-1.08,-2.68
687159,30,Walking,202892345000,7.31,-0.08,-3.87
687160,30,Walking,202892345000,7.31,-0.08,-3.87
687161,30,Walking,202971599000,14.9,7.5,-15.21
687162,30,Walking,203023692000,2.87,4.82,-2.75
687163,30,Walking,203083049000,8.12,0.34,-4.82
687164,30,Walking,203142345000,11.26,-0.08,-6.93
687165,30,Walking,203192363000,11.03,-1.57,-5.79
687166,30,Walking,203242351000,15.51,-4.67,-5.56
687167,30,Walking,203242351000,15.51,-4.67,-5.56
687168,30,Walking,203330455000,18.01,-11.95,-0.53
687169,30,Walking,203383006000,9.04,-7.04,-8.92
687170,30,Walking,203432292000,13.48,0.42,-11.92
687171,30,Walking,203512279000,17.27,9.19,-14.06
687172,30,Walking,203562266000,4.21,8.16,-1.27
687173,30,Walking,203612346000,-2.26,11.03,-6.24
687174,30,Walking,203662334000,1.69,9.19,-1.84
687175,30,Walking,203712321000,2.68,4.4,1.61
687176,30,Walking,203712321000,2.68,4.4,1.61
687177,30,Walking,203812450000,19.0,-7.55,-5.75
687178,30,Walking,203862254000,7.67,-5.71,-3.06
687179,30,Walking,203912395000,6.21,0.08,-3.68
687180,30,Walking,203962932000,17.62,4.37,-7.78
687181,30,Walking,203962932000,17.62,4.37,-7.78
687182,30,Walking,204052287000,-1.88,9.85,-7.74
687183,30,Walking,204102336000,5.79,1.08,-4.79
687184,30,Walking,204152324000,10.31,-0.04,-7.27
687185,30,Walking,204202342000,11.03,-0.8,-6.97
687186,30,Walking,204252330000,12.37,-2.96,-6.13
687188,30,Walking,204302348000,13.99,-6.13,-7.04
687187,30,Walking,204302348000,13.99,-6.13,-7.04
687189,30,Walking,204392314000,16.97,-12.95,2.03
687190,30,Walking,204442302000,9.66,-2.75,-6.97
687191,30,Walking,204492320000,13.76,0.65,-11.37
687192,30,Walking,204562236000,11.92,8.66,-6.97
687193,30,Walking,204612315000,3.57,8.58,-2.26
687194,30,Walking,204662334000,-1.46,10.27,-6.09
687195,30,Walking,204712321000,2.37,8.08,-1.92
687197,30,Walking,204762340000,3.76,4.25,2.03
687196,30,Walking,204762340000,3.76,4.25,2.03
687198,30,Walking,204849467000,18.81,-7.12,-7.78
687199,30,Walking,204903056000,6.78,-6.21,-1.12
687200,30,Walking,204952342000,4.18,0.0,-3.36
687201,30,Walking,204952342000,4.18,0.0,-3.36
687202,30,Walking,205043895000,14.75,3.91,-6.32
687203,30,Walking,205102336000,-2.45,10.31,-8.47
687204,30,Walking,205152293000,6.36,0.89,-5.37
687205,30,Walking,205202342000,10.34,-0.23,-7.27
687206,30,Walking,205252299000,10.31,-1.31,-7.97
687207,30,Walking,205302348000,12.64,-3.26,-7.5
687208,30,Walking,205302348000,12.64,-3.26,-7.5
687209,30,Walking,205385570000,15.7,-8.73,-8.05
687210,30,Walking,205442271000,6.85,-12.6,-10.99
687211,30,Walking,205492259000,12.49,-0.61,-10.57
687212,30,Walking,205568065000,16.44,2.98,-11.84
687213,30,Walking,205568065000,16.44,2.98,-11.84
687214,30,Walking,205623271000,6.13,9.19,-1.73
687215,30,Walking,205682353000,-1.76,10.19,-5.75
687216,30,Walking,205732341000,1.23,10.46,-2.53
687217,30,Walking,205782329000,0.89,5.09,0.69
687218,30,Walking,205832316000,15.24,-3.98,4.82
687219,30,Walking,205912303000,11.3,-12.26,-3.83
687220,30,Walking,205962321000,4.4,-1.14,-3.3
687222,30,Walking,206012340000,12.03,0.93,-5.2
687221,30,Walking,206012340000,12.03,0.93,-5.2
687223,30,Walking,206102275000,12.87,6.66,-10.53
687224,30,Walking,206152293000,2.53,3.3,-3.36
687225,30,Walking,206202312000,7.86,-0.42,-5.48
687226,30,Walking,206252269000,10.19,0.38,-6.82
687227,30,Walking,206302348000,10.19,-0.46,-8.77
687228,30,Walking,206352336000,13.25,-3.6,-8.66
687229,30,Walking,206352336000,13.25,-3.6,-8.66
687230,30,Walking,206424510000,17.5,-10.61,-4.1
687231,30,Walking,206482402000,5.33,-10.08,-8.2
687232,30,Walking,206532359000,12.76,-0.91,-10.65
687234,30,Walking,206584239000,15.55,1.61,-12.41
687233,30,Walking,206584239000,15.55,1.61,-12.41
687235,30,Walking,206673686000,5.63,9.15,-1.57
687236,30,Walking,206732310000,-1.76,11.69,-6.47
687237,30,Walking,206782329000,2.96,11.03,-4.14
687238,30,Walking,206832316000,1.18,3.34,3.45
687239,30,Walking,206882335000,19.57,-6.43,4.02
687240,30,Walking,206952281000,13.48,-12.56,-5.71
687241,30,Walking,207002360000,3.91,-0.69,-3.53
687242,30,Walking,207052348000,10.08,0.46,-4.56
687243,30,Walking,207114574000,11.22,6.66,-12.95
687244,30,Walking,207114574000,11.22,6.66,-12.95
687245,30,Walking,207173259000,0.5,7.27,-5.67
687246,30,Walking,207232371000,7.89,0.53,-3.45
687247,30,Walking,207282268000,10.5,0.53,-6.4
687248,30,Walking,207332347000,11.54,-0.76,-7.59
687249,30,Walking,207382304000,13.59,-4.25,-6.63
687250,30,Walking,207456248000,17.31,-11.84,-1.57
687251,30,Walking,207522044000,4.86,-9.58,-9.28
687252,30,Walking,207522044000,4.86,-9.58,-9.28
687253,30,Walking,207573466000,16.04,1.42,-12.11
687254,30,Walking,207632396000,18.24,3.53,-11.65
687255,30,Walking,207692332000,5.28,10.23,-5.09
687256,30,Walking,207742320000,-1.38,9.53,-5.67
687257,30,Walking,207792338000,0.19,9.28,-3.64
687258,30,Walking,207842357000,2.6,5.94,-0.72
687260,30,Walking,207892345000,13.99,4.02,-1.76
687259,30,Walking,207892345000,13.99,4.02,-1.76
687261,30,Walking,207973643000,17.43,-10.53,-13.4
687262,30,Walking,208032329000,1.84,-0.5,-3.72
687263,30,Walking,208082316000,9.19,1.12,-7.16
687265,30,Walking,208232982000,3.11,3.26,-7.16
687264,30,Walking,208232982000,3.11,3.26,-7.16
687266,30,Walking,208232982000,3.11,3.26,-7.16
687267,30,Walking,208282268000,8.92,0.84,-9.53
687268,30,Walking,208332469000,9.81,-1.14,-8.58
687269,30,Walking,208382304000,11.75,-3.6,-8.96
687270,30,Walking,208432292000,13.67,-7.63,-8.16
687271,30,Walking,208494395000,14.82,-12.87,-1.46
687272,30,Walking,208552379000,8.77,-7.7,-5.37
687274,30,Walking,208602244000,13.38,4.33,-11.73
687273,30,Walking,208602244000,13.38,4.33,-11.73
687275,30,Walking,208676280000,14.02,3.3,-9.49
687276,30,Walking,208732341000,5.09,9.62,-3.6
687277,30,Walking,208782329000,-1.33,8.85,-6.55
687278,30,Walking,208832316000,0.04,8.89,-3.98
687279,30,Walking,208882335000,3.64,6.05,-0.8
687280,30,Walking,208932262000,17.77,1.38,-10.38
687281,30,Walking,208932262000,17.77,1.38,-10.38
687282,30,Walking,209023051000,10.65,-12.64,-8.35
687284,30,Walking,209073711000,2.96,0.69,-1.88
687283,30,Walking,209073711000,2.96,0.69,-1.88
687285,30,Walking,209175883000,12.57,1.95,-2.91
687286,30,Walking,209232341000,3.72,9.51,-11.3
687287,30,Walking,209282359000,2.64,2.18,-5.63
687288,30,Walking,209332286000,7.63,0.46,-7.74
687289,30,Walking,209382335000,11.54,-0.57,-8.27
687290,30,Walking,209432262000,13.14,-2.68,-8.35
687291,30,Walking,209482280000,15.17,-7.4,-9.23
687292,30,Walking,209542308000,12.49,-14.94,-7.7
687293,30,Walking,209594218000,7.82,-5.67,-4.33
687294,30,Walking,209652293000,14.06,0.31,-13.33
687295,30,Walking,209652293000,14.06,0.31,-13.33
687296,30,Walking,209732341000,18.5,7.97,-11.84
687297,30,Walking,209782268000,3.15,9.15,-2.49
687298,30,Walking,209832286000,-2.37,10.34,-6.28
687299,30,Walking,209882335000,1.42,8.35,-3.36
687300,30,Walking,209932262000,3.91,5.79,0.38
687301,30,Walking,209982432000,17.54,0.15,-6.13
687302,30,Walking,210052257000,16.97,-18.2,-3.17
687303,30,Walking,210102244000,3.26,-2.14,-3.98
687305,30,Walking,210152293000,7.01,1.99,-4.1
687304,30,Walking,210152293000,7.01,1.99,-4.1
687306,30,Walking,210232371000,15.13,7.06,-5.82
687307,30,Walking,210282268000,-0.11,7.4,-9.3
687308,30,Walking,210332286000,3.45,3.21,-7.82
687309,30,Walking,210382335000,9.51,-0.27,-7.93
687310,30,Walking,210432262000,10.5,-1.46,-7.7
687311,30,Walking,210482341000,13.25,-3.41,-7.65
687312,30,Walking,210532268000,16.28,-8.24,-5.18
687313,30,Walking,210612346000,7.12,-15.43,-12.34
687314,30,Walking,210662364000,9.89,-1.23,-7.08
687315,30,Walking,210712321000,15.66,1.27,-13.63
687316,30,Walking,210712321000,15.66,1.27,-13.63
687317,30,Walking,210782359000,8.43,9.89,-3.68
687318,30,Walking,210832347000,1.99,8.35,-3.06
687319,30,Walking,210832347000,1.99,8.35,-3.06
687320,30,Walking,210953929000,0.57,9.11,-2.79
687321,30,Walking,211002177000,12.98,4.71,1.92
687322,30,Walking,211054668000,14.37,-11.33,-10.31
687323,30,Walking,211112254000,13.02,-13.78,-5.09
687325,30,Walking,211162334000,1.99,1.27,-2.22
687324,30,Walking,211162334000,1.99,1.27,-2.22
687326,30,Walking,211252330000,15.83,5.37,-6.09
687327,30,Walking,211302348000,3.72,6.51,-5.37
687328,30,Walking,211352336000,2.79,3.21,-7.5
687329,30,Walking,211402324000,5.71,1.73,-9.7
687330,30,Walking,211452342000,7.82,0.57,-8.43
687331,30,Walking,211502330000,14.48,-2.72,-14.1
687333,30,Walking,211552348000,13.76,-7.5,-10.57
687332,30,Walking,211552348000,13.76,-7.5,-10.57
687334,30,Walking,211632426000,10.23,-16.93,-10.34
687335,30,Walking,211686656000,15.7,3.11,-4.52
687336,30,Walking,211742259000,10.34,6.89,-7.21
687338,30,Walking,211794414000,6.93,4.6,-3.02
687337,30,Walking,211794414000,6.93,4.6,-3.02
687339,30,Walking,211882274000,3.21,8.47,-2.75
687340,30,Walking,211932323000,-3.06,8.24,-7.21
687341,30,Walking,211982280000,1.12,6.24,-3.26
687343,30,Walking,212032237000,11.6,4.9,-5.9
687342,30,Walking,212032237000,11.6,4.9,-5.9
687344,30,Walking,212132243000,9.85,-10.99,-4.33
