,user,label,timestamp,x,y,z
688945,30,Walking,292182323000,10.04,-0.11,-5.79
688946,30,Walking,292232280000,11.11,-1.04,-7.93
688947,30,Walking,292282329000,10.84,-1.8,-6.85
688948,30,Walking,292332286000,15.36,-5.41,-6.82
688949,30,Walking,292406291000,18.16,-14.79,4.79
688951,30,Walking,292462321000,9.72,-6.55,-5.67
688950,30,Walking,292462321000,9.72,-6.55,-5.67
688952,30,Walking,292522929000,15.66,-0.23,-14.56
688953,30,Walking,292573527000,18.62,5.98,-8.66
688954,30,Walking,292632335000,6.89,9.92,-1.99
688955,30,Walking,292682262000,-2.03,11.14,-7.44
688956,30,Walking,292732341000,0.23,10.31,-3.41
688957,30,Walking,292782268000,1.23,6.78,0.23
688958,30,Walking,292832286000,12.37,-3.3,9.47
688959,30,Walking,292912273000,14.06,-13.14,-3.79
688960,30,Walking,292962321000,5.22,-0.99,-2.53
688961,30,Walking,293012309000,11.35,2.18,-1.99
688962,30,Walking,293012309000,11.35,2.18,-1.99
688963,30,Walking,293072948000,12.26,11.8,-14.94
688964,30,Walking,293123515000,0.27,7.08,-3.98
688965,30,Walking,293182262000,7.27,0.11,-2.98
688966,30,Walking,293232280000,9.89,-1.38,-5.6
688967,30,Walking,293282268000,12.3,-2.41,-7.04
688968,30,Walking,293332347000,14.18,-4.71,-7.31
688969,30,Walking,293382274000,17.05,-10.42,-3.83
688970,30,Walking,293452403000,7.35,-9.58,-9.66
688971,30,Walking,293502330000,13.38,-3.41,-7.78
688972,30,Walking,293552348000,16.28,-1.61,-10.72
688973,30,Walking,293602336000,18.81,6.05,-8.62
688974,30,Walking,293652324000,5.71,11.11,-6.93
688975,30,Walking,293702342000,-2.98,10.76,-6.63
688976,30,Walking,293752330000,0.89,8.43,-4.33
688977,30,Walking,293802348000,0.76,6.7,0.11
688978,30,Walking,293852336000,9.38,-1.53,9.34
688979,30,Walking,293918101000,17.77,-9.7,-11.56
688980,30,Walking,293918101000,17.77,-9.7,-11.56
688981,30,Walking,293972880000,7.01,-5.43,-2.18
688982,30,Walking,294023509000,7.63,0.53,-3.87
688983,30,Walking,294092265000,14.06,8.77,-13.95
688984,30,Walking,294142345000,-1.92,8.12,-3.91
688985,30,Walking,294192332000,5.9,-0.53,-1.5
688986,30,Walking,294242320000,11.14,-0.34,-6.32
688987,30,Walking,294292338000,11.8,-0.38,-8.81
688988,30,Walking,294342357000,13.33,-2.83,-7.78
688990,30,Walking,294392345000,15.79,-7.86,-2.56
688989,30,Walking,294392345000,15.79,-7.86,-2.56
688991,30,Walking,294473491000,6.28,-12.83,-10.34
688992,30,Walking,294532420000,10.5,-5.24,-9.38
688993,30,Walking,294582316000,17.43,-0.19,-14.75
688994,30,Walking,294662334000,6.93,9.3,-2.53
688995,30,Walking,294712260000,0.53,9.89,-5.71
688996,30,Walking,294762340000,0.11,11.22,-3.98
688997,30,Walking,294812297000,1.84,9.51,-1.57
688998,30,Walking,294862315000,4.37,-1.31,9.58
688999,30,Walking,294912303000,19.53,-6.89,3.06
689000,30,Walking,294912303000,19.53,-6.89,3.06
689001,30,Walking,294972941000,15.43,-11.88,-4.25
689002,30,Walking,295023601000,4.48,0.57,-2.22
689003,30,Walking,295082316000,17.54,4.29,-4.63
689004,30,Walking,295132274000,-5.94,13.57,-13.44
689005,30,Walking,295182262000,5.18,0.23,-1.08
689006,30,Walking,295232310000,9.08,-0.04,-3.36
689007,30,Walking,295282268000,10.8,0.34,-7.63
689008,30,Walking,295332347000,11.22,-1.42,-5.37
689009,30,Walking,295382274000,14.6,-5.01,-4.37
689010,30,Walking,295432872000,17.97,-11.37,-3.3
689011,30,Walking,295432872000,17.97,-11.37,-3.3
689012,30,Walking,295532359000,9.81,-8.16,-7.21
689013,30,Walking,295582316000,14.37,-1.42,-12.41
689014,30,Walking,295642314000,18.77,3.91,-12.6
689015,30,Walking,295692332000,6.78,10.31,-2.75
689016,30,Walking,295742137000,-0.95,11.54,-8.16
689017,30,Walking,295792216000,0.0,10.34,-5.09
689018,30,Walking,295842265000,0.69,6.97,-0.57
689019,30,Walking,295892314000,5.79,-2.83,10.8
689020,30,Walking,295944072000,17.62,-7.08,-3.57
689021,30,Walking,296002330000,12.15,-8.47,-2.18
689022,30,Walking,296052287000,7.97,-0.3,-1.84
689023,30,Walking,296102336000,16.63,3.53,-2.18
689024,30,Walking,296152293000,-0.65,13.06,-17.92
689025,30,Walking,296202342000,3.64,2.6,-2.98
689026,30,Walking,296252330000,7.55,0.31,-3.6
689027,30,Walking,296302348000,7.97,0.8,-6.17
689028,30,Walking,296352336000,10.99,0.27,-7.16
689029,30,Walking,296402324000,17.92,-4.21,-6.66
689030,30,Walking,296452312000,18.58,-13.57,7.63
689031,30,Walking,296452312000,18.58,-13.57,7.63
689032,30,Walking,296532420000,6.59,-12.3,-11.75
689033,30,Walking,296592296000,12.79,-2.14,-10.11
689035,30,Walking,296642314000,17.39,1.95,-12.76
689034,30,Walking,296642314000,17.39,1.95,-12.76
689036,30,Walking,296762187000,-1.46,11.22,-7.46
689037,30,Walking,296812327000,-0.3,9.62,-4.63
689038,30,Walking,296862346000,1.04,8.58,-3.45
689039,30,Walking,296912334000,9.47,2.53,9.34
689040,30,Walking,296912334000,9.47,2.53,9.34
689041,30,Walking,296982341000,13.57,-10.88,-13.91
689042,30,Walking,297032329000,5.48,-3.95,-2.75
689043,30,Walking,297082286000,6.51,0.8,-3.11
689044,30,Walking,297152385000,14.63,8.81,-12.95
689045,30,Walking,297202342000,-2.41,9.77,-6.97
689046,30,Walking,297252330000,4.79,0.93,-3.76
689047,30,Walking,297302379000,8.05,-0.84,-7.25
689048,30,Walking,297352336000,9.77,-0.38,-9.49
689049,30,Walking,297402324000,15.79,-4.06,-10.8
689050,30,Walking,297452342000,17.67,-12.98,3.83
689051,30,Walking,297452342000,17.67,-12.98,3.83
689052,30,Walking,297532420000,6.28,-9.96,-10.61
689053,30,Walking,297582347000,12.91,-3.26,-11.14
689054,30,Walking,297632274000,16.02,-0.89,-11.92
689055,30,Walking,297692271000,16.74,8.43,-9.53
689056,30,Walking,297742320000,3.34,11.35,-4.56
689057,30,Walking,297792338000,-3.17,10.92,-5.37
689058,30,Walking,297842326000,1.8,9.47,-2.87
689059,30,Walking,297892345000,0.08,3.6,3.38
689060,30,Walking,297942302000,18.28,-5.24,2.68
689061,30,Walking,297942302000,18.28,-5.24,2.68
689062,30,Walking,298023112000,13.1,-11.92,-2.83
689063,30,Walking,298073741000,5.05,-1.08,-2.26
689064,30,Walking,298132365000,16.44,4.48,-3.06
689065,30,Walking,298202342000,-4.02,14.29,-16.89
689066,30,Walking,298252330000,3.57,0.89,-2.6
689067,30,Walking,298302348000,8.05,-0.42,-4.52
689068,30,Walking,298352336000,9.89,0.11,-6.89
689069,30,Walking,298402324000,10.38,-0.69,-8.43
689070,30,Walking,298452342000,15.21,-4.71,-8.73
689071,30,Walking,298452342000,15.21,-4.71,-8.73
689072,30,Walking,298526286000,19.08,-14.94,2.41
689073,30,Walking,298582316000,7.12,-6.7,-5.82
689074,30,Walking,298632304000,14.29,-0.65,-12.15
689075,30,Walking,298685344000,17.77,1.8,-11.73
689076,30,Walking,298742198000,11.26,8.66,-3.64
689077,30,Walking,298792338000,2.22,10.04,-5.56
689078,30,Walking,298842326000,-1.27,12.11,-5.6
689079,30,Walking,298892345000,1.57,8.47,-2.14
689080,30,Walking,298942302000,1.14,0.31,5.75
689081,30,Walking,299015147000,19.46,-10.0,-3.76
689082,30,Walking,299015147000,19.46,-10.0,-3.76
689083,30,Walking,299072887000,11.45,-7.35,0.08
689084,30,Walking,299123546000,8.2,1.14,-2.56
689085,30,Walking,299185618000,16.44,8.35,-9.66
689086,30,Walking,299242229000,-3.34,12.18,-10.38
689087,30,Walking,299292399000,5.13,-0.42,-2.41
689088,30,Walking,299342326000,10.88,-0.95,-6.43
689089,30,Walking,299392345000,10.08,-0.76,-7.5
689090,30,Walking,299442302000,12.64,-2.72,-6.78
689091,30,Walking,299492320000,17.05,-7.93,-3.83
689092,30,Walking,299492320000,17.05,-7.93,-3.83
689094,30,Walking,299573070000,13.82,-12.45,-3.26
689093,30,Walking,299573070000,13.82,-12.45,-3.26
689095,30,Walking,299679698000,8.77,-4.29,-8.24
689096,30,Walking,299752299000,17.31,9.28,-11.22
689097,30,Walking,299802348000,1.84,11.18,-6.85
689098,30,Walking,299852336000,-1.38,10.12,-3.34
689099,30,Walking,299902324000,1.73,8.96,-2.72
689100,30,Walking,299952342000,1.08,3.3,3.26
689102,30,Walking,300002330000,19.23,-6.78,1.38
689101,30,Walking,300002330000,19.23,-6.78,1.38
689103,30,Walking,300072978000,15.17,-13.02,-5.37
689104,30,Walking,300123576000,3.02,-1.12,-1.92
689105,30,Walking,300182323000,14.79,1.23,-5.13
689106,30,Walking,300243632000,-4.99,16.51,-17.58
689107,30,Walking,300302348000,2.72,1.92,-1.08
689108,30,Walking,300352336000,8.58,-0.53,-5.28
689109,30,Walking,300402324000,11.07,-0.42,-7.65
689110,30,Walking,300452342000,12.45,-1.38,-7.04
689111,30,Walking,300502330000,15.79,-4.99,-4.82
689112,30,Walking,300502330000,15.79,-4.99,-4.82
689113,30,Walking,300581279000,17.62,-12.68,4.6
689114,30,Walking,300632304000,8.35,-7.4,-8.08
689116,30,Walking,300682323000,15.51,-0.15,-14.86
689115,30,Walking,300682323000,15.51,-0.15,-14.86
689117,30,Walking,300812205000,4.4,9.72,-1.38
689118,30,Walking,300862376000,-3.02,10.12,-4.79
689119,30,Walking,300912334000,0.65,9.85,-4.02
689120,30,Walking,300962321000,0.93,5.05,-0.69
689121,30,Walking,301012340000,15.36,-4.14,1.46
689122,30,Walking,301012340000,15.36,-4.14,1.46
689123,30,Walking,301073772000,6.47,-12.07,-7.16
689124,30,Walking,301132365000,6.74,-2.83,-2.45
689125,30,Walking,301182323000,11.75,1.33,-4.06
689126,30,Walking,301242381000,11.92,11.07,-13.38
689127,30,Walking,301292308000,-1.92,7.55,-6.13
689128,30,Walking,301342265000,4.37,0.93,-4.44
689129,30,Walking,301392345000,9.28,-0.76,-8.62
689130,30,Walking,301442302000,9.53,-0.95,-8.92
689131,30,Walking,301492320000,13.57,-3.57,-9.66
689132,30,Walking,301542644000,17.77,-11.11,-2.41
689133,30,Walking,301602336000,7.67,-7.78,-10.27
689134,30,Walking,301652293000,8.66,-5.9,-8.16
689135,30,Walking,301702281000,16.59,-2.07,-12.03
689136,30,Walking,301763988000,19.04,4.71,-9.53
689137,30,Walking,301812389000,5.79,9.43,-1.69
689138,30,Walking,301862315000,0.99,10.31,-4.99
689139,30,Walking,301912303000,1.65,12.79,-4.75
689140,30,Walking,301962352000,1.27,6.66,-0.34
689141,30,Walking,302012279000,6.63,1.23,6.55
689142,30,Walking,302012279000,6.63,1.23,6.55
689143,30,Walking,302092387000,18.31,-12.98,-11.95
689144,30,Walking,302142314000,2.41,-1.18,-2.72
