,user,label,timestamp,x,y,z
693145,30,Walking,502192332000,8.2,-1.33,-4.52
693146,30,Walking,502242320000,9.28,-0.08,-7.08
693147,30,Walking,502292338000,12.87,-0.84,-7.5
693148,30,Walking,502342326000,18.28,-5.94,-3.3
693150,30,Walking,502415141000,15.24,-12.26,3.64
693149,30,Walking,502415141000,15.24,-12.26,3.64
693151,30,Walking,502473430000,9.81,-5.56,-7.7
693152,30,Walking,502532329000,15.66,-1.42,-11.73
693153,30,Walking,502612346000,11.54,8.01,-7.04
693154,30,Walking,502662334000,1.69,10.0,-6.32
693155,30,Walking,502712291000,-1.33,9.23,-5.09
693156,30,Walking,502762370000,2.53,9.04,-3.79
693157,30,Walking,502812297000,1.5,3.72,3.21
693159,30,Walking,502862346000,19.34,-7.12,5.63
693158,30,Walking,502862346000,19.34,-7.12,5.63
693160,30,Walking,502923656000,9.15,-9.38,-2.72
693161,30,Walking,502982341000,7.93,-2.49,-5.05
693162,30,Walking,503032329000,13.76,1.92,-4.21
693163,30,Walking,503092326000,7.08,8.62,-13.99
693164,30,Walking,503142253000,1.31,6.13,-4.9
693165,30,Walking,503192302000,7.46,0.19,-2.14
693166,30,Walking,503242290000,10.31,-0.15,-6.09
693167,30,Walking,503292369000,10.76,-0.69,-7.7
693168,30,Walking,503342326000,12.49,-3.02,-6.82
693170,30,Walking,503413158000,18.12,-12.41,-0.04
693169,30,Walking,503413158000,18.12,-12.41,-0.04
693171,30,Walking,503473094000,8.43,-12.3,-14.25
693172,30,Walking,503523753000,10.84,-1.31,-6.24
693173,30,Walking,503585307000,13.14,0.65,-10.0
693174,30,Walking,503662212000,6.21,8.89,-4.14
693175,30,Walking,503712291000,0.84,9.53,-8.24
693176,30,Walking,503762309000,-1.61,8.92,-4.29
693177,30,Walking,503812327000,2.11,7.63,-2.72
693178,30,Walking,503862315000,10.38,4.33,3.26
693179,30,Walking,503862315000,10.38,4.33,3.26
693180,30,Walking,503952281000,13.53,-12.6,-3.06
693181,30,Walking,504002513000,2.96,-1.23,-1.76
693182,30,Walking,504052348000,10.42,1.42,-6.09
693183,30,Walking,504052348000,10.42,1.42,-6.09
693184,30,Walking,504123637000,6.63,11.18,-12.34
693185,30,Walking,504182262000,-0.65,5.01,-3.53
693186,30,Walking,504232341000,7.31,0.46,-7.65
693187,30,Walking,504290385000,10.27,-1.33,-8.73
693188,30,Walking,504342265000,10.5,-2.6,-6.09
693189,30,Walking,504392253000,13.99,-6.02,-8.43
693190,30,Walking,504443797000,16.97,-13.25,2.56
693191,30,Walking,504492229000,8.47,-11.33,-10.72
693192,30,Walking,504542338000,9.43,-1.69,-6.24
693193,30,Walking,504592265000,14.86,1.65,-10.46
693194,30,Walking,504662364000,16.86,9.51,-10.34
693195,30,Walking,504712321000,3.91,8.69,-2.75
693196,30,Walking,504762279000,-2.41,9.7,-6.28
693197,30,Walking,504812297000,1.14,8.2,-1.46
693198,30,Walking,504862407000,2.3,5.63,1.73
693200,30,Walking,504912303000,17.62,-3.76,3.11
693199,30,Walking,504912303000,17.62,-3.76,3.11
693201,30,Walking,504982341000,16.74,-15.75,-8.73
693202,30,Walking,505032329000,0.89,-0.84,-1.14
693203,30,Walking,505082286000,7.55,0.08,-2.75
693204,30,Walking,505152354000,9.85,11.03,-17.31
693205,30,Walking,505202342000,-0.15,7.86,-5.6
693206,30,Walking,505254436000,7.12,0.15,-3.6
693208,30,Walking,505312266000,11.11,-1.18,-7.35
693207,30,Walking,505312266000,11.11,-1.18,-7.35
693210,30,Walking,505400401000,9.62,-2.18,-7.82
693209,30,Walking,505400401000,9.62,-2.18,-7.82
693211,30,Walking,505472270000,16.93,-13.1,-0.42
693212,30,Walking,505522685000,7.5,-12.64,-12.22
693213,30,Walking,505572948000,9.51,-1.73,-8.01
693214,30,Walking,505623637000,11.96,0.04,-11.69
693215,30,Walking,505692180000,18.24,7.01,-13.91
693216,30,Walking,505742229000,3.17,8.01,-2.49
693217,30,Walking,505792308000,-2.64,12.45,-8.69
693218,30,Walking,505842296000,1.31,9.38,-4.25
693219,30,Walking,505892375000,2.34,4.99,-0.57
693220,30,Walking,505946879000,17.88,-0.69,0.11
693221,30,Walking,505946879000,17.88,-0.69,0.11
693222,30,Walking,506042308000,4.71,-6.13,-2.45
693223,30,Walking,506106517000,5.9,3.38,-5.56
693224,30,Walking,506162425000,11.03,7.82,-6.43
693225,30,Walking,506162425000,11.03,7.82,-6.43
693226,30,Walking,506223338000,1.42,7.01,-11.5
693227,30,Walking,506282268000,3.49,1.99,-7.08
693228,30,Walking,506332286000,10.31,-1.46,-7.25
693229,30,Walking,506382335000,10.27,-1.92,-6.7
693230,30,Walking,506432262000,13.18,-3.83,-8.01
693231,30,Walking,506485179000,14.94,-8.35,-8.08
693232,30,Walking,506562297000,8.24,-11.3,-9.81
693234,30,Walking,506612346000,10.88,-0.72,-8.12
693233,30,Walking,506612346000,10.88,-0.72,-8.12
693235,30,Walking,506674113000,13.33,0.93,-9.49
693236,30,Walking,506732341000,12.18,8.58,-6.89
693237,30,Walking,506782329000,2.56,9.19,-4.48
693238,30,Walking,506832286000,-2.3,11.11,-7.55
693239,30,Walking,506882335000,3.34,8.89,-2.45
693240,30,Walking,506932262000,4.14,2.87,4.48
693241,30,Walking,507012828000,18.81,-10.0,-3.98
693242,30,Walking,507062266000,9.66,-8.12,-3.79
693243,30,Walking,507112315000,2.79,0.19,-2.37
693245,30,Walking,507162364000,17.27,3.41,-7.46
693244,30,Walking,507162364000,17.27,3.41,-7.46
693246,30,Walking,507232371000,-2.41,12.87,-14.06
693247,30,Walking,507282268000,2.87,2.22,-4.06
693248,30,Walking,507332286000,8.35,-0.42,-6.63
693249,30,Walking,507382426000,10.92,-1.18,-7.86
693250,30,Walking,507432262000,11.03,-2.45,-6.85
693251,30,Walking,507482341000,13.63,-5.2,-7.59
693252,30,Walking,507553935000,17.2,-13.02,3.83
693253,30,Walking,507612346000,8.66,-9.0,-7.78
693255,30,Walking,507662303000,13.25,-0.8,-12.03
693254,30,Walking,507662303000,13.25,-0.8,-12.03
693256,30,Walking,507734172000,19.0,5.52,-13.17
693257,30,Walking,507792369000,4.52,9.15,-1.84
693258,30,Walking,507842296000,-2.34,9.15,-4.71
693259,30,Walking,507892345000,0.8,9.34,-1.31
693260,30,Walking,507942332000,1.5,6.89,0.34
693261,30,Walking,507992290000,12.91,-1.33,8.43
693262,30,Walking,508042552000,17.01,-8.5,-4.21
693263,30,Walking,508092235000,13.02,-10.0,-7.63
693264,30,Walking,508142314000,2.11,0.04,-2.07
693265,30,Walking,508192271000,13.57,1.23,-3.83
693266,30,Walking,508242320000,1.12,16.21,-19.04
693267,30,Walking,508292338000,1.38,5.18,-3.21
693268,30,Walking,508342326000,6.09,-0.04,-0.99
693269,30,Walking,508392314000,11.45,1.08,-6.32
693270,30,Walking,508442332000,12.91,-0.42,-8.39
693271,30,Walking,508492320000,14.44,-4.18,-7.27
693272,30,Walking,508563914000,19.0,-14.33,2.91
693273,30,Walking,508563914000,19.0,-14.33,2.91
693274,30,Walking,508623332000,7.08,-11.14,-8.62
693275,30,Walking,508682292000,15.09,0.93,-11.56
693276,30,Walking,508749431000,17.43,5.18,-10.69
693277,30,Walking,508812327000,5.6,9.38,-1.46
693278,30,Walking,508862315000,-2.37,11.14,-7.93
693279,30,Walking,508912334000,1.46,10.42,-3.68
693280,30,Walking,508962291000,0.19,4.52,1.31
693281,30,Walking,509012370000,17.35,-2.56,6.17
693282,30,Walking,509012370000,17.35,-2.56,6.17
693283,30,Walking,509092387000,14.14,-13.63,-5.71
693284,30,Walking,509142345000,2.3,0.15,-3.11
693285,30,Walking,509196391000,11.65,3.72,-4.44
693286,30,Walking,509196391000,11.65,3.72,-4.44
693287,30,Walking,509272868000,1.46,11.41,-10.57
693288,30,Walking,509323497000,2.64,1.76,-4.79
693289,30,Walking,509382335000,9.15,0.11,-7.5
693290,30,Walking,509432292000,9.34,-0.65,-8.85
693292,30,Walking,509482280000,11.54,-3.87,-8.96
693291,30,Walking,509482280000,11.54,-3.87,-8.96
693293,30,Walking,509577220000,17.12,-9.7,-9.81
693294,30,Walking,509632304000,5.41,-8.77,-7.74
693295,30,Walking,509682323000,13.82,2.76,-9.38
693296,30,Walking,509742534000,11.75,2.68,-8.01
693297,30,Walking,509812541000,5.71,7.35,-1.53
693298,30,Walking,509862315000,0.11,10.12,-7.97
693299,30,Walking,509912334000,1.76,12.22,-5.01
693300,30,Walking,509962291000,2.07,5.01,0.42
693301,30,Walking,510012340000,15.17,-2.41,8.08
693302,30,Walking,510062907000,14.1,-14.18,-12.26
693303,30,Walking,510112193000,6.85,-5.13,-0.91
693304,30,Walking,510162273000,5.01,-0.08,-2.87
693306,30,Walking,510215434000,14.82,5.63,-7.16
693305,30,Walking,510215434000,14.82,5.63,-7.16
693307,30,Walking,510273814000,0.84,12.3,-14.37
693308,30,Walking,510332286000,2.6,1.76,-4.02
693309,30,Walking,510382335000,9.34,-0.38,-6.93
693310,30,Walking,510432262000,10.15,-0.61,-7.46
693311,30,Walking,510482280000,12.3,-3.26,-7.31
693313,30,Walking,510532329000,16.78,-8.5,-7.59
693312,30,Walking,510532329000,16.78,-8.5,-7.59
693314,30,Walking,510623729000,7.46,-10.76,-11.75
693315,30,Walking,510682292000,12.49,-2.68,-10.11
693316,30,Walking,510732371000,18.05,2.72,-11.8
693317,30,Walking,510782268000,12.37,8.47,-4.67
693318,30,Walking,510832316000,3.79,9.38,-5.01
693319,30,Walking,510882274000,-2.07,10.46,-5.71
693320,30,Walking,510932323000,1.8,9.81,-2.22
693321,30,Walking,510982310000,0.93,4.56,2.15
693322,30,Walking,511032298000,18.24,-4.82,3.3
693323,30,Walking,511112254000,14.44,-12.98,-9.0
693324,30,Walking,511162303000,2.79,-0.42,-2.14
693326,30,Walking,511212291000,13.99,1.38,-4.37
693325,30,Walking,511212291000,13.99,1.38,-4.37
693327,30,Walking,511282268000,7.01,8.08,-12.87
693328,30,Walking,511332347000,3.34,5.43,-4.82
693329,30,Walking,511382274000,9.0,0.93,-4.86
693330,30,Walking,511432323000,9.58,-0.11,-7.97
693331,30,Walking,511482310000,11.45,-1.99,-6.85
693332,30,Walking,511532329000,13.67,-5.43,-7.08
693333,30,Walking,511532329000,13.67,-5.43,-7.08
693334,30,Walking,511632274000,18.05,-13.38,3.38
693335,30,Walking,511682262000,9.7,-3.36,-5.86
693336,30,Walking,511742229000,13.95,-0.19,-12.37
693337,30,Walking,511812572000,10.88,9.62,-5.09
693338,30,Walking,511862346000,2.34,9.19,-5.41
693339,30,Walking,511912334000,-2.49,11.65,-6.17
693340,30,Walking,511962291000,2.03,9.28,-1.99
693341,30,Walking,512012279000,1.95,4.18,2.26
693342,30,Walking,512062327000,19.34,-8.12,-0.76
693343,30,Walking,512112285000,9.72,-12.83,-6.85
693344,30,Walking,512162395000,4.75,-2.53,-2.96
