,user,label,timestamp,x,y,z
693545,30,Walking,522202281000,1.76,10.0,-3.91
693547,30,Walking,522252330000,2.87,5.09,1.12
693546,30,Walking,522252330000,2.87,5.09,1.12
693548,30,Walking,522340160000,19.19,-5.52,-1.08
693549,30,Walking,522392345000,13.1,-9.3,-6.7
693550,30,Walking,522442332000,3.06,0.27,-2.79
693551,30,Walking,522492320000,14.37,1.54,-5.98
693552,30,Walking,522492320000,14.37,1.54,-5.98
693553,30,Walking,522582286000,-1.53,9.62,-12.11
693554,30,Walking,522632335000,4.33,3.26,-5.09
693555,30,Walking,522682323000,8.96,0.34,-6.17
693556,30,Walking,522732280000,9.89,-0.5,-6.59
693557,30,Walking,522782359000,11.99,-2.41,-8.12
693559,30,Walking,522832286000,13.1,-6.36,-8.92
693558,30,Walking,522832286000,13.1,-6.36,-8.92
693560,30,Walking,522922771000,13.33,-11.69,-2.22
693561,30,Walking,522973094000,8.47,-1.69,-8.69
693562,30,Walking,523023418000,9.51,3.64,-10.0
693563,30,Walking,523082988000,17.16,5.71,-12.22
693564,30,Walking,523162273000,1.46,8.12,-5.6
693565,30,Walking,523212321000,-1.38,9.96,-7.27
693566,30,Walking,523262309000,2.83,7.55,-1.57
693568,30,Walking,523312327000,11.92,5.43,1.46
693567,30,Walking,523312327000,11.92,5.43,1.46
693569,30,Walking,523392345000,14.94,-13.53,-4.71
693570,30,Walking,523442332000,3.34,-1.53,-2.53
693571,30,Walking,523492320000,8.08,1.23,-3.83
693572,30,Walking,523492320000,8.08,1.23,-3.83
693573,30,Walking,523582316000,12.11,5.48,-5.56
693574,30,Walking,523632304000,-0.38,7.31,-8.31
693575,30,Walking,523682323000,5.41,1.57,-7.01
693576,30,Walking,523732280000,9.58,-0.27,-7.86
693577,30,Walking,523782359000,10.99,-1.84,-8.58
693579,30,Walking,523832591000,14.52,-5.13,-9.7
693578,30,Walking,523832591000,14.52,-5.13,-9.7
693580,30,Walking,523942241000,14.9,-10.53,-8.05
693581,30,Walking,523992259000,10.61,-0.57,-4.67
693582,30,Walking,524042338000,12.34,4.52,-10.15
693584,30,Walking,524115977000,16.25,5.24,-10.27
693583,30,Walking,524115977000,16.25,5.24,-10.27
693585,30,Walking,524173808000,3.87,7.7,-4.37
693586,30,Walking,524232310000,-1.95,11.54,-8.58
693587,30,Walking,524282329000,3.38,7.86,-2.14
693588,30,Walking,524332316000,8.85,4.18,5.6
693589,30,Walking,524401622000,18.09,-15.01,-5.75
693590,30,Walking,524452251000,2.03,-2.3,-0.04
693592,30,Walking,524502299000,3.91,0.46,-3.41
693591,30,Walking,524502299000,3.91,0.46,-3.41
693593,30,Walking,524582347000,15.21,5.33,-5.41
693594,30,Walking,524632335000,-1.5,11.37,-11.95
693595,30,Walking,524682262000,5.41,1.8,-5.75
693596,30,Walking,524732341000,9.92,0.0,-7.12
693597,30,Walking,524782268000,10.57,-2.22,-6.63
693598,30,Walking,524832347000,12.83,-3.91,-6.82
693599,30,Walking,524882274000,13.91,-6.51,-7.7
693600,30,Walking,524962352000,16.36,-12.56,2.45
693601,30,Walking,525012248000,10.08,-4.67,-5.41
693602,30,Walking,525062297000,14.18,1.27,-10.88
693603,30,Walking,525062297000,14.18,1.27,-10.88
693604,30,Walking,525126048000,18.85,5.48,-11.99
693605,30,Walking,525182323000,4.79,9.92,-3.3
693606,30,Walking,525232249000,-1.33,10.12,-6.17
693607,30,Walking,525282329000,-0.34,9.38,-3.72
693608,30,Walking,525332439000,2.56,7.08,-1.95
693609,30,Walking,525382335000,13.57,4.18,-0.3
693610,30,Walking,525382335000,13.57,4.18,-0.3
693611,30,Walking,525473308000,11.07,-15.36,-6.28
693612,30,Walking,525532329000,1.69,0.27,-2.6
693613,30,Walking,525582286000,12.18,2.3,-3.76
693614,30,Walking,525662303000,8.96,9.66,-10.76
693615,30,Walking,525712291000,0.23,6.66,-8.01
693616,30,Walking,525762340000,6.32,1.88,-8.16
693617,30,Walking,525812297000,9.51,-0.34,-7.16
693618,30,Walking,525862346000,11.14,-1.95,-7.74
693620,30,Walking,525912303000,13.38,-4.56,-8.43
693619,30,Walking,525912303000,13.38,-4.56,-8.43
693621,30,Walking,525996440000,14.86,-8.81,-8.88
693622,30,Walking,526052257000,8.66,-8.47,-8.05
693623,30,Walking,526102336000,13.1,1.08,-8.27
693624,30,Walking,526162303000,17.24,5.01,-10.27
693625,30,Walking,526212321000,8.01,9.51,-1.27
693626,30,Walking,526262309000,0.65,8.77,-5.48
693627,30,Walking,526312327000,-1.69,11.84,-6.51
693628,30,Walking,526362346000,2.03,7.08,-1.04
693629,30,Walking,526412334000,10.19,2.96,4.4
693630,30,Walking,526412334000,10.19,2.96,4.4
693631,30,Walking,526492381000,7.21,-11.84,-0.91
693632,30,Walking,526542338000,10.38,-4.82,-0.38
693633,30,Walking,526592326000,7.55,1.38,-1.99
693634,30,Walking,526662303000,14.18,5.86,-2.68
693635,30,Walking,526712291000,5.37,8.62,-8.43
693636,30,Walking,526762340000,2.83,3.11,-7.08
693638,30,Walking,526812297000,7.31,0.57,-7.63
693637,30,Walking,526812297000,7.31,0.57,-7.63
693639,30,Walking,526882304000,9.11,-0.72,-6.78
693640,30,Walking,526932262000,12.57,-2.07,-9.11
693642,30,Walking,526982310000,14.52,-5.56,-9.0
693641,30,Walking,526982310000,14.52,-5.56,-9.0
693643,30,Walking,527072581000,17.16,-13.1,0.65
693644,30,Walking,527123454000,10.15,0.23,-6.17
693645,30,Walking,527182384000,12.34,1.27,-9.43
693646,30,Walking,527262340000,8.12,9.28,-5.71
693647,30,Walking,527312327000,-0.34,9.58,-6.36
693648,30,Walking,527362285000,-1.65,8.89,-5.63
693649,30,Walking,527412334000,3.45,7.93,-3.64
693650,30,Walking,527462260000,11.69,6.13,6.09
693651,30,Walking,527515514000,14.37,-11.6,-6.47
693652,30,Walking,527515514000,14.37,-11.6,-6.47
693653,30,Walking,527573405000,8.31,-9.62,-3.45
693654,30,Walking,527632335000,3.99,0.95,-3.49
693655,30,Walking,527712321000,11.8,6.63,-5.52
693656,30,Walking,527762309000,2.68,8.01,-7.82
693657,30,Walking,527812327000,4.02,1.57,-5.98
693658,30,Walking,527862315000,7.82,0.42,-8.2
693659,30,Walking,527912334000,8.89,-0.84,-6.93
693660,30,Walking,527962352000,13.72,-2.83,-8.81
693661,30,Walking,528012279000,16.51,-7.12,-9.23
693662,30,Walking,528012279000,16.51,-7.12,-9.23
693663,30,Walking,528092357000,6.24,-12.91,-11.5
693664,30,Walking,528142345000,9.51,-3.57,-7.31
693665,30,Walking,528192332000,16.13,-2.14,-12.49
693666,30,Walking,528244975000,18.81,9.19,-12.68
693667,30,Walking,528302348000,4.9,12.03,-2.45
693668,30,Walking,528352336000,-3.26,10.19,-6.02
693669,30,Walking,528402293000,-0.42,8.54,-3.02
693670,30,Walking,528452342000,0.31,6.44,1.18
693671,30,Walking,528502330000,12.68,-0.76,10.19
693672,30,Walking,528560710000,15.7,-9.3,-14.86
693673,30,Walking,528560710000,15.7,-9.3,-14.86
693674,30,Walking,528623729000,7.82,-5.56,1.61
693675,30,Walking,528682262000,9.85,2.45,-1.5
693676,30,Walking,528742229000,8.69,9.53,-12.64
693677,30,Walking,528792308000,-2.87,12.03,-9.62
693678,30,Walking,528842296000,6.21,0.31,-4.18
693679,30,Walking,528892345000,10.65,-1.61,-5.63
693680,30,Walking,528942332000,9.81,-1.5,-7.01
693681,30,Walking,528992351000,12.87,-3.15,-7.63
693682,30,Walking,529042338000,15.13,-7.21,-8.85
693683,30,Walking,529042338000,15.13,-7.21,-8.85
693684,30,Walking,529132304000,8.96,-13.48,-10.95
693685,30,Walking,529182262000,10.5,-1.42,-7.5
693687,30,Walking,529242290000,14.33,-0.89,-11.03
693686,30,Walking,529242290000,14.33,-0.89,-11.03
693688,30,Walking,529323070000,7.67,9.3,-2.72
693689,30,Walking,529373698000,-2.03,11.65,-8.08
693690,30,Walking,529432262000,-0.99,10.84,-3.26
693691,30,Walking,529482341000,0.61,5.67,-0.76
693692,30,Walking,529532298000,15.79,-1.04,7.25
693693,30,Walking,529612285000,12.6,-12.3,-7.01
693694,30,Walking,529662303000,1.95,-0.27,-2.11
693695,30,Walking,529712321000,10.34,0.61,-5.28
693696,30,Walking,529712321000,10.34,0.61,-5.28
693697,30,Walking,529782268000,13.14,7.82,-14.25
693698,30,Walking,529832347000,-0.65,5.86,-4.02
693699,30,Walking,529882274000,6.63,0.38,-4.82
693700,30,Walking,529932262000,12.07,-0.72,-6.78
693701,30,Walking,529982341000,9.62,-1.12,-6.51
693702,30,Walking,530032268000,13.02,-3.72,-8.05
693704,30,Walking,530082439000,14.63,-8.01,-8.31
693703,30,Walking,530082439000,14.63,-8.01,-8.31
693705,30,Walking,530172710000,6.59,-11.03,-11.92
693706,30,Walking,530223125000,13.82,-0.53,-9.38
693707,30,Walking,530282268000,14.56,1.38,-10.34
693708,30,Walking,530352397000,7.86,8.54,-3.02
693709,30,Walking,530402293000,-0.19,11.11,-9.53
693710,30,Walking,530452342000,-1.12,8.96,-5.09
693711,30,Walking,530502330000,1.76,6.59,-1.46
693712,30,Walking,530552348000,11.41,3.3,4.71
693713,30,Walking,530552348000,11.41,3.3,4.71
693714,30,Walking,530632396000,14.48,-14.14,-4.75
693715,30,Walking,530682262000,0.76,-0.57,-0.3
693716,30,Walking,530732341000,9.28,1.76,-6.85
693717,30,Walking,530802257000,7.31,10.76,-12.6
693718,30,Walking,530852336000,-1.69,6.85,-4.75
693719,30,Walking,530902324000,5.24,0.53,-6.09
693720,30,Walking,530952342000,10.53,-0.72,-7.55
693721,30,Walking,531002330000,10.57,-1.88,-7.12
693722,30,Walking,531052348000,11.45,-3.72,-8.05
693724,30,Walking,531102336000,14.56,-7.12,-9.28
693723,30,Walking,531102336000,14.56,-7.12,-9.28
693725,30,Walking,531173015000,13.8,-13.63,-2.68
693726,30,Walking,531223674000,10.23,-2.14,-6.05
693727,30,Walking,531282298000,13.21,3.83,-8.5
693728,30,Walking,531354533000,14.21,5.13,-7.35
693729,30,Walking,531412273000,2.6,7.59,-1.38
693730,30,Walking,531462321000,-2.18,10.46,-9.92
693731,30,Walking,531512340000,2.79,8.66,-4.18
693732,30,Walking,531562327000,6.7,4.9,1.69
693733,30,Walking,531562327000,6.7,4.9,1.69
693734,30,Walking,531652232000,17.43,-10.95,-5.37
693735,30,Walking,531702312000,3.15,0.15,-0.84
693736,30,Walking,531752330000,7.21,1.69,-3.34
693737,30,Walking,531752330000,7.21,1.69,-3.34
693738,30,Walking,531822917000,11.56,10.31,-5.56
693739,30,Walking,531873546000,4.75,5.09,-7.89
693740,30,Walking,531932384000,4.33,1.18,-6.36
693741,30,Walking,531982310000,7.93,-0.42,-8.69
693742,30,Walking,532032268000,8.85,-1.23,-6.66
693743,30,Walking,532082347000,14.14,-3.34,-10.04
693744,30,Walking,532132274000,14.56,-8.01,-8.85
