,user,label,timestamp,x,y,z
694345,30,Walking,562182262000,8.39,1.84,-5.86
694346,30,Walking,562242442000,16.36,7.01,-12.91
694347,30,Walking,562292308000,1.08,9.47,-5.71
694348,30,Walking,562342326000,-1.14,10.15,-6.7
694349,30,Walking,562392345000,1.27,8.54,-3.6
694351,30,Walking,562442332000,8.81,6.02,1.38
694350,30,Walking,562442332000,8.81,6.02,1.38
694352,30,Walking,562542247000,17.67,-10.31,-12.53
694353,30,Walking,562592265000,0.04,0.42,-1.18
694354,30,Walking,562642345000,8.24,1.27,-4.67
694355,30,Walking,562642345000,8.24,1.27,-4.67
694356,30,Walking,562732371000,7.63,11.6,-12.72
694357,30,Walking,562782329000,0.19,5.37,-5.67
694358,30,Walking,562832286000,6.32,1.5,-7.63
694359,30,Walking,562882365000,9.58,-0.42,-9.15
694360,30,Walking,562932262000,10.69,-2.79,-8.24
694362,30,Walking,562982341000,14.02,-6.4,-9.38
694361,30,Walking,562982341000,14.02,-6.4,-9.38
694363,30,Walking,563072368000,17.31,-13.95,1.08
694364,30,Walking,563122935000,10.57,-3.53,-3.95
694365,30,Walking,563173534000,11.88,1.12,-11.75
694366,30,Walking,563256785000,16.4,3.3,-11.95
694367,30,Walking,563312266000,3.72,8.58,-3.64
694368,30,Walking,563362346000,-1.57,12.34,-9.04
694369,30,Walking,563412303000,3.41,9.81,-4.94
694370,30,Walking,563462321000,1.23,3.02,3.49
694371,30,Walking,563512370000,19.5,-8.5,2.64
694372,30,Walking,563512370000,19.5,-8.5,2.64
694373,30,Walking,563572978000,14.98,-12.22,-6.09
694374,30,Walking,563623576000,3.79,0.11,-4.18
694375,30,Walking,563682262000,10.92,1.57,-4.94
694376,30,Walking,563732280000,7.63,7.89,-11.99
694377,30,Walking,563782268000,-2.91,9.47,-8.43
694378,30,Walking,563832347000,6.47,0.53,-4.59
694379,30,Walking,563882274000,10.84,-0.91,-6.97
694380,30,Walking,563932323000,9.77,-1.69,-6.63
694381,30,Walking,563982310000,11.5,-3.41,-7.31
694382,30,Walking,564032329000,16.04,-8.92,-0.91
694383,30,Walking,564105998000,14.33,-10.84,-1.12
694384,30,Walking,564162242000,9.96,-7.59,-6.55
694385,30,Walking,564212291000,14.29,-1.5,-14.21
694386,30,Walking,564212291000,14.29,-1.5,-14.21
694387,30,Walking,564292338000,16.17,8.69,-10.76
694388,30,Walking,564342326000,3.99,9.08,-4.29
694389,30,Walking,564392345000,-0.91,9.89,-5.48
694390,30,Walking,564442302000,3.17,8.54,-2.34
694391,30,Walking,564492351000,1.33,3.91,2.41
694392,30,Walking,564542338000,18.16,-5.05,0.08
694393,30,Walking,564612346000,4.33,-8.62,-3.17
694394,30,Walking,564662273000,11.35,-5.56,-5.9
694395,30,Walking,564712321000,6.85,0.34,-4.56
694397,30,Walking,564762340000,14.67,3.99,-8.2
694396,30,Walking,564762340000,14.67,3.99,-8.2
694398,30,Walking,564823619000,-0.34,7.7,-12.64
694399,30,Walking,564882365000,1.33,5.79,-5.79
694400,30,Walking,564932323000,9.77,0.04,-5.86
694401,30,Walking,564982280000,9.62,-0.34,-7.31
694402,30,Walking,565032329000,10.8,-1.46,-7.25
694403,30,Walking,565082286000,15.4,-5.6,-7.65
694404,30,Walking,565082286000,15.4,-5.6,-7.65
694405,30,Walking,565182292000,13.18,-10.76,-4.44
694406,30,Walking,565232310000,9.47,-2.22,-9.7
694407,30,Walking,565284221000,14.56,0.42,-12.98
694408,30,Walking,565342296000,11.41,8.01,-9.96
694409,30,Walking,565392314000,3.21,8.81,-3.45
694410,30,Walking,565442302000,-2.14,9.11,-7.21
694411,30,Walking,565492320000,0.31,8.31,-5.33
694412,30,Walking,565542338000,5.37,6.78,-2.11
694414,30,Walking,565592357000,17.82,-1.46,3.95
694413,30,Walking,565592357000,17.82,-1.46,3.95
694415,30,Walking,565673015000,9.62,-10.31,-11.8
694416,30,Walking,565723643000,3.64,-1.57,-3.34
694417,30,Walking,565782268000,11.92,1.33,-6.36
694418,30,Walking,565842570000,6.28,8.62,-11.84
694419,30,Walking,565892161000,-1.57,6.47,-2.22
694420,30,Walking,565942302000,3.76,1.31,-5.28
694421,30,Walking,565992259000,9.89,0.93,-9.85
694422,30,Walking,566042308000,10.65,-1.73,-9.77
694423,30,Walking,566092326000,11.22,-4.48,-8.16
694424,30,Walking,566142345000,17.69,-11.92,-1.76
694425,30,Walking,566202342000,10.65,-9.81,-14.29
694426,30,Walking,566252238000,9.47,-2.83,-4.59
694427,30,Walking,566302257000,13.21,1.04,-10.42
694428,30,Walking,566367961000,18.62,7.06,-12.07
694429,30,Walking,566367961000,18.62,7.06,-12.07
694430,30,Walking,566423320000,2.96,7.35,-1.76
694431,30,Walking,566482341000,-0.04,10.61,-6.82
694432,30,Walking,566542308000,3.21,9.81,-3.72
694433,30,Walking,566592296000,5.56,-0.91,8.16
694434,30,Walking,566642345000,18.92,-7.4,1.08
694435,30,Walking,566702312000,8.81,-8.92,-2.34
694436,30,Walking,566752330000,5.94,-1.61,-4.75
694437,30,Walking,566802348000,9.81,0.53,-4.37
694438,30,Walking,566862285000,9.47,6.78,-13.78
694439,30,Walking,566912334000,-2.6,8.5,-5.52
694440,30,Walking,566962291000,5.18,0.5,-3.49
694441,30,Walking,567012279000,10.0,0.31,-7.82
694442,30,Walking,567062297000,10.0,-0.95,-8.5
694443,30,Walking,567112346000,12.53,-3.26,-7.27
694444,30,Walking,567162334000,17.08,-11.99,5.52
694445,30,Walking,567162334000,17.08,-11.99,5.52
694446,30,Walking,567162334000,17.08,-11.99,5.52
694447,30,Walking,567162334000,17.08,-11.99,5.52
694448,30,Walking,567362163000,18.39,5.18,-12.64
694449,30,Walking,567412273000,6.89,8.08,-5.2
694450,30,Walking,567462321000,2.26,7.86,-4.44
694451,30,Walking,567512309000,-1.08,10.57,-4.4
694452,30,Walking,567562297000,2.41,9.38,-2.53
694453,30,Walking,567612346000,4.25,1.12,6.47
694454,30,Walking,567662303000,19.57,-4.44,8.05
694455,30,Walking,567662303000,19.57,-4.44,8.05
694456,30,Walking,567723338000,18.24,-14.86,-9.3
694457,30,Walking,567782329000,1.27,-0.76,-2.75
694458,30,Walking,567832286000,10.38,1.61,-3.34
694459,30,Walking,567882335000,11.54,9.96,-13.95
694460,30,Walking,567932262000,-3.15,10.04,-7.27
694461,30,Walking,567982310000,5.37,-0.08,-4.71
694462,30,Walking,568032329000,10.76,-1.08,-7.78
694463,30,Walking,568082286000,9.96,-2.07,-6.93
694464,30,Walking,568132335000,9.81,-2.83,-6.74
694465,30,Walking,568182323000,17.39,-8.2,3.6
694466,30,Walking,568236400000,15.05,-9.58,-1.38
694467,30,Walking,568236400000,15.05,-9.58,-1.38
694468,30,Walking,568332316000,11.41,-6.24,-10.23
694469,30,Walking,568382274000,13.95,0.34,-10.69
694470,30,Walking,568436992000,16.55,9.19,-11.92
694471,30,Walking,568492229000,3.38,7.44,-2.72
694472,30,Walking,568542277000,-1.65,8.39,-4.63
694473,30,Walking,568592326000,1.33,10.12,-5.13
694474,30,Walking,568642375000,3.64,5.71,-0.19
694475,30,Walking,568692363000,17.47,-5.18,15.79
694476,30,Walking,568742320000,19.53,-10.61,-7.86
694477,30,Walking,568792338000,8.96,-7.27,-4.67
694478,30,Walking,568842296000,2.98,0.69,-3.98
694479,30,Walking,568892345000,14.33,3.76,-7.35
694480,30,Walking,568942332000,0.31,11.96,-15.98
694481,30,Walking,568992320000,0.31,4.4,-3.68
694482,30,Walking,569042338000,8.16,-0.99,-5.37
694483,30,Walking,569092326000,11.41,-0.91,-7.46
694484,30,Walking,569142345000,9.3,-1.92,-6.4
694485,30,Walking,569192363000,14.33,-4.4,-7.44
694487,30,Walking,569242320000,15.43,-9.66,2.96
694486,30,Walking,569242320000,15.43,-9.66,2.96
694488,30,Walking,569332347000,10.31,-9.96,-9.19
694489,30,Walking,569382274000,11.65,-2.56,-11.37
694490,30,Walking,569434672000,16.47,2.41,-13.21
694491,30,Walking,569502238000,6.21,6.85,-5.28
694492,30,Walking,569552348000,1.33,8.35,-5.79
694493,30,Walking,569602336000,-1.65,8.16,-5.43
694494,30,Walking,569652324000,3.3,7.86,-3.91
694495,30,Walking,569702342000,4.48,2.83,1.95
694496,30,Walking,569752330000,19.57,-5.75,-3.36
694497,30,Walking,569812297000,14.79,-13.57,-9.3
694498,30,Walking,569862315000,3.15,-1.88,-1.8
694500,30,Walking,569912334000,11.73,1.04,-4.75
694499,30,Walking,569912334000,11.73,1.04,-4.75
694501,30,Walking,569992259000,-2.75,13.38,-13.72
694502,30,Walking,570042338000,2.49,1.95,-2.41
694503,30,Walking,570092326000,8.12,-0.3,-5.63
694504,30,Walking,570142345000,10.15,-0.38,-8.01
694505,30,Walking,570192332000,9.43,-1.46,-6.82
694507,30,Walking,570243083000,13.18,-4.18,-8.66
694506,30,Walking,570243083000,13.18,-4.18,-8.66
694508,30,Walking,570348094000,18.24,-12.26,2.87
694509,30,Walking,570402232000,10.61,-5.52,-7.46
694510,30,Walking,570452312000,14.1,0.38,-13.25
694511,30,Walking,570452312000,14.1,0.38,-13.25
694512,30,Walking,570521403000,17.97,8.62,-12.26
694513,30,Walking,570572948000,3.15,7.97,-3.34
694514,30,Walking,570623576000,-2.11,10.42,-6.28
694515,30,Walking,570682262000,0.72,8.31,-3.36
694516,30,Walking,570732280000,1.8,4.37,0.84
694517,30,Walking,570782268000,18.54,-5.37,1.65
694518,30,Walking,570852305000,15.36,-14.67,-8.66
694519,30,Walking,570912395000,1.04,-0.76,-0.89
694520,30,Walking,570962260000,14.63,2.41,-5.56
694521,30,Walking,570962260000,14.63,2.41,-5.56
694522,30,Walking,571022960000,2.03,13.4,-17.39
694523,30,Walking,571073558000,0.42,3.64,-2.41
694524,30,Walking,571132335000,7.55,-1.04,-4.71
694525,30,Walking,571182262000,11.26,-0.76,-8.77
694526,30,Walking,571232280000,9.51,-2.11,-7.35
694527,30,Walking,571282329000,13.87,-4.4,-7.44
694528,30,Walking,571332286000,16.82,-10.19,5.18
694529,30,Walking,571412303000,10.42,-10.53,-8.62
694530,30,Walking,571462291000,12.49,-2.07,-10.76
694532,30,Walking,571516063000,16.02,1.23,-11.07
694531,30,Walking,571516063000,16.02,1.23,-11.07
694533,30,Walking,571582408000,6.21,10.08,-5.9
694534,30,Walking,571632274000,0.89,8.35,-5.98
694535,30,Walking,571682323000,-0.95,8.47,-3.87
694536,30,Walking,571732280000,2.76,7.93,-2.26
694537,30,Walking,571782329000,6.74,0.65,6.93
694538,30,Walking,571832286000,19.57,-4.9,2.45
694539,30,Walking,571912334000,13.72,-13.78,-7.86
694540,30,Walking,571962291000,3.64,-0.42,-2.87
694542,30,Walking,572012279000,17.69,3.17,-5.67
694541,30,Walking,572012279000,17.69,3.17,-5.67
694543,30,Walking,572073253000,-2.11,13.06,-16.63
694544,30,Walking,572132335000,2.53,2.91,-2.68
