,user,label,timestamp,x,y,z
694545,30,Walking,572182262000,9.51,0.5,-5.48
694546,30,Walking,572232341000,9.92,0.38,-8.35
694547,30,Walking,572282268000,10.15,-1.23,-7.86
694548,30,Walking,572332500000,12.87,-4.21,-5.94
694549,30,Walking,572382426000,17.69,-11.33,1.27
694550,30,Walking,572434123000,9.72,-10.69,-11.65
694551,30,Walking,572482310000,9.81,-8.08,-5.43
694552,30,Walking,572532237000,12.07,-0.69,-11.88
694554,30,Walking,572592784000,17.47,4.71,-12.87
694553,30,Walking,572592784000,17.47,4.71,-12.87
694555,30,Walking,572673839000,2.96,7.82,-3.02
694556,30,Walking,572732310000,-1.69,10.34,-5.37
694557,30,Walking,572782329000,3.34,9.7,-4.33
694558,30,Walking,572832316000,2.49,3.76,2.53
694559,30,Walking,572882274000,19.57,-9.66,-0.76
694560,30,Walking,572932353000,14.44,-15.32,-2.03
694561,30,Walking,572982280000,2.07,-1.14,-3.17
694562,30,Walking,573032329000,8.39,0.19,-4.4
694563,30,Walking,573092265000,10.23,11.14,-17.62
694564,30,Walking,573142284000,-2.68,9.3,-4.79
694565,30,Walking,573212352000,5.01,-0.15,-3.06
694566,30,Walking,573262279000,11.3,-0.27,-8.58
694567,30,Walking,573312327000,9.15,-1.84,-6.63
694568,30,Walking,573362315000,13.82,-4.33,-7.65
694570,30,Walking,573412303000,18.2,-11.33,5.05
694569,30,Walking,573412303000,18.2,-11.33,5.05
694571,30,Walking,573473582000,10.61,-10.46,-8.69
694572,30,Walking,573532847000,10.15,-5.63,-8.73
694573,30,Walking,573582316000,15.94,0.46,-13.78
694574,30,Walking,573582316000,15.94,0.46,-13.78
694575,30,Walking,573673259000,4.29,7.82,-3.79
694576,30,Walking,573732341000,-0.84,8.35,-5.24
694577,30,Walking,573782298000,-1.5,7.67,-4.25
694578,30,Walking,573832347000,4.79,7.93,-3.98
694579,30,Walking,573882304000,11.35,-1.53,7.27
694580,30,Walking,573952373000,16.32,-10.38,-12.03
694581,30,Walking,574002757000,4.82,-2.26,-1.69
694583,30,Walking,574052348000,8.96,0.08,-4.37
694582,30,Walking,574052348000,8.96,0.08,-4.37
694584,30,Walking,574123424000,9.53,10.73,-16.17
694585,30,Walking,574182323000,0.69,4.29,-2.41
694586,30,Walking,574232280000,6.4,-0.34,-4.25
694587,30,Walking,574282329000,10.69,0.23,-8.31
694588,30,Walking,574332286000,10.8,-1.23,-8.05
694589,30,Walking,574382274000,13.02,-3.26,-6.36
694590,30,Walking,574432323000,17.31,-9.62,4.48
694591,30,Walking,574512370000,12.07,-10.84,-6.97
694592,30,Walking,574562297000,10.8,-3.36,-8.81
694593,30,Walking,574612315000,16.17,0.08,-11.99
694594,30,Walking,574612315000,16.17,0.08,-11.99
694595,30,Walking,574692302000,7.44,8.24,-6.85
694596,30,Walking,574742320000,0.04,9.62,-6.89
694597,30,Walking,574792338000,-0.95,7.63,-4.21
694598,30,Walking,574842326000,2.26,7.01,-3.15
694599,30,Walking,574892436000,4.06,2.87,1.76
694600,30,Walking,574942332000,19.57,-7.93,-5.52
694601,30,Walking,575002269000,15.55,-14.06,-6.55
694602,30,Walking,575052318000,1.57,0.11,-1.14
694603,30,Walking,575102336000,16.17,3.26,-5.67
694604,30,Walking,575162212000,-0.23,15.51,-16.82
694605,30,Walking,575212291000,1.73,2.3,-1.92
694606,30,Walking,575212291000,1.73,2.3,-1.92
694607,30,Walking,575273357000,8.69,-0.46,-5.56
694608,30,Walking,575332347000,11.73,-2.26,-9.66
694609,30,Walking,575382274000,9.81,-3.11,-6.13
694611,30,Walking,575432323000,15.02,-6.21,-4.44
694610,30,Walking,575432323000,15.02,-6.21,-4.44
694612,30,Walking,575528148000,16.09,-10.0,0.93
694613,30,Walking,575582347000,11.26,-4.9,-7.74
694614,30,Walking,575632274000,14.9,-1.12,-12.72
694615,30,Walking,575712260000,15.17,10.12,-11.69
694616,30,Walking,575762248000,1.08,8.43,-5.75
694617,30,Walking,575812327000,-0.89,8.54,-4.44
694618,30,Walking,575862285000,3.11,8.92,-5.37
694619,30,Walking,575912334000,2.49,4.25,0.89
694621,30,Walking,575962291000,18.77,-5.71,2.56
694620,30,Walking,575962291000,18.77,-5.71,2.56
694622,30,Walking,576023204000,14.1,-13.06,-10.38
694623,30,Walking,576073802000,4.52,-2.72,-2.41
694624,30,Walking,576132274000,8.92,-0.27,-4.99
694625,30,Walking,576202251000,9.89,8.35,-15.7
694626,30,Walking,576252391000,0.72,3.95,-2.64
694627,30,Walking,576302348000,7.44,-0.34,-3.3
694628,30,Walking,576352336000,10.53,1.14,-8.16
694629,30,Walking,576402324000,10.15,0.19,-7.44
694630,30,Walking,576452312000,14.18,-2.34,-7.97
694632,30,Walking,576502330000,17.35,-11.11,1.92
694631,30,Walking,576502330000,17.35,-11.11,1.92
694633,30,Walking,576582347000,10.5,-12.49,-9.49
694634,30,Walking,576632274000,11.6,-3.49,-10.34
694635,30,Walking,576682262000,16.47,1.14,-13.06
694636,30,Walking,576762309000,5.67,9.0,-4.06
694637,30,Walking,576812327000,-0.27,8.69,-5.24
694638,30,Walking,576862285000,-1.73,9.3,-4.71
694639,30,Walking,576912334000,2.45,7.97,-2.34
694640,30,Walking,576962291000,8.5,-2.11,8.08
694641,30,Walking,576962291000,8.5,-2.11,8.08
694642,30,Walking,577036021000,17.92,-6.32,-11.03
694643,30,Walking,577092296000,14.21,-7.16,-7.74
694644,30,Walking,577142375000,8.58,0.08,-3.87
694645,30,Walking,577196818000,13.06,3.68,-7.46
694646,30,Walking,577262248000,-2.03,10.73,-9.77
694647,30,Walking,577312297000,4.52,0.5,-2.14
694648,30,Walking,577362346000,8.5,0.89,-7.04
694649,30,Walking,577412303000,10.84,-0.15,-9.23
694650,30,Walking,577412303000,10.84,-0.15,-9.23
694651,30,Walking,577473003000,12.37,-2.34,-6.7
694652,30,Walking,577525798000,18.92,-11.92,0.42
694653,30,Walking,577582408000,9.47,-11.41,-9.58
694654,30,Walking,577632274000,9.89,-5.67,-7.46
694655,30,Walking,577682262000,14.18,-1.88,-12.3
694656,30,Walking,577758220000,18.54,5.41,-11.26
694657,30,Walking,577812236000,4.82,9.85,-4.29
694658,30,Walking,577862315000,-1.14,11.56,-6.43
694659,30,Walking,577912334000,1.92,8.5,-3.76
694660,30,Walking,577962291000,1.5,3.38,3.26
694661,30,Walking,578012279000,18.62,-6.66,7.31
694662,30,Walking,578062297000,16.78,-10.61,-3.26
694663,30,Walking,578112346000,7.59,-3.17,-4.37
694664,30,Walking,578162303000,9.51,-0.65,-4.14
694666,30,Walking,578212321000,12.87,5.24,-10.84
694665,30,Walking,578212321000,12.87,5.24,-10.84
694667,30,Walking,578273662000,-2.79,12.49,-13.33
694668,30,Walking,578332286000,5.28,0.0,-2.3
694669,30,Walking,578382274000,10.12,-0.08,-6.89
694670,30,Walking,578432323000,10.04,-0.3,-7.35
694671,30,Walking,578482280000,14.44,-3.06,-1.04
694672,30,Walking,578532268000,14.1,-7.65,1.27
694673,30,Walking,578602336000,9.89,-10.46,-9.47
694674,30,Walking,578652263000,10.42,-8.2,-10.84
694675,30,Walking,578702342000,14.33,-1.73,-13.48
694676,30,Walking,578752360000,17.16,5.52,-8.88
694677,30,Walking,578802257000,7.44,9.15,-5.01
694678,30,Walking,578852306000,0.34,9.23,-6.02
694679,30,Walking,578902324000,-0.3,9.28,-6.43
694680,30,Walking,578952312000,2.64,8.66,-3.02
694681,30,Walking,579002330000,5.48,1.27,5.22
694683,30,Walking,579056102000,18.24,-8.35,-6.05
694682,30,Walking,579056102000,18.24,-8.35,-6.05
694684,30,Walking,579123698000,10.5,-5.05,-15.43
694685,30,Walking,579242290000,9.28,9.15,-15.43
694686,30,Walking,579242290000,9.28,9.15,-15.43
694687,30,Walking,579310252000,-1.33,8.5,-7.25
694688,30,Walking,579362285000,7.21,-0.19,-4.14
694689,30,Walking,579412273000,9.62,0.31,-8.73
694690,30,Walking,579462321000,9.7,-0.3,-5.79
694692,30,Walking,579512309000,16.02,-4.44,-6.13
694691,30,Walking,579512309000,16.02,-4.44,-6.13
694693,30,Walking,579597606000,13.29,-10.46,-0.84
694694,30,Walking,579652263000,9.62,-9.49,-9.89
694695,30,Walking,579702312000,14.82,-1.76,-13.82
694696,30,Walking,579752330000,18.7,6.05,-11.26
694697,30,Walking,579752330000,18.7,6.05,-11.26
694698,30,Walking,579823344000,5.48,7.82,-5.18
694699,30,Walking,579882335000,-1.46,10.42,-5.75
694700,30,Walking,579932262000,0.84,8.81,-4.18
694701,30,Walking,579982371000,2.18,5.9,0.31
694702,30,Walking,580032268000,16.63,-3.6,9.43
694703,30,Walking,580092815000,19.04,-12.98,-4.18
694704,30,Walking,580142253000,5.75,-2.75,-1.99
694705,30,Walking,580192332000,9.19,-0.08,-1.53
694706,30,Walking,580243907000,12.98,8.92,-11.5
694707,30,Walking,580302287000,-2.6,11.92,-11.14
694708,30,Walking,580352275000,5.86,-0.34,-1.65
694709,30,Walking,580402293000,9.81,-0.34,-5.82
694710,30,Walking,580452342000,9.28,0.08,-8.12
694711,30,Walking,580502330000,13.02,-1.95,-5.71
694712,30,Walking,580552348000,18.24,-9.08,3.34
694713,30,Walking,580616710000,15.66,-13.1,-1.95
694714,30,Walking,580616710000,15.66,-13.1,-1.95
694715,30,Walking,580673228000,10.53,-6.4,-9.11
694716,30,Walking,580732341000,15.32,0.11,-13.38
694717,30,Walking,580782268000,17.62,6.93,-8.88
694718,30,Walking,580832347000,4.86,8.66,-5.24
694719,30,Walking,580882274000,-0.15,8.16,-5.71
694720,30,Walking,580932323000,-0.99,8.35,-3.6
694721,30,Walking,580982280000,4.4,9.3,-4.14
694722,30,Walking,581032329000,7.06,-0.61,7.12
694723,30,Walking,581082286000,19.38,-6.59,-2.6
694724,30,Walking,581132304000,16.66,-12.11,-5.2
694725,30,Walking,581182323000,3.68,-0.89,-2.3
694726,30,Walking,581232280000,9.85,0.11,-2.26
694727,30,Walking,581282298000,8.62,13.59,-17.08
694728,30,Walking,581332286000,-1.76,8.01,-4.56
694729,30,Walking,581382274000,5.9,-0.46,-2.49
694730,30,Walking,581432353000,11.73,0.0,-8.05
694731,30,Walking,581482280000,9.04,-1.04,-7.7
694732,30,Walking,581532329000,14.52,-3.57,-6.21
694733,30,Walking,581582286000,15.75,-8.77,5.71
694734,30,Walking,581582286000,15.75,-8.77,5.71
694735,30,Walking,581672649000,9.0,-11.75,-9.92
694736,30,Walking,581722941000,12.72,-5.2,-9.23
694737,30,Walking,581773295000,17.69,1.46,-15.28
694738,30,Walking,581852367000,6.78,8.12,-5.67
694739,30,Walking,581902324000,1.18,8.12,-5.56
694740,30,Walking,581952373000,-0.53,9.0,-5.28
694741,30,Walking,582002605000,2.03,8.92,-4.79
694742,30,Walking,582052348000,2.49,3.15,3.15
694743,30,Walking,582102336000,19.11,-4.25,4.02
694744,30,Walking,582152324000,19.53,-13.82,-7.21
