,user,label,timestamp,x,y,z
697545,30,Walking,722192241000,4.63,0.89,-4.29
697546,30,Walking,722242290000,8.39,-1.23,-6.59
697547,30,Walking,722292338000,9.51,-0.65,-7.63
697548,30,Walking,722342326000,10.84,-1.73,-7.44
697549,30,Walking,722392375000,15.24,-4.75,-7.86
697550,30,Walking,722392375000,15.24,-4.75,-7.86
697551,30,Walking,722475841000,18.35,-13.17,1.69
697552,30,Walking,722532237000,9.92,-8.08,-8.73
697553,30,Walking,722582316000,11.8,-0.3,-10.5
697554,30,Walking,722659526000,17.86,4.86,-13.02
697555,30,Walking,722712291000,2.68,8.69,-3.21
697556,30,Walking,722762370000,-2.98,9.53,-7.31
697557,30,Walking,722812297000,0.08,8.58,-4.52
697558,30,Walking,722862315000,3.38,7.01,-1.69
697560,30,Walking,722912364000,15.4,-0.11,8.89
697559,30,Walking,722912364000,15.4,-0.11,8.89
697561,30,Walking,722992351000,12.45,-13.72,-10.0
697562,30,Walking,723042338000,1.38,-1.95,-0.23
697563,30,Walking,723092326000,12.45,0.11,-5.2
697564,30,Walking,723092326000,12.45,0.11,-5.2
697565,30,Walking,723182262000,-5.41,15.4,-17.35
697566,30,Walking,723232341000,3.38,0.65,-2.64
697567,30,Walking,723282268000,9.04,-0.23,-5.52
697568,30,Walking,723332347000,10.5,0.0,-7.86
697569,30,Walking,723382274000,9.89,-0.65,-7.16
697570,30,Walking,723432353000,15.17,-2.96,-7.08
697571,30,Walking,723482280000,18.12,-11.41,3.87
697572,30,Walking,723562297000,7.78,-11.92,-10.19
697573,30,Walking,723612315000,13.53,-1.99,-10.65
697574,30,Walking,723662334000,14.25,2.18,-10.5
697575,30,Walking,723662334000,14.25,2.18,-10.5
697576,30,Walking,723742381000,6.05,9.0,-4.29
697577,30,Walking,723792338000,0.04,7.74,-4.06
697578,30,Walking,723842326000,-3.06,9.43,-6.32
697579,30,Walking,723892345000,1.04,8.39,-4.52
697580,30,Walking,723942363000,2.49,2.91,2.98
697581,30,Walking,723942363000,2.49,2.91,2.98
697582,30,Walking,724042247000,19.04,-9.0,-8.62
697583,30,Walking,724092296000,0.15,-0.8,-3.68
697584,30,Walking,724142314000,6.02,3.26,-5.01
697585,30,Walking,724142314000,6.02,3.26,-5.01
697586,30,Walking,724223826000,6.09,13.14,-13.53
697587,30,Walking,724282268000,1.42,3.91,-5.86
697588,30,Walking,724332347000,7.86,-1.08,-5.9
697589,30,Walking,724382274000,9.23,-2.64,-6.66
697590,30,Walking,724432323000,11.35,-2.34,-5.94
697591,30,Walking,724482280000,12.79,-4.56,-6.89
697592,30,Walking,724532268000,19.15,-12.11,3.95
697593,30,Walking,724582347000,10.5,-10.0,-2.87
697594,30,Walking,724632670000,11.5,-8.35,-5.09
697595,30,Walking,724682262000,15.79,-0.72,-13.06
697596,30,Walking,724752513000,18.89,6.4,-10.23
697597,30,Walking,724802257000,3.41,11.07,-4.14
697598,30,Walking,724852367000,-2.45,8.62,-4.9
697599,30,Walking,724902324000,-0.76,8.47,-3.72
697600,30,Walking,724952342000,1.57,7.46,-1.42
697601,30,Walking,725002330000,11.5,-1.57,7.97
697602,30,Walking,725002330000,11.5,-1.57,7.97
697603,30,Walking,725092265000,16.02,-12.03,-9.47
697604,30,Walking,725142314000,5.79,-1.88,-3.34
697605,30,Walking,725192332000,11.6,0.5,-2.68
697606,30,Walking,725192332000,11.6,0.5,-2.68
697607,30,Walking,725273082000,8.66,9.34,-14.98
697608,30,Walking,725323741000,2.72,1.8,-1.53
697609,30,Walking,725382274000,7.67,-1.04,-4.44
697610,30,Walking,725432323000,10.65,0.46,-6.97
697611,30,Walking,725482280000,11.3,0.95,-8.39
697612,30,Walking,725532359000,15.85,-3.36,-7.21
697614,30,Walking,725614604000,17.27,-14.02,2.76
697613,30,Walking,725614604000,17.27,-14.02,2.76
697615,30,Walking,725673442000,9.15,-8.01,-8.96
697616,30,Walking,725723003000,12.49,-1.23,-12.49
697617,30,Walking,725787181000,18.43,6.32,-10.31
697618,30,Walking,725842265000,5.52,9.53,-2.98
697619,30,Walking,725892345000,-3.15,11.8,-7.46
697620,30,Walking,725942332000,0.57,9.7,-3.98
697621,30,Walking,725992320000,0.89,6.74,-0.84
697622,30,Walking,726042338000,10.65,-1.92,10.5
697623,30,Walking,726112285000,13.87,-11.03,-9.38
697624,30,Walking,726162303000,6.93,-2.75,-3.57
697626,30,Walking,726212321000,9.89,0.38,-2.26
697625,30,Walking,726212321000,9.89,0.38,-2.26
697627,30,Walking,726275218000,15.66,6.55,-8.85
697628,30,Walking,726392161000,7.4,-0.15,-2.98
697629,30,Walking,726392161000,7.4,-0.15,-2.98
697630,30,Walking,726442271000,10.15,-0.95,-6.85
697631,30,Walking,726492381000,9.47,-1.18,-7.4
697632,30,Walking,726542277000,12.53,-3.06,-6.74
697633,30,Walking,726592326000,16.36,-7.12,-5.48
697634,30,Walking,726658977000,13.38,-12.45,1.61
697636,30,Walking,726712291000,11.54,-6.93,-5.13
697635,30,Walking,726712291000,11.54,-6.93,-5.13
697637,30,Walking,726772929000,13.57,1.18,-12.68
697638,30,Walking,726852305000,16.63,8.81,-11.54
697639,30,Walking,726902324000,1.69,8.58,-5.37
697640,30,Walking,726952342000,-1.04,6.97,-4.63
697641,30,Walking,727002330000,1.27,7.82,-4.48
697642,30,Walking,727052318000,3.38,6.13,-1.14
697643,30,Walking,727102306000,16.04,-2.91,6.44
697644,30,Walking,727102306000,16.04,-2.91,6.44
697645,30,Walking,727173472000,16.78,-16.17,-12.37
697646,30,Walking,727222789000,1.08,-1.42,-0.61
697647,30,Walking,727272899000,2.49,0.0,-0.91
697648,30,Walking,727345378000,16.97,6.36,-11.54
697649,30,Walking,727402324000,1.5,4.02,-3.72
697650,30,Walking,727452342000,7.82,0.76,-5.43
697651,30,Walking,727502330000,9.72,0.08,-8.01
697652,30,Walking,727552348000,11.07,-0.46,-7.74
697653,30,Walking,727602336000,14.6,-2.72,-4.25
697654,30,Walking,727652324000,19.5,-10.57,4.33
697655,30,Walking,727714274000,10.31,-10.38,-7.12
697656,30,Walking,727714274000,10.31,-10.38,-7.12
697657,30,Walking,727773021000,11.99,-6.63,-9.72
697658,30,Walking,727823649000,14.82,0.08,-11.14
697659,30,Walking,727892314000,15.6,9.08,-12.03
697660,30,Walking,727942332000,1.69,9.92,-6.21
697661,30,Walking,727992290000,-1.88,8.05,-3.6
697662,30,Walking,728042338000,-0.19,7.78,-4.94
697663,30,Walking,728092326000,2.3,6.28,-0.99
697665,30,Walking,728142345000,17.43,-1.8,4.33
697664,30,Walking,728142345000,17.43,-1.8,4.33
697666,30,Walking,728223552000,7.93,-11.84,-7.86
697667,30,Walking,728282298000,5.52,-2.83,-2.98
697668,30,Walking,728332347000,17.62,2.41,-5.05
697669,30,Walking,728412364000,2.11,9.96,-15.47
697670,30,Walking,728462321000,3.45,1.69,-2.49
697671,30,Walking,728512309000,8.81,0.08,-6.02
697672,30,Walking,728562358000,9.81,-0.04,-6.93
697673,30,Walking,728612346000,9.47,0.11,-7.25
697674,30,Walking,728662334000,14.48,-3.06,-7.78
697676,30,Walking,728712291000,18.81,-12.83,4.02
697675,30,Walking,728712291000,18.81,-12.83,4.02
697677,30,Walking,728772990000,10.04,-10.38,-6.21
697678,30,Walking,728823527000,12.03,-3.49,-9.34
697679,30,Walking,728882274000,13.95,2.18,-10.76
697680,30,Walking,728942302000,9.47,10.38,-8.62
697681,30,Walking,728992320000,1.92,7.5,-4.29
697682,30,Walking,729042338000,-0.84,5.98,-2.45
697683,30,Walking,729092326000,-0.46,6.85,-3.95
697684,30,Walking,729142345000,3.95,7.59,-2.3
697685,30,Walking,729192332000,15.55,-0.8,3.41
697686,30,Walking,729262309000,6.32,-10.42,-7.63
697687,30,Walking,729262309000,6.32,-10.42,-7.63
697688,30,Walking,729322948000,10.19,-9.38,-3.11
697689,30,Walking,729373546000,9.04,-0.19,-3.87
697690,30,Walking,729437022000,16.78,6.05,-9.77
697691,30,Walking,729492229000,-5.24,14.94,-11.41
697692,30,Walking,729542308000,3.26,2.76,-5.52
697693,30,Walking,729592326000,8.81,0.46,-6.55
697694,30,Walking,729642314000,8.43,0.5,-7.97
697695,30,Walking,729692332000,9.47,-0.95,-8.85
697696,30,Walking,729742351000,14.06,-4.67,-10.69
697697,30,Walking,729742351000,14.06,-4.67,-10.69
697698,30,Walking,729829082000,18.62,-14.18,0.93
697699,30,Walking,729882335000,9.66,-7.12,-7.16
697700,30,Walking,729932323000,12.11,0.69,-11.07
697701,30,Walking,730002299000,17.69,6.02,-12.76
697702,30,Walking,730052287000,2.18,8.47,-2.53
697703,30,Walking,730102336000,-1.92,9.47,-7.35
697704,30,Walking,730152324000,-1.04,7.16,-4.25
697705,30,Walking,730202342000,2.45,7.59,-3.49
697706,30,Walking,730252269000,12.37,5.33,-1.12
697707,30,Walking,730252269000,12.37,5.33,-1.12
697708,30,Walking,730340922000,2.37,-8.92,-7.82
697709,30,Walking,730392314000,9.0,-5.67,-4.44
697710,30,Walking,730442332000,11.18,0.34,-3.87
697711,30,Walking,730512248000,14.6,6.7,-6.97
697712,30,Walking,730562297000,1.92,8.73,-8.01
697713,30,Walking,730612315000,3.34,4.99,-8.73
697714,30,Walking,730662303000,7.31,0.99,-7.5
697715,30,Walking,730712291000,7.25,0.23,-7.59
697716,30,Walking,730762340000,10.76,-0.42,-8.54
697717,30,Walking,730812297000,14.06,-4.1,-9.23
697718,30,Walking,730862346000,18.81,-14.18,4.06
697719,30,Walking,730862346000,18.81,-14.18,4.06
697720,30,Walking,730923503000,8.73,-12.49,-11.54
697721,30,Walking,730982341000,10.57,-0.11,-9.47
697722,30,Walking,731032268000,15.24,2.45,-9.3
697723,30,Walking,731082286000,12.68,12.95,-10.57
697724,30,Walking,731132335000,2.22,5.09,-0.5
697725,30,Walking,731182262000,-1.95,10.23,-8.81
697726,30,Walking,731232341000,-0.61,8.69,-3.34
697727,30,Walking,731282268000,1.61,7.44,-1.61
697729,30,Walking,731332408000,17.24,0.42,5.43
697728,30,Walking,731332408000,17.24,0.42,5.43
697730,30,Walking,731432384000,10.99,-12.68,0.61
697731,30,Walking,731482310000,3.17,0.19,-3.6
697732,30,Walking,731553905000,13.67,4.25,-3.15
697733,30,Walking,731612315000,2.96,13.1,-11.56
697734,30,Walking,731662303000,3.91,2.68,-7.31
697735,30,Walking,731712321000,8.85,-0.5,-8.43
697736,30,Walking,731762309000,7.97,-1.61,-6.78
697737,30,Walking,731812327000,10.04,-2.41,-7.25
697738,30,Walking,731862315000,15.28,-4.94,-7.78
697739,30,Walking,731912303000,19.15,-11.03,2.64
697740,30,Walking,731912303000,19.15,-11.03,2.64
697741,30,Walking,731992290000,8.39,-9.58,-9.81
697742,30,Walking,732042338000,12.11,-2.07,-10.53
697743,30,Walking,732092326000,17.73,2.56,-12.72
697744,30,Walking,732142284000,12.18,10.8,-8.35
