,user,label,timestamp,x,y,z
789015,31,Walking,22431781624000,-2.34,8.85,-3.26
789016,31,Walking,22431861519000,-0.34,10.12,-1.88
789017,31,Walking,22431901619000,0.61,10.76,-1.38
789018,31,Walking,22431945412000,0.57,9.0,0.11
789019,31,Walking,22431982643000,0.0,8.58,0.0
789020,31,Walking,22432061561000,-0.72,8.58,-1.31
789021,31,Walking,22432101539000,-1.33,9.08,-1.27
789022,31,Walking,22432141518000,-2.64,10.0,-0.61
789023,31,Walking,22432181496000,-0.8,10.84,2.37
789024,31,Walking,22432261543000,3.11,11.99,-1.73
789025,31,Walking,22432301552000,6.05,15.43,2.37
789026,31,Walking,22432341621000,1.57,12.3,3.79
789027,31,Walking,22432381569000,0.72,13.1,-2.72
789028,31,Walking,22432461525000,-7.08,10.5,-2.79
789029,31,Walking,22432501503000,-4.67,5.6,0.99
789030,31,Walking,22432541511000,-0.8,5.28,-0.23
789031,31,Walking,22432581611000,-0.61,5.56,-1.95
789032,31,Walking,22432661507000,-2.98,3.57,-0.93
789033,31,Walking,22432701515000,-1.76,7.97,4.33
789034,31,Walking,22432741524000,4.48,15.28,10.99
789035,31,Walking,22432781502000,2.79,15.51,4.33
789036,31,Walking,22432861519000,-6.36,10.73,1.95
789037,31,Walking,22432901558000,-4.29,10.8,0.53
789038,31,Walking,22432942055000,-1.88,6.59,-3.49
789039,31,Walking,22432981514000,-1.65,9.51,-3.57
789040,31,Walking,22433061500000,0.11,9.3,-1.57
789041,31,Walking,22433101509000,-0.31,8.73,-0.46
789042,31,Walking,22433141518000,-0.93,8.96,-0.76
789043,31,Walking,22433181648000,-0.69,8.58,-1.04
789044,31,Walking,22433261665000,-0.5,9.11,0.11
789045,31,Walking,22433301552000,-1.42,10.31,0.46
789046,31,Walking,22433341499000,0.27,10.88,-0.65
789047,31,Walking,22433381538000,1.88,11.35,-1.38
789048,31,Walking,22433461525000,4.99,13.8,4.75
789049,31,Walking,22433501686000,2.91,11.65,-0.08
789050,31,Walking,22433541664000,0.65,12.37,-2.37
789051,31,Walking,22433581642000,-2.96,17.47,-3.79
789052,31,Walking,22433661507000,-3.53,6.82,0.08
789053,31,Walking,22433701637000,-0.57,5.71,-1.99
789054,31,Walking,22433741524000,0.8,5.86,-1.73
789055,31,Walking,22433781654000,-1.42,4.6,-2.11
789056,31,Walking,22433861549000,-3.17,4.33,2.41
789057,31,Walking,22433901649000,2.6,12.79,8.39
789058,31,Walking,22433941536000,7.01,18.31,7.08
789059,31,Walking,22433981514000,0.11,10.19,2.45
789060,31,Walking,22434061653000,-7.12,16.28,3.91
789061,31,Walking,22434101509000,-3.02,6.21,-3.26
789062,31,Walking,22434141518000,-1.84,4.37,-1.99
789063,31,Walking,22434181496000,-2.26,10.99,-3.34
789064,31,Walking,22434261574000,0.04,8.24,-0.8
789065,31,Walking,22434301674000,0.3,8.69,-0.42
789066,31,Walking,22434341499000,0.46,8.12,-0.65
789067,31,Walking,22434381630000,0.23,8.92,-0.42
789068,31,Walking,22434461525000,-2.03,10.46,0.19
789069,31,Walking,22434501503000,-0.69,11.14,0.08
789070,31,Walking,22434541511000,1.88,11.03,-1.8
789071,31,Walking,22434581520000,4.02,12.34,-0.8
789072,31,Walking,22434661507000,1.76,12.03,1.04
789073,31,Walking,22434701637000,0.8,10.92,-2.3
789074,31,Walking,22434741524000,-1.08,15.94,-3.34
789075,31,Walking,22434781532000,-5.52,12.91,-2.18
789076,31,Walking,22434861671000,-1.38,5.52,-1.84
789077,31,Walking,22434901497000,-0.46,4.56,-1.84
789078,31,Walking,22434941505000,-1.08,4.6,-1.99
789079,31,Walking,22434981483000,-2.49,3.49,-2.07
789080,31,Walking,22435061622000,0.72,15.36,12.83
789081,31,Walking,22435101539000,5.52,17.92,9.66
789082,31,Walking,22435142433000,-1.57,8.62,2.03
789083,31,Walking,22435181496000,-2.64,6.13,-1.84
789084,31,Walking,22435261574000,-3.21,7.82,-3.53
789085,31,Walking,22435301521000,-2.37,7.86,-2.3
789086,31,Walking,22435341499000,-1.27,10.08,-2.79
789087,31,Walking,22435381538000,0.27,10.38,-2.18
789088,31,Walking,22435461525000,0.0,8.66,-0.31
789089,31,Walking,22435501503000,-0.31,7.67,-0.76
789090,31,Walking,22435541603000,-0.19,8.89,-0.76
789091,31,Walking,22435581520000,-0.61,9.3,-0.65
789092,31,Walking,22435662086000,-0.57,10.95,1.12
789093,31,Walking,22435701546000,2.03,11.18,-1.23
789094,31,Walking,22435741554000,4.18,12.64,-0.19
789095,31,Walking,22435781563000,4.71,14.9,3.02
789096,31,Walking,22435821571000,2.56,12.07,1.18
789097,31,Walking,22435911690000,-3.02,16.74,-3.83
789098,31,Walking,22435951515000,-7.25,11.65,-3.15
789099,31,Walking,22435991768000,-4.18,5.98,1.42
789100,31,Walking,22436031471000,-1.12,5.01,-1.57
789101,31,Walking,22436111488000,-0.89,5.6,-1.76
789102,31,Walking,22436152199000,-2.79,3.53,-1.61
789103,31,Walking,22436191597000,-3.21,6.66,3.02
789104,31,Walking,22436231636000,2.22,15.79,12.03
789105,31,Walking,22436311470000,-2.22,5.79,0.95
789106,31,Walking,22436352058000,-2.76,6.28,-2.49
789107,31,Walking,22436391640000,-4.94,17.31,4.1
789108,31,Walking,22436431465000,-2.83,8.96,-2.64
789109,31,Walking,22436511482000,-1.04,8.5,-1.84
789110,31,Walking,22436552070000,-0.34,12.49,-1.99
789111,31,Walking,22436591621000,0.3,9.15,-0.57
789112,31,Walking,22436631630000,-0.19,7.97,-0.69
789113,31,Walking,22436711525000,-0.65,8.31,-0.99
789114,31,Walking,22436752052000,-1.12,8.77,-1.04
789115,31,Walking,22436791908000,-1.84,9.81,-1.14
789116,31,Walking,22436831520000,-1.61,10.76,-0.89
789117,31,Walking,22436911476000,2.83,13.44,-1.95
789118,31,Walking,22436951485000,3.83,14.86,3.72
789119,31,Walking,22436991615000,2.45,11.73,0.99
789120,31,Walking,22437031654000,0.23,11.45,-2.72
789121,31,Walking,22437111549000,-7.12,12.15,-3.34
789122,31,Walking,22437152199000,-4.29,6.24,0.8
789123,31,Walking,22437191597000,-1.08,5.75,-0.72
789124,31,Walking,22437231514000,0.04,5.09,-2.49
789125,31,Walking,22437311470000,-1.92,4.21,-1.5
789126,31,Walking,22437352058000,-3.53,6.93,3.76
789127,31,Walking,22437391640000,0.69,11.73,7.46
789128,31,Walking,22437431496000,4.56,13.99,5.18
789129,31,Walking,22437511482000,-2.72,12.11,0.38
789130,31,Walking,22437552070000,-3.53,9.85,2.3
789132,31,Walking,22437671303000,-1.73,11.92,-2.41
789131,31,Walking,22437671303000,-1.73,11.92,-2.41
789133,31,Walking,22437711494000,-0.23,9.15,-0.93
789134,31,Walking,22437751625000,0.19,8.28,0.57
789135,31,Walking,22437791756000,0.27,10.38,0.65
789136,31,Walking,22437831489000,0.53,8.35,-0.5
789137,31,Walking,22437911476000,-0.23,9.28,-0.99
789138,31,Walking,22437951576000,-1.12,8.92,-1.23
789139,31,Walking,22437991737000,-2.07,10.12,-1.14
789140,31,Walking,22438031502000,0.61,11.56,3.57
789141,31,Walking,22438111488000,4.33,15.98,0.84
789142,31,Walking,22438151771000,3.49,12.64,3.95
789143,31,Walking,22438191719000,0.95,11.3,-2.26
789144,31,Walking,22438231483000,-1.95,14.41,-3.6
789145,31,Walking,22438311500000,-4.29,7.93,1.27
789146,31,Walking,22438352058000,-0.69,5.86,-1.18
789147,31,Walking,22438391762000,0.34,5.05,-1.8
789148,31,Walking,22438431496000,-0.5,5.98,-1.95
789149,31,Walking,22438511574000,-3.91,3.72,0.15
789150,31,Walking,22438552070000,-1.08,10.38,6.66
789151,31,Walking,22438591621000,6.7,17.35,11.33
789152,31,Walking,22438631447000,2.45,15.28,2.18
789153,31,Walking,22438711494000,-5.05,6.93,2.18
789154,31,Walking,22438752052000,-2.83,6.44,-2.79
789155,31,Walking,22438791725000,-2.6,10.69,-3.49
789156,31,Walking,22438831489000,-0.89,11.18,-2.79
789157,31,Walking,22438911629000,1.04,8.69,0.5
789158,31,Walking,22438951576000,0.53,9.47,0.53
789159,31,Walking,22438991737000,0.27,7.67,-0.42
789160,31,Walking,22439031471000,0.0,8.43,-0.93
789161,31,Walking,22439111702000,-1.69,9.47,-1.27
789162,31,Walking,22439152046000,-1.33,11.41,1.73
789163,31,Walking,22439191597000,1.53,11.56,-0.27
789164,31,Walking,22439231514000,2.75,11.8,-1.69
789165,31,Walking,22439311592000,2.6,11.8,3.98
789166,31,Walking,22439352211000,0.99,11.07,-2.18
789167,31,Walking,22439391640000,-1.73,16.02,-3.45
789168,31,Walking,22439431526000,-6.44,13.1,-3.87
789169,31,Walking,22439511482000,-1.42,5.22,-0.95
789170,31,Walking,22439552193000,0.04,4.63,-2.07
789171,31,Walking,22439591621000,-0.04,5.43,-1.84
789172,31,Walking,22439631508000,-1.95,4.1,-1.14
789173,31,Walking,22439711494000,2.18,13.1,10.08
789174,31,Walking,22439752083000,5.86,16.13,5.86
789175,31,Walking,22439791756000,0.53,8.89,1.27
789176,31,Walking,22439831550000,-3.17,8.96,-1.61
789177,31,Walking,22439891609000,-3.06,8.47,-2.79
789178,31,Walking,22439931465000,-1.99,4.71,-2.68
789179,31,Walking,22440011421000,-0.89,11.11,-3.21
789180,31,Walking,22440051613000,-0.08,9.04,-1.23
789181,31,Walking,22440091621000,-0.34,9.15,-0.57
789182,31,Walking,22440131630000,-0.5,9.23,-0.95
789183,31,Walking,22440211433000,-0.65,8.08,0.23
789184,31,Walking,22440251472000,-1.23,8.92,-0.27
789185,31,Walking,22440291633000,-1.27,10.04,-0.38
789186,31,Walking,22440331489000,0.34,11.03,-1.08
789187,31,Walking,22440411476000,4.59,14.9,-0.04
789188,31,Walking,22440452095000,3.53,13.87,5.37
789189,31,Walking,22440491646000,1.46,10.53,-0.84
789190,31,Walking,22440531532000,0.11,12.83,-2.41
789191,31,Walking,22440611519000,-6.63,9.92,-1.69
789192,31,Walking,22440652046000,-2.34,5.41,1.08
789193,31,Walking,22440691749000,-0.04,5.33,-1.42
789194,31,Walking,22440731483000,0.19,6.4,-1.42
789195,31,Walking,22440811470000,-3.53,3.79,-0.42
789196,31,Walking,22440852058000,-0.99,9.15,5.05
789197,31,Walking,22440891640000,5.13,15.94,8.88
789198,31,Walking,22440931587000,4.59,14.14,3.11
789199,31,Walking,22441011513000,-8.47,10.0,4.75
789200,31,Walking,22441051552000,-2.68,6.7,-3.21
789201,31,Walking,22441091621000,-1.23,9.89,-4.14
789202,31,Walking,22441131508000,-0.08,11.99,-3.17
789203,31,Walking,22441211616000,-0.11,8.62,-0.08
789204,31,Walking,22441251625000,-1.14,9.3,-0.34
789205,31,Walking,22441291603000,-1.14,8.28,-1.33
789206,31,Walking,22441331489000,-1.14,7.59,-1.31
789207,31,Walking,22441411629000,-0.53,9.96,-0.08
789208,31,Walking,22441452064000,-0.53,10.53,-0.23
789209,31,Walking,22441491646000,0.69,11.11,-0.65
789210,31,Walking,22441531471000,2.49,11.56,-0.65
789211,31,Walking,22441611671000,3.06,13.8,4.06
789212,31,Walking,22441652168000,0.91,10.34,-2.22
789213,31,Walking,22441691749000,-0.99,13.48,-3.91
789214,31,Walking,22441731483000,-3.83,14.71,-3.64
