,user,label,timestamp,x,y,z
789815,31,Walking,22471801643000,-1.08,8.96,-0.38
789816,31,Walking,22471841469000,-1.33,8.89,-0.84
789817,31,Walking,22471881599000,-0.65,7.55,-0.84
789818,31,Walking,22471961494000,-0.19,8.69,-0.65
789819,31,Walking,22472001533000,-1.04,9.34,-0.8
789820,31,Walking,22472041481000,-1.23,11.26,0.04
789821,31,Walking,22472081520000,1.95,12.15,2.53
789822,31,Walking,22472161445000,4.29,15.28,0.65
789823,31,Walking,22472201546000,2.72,12.68,4.56
789824,31,Walking,22472241524000,1.12,10.8,-0.61
789825,31,Walking,22472281593000,-0.46,13.4,-2.72
789826,31,Walking,22472361519000,-5.52,10.04,-1.65
789827,31,Walking,22472401619000,-1.46,6.55,0.5
789828,31,Walking,22472441505000,0.84,6.63,-0.27
789829,31,Walking,22472481636000,-0.38,6.74,-1.46
789830,31,Walking,22472561470000,-4.33,3.79,0.84
789831,31,Walking,22472601478000,-0.34,6.36,3.34
789832,31,Walking,22472641640000,3.11,10.42,5.9
789833,31,Walking,22472681465000,4.82,15.32,4.52
789834,31,Walking,22472761513000,-2.87,9.51,0.99
789835,31,Walking,22472801521000,-4.4,1.99,2.49
789836,31,Walking,22472841469000,-3.91,10.19,-3.76
789837,31,Walking,22472881477000,-2.6,13.02,-3.45
789838,31,Walking,22472961647000,0.53,8.73,1.33
789839,31,Walking,22473011421000,-0.23,9.77,1.04
789840,31,Walking,22473051643000,-0.11,9.34,-0.04
789841,31,Walking,22473091591000,0.3,7.55,-0.42
789842,31,Walking,22473141518000,0.15,9.15,-0.5
789843,31,Walking,22473181496000,-0.11,8.81,-1.23
789844,31,Walking,22473261513000,-1.57,10.46,-1.69
789845,31,Walking,22473301552000,-1.27,10.15,-1.14
789846,31,Walking,22473341499000,1.27,11.22,-0.42
789847,31,Walking,22473381538000,6.09,16.82,5.52
789848,31,Walking,22473461586000,0.99,11.14,-1.08
789849,31,Walking,22473501503000,-1.38,15.17,-3.21
789850,31,Walking,22473541633000,-6.7,15.05,-3.38
789851,31,Walking,22473581520000,-6.59,7.55,0.8
789852,31,Walking,22473661476000,0.34,3.95,-2.11
789853,31,Walking,22473701637000,0.89,5.83,-1.69
789854,31,Walking,22473741493000,-1.18,6.02,-1.57
789855,31,Walking,22473781502000,-2.98,5.41,1.12
789856,31,Walking,22473861915000,5.71,15.36,9.49
789857,31,Walking,22473901466000,3.57,12.57,1.46
789858,31,Walking,22473941627000,-1.12,6.59,-1.14
789859,31,Walking,22473981514000,-4.37,13.29,2.37
789860,31,Walking,22474061470000,-2.56,6.09,-1.61
789861,31,Walking,22474101478000,-2.76,8.81,-2.15
789862,31,Walking,22474141487000,-1.33,11.03,-2.22
789863,31,Walking,22474181465000,-0.19,9.47,-0.89
789864,31,Walking,22474261482000,0.53,9.34,0.15
789865,31,Walking,22474301521000,0.42,7.74,-0.19
789866,31,Walking,22474341469000,0.0,8.96,-0.53
789867,31,Walking,22474381477000,-0.76,9.43,-0.61
789868,31,Walking,22474461494000,-0.84,10.31,-0.61
789869,31,Walking,22474501564000,0.95,11.3,0.76
789870,31,Walking,22474541542000,3.3,11.88,-1.08
789871,31,Walking,22474581520000,4.48,15.4,2.72
789872,31,Walking,22474662178000,0.5,10.42,-1.73
789873,31,Walking,22474701515000,-1.95,14.18,-3.26
789874,31,Walking,22474741524000,-6.4,13.82,-2.91
789875,31,Walking,22474781502000,-5.75,8.01,0.65
789876,31,Walking,22474861488000,0.91,5.09,-1.73
789877,31,Walking,22474901527000,0.69,6.21,-1.14
789878,31,Walking,22474941505000,-1.88,4.6,-1.18
789879,31,Walking,22474981483000,-3.11,5.28,1.12
789880,31,Walking,22475061470000,6.02,14.9,8.77
789881,31,Walking,22475101478000,3.45,13.06,1.95
789882,31,Walking,22475141487000,-1.5,6.09,-0.5
789883,31,Walking,22475181496000,-5.79,12.15,3.87
789884,31,Walking,22475261513000,-2.64,7.63,-1.65
789885,31,Walking,22475301552000,-1.88,8.24,-1.57
789886,31,Walking,22475341499000,-0.5,10.73,-2.15
789887,31,Walking,22475381508000,0.27,9.89,-0.8
789888,31,Walking,22475501259000,-0.08,7.59,-0.42
789889,31,Walking,22475501259000,-0.08,7.59,-0.42
789890,31,Walking,22475541481000,-0.38,8.28,-0.89
789891,31,Walking,22475581459000,-0.76,9.19,-0.93
789892,31,Walking,22475661476000,-0.61,10.31,-0.95
789893,31,Walking,22475701515000,0.27,11.56,-0.31
789894,31,Walking,22475741524000,3.15,11.41,2.45
789895,31,Walking,22475781502000,3.53,15.28,0.65
789896,31,Walking,22475861519000,0.19,10.73,-1.31
789897,31,Walking,22475901619000,-1.99,13.21,-3.11
789898,31,Walking,22475941566000,-5.33,13.72,-2.68
789899,31,Walking,22475981514000,-5.05,8.89,0.08
789900,31,Walking,22476061500000,1.92,5.24,-0.76
789901,31,Walking,22476101509000,1.69,5.41,-0.89
789902,31,Walking,22476141548000,-0.72,5.33,-1.65
789903,31,Walking,22476181526000,-2.53,4.37,-1.27
789904,31,Walking,22476261574000,5.63,14.6,9.77
789905,31,Walking,22476301521000,6.4,16.09,3.79
789906,31,Walking,22476341499000,-1.31,9.62,1.42
789907,31,Walking,22476381508000,-5.43,11.6,2.07
789908,31,Walking,22476461494000,-2.03,8.16,-2.34
789909,31,Walking,22476501472000,-1.65,11.22,-2.37
789910,31,Walking,22476541603000,-0.23,10.12,-1.57
789911,31,Walking,22476581489000,-0.08,8.43,-0.34
789912,31,Walking,22476661476000,-0.61,9.11,-0.38
789913,31,Walking,22476701576000,-0.5,7.31,-0.65
789914,31,Walking,22476741493000,-0.53,8.2,-0.99
789915,31,Walking,22476781502000,-0.84,8.89,-0.95
789916,31,Walking,22476861488000,-1.12,10.92,-0.93
789917,31,Walking,22476901497000,0.42,12.15,-0.69
789918,31,Walking,22476941475000,5.05,12.91,3.11
789919,31,Walking,22476981575000,3.34,15.28,0.15
789920,31,Walking,22477061561000,1.27,10.73,-1.69
789921,31,Walking,22477101570000,-0.61,14.06,-2.98
789922,31,Walking,22477141579000,-5.01,15.98,-3.26
789923,31,Walking,22477181496000,-5.9,8.31,-0.34
789924,31,Walking,22477261574000,0.61,4.75,-1.8
789925,31,Walking,22477301552000,0.99,5.79,-1.33
789926,31,Walking,22477341469000,-1.46,4.44,-1.92
789927,31,Walking,22477381630000,-2.96,3.53,-1.46
789928,31,Walking,22477461494000,5.13,17.27,12.34
789929,31,Walking,22477501564000,4.02,15.51,1.73
789930,31,Walking,22477541511000,-0.38,5.22,-1.57
789931,31,Walking,22477581520000,-4.14,15.64,2.98
789932,31,Walking,22477662056000,-1.42,3.57,-0.95
789933,31,Walking,22477701515000,-2.41,9.58,-2.03
789934,31,Walking,22477741493000,-2.15,12.53,-2.18
789935,31,Walking,22477781502000,-1.27,7.82,-0.72
789936,31,Walking,22477861488000,-1.23,8.62,-1.38
789937,31,Walking,22477901527000,-0.65,8.54,-0.72
789938,31,Walking,22477941475000,-0.15,8.05,-0.72
789939,31,Walking,22477981483000,-0.46,8.89,-0.84
789940,31,Walking,22478061592000,0.23,11.37,0.46
789941,31,Walking,22478101509000,4.4,13.4,2.26
789942,31,Walking,22478143532000,3.87,15.79,2.87
789943,31,Walking,22478181770000,2.22,12.41,1.42
789944,31,Walking,22478261604000,-1.12,15.55,-2.72
789945,31,Walking,22478301552000,-6.66,15.24,-3.45
789946,31,Walking,22478341469000,-6.09,7.16,0.84
789947,31,Walking,22478381477000,-1.95,5.6,-1.27
789948,31,Walking,22478461494000,1.27,7.01,-0.95
789949,31,Walking,22478501655000,-2.07,4.86,-0.76
789950,31,Walking,22478541481000,-4.02,3.15,-0.15
789951,31,Walking,22478581489000,-2.34,7.44,5.13
789952,31,Walking,22478661476000,5.18,15.24,2.18
789953,31,Walking,22478701515000,0.04,6.97,0.3
789954,31,Walking,22478741493000,-4.63,15.36,5.01
789955,31,Walking,22478781502000,-2.96,9.15,-1.88
789956,31,Walking,22478861488000,-2.45,9.47,-2.37
789957,31,Walking,22478901466000,-1.57,12.03,-2.41
789958,31,Walking,22478941475000,-0.8,8.47,-0.65
789959,31,Walking,22478981636000,-1.04,8.43,-0.19
789960,31,Walking,22479061470000,-0.53,7.63,-0.72
789961,31,Walking,22479101478000,-0.34,8.35,-0.76
789962,31,Walking,22479141518000,-0.61,8.77,-0.89
789963,31,Walking,22479181496000,-1.18,10.23,-0.89
789964,31,Walking,22479261482000,3.21,12.18,3.3
789965,31,Walking,22479301582000,3.64,14.79,-0.99
789966,31,Walking,22479341591000,3.98,14.14,4.52
789967,31,Walking,22479381569000,1.73,10.92,-0.72
789968,31,Walking,22479461525000,-4.4,17.69,-3.68
789969,31,Walking,22479501472000,-7.01,10.42,-1.99
789970,31,Walking,22479541603000,-2.79,4.9,0.84
789971,31,Walking,22479581520000,-0.15,4.25,-1.61
789972,31,Walking,22479661476000,-0.61,5.48,-1.5
789973,31,Walking,22479701942000,-3.26,3.6,-1.42
789974,31,Walking,22479741493000,-3.99,5.01,1.76
789975,31,Walking,22479781502000,2.98,14.29,11.69
789976,31,Walking,22479861488000,2.6,8.28,0.46
789977,31,Walking,22479901466000,-2.15,8.92,-0.11
789978,31,Walking,22479941566000,-6.74,16.13,1.65
789979,31,Walking,22479982185000,-2.41,4.82,-1.14
789980,31,Walking,22480061500000,-2.64,11.84,-2.64
789981,31,Walking,22480101509000,-1.18,9.96,-1.31
789982,31,Walking,22480141609000,-0.72,7.82,-0.38
789983,31,Walking,22480181465000,-0.38,8.54,-0.69
789984,31,Walking,22480261482000,0.11,8.08,-0.46
789985,31,Walking,22480301674000,-0.42,7.89,-0.27
789986,31,Walking,22480341469000,-0.84,9.3,-0.57
789987,31,Walking,22480381477000,-0.84,10.95,-0.53
789988,31,Walking,22480461494000,4.02,12.26,1.57
789989,31,Walking,22480501472000,5.05,16.13,2.64
789990,31,Walking,22480541695000,3.26,11.96,-0.57
789991,31,Walking,22480581642000,0.53,12.72,-2.98
789992,31,Walking,22480662117000,-8.81,11.35,-1.42
789993,31,Walking,22480701515000,-3.95,5.43,1.65
789994,31,Walking,22480741493000,-1.65,4.63,-2.26
789995,31,Walking,22480781624000,-0.53,4.02,-2.6
789996,31,Walking,22480861488000,-2.18,2.83,-2.07
789997,31,Walking,22480901649000,-3.45,3.91,2.07
789998,31,Walking,22480941505000,3.49,16.02,14.18
789999,31,Walking,22480981483000,4.33,17.5,4.82
790000,31,Walking,22481061470000,-5.48,13.59,4.82
790001,31,Walking,22481101509000,-3.79,9.3,-0.5
790002,31,Walking,22481141487000,-3.06,5.41,-2.83
790003,31,Walking,22481181557000,-3.87,10.31,-3.26
790004,31,Walking,22481261482000,-0.89,8.31,-0.99
790005,31,Walking,22481302742000,-0.99,8.54,0.08
790006,31,Walking,22481341499000,-1.27,9.51,-0.23
790007,31,Walking,22481381630000,-0.42,7.82,-0.57
790008,31,Walking,22481461555000,0.11,8.58,-0.65
790009,31,Walking,22481501472000,0.11,10.19,-0.72
790010,31,Walking,22481541511000,0.15,12.57,-0.15
790011,31,Walking,22481581520000,3.06,12.41,3.41
790012,31,Walking,22481663216000,1.76,14.37,2.83
790013,31,Walking,22481701515000,0.34,11.75,2.03
790014,31,Walking,22481741585000,-0.5,12.15,-2.41
