,user,label,timestamp,x,y,z
794415,31,Walking,22701801704000,-5.48,14.48,-4.14
794416,31,Walking,22701841499000,-3.91,7.4,-0.99
794417,31,Walking,22701881569000,-0.76,4.14,-1.18
794418,31,Walking,22701961525000,1.18,6.24,-2.07
794419,31,Walking,22702001686000,-1.73,5.52,-2.41
794420,31,Walking,22702041511000,-4.82,5.24,-0.46
794421,31,Walking,22702081581000,-5.09,8.89,10.0
794422,31,Walking,22702161476000,3.15,13.44,-0.04
794423,31,Walking,22702201790000,3.21,9.08,-0.76
794424,31,Walking,22702241493000,3.21,14.14,0.23
794425,31,Walking,22702281532000,-1.57,11.54,4.21
794426,31,Walking,22702361458000,-2.91,10.53,-3.15
794427,31,Walking,22702401680000,-2.87,11.92,-2.68
794428,31,Walking,22702441475000,-1.88,7.35,-1.23
794429,31,Walking,22702481544000,-2.76,8.28,-1.57
794430,31,Walking,22702601356000,0.15,8.85,-1.14
794431,31,Walking,22702601356000,0.15,8.85,-1.14
794432,31,Walking,22702641456000,0.65,8.12,-0.8
794433,31,Walking,22702681587000,0.95,8.58,-0.76
794434,31,Walking,22702761482000,1.42,12.68,1.69
794435,31,Walking,22702801613000,2.64,13.8,2.26
794436,31,Walking,22702841469000,3.79,14.18,0.27
794437,31,Walking,22702881569000,2.56,12.18,3.41
794438,31,Walking,22702961525000,-1.33,17.05,-3.95
794439,31,Walking,22703002022000,-6.7,15.47,-4.71
794440,31,Walking,22703041481000,-4.79,7.25,1.65
794441,31,Walking,22703081550000,-1.61,5.63,-1.27
794442,31,Walking,22703161476000,1.27,6.21,-1.08
794443,31,Walking,22703201637000,-1.54,4.06,-1.57
794444,31,Walking,22703241493000,-3.15,3.38,-1.18
794445,31,Walking,22703281654000,-2.37,17.24,11.11
794446,31,Walking,22703361488000,2.68,12.45,0.5
794447,31,Walking,22703401619000,-1.33,9.51,0.89
794448,31,Walking,22703441475000,-2.76,13.87,3.79
794449,31,Walking,22703481544000,-2.91,7.27,-1.14
794450,31,Walking,22703561531000,-1.46,10.23,-3.02
794451,31,Walking,22703601601000,-0.15,9.85,-2.15
794452,31,Walking,22703641487000,0.04,8.47,-0.89
794453,31,Walking,22703681526000,-0.99,9.38,-0.69
794454,31,Walking,22703761635000,-0.42,7.67,-0.76
794455,31,Walking,22703801613000,0.0,9.28,-0.69
794456,31,Walking,22703841469000,-0.15,9.11,-0.69
794457,31,Walking,22703881538000,-1.04,10.5,1.12
794458,31,Walking,22703961494000,2.26,10.69,-2.03
794459,31,Walking,22704001625000,4.56,13.48,-1.38
794460,31,Walking,22704041572000,3.53,14.14,4.52
794461,31,Walking,22704081703000,2.3,11.92,2.07
794462,31,Walking,22704161598000,-0.57,16.32,-3.21
794463,31,Walking,22704201637000,-4.9,13.48,-3.83
794464,31,Walking,22704241493000,-3.11,6.36,0.0
794465,31,Walking,22704281654000,0.08,4.86,0.04
794466,31,Walking,22704361488000,-1.27,6.93,-1.84
794467,31,Walking,22704401588000,-3.57,4.67,-1.42
794468,31,Walking,22704441566000,-3.68,3.79,1.42
794469,31,Walking,22704481544000,0.99,10.08,5.94
794470,31,Walking,22704561470000,4.67,13.82,2.64
794471,31,Walking,22704601723000,-0.34,10.73,1.65
794472,31,Walking,22704641487000,-2.64,14.52,3.17
794473,31,Walking,22704681526000,-2.87,5.48,-0.34
794474,31,Walking,22704761574000,-2.56,12.18,-3.45
794475,31,Walking,22704801613000,-0.5,9.77,-1.76
794476,31,Walking,22704841469000,0.11,7.35,-0.38
794477,31,Walking,22704881660000,-0.19,9.3,-0.5
794478,31,Walking,22704961616000,-0.27,8.05,-0.93
794479,31,Walking,22705002113000,0.23,8.96,-0.8
794480,31,Walking,22705041481000,-0.34,8.69,-0.99
794481,31,Walking,22705081581000,-1.18,9.77,-0.93
794482,31,Walking,22705161659000,2.18,12.15,0.46
794483,31,Walking,22705201637000,3.95,14.94,-1.14
794484,31,Walking,22705241493000,6.59,13.48,4.1
794485,31,Walking,22705281715000,2.14,10.53,-1.31
794486,31,Walking,22705361488000,-5.37,16.78,-5.24
794487,31,Walking,22705401710000,-5.83,9.15,-1.14
794488,31,Walking,22705441475000,-2.18,5.13,0.27
794489,31,Walking,22705481544000,0.27,4.33,-2.15
794490,31,Walking,22705561470000,-0.65,4.44,-1.73
794491,31,Walking,22705601753000,-3.68,3.6,-1.18
794492,31,Walking,22705641518000,-5.75,5.79,4.06
794493,31,Walking,22705681526000,2.79,15.98,12.34
794494,31,Walking,22705761482000,2.03,11.65,0.72
794495,31,Walking,22705801613000,0.53,16.47,2.91
794496,31,Walking,22705841469000,-2.91,4.56,0.57
794497,31,Walking,22705881966000,-2.37,4.25,-2.07
794498,31,Walking,22705961525000,-1.84,11.11,-2.49
794499,31,Walking,22706001655000,-0.65,6.59,-0.89
794500,31,Walking,22706041633000,-1.57,9.23,-1.08
794501,31,Walking,22706081550000,-1.38,10.04,-1.42
794502,31,Walking,22706161476000,0.65,8.24,-0.89
794503,31,Walking,22706201668000,1.04,8.2,-0.95
794504,31,Walking,22706241554000,1.04,9.0,-1.18
794505,31,Walking,22706281532000,0.95,11.84,-1.31
794506,31,Walking,22706361488000,1.69,11.22,-0.23
794507,31,Walking,22706401649000,3.11,13.63,0.23
794508,31,Walking,22706462044000,2.56,11.8,0.42
794509,31,Walking,22706501564000,1.84,11.84,-2.26
794510,31,Walking,22706541633000,-0.61,15.17,-2.87
794511,31,Walking,22706581550000,-5.22,13.82,-3.41
794512,31,Walking,22706661476000,-1.95,5.56,-1.65
794513,31,Walking,22706701607000,-0.19,4.75,-2.41
794514,31,Walking,22706741493000,1.42,6.28,-1.27
794515,31,Walking,22706781532000,-1.57,4.94,-0.95
794516,31,Walking,22706861488000,-0.95,7.25,2.64
794517,31,Walking,22706901588000,6.66,16.25,10.11
794518,31,Walking,22706941505000,5.79,16.93,2.22
794519,31,Walking,22706981544000,-1.57,11.88,1.61
794520,31,Walking,22707061592000,-1.92,6.4,-1.88
794521,31,Walking,22707101601000,-1.5,9.58,-3.11
794522,31,Walking,22707141487000,-0.95,10.88,-2.53
794523,31,Walking,22707181648000,-0.31,8.85,-1.08
794524,31,Walking,22707261482000,-1.65,9.04,-0.89
794525,31,Walking,22707301613000,-0.69,7.74,-0.8
794526,31,Walking,22707343941000,0.0,8.73,-0.99
794527,31,Walking,22707381569000,0.34,9.7,-0.93
794528,31,Walking,22707461494000,0.3,9.08,-1.14
794529,31,Walking,22707501716000,1.27,12.07,-1.18
794530,31,Walking,22707541511000,3.6,12.34,2.3
794531,31,Walking,22707581550000,3.57,14.48,-0.04
794532,31,Walking,22707661629000,1.8,11.22,-0.65
794533,31,Walking,22707701698000,0.42,12.18,-2.45
794534,31,Walking,22707741493000,-2.56,16.36,-3.17
794535,31,Walking,22707781532000,-5.75,11.69,-2.79
794536,31,Walking,22707861488000,-0.76,3.99,-1.76
794537,31,Walking,22707901588000,1.14,5.48,-0.95
794538,31,Walking,22707941475000,-0.57,6.13,-1.65
794539,31,Walking,22707981544000,-3.3,4.9,-1.31
794540,31,Walking,22708061470000,2.96,11.03,5.9
794541,31,Walking,22708101601000,5.6,14.06,2.18
794542,31,Walking,22708141609000,4.75,11.41,3.15
794543,31,Walking,22708181526000,-1.5,11.99,0.84
794544,31,Walking,22708261482000,-2.03,6.17,-1.42
794545,31,Walking,22708301765000,-2.37,10.04,-2.53
794546,31,Walking,22708341560000,-1.23,10.95,-2.56
794547,31,Walking,22708383613000,-0.38,7.5,-0.99
794548,31,Walking,22708461525000,-1.12,9.04,-1.12
794549,31,Walking,22708501594000,-0.5,7.7,-0.76
794550,31,Walking,22708541481000,0.11,8.73,-0.95
794551,31,Walking,22708581550000,0.46,8.89,-0.89
794552,31,Walking,22708661476000,0.3,11.41,-0.57
794553,31,Walking,22708701698000,2.72,12.3,3.68
794554,31,Walking,22708741493000,2.79,13.44,-2.15
794555,31,Walking,22708781563000,3.06,14.82,2.41
794556,31,Walking,22708861641000,0.3,11.5,-2.41
794557,31,Walking,22708901588000,-2.3,15.32,-3.72
794558,31,Walking,22708941505000,-5.6,13.25,-3.38
794559,31,Walking,22708981636000,-4.21,7.67,0.53
794560,31,Walking,22709061500000,0.99,4.71,-1.38
794561,31,Walking,22709101601000,0.65,5.18,-1.5
794562,31,Walking,22709141487000,-1.23,4.21,-2.22
794563,31,Walking,22709181526000,-2.87,4.82,0.08
794564,31,Walking,22709261513000,6.13,15.05,7.27
794565,31,Walking,22709301674000,0.76,9.04,0.57
794566,31,Walking,22709341560000,-1.14,7.5,-1.18
794567,31,Walking,22709381538000,-2.87,16.28,5.33
794568,31,Walking,22709461555000,-2.56,7.27,-2.26
794569,31,Walking,22709501625000,-1.95,10.61,-2.76
794570,31,Walking,22709541511000,-0.46,10.5,-1.8
794571,31,Walking,22709581550000,0.0,8.5,-0.46
794572,31,Walking,22709661476000,-0.34,8.69,-0.65
794573,31,Walking,22709701637000,0.04,7.63,-0.5
794574,31,Walking,22709741493000,0.23,8.81,-0.65
794575,31,Walking,22709781532000,0.27,8.5,-0.5
794576,31,Walking,22709861488000,0.61,11.3,1.46
794577,31,Walking,22709901588000,2.56,11.3,-0.46
794578,31,Walking,22709941505000,4.1,13.29,-0.93
794579,31,Walking,22709981544000,2.75,14.06,2.87
794580,31,Walking,22710061592000,1.12,11.22,-2.11
794581,31,Walking,22710101601000,-1.84,4.25,-1.5
794582,31,Walking,22710221290000,-0.84,4.25,-1.5
794583,31,Walking,22710221290000,-0.84,4.25,-1.5
794584,31,Walking,22710262092000,1.33,5.75,-1.23
794585,31,Walking,22710301613000,0.42,6.66,-1.57
794586,31,Walking,22710341469000,-2.76,4.71,-1.57
794587,31,Walking,22710381569000,-4.67,3.83,0.65
794588,31,Walking,22710461616000,6.7,17.54,9.11
794589,31,Walking,22710501594000,3.06,11.22,-0.11
794590,31,Walking,22710541511000,-0.5,7.78,-0.31
794591,31,Walking,22710581550000,-2.68,16.63,4.02
794592,31,Walking,22710661507000,-2.49,6.74,-1.8
794593,31,Walking,22710701607000,-2.53,11.26,-2.76
794594,31,Walking,22710741524000,-0.89,9.72,-1.57
794595,31,Walking,22710781654000,-0.46,7.78,-0.42
794596,31,Walking,22710861488000,-0.38,7.97,-0.42
794597,31,Walking,22710861488000,-0.38,7.97,-0.42
794598,31,Walking,22710961494000,-0.11,9.23,-0.89
794599,31,Walking,22711001747000,-0.65,10.15,-0.72
794600,31,Walking,22711041511000,-0.23,11.56,-0.19
794601,31,Walking,22711081642000,4.48,11.65,5.09
794602,31,Walking,22711161445000,3.53,14.21,3.95
794603,31,Walking,22711201607000,2.41,11.65,0.0
794604,31,Walking,22711241493000,0.27,13.63,-2.68
794605,31,Walking,22711281532000,-4.44,17.86,-3.87
794606,31,Walking,22711362190000,-2.64,5.86,0.76
794607,31,Walking,22711401527000,-0.57,4.56,-2.37
794608,31,Walking,22711441505000,0.84,5.79,-0.95
794609,31,Walking,22711481544000,-0.31,5.01,-1.69
794610,31,Walking,22711561470000,-3.38,6.13,3.41
794611,31,Walking,22711601478000,5.41,16.66,13.91
794612,31,Walking,22711641518000,4.56,15.6,2.26
794613,31,Walking,22711681526000,-0.42,5.52,0.23
794614,31,Walking,22711761482000,-2.87,11.5,0.95
