,user,label,timestamp,x,y,z
794815,31,Walking,22721781532000,4.14,14.18,4.14
794816,31,Walking,22721861641000,-0.42,13.38,-2.83
794817,31,Walking,22721901619000,-5.56,15.32,-4.1
794818,31,Walking,22721941505000,-6.44,9.28,-1.14
794819,31,Walking,22721981514000,-2.22,5.56,0.27
794820,31,Walking,22722061470000,1.65,5.63,-1.14
794821,31,Walking,22722101478000,0.15,6.17,-2.03
794822,31,Walking,22722141518000,-1.8,4.48,-2.11
794823,31,Walking,22722181526000,-3.53,6.82,2.37
794824,31,Walking,22722261482000,5.63,14.48,5.18
794825,31,Walking,22722301491000,1.69,10.04,0.8
794826,31,Walking,22722341469000,-0.99,9.3,-1.38
794827,31,Walking,22722381538000,-0.93,16.7,2.56
794828,31,Walking,22722461494000,-3.76,7.16,-2.18
794829,31,Walking,22722501472000,-5.09,12.15,-2.96
794830,31,Walking,22722541511000,-1.88,9.11,-0.46
794831,31,Walking,22722581673000,-0.04,9.19,0.38
794832,31,Walking,22722661476000,1.12,9.58,0.72
794833,31,Walking,22722701485000,0.38,7.21,0.04
794834,31,Walking,22722741493000,0.11,8.73,-0.46
794835,31,Walking,22722781532000,-0.11,9.34,-0.61
794836,31,Walking,22722861519000,-0.95,9.81,-1.31
794837,31,Walking,22722901466000,-0.23,10.61,-0.08
794838,31,Walking,22722941505000,2.96,12.26,2.6
794839,31,Walking,22722981575000,3.45,15.47,0.0
794840,31,Walking,22723061622000,-0.04,11.69,-1.88
794841,31,Walking,22723101478000,-3.49,16.09,-3.79
794842,31,Walking,22723141518000,-6.36,12.72,-2.41
794843,31,Walking,22723181618000,-4.86,7.25,0.8
794844,31,Walking,22723261482000,0.3,5.01,-1.18
794845,31,Walking,22723301521000,0.15,6.4,-0.95
794846,31,Walking,22723341499000,-2.03,5.28,-1.57
794847,31,Walking,22723381538000,-3.41,4.79,-0.11
794848,31,Walking,22723461616000,5.6,14.21,6.7
794849,31,Walking,22723501472000,4.82,13.67,1.73
794850,31,Walking,22723541756000,1.18,8.43,-0.61
794851,31,Walking,22723581550000,-3.95,15.6,3.11
794852,31,Walking,22723661476000,-1.88,6.97,-1.76
794853,31,Walking,22723701637000,-1.84,11.18,-2.34
794854,31,Walking,22723741524000,-0.46,9.11,-1.5
794855,31,Walking,22723781624000,-0.11,7.63,-0.61
794856,31,Walking,22723862160000,-1.31,8.08,-1.38
794857,31,Walking,22723901497000,-0.89,7.55,-0.57
794858,31,Walking,22723941505000,-0.72,9.92,-1.42
794859,31,Walking,22723981544000,-1.18,9.96,-0.57
794860,31,Walking,22724061622000,1.14,11.45,-0.95
794861,31,Walking,22724101478000,2.72,11.37,-1.61
794862,31,Walking,22724141518000,5.75,14.56,-1.08
794863,31,Walking,22724181526000,6.13,11.92,5.56
794864,31,Walking,22724261513000,0.38,16.55,-3.68
794865,31,Walking,22724301521000,-6.82,17.2,-5.01
794866,31,Walking,22724341499000,-7.35,6.59,0.99
794867,31,Walking,22724381538000,-2.49,3.95,-0.27
794868,31,Walking,22724461464000,-0.23,5.01,-1.84
794869,31,Walking,22724501472000,-1.08,4.25,-1.31
794870,31,Walking,22724541511000,-2.34,3.95,0.08
794871,31,Walking,22724581550000,-0.15,10.95,7.46
794872,31,Walking,22724661507000,3.72,12.41,0.69
794873,31,Walking,22724701515000,-0.15,7.44,-1.42
794874,31,Walking,22724741524000,-5.83,17.31,6.63
794875,31,Walking,22724781624000,-3.57,5.43,-0.34
794876,31,Walking,22724861488000,-3.83,11.65,-3.68
794877,31,Walking,22724901619000,-1.84,10.65,-2.53
794878,31,Walking,22724941505000,-0.99,7.44,-0.89
794879,31,Walking,22724981636000,-1.46,8.69,-0.95
794880,31,Walking,22725061470000,-0.19,8.35,-0.8
794881,31,Walking,22725101478000,0.65,9.15,-0.38
794882,31,Walking,22725141518000,1.46,10.12,-0.11
794883,31,Walking,22725181557000,0.99,10.27,2.56
794884,31,Walking,22725381538000,2.45,10.84,-1.18
794885,31,Walking,22725381538000,2.45,10.84,-1.18
794886,31,Walking,22725381538000,2.45,10.84,-1.18
794887,31,Walking,22725381538000,2.45,10.84,-1.18
794888,31,Walking,22725461494000,-4.4,17.82,-3.38
794889,31,Walking,22725501472000,-7.27,9.53,-0.57
794890,31,Walking,22725541511000,-3.11,6.24,-0.31
794891,31,Walking,22725581611000,-0.95,4.14,-2.56
794892,31,Walking,22725661476000,0.23,4.63,-1.69
794893,31,Walking,22725701515000,-2.03,3.26,-1.33
794894,31,Walking,22725741524000,-2.49,6.97,3.76
794895,31,Walking,22725781532000,4.37,16.13,11.75
794896,31,Walking,22725861488000,0.65,10.0,0.27
794897,31,Walking,22725901497000,-3.38,14.75,2.72
794898,31,Walking,22725941627000,-4.33,6.28,1.73
794899,31,Walking,22725981544000,-3.3,8.47,-2.91
794900,31,Walking,22726061592000,-0.57,9.15,-1.5
794901,31,Walking,22726101478000,0.5,8.01,-0.61
794902,31,Walking,22726141518000,0.72,9.15,-0.19
794903,31,Walking,22726181526000,0.19,8.2,-0.57
794904,31,Walking,22726261543000,-0.65,9.34,-0.84
794905,31,Walking,22726301491000,-0.8,9.51,-0.95
794906,31,Walking,22726341499000,-0.72,10.57,0.04
794907,31,Walking,22726381599000,2.11,11.69,3.91
794908,31,Walking,22726461494000,4.02,15.17,0.57
794909,31,Walking,22726501625000,2.07,12.3,5.01
794910,31,Walking,22726541481000,2.07,10.0,-1.61
794911,31,Walking,22726602089000,-1.65,18.24,-3.15
794912,31,Walking,22726641945000,-6.78,14.41,-3.64
794913,31,Walking,22726681679000,-3.38,7.16,1.33
794914,31,Walking,22726761482000,0.04,5.28,-2.07
794915,31,Walking,22726801521000,-0.23,4.37,-1.57
794916,31,Walking,22726841499000,-1.88,2.98,-1.99
794917,31,Walking,22726881538000,-3.38,4.99,1.65
794918,31,Walking,22726961616000,3.53,12.37,5.43
794919,31,Walking,22727001839000,1.23,10.23,0.8
794920,31,Walking,22727041481000,-0.04,12.79,2.79
794921,31,Walking,22727081673000,-2.91,14.6,4.37
794922,31,Walking,22727161476000,-3.15,6.7,-2.6
794923,31,Walking,22727201546000,-3.15,12.45,-3.26
794924,31,Walking,22727241646000,-0.89,10.0,-1.57
794925,31,Walking,22727281502000,-0.31,7.97,-0.31
794926,31,Walking,22727361488000,-0.38,7.89,-0.65
794927,31,Walking,22727401497000,0.19,8.69,-0.76
794928,31,Walking,22727441475000,0.61,9.58,-0.61
794929,31,Walking,22727481514000,0.0,8.39,-0.34
794930,31,Walking,22727561500000,-0.11,11.03,0.89
794931,31,Walking,22727601509000,1.88,11.14,-1.54
794932,31,Walking,22727641487000,4.4,15.55,0.34
794933,31,Walking,22727681526000,4.37,13.8,6.47
794934,31,Walking,22727761482000,0.57,14.67,-3.11
794935,31,Walking,22727801491000,-3.72,17.88,-4.06
794936,31,Walking,22727841621000,-6.82,10.04,-2.49
794937,31,Walking,22727881538000,-2.91,4.37,1.73
794938,31,Walking,22727961494000,-0.08,5.18,-2.45
794939,31,Walking,22728001533000,0.27,5.79,-1.73
794940,31,Walking,22728041633000,-2.22,3.49,-1.04
794941,31,Walking,22728081550000,-3.57,7.08,3.87
794942,31,Walking,22728161476000,4.71,14.75,4.75
794943,31,Walking,22728201546000,1.14,7.01,0.15
794944,31,Walking,22728241524000,-0.89,9.11,-3.21
794945,31,Walking,22728281532000,-6.24,16.7,7.65
794946,31,Walking,22728361488000,-1.95,6.13,-2.87
794947,31,Walking,22728401466000,-2.26,12.11,-3.38
794948,31,Walking,22728441627000,-0.53,10.04,-1.57
794949,31,Walking,22728481514000,0.08,7.44,-0.46
794950,31,Walking,22728561500000,-0.42,8.66,-1.14
794951,31,Walking,22728601509000,-0.04,8.5,-0.69
794952,31,Walking,22728641518000,0.38,9.04,-0.5
794953,31,Walking,22728681526000,0.53,9.72,-0.34
794954,31,Walking,22728761482000,1.57,11.56,0.04
794955,31,Walking,22728801552000,2.14,11.11,-0.72
794956,31,Walking,22728841499000,2.45,14.37,0.15
794957,31,Walking,22728881508000,2.11,13.4,5.6
794958,31,Walking,22728961616000,0.72,14.29,-2.76
794959,31,Walking,22729001839000,-2.6,16.51,-3.45
794960,31,Walking,22729041511000,-6.02,10.76,-2.56
794961,31,Walking,22729081489000,-3.6,6.66,1.31
794962,31,Walking,22729161476000,-0.8,4.71,-2.18
794963,31,Walking,22729201546000,-0.46,5.01,-1.27
794964,31,Walking,22729241524000,-2.3,3.11,-0.23
794965,31,Walking,22729281532000,-1.5,6.32,3.57
794966,31,Walking,22729361610000,5.6,16.09,5.63
794967,31,Walking,22729401497000,-3.83,10.99,3.3
794968,31,Walking,22729441475000,-7.31,8.77,4.02
794969,31,Walking,22729481544000,-1.92,6.78,-3.38
794970,31,Walking,22729561561000,-1.42,11.14,-1.65
794971,31,Walking,22729601478000,0.15,9.28,-0.95
794972,31,Walking,22729641487000,0.69,8.85,-0.11
794973,31,Walking,22729681526000,-0.27,9.3,1.12
794974,31,Walking,22729761482000,-1.33,7.55,-0.46
794975,31,Walking,22729801491000,-0.57,7.67,-0.61
794976,31,Walking,22729841652000,0.27,8.62,-0.72
794977,31,Walking,22729881538000,0.11,9.15,-0.89
794978,31,Walking,22729961738000,0.57,11.88,-0.95
794979,31,Walking,22730001533000,3.45,11.35,2.14
794980,31,Walking,22730041481000,2.56,13.25,0.0
794981,31,Walking,22730081550000,1.31,13.82,1.5
794982,31,Walking,22730161476000,0.42,12.41,-2.96
794983,31,Walking,22730201546000,-2.56,16.21,-3.87
794984,31,Walking,22730241524000,-5.79,13.02,-3.45
794985,31,Walking,22730281532000,-4.71,7.16,-1.23
794986,31,Walking,22730361488000,0.72,5.24,-0.15
794987,31,Walking,22730411415000,-0.23,6.51,-1.33
794988,31,Walking,22730451607000,-2.3,4.14,-1.99
794989,31,Walking,22730491463000,-2.68,4.86,0.69
794990,31,Walking,22730531593000,1.95,13.72,10.84
794991,31,Walking,22730611488000,1.99,8.85,0.5
794992,31,Walking,22730652016000,-1.54,10.15,-1.18
794993,31,Walking,22730691475000,-6.13,14.14,5.9
794994,31,Walking,22730731514000,-2.76,7.01,-2.34
794995,31,Walking,22730811470000,-1.8,10.61,-2.45
794996,31,Walking,22730851875000,-0.19,8.73,-1.42
794997,31,Walking,22730891518000,0.11,7.93,-0.53
794998,31,Walking,22730931496000,-0.53,8.66,-0.65
794999,31,Walking,22731011452000,-0.42,8.81,-0.65
795000,31,Walking,22731011452000,-0.42,8.81,-0.65
795001,31,Walking,22731112068000,-0.8,10.34,0.15
795002,31,Walking,22731152138000,0.99,11.41,1.88
795003,31,Walking,22731191475000,2.18,11.03,-1.8
795004,31,Walking,22731231514000,3.02,12.83,-1.14
795005,31,Walking,22731311622000,0.84,12.53,4.94
795006,31,Walking,22731352058000,0.65,11.14,-1.88
795007,31,Walking,22731391640000,-1.69,15.02,-3.3
795008,31,Walking,22731431496000,-5.43,13.87,-3.38
795009,31,Walking,22731511482000,-0.61,5.43,-0.34
795010,31,Walking,22731552589000,1.53,6.13,0.42
795011,31,Walking,22731591621000,-0.31,5.6,-1.08
795012,31,Walking,22731631508000,-2.53,3.79,-1.8
795013,31,Walking,22731711494000,0.34,10.31,7.93
795014,31,Walking,22731752022000,8.12,19.0,10.84
