,user,label,timestamp,x,y,z
998750,2,Jogging,8844792341000,17.43,-0.57,1.69
998751,2,Jogging,8844842359000,19.34,5.56,8.96
998752,2,Jogging,8844892347000,9.92,4.33,1.04
998753,2,Jogging,8844942335000,1.14,3.68,-12.98
998754,2,Jogging,8844992353000,5.01,-0.89,2.76
998755,2,Jogging,8845042371000,-0.27,0.76,0.57
998756,2,Jogging,8845092359000,3.57,0.93,3.72
998757,2,Jogging,8845142377000,19.57,-4.94,5.01
998758,2,Jogging,8845192487000,2.53,-0.61,0.8
998759,2,Jogging,8845242322000,1.38,-1.53,-2.11
998760,2,Jogging,8845292463000,0.42,0.23,0.42
998761,2,Jogging,8845342359000,-0.8,1.76,0.65
998762,2,Jogging,8845392347000,13.57,-3.06,10.99
998763,2,Jogging,8845442335000,19.57,6.21,7.4
998764,2,Jogging,8845492322000,14.33,3.95,7.55
998765,2,Jogging,8845542371000,-3.79,6.85,-14.52
998766,2,Jogging,8845592359000,10.12,-4.59,6.05
998767,2,Jogging,8845642377000,2.15,-1.61,-1.95
998768,2,Jogging,8845692365000,1.14,3.72,2.79
998769,2,Jogging,8845742322000,16.74,-4.67,13.99
998770,2,Jogging,8845792371000,14.52,0.84,-4.02
998771,2,Jogging,8845842359000,2.64,2.03,-2.75
998772,2,Jogging,8845892469000,0.61,0.19,0.31
998773,2,Jogging,8845942396000,1.14,1.27,1.69
998774,2,Jogging,8845992322000,9.89,-3.91,10.38
998775,2,Jogging,8846042341000,18.66,1.92,-0.27
998776,2,Jogging,8846092328000,18.58,5.01,9.77
998777,2,Jogging,8846142347000,2.91,5.22,-3.6
998778,2,Jogging,8846192335000,3.79,-0.76,-7.89
998779,2,Jogging,8846242322000,3.17,-0.65,4.52
998780,2,Jogging,8846292341000,0.57,0.8,-0.38
998781,2,Jogging,8846342328000,10.73,-1.18,5.86
998782,2,Jogging,8846392347000,18.85,-3.26,2.41
998783,2,Jogging,8846442335000,4.37,-0.53,0.04
998784,2,Jogging,8846492322000,-0.15,-0.19,0.19
998785,2,Jogging,8846542341000,-0.76,2.26,-1.95
998786,2,Jogging,8846592359000,3.91,0.65,-0.91
998787,2,Jogging,8846642347000,17.77,-3.41,2.79
998788,2,Jogging,8846692335000,19.53,4.14,10.5
998789,2,Jogging,8846742322000,4.6,3.91,-0.5
998790,2,Jogging,8846792341000,-1.14,2.96,-12.3
998791,2,Jogging,8846842328000,4.79,-3.17,1.57
998792,2,Jogging,8846892347000,1.42,0.57,1.5
998793,2,Jogging,8846942335000,7.21,0.99,4.06
998795,2,Jogging,8846992292000,19.57,-4.52,7.21
998794,2,Jogging,8846992292000,19.57,-4.52,7.21
998796,2,Jogging,8847062299000,4.52,1.73,-1.08
998797,2,Jogging,8847112287000,0.57,0.04,-2.37
998798,2,Jogging,8847162336000,-0.72,2.53,-0.46
998799,2,Jogging,8847212324000,8.89,-5.05,6.55
998800,2,Jogging,8847262342000,17.05,1.61,-2.72
998801,2,Jogging,8847312330000,19.19,5.79,10.15
998802,2,Jogging,8847362348000,4.71,5.33,-1.08
998803,2,Jogging,8847412336000,1.88,1.76,-14.14
998804,2,Jogging,8847462324000,4.63,-3.17,6.13
998805,2,Jogging,8847512342000,-0.27,-1.76,-0.46
998806,2,Jogging,8847562330000,3.68,1.65,1.76
998807,2,Jogging,8847612348000,19.57,-6.43,6.13
998808,2,Jogging,8847662336000,6.7,3.64,-0.3
998809,2,Jogging,8847712354000,0.61,-1.57,-2.68
998810,2,Jogging,8847762342000,1.31,0.34,-0.84
998811,2,Jogging,8847812330000,0.23,1.42,2.07
998812,2,Jogging,8847862378000,13.29,-2.3,13.63
998813,2,Jogging,8847912366000,19.57,7.12,4.4
998814,2,Jogging,8847962385000,11.54,3.26,9.47
998815,2,Jogging,8848012311000,2.18,5.09,-15.85
998816,2,Jogging,8848062330000,4.86,-3.79,7.78
998817,2,Jogging,8848112348000,0.34,-2.26,2.3
998818,2,Jogging,8848162336000,1.76,1.61,-0.19
998819,2,Jogging,8848212324000,18.62,-5.9,8.89
998820,2,Jogging,8848262342000,13.4,4.4,0.15
998821,2,Jogging,8848312330000,6.55,0.84,-0.61
998822,2,Jogging,8848362348000,1.14,-0.95,-1.04
998823,2,Jogging,8848412336000,-0.8,0.27,0.5
998824,2,Jogging,8848462324000,3.11,-2.11,9.3
998825,2,Jogging,8848512342000,17.69,2.34,5.67
998826,2,Jogging,8848562330000,16.09,9.66,7.82
998827,2,Jogging,8848612348000,-1.95,3.02,-11.99
998828,2,Jogging,8848662336000,5.33,-2.79,5.18
998829,2,Jogging,8848712324000,3.99,-4.25,1.54
998830,2,Jogging,8848762342000,0.65,-1.18,-0.65
998831,2,Jogging,8848812330000,11.22,0.61,4.37
998832,2,Jogging,8848862348000,19.5,0.84,3.83
998833,2,Jogging,8848912366000,5.79,1.5,-1.12
998834,2,Jogging,8848962354000,0.04,-0.65,-2.34
998835,2,Jogging,8849012281000,1.61,0.42,-0.95
998836,2,Jogging,8849062330000,0.84,0.34,2.83
998837,2,Jogging,8849112409000,17.2,-5.05,7.35
998838,2,Jogging,8849162366000,19.57,8.47,11.26
998839,2,Jogging,8849212354000,12.03,10.38,1.57
998840,2,Jogging,8849262372000,-3.34,3.45,-15.05
998841,2,Jogging,8849312360000,5.94,-3.26,8.54
998842,2,Jogging,8849362348000,2.07,-2.14,-2.64
998843,2,Jogging,8849412336000,0.99,2.22,1.73
998844,2,Jogging,8849462324000,17.67,-2.64,13.76
998845,2,Jogging,8849512342000,17.08,2.87,-4.71
998846,2,Jogging,8849562330000,6.89,0.72,0.72
998847,2,Jogging,8849612348000,0.99,-1.88,-3.64
998848,2,Jogging,8849662336000,1.46,2.03,-0.65
998849,2,Jogging,8849712324000,4.94,1.12,6.63
998850,2,Jogging,8849762342000,19.57,3.83,7.4
998851,2,Jogging,8849812330000,18.24,3.76,12.79
998852,2,Jogging,8849862378000,7.5,6.44,-6.36
998853,2,Jogging,8849912366000,6.21,-0.34,-3.41
998854,2,Jogging,8849962354000,1.99,-2.91,3.15
998855,2,Jogging,8850012311000,-1.5,-1.95,-1.53
998856,2,Jogging,8850062360000,2.11,5.13,0.5
998857,2,Jogging,8850112348000,19.53,-2.49,0.19
998858,2,Jogging,8850222120000,-0.91,-0.99,0.19
998859,2,Jogging,8850222120000,-0.91,-0.99,0.19
998860,2,Jogging,8850272199000,0.46,1.08,-1.42
998861,2,Jogging,8850322370000,4.25,-1.8,2.96
998862,2,Jogging,8850372297000,17.05,-1.69,6.44
998863,2,Jogging,8850422346000,19.53,6.74,15.13
998864,2,Jogging,8850472333000,8.69,5.67,0.46
998865,2,Jogging,8850522321000,-0.61,3.99,-15.85
998866,2,Jogging,8850582319000,4.21,-3.41,3.99
998867,2,Jogging,8850632337000,-0.27,-0.3,0.19
998868,2,Jogging,8850682325000,4.99,2.41,2.41
998869,2,Jogging,8850732374000,19.57,-3.91,13.72
998870,2,Jogging,8850782331000,3.45,1.88,-2.98
998871,2,Jogging,8850832349000,2.53,-0.72,-2.75
998872,2,Jogging,8850882337000,-0.34,0.04,-0.53
998873,2,Jogging,8850932325000,-0.57,2.76,2.18
998874,2,Jogging,8850982343000,13.8,-4.44,9.92
998875,2,Jogging,8851032331000,19.31,4.33,4.02
998876,2,Jogging,8851082349000,14.6,5.83,6.78
998877,2,Jogging,8851132337000,2.26,6.78,-7.46
998878,2,Jogging,8851182325000,7.16,-4.1,-2.07
998879,2,Jogging,8851232343000,1.73,-3.98,3.41
998880,2,Jogging,8851282331000,0.08,0.31,0.95
998881,2,Jogging,8851332441000,14.37,-4.37,10.57
998882,2,Jogging,8851382337000,15.4,3.11,-3.3
998883,2,Jogging,8851432325000,2.34,2.49,-0.42
998884,2,Jogging,8851482343000,1.23,-1.99,-1.23
998885,2,Jogging,8851532331000,-0.99,1.84,0.34
998886,2,Jogging,8851582349000,3.11,-0.99,6.09
998887,2,Jogging,8851632337000,18.7,-2.26,-0.11
998888,2,Jogging,8851682325000,19.42,10.12,8.92
998889,2,Jogging,8851732343000,10.69,5.28,-0.08
998890,2,Jogging,8851782331000,4.25,1.23,-2.87
998891,2,Jogging,8851832349000,2.15,-4.4,-5.82
998892,2,Jogging,8851882337000,0.65,-3.49,-0.04
998893,2,Jogging,8851932325000,3.11,4.52,1.57
998894,2,Jogging,8851982374000,19.57,-3.49,14.41
998895,2,Jogging,8852032331000,3.21,1.92,-4.86
998896,2,Jogging,8852082349000,0.61,0.57,-0.11
998897,2,Jogging,8852132337000,-0.72,1.69,0.15
998898,2,Jogging,8852182325000,0.93,1.61,0.53
998899,2,Jogging,8852232343000,14.6,-0.65,2.53
998900,2,Jogging,8852282331000,19.57,5.05,9.23
998901,2,Jogging,8852332349000,14.25,6.09,7.12
998902,2,Jogging,8852382337000,0.84,3.17,-4.14
998903,2,Jogging,8852432325000,7.16,-1.18,-3.49
998904,2,Jogging,8852482374000,0.11,-3.3,2.91
998905,2,Jogging,8852532361000,1.46,3.02,-0.99
998906,2,Jogging,8852582349000,16.7,-0.08,9.72
998907,2,Jogging,8852632337000,16.32,-0.5,0.72
998908,2,Jogging,8852682325000,5.13,1.04,-1.04
998909,2,Jogging,8852732343000,0.23,-0.8,-1.31
998910,2,Jogging,8852782331000,0.11,1.08,1.54
998911,2,Jogging,8852832349000,5.6,-1.27,3.79
998912,2,Jogging,8852882337000,15.4,0.0,2.64
998913,2,Jogging,8852932325000,19.46,9.28,15.55
998914,2,Jogging,8852982343000,7.67,3.57,-0.34
998915,2,Jogging,8853032361000,1.27,2.45,-14.02
998916,2,Jogging,8853082349000,4.18,-1.42,8.43
998917,2,Jogging,8853132337000,-0.69,-0.34,1.8
998918,2,Jogging,8853182325000,4.67,2.91,0.8
998919,2,Jogging,8853232374000,19.57,-6.21,9.53
998920,2,Jogging,8853282331000,4.6,0.42,-2.14
998921,2,Jogging,8853332349000,1.5,-1.46,-2.11
998922,2,Jogging,8853382337000,1.12,3.02,-0.84
998923,2,Jogging,8853432325000,3.57,3.38,1.23
998924,2,Jogging,8853482343000,15.02,-3.41,8.31
998925,2,Jogging,8853532331000,14.6,3.99,7.97
998926,2,Jogging,8853582349000,15.64,3.68,7.44
998927,2,Jogging,8853632337000,1.04,6.55,-7.35
998928,2,Jogging,8853682325000,8.5,-0.42,1.92
998929,2,Jogging,8853732343000,1.38,-2.22,3.76
998930,2,Jogging,8853782392000,-1.76,-0.95,-0.27
998931,2,Jogging,8853832380000,5.75,2.53,1.65
998932,2,Jogging,8853882337000,18.92,-1.08,8.89
998933,2,Jogging,8853932325000,2.15,2.56,-1.31
998934,2,Jogging,8853982374000,-0.72,-1.76,-1.76
998935,2,Jogging,8854032331000,2.22,-0.19,0.84
998936,2,Jogging,8854082349000,5.75,-2.49,3.21
998937,2,Jogging,8854132337000,16.55,1.57,5.98
998938,2,Jogging,8854182325000,19.31,9.23,10.61
998939,2,Jogging,8854232343000,8.69,3.87,1.31
998940,2,Jogging,8854282331000,3.57,0.72,-14.67
998941,2,Jogging,8854332349000,2.53,-2.49,8.47
998942,2,Jogging,8854382337000,-0.15,-1.23,1.23
998943,2,Jogging,8854432325000,5.52,1.27,2.53
998944,2,Jogging,8854482343000,19.53,-1.38,4.94
998945,2,Jogging,8854532331000,5.9,1.46,-0.3
998946,2,Jogging,8854582349000,0.61,-2.91,-2.14
998947,2,Jogging,8854632337000,1.54,-0.19,-1.84
998948,2,Jogging,8854682355000,0.69,2.3,2.49
998949,2,Jogging,8854732343000,14.25,-2.41,8.35
