,user,label,timestamp,x,y,z
281874,32,Walking,23445542281000,-0.72,9.62,0.14982383
281875,32,Walking,23445592299000,-4.02,11.03,3.4459480000000005
281876,32,Walking,23445642714000,-10.65,9.81,-11.223166
281877,32,Walking,23445692794000,-6.97,7.86,-4.903325
281878,32,Walking,23445743361000,-3.41,18.12,-5.09401
281879,32,Walking,23445793715000,1.27,10.8,-0.9125633
281880,32,Walking,23445843245000,-2.49,6.82,-2.5333846
281881,32,Walking,23445893722000,-1.65,8.31,1.2258313
281882,32,Walking,23445943191000,0.76,10.69,-4.290409599999999
281883,32,Walking,23445993575000,-5.18,9.23,-2.0294318
281884,32,Walking,23446043044000,-2.83,11.35,-0.3405087
281885,32,Walking,23446093459000,-0.53,13.21,0.7218784
281886,32,Walking,23446142257000,2.64,12.87,2.6423476000000004
281887,32,Walking,23446193374000,0.89,11.96,-1.2258313
281888,32,Walking,23446242293000,-6.74,16.59,-5.202973
281889,32,Walking,23446293380000,-3.53,16.86,-0.7627395
281890,32,Walking,23446342299000,-1.92,10.53,-3.4868089999999996
281891,32,Walking,23446393386000,-4.18,7.59,-3.0645783
281892,32,Walking,23446442275000,-2.41,3.45,-2.7921712000000003
281893,32,Walking,23446493392000,-4.94,2.3,-3.1054392
281894,32,Walking,23446543685000,-4.75,4.29,-2.3699405
281895,32,Walking,23446593276000,2.11,13.63,10.269741999999999
281896,32,Walking,23446643691000,5.33,15.28,3.9090397000000006
281897,32,Walking,23446693221000,1.31,4.44,-1.7570249
281898,32,Walking,23446743636000,-9.19,12.45,-7.586533500000001
281899,32,Walking,23446852309000,-6.09,6.7,-7.586533500000001
281900,32,Walking,23446852309000,-6.09,6.7,-7.586533500000001
281901,32,Walking,23446902297000,-0.42,16.51,-3.4459480000000005
281902,32,Walking,23446952315000,3.49,9.15,-0.50395286
281903,32,Walking,23447002334000,-0.89,7.27,-3.1463002999999996
281904,32,Walking,23447052291000,-1.08,8.31,-1.1849703
281905,32,Walking,23447102340000,-1.73,8.62,-1.607201
281906,32,Walking,23447152297000,1.84,11.96,-0.3405087
281907,32,Walking,23447202315000,2.22,12.98,0.5720546
281908,32,Walking,23447252273000,5.24,13.06,4.1814466
281909,32,Walking,23447302291000,1.92,15.4,-1.2258313
281910,32,Walking,23447352279000,-3.6,15.83,-7.8589406
281911,32,Walking,23447402297000,-4.06,17.08,-1.334794
281912,32,Walking,23447452285000,-0.46,12.03,-4.440233
281913,32,Walking,23447502547000,-5.2,8.12,-3.7592160000000003
281914,32,Walking,23447552352000,-2.72,2.53,-3.3642258999999997
281915,32,Walking,23447602126000,-2.96,0.93,-3.1463002999999996
281916,32,Walking,23447652266000,-3.15,4.63,-2.7921712000000003
281917,32,Walking,23447702407000,0.31,14.14,9.384419
281918,32,Walking,23447752334000,5.01,14.94,5.7886477
281919,32,Walking,23447812270000,0.46,1.18,0.7627395
281920,32,Walking,23447862227000,-8.08,10.5,0.040861044
281921,32,Walking,23447912307000,-2.98,10.42,-8.349273
281922,32,Walking,23447962264000,-5.41,3.57,-8.771504
281923,32,Walking,23448012282000,-4.25,16.66,-5.0531489999999994
281924,32,Walking,23448062240000,3.34,12.45,-0.46309182
281925,32,Walking,23448112258000,2.41,4.52,-3.1054392
281926,32,Walking,23448162246000,-1.18,8.54,-1.7297841
281927,32,Walking,23448212295000,0.08,8.62,-1.3756552
281928,32,Walking,23448262252000,2.3,12.11,-1.3756552
281929,32,Walking,23448312331000,1.57,12.98,-0.27240697
281930,32,Walking,23448362227000,1.65,12.98,2.982856
281931,32,Walking,23448412307000,4.02,10.34,3.2552630000000002
281932,32,Walking,23448462233000,0.89,17.2,-5.0531489999999994
281933,32,Walking,23448512313000,-3.68,19.27,-8.662541000000001
281934,32,Walking,23448562240000,-1.69,13.76,0.61291564
281935,32,Walking,23448612288000,-3.02,10.76,-4.3312707
281936,32,Walking,23448662246000,-4.37,2.07,-3.5276701
281937,32,Walking,23448712295000,-3.53,-1.95,-3.1054392
281938,32,Walking,23448762252000,-4.44,3.72,-4.140586
281939,32,Walking,23448812301000,0.46,13.18,7.2732660000000005
281940,32,Walking,23448862227000,9.04,16.55,6.5922484
281941,32,Walking,23448912307000,1.57,6.32,0.38136974
281942,32,Walking,23448962233000,-5.05,15.02,3.0237172
281943,32,Walking,23449012282000,-4.63,3.02,-7.4639505999999995
281944,32,Walking,23449062240000,-7.01,7.7,-9.956474
281945,32,Walking,23449112380000,-2.41,17.77,-2.5606253
281946,32,Walking,23449162246000,3.79,11.07,-2.0294318
281947,32,Walking,23449212295000,3.41,5.63,-2.982856
281948,32,Walking,23449262252000,-0.27,8.66,-1.6889231
281949,32,Walking,23449312301000,-2.11,7.97,-1.56634
281950,32,Walking,23449362227000,0.99,12.03,-0.7218784
281951,32,Walking,23449412307000,3.76,12.68,-1.334794
281952,32,Walking,23449462264000,3.06,12.64,0.92618364
281953,32,Walking,23449512313000,4.1,11.37,2.9556155
281954,32,Walking,23449562240000,-1.38,16.02,-1.1849703
281955,32,Walking,23449612319000,-6.51,17.86,-8.471855999999999
281956,32,Walking,23449662276000,-3.83,14.86,2.3426998
281957,32,Walking,23449712325000,2.34,10.61,-3.5957718
281958,32,Walking,23449762343000,-3.87,6.21,-4.0588636
281959,32,Walking,23449822341000,-2.79,-1.8,-4.440233
281960,32,Walking,23449882338000,-3.21,2.87,-2.7513103
281961,32,Walking,23449932204000,3.99,15.55,12.176591
281962,32,Walking,23449982314000,6.59,13.53,4.944186
281963,32,Walking,23449982314000,6.59,13.53,4.944186
281964,32,Walking,23450043593000,-0.15,1.57,-5.5162406
281965,32,Walking,23450093093000,-3.17,18.2,0.7627395
281966,32,Walking,23450143569000,-7.08,1.54,-4.862464
281967,32,Walking,23450192244000,-6.59,9.85,-7.6273947
281968,32,Walking,23450243514000,0.89,18.16,-3.7183550000000003
281969,32,Walking,23450292281000,5.43,7.12,-0.27240697
281970,32,Walking,23450343398000,1.76,6.89,-4.290409599999999
281971,32,Walking,23450392318000,-2.64,7.21,0.6537767
281972,32,Walking,23450443404000,-0.38,10.5,-1.8796080000000002
281973,32,Walking,23450492263000,3.87,11.54,-1.334794
281974,32,Walking,23450543349000,1.57,13.02,-0.14982383
281975,32,Walking,23450593703000,4.4,12.37,2.9556155
281976,32,Walking,23450643233000,3.6,12.03,-0.23154591
281977,32,Walking,23450693709000,-3.06,17.82,-3.6366330000000002
281978,32,Walking,23450743148000,-6.78,18.66,-0.27240697
281979,32,Walking,23450793624000,2.76,10.57,-3.5276701
281980,32,Walking,23450843062000,-2.14,10.99,-3.9090397000000006
281981,32,Walking,23450893508000,-3.57,2.07,-4.5219555
281982,32,Walking,23450942275000,-3.68,-2.6,-4.5900574
281983,32,Walking,23450993392000,-3.76,4.71,-2.1383946
281984,32,Walking,23451043715000,3.68,14.48,12.762266
281985,32,Walking,23451093276000,7.06,12.83,3.0645783
281986,32,Walking,23451143722000,-0.57,4.94,-5.0531489999999994
281987,32,Walking,23451193191000,-5.2,17.31,1.8387468999999996
281988,32,Walking,23451243636000,-5.79,5.83,-8.853226
281989,32,Walking,23451293166000,-5.24,10.5,-5.47538
281990,32,Walking,23451343551000,1.8,15.55,-3.0237172
281991,32,Walking,23451393050000,6.13,6.85,-0.6946376999999999
281992,32,Walking,23451443496000,2.41,7.27,-3.9771416
281993,32,Walking,23451492293000,-1.95,8.16,0.040861044
281994,32,Walking,23451543349000,-1.08,10.57,-1.1441092
281995,32,Walking,23451592299000,5.18,12.68,-0.53119355
281996,32,Walking,23451643416000,3.34,13.06,0.42223078
281997,32,Walking,23451692306000,5.33,12.68,2.7240696
281998,32,Walking,23451743392000,0.61,14.86,-0.5720546
281999,32,Walking,23451792312000,-5.05,17.92,-9.193735
282000,32,Walking,23451843429000,-4.4,15.98,4.0588636
282001,32,Walking,23451912337000,2.68,10.53,-3.4868089999999996
282002,32,Walking,23451962233000,-3.79,3.72,-4.1814466
282003,32,Walking,23452012374000,-2.83,-2.87,-4.5628166
282004,32,Walking,23452072310000,-3.3,3.57,-2.982856
282005,32,Walking,23452122237000,6.85,16.7,13.593107
282006,32,Walking,23452172316000,5.94,9.66,1.2666923
282007,32,Walking,23452222274000,-1.38,6.97,-4.5628166
282008,32,Walking,23452272292000,-3.41,13.38,-0.5720546
282009,32,Walking,23452322280000,-7.27,4.21,-9.724928
282010,32,Walking,23452372298000,-6.05,13.87,-4.944186
282011,32,Walking,23452422347000,2.34,14.79,-2.8738932999999998
282012,32,Walking,23452472274000,6.51,5.63,-2.5333846
282013,32,Walking,23452522292000,1.23,8.31,-2.2201166000000003
282014,32,Walking,23452572280000,-0.5,8.62,-0.50395286
282015,32,Walking,23452622268000,0.65,10.27,-1.1441092
282016,32,Walking,23452672347000,4.75,12.49,-0.46309182
282017,32,Walking,23452722274000,4.99,12.3,2.7921712000000003
282018,32,Walking,23452772353000,4.48,11.35,1.7570249
282019,32,Walking,23452822280000,-0.99,17.69,-4.1814466
282020,32,Walking,23452872329000,-7.04,19.23,-4.018002500000001
282021,32,Walking,23452932265000,2.11,10.8,-1.8796080000000002
282022,32,Walking,23452982284000,-1.14,10.69,-3.4868089999999996
282023,32,Walking,23453032302000,-4.1,2.87,-3.9090397000000006
282024,32,Walking,23453082229000,-4.21,-2.03,-4.8216033
282025,32,Walking,23453132308000,-3.36,4.1,-2.982856
282027,32,Walking,23453132308000,-3.36,4.1,-2.982856
282026,32,Walking,23453132308000,-3.36,4.1,-2.982856
282028,32,Walking,23453232375000,9.58,13.18,4.1814466
282029,32,Walking,23453292891000,0.61,3.38,-4.630918
282030,32,Walking,23453343551000,-2.68,18.31,-0.46309182
282031,32,Walking,23453392318000,-6.09,3.45,-6.0882955
282032,32,Walking,23453443557000,-6.59,9.81,-5.243834
282033,32,Walking,23453493026000,1.69,15.83,-4.4810944
282034,32,Walking,23453543563000,6.13,6.97,-0.27240697
282035,32,Walking,23453593093000,1.23,7.78,-3.0237172
282036,32,Walking,23453643599000,-0.3,8.47,-0.19068487
282037,32,Walking,23453693129000,2.07,10.42,-1.9204689999999998
282038,32,Walking,23453743636000,4.94,12.15,-0.29964766
282039,32,Walking,23453793136000,3.87,12.95,0.6537767
282040,32,Walking,23453843673000,5.98,10.8,4.1814466
282041,32,Walking,23453893203000,4.02,13.57,-1.9885708
282042,32,Walking,23453943709000,-2.11,19.27,-9.043911
282043,32,Walking,23453993148000,-3.06,17.24,2.4108016
282044,32,Walking,23454043624000,3.68,10.95,-3.7864565999999997
282045,32,Walking,23454093093000,-3.57,6.63,-5.175732
282046,32,Walking,23454143660000,-3.79,-1.95,-4.440233
282047,32,Walking,23454212417000,-5.33,-1.23,-3.6366330000000002
282048,32,Walking,23454262282000,1.76,14.29,8.580819
282049,32,Walking,23454322402000,10.19,13.57,2.3018389
282050,32,Walking,23454372298000,1.73,5.01,-2.8330324
282051,32,Walking,23454422317000,-0.04,17.5,-0.6537767
282052,32,Walking,23454472335000,-9.11,-1.99,-6.782933
282053,32,Walking,23454522231000,-7.46,13.99,-6.2789803
282054,32,Walking,23454572310000,0.84,16.17,-3.5957718
282055,32,Walking,23454622298000,6.82,9.47,-5.09401
282056,32,Walking,23454672316000,5.75,5.71,-3.0237172
282057,32,Walking,23454722274000,-0.89,7.5,0.7218784
282058,32,Walking,23454772292000,2.07,10.65,-1.7570249
282059,32,Walking,23454822249000,5.94,11.11,-2.070293
282060,32,Walking,23454872298000,2.18,13.72,0.14982383
282061,32,Walking,23454922286000,5.98,12.15,2.0294318
282062,32,Walking,23454972304000,5.24,12.03,1.8387468999999996
282063,32,Walking,23455022231000,-0.34,16.51,-5.0531489999999994
282064,32,Walking,23455072310000,-4.4,19.5,-0.42223078
282065,32,Walking,23455122237000,3.3,9.92,-4.2086873
282066,32,Walking,23455172316000,-0.8,9.28,-4.099725
282067,32,Walking,23455222274000,-2.41,1.8,-4.1814466
282068,32,Walking,23455272292000,-4.94,-0.89,-4.630918
282069,32,Walking,23455322280000,-4.25,4.37,-3.2552630000000002
282070,32,Walking,23455372298000,6.17,14.67,12.108489
282071,32,Walking,23455422255000,9.72,12.76,1.3756552
282072,32,Walking,23455472304000,-2.26,8.92,-0.6537767
282073,32,Walking,23455522231000,-2.34,11.75,-4.8216033
