,user,label,timestamp,x,y,z
998950,2,Jogging,8854782331000,18.16,7.4,5.9
998951,2,Jogging,8854832349000,15.64,3.64,8.58
998952,2,Jogging,8854882337000,4.18,5.79,-8.05
998953,2,Jogging,8854932325000,7.82,0.31,0.99
998954,2,Jogging,8854982343000,1.31,-2.26,4.25
998955,2,Jogging,8855032361000,0.23,0.23,-0.08
998956,2,Jogging,8855082380000,13.25,-6.13,9.15
998957,2,Jogging,8855132337000,18.54,3.53,-0.23
998958,2,Jogging,8855182325000,4.79,3.76,-1.04
998960,2,Jogging,8855250409000,4.63,-2.83,-2.22
998959,2,Jogging,8855250409000,4.63,-2.83,-2.22
998961,2,Jogging,8855303235000,0.99,-0.46,1.18
998962,2,Jogging,8855353773000,2.37,-1.12,7.4
998963,2,Jogging,8855403303000,19.57,2.76,6.55
998964,2,Jogging,8855462385000,18.5,4.37,11.03
998965,2,Jogging,8855512342000,7.7,3.6,-1.92
998966,2,Jogging,8855562330000,6.55,1.14,-10.34
998967,2,Jogging,8855612348000,5.71,-0.57,4.6
998968,2,Jogging,8855662336000,0.53,0.38,0.65
998969,2,Jogging,8855712324000,8.96,0.11,3.64
998970,2,Jogging,8855762342000,19.0,-7.01,6.09
998971,2,Jogging,8855812330000,5.24,1.73,-0.46
998972,2,Jogging,8855862348000,0.19,-3.21,-3.36
998973,2,Jogging,8855912366000,0.61,0.42,-0.65
998974,2,Jogging,8855962354000,-0.04,1.33,2.03
998975,2,Jogging,8856012311000,16.36,-3.17,8.39
998976,2,Jogging,8856062330000,18.81,4.99,9.43
998977,2,Jogging,8856112348000,13.82,4.25,5.86
998978,2,Jogging,8856162336000,2.18,5.18,-12.45
998979,2,Jogging,8856212324000,5.94,-1.33,8.2
998980,2,Jogging,8856262342000,0.42,-3.83,1.08
998981,2,Jogging,8856312360000,0.38,1.99,-0.38
998982,2,Jogging,8856362348000,14.67,-3.3,8.89
998983,2,Jogging,8856412336000,14.56,0.8,1.33
998984,2,Jogging,8856462324000,4.71,1.38,-1.31
998985,2,Jogging,8856512342000,0.23,-1.73,-1.42
998986,2,Jogging,8856562330000,-0.38,1.57,0.57
998987,2,Jogging,8856612348000,9.11,-3.11,10.57
998988,2,Jogging,8856662336000,18.73,-1.27,3.6
998989,2,Jogging,8856712324000,19.46,7.89,9.34
998990,2,Jogging,8856762342000,5.09,5.6,-0.46
998991,2,Jogging,8856812330000,-1.31,-0.19,-13.67
998992,2,Jogging,8856862348000,3.15,-0.69,4.86
998993,2,Jogging,8856912336000,0.84,0.31,2.98
998994,2,Jogging,8856962354000,13.33,-2.41,4.79
998995,2,Jogging,8857012281000,19.08,-2.18,3.99
998996,2,Jogging,8857062330000,8.2,1.69,0.11
998997,2,Jogging,8857112348000,1.61,-1.88,0.15
998998,2,Jogging,8857162336000,0.0,-0.19,-1.27
998999,2,Jogging,8857212324000,0.69,1.69,0.19
999000,2,Jogging,8857262342000,16.63,-3.36,9.11
999001,2,Jogging,8857312330000,19.53,7.12,10.15
999002,2,Jogging,8857362348000,12.07,2.64,5.75
999003,2,Jogging,8857412336000,-0.3,2.76,-13.76
999004,2,Jogging,8857462324000,4.99,0.23,5.18
999005,2,Jogging,8857512342000,1.8,1.84,3.02
999006,2,Jogging,8857562360000,5.56,0.72,2.41
999007,2,Jogging,8857612378000,19.31,-10.15,6.82
999008,2,Jogging,8857662397000,9.0,1.95,-2.56
999009,2,Jogging,8857712354000,4.86,0.23,1.08
999010,2,Jogging,8857762403000,0.31,1.14,-0.99
999011,2,Jogging,8857812360000,1.76,2.68,0.08
999012,2,Jogging,8857862348000,12.22,-5.71,12.57
999013,2,Jogging,8857912366000,15.83,1.73,-0.53
999014,2,Jogging,8857962354000,19.57,5.18,9.72
999015,2,Jogging,8858012311000,3.57,6.47,-7.01
999016,2,Jogging,8858062330000,3.79,0.31,-2.34
999017,2,Jogging,8858112348000,3.45,-2.03,2.68
999018,2,Jogging,8858162336000,-0.89,-1.33,-0.65
999019,2,Jogging,8858212324000,5.33,0.53,3.83
999020,2,Jogging,8858262342000,19.57,-6.7,7.5
999021,2,Jogging,8858312330000,8.35,2.79,-2.75
999022,2,Jogging,8858422132000,1.88,1.23,-0.34
999023,2,Jogging,8858422132000,1.88,1.23,-0.34
999024,2,Jogging,8858472242000,4.79,1.73,1.18
999025,2,Jogging,8858522382000,13.38,-4.33,8.62
999026,2,Jogging,8858572309000,18.24,6.09,11.6
999027,2,Jogging,8858622327000,14.33,4.48,2.87
999028,2,Jogging,8858672346000,0.99,3.99,-15.7
999029,2,Jogging,8858722333000,6.28,-0.46,6.17
999030,2,Jogging,8858772352000,0.65,-1.5,2.37
999031,2,Jogging,8858822339000,0.53,1.46,1.08
999032,2,Jogging,8858872327000,15.64,-5.94,7.97
999033,2,Jogging,8858922346000,14.82,0.76,2.37
999034,2,Jogging,8858972333000,4.63,0.65,0.19
999035,2,Jogging,8859022321000,-0.27,-0.23,-2.22
999036,2,Jogging,8859072339000,0.72,2.96,-0.46
999037,2,Jogging,8859122327000,7.89,-3.21,9.77
999038,2,Jogging,8859172376000,16.74,-0.3,3.53
999039,2,Jogging,8859222333000,19.57,7.21,10.31
999040,2,Jogging,8859272321000,8.77,6.09,-1.04
999041,2,Jogging,8859322339000,2.26,2.18,-13.48
999042,2,Jogging,8859372327000,3.87,-2.34,5.79
999043,2,Jogging,8859422346000,-1.76,-1.42,1.18
999044,2,Jogging,8859472333000,-0.65,1.04,0.8
999045,2,Jogging,8859522321000,19.0,-2.53,11.18
999046,2,Jogging,8859572339000,6.78,1.69,-0.91
999047,2,Jogging,8859622327000,3.95,-1.57,-3.53
999048,2,Jogging,8859672346000,-0.3,0.31,0.04
999049,2,Jogging,8859722333000,0.76,2.79,0.08
999050,2,Jogging,8859772321000,15.4,-1.12,10.12
999051,2,Jogging,8859822339000,19.5,4.48,10.73
999052,2,Jogging,8859872327000,14.48,4.9,5.79
999053,2,Jogging,8859922346000,-0.8,6.09,-9.89
999054,2,Jogging,8859972364000,8.66,-0.69,6.17
999055,2,Jogging,8860022321000,1.42,-1.95,1.12
999056,2,Jogging,8860072370000,-0.89,-0.19,0.93
999057,2,Jogging,8860122327000,12.22,1.92,7.7
999058,2,Jogging,8860172346000,18.43,-0.95,2.72
999059,2,Jogging,8860222333000,5.05,0.46,-0.34
999060,2,Jogging,8860272260000,-1.42,1.42,-3.34
999061,2,Jogging,8860322339000,-0.61,2.03,2.87
999062,2,Jogging,8860372327000,4.6,0.72,7.35
999063,2,Jogging,8860422346000,18.43,0.27,3.3
999064,2,Jogging,8860472333000,19.57,6.13,14.6
999065,2,Jogging,8860522321000,5.67,6.47,-0.69
999066,2,Jogging,8860572339000,2.26,1.88,-11.54
999067,2,Jogging,8860622327000,3.45,-2.64,7.78
999068,2,Jogging,8860672346000,0.99,-3.68,-0.23
999069,2,Jogging,8860722333000,4.82,2.83,-0.53
999070,2,Jogging,8860772321000,19.42,-2.41,11.41
999071,2,Jogging,8860822339000,13.76,4.94,-3.72
999072,2,Jogging,8860872327000,1.95,0.04,0.76
999073,2,Jogging,8860922346000,-0.08,0.27,0.93
999074,2,Jogging,8860972333000,-0.72,1.08,1.14
999075,2,Jogging,8861022321000,3.3,-0.53,3.95
999076,2,Jogging,8861072339000,19.53,3.79,8.01
999077,2,Jogging,8861122327000,19.42,5.56,10.27
999078,2,Jogging,8861172346000,6.09,5.98,-1.57
999079,2,Jogging,8861222333000,1.38,2.49,-12.91
999080,2,Jogging,8861272230000,2.37,-4.25,6.63
999081,2,Jogging,8861322339000,-0.76,-2.41,0.65
999082,2,Jogging,8861372358000,3.87,3.95,0.19
999083,2,Jogging,8861422376000,19.46,-1.8,11.18
999084,2,Jogging,8861472394000,3.79,0.84,-2.03
999085,2,Jogging,8861522382000,0.8,-0.91,0.0
999086,2,Jogging,8861572339000,-0.15,2.41,-0.84
999087,2,Jogging,8861622327000,2.56,2.6,1.99
999088,2,Jogging,8861672346000,15.51,-5.28,9.11
999089,2,Jogging,8861722333000,18.12,6.78,7.89
999090,2,Jogging,8861772321000,12.64,3.41,3.83
999091,2,Jogging,8861822339000,0.84,5.48,-14.94
999092,2,Jogging,8861872327000,4.82,-2.91,9.04
999093,2,Jogging,8861922376000,1.65,-1.95,0.46
999094,2,Jogging,8861972364000,3.6,2.87,-0.65
999095,2,Jogging,8862022321000,19.23,-8.2,14.14
999096,2,Jogging,8862072339000,15.47,4.4,-4.37
999097,2,Jogging,8862122327000,6.85,0.46,1.54
999098,2,Jogging,8862172346000,0.19,0.72,-3.26
999099,2,Jogging,8862222333000,-0.3,1.84,0.0
999100,2,Jogging,8862272321000,0.69,0.19,4.56
999101,2,Jogging,8862322339000,19.46,-0.15,9.51
999102,2,Jogging,8862372327000,19.57,4.63,8.85
999103,2,Jogging,8862422346000,9.38,7.12,-0.72
999104,2,Jogging,8862472333000,-1.23,2.3,-13.57
999105,2,Jogging,8862522321000,5.09,-3.91,4.48
999106,2,Jogging,8862572339000,-0.38,-1.69,0.31
999107,2,Jogging,8862622327000,3.45,5.48,0.38
999108,2,Jogging,8862672346000,19.57,-7.12,12.91
999109,2,Jogging,8862722333000,4.06,2.11,-1.95
999110,2,Jogging,8862772321000,0.65,-0.89,2.76
999111,2,Jogging,8862822400000,-1.38,2.83,0.42
999112,2,Jogging,8862872327000,0.38,2.07,0.5
999113,2,Jogging,8862922346000,13.02,-2.07,3.99
999114,2,Jogging,8862972364000,19.57,6.78,9.08
999115,2,Jogging,8863022321000,7.7,3.49,5.28
999116,2,Jogging,8863072339000,1.23,1.57,-13.4
999117,2,Jogging,8863122327000,1.95,-2.6,8.2
999118,2,Jogging,8863172346000,1.18,-0.27,-1.33
999119,2,Jogging,8863222333000,2.45,3.26,0.99
999120,2,Jogging,8863272321000,19.0,-6.36,9.62
999121,2,Jogging,8863322339000,13.59,0.65,-2.3
999122,2,Jogging,8863372327000,3.49,-2.96,0.31
999123,2,Jogging,8863422346000,2.45,-2.14,-1.18
999124,2,Jogging,8863472303000,-1.04,0.95,1.92
999125,2,Jogging,8863522260000,-0.34,2.41,7.82
999126,2,Jogging,8863572339000,9.23,-0.65,6.13
999127,2,Jogging,8863622327000,19.57,9.34,8.08
999128,2,Jogging,8863672346000,2.37,1.33,-1.12
999129,2,Jogging,8863722333000,1.54,3.41,-11.22
999130,2,Jogging,8863772321000,3.3,-3.41,4.82
999131,2,Jogging,8863822339000,0.57,2.26,0.5
999132,2,Jogging,8863872358000,14.25,-0.23,5.86
999133,2,Jogging,8863922346000,17.86,-4.71,3.21
999134,2,Jogging,8863972364000,3.99,1.69,-1.23
999135,2,Jogging,8864022321000,-0.04,-0.38,2.37
999136,2,Jogging,8864072339000,-0.76,2.26,0.08
999137,2,Jogging,8864122358000,4.71,-0.91,3.68
999138,2,Jogging,8864172346000,18.73,-0.57,2.72
999139,2,Jogging,8864222333000,19.57,4.1,10.92
999140,2,Jogging,8864272321000,5.63,4.9,0.53
999141,2,Jogging,8864322339000,1.95,1.69,-15.4
999142,2,Jogging,8864372327000,3.68,-0.61,6.36
999143,2,Jogging,8864422346000,-0.5,-1.14,2.41
999144,2,Jogging,8864472333000,3.87,-1.04,1.12
999145,2,Jogging,8864522321000,19.46,-5.28,2.91
999146,2,Jogging,8864572339000,6.21,2.64,-2.75
999147,2,Jogging,8864622327000,3.11,-3.17,-1.53
999148,2,Jogging,8864672346000,1.14,0.19,-1.76
999149,2,Jogging,8864722333000,-0.27,0.84,1.99
