,user,label,timestamp,x,y,z
283474,32,Walking,23525562209000,0.15,8.35,0.14982383
283475,32,Walking,23525612258000,2.07,10.61,-3.0645783
283476,32,Walking,23525662246000,5.75,11.96,0.08172209
283477,32,Walking,23525712295000,6.4,12.15,0.61291564
283478,32,Walking,23525762221000,7.55,10.69,3.173541
283479,32,Walking,23525812270000,3.91,14.14,-0.84446156
283480,32,Walking,23525862227000,0.72,19.04,-8.580819
283481,32,Walking,23525912307000,-0.19,15.75,2.4516625
283482,32,Walking,23525962233000,5.43,8.85,-3.6366330000000002
283483,32,Walking,23526012252000,-1.76,6.28,-4.2495484
283484,32,Walking,23526062209000,-4.1,0.08,-4.372132
283485,32,Walking,23526112258000,-5.05,1.23,-2.982856
283486,32,Walking,23526162246000,2.56,10.8,7.246025
283487,32,Walking,23526212295000,15.94,15.98,6.5513873
283488,32,Walking,23526262313000,2.15,2.72,-5.012288
283489,32,Walking,23526312270000,-0.46,15.83,4.671779
283490,32,Walking,23526362197000,-4.52,6.7,-4.9850473
283491,32,Walking,23526412307000,-5.18,9.77,-8.349273
283492,32,Walking,23526462233000,-0.04,14.14,-3.0645783
283493,32,Walking,23526512496000,7.27,10.46,-3.8681788
283494,32,Walking,23526562209000,8.89,4.79,-2.3699405
283495,32,Walking,23526612288000,2.37,7.12,-1.4573771999999998
283496,32,Walking,23526662246000,-1.18,8.43,-1.9477096999999999
283497,32,Walking,23526712295000,4.29,13.59,-0.6537767
283498,32,Walking,23526762252000,6.44,10.92,-0.53119355
283499,32,Walking,23526812270000,6.74,11.54,1.3075534
283500,32,Walking,23526862227000,6.78,10.92,2.5333846
283501,32,Walking,23526912276000,2.41,15.47,-2.982856
283502,32,Walking,23526962203000,0.61,19.42,-5.5571017
283503,32,Walking,23527012221000,1.8,12.53,-2.1111538
283504,32,Walking,23527062209000,2.76,9.3,-3.6366330000000002
283505,32,Walking,23527112288000,-2.22,4.71,-4.0588636
283506,32,Walking,23527162215000,-5.37,-0.38,-4.0588636
283507,32,Walking,23527212295000,-4.02,3.6,-2.6014863999999998
283508,32,Walking,23527262252000,8.96,15.21,12.762266
283509,32,Walking,23527312270000,10.12,11.84,1.6480621
283510,32,Walking,23527362258000,1.42,1.18,-5.5571017
283511,32,Walking,23527412276000,3.64,17.2,2.9556155
283512,32,Walking,23527462233000,-6.02,3.64,-3.0645783
283513,32,Walking,23527512282000,-5.48,8.92,-7.2732660000000005
283514,32,Walking,23527562209000,0.31,16.51,-3.9771416
283515,32,Walking,23527612349000,8.96,9.19,-3.6366330000000002
283516,32,Walking,23527662215000,6.66,5.24,-1.8387468999999996
283517,32,Walking,23527712325000,-0.04,7.86,-1.1849703
283518,32,Walking,23527762252000,0.46,9.72,-2.0294318
283519,32,Walking,23527812301000,7.46,11.35,-1.3756552
283520,32,Walking,23527862197000,5.9,11.99,-0.14982383
283521,32,Walking,23527912307000,8.24,11.75,1.1168685
283522,32,Walking,23527962233000,6.44,13.02,1.7978859
283523,32,Walking,23528012252000,1.12,15.98,-4.862464
283524,32,Walking,23528062209000,-0.27,19.27,0.61291564
283525,32,Walking,23528112288000,3.45,10.23,-4.7535014
283526,32,Walking,23528162246000,-0.91,9.0,-3.1054392
283527,32,Walking,23528212295000,-2.56,1.84,-3.6774937999999993
283528,32,Walking,23528262221000,-4.63,-0.08,-3.7183550000000003
283529,32,Walking,23528312270000,-1.95,4.21,-1.8387468999999996
283530,32,Walking,23528362258000,13.67,16.51,13.906375
283531,32,Walking,23528412307000,6.78,10.0,2.1792557
283532,32,Walking,23528462233000,-2.11,6.74,-4.440233
283533,32,Walking,23528512282000,3.64,14.21,0.313268
283534,32,Walking,23528562240000,-4.48,7.82,-9.343558
283535,32,Walking,23528612288000,-2.14,12.53,-4.140586
283536,32,Walking,23528662215000,3.64,13.63,-2.9147543999999996
283537,32,Walking,23528712295000,7.44,7.21,-1.7570249
283538,32,Walking,23528762221000,2.91,6.47,-3.6366330000000002
283539,32,Walking,23528812270000,-0.8,7.74,-0.50395286
283540,32,Walking,23528862227000,2.96,10.76,-1.9885708
283541,32,Walking,23528912307000,6.93,10.73,-1.334794
283542,32,Walking,23528962233000,5.05,13.33,-0.7218784
283543,32,Walking,23529012252000,7.63,10.92,2.4516625
283544,32,Walking,23529062209000,6.02,11.07,0.38136974
283545,32,Walking,23529112288000,0.46,17.31,-4.372132
283546,32,Walking,23529162215000,-1.38,18.54,0.38136974
283547,32,Walking,23529212295000,4.02,10.12,-3.9499009
283548,32,Walking,23529262221000,-0.08,9.38,-2.6832085
283549,32,Walking,23529312270000,-2.91,1.54,-3.6774937999999993
283550,32,Walking,23529362197000,-4.4,-0.04,-3.4868089999999996
283551,32,Walking,23529412276000,-0.8,5.33,-0.7627395
283552,32,Walking,23529462233000,12.15,16.7,13.143635999999999
283553,32,Walking,23529512313000,8.16,10.57,2.7649305
283554,32,Walking,23529562209000,0.53,11.35,-2.4108016
283555,32,Walking,23529612288000,-1.04,8.24,-2.6014863999999998
283556,32,Walking,23529662246000,-3.53,9.58,-11.073342
283557,32,Walking,23529712264000,-1.73,14.48,-1.3756552
283558,32,Walking,23529762221000,3.91,12.34,-3.4868089999999996
283559,32,Walking,23529812270000,6.21,5.56,-2.5333846
283560,32,Walking,23529862227000,2.26,7.5,-3.4459480000000005
283561,32,Walking,23529912276000,0.31,8.08,0.6537767
283562,32,Walking,23529962203000,3.38,10.99,-2.9556155
283563,32,Walking,23530012252000,6.55,11.84,0.46309182
283564,32,Walking,23530062209000,5.41,12.6,-0.27240697
283565,32,Walking,23530112288000,8.24,10.27,2.4516625
283566,32,Walking,23530162246000,4.56,13.59,-0.6946376999999999
283567,32,Walking,23530212264000,0.42,17.39,-6.742072
283568,32,Walking,23530263076000,-0.34,17.35,2.4108016
283569,32,Walking,23530322310000,3.91,10.19,-3.173541
283570,32,Walking,23530372298000,-2.41,6.28,-3.9090397000000006
283571,32,Walking,23530422225000,-4.1,-0.11,-4.140586
283572,32,Walking,23530472304000,-4.06,1.38,-2.6423476000000004
283573,32,Walking,23530522231000,-0.15,8.85,4.7943625
283574,32,Walking,23530572249000,17.77,17.92,9.697687
283575,32,Walking,23530622298000,2.68,2.96,-1.1168685
283576,32,Walking,23530672255000,-0.65,11.07,-0.88532263
283577,32,Walking,23530722274000,-0.27,11.11,-3.0645783
283578,32,Walking,23530772262000,-5.2,8.43,-9.343558
283579,32,Walking,23530822402000,-1.95,13.14,-3.4050870000000004
283580,32,Walking,23530872268000,6.59,14.1,-4.8216033
283581,32,Walking,23530922286000,8.39,5.24,-0.27240697
283582,32,Walking,23530972274000,1.61,5.86,-3.6366330000000002
283583,32,Walking,23531022292000,-0.53,10.19,1.4573771999999998
283584,32,Walking,23531072249000,7.7,10.19,-2.1383946
283585,32,Walking,23531122268000,4.94,11.75,-0.040861044
283586,32,Walking,23531172225000,6.47,12.26,-0.19068487
283587,32,Walking,23531222304000,7.97,10.65,2.6423476000000004
283589,32,Walking,23531272231000,1.88,15.51,-1.8387468999999996
283588,32,Walking,23531272231000,1.88,15.51,-1.8387468999999996
283590,32,Walking,23531372146000,3.21,13.76,0.6946376999999999
283591,32,Walking,23531422225000,2.72,10.42,-3.6774937999999993
283592,32,Walking,23531472426000,-2.6,5.18,-4.1814466
283593,32,Walking,23531522262000,-4.75,-0.61,-4.630918
283594,32,Walking,23531572280000,-4.06,1.57,-2.982856
283595,32,Walking,23531622207000,0.69,10.99,6.0882955
283596,32,Walking,23531672316000,16.74,17.12,8.19945
283597,32,Walking,23531722213000,2.72,3.02,-2.070293
283598,32,Walking,23531772262000,0.23,12.34,0.42223078
283599,32,Walking,23531822249000,-0.72,9.47,-2.4108016
283600,32,Walking,23531872268000,-5.18,9.08,-10.528528999999999
283601,32,Walking,23531922225000,-2.49,13.67,-2.6423476000000004
283602,32,Walking,23531972274000,3.87,13.76,-5.284695
283603,32,Walking,23532022231000,8.92,7.06,-3.4868089999999996
283604,32,Walking,23532072310000,4.44,5.71,-2.0294318
283605,32,Walking,23532122237000,-0.19,9.38,1.6480621
283606,32,Walking,23532172286000,3.87,9.85,-3.173541
283607,32,Walking,23532222243000,5.56,11.41,-1.0760075
283608,32,Walking,23532272262000,5.01,12.76,-1.334794
283609,32,Walking,23532322280000,6.93,11.3,1.7297841
283610,32,Walking,23532372268000,7.01,10.42,1.1849703
283611,32,Walking,23532422225000,1.31,15.79,-3.9499009
283612,32,Walking,23532472274000,-0.72,19.23,-0.7627395
283613,32,Walking,23532522231000,2.68,10.61,-4.8216033
283614,32,Walking,23532572280000,1.57,9.51,-2.4516625
283615,32,Walking,23532622237000,-1.84,3.21,-3.7864565999999997
283616,32,Walking,23532672316000,-5.05,0.0,-3.2961242
283617,32,Walking,23532722213000,-1.12,6.32,0.9942854
283618,32,Walking,23532772292000,12.98,16.04,8.390134
283619,32,Walking,23532822249000,5.05,9.15,2.9556155
283620,32,Walking,23532872268000,3.21,5.6,-2.9556155
283621,32,Walking,23532922255000,2.49,16.97,3.9090397000000006
283622,32,Walking,23532972243000,-4.25,6.63,-3.3642258999999997
283623,32,Walking,23533022292000,-4.63,9.51,-7.2732660000000005
283624,32,Walking,23533072249000,1.12,14.98,-3.5685309999999997
283625,32,Walking,23533122268000,8.77,8.85,-2.2201166000000003
283626,32,Walking,23533172225000,4.9,5.86,-2.8738932999999998
283627,32,Walking,23533222274000,-0.42,8.28,-0.29964766
283628,32,Walking,23533272201000,2.87,10.15,-1.4982381999999999
283629,32,Walking,23533322280000,6.36,10.84,-1.2666923
283630,32,Walking,23533372268000,5.79,11.75,-0.42223078
283631,32,Walking,23533422286000,6.93,11.6,1.3756552
283632,32,Walking,23533472274000,7.44,10.69,0.8036005
283633,32,Walking,23533522262000,1.5,16.63,-3.5957718
283634,32,Walking,23533572219000,-2.14,18.62,-1.2666923
283635,32,Walking,23533622268000,2.87,10.23,-4.5628166
283636,32,Walking,23533672286000,1.69,10.61,-3.1054392
283637,32,Walking,23533722304000,-2.68,3.26,-4.1814466
283638,32,Walking,23533772231000,-4.67,0.34,-4.2086873
283639,32,Walking,23533822280000,-3.76,5.86,-2.2609777
283640,32,Walking,23533872237000,9.96,15.28,13.021052000000001
283641,32,Walking,23533922286000,10.46,11.54,3.1054392
283642,32,Walking,23533972243000,-0.27,2.45,-4.7535014
283643,32,Walking,23534022292000,3.17,17.01,2.9147543999999996
283644,32,Walking,23534072280000,-4.02,6.4,-3.1463002999999996
283645,32,Walking,23534122298000,-5.13,9.08,-6.973617999999999
283646,32,Walking,23534172255000,0.11,14.25,-3.4459480000000005
283647,32,Walking,23534222335000,8.08,9.72,-3.173541
283648,32,Walking,23534272231000,6.63,5.67,-2.1383946
283649,32,Walking,23534322280000,0.84,7.46,-0.5720546
283650,32,Walking,23534372268000,0.19,10.19,-1.7570249
283651,32,Walking,23534422286000,6.05,11.03,-1.4573771999999998
283652,32,Walking,23534472243000,5.09,11.84,-1.2258313
283653,32,Walking,23534522262000,6.24,12.07,1.3075534
283654,32,Walking,23534572249000,7.78,9.89,2.3699405
283655,32,Walking,23534622268000,3.21,14.98,-1.6480621
283656,32,Walking,23534672286000,-1.69,19.38,-5.7477865
283657,32,Walking,23534722304000,0.8,12.72,-0.7218784
283658,32,Walking,23534772262000,3.11,10.23,-2.8330324
283659,32,Walking,23534822280000,-2.3,4.99,-3.4459480000000005
283660,32,Walking,23534872237000,-3.68,0.57,-4.7535014
283661,32,Walking,23534922286000,-3.21,3.26,-3.2961242
283662,32,Walking,23534972274000,6.32,11.99,9.234595
283663,32,Walking,23535022231000,12.3,15.47,10.119919
283664,32,Walking,23535072310000,-3.79,6.85,-1.9204689999999998
283665,32,Walking,23535122237000,2.03,17.62,-1.2666923
283666,32,Walking,23535172255000,-0.5,5.71,-4.4810944
283667,32,Walking,23535222304000,-1.65,11.3,-6.428804
283668,32,Walking,23535272262000,1.33,13.76,-1.8387468999999996
283669,32,Walking,23535322310000,4.33,8.05,-2.6423476000000004
283670,32,Walking,23535372298000,4.25,6.63,-3.8681788
283671,32,Walking,23535422225000,1.54,8.31,-0.23154591
283672,32,Walking,23535472274000,3.15,9.3,-1.7297841
283673,32,Walking,23535522231000,5.28,12.03,-1.6889231
