,user,label,timestamp,x,y,z
287274,32,Walking,23715582290000,3.72,7.25,-3.4050870000000004
287275,32,Walking,23715632247000,0.31,8.05,1.2666923
287276,32,Walking,23715682296000,4.18,9.66,-1.4573771999999998
287277,32,Walking,23715732253000,7.06,10.27,-1.334794
287278,32,Walking,23715782302000,5.18,11.99,0.08172209
287279,32,Walking,23715832229000,7.86,11.11,2.9147543999999996
287280,32,Walking,23715882308000,7.12,11.56,0.6946376999999999
287281,32,Walking,23715932204000,1.27,17.2,-3.8681788
287282,32,Walking,23715982284000,-1.5,18.39,1.1168685
287283,32,Walking,23716032241000,4.44,9.96,-4.290409599999999
287284,32,Walking,23716082259000,-0.27,8.66,-2.9556155
287286,32,Walking,23716132247000,-2.6,2.15,-3.4868089999999996
287285,32,Walking,23716132247000,-2.6,2.15,-3.4868089999999996
287287,32,Walking,23716193129000,-4.21,1.76,-3.9771416
287288,32,Walking,23716243606000,-2.96,5.6,-1.3075534
287289,32,Walking,23716293105000,13.91,17.86,11.876944
287290,32,Walking,23716343520000,3.95,6.59,1.3756552
287291,32,Walking,23716392257000,-3.6,4.99,-3.2552630000000002
287292,32,Walking,23716443404000,7.16,15.13,0.08172209
287293,32,Walking,23716492293000,-5.71,6.63,-9.493382
287294,32,Walking,23716543319000,-2.91,14.21,-4.7535014
287295,32,Walking,23716593703000,4.82,13.72,-2.3699405
287296,32,Walking,23716643294000,6.85,6.36,-1.6889231
287297,32,Walking,23716693709000,3.02,7.08,-2.5606253
287298,32,Walking,23716743239000,0.23,8.12,0.38136974
287299,32,Walking,23716793685000,3.02,9.72,-1.0351465
287300,32,Walking,23716843520000,7.74,9.85,-1.6480621
287301,32,Walking,23716893630000,3.99,12.34,-0.10896278
287302,32,Walking,23716943068000,8.01,10.5,2.0294318
287303,32,Walking,23716993514000,7.08,10.92,1.6480621
287304,32,Walking,23717042281000,1.27,17.16,-2.9147543999999996
287305,32,Walking,23717093459000,-2.45,19.23,-1.334794
287306,32,Walking,23717142287000,4.02,11.37,-2.7921712000000003
287307,32,Walking,23717193435000,2.3,9.04,-3.214402
287308,32,Walking,23717292129000,-3.95,-0.04,-3.214402
287309,32,Walking,23717342208000,-3.68,2.76,-2.4108016
287310,32,Walking,23717342208000,-3.68,2.76,-2.4108016
287311,32,Walking,23717392409000,1.84,16.13,5.625203599999999
287312,32,Walking,23717442306000,15.32,16.13,5.625203599999999
287313,32,Walking,23717493483000,-1.76,1.95,-3.4868089999999996
287314,32,Walking,23717552291000,5.05,17.77,-0.08172209
287315,32,Walking,23717602309000,-4.18,4.48,-4.5219555
287316,32,Walking,23717652297000,-3.53,12.41,-5.8158884
287317,32,Walking,23717702285000,2.37,13.53,-1.6889231
287318,32,Walking,23717752273000,5.67,7.74,-2.7513103
287319,32,Walking,23717802291000,4.37,7.31,-2.982856
287320,32,Walking,23717852279000,1.33,7.89,-0.88532263
287321,32,Walking,23717902266000,1.69,9.38,-0.040861044
287322,32,Walking,23717952315000,7.7,10.15,-1.8796080000000002
287323,32,Walking,23718002273000,4.71,11.41,0.8036005
287324,32,Walking,23718052291000,7.06,11.5,0.313268
287325,32,Walking,23718102279000,8.73,10.84,2.070293
287326,32,Walking,23718152297000,2.72,16.17,-2.4925237
287327,32,Walking,23718202285000,-2.49,19.42,-3.7183550000000003
287328,32,Walking,23718252303000,2.3,11.45,-1.607201
287329,32,Walking,23718302260000,3.72,9.89,-3.0237172
287330,32,Walking,23718352523000,-2.72,4.94,-3.9499009
287331,32,Walking,23718402266000,-4.4,0.84,-4.140586
287332,32,Walking,23718452315000,-4.18,3.68,-2.4925237
287333,32,Walking,23718502273000,0.11,9.08,4.290409599999999
287334,32,Walking,23718552260000,17.43,17.82,8.049625
287335,32,Walking,23718602309000,1.69,1.8,-3.4459480000000005
287336,32,Walking,23718652297000,-2.64,12.91,4.2086873
287337,32,Walking,23718702285000,2.37,7.93,-4.5628166
287338,32,Walking,23718752303000,-5.28,9.15,-8.962189
287339,32,Walking,23718802260000,-0.65,14.18,-2.7513103
287340,32,Walking,23718852309000,6.02,11.26,-2.5333846
287341,32,Walking,23718902266000,6.78,5.52,-3.1054392
287342,32,Walking,23718952315000,1.73,7.46,-1.0351465
287343,32,Walking,23719002273000,1.31,9.3,0.6537767
287344,32,Walking,23719052291000,6.7,10.04,-1.6480621
287345,32,Walking,23719102279000,5.86,11.14,0.6537767
287346,32,Walking,23719152297000,6.85,12.11,-0.0
287347,32,Walking,23719202285000,8.35,10.12,3.1054392
287348,32,Walking,23719252303000,2.87,15.64,-1.2258313
287349,32,Walking,23719302260000,-1.38,19.38,-5.5162406
287350,32,Walking,23719352309000,1.04,12.37,-0.19068487
287351,32,Walking,23719402266000,4.75,8.12,-3.1054392
287352,32,Walking,23719452315000,-2.18,5.22,-3.6774937999999993
287353,32,Walking,23719502273000,-3.79,0.23,-4.440233
287354,32,Walking,23719552291000,-4.56,3.45,-2.982856
287355,32,Walking,23719602279000,1.31,11.37,7.6682559999999995
287356,32,Walking,23719652297000,15.09,15.98,5.666064700000001
287357,32,Walking,23719702315000,0.5,0.84,-4.290409599999999
287358,32,Walking,23719752273000,0.69,15.05,3.3778462
287359,32,Walking,23719802260000,-1.38,6.51,-3.214402
287360,32,Walking,23719852309000,-5.24,9.08,-8.62168
287361,32,Walking,23719902266000,-0.19,14.18,-2.4108016
287362,32,Walking,23719952285000,6.66,10.34,-2.4516625
287363,32,Walking,23720002303000,6.89,5.9,-2.7240696
287364,32,Walking,23720052260000,2.34,7.63,-1.3756552
287365,32,Walking,23720102309000,0.31,9.3,0.38136974
287366,32,Walking,23720152327000,8.2,10.53,-1.334794
287367,32,Walking,23720202315000,5.67,10.99,0.88532263
287368,32,Walking,23720252242000,7.25,11.18,0.88532263
287369,32,Walking,23720302291000,7.78,10.8,2.2609777
287370,32,Walking,23720352279000,2.76,16.78,-2.3699405
287371,32,Walking,23720402297000,-2.11,19.46,-2.9147543999999996
287372,32,Walking,23720452285000,2.45,10.34,-3.3642258999999997
287373,32,Walking,23720502303000,3.41,8.5,-2.982856
287374,32,Walking,23720552260000,-2.18,3.26,-4.0588636
287375,32,Walking,23720602309000,-5.37,0.57,-4.671779
287376,32,Walking,23720652266000,-4.29,5.05,-2.4108016
287377,32,Walking,23720702315000,7.01,13.91,12.176591
287378,32,Walking,23720752273000,12.37,12.07,2.9556155
287379,32,Walking,23720802291000,-0.23,3.83,-5.243834
287380,32,Walking,23720852279000,3.53,15.98,-0.7218784
287381,32,Walking,23720902297000,-5.63,6.24,-7.014479
287382,32,Walking,23720952285000,-4.82,13.38,-4.290409599999999
287383,32,Walking,23721002303000,2.18,13.18,-2.6014863999999998
287384,32,Walking,23721052260000,7.5,7.06,-3.0645783
287385,32,Walking,23721102309000,5.94,7.21,-2.4925237
287386,32,Walking,23721152266000,1.23,7.5,0.08172209
287387,32,Walking,23721202285000,1.88,10.42,-0.7218784
287388,32,Walking,23721252273000,8.01,10.15,-1.3075534
287389,32,Walking,23721302260000,4.56,12.18,0.3405087
287390,32,Walking,23721352309000,7.25,10.5,2.9147543999999996
287391,32,Walking,23721402266000,7.78,10.38,0.9942854
287392,32,Walking,23721452315000,2.76,17.27,-3.5276701
287393,32,Walking,23721502273000,-1.84,18.85,-0.38136974
287394,32,Walking,23721552291000,2.87,9.7,-4.862464
287395,32,Walking,23721602309000,1.69,8.81,-2.6832085
287396,32,Walking,23721652266000,-2.83,3.02,-3.7864565999999997
287397,32,Walking,23721702315000,-4.48,0.76,-4.2495484
287398,32,Walking,23721752273000,-4.44,5.05,-2.2609777
287399,32,Walking,23721802291000,9.23,15.13,13.443283
287400,32,Walking,23721852279000,10.38,11.41,2.9556155
287401,32,Walking,23721902297000,0.42,4.99,-4.7126402999999994
287402,32,Walking,23721952285000,2.15,14.75,-0.50395286
287403,32,Walking,23722002273000,-5.09,7.4,-8.267551
287404,32,Walking,23722052291000,-3.64,13.53,-4.4810944
287405,32,Walking,23722102279000,3.53,13.63,-2.5333846
287406,32,Walking,23722152297000,7.67,6.32,-1.9885708
287407,32,Walking,23722202315000,3.87,7.25,-2.8330324
287408,32,Walking,23722252303000,0.84,7.74,0.7218784
287409,32,Walking,23722302260000,3.83,10.53,-0.88532263
287410,32,Walking,23722352309000,8.77,9.34,-2.4516625
287411,32,Walking,23722402266000,4.44,13.1,0.7218784
287412,32,Walking,23722452285000,7.4,11.3,2.7240696
287413,32,Walking,23722502303000,6.97,11.22,0.8036005
287414,32,Walking,23722552260000,0.89,17.5,-3.0645783
287415,32,Walking,23722602309000,-2.11,18.2,0.8036005
287416,32,Walking,23722652266000,5.56,9.19,-3.7592160000000003
287417,32,Walking,23722702315000,0.5,9.23,-3.1463002999999996
287418,32,Walking,23722752273000,-3.21,2.41,-3.9090397000000006
287419,32,Walking,23722802291000,-4.82,1.14,-4.1814466
287420,32,Walking,23722852279000,-3.91,4.63,-1.9204689999999998
287421,32,Walking,23722902297000,8.69,14.82,13.443283
287422,32,Walking,23722952285000,10.31,11.5,3.7864565999999997
287423,32,Walking,23723002273000,-2.11,1.18,-6.891896000000001
287424,32,Walking,23723052260000,2.91,18.09,0.84446156
287426,32,Walking,23723102279000,-2.11,6.47,-3.6366330000000002
287425,32,Walking,23723102279000,-2.11,6.47,-3.6366330000000002
287427,32,Walking,23723202163000,1.61,13.91,-2.8738932999999998
287428,32,Walking,23723252242000,7.7,7.82,-2.1383946
287429,32,Walking,23723302413000,4.86,6.44,-3.2961242
287430,32,Walking,23723352309000,1.31,8.12,0.23154591
287431,32,Walking,23723402266000,2.49,10.0,-1.334794
287432,32,Walking,23723452285000,7.31,10.73,-1.6480621
287433,32,Walking,23723502303000,5.13,12.11,0.38136974
287434,32,Walking,23723552260000,7.55,10.23,2.8330324
287435,32,Walking,23723602279000,7.5,10.23,1.2666923
287436,32,Walking,23723652266000,3.3,17.05,-2.7513103
287437,32,Walking,23723702285000,-1.12,19.31,-3.4868089999999996
287438,32,Walking,23723752273000,2.64,10.38,-3.0645783
287439,32,Walking,23723802260000,2.87,8.5,-3.7592160000000003
287440,32,Walking,23723852309000,-3.17,4.06,-3.7183550000000003
287441,32,Walking,23723902266000,-4.94,1.14,-4.290409599999999
287442,32,Walking,23723952315000,-3.95,4.94,-2.070293
287443,32,Walking,23724002273000,5.94,12.95,10.337844
287444,32,Walking,23724052260000,13.48,13.53,2.7240696
287445,32,Walking,23724102309000,1.69,0.38,-5.9793324
287446,32,Walking,23724152266000,0.34,16.51,1.1441092
287447,32,Walking,23724202285000,-1.84,6.02,-3.1463002999999996
287448,32,Walking,23724252273000,-5.86,9.38,-7.014479
287449,32,Walking,23724302260000,0.89,15.21,-2.5606253
287450,32,Walking,23724352279000,7.86,8.43,-1.8387468999999996
287451,32,Walking,23724402297000,5.18,5.86,-2.8330324
287452,32,Walking,23724452285000,1.31,7.93,0.08172209
287453,32,Walking,23724502273000,2.45,9.77,-1.0351465
287454,32,Walking,23724552291000,8.01,10.5,-1.8796080000000002
287455,32,Walking,23724602309000,5.41,12.22,0.7627395
287456,32,Walking,23724652297000,7.27,10.95,2.4925237
287457,32,Walking,23724702285000,6.85,10.84,1.4165162
287458,32,Walking,23724752334000,1.33,17.01,-2.7513103
287459,32,Walking,23724802260000,-1.23,19.04,-0.29964766
287460,32,Walking,23724852309000,3.6,10.27,-3.7592160000000003
287461,32,Walking,23724902266000,1.73,8.05,-2.6423476000000004
287462,32,Walking,23724952315000,-3.06,2.72,-3.6366330000000002
287463,32,Walking,23725002273000,-3.87,0.95,-4.3312707
287464,32,Walking,23725052291000,-4.1,5.43,-2.3018389
287465,32,Walking,23725102279000,8.35,15.55,13.593107
287466,32,Walking,23725152327000,9.08,10.61,3.2961242
287467,32,Walking,23725202315000,-2.45,4.18,-3.3642258999999997
287468,32,Walking,23725252273000,6.7,17.5,-0.38136974
287469,32,Walking,23725302352000,-4.71,6.28,-3.8681788
287470,32,Walking,23725352279000,-4.9,11.45,-6.0474343
287471,32,Walking,23725402266000,2.15,13.82,-2.4925237
287472,32,Walking,23725452315000,7.89,8.16,-2.1792557
287473,32,Walking,23725502273000,4.9,6.66,-2.982856
