,user,label,timestamp,x,y,z
999550,2,Jogging,8884772321000,7.89,-0.72,7.67
999551,2,Jogging,8884822339000,19.0,-1.84,7.93
999552,2,Jogging,8884872358000,3.17,1.18,0.38
999553,2,Jogging,8884922346000,-0.19,0.46,-0.89
999554,2,Jogging,8884972333000,-0.91,1.54,1.65
999555,2,Jogging,8885022321000,1.69,1.08,2.15
999556,2,Jogging,8885072370000,16.93,-8.43,-4.02
999557,2,Jogging,8885122327000,17.69,5.75,14.41
999558,2,Jogging,8885172376000,11.99,7.06,0.15
999559,2,Jogging,8885222333000,-0.42,3.87,-1.23
999560,2,Jogging,8885272260000,6.66,-0.3,-9.62
999561,2,Jogging,8885322339000,0.19,-3.95,2.34
999562,2,Jogging,8885372327000,-0.89,1.54,2.26
999563,2,Jogging,8885422346000,14.82,-4.56,11.88
999564,2,Jogging,8885472333000,16.63,-0.89,-3.83
999565,2,Jogging,8885522321000,6.7,3.34,2.45
999566,2,Jogging,8885572339000,0.04,-1.5,-2.83
999567,2,Jogging,8885622327000,-1.73,2.49,2.18
999568,2,Jogging,8885672346000,0.53,0.89,1.84
999569,2,Jogging,8885722333000,18.81,-5.24,-0.65
999570,2,Jogging,8885772321000,19.57,3.49,12.64
999571,2,Jogging,8885822339000,10.46,4.82,-1.84
999572,2,Jogging,8885872327000,1.99,1.8,-6.28
999573,2,Jogging,8885922376000,8.35,-1.53,-3.98
999574,2,Jogging,8885972364000,0.11,-1.31,2.41
999575,2,Jogging,8886022321000,0.57,2.11,1.38
999576,2,Jogging,8886072339000,18.54,-10.65,13.4
999577,2,Jogging,8886122327000,12.68,3.11,-4.48
999578,2,Jogging,8886172346000,3.49,3.49,-4.86
999579,2,Jogging,8886222333000,-0.8,0.65,0.0
999580,2,Jogging,8886272230000,0.57,1.38,1.33
999581,2,Jogging,8886322339000,15.98,-5.67,6.47
999582,2,Jogging,8886372327000,19.46,5.56,6.17
999583,2,Jogging,8886422346000,13.44,5.79,8.2
999584,2,Jogging,8886472333000,0.95,2.68,-8.81
999585,2,Jogging,8886522321000,6.7,-2.03,-1.42
999586,2,Jogging,8886572339000,0.0,0.5,1.33
999587,2,Jogging,8886622327000,-1.42,2.15,1.92
999588,2,Jogging,8886672346000,14.33,-3.49,7.86
999589,2,Jogging,8886722333000,12.45,-3.79,2.72
999590,2,Jogging,8886772321000,3.76,-1.73,-0.08
999591,2,Jogging,8886822339000,-1.23,-0.46,-1.8
999592,2,Jogging,8886872327000,-1.12,1.84,0.57
999593,2,Jogging,8886922346000,7.08,-2.75,9.11
999594,2,Jogging,8886972364000,19.38,0.84,4.25
999595,2,Jogging,8887022321000,18.54,6.36,12.87
999596,2,Jogging,8887072339000,0.42,6.59,-4.52
999597,2,Jogging,8887122327000,6.78,1.42,-7.5
999598,2,Jogging,8887172376000,4.4,-1.33,5.6
999599,2,Jogging,8887222364000,-0.5,-0.57,0.08
999600,2,Jogging,8887272382000,4.25,1.88,1.99
999601,2,Jogging,8887322370000,19.57,-9.19,13.29
999602,2,Jogging,8887372327000,11.5,4.9,-5.71
999603,2,Jogging,8887422346000,-0.19,3.76,-5.28
999604,2,Jogging,8887472333000,4.63,0.8,-0.27
999605,2,Jogging,8887522321000,0.08,-0.11,3.6
999606,2,Jogging,8887572339000,1.38,-4.67,11.03
999607,2,Jogging,8887622327000,16.66,1.57,2.45
999608,2,Jogging,8887672346000,19.57,8.77,11.03
999609,2,Jogging,8887722333000,6.17,7.59,-5.13
999610,2,Jogging,8887772321000,2.96,2.41,-8.54
999611,2,Jogging,8887822339000,4.25,-6.21,6.59
999612,2,Jogging,8887872358000,-0.19,-1.88,-0.69
999613,2,Jogging,8887922346000,-0.23,1.27,-0.11
999614,2,Jogging,8887972364000,16.59,-5.13,7.78
999615,2,Jogging,8888022321000,9.15,-0.23,1.31
999616,2,Jogging,8888072339000,2.26,-0.53,-0.3
999617,2,Jogging,8888122297000,3.45,0.5,-2.53
999618,2,Jogging,8888172285000,-0.04,1.8,-0.15
999619,2,Jogging,8888222333000,5.37,-4.63,7.55
999620,2,Jogging,8888272352000,19.27,-0.19,6.93
999621,2,Jogging,8888322339000,19.23,7.63,9.92
999622,2,Jogging,8888372327000,2.64,6.32,-2.41
999623,2,Jogging,8888422376000,1.73,3.57,-11.56
999624,2,Jogging,8888472364000,4.52,-2.11,5.79
999625,2,Jogging,8888522321000,0.61,-2.11,0.99
999626,2,Jogging,8888572400000,5.33,-3.17,3.17
999627,2,Jogging,8888622358000,19.57,0.31,9.15
999628,2,Jogging,8888672346000,9.04,3.17,-1.31
999629,2,Jogging,8888722364000,3.76,-2.49,-3.34
999630,2,Jogging,8888772321000,0.23,0.42,-0.08
999631,2,Jogging,8888822339000,1.12,1.14,2.15
999632,2,Jogging,8888872327000,15.47,-5.18,5.71
999633,2,Jogging,8888922346000,14.67,4.56,7.59
999634,2,Jogging,8888972364000,18.81,6.51,7.55
999635,2,Jogging,8889022321000,6.97,3.6,-1.38
999636,2,Jogging,8889072339000,3.49,2.76,-10.04
999637,2,Jogging,8889122327000,4.37,-3.57,3.34
999638,2,Jogging,8889172346000,1.31,-0.46,0.42
999639,2,Jogging,8889222333000,7.01,-0.53,6.78
999640,2,Jogging,8889272321000,19.57,-1.5,7.59
999641,2,Jogging,8889322339000,9.28,1.65,1.92
999642,2,Jogging,8889372327000,-0.38,-4.86,-1.99
999643,2,Jogging,8889422346000,-1.33,0.19,-0.3
999644,2,Jogging,8889472333000,-0.5,2.49,0.46
999645,2,Jogging,8889522321000,12.72,-7.01,9.89
999646,2,Jogging,8889572339000,12.91,3.49,4.37
999647,2,Jogging,8889622327000,19.5,7.06,10.27
999648,2,Jogging,8889672346000,5.24,5.98,-2.87
999649,2,Jogging,8889722333000,5.63,2.79,-12.6
999650,2,Jogging,8889772321000,4.6,-2.68,6.7
999651,2,Jogging,8889822339000,1.33,-3.15,-0.76
999652,2,Jogging,8889872388000,5.83,1.23,1.23
999653,2,Jogging,8889922407000,19.19,-7.25,16.63
999654,2,Jogging,8889972394000,16.25,5.41,-5.52
999655,2,Jogging,8890022321000,2.56,1.27,-0.04
999656,2,Jogging,8890072339000,-0.69,0.8,0.19
999657,2,Jogging,8890122327000,0.65,0.76,1.92
999658,2,Jogging,8890172346000,10.23,-5.86,5.52
999659,2,Jogging,8890222333000,10.53,3.02,-4.94
999660,2,Jogging,8890272230000,16.13,5.52,13.48
999661,2,Jogging,8890322339000,12.57,6.66,-2.68
999662,2,Jogging,8890372327000,4.52,2.6,-6.74
999663,2,Jogging,8890422346000,5.56,-1.38,-0.89
999664,2,Jogging,8890472333000,0.8,-3.91,1.61
999665,2,Jogging,8890522321000,-1.61,0.31,0.84
999666,2,Jogging,8890572339000,8.58,-3.21,7.4
999667,2,Jogging,8890622327000,16.25,1.5,1.73
999668,2,Jogging,8890672346000,3.68,-2.41,1.33
999669,2,Jogging,8890722333000,3.99,-1.69,-4.18
999670,2,Jogging,8890772321000,2.91,1.84,-1.99
999671,2,Jogging,8890822339000,0.34,-0.11,5.41
999672,2,Jogging,8890872358000,11.65,-6.28,9.72
999673,2,Jogging,8890922376000,17.08,6.09,6.85
999674,2,Jogging,8890972333000,18.01,7.44,5.6
999675,2,Jogging,8891022321000,6.09,4.48,-1.88
999676,2,Jogging,8891072339000,0.5,0.95,-9.92
999677,2,Jogging,8891122327000,5.67,-2.72,4.48
999678,2,Jogging,8891172346000,0.57,-0.42,0.46
999679,2,Jogging,8891222333000,5.09,1.5,3.34
999680,2,Jogging,8891292341000,18.58,1.31,6.66
999681,2,Jogging,8891342237000,4.18,-0.5,1.5
999682,2,Jogging,8891392377000,2.87,-0.89,-2.26
999683,2,Jogging,8891442304000,0.19,0.72,-0.57
999684,2,Jogging,8891492322000,3.26,0.34,4.02
999685,2,Jogging,8891542341000,15.98,-3.57,4.06
999686,2,Jogging,8891592328000,16.44,7.06,11.18
999687,2,Jogging,8891642347000,16.28,5.9,1.95
999688,2,Jogging,8891692335000,2.68,2.22,-1.65
999689,2,Jogging,8891742322000,4.67,1.12,-8.08
999690,2,Jogging,8891792341000,2.98,-3.87,3.02
999691,2,Jogging,8891842328000,-0.8,0.84,0.46
999692,2,Jogging,8891892347000,9.0,-2.49,8.92
999693,2,Jogging,8891942335000,18.73,-0.91,4.29
999694,2,Jogging,8891992322000,3.87,1.88,0.34
999695,2,Jogging,8892042341000,1.65,-1.5,-2.45
999696,2,Jogging,8892092328000,2.03,1.04,-1.08
999697,2,Jogging,8892142377000,4.18,-0.5,5.05
999698,2,Jogging,8892192335000,16.89,-4.48,3.41
999699,2,Jogging,8892242322000,16.02,5.71,10.99
999700,2,Jogging,8892292341000,15.6,5.94,3.79
999701,2,Jogging,8892342328000,0.69,3.34,-1.46
999702,2,Jogging,8892392347000,5.63,1.54,-10.19
999703,2,Jogging,8892442335000,3.38,-2.18,4.25
999704,2,Jogging,8892492322000,0.46,0.95,0.31
999705,2,Jogging,8892542341000,9.85,-1.27,6.44
999706,2,Jogging,8892592328000,19.04,-0.99,8.77
999707,2,Jogging,8892642347000,8.24,2.53,0.04
999708,2,Jogging,8892692335000,2.07,-2.53,-2.49
999709,2,Jogging,8892742322000,1.31,0.5,-1.38
999710,2,Jogging,8892792341000,1.14,1.38,-0.04
999711,2,Jogging,8892842328000,15.09,-5.28,5.75
999712,2,Jogging,8892892347000,16.74,2.76,11.14
999713,2,Jogging,8892942335000,17.54,5.75,4.9
999714,2,Jogging,8892992322000,2.49,3.87,-1.08
999715,2,Jogging,8893042341000,3.53,2.41,-11.45
999716,2,Jogging,8893092328000,4.99,-1.95,4.33
999717,2,Jogging,8893142347000,-0.23,-0.08,1.04
999718,2,Jogging,8893192335000,1.5,0.19,1.61
999719,2,Jogging,8893242322000,19.57,-8.39,4.79
999720,2,Jogging,8893292341000,9.0,2.79,-0.76
999721,2,Jogging,8893342328000,2.3,-2.83,-3.87
999722,2,Jogging,8893392347000,0.69,0.11,-2.22
999723,2,Jogging,8893442365000,1.92,2.3,-0.23
999724,2,Jogging,8893492322000,12.45,-3.68,10.76
999725,2,Jogging,8893542341000,16.09,1.46,6.44
999726,2,Jogging,8893592328000,19.19,2.22,10.38
999727,2,Jogging,8893642347000,6.21,6.44,-1.69
999728,2,Jogging,8893692335000,1.99,4.18,-13.87
999729,2,Jogging,8893742322000,7.16,-2.75,6.21
999730,2,Jogging,8893792341000,0.5,-0.11,0.27
999731,2,Jogging,8893842328000,-0.08,0.99,1.57
999732,2,Jogging,8893892347000,19.27,-7.7,12.79
999733,2,Jogging,8893942335000,9.15,2.96,-0.89
999734,2,Jogging,8893992322000,2.41,-1.38,-3.53
999735,2,Jogging,8894042341000,1.14,0.27,-2.07
999736,2,Jogging,8894092359000,1.61,2.22,0.61
999737,2,Jogging,8894142377000,10.69,-5.09,10.53
999738,2,Jogging,8894192365000,11.56,-0.84,1.88
999739,2,Jogging,8894242322000,18.35,9.43,10.53
999740,2,Jogging,8894292371000,13.82,3.68,-0.34
999741,2,Jogging,8894342359000,0.46,-0.08,-4.9
999742,2,Jogging,8894392347000,8.39,1.69,-2.79
999743,2,Jogging,8894442335000,1.95,-1.61,3.11
999744,2,Jogging,8894492322000,-0.19,1.65,0.04
999745,2,Jogging,8894542402000,11.56,-3.3,6.21
999746,2,Jogging,8894592359000,18.62,2.68,5.52
999747,2,Jogging,8894642347000,3.79,1.08,1.04
999748,2,Jogging,8894692335000,1.73,-1.88,-4.25
999749,2,Jogging,8894742353000,0.42,-0.34,0.8
