,user,label,timestamp,x,y,z
294929,32,Walking,24181352218000,-1.61,6.13,-0.8036005
294930,32,Walking,24181402266000,-3.15,10.76,-0.3405087
294931,32,Walking,24181452254000,2.76,13.14,0.08172209
294932,32,Walking,24181502273000,0.19,12.95,0.3405087
294933,32,Walking,24181552199000,1.92,13.59,2.1111538
294934,32,Walking,24181602279000,1.23,14.18,2.1111538
294935,32,Walking,24181652205000,-4.71,15.85,-4.440233
294936,32,Walking,24181702285000,-12.18,18.77,0.27240697
294937,32,Walking,24181752242000,0.42,9.19,-5.284695
294938,32,Walking,24181802291000,-3.45,6.51,-3.0237172
294939,32,Walking,24181852218000,-2.6,-0.23,-4.2086873
294940,32,Walking,24181902266000,-4.37,-2.18,-4.018002500000001
294941,32,Walking,24181952254000,-5.52,3.34,-2.6423476000000004
294942,32,Walking,24182002303000,6.97,17.24,12.680544
294943,32,Walking,24182052230000,1.12,6.55,2.7649305
294944,32,Walking,24182102340000,-6.13,1.65,-4.5219555
294945,32,Walking,24182152327000,-3.76,16.25,-1.2666923
294946,32,Walking,24182202285000,-6.24,3.68,-8.158588
294947,32,Walking,24182252273000,-6.7,8.24,-5.597963
294948,32,Walking,24182302260000,-2.53,16.7,-3.5685309999999997
294949,32,Walking,24182352279000,4.94,8.35,0.3405087
294950,32,Walking,24182402236000,-0.23,6.32,-2.7240696
294951,32,Walking,24182452315000,-4.75,8.92,2.2201166000000003
294952,32,Walking,24182502242000,-0.34,12.37,-2.4516625
294953,32,Walking,24182552260000,2.22,14.29,1.9204689999999998
294954,32,Walking,24182602218000,2.91,14.82,1.334794
294955,32,Walking,24182652266000,1.08,14.37,2.7921712000000003
294956,32,Walking,24182702254000,-4.86,15.51,-3.8273177000000005
294957,32,Walking,24182752273000,-10.65,18.7,-2.5333846
294958,32,Walking,24182802230000,-1.31,9.62,-3.8273177000000005
294959,32,Walking,24182852279000,-3.72,7.31,-3.2961242
294960,32,Walking,24182902205000,-2.37,0.38,-4.372132
294961,32,Walking,24182952315000,-4.29,-1.57,14.369467000000002
294963,32,Walking,24183054580000,3.79,16.13,14.369467000000002
294962,32,Walking,24183054580000,3.79,16.13,14.369467000000002
294964,32,Walking,24183102218000,1.69,8.31,1.2666923
294965,32,Walking,24183152266000,-7.44,5.83,1.2666923
294966,32,Walking,24183202285000,-2.34,10.04,-6.2108784
294967,32,Walking,24183252242000,-6.74,6.93,-9.302697
294968,32,Walking,24183302321000,-7.25,11.26,-3.7864565999999997
294969,32,Walking,24183362227000,-0.3,14.14,-1.0760075
294970,32,Walking,24183412215000,4.14,7.86,-1.7297841
294971,32,Walking,24183462233000,0.11,5.71,-2.2201166000000003
294972,32,Walking,24183512221000,-4.59,9.85,1.4165162
294973,32,Walking,24183562270000,1.57,12.76,-0.50395286
294974,32,Walking,24183612197000,0.34,13.95,-0.42223078
294975,32,Walking,24183662246000,2.34,14.79,0.23154591
294976,32,Walking,24183712508000,1.69,13.21,3.9499009
294977,32,Walking,24183762221000,-4.67,15.36,-3.6366330000000002
294978,32,Walking,24183812270000,-12.68,19.19,-3.7864565999999997
294979,32,Walking,24183862197000,-4.99,10.95,-2.5606253
294980,32,Walking,24183912368000,0.19,5.83,-2.9556155
294981,32,Walking,24183962203000,-2.14,0.99,-4.018002500000001
294982,32,Walking,24184012282000,-4.02,-2.3,-3.9499009
294983,32,Walking,24184062209000,-6.17,2.68,-1.6889231
294984,32,Walking,24184112258000,5.52,16.55,14.601013
294985,32,Walking,24184162276000,0.61,8.85,2.1111538
294986,32,Walking,24184212264000,-6.02,7.4,0.84446156
294987,32,Walking,24184262252000,-3.3,9.77,-3.9771416
294988,32,Walking,24184312240000,-5.33,7.35,-9.888372
294989,32,Walking,24184362258000,-6.59,11.11,-4.140586
294990,32,Walking,24184412246000,-2.11,14.33,-1.7978859
294991,32,Walking,24184462203000,3.64,9.19,-0.29964766
294992,32,Walking,24184512282000,0.76,5.67,-5.09401
294993,32,Walking,24184562209000,-5.2,8.39,3.4050870000000004
294994,32,Walking,24184612258000,0.89,12.53,-3.0237172
294995,32,Walking,24184662215000,0.93,13.53,1.9885708
294996,32,Walking,24184712417000,0.72,14.25,1.0760075
294997,32,Walking,24184762221000,0.93,13.59,4.3312707
294998,32,Walking,24184812270000,-3.79,14.71,-0.8036005
294999,32,Walking,24184862197000,-8.54,18.16,-7.082580999999999
295000,32,Walking,24184912276000,-5.37,13.8,0.95342433
295001,32,Walking,24184962203000,-1.42,7.63,-3.8681788
295002,32,Walking,24185012252000,-4.1,2.96,-2.8330324
295003,32,Walking,24185062209000,-2.72,-2.49,-4.4810944
295004,32,Walking,24185112258000,-4.94,-0.19,-3.2961242
295005,32,Walking,24185162215000,0.72,12.76,14.09706
295006,32,Walking,24185212264000,4.25,13.02,2.8330324
295007,32,Walking,24185262740000,-5.6,1.42,-2.7513103
295008,32,Walking,24185312240000,-2.96,15.43,-3.2552630000000002
295009,32,Walking,24185362258000,-6.21,4.71,-8.771504
295010,32,Walking,24185412246000,-8.12,8.85,-5.5162406
295011,32,Walking,24185462233000,-6.02,13.1,-2.9556155
295012,32,Walking,24185512252000,5.13,11.96,-0.9125633
295013,32,Walking,24185562270000,3.21,6.28,-4.0588636
295014,32,Walking,24185612227000,-3.57,7.44,1.7978859
295015,32,Walking,24185662276000,-1.14,12.45,-2.5606253
295016,32,Walking,24185712264000,1.12,13.53,1.56634
295017,32,Walking,24185762252000,1.76,14.67,-0.6537767
295018,32,Walking,24185812301000,1.08,14.02,5.366417
295019,32,Walking,24185862197000,-3.3,13.57,-2.1383946
295020,32,Walking,24185912276000,-5.41,16.02,-7.654635400000001
295021,32,Walking,24185962233000,-8.5,16.78,1.9885708
295022,32,Walking,24186012282000,-0.04,7.01,-4.140586
295023,32,Walking,24186062209000,-3.57,3.79,-4.018002500000001
295024,32,Walking,24186112258000,-2.18,-0.84,-4.099725
295025,32,Walking,24186162215000,-5.86,-0.34,-3.5957718
295026,32,Walking,24186212600000,-5.18,8.24,7.2732660000000005
295027,32,Walking,24186262313000,8.54,18.28,7.927042500000001
295028,32,Walking,24186312240000,-0.53,0.53,-0.23154591
295029,32,Walking,24186362197000,-7.55,13.82,1.0760075
295030,32,Walking,24186412246000,-3.91,3.49,-4.671779
295031,32,Walking,24186462233000,-5.63,5.6,-8.390134
295032,32,Walking,24186512282000,-6.7,11.75,-3.2552630000000002
295033,32,Walking,24186562209000,0.76,14.33,0.42223078
295034,32,Walking,24186612227000,3.83,7.08,-2.6832085
295035,32,Walking,24186662215000,-0.76,6.59,-2.4516625
295036,32,Walking,24186712600000,-4.82,10.92,0.53119355
295037,32,Walking,24186762252000,1.12,12.68,0.7218784
295038,32,Walking,24186812240000,2.15,13.44,-0.9125633
295039,32,Walking,24186862227000,3.41,14.79,0.84446156
295040,32,Walking,24186912276000,-3.36,15.4,3.5276701
295041,32,Walking,24186962233000,-6.36,14.75,-6.891896000000001
295042,32,Walking,24187012282000,-10.76,17.58,1.1441092
295043,32,Walking,24187062301000,-1.8,9.77,-3.7183550000000003
295044,32,Walking,24187112258000,-2.26,5.67,-3.2961242
295045,32,Walking,24187162215000,-1.8,0.38,-4.5900574
295046,32,Walking,24187212569000,-3.49,-1.8,-3.7864565999999997
295047,32,Walking,24187262221000,-5.37,3.15,-0.7627395
295048,32,Walking,24187312240000,4.79,18.05,15.363751999999998
295049,32,Walking,24187362197000,0.8,6.4,0.9942854
295050,32,Walking,24187412307000,-6.51,8.62,1.607201
295051,32,Walking,24187462264000,-4.56,8.35,-5.325556
295052,32,Walking,24187512282000,-5.71,8.28,-9.493382
295053,32,Walking,24187562209000,-6.78,10.46,-3.2961242
295054,32,Walking,24187612227000,-2.03,14.82,-1.4165162
295055,32,Walking,24187662215000,4.86,8.58,-1.56634
295056,32,Walking,24187712569000,0.11,5.01,-3.0237172
295057,32,Walking,24187762221000,-5.75,8.96,2.3018389
295058,32,Walking,24187812240000,1.69,13.33,-1.56634
295059,32,Walking,24187862197000,0.08,14.41,0.3405087
295060,32,Walking,24187912246000,2.03,13.82,1.334794
295061,32,Walking,24187962203000,1.33,12.22,2.4108016
295063,32,Walking,24188012282000,-5.94,15.7,-1.334794
295062,32,Walking,24188012282000,-5.94,15.7,-1.334794
295064,32,Walking,24188082351000,-12.49,19.11,-4.630918
295065,32,Walking,24188132247000,0.99,9.19,-3.9499009
295066,32,Walking,24188182235000,-4.1,5.83,-3.7864565999999997
295067,32,Walking,24188232345000,-2.07,-2.53,-4.7535014
295068,32,Walking,24188282241000,-4.48,-3.26,-3.9499009
295069,32,Walking,24188332290000,-5.33,5.05,2.0294318
295070,32,Walking,24188382247000,10.57,19.5,9.847511
295071,32,Walking,24188432296000,-0.11,-0.27,-1.56634
295072,32,Walking,24188482284000,-8.58,7.59,1.2258313
295073,32,Walking,24188532302000,-4.82,10.57,-4.3312707
295074,32,Walking,24188582229000,-7.01,4.71,-9.043911
295075,32,Walking,24188632308000,-7.08,11.14,-4.8216033
295076,32,Walking,24188682235000,-0.5,15.94,-4.140586
295077,32,Walking,24188732345000,5.75,7.25,2.1111538
295078,32,Walking,24188782241000,-0.04,6.44,-3.2961242
295079,32,Walking,24188832320000,-4.67,9.08,1.1441092
295080,32,Walking,24188882247000,0.65,13.44,-0.88532263
295081,32,Walking,24188932296000,0.31,14.25,-0.46309182
295082,32,Walking,24188982284000,2.72,14.67,1.334794
295084,32,Walking,24189102340000,-4.52,14.75,-3.5685309999999997
295083,32,Walking,24189102340000,-4.52,14.75,-3.5685309999999997
295085,32,Walking,24189152572000,-9.11,15.83,2.2609777
295086,32,Walking,24189202376000,2.03,7.27,-5.175732
295087,32,Walking,24189252273000,-3.53,5.18,-3.7183550000000003
295088,32,Walking,24189302321000,-3.36,-0.46,-5.202973
295089,32,Walking,24189362227000,-6.17,0.08,-3.0237172
295090,32,Walking,24189412276000,-1.88,11.92,12.340035
295091,32,Walking,24189462233000,4.67,14.75,3.9090397000000006
295092,32,Walking,24189512282000,0.53,-0.15,-6.3198414000000005
295093,32,Walking,24189562240000,-9.62,16.86,0.040861044
295094,32,Walking,24189612227000,-5.6,3.79,-6.633109599999999
295095,32,Walking,24189662246000,-7.35,6.44,-6.851035
295096,32,Walking,24189712233000,-5.86,14.71,-4.0588636
295097,32,Walking,24189762252000,5.79,12.11,0.08172209
295098,32,Walking,24189812240000,1.61,5.94,-3.1054392
295099,32,Walking,24189862227000,-3.79,7.74,1.9885708
295100,32,Walking,24189912215000,-1.5,11.26,-2.8738932999999998
295101,32,Walking,24189962264000,2.18,14.52,1.0351465
295102,32,Walking,24190012313000,2.15,14.21,-0.040861044
295103,32,Walking,24190062209000,2.49,12.91,3.1463002999999996
295104,32,Walking,24190112227000,-5.18,15.55,-0.19068487
295105,32,Walking,24190162246000,-8.96,16.93,-7.927042500000001
295106,32,Walking,24190212233000,-8.81,15.6,1.3075534
295107,32,Walking,24190262557000,2.22,7.25,-3.0237172
295108,32,Walking,24190312209000,-3.53,3.49,-3.9499009
295109,32,Walking,24190362227000,-1.57,-2.18,-5.0531489999999994
295110,32,Walking,24190412246000,-5.6,-0.42,-4.3993720000000005
295111,32,Walking,24190462264000,-4.75,11.37,10.038197
295112,32,Walking,24190512252000,6.89,15.55,6.3198414000000005
295113,32,Walking,24190562270000,-2.79,4.9,-2.3699405
295114,32,Walking,24190612197000,-4.44,15.02,-1.7978859
295115,32,Walking,24190662276000,-6.74,1.33,-6.0882955
295116,32,Walking,24190712264000,-7.86,11.03,-7.205164
295117,32,Walking,24190762221000,-5.18,13.67,-1.9477096999999999
295118,32,Walking,24190812270000,3.72,11.35,0.040861044
295119,32,Walking,24190862197000,2.76,6.05,-4.5900574
295120,32,Walking,24190912246000,-2.91,7.21,0.14982383
295121,32,Walking,24190962233000,-2.98,11.35,-1.3075534
295122,32,Walking,24191012252000,0.69,13.57,1.4982381999999999
295123,32,Walking,24191062240000,1.08,13.87,-1.2666923
295124,32,Walking,24191112197000,1.88,13.67,2.9147543999999996
295125,32,Walking,24191162276000,-1.99,14.52,0.7218784
295126,32,Walking,24191212264000,-6.21,15.64,-7.4639505999999995
295127,32,Walking,24191262313000,-11.37,17.47,3.0645783
295128,32,Walking,24191312240000,0.57,8.62,-4.1814466
