,user,label,timestamp,x,y,z
57301,33,Walking,10753962260000,-0.15,11.26,2.4108016
57302,33,Walking,10754012279000,-3.17,7.25,1.6480621
57303,33,Walking,10754062205000,0.0,7.93,0.19068487
57304,33,Walking,10754112315000,-0.8,7.63,1.3075534
57305,33,Walking,10754162242000,0.5,9.19,2.6832085
57306,33,Walking,10754212260000,0.76,10.34,2.070293
57307,33,Walking,10754262218000,-0.34,13.1,1.4573771999999998
57308,33,Walking,10754312267000,-1.08,14.75,1.56634
57309,33,Walking,10754362254000,-0.11,11.73,-1.0760075
57310,33,Walking,10754412242000,-8.35,14.6,-0.10896278
57311,33,Walking,10754462260000,-2.03,11.18,2.3699405
57312,33,Walking,10754512279000,3.76,7.82,2.2201166000000003
57313,33,Walking,10754562236000,-0.38,3.41,0.08172209
57314,33,Walking,10754612285000,-1.69,2.76,0.8036005
57315,33,Walking,10754662303000,-2.56,4.71,2.4108016
57316,33,Walking,10754712260000,-3.87,11.84,7.6682559999999995
57317,33,Walking,10754762218000,-0.5,12.79,11.836082000000001
57318,33,Walking,10754812389000,-2.14,8.39,1.5390993
57319,33,Walking,10754862224000,-5.82,17.05,1.9204689999999998
57320,33,Walking,10754912547000,1.08,2.34,-3.4459480000000005
57321,33,Walking,10754962199000,-0.91,12.22,1.8387468999999996
57322,33,Walking,10755012309000,-2.98,6.4,0.6537767
57323,33,Walking,10755062205000,0.69,8.16,0.53119355
57324,33,Walking,10755112285000,-0.53,9.08,1.9477096999999999
57325,33,Walking,10755162212000,0.15,10.08,3.3778462
57326,33,Walking,10755212260000,1.27,10.04,1.2258313
57327,33,Walking,10755263072000,0.23,13.59,1.7978859
57328,33,Walking,10755312328000,-0.34,14.29,0.6946376999999999
57329,33,Walking,10755362315000,-4.52,12.15,-1.2666923
57330,33,Walking,10755412303000,-7.04,14.44,0.6537767
57331,33,Walking,10755462199000,0.27,11.26,3.2961242
57332,33,Walking,10755512340000,2.76,5.18,0.88532263
57333,33,Walking,10755572276000,-0.8,2.49,-0.46309182
57334,33,Walking,10755622203000,-2.98,3.91,1.7297841
57335,33,Walking,10755672252000,-4.06,6.82,4.630918
57336,33,Walking,10755722209000,-4.06,17.62,12.789507
57337,33,Walking,10755772258000,0.04,5.01,5.5571017
57338,33,Walking,10755822246000,-4.63,14.41,-0.29964766
57339,33,Walking,10755872264000,-0.89,6.82,-1.0760075
57340,33,Walking,10755922252000,-0.65,8.66,0.5720546
57341,33,Walking,10755972209000,-1.76,9.34,1.4165162
57343,33,Walking,10756022227000,-0.3,6.59,-0.9125633
57342,33,Walking,10756022227000,-0.3,6.59,-0.9125633
57344,33,Walking,10756122325000,0.38,9.7,3.5685309999999997
57345,33,Walking,10756172221000,1.5,9.19,1.7297841
57346,33,Walking,10756222240000,0.46,12.83,1.2258313
57347,33,Walking,10756272227000,-1.53,14.33,1.9885708
57348,33,Walking,10756322215000,0.95,12.07,-0.9125633
57349,33,Walking,10756372264000,-7.86,14.82,-0.61291564
57350,33,Walking,10756422252000,-3.49,12.22,2.070293
57351,33,Walking,10756472209000,3.3,9.43,2.9147543999999996
57352,33,Walking,10756522227000,-0.57,3.3,-0.23154591
57353,33,Walking,10756572215000,-1.08,2.49,1.1168685
57354,33,Walking,10756622234000,-1.73,3.21,1.4573771999999998
57355,33,Walking,10756672282000,-3.49,8.73,5.7886477
57356,33,Walking,10756722209000,-2.07,16.7,13.334320000000002
57357,33,Walking,10756772227000,-1.65,4.9,3.5276701
57358,33,Walking,10756822246000,-6.74,18.01,0.7627395
57359,33,Walking,10756872264000,0.61,1.04,-3.3642258999999997
57360,33,Walking,10756922221000,-0.69,10.99,1.4165162
57361,33,Walking,10756972240000,-2.18,8.62,2.1111538
57362,33,Walking,10757022197000,0.04,6.89,-0.27240697
57363,33,Walking,10757072246000,-0.5,8.39,1.334794
57364,33,Walking,10757122203000,-0.76,9.96,2.5606253
57365,33,Walking,10757172252000,1.31,10.69,1.4165162
57366,33,Walking,10757222209000,-0.27,12.91,1.3756552
57367,33,Walking,10757272227000,-0.84,13.8,1.8796080000000002
57368,33,Walking,10757322246000,-0.65,11.73,-1.607201
57369,33,Walking,10757372295000,-7.59,15.51,0.5720546
57370,33,Walking,10757422252000,-1.61,11.92,2.9556155
57371,33,Walking,10757472301000,3.76,6.82,1.607201
57372,33,Walking,10757522289000,-1.04,2.49,-0.6946376999999999
57373,33,Walking,10757572246000,-2.11,2.83,0.92618364
57374,33,Walking,10757622264000,-2.34,4.18,2.1111538
57375,33,Walking,10757672252000,-3.98,13.82,10.378705
57376,33,Walking,10757722209000,-2.41,10.73,9.466142
57377,33,Walking,10757772227000,-4.59,16.86,0.6537767
57378,33,Walking,10757822246000,-2.11,3.17,-0.38136974
57379,33,Walking,10757872264000,2.37,11.69,-1.56634
57380,33,Walking,10757922221000,-2.83,7.46,2.3699405
57381,33,Walking,10757972240000,-1.04,6.63,0.040861044
57382,33,Walking,10758022258000,-0.15,8.05,1.0351465
57383,33,Walking,10758072246000,-0.11,9.58,2.4925237
57384,33,Walking,10758122234000,-0.11,10.04,2.3426998
57385,33,Walking,10758172221000,2.26,11.69,1.2666923
57386,33,Walking,10758222240000,-0.5,13.53,2.3426998
57387,33,Walking,10758272197000,0.04,12.07,-0.10896278
57388,33,Walking,10758322246000,-4.29,13.48,-2.3018389
57389,33,Walking,10758372234000,-6.97,15.09,1.0351465
57390,33,Walking,10758422282000,0.99,10.8,3.1463002999999996
57391,33,Walking,10758472209000,1.88,4.9,-0.040861044
57392,33,Walking,10758522258000,-1.42,1.92,0.10896278
57393,33,Walking,10758572246000,-2.41,2.37,1.3075534
57394,33,Walking,10758622264000,-3.11,6.59,2.7921712000000003
57395,33,Walking,10758672252000,-4.06,18.28,14.056199
57396,33,Walking,10758722270000,-1.92,6.4,5.829509
57397,33,Walking,10758772258000,-6.09,18.01,0.50395286
57398,33,Walking,10758822246000,0.31,2.34,-2.5606253
57399,33,Walking,10758872234000,0.31,11.88,1.56634
57400,33,Walking,10758922282000,-2.56,7.7,1.7570249
57401,33,Walking,10758972240000,-0.23,7.44,-0.0
57402,33,Walking,10759022227000,-1.38,7.27,0.8036005
57403,33,Walking,10759072246000,-0.04,9.72,2.5333846
57404,33,Walking,10759122234000,0.93,9.85,2.3426998
57405,33,Walking,10759172221000,1.08,12.76,1.6480621
57406,33,Walking,10759222240000,-1.08,14.86,1.6889231
57407,33,Walking,10759272197000,-0.08,12.57,-0.95342433
57408,33,Walking,10759322276000,-8.27,14.67,-0.3405087
57409,33,Walking,10759372234000,-3.3,11.8,2.152015
57410,33,Walking,10759422252000,3.34,8.47,2.3018389
57411,33,Walking,10759472209000,-0.34,3.72,-0.10896278
57412,33,Walking,10759522258000,-0.95,2.11,-0.14982383
57413,33,Walking,10759572246000,-2.45,3.57,1.4165162
57414,33,Walking,10759622264000,-4.67,9.72,6.3198414000000005
57415,33,Walking,10759672221000,-2.34,15.98,13.334320000000002
57416,33,Walking,10759722240000,-2.41,8.62,1.9885708
57417,33,Walking,10759772197000,-4.67,14.75,1.4573771999999998
57418,33,Walking,10759822246000,1.31,4.63,-4.140586
57419,33,Walking,10759872203000,-1.88,11.3,2.7921712000000003
57420,33,Walking,10759922252000,-2.03,6.66,0.19068487
57421,33,Walking,10759972209000,0.0,7.93,0.14982383
57422,33,Walking,10760022227000,-1.18,9.72,2.6423476000000004
57423,33,Walking,10760072246000,1.61,9.53,2.8738932999999998
57424,33,Walking,10760122264000,1.99,10.61,1.2666923
57425,33,Walking,10760172252000,-2.37,13.25,1.4573771999999998
57426,33,Walking,10760222301000,-0.65,13.87,1.0351465
57427,33,Walking,10760272197000,-1.76,11.37,-1.607201
57428,33,Walking,10760322215000,-7.4,15.17,0.61291564
57429,33,Walking,10760372234000,-0.23,11.35,2.982856
57430,33,Walking,10760422221000,2.79,6.28,1.7570249
57431,33,Walking,10760472270000,-1.38,2.53,-0.50395286
57432,33,Walking,10760522258000,-1.88,3.06,0.9942854
57433,33,Walking,10760572276000,-3.06,4.82,2.3018389
57434,33,Walking,10760622234000,-5.2,15.36,11.264028
57435,33,Walking,10760672252000,-0.3,8.66,8.962189
57436,33,Walking,10760722209000,-4.06,11.56,-1.0760075
57437,33,Walking,10760772227000,-2.34,12.22,1.334794
57438,33,Walking,10760822246000,0.53,5.63,-2.070293
57439,33,Walking,10760872264000,-1.14,11.22,2.8738932999999998
57440,33,Walking,10760922252000,-1.61,6.44,0.08172209
57441,33,Walking,10760972240000,0.38,7.59,1.2258313
57442,33,Walking,10761022227000,-0.11,9.53,2.3699405
57444,33,Walking,10761072276000,-0.5,9.96,2.4925237
57443,33,Walking,10761072276000,-0.5,9.96,2.4925237
57445,33,Walking,10761132335000,2.34,12.15,1.2258313
57446,33,Walking,10761182262000,-0.46,14.44,1.8796080000000002
57447,33,Walking,10761232372000,-0.61,11.73,-0.6537767
57448,33,Walking,10761292278000,-6.21,14.56,-0.10896278
57449,33,Walking,10761342265000,-3.95,12.41,2.6014863999999998
57450,33,Walking,10761392314000,3.64,8.73,2.7240696
57451,33,Walking,10761442241000,-0.46,2.98,-0.95342433
57452,33,Walking,10761492259000,-1.95,2.87,1.0760075
57453,33,Walking,10761542430000,-2.6,3.38,1.0351465
57454,33,Walking,10761592235000,-3.15,11.6,7.014479
57455,33,Walking,10761642314000,-1.57,14.52,13.334320000000002
57456,33,Walking,10761692241000,-2.37,14.56,1.6480621
57457,33,Walking,10761762340000,-5.37,14.56,1.6480621
57458,33,Walking,10761812602000,1.12,9.66,-1.6889231
57459,33,Walking,10761862376000,-2.14,9.81,2.8330324
57460,33,Walking,10761912273000,-0.91,6.51,-0.5720546
57461,33,Walking,10761962321000,0.19,7.93,1.2258313
57462,33,Walking,10762022227000,0.15,9.11,2.2201166000000003
57463,33,Walking,10762072215000,0.61,10.23,2.9556155
57464,33,Walking,10762122234000,1.46,12.07,0.9942854
57465,33,Walking,10762172221000,-1.27,14.1,1.56634
57466,33,Walking,10762222240000,0.15,12.87,0.42223078
57467,33,Walking,10762272227000,-5.86,12.22,-1.1441092
57468,33,Walking,10762322276000,-4.79,13.44,1.4982381999999999
57469,33,Walking,10762372234000,1.88,11.35,3.2961242
57470,33,Walking,10762422252000,0.76,5.18,0.08172209
57471,33,Walking,10762472209000,-1.42,2.07,0.313268
57472,33,Walking,10762522258000,-1.95,3.41,1.4573771999999998
57473,33,Walking,10762572215000,-2.87,5.67,3.4459480000000005
57474,33,Walking,10762622234000,-4.44,17.01,12.980191
57475,33,Walking,10762672221000,-2.75,10.42,7.6273947
57476,33,Walking,10762722270000,-4.63,14.02,0.3405087
57477,33,Walking,10762772197000,-0.27,2.79,-2.3699405
57478,33,Walking,10762822246000,1.54,14.6,1.7297841
57479,33,Walking,10762872234000,-3.34,5.79,1.8796080000000002
57480,33,Walking,10762922282000,-0.95,8.05,0.50395286
57481,33,Walking,10762972270000,-0.5,8.01,1.334794
57482,33,Walking,10763022227000,-0.11,9.0,2.1792557
57483,33,Walking,10763072215000,-0.19,9.96,2.2609777
57484,33,Walking,10763122264000,0.95,12.15,1.0760075
57485,33,Walking,10763172252000,-1.04,13.48,1.7978859
57486,33,Walking,10763222240000,0.65,13.1,0.10896278
57487,33,Walking,10763272227000,-4.75,12.57,-1.525479
57488,33,Walking,10763322215000,-5.33,13.67,1.334794
57489,33,Walking,10763372264000,1.46,10.57,2.7921712000000003
57490,33,Walking,10763422313000,1.42,5.09,0.5720546
57491,33,Walking,10763472240000,-0.84,2.64,-0.0
57492,33,Walking,10763522258000,-2.22,3.53,1.3756552
57493,33,Walking,10763572246000,-3.6,6.09,3.3778462
57494,33,Walking,10763622264000,-4.33,16.02,12.299174
57495,33,Walking,10763672252000,-0.19,9.62,6.9327570000000005
57496,33,Walking,10763722240000,-5.6,17.01,0.10896278
57497,33,Walking,10763772227000,-0.23,2.26,-1.9204689999999998
57498,33,Walking,10763822368000,0.84,12.79,0.50395286
57499,33,Walking,10763872203000,-3.06,6.89,1.9885708
57500,33,Walking,10763922282000,-0.42,7.25,-0.08172209
