,user,label,timestamp,x,y,z
62686,33,Walking,11150542308000,4.02,10.27,0.7627395
62687,33,Walking,11150592265000,1.57,13.44,1.2666923
62688,33,Walking,11150642314000,0.69,13.95,0.10896278
62689,33,Walking,11150692241000,-0.69,12.34,-2.9147543999999996
62690,33,Walking,11150742320000,-5.48,15.85,0.19068487
62691,33,Walking,11150792278000,0.23,11.26,2.3426998
62692,33,Walking,11150842357000,4.79,5.41,0.46309182
62693,33,Walking,11150892619000,-0.57,3.45,-0.6537767
62694,33,Walking,11150942302000,-0.57,1.61,0.38136974
62695,33,Walking,11150992229000,-1.61,4.99,2.1111538
62696,33,Walking,11151042308000,-3.21,17.58,12.598822
62697,33,Walking,11151092235000,-0.84,6.74,6.782933
62698,33,Walking,11151142314000,-1.53,18.05,0.88532263
62699,33,Walking,11151192302000,-4.63,1.73,0.7218784
62700,33,Walking,11151242290000,6.36,11.84,-1.3756552
62701,33,Walking,11151292308000,-1.42,8.89,3.4050870000000004
62702,33,Walking,11151342326000,-1.88,5.37,0.10896278
62703,33,Walking,11151392314000,1.69,8.66,0.7627395
62704,33,Walking,11151442302000,0.5,8.81,1.2258313
62705,33,Walking,11151492229000,2.83,9.43,0.88532263
62706,33,Walking,11151542308000,3.06,12.98,1.0351465
62707,33,Walking,11151592235000,0.65,14.86,1.56634
62708,33,Walking,11151642314000,0.99,12.41,-1.3075534
62709,33,Walking,11151692333000,-5.05,15.64,-0.7627395
62710,33,Walking,11151742320000,-3.91,12.6,2.070293
62711,33,Walking,11151792247000,4.67,7.74,1.5390993
62712,33,Walking,11151842296000,0.5,3.11,-0.7627395
62713,33,Walking,11151892284000,-0.84,2.15,0.19068487
62714,33,Walking,11151942302000,-1.69,4.25,2.4925237
62715,33,Walking,11151992229000,-2.3,14.79,11.114203
62716,33,Walking,11152042308000,-2.56,7.97,6.4424243
62717,33,Walking,11152092235000,-4.02,15.64,0.7627395
62718,33,Walking,11152142314000,0.84,7.16,-0.95342433
62719,33,Walking,11152192271000,3.95,9.11,-0.23154591
62720,33,Walking,11152242259000,-3.11,8.77,2.1111538
62721,33,Walking,11152292247000,0.42,6.93,-0.7218784
62722,33,Walking,11152342296000,1.84,7.78,1.0351465
62723,33,Walking,11152392558000,1.69,9.38,2.152015
62724,33,Walking,11152442302000,0.84,9.47,1.4573771999999998
62725,33,Walking,11152492259000,2.87,12.83,1.2666923
62726,33,Walking,11152542339000,0.93,14.41,1.7297841
62727,33,Walking,11152592265000,1.61,12.79,-1.4165162
62728,33,Walking,11152642314000,-4.94,15.02,-0.5720546
62729,33,Walking,11152692241000,-2.79,13.06,2.6423476000000004
62730,33,Walking,11152742290000,5.6,7.78,1.4573771999999998
62731,33,Walking,11152792247000,0.15,3.02,-0.9125633
62732,33,Walking,11152842296000,-1.73,2.6,-0.6537767
62733,33,Walking,11152892284000,-2.64,4.52,2.1792557
62734,33,Walking,11152942333000,-2.03,12.91,9.152874
62735,33,Walking,11152992229000,0.65,13.06,10.378705
62736,33,Walking,11153042308000,-1.42,10.57,0.23154591
62737,33,Walking,11153092265000,-4.37,11.99,2.2609777
62738,33,Walking,11153142314000,5.22,7.7,-3.0645783
62739,33,Walking,11153192241000,-1.5,10.19,2.9147543999999996
62740,33,Walking,11153242290000,-1.27,6.47,0.88532263
62741,33,Walking,11153292247000,1.73,7.44,-0.8036005
62742,33,Walking,11153342296000,-0.04,9.28,2.6423476000000004
62743,33,Walking,11153392253000,1.27,9.34,1.7297841
62744,33,Walking,11153442333000,3.64,11.65,0.46309182
62745,33,Walking,11153492259000,1.08,14.52,1.9477096999999999
62746,33,Walking,11153542278000,1.42,13.18,-0.27240697
62747,33,Walking,11153592235000,-4.71,13.02,-2.3699405
62748,33,Walking,11153642345000,-3.72,15.21,2.7921712000000003
62749,33,Walking,11153692271000,3.79,9.96,1.3756552
62750,33,Walking,11153742290000,1.8,3.64,0.23154591
62751,33,Walking,11153792278000,-0.46,2.45,-0.5720546
62752,33,Walking,11153842357000,-2.26,2.56,1.0351465
62753,33,Walking,11153892253000,-3.34,8.01,3.5685309999999997
62754,33,Walking,11153942302000,-1.5,18.43,14.437569
62755,33,Walking,11153992259000,-2.45,4.14,4.4810944
62756,33,Walking,11154042308000,-1.31,14.1,1.0760075
62757,33,Walking,11154092235000,-4.02,7.46,-1.2258313
62758,33,Walking,11154142314000,4.71,10.19,0.040861044
62759,33,Walking,11154192241000,-0.89,8.66,1.1441092
62760,33,Walking,11154242259000,-1.31,6.17,-0.5720546
62761,33,Walking,11154292247000,1.8,9.11,1.6480621
62762,33,Walking,11154342326000,1.38,10.31,2.1111538
62763,33,Walking,11154392284000,0.8,9.0,1.2666923
62764,33,Walking,11154442302000,3.72,13.25,1.2258313
62765,33,Walking,11154492229000,0.72,16.02,0.08172209
62766,33,Walking,11154542308000,-0.69,13.99,-2.3699405
62767,33,Walking,11154592326000,-7.27,13.33,-1.56634
62768,33,Walking,11154642467000,0.38,12.41,2.3426998
62769,33,Walking,11154692333000,4.1,7.5,1.1168685
62770,33,Walking,11154752239000,-0.04,1.46,-0.14982383
62771,33,Walking,11154802226000,-0.53,1.95,0.7218784
62772,33,Walking,11154852306000,-1.99,6.32,3.7864565999999997
62773,33,Walking,11154902232000,-3.76,18.01,13.375181
62774,33,Walking,11154952312000,-0.65,1.88,4.903325
62775,33,Walking,11155002208000,-4.25,14.71,0.23154591
62776,33,Walking,11155052318000,0.53,5.67,-1.9204689999999998
62777,33,Walking,11155102214000,0.69,8.85,0.7218784
62778,33,Walking,11155152263000,-0.15,10.99,1.7978859
62779,33,Walking,11155202251000,0.19,4.71,-1.8387468999999996
62780,33,Walking,11155252269000,0.15,7.78,-0.19068487
62781,33,Walking,11155302226000,-0.53,11.18,3.0645783
62782,33,Walking,11155352336000,2.26,9.15,1.1168685
62783,33,Walking,11155402141000,3.57,13.72,1.3075534
62784,33,Walking,11155452251000,0.53,15.6,0.8036005
62785,33,Walking,11155502269000,0.65,12.11,-2.7513103
62786,33,Walking,11155552257000,-7.25,13.99,-1.4982381999999999
62787,33,Walking,11155602275000,-1.53,14.48,3.173541
62788,33,Walking,11155652202000,5.01,8.31,0.61291564
62789,33,Walking,11155702281000,-0.76,2.07,-0.7627395
62790,33,Walking,11155752239000,-1.38,1.73,-0.040861044
62791,33,Walking,11155802318000,-2.34,3.64,2.0294318
62792,33,Walking,11155852275000,-2.68,12.37,8.539958
62793,33,Walking,11155902263000,-2.14,12.72,9.534244000000001
62794,33,Walking,11155952220000,-2.07,12.26,3.0237172
62795,33,Walking,11156002300000,-4.18,8.69,0.95342433
62796,33,Walking,11156052226000,5.01,8.54,-3.6366330000000002
62797,33,Walking,11156102306000,-1.08,9.53,2.2609777
62798,33,Walking,11156152202000,-1.57,5.75,-0.0
62799,33,Walking,11156202312000,1.31,9.04,-0.27240697
62800,33,Walking,11156252208000,0.0,9.3,2.5333846
62801,33,Walking,11156302318000,3.11,9.04,0.8036005
62802,33,Walking,11156352275000,4.14,12.37,0.6946376999999999
62803,33,Walking,11156402263000,-0.04,14.9,1.9204689999999998
62804,33,Walking,11156452251000,3.02,14.21,-0.84446156
62805,33,Walking,11156502300000,-5.9,14.02,-2.7513103
62806,33,Walking,11156552226000,-3.68,14.02,2.2201166000000003
62807,33,Walking,11156602306000,3.57,9.62,1.334794
62808,33,Walking,11156652202000,1.04,3.83,-0.61291564
62809,33,Walking,11156702403000,-0.61,1.31,-1.334794
62810,33,Walking,11156752239000,-2.41,2.87,1.1168685
62811,33,Walking,11156802318000,-1.42,11.37,9.425281
62812,33,Walking,11156852245000,-0.15,14.02,10.61025
62813,33,Walking,11156902263000,-2.45,10.84,2.4108016
62814,33,Walking,11156952251000,-3.91,9.43,1.4165162
62815,33,Walking,11157002269000,4.21,9.51,-3.2961242
62816,33,Walking,11157052257000,0.65,9.66,2.8738932999999998
62817,33,Walking,11157102275000,-2.41,5.18,0.46309182
62818,33,Walking,11157152202000,0.19,8.54,-0.0
62819,33,Walking,11157202312000,-0.19,7.82,1.607201
62820,33,Walking,11157252208000,1.73,9.34,1.1441092
62821,33,Walking,11157302287000,2.34,10.99,0.88532263
62822,33,Walking,11157352214000,1.18,14.14,1.607201
62823,33,Walking,11157402263000,1.8,14.98,1.4165162
62824,33,Walking,11157452220000,0.65,12.64,-2.6832085
62825,33,Walking,11157502269000,-5.05,15.51,0.42223078
62826,33,Walking,11157552226000,-0.8,11.03,1.7978859
62827,33,Walking,11157602306000,3.76,5.43,0.040861044
62828,33,Walking,11157652202000,-0.42,2.37,-1.1849703
62829,33,Walking,11157702281000,-1.84,1.92,-0.53119355
62830,33,Walking,11157752208000,-2.07,7.16,4.7535014
62831,33,Walking,11157802318000,-1.14,17.82,14.982382999999999
62832,33,Walking,11157852245000,-3.6,8.77,4.2086873
62833,33,Walking,11157902263000,-3.6,13.76,1.2666923
62834,33,Walking,11157952220000,1.76,5.33,-3.9499009
62835,33,Walking,11158002269000,3.91,13.18,2.9556155
62836,33,Walking,11158052226000,-2.64,5.71,1.1441092
62837,33,Walking,11158102275000,-0.23,7.5,-0.46309182
62838,33,Walking,11158152202000,-0.11,7.44,0.53119355
62839,33,Walking,11158202312000,0.69,10.04,1.6889231
62840,33,Walking,11158252239000,0.95,10.27,1.1168685
62841,33,Walking,11158302318000,4.37,14.02,0.88532263
62842,33,Walking,11158352245000,1.92,15.28,2.152015
62843,33,Walking,11158402293000,1.5,12.3,-1.9477096999999999
62844,33,Walking,11158452220000,-5.13,14.79,-1.4165162
62845,33,Walking,11158502269000,-2.11,12.6,2.1111538
62846,33,Walking,11158552226000,4.63,7.27,1.1849703
62847,33,Walking,11158602275000,0.38,2.6,-0.84446156
62848,33,Walking,11158652202000,-1.46,1.99,-0.14982383
62849,33,Walking,11158702312000,-2.64,4.4,1.9885708
62850,33,Walking,11158752239000,-2.64,15.24,10.310603
62851,33,Walking,11158802318000,-2.3,12.64,10.228881
62852,33,Walking,11158852214000,-1.31,16.02,-0.61291564
62853,33,Walking,11158902293000,-1.46,1.08,-1.4165162
62854,33,Walking,11158952220000,4.99,14.33,0.46309182
62855,33,Walking,11159002300000,-2.18,5.98,2.9556155
62856,33,Walking,11159052226000,-0.08,6.4,-0.23154591
62857,33,Walking,11159102275000,-0.27,8.92,1.0760075
62858,33,Walking,11159152202000,0.15,8.73,1.4165162
62859,33,Walking,11159202312000,1.18,9.04,0.5720546
62860,33,Walking,11159252208000,2.96,12.64,0.50395286
62861,33,Walking,11159302318000,2.03,14.29,2.152015
62862,33,Walking,11159352245000,2.15,13.57,-0.27240697
62863,33,Walking,11159402263000,-1.95,13.8,-2.1383946
62864,33,Walking,11159452281000,-5.41,15.7,1.334794
62865,33,Walking,11159502269000,3.02,9.11,1.607201
62866,33,Walking,11159552287000,2.91,4.25,-0.6537767
62867,33,Walking,11159602306000,-0.57,2.37,-2.1111538
62868,33,Walking,11159652232000,-3.11,3.6,1.1168685
62869,33,Walking,11159702312000,-2.96,9.34,6.891896000000001
62870,33,Walking,11159752239000,-1.33,16.04,13.402422
62871,33,Walking,11159802287000,-0.57,10.31,2.8330324
62872,33,Walking,11159852245000,-4.52,12.83,1.3075534
62873,33,Walking,11159902263000,4.18,5.83,-4.3312707
62874,33,Walking,11159952220000,-0.57,10.46,3.173541
62875,33,Walking,11160002269000,-0.57,6.59,-0.27240697
62876,33,Walking,11160052226000,1.18,7.63,-0.7218784
62877,33,Walking,11160102275000,-0.46,9.08,1.7297841
62878,33,Walking,11160152232000,0.99,10.34,1.1168685
62879,33,Walking,11160202312000,4.4,11.18,0.7627395
62880,33,Walking,11160252208000,1.23,13.87,1.9477096999999999
62881,33,Walking,11160302318000,1.04,13.1,0.38136974
62882,33,Walking,11160352214000,-0.99,13.48,-2.3426998
62883,33,Walking,11160402324000,-5.63,16.82,0.8036005
62884,33,Walking,11160452342000,1.33,9.89,2.1792557
62885,33,Walking,11160502391000,3.72,4.44,-0.50395286
