,user,label,timestamp,x,y,z
63886,33,Walking,11210552257000,1.76,10.8,2.3018389
63887,33,Walking,11210602275000,2.15,5.56,0.50395286
63888,33,Walking,11210652324000,-0.89,2.79,-0.46309182
63889,33,Walking,11210712261000,-1.61,3.49,1.4573771999999998
63890,33,Walking,11210762248000,-2.68,7.01,2.8738932999999998
63891,33,Walking,11210812267000,-1.5,16.86,12.9529505
63892,33,Walking,11210862254000,-3.02,12.37,7.8589406
63893,33,Walking,11210912273000,-1.84,12.6,0.08172209
63894,33,Walking,11210962199000,0.61,1.95,-4.7943625
63895,33,Walking,11211012279000,3.11,16.13,2.6832085
63896,33,Walking,11211062206000,-2.11,5.83,1.8387468999999996
63897,33,Walking,11211112285000,0.27,7.44,0.38136974
63898,33,Walking,11211162212000,-0.53,8.43,2.3018389
63899,33,Walking,11211212261000,1.46,9.34,2.3426998
63900,33,Walking,11211262309000,1.12,9.23,0.19068487
63901,33,Walking,11211312663000,2.22,12.34,0.23154591
63902,33,Walking,11211362285000,0.57,14.02,2.1111538
63903,33,Walking,11211412273000,2.87,11.45,-0.50395286
63904,33,Walking,11211462230000,-4.56,13.02,-0.95342433
63905,33,Walking,11211512279000,-4.1,14.6,0.53119355
63906,33,Walking,11211562267000,1.61,11.03,3.2961242
63907,33,Walking,11211612285000,2.15,4.94,0.50395286
63908,33,Walking,11211662242000,-0.99,2.96,-0.38136974
63909,33,Walking,11211712261000,-2.07,3.87,1.9204689999999998
63910,33,Walking,11211762248000,-3.11,6.63,3.0237172
63911,33,Walking,11211812267000,-2.72,12.83,7.5456724
63912,33,Walking,11211862254000,1.08,11.14,10.528528999999999
63913,33,Walking,11211912303000,0.11,4.86,3.7592160000000003
63914,33,Walking,11211962230000,-4.99,16.7,-1.4165162
63915,33,Walking,11212012279000,-0.5,3.15,-1.1168685
63916,33,Walking,11212062236000,0.57,9.34,0.53119355
63917,33,Walking,11212112285000,0.57,11.8,1.2258313
63918,33,Walking,11212162212000,-0.08,6.32,-1.6889231
63919,33,Walking,11212212261000,0.53,9.34,0.92618364
63920,33,Walking,11212262279000,-0.08,8.62,1.4165162
63921,33,Walking,11212312297000,1.08,9.89,1.1441092
63922,33,Walking,11212362224000,1.8,12.18,1.2666923
63923,33,Walking,11212412273000,1.27,13.48,1.2666923
63924,33,Walking,11212462261000,2.11,12.37,-1.2258313
63925,33,Walking,11212512340000,-4.99,13.4,-0.95342433
63926,33,Walking,11212562206000,-3.76,14.21,0.61291564
63927,33,Walking,11212612315000,3.87,11.3,2.9556155
63928,33,Walking,11212662242000,2.11,5.01,-0.38136974
63929,33,Walking,11212712261000,-1.57,2.64,-0.19068487
63930,33,Walking,11212762279000,-1.18,3.76,2.1111538
63931,33,Walking,11212812267000,-2.53,5.52,2.3699405
63932,33,Walking,11212862285000,-1.84,15.02,10.228881
63933,33,Walking,11212912303000,1.61,8.47,8.689782000000001
63934,33,Walking,11212962230000,-0.38,5.79,2.6423476000000004
63935,33,Walking,11213012279000,-5.56,18.43,0.84446156
63936,33,Walking,11213062267000,1.04,-0.46,-3.2552630000000002
63937,33,Walking,11213112285000,0.93,11.99,2.4108016
63938,33,Walking,11213162212000,-1.95,9.15,1.1168685
63939,33,Walking,11213212261000,1.8,6.82,-0.6537767
63940,33,Walking,11213262248000,-0.08,8.05,0.19068487
63941,33,Walking,11213322307000,-1.31,8.66,0.6537767
63942,33,Walking,11213372325000,2.18,12.15,1.6480621
63943,33,Walking,11213422252000,2.76,13.21,1.0760075
63944,33,Walking,11213472240000,1.5,13.87,0.46309182
63945,33,Walking,11213522258000,-2.91,12.3,-1.3756552
63946,33,Walking,11213572276000,-4.25,15.64,0.10896278
63947,33,Walking,11213622234000,1.18,12.87,3.5276701
63948,33,Walking,11213672313000,3.17,5.75,0.313268
63949,33,Walking,11213722240000,-0.76,1.33,-1.0760075
63950,33,Walking,11213772258000,-1.61,2.96,1.2666923
63951,33,Walking,11213822276000,-3.15,4.94,2.6832085
63952,33,Walking,11213872264000,-1.76,15.05,8.962189
63953,33,Walking,11213922282000,-3.6,13.38,11.795221000000002
63954,33,Walking,11213972209000,-0.38,14.63,0.313268
63955,33,Walking,11214022258000,-1.5,-1.42,-2.7513103
63957,33,Walking,11214072246000,3.99,15.83,1.2258313
63958,33,Walking,11214072246000,3.99,15.83,1.2258313
63956,33,Walking,11214072246000,3.99,15.83,1.2258313
63959,33,Walking,11214222209000,-0.72,10.15,2.3699405
63960,33,Walking,11214272350000,0.19,7.46,0.84446156
63961,33,Walking,11214322215000,1.65,8.54,1.4982381999999999
63962,33,Walking,11214372234000,1.61,11.3,0.53119355
63963,33,Walking,11214422221000,1.92,13.06,1.8796080000000002
63964,33,Walking,11214472270000,1.76,14.48,1.7570249
63965,33,Walking,11214522258000,0.61,11.69,-2.1111538
63966,33,Walking,11214572307000,-6.4,15.85,-0.19068487
63967,33,Walking,11214622234000,-2.22,12.49,2.3018389
63968,33,Walking,11214672282000,4.56,7.67,1.7570249
63969,33,Walking,11214722209000,-0.8,2.72,-1.0760075
63970,33,Walking,11214772289000,-1.42,3.17,0.50395286
63971,33,Walking,11214822246000,-2.18,3.68,1.8387468999999996
63972,33,Walking,11214872264000,-1.84,10.12,6.238119
63973,33,Walking,11214922252000,0.84,14.82,13.0619135
63974,33,Walking,11214972270000,-3.45,8.73,2.7240696
63975,33,Walking,11215022228000,-1.73,13.72,0.84446156
63976,33,Walking,11215072276000,2.18,2.68,-6.1291566
63977,33,Walking,11215122264000,-1.46,14.52,4.7535014
63978,33,Walking,11215172252000,-1.99,6.05,-0.27240697
63979,33,Walking,11215222240000,3.11,8.12,-0.08172209
63980,33,Walking,11215272228000,0.15,9.04,1.5390993
63981,33,Walking,11215322246000,0.34,9.51,2.152015
63983,33,Walking,11215372264000,2.49,10.0,1.1849703
63982,33,Walking,11215372264000,2.49,10.0,1.1849703
63984,33,Walking,11215442333000,0.53,13.06,0.95342433
63985,33,Walking,11215492320000,1.69,13.57,0.53119355
63986,33,Walking,11215542400000,-2.79,11.96,-2.0294318
63987,33,Walking,11215592235000,-4.82,15.43,0.23154591
63988,33,Walking,11215642375000,0.65,12.07,3.2961242
63989,33,Walking,11215702586000,2.03,4.37,-0.14982383
63990,33,Walking,11215752239000,-1.12,2.53,-0.0
63991,33,Walking,11215802348000,-1.53,3.57,2.2609777
63992,33,Walking,11215852214000,-2.75,5.79,3.5685309999999997
63993,33,Walking,11215902354000,-2.83,15.75,10.18802
63994,33,Walking,11215952281000,-0.84,5.98,6.5922484
63995,33,Walking,11216002269000,-3.36,11.96,2.4108016
63996,33,Walking,11216052257000,1.54,12.68,-0.53119355
63997,33,Walking,11216102306000,1.46,4.48,-1.56634
63998,33,Walking,11216152202000,-2.03,12.26,1.9204689999999998
63999,33,Walking,11216202312000,-1.65,6.7,-0.7627395
64000,33,Walking,11216252239000,2.41,7.86,0.46309182
64001,33,Walking,11216302287000,0.69,9.47,2.4108016
64002,33,Walking,11216352245000,-0.34,9.28,1.2666923
64003,33,Walking,11216402293000,3.79,11.41,1.334794
64004,33,Walking,11216452251000,0.53,12.37,1.1849703
64005,33,Walking,11216502269000,0.84,13.25,0.9942854
64006,33,Walking,11216552257000,0.5,11.73,-1.6889231
64007,33,Walking,11216602306000,-6.4,15.6,0.08172209
64008,33,Walking,11216652263000,1.12,12.15,2.6832085
64009,33,Walking,11216702312000,4.56,6.89,1.8387468999999996
64010,33,Walking,11216752208000,-0.89,3.06,-0.9942854
64011,33,Walking,11216802287000,-1.92,4.14,0.7218784
64012,33,Walking,11216852245000,-3.26,5.22,1.4573771999999998
64013,33,Walking,11216902324000,-2.34,10.53,5.706926
64014,33,Walking,11216952251000,-1.14,13.4,12.4489975
64015,33,Walking,11217002269000,-1.57,17.47,1.56634
64016,33,Walking,11217052226000,-4.48,0.31,1.1849703
64017,33,Walking,11217102275000,3.76,8.5,-3.7592160000000003
64018,33,Walking,11217152202000,0.53,12.03,3.3778462
64019,33,Walking,11217202312000,-0.65,6.55,-0.0
64020,33,Walking,11217252239000,0.19,8.43,0.46309182
64021,33,Walking,11217302226000,-0.08,8.43,1.1168685
64022,33,Walking,11217352275000,-0.19,8.89,1.0351465
64023,33,Walking,11217402293000,1.46,10.69,0.84446156
64024,33,Walking,11217452251000,3.17,12.18,1.0351465
64025,33,Walking,11217502269000,1.33,13.21,1.3756552
64026,33,Walking,11217552257000,1.18,12.87,-2.4108016
64027,33,Walking,11217602306000,-7.74,15.85,-0.61291564
64028,33,Walking,11217652232000,-2.34,12.11,2.2201166000000003
64029,33,Walking,11217702312000,4.94,8.96,1.9477096999999999
64030,33,Walking,11217752239000,-0.11,3.6,-1.1849703
64031,33,Walking,11217802287000,-1.69,2.68,0.42223078
64032,33,Walking,11217852245000,-2.41,4.14,2.152015
64033,33,Walking,11217902293000,-1.5,10.84,6.9327570000000005
64034,33,Walking,11217952251000,-0.89,13.38,11.182305
64035,33,Walking,11218002269000,-3.21,17.88,1.7570249
64036,33,Walking,11218052226000,-2.37,0.27,-0.23154591
64037,33,Walking,11218102367000,4.48,12.98,-2.6423476000000004
64038,33,Walking,11218152232000,-2.79,9.28,3.6366330000000002
64039,33,Walking,11218202281000,-1.53,6.05,-0.7218784
64040,33,Walking,11218252208000,2.11,9.34,0.92618364
64041,33,Walking,11218302257000,0.65,7.82,0.9942854
64042,33,Walking,11218352214000,0.5,8.92,2.152015
64043,33,Walking,11218402293000,0.76,9.85,0.92618364
64044,33,Walking,11218452251000,2.3,12.57,1.2258313
64045,33,Walking,11218502269000,2.45,15.13,0.46309182
64046,33,Walking,11218552226000,0.0,13.25,-1.607201
64047,33,Walking,11218602306000,-7.93,14.56,-0.6946376999999999
64048,33,Walking,11218652202000,-1.33,11.3,2.5606253
64049,33,Walking,11218702312000,4.71,8.62,2.0294318
64050,33,Walking,11218752208000,-0.3,2.26,-0.42223078
64051,33,Walking,11218802318000,-1.73,3.15,0.8036005
64052,33,Walking,11218852214000,-2.07,4.44,2.8738932999999998
64053,33,Walking,11218902293000,-2.49,10.46,6.5513873
64054,33,Walking,11218952251000,0.23,12.72,10.460427000000001
64055,33,Walking,11219002300000,-3.76,11.56,2.4516625
64056,33,Walking,11219052226000,-1.12,11.07,0.5720546
64057,33,Walking,11219102336000,3.11,4.67,-3.7864565999999997
64058,33,Walking,11219152232000,-2.03,13.18,3.4050870000000004
64059,33,Walking,11219152232000,-2.03,13.18,3.4050870000000004
64060,33,Walking,11219272258000,0.34,8.28,1.2666923
64062,33,Walking,11219322307000,0.53,9.28,2.5606253
64061,33,Walking,11219322307000,0.53,9.28,2.5606253
64063,33,Walking,11219382427000,0.95,9.19,1.0760075
64064,33,Walking,11219432262000,2.53,12.34,1.5390993
64065,33,Walking,11219482402000,2.72,14.29,0.27240697
64066,33,Walking,11219532268000,0.0,13.63,-1.4573771999999998
64067,33,Walking,11219582317000,-7.89,15.32,-0.42223078
64068,33,Walking,11219632304000,-0.99,11.84,2.3699405
64069,33,Walking,11219682292000,4.29,9.72,1.7570249
64070,33,Walking,11219732280000,-0.46,2.03,-0.46309182
64071,33,Walking,11219782268000,-1.08,2.56,0.92618364
64072,33,Walking,11219832286000,-2.14,4.37,2.7921712000000003
64073,33,Walking,11219882304000,-3.36,10.69,6.2108784
64074,33,Walking,11219932445000,0.04,13.95,11.073342
64075,33,Walking,11219932445000,0.04,13.95,11.073342
64076,33,Walking,11220032115000,-3.15,4.56,1.1168685
64077,33,Walking,11220082256000,4.67,8.77,-3.9771416
64078,33,Walking,11220132457000,0.0,11.45,2.6832085
64079,33,Walking,11220182262000,-2.68,5.6,0.3405087
64080,33,Walking,11220232494000,1.08,8.81,-0.19068487
64081,33,Walking,11220282268000,-0.19,8.66,2.0294318
64082,33,Walking,11220332500000,0.8,10.08,1.8387468999999996
64083,33,Walking,11220382274000,0.89,9.47,1.2666923
64084,33,Walking,11220432567000,2.45,12.07,0.6537767
64085,33,Walking,11220482280000,0.31,13.02,2.7240696
