,user,label,timestamp,x,y,z
65486,33,Walking,11290572246000,1.57,9.77,1.9477096999999999
65487,33,Walking,11290622203000,0.5,9.0,1.7978859
65488,33,Walking,11290672282000,3.45,12.11,0.84446156
65489,33,Walking,11290722209000,-0.42,12.95,2.070293
65490,33,Walking,11290772258000,1.46,13.02,-0.0
65491,33,Walking,11290822215000,-4.29,12.79,-1.1849703
65492,33,Walking,11290872234000,-5.28,14.75,-0.5720546
65493,33,Walking,11290922221000,2.64,10.73,3.173541
65494,33,Walking,11290972240000,2.3,5.86,0.53119355
65495,33,Walking,11291022258000,-1.31,2.72,-0.88532263
65496,33,Walking,11291072276000,-2.49,3.87,1.3075534
65497,33,Walking,11291122264000,-3.83,5.43,2.1111538
65498,33,Walking,11291172282000,-3.3,15.13,10.528528999999999
65499,33,Walking,11291222240000,0.15,8.24,9.384419
65500,33,Walking,11291272319000,-2.72,10.95,-2.1111538
65501,33,Walking,11291322215000,0.04,12.03,1.607201
65502,33,Walking,11291372234000,0.53,5.86,-0.6537767
65503,33,Walking,11291422252000,-0.99,10.84,2.1792557
65504,33,Walking,11291472240000,-1.46,5.9,-1.9477096999999999
65505,33,Walking,11291522258000,0.0,7.78,0.5720546
65506,33,Walking,11291572276000,0.15,8.69,1.3756552
65507,33,Walking,11291622234000,-0.42,11.3,1.8387468999999996
65508,33,Walking,11291672252000,4.29,13.1,1.8387468999999996
65509,33,Walking,11291722209000,0.5,13.91,0.92618364
65510,33,Walking,11291772228000,-1.73,12.91,-1.4573771999999998
65511,33,Walking,11291822215000,-7.5,16.89,-0.08172209
65512,33,Walking,11291872234000,0.72,12.26,2.5606253
65513,33,Walking,11291922252000,3.45,6.28,0.46309182
65514,33,Walking,11291972240000,-1.33,1.88,-1.4982381999999999
65515,33,Walking,11292022228000,-1.8,3.06,0.08172209
65516,33,Walking,11292072307000,-4.44,4.67,2.4108016
65517,33,Walking,11292122234000,-3.76,16.02,10.61025
65518,33,Walking,11292172282000,-0.72,6.4,10.18802
65519,33,Walking,11292222209000,-2.75,10.15,-2.6832085
65520,33,Walking,11292272258000,1.14,11.84,0.313268
65521,33,Walking,11292322246000,-2.11,4.67,-0.5720546
65522,33,Walking,11292372417000,-1.57,13.02,1.3756552
65523,33,Walking,11292422252000,0.34,5.37,-3.9090397000000006
65524,33,Walking,11292472270000,0.11,8.89,0.6946376999999999
65525,33,Walking,11292522258000,0.27,8.92,2.8738932999999998
65526,33,Walking,11292572246000,1.04,10.53,1.6889231
65527,33,Walking,11292622264000,4.1,12.03,2.152015
65528,33,Walking,11292672252000,-0.08,14.44,0.95342433
65529,33,Walking,11292722209000,0.38,12.72,-1.7570249
65530,33,Walking,11292772258000,-9.53,17.05,-0.29964766
65531,33,Walking,11292822215000,-2.72,11.41,1.3756552
65532,33,Walking,11292872234000,4.52,8.01,2.6423476000000004
65533,33,Walking,11292922252000,-0.3,2.15,-0.88532263
65534,33,Walking,11292972270000,-0.84,2.56,0.313268
65535,33,Walking,11293022258000,-2.68,3.76,2.5333846
65536,33,Walking,11293072276000,-2.79,10.61,5.666064700000001
65537,33,Walking,11293122203000,-0.95,15.43,13.797412
65538,33,Walking,11293172252000,-4.94,11.03,-0.6537767
65539,33,Walking,11293222209000,-1.84,9.3,1.2258313
65540,33,Walking,11293272258000,2.68,8.5,-2.7921712000000003
65541,33,Walking,11293322215000,-1.88,9.89,2.7649305
65542,33,Walking,11293372264000,-1.12,6.4,-1.1168685
65543,33,Walking,11293422252000,0.8,8.31,0.8036005
65544,33,Walking,11293472270000,0.27,9.51,2.4516625
65545,33,Walking,11293522228000,0.93,9.53,1.6889231
65546,33,Walking,11293572307000,1.88,11.65,0.88532263
65547,33,Walking,11293622203000,-0.84,13.48,1.2666923
65548,33,Walking,11293672252000,0.34,13.53,-0.27240697
65549,33,Walking,11293722209000,-4.14,13.53,-2.4925237
65550,33,Walking,11293772258000,-5.86,14.94,1.2666923
65551,33,Walking,11293822246000,1.69,10.84,2.9147543999999996
65552,33,Walking,11293872264000,2.6,3.99,-0.0
65553,33,Walking,11293922282000,-0.15,1.95,-0.46309182
65554,33,Walking,11293972240000,-1.31,3.02,0.53119355
65555,33,Walking,11294022228000,-2.79,6.4,3.6774937999999993
65556,33,Walking,11294072276000,-3.95,18.47,14.1787815
65557,33,Walking,11294122203000,-2.37,3.38,5.284695
65558,33,Walking,11294172252000,-4.9,17.62,-0.95342433
65559,33,Walking,11294222209000,-0.11,2.79,-1.9477096999999999
65560,33,Walking,11294272258000,0.15,10.15,0.84446156
65561,33,Walking,11294322215000,-0.95,9.85,1.9477096999999999
65562,33,Walking,11294372295000,-0.04,6.89,-1.6889231
65563,33,Walking,11294422221000,-0.57,8.08,0.95342433
65564,33,Walking,11294472270000,0.19,9.43,2.4925237
65565,33,Walking,11294522228000,1.61,10.0,1.334794
65566,33,Walking,11294572246000,2.15,12.98,1.607201
65567,33,Walking,11294622203000,1.33,14.44,1.1441092
65568,33,Walking,11294672252000,-0.5,12.34,-2.0294318
65569,33,Walking,11294722209000,-8.31,15.51,-0.14982383
65570,33,Walking,11294772258000,-2.34,11.65,1.8796080000000002
65571,33,Walking,11294822246000,4.18,8.2,2.1111538
65572,33,Walking,11294872264000,-0.65,2.15,-0.7627395
65573,33,Walking,11294922252000,-1.14,2.87,-0.14982383
65574,33,Walking,11294972270000,-2.98,4.21,2.4108016
65575,33,Walking,11295022228000,-3.11,11.88,7.4639505999999995
65576,33,Walking,11295072276000,-2.22,12.79,11.795221000000002
65577,33,Walking,11295122203000,-5.01,14.41,-0.29964766
65578,33,Walking,11295172282000,-0.57,6.28,0.3405087
65579,33,Walking,11295222209000,2.37,9.19,-1.8387468999999996
65580,33,Walking,11295272228000,-2.45,9.43,2.6423476000000004
65581,33,Walking,11295322246000,-0.42,7.5,-1.1849703
65582,33,Walking,11295372264000,-0.08,7.93,0.6946376999999999
65584,33,Walking,11295422313000,0.57,9.3,1.4573771999999998
65583,33,Walking,11295422313000,0.57,9.3,1.4573771999999998
65586,33,Walking,11295522228000,2.18,12.34,1.56634
65585,33,Walking,11295522228000,2.18,12.34,1.56634
65587,33,Walking,11295582317000,0.5,13.82,1.5390993
65588,33,Walking,11295632274000,1.12,12.34,-0.8036005
65589,33,Walking,11295682262000,-6.43,13.87,-1.7297841
65590,33,Walking,11295732280000,-4.1,13.8,1.4573771999999998
65591,33,Walking,11295782268000,3.79,10.34,2.7649305
65592,33,Walking,11295832561000,1.08,3.64,-1.1441092
65593,33,Walking,11295882274000,-0.65,1.92,-0.5720546
65594,33,Walking,11295932506000,-2.14,3.49,1.2666923
65595,33,Walking,11295982280000,-3.41,8.47,4.862464
65596,33,Walking,11296032420000,-2.37,18.05,13.824653
65597,33,Walking,11296082286000,-3.11,6.13,2.7649305
65598,33,Walking,11296132365000,-4.75,15.94,1.9204689999999998
65599,33,Walking,11296132365000,-4.75,15.94,1.9204689999999998
65600,33,Walking,11296232158000,0.31,11.75,2.7240696
65601,33,Walking,11296282237000,-3.02,6.63,1.3075534
65602,33,Walking,11296332439000,0.99,7.7,-1.1441092
65603,33,Walking,11296382274000,-1.27,8.47,1.2666923
65604,33,Walking,11296432353000,-0.65,10.61,1.9885708
65605,33,Walking,11296482280000,0.95,10.8,1.2258313
65606,33,Walking,11296532390000,2.37,13.06,1.4165162
65607,33,Walking,11296582286000,0.93,13.82,1.6889231
65608,33,Walking,11296632396000,0.99,11.8,-2.5333846
65609,33,Walking,11296682262000,-6.74,15.94,0.53119355
65610,33,Walking,11296732402000,-2.98,11.35,1.7297841
65611,33,Walking,11296782298000,4.14,7.7,1.6480621
65612,33,Walking,11296832347000,-0.53,2.76,-0.9125633
65613,33,Walking,11296882274000,-1.53,2.96,0.14982383
65614,33,Walking,11296932292000,-3.95,5.43,2.3018389
65615,33,Walking,11296982280000,-4.33,12.91,7.504811999999999
65616,33,Walking,11297032298000,-1.14,12.45,11.413852
65617,33,Walking,11297082317000,-3.26,17.5,-1.7297841
65618,33,Walking,11297132304000,-1.61,1.04,0.53119355
65619,33,Walking,11297182262000,3.26,12.57,-0.040861044
65620,33,Walking,11297232311000,-1.27,8.39,2.6014863999999998
65621,33,Walking,11297282542000,-0.69,7.06,-0.6946376999999999
65622,33,Walking,11297332317000,-1.33,8.16,-0.46309182
65623,33,Walking,11297382518000,-0.84,9.53,1.7570249
65624,33,Walking,11297432292000,0.11,10.04,1.9885708
65625,33,Walking,11297482463000,1.76,12.11,1.6480621
65626,33,Walking,11297532268000,1.69,14.52,1.6480621
65627,33,Walking,11297582439000,0.08,12.95,-1.7570249
65628,33,Walking,11297632304000,-6.24,14.52,-0.0
65629,33,Walking,11297682323000,-3.95,12.72,1.8796080000000002
65630,33,Walking,11297732311000,4.25,9.28,2.1111538
65631,33,Walking,11297782268000,0.34,2.56,-0.95342433
65632,33,Walking,11297832286000,-0.65,2.83,-0.27240697
65633,33,Walking,11297882274000,-2.45,3.91,1.8796080000000002
65634,33,Walking,11297932292000,-4.25,10.38,4.3312707
65635,33,Walking,11297982280000,-1.18,16.25,13.525004999999998
65636,33,Walking,11298032634000,-2.18,6.78,2.3426998
65637,33,Walking,11298082286000,-5.43,16.36,1.8796080000000002
65638,33,Walking,11298132304000,1.99,3.17,-3.4459480000000005
65639,33,Walking,11298182262000,0.95,12.57,2.3699405
65640,33,Walking,11298232494000,-3.26,7.46,2.0294318
65641,33,Walking,11298282268000,0.57,7.86,-1.0351465
65642,33,Walking,11298332439000,-1.57,8.08,1.1168685
65643,33,Walking,11298382274000,-0.19,9.96,1.56634
65644,33,Walking,11298432353000,-0.61,10.04,1.4165162
65645,33,Walking,11298482280000,2.07,13.1,1.334794
65646,33,Walking,11298532329000,1.14,14.02,2.4108016
65647,33,Walking,11298582286000,1.33,12.3,-1.0351465
65648,33,Walking,11298632304000,-4.82,12.87,-0.7627395
65649,33,Walking,11298682262000,-3.68,13.48,1.1849703
65650,33,Walking,11298732311000,3.41,10.53,1.9885708
65651,33,Walking,11298782268000,0.72,4.21,-0.29964766
65652,33,Walking,11298832317000,-0.76,2.6,0.08172209
65653,33,Walking,11298882518000,-2.18,4.18,1.5390993
65654,33,Walking,11298932292000,-3.49,7.93,2.9556155
65655,33,Walking,11298982494000,-3.49,14.06,9.765789
65656,33,Walking,11299032298000,0.84,9.58,9.425281
65657,33,Walking,11299082500000,-1.53,12.64,0.38136974
65658,33,Walking,11299132304000,-6.74,9.72,1.7570249
65659,33,Walking,11299182475000,2.37,7.93,-2.6832085
65660,33,Walking,11299232311000,1.73,10.61,2.2201166000000003
65661,33,Walking,11299282420000,-2.68,6.63,1.3756552
65662,33,Walking,11299332286000,-0.08,7.63,-0.7218784
65663,33,Walking,11299382396000,-2.07,8.96,1.6889231
65664,33,Walking,11299432628000,-0.91,9.92,2.4516625
65665,33,Walking,11299482372000,0.69,9.43,0.50395286
65666,33,Walking,11299532268000,1.27,11.65,2.070293
65667,33,Walking,11299582958000,3.11,13.91,-0.08172209
65668,33,Walking,11299632518000,-2.26,14.1,-2.3426998
65669,33,Walking,11299682292000,-6.85,16.63,-0.8036005
65670,33,Walking,11299732463000,-2.83,11.73,2.7921712000000003
65671,33,Walking,11299782268000,3.79,7.44,0.08172209
65672,33,Walking,11299832408000,-0.46,2.64,-0.14982383
65673,33,Walking,11299882274000,-1.31,2.72,0.3405087
65674,33,Walking,11299932353000,-2.98,4.52,1.6889231
65675,33,Walking,11299982280000,-3.11,11.92,5.625203599999999
65676,33,Walking,11300032329000,-1.73,14.41,12.571581
65677,33,Walking,11300082317000,-0.34,3.6,1.4982381999999999
65678,33,Walking,11300132304000,-5.33,17.86,1.1441092
65679,33,Walking,11300182262000,0.76,1.08,-3.2961242
65680,33,Walking,11300232311000,0.38,11.45,2.152015
65681,33,Walking,11300282512000,-3.53,9.23,1.7978859
65682,33,Walking,11300332317000,0.93,6.7,-2.7240696
65683,33,Walking,11300382579000,-1.14,8.12,1.2258313
65684,33,Walking,11300432262000,-1.04,8.54,0.53119355
65685,33,Walking,11300482463000,1.38,11.5,2.1792557
