,user,label,timestamp,x,y,z
797,33,Walking,49416152298000,1.6889231,11.264028,-0.42223078
798,33,Walking,49416252273000,1.2258313,15.050485,-0.27240697
799,33,Walking,49416362289000,-5.8976107,15.513576500000001,1.6889231
800,33,Walking,49416472305000,0.14982383,2.070293,-0.9942854
801,33,Walking,49416582290000,-1.8387468999999996,1.9885708,0.46309182
802,33,Walking,49416682296000,-2.6832085,1.5390993,3.6774937999999993
803,33,Walking,49416792312000,-0.27240697,4.018002500000001,-4.2086873
804,33,Walking,49416892288000,-0.0,7.4639505999999995,0.3405087
805,33,Walking,49416992264000,-2.4925237,8.499097,0.8036005
806,33,Walking,49417102310000,4.1814466,13.021052000000001,0.53119355
807,33,Walking,49417202652000,-1.525479,13.021052000000001,-3.5957718
808,33,Walking,49417312271000,-1.2258313,11.958665,-0.42223078
809,33,Walking,49417412521000,-0.53119355,1.2258313,-1.9885708
810,33,Walking,49417522293000,-3.173541,9.997335000000001,6.170017700000001
811,33,Walking,49417632309000,-4.0588636,6.5513873,-4.140586
812,33,Walking,49417742294000,1.9477096999999999,5.407278,-2.4108016
813,33,Walking,49417852310000,-0.7627395,4.944186,-3.214402
814,33,Walking,49417962326000,0.42223078,10.95076,0.23154591
815,33,Walking,49418072311000,0.040861044,13.865514000000001,1.0351465
816,33,Walking,49418182296000,-5.666064700000001,16.3989,-0.7627395
817,33,Walking,49418292312000,1.3756552,3.4050870000000004,-0.6537767
818,33,Walking,49418392318000,-0.6537767,0.84446156,-0.29964766
819,33,Walking,49418502304000,-1.3075534,11.795221000000002,9.00305
820,33,Walking,49418602279000,1.0760075,6.1291566,-3.3642258999999997
821,33,Walking,49418702286000,0.84446156,10.228881,1.2258313
822,33,Walking,49418812301000,-0.10896278,8.62168,0.313268
823,33,Walking,49418912277000,3.3778462,13.184497,0.23154591
824,33,Walking,49419022293000,-1.0760075,11.985906,-0.88532263
825,33,Walking,49419132309000,-5.9793324,14.560151999999999,2.152015
826,33,Walking,49419242294000,-0.6946376999999999,2.982856,-0.6946376999999999
827,33,Walking,49419352310000,-2.1383946,8.812365,5.829509
828,33,Walking,49419462295000,-4.5219555,9.152874,-1.3075534
829,33,Walking,49419572311000,2.0294318,8.117727,-1.9477096999999999
830,33,Walking,49419682296000,-0.38136974,6.4424243,-3.1463002999999996
831,33,Walking,49419792312000,0.23154591,10.651112,0.10896278
832,33,Walking,49419892288000,1.56634,15.132206,1.7570249
833,33,Walking,49419950363000,-0.29964766,12.871228,-1.8796080000000002
834,33,Walking,49420052292000,-0.14982383,11.032481,-0.6537767
835,33,Walking,49420102310000,1.6480621,4.862464,-1.607201
836,33,Walking,49420202286000,-2.5333846,1.7297841,-1.4165162
837,33,Walking,49420312301000,0.27240697,18.237645999999998,15.241169000000001
838,33,Walking,49420412277000,-4.944186,11.563675,2.3018389
839,33,Walking,49420522293000,-0.9942854,9.152874,1.56634
840,33,Walking,49420622299000,-0.88532263,7.4639505999999995,0.53119355
841,33,Walking,49420722275000,-0.5720546,11.917805,0.7218784
842,33,Walking,49420832290000,0.7627395,15.894946,1.7978859
843,33,Walking,49420932296000,-6.9327570000000005,15.431854000000001,0.08172209
844,33,Walking,49421042312000,1.8796080000000002,4.440233,-1.6889231
845,33,Walking,49421152420000,-2.7921712000000003,2.3699405,-0.50395286
846,33,Walking,49421252334000,-0.5720546,12.026767,10.528528999999999
847,33,Walking,49421312240000,-6.66035,14.410328,-3.214402
848,33,Walking,49421412246000,2.070293,9.997335000000001,-1.1849703
849,33,Walking,49421522293000,-0.42223078,6.66035,-2.4925237
850,33,Walking,49421622268000,-0.3405087,11.182305,0.84446156
851,33,Walking,49421722305000,3.214402,14.709975,0.88532263
852,33,Walking,49421832290000,-1.1168685,12.53072,-3.8273177000000005
853,33,Walking,49421932327000,3.7592160000000003,8.921327999999999,-0.8036005
854,33,Walking,49422042312000,-1.607201,2.4108016,-1.3075534
855,33,Walking,49422152298000,-0.9942854,14.601013,10.079058
856,33,Walking,49422262314000,-7.7363577,17.120777,0.08172209
857,33,Walking,49422372299000,0.10896278,10.923519,0.42223078
858,33,Walking,49422482315000,1.3075534,8.771504,-0.42223078
859,33,Walking,49422592300000,-0.08172209,9.507003,0.08172209
860,33,Walking,49422692276000,1.8387468999999996,14.669114000000002,1.4982381999999999
861,33,Walking,49422742264000,1.0760075,11.604536,-3.6366330000000002
862,33,Walking,49422852340000,-0.6537767,11.223166,-0.38136974
863,33,Walking,49422962326000,-1.8387468999999996,2.7921712000000003,-1.56634
864,33,Walking,49423072311000,-3.0645783,12.489859,8.390134
865,33,Walking,49423182296000,-8.471855999999999,13.184497,-2.2201166000000003
866,33,Walking,49423292312000,-0.46309182,8.812365,-0.7627395
867,33,Walking,49423402298000,0.7627395,7.3958488,-1.8796080000000002
868,33,Walking,49423512314000,0.6537767,10.228881,0.313268
869,33,Walking,49423612228000,-0.14982383,14.859798999999999,1.0351465
870,33,Walking,49423712265000,-5.9793324,16.126492000000002,-1.0760075
871,33,Walking,49423822311000,3.5276701,4.7943625,-1.4165162
872,33,Walking,49423922348000,-2.7513103,1.8796080000000002,-1.1168685
873,33,Walking,49424032303000,-1.9477096999999999,17.052675,13.824653
874,33,Walking,49424142318000,-1.8796080000000002,10.760075,0.50395286
875,33,Walking,49424252304000,-0.7218784,9.343558,1.0760075
876,33,Walking,49424362289000,-0.88532263,7.2732660000000005,-1.8387468999999996
877,33,Walking,49424412155000,-2.1111538,11.114203,0.9942854
878,33,Walking,49424522323000,4.2495484,14.941522,0.5720546
879,33,Walking,49424622299000,-5.434519,14.560151999999999,-3.336985
880,33,Walking,49424722305000,4.140586,8.308413,-1.1168685
881,33,Walking,49424832290000,-1.3756552,1.9204689999999998,-1.8387468999999996
882,33,Walking,49424932296000,-3.336985,16.507862,11.727119
883,33,Walking,49425042312000,-3.4050870000000004,16.970953,-1.9477096999999999
884,33,Walking,49425152298000,1.0760075,14.628252999999999,1.9885708
885,33,Walking,49425252273000,-0.08172209,8.281172,-2.1383946
886,33,Walking,49425362289000,0.19068487,11.073342,1.1849703
887,33,Walking,49425472305000,1.4982381999999999,14.982382999999999,1.8387468999999996
888,33,Walking,49425582290000,-5.1348709999999995,14.601013,-2.3699405
889,33,Walking,49425692306000,3.5957718,5.012288,-0.95342433
890,33,Walking,49425802292000,-3.336985,1.7570249,-1.3075534
891,33,Walking,49425912307000,0.19068487,13.184497,10.991621
892,33,Walking,49426012253000,3.1463002999999996,3.1463002999999996,-5.8976107
893,33,Walking,49426122299000,-2.982856,5.47538,0.6537767
894,33,Walking,49426222305000,0.08172209,7.3549875999999985,-0.38136974
895,33,Walking,49426332290000,2.9147543999999996,12.830366999999999,1.4165162
896,33,Walking,49426432266000,-0.14982383,12.762266,-1.4573771999999998
897,33,Walking,49426542312000,-4.8216033,13.756551000000002,0.9942854
898,33,Walking,49426652298000,-0.19068487,2.4108016,-1.1441092
899,33,Walking,49426762314000,-4.372132,5.9793324,3.8273177000000005
900,33,Walking,49426872299000,-4.099725,12.830366999999999,-3.6774937999999993
901,33,Walking,49426982315000,1.4982381999999999,14.750835999999998,-2.6423476000000004
902,33,Walking,49427092300000,0.8036005,8.008764,-3.1054392
903,33,Walking,49427192276000,0.84446156,10.882658000000001,1.607201
904,33,Walking,49427302292000,0.84446156,15.431854000000001,0.5720546
905,33,Walking,49427412307000,-7.8180795,14.137920999999999,-2.8738932999999998
906,33,Walking,49427522293000,4.440233,5.175732,-0.14982383
907,33,Walking,49427622421000,-2.070293,1.4573771999999998,-1.4573771999999998
908,33,Walking,49427722275000,-2.5333846,19.19107,15.132206
909,33,Walking,49427832321000,-1.3756552,5.012288,0.7218784
910,33,Walking,49427932296000,-1.4573771999999998,6.5922484,2.3699405
911,33,Walking,49428042312000,-0.3405087,7.586533500000001,0.6946376999999999
912,33,Walking,49428152298000,0.3405087,12.176591,0.84446156
913,33,Walking,49428262314000,-0.040861044,13.633968,-1.0760075
914,33,Walking,49428372299000,-6.0474343,13.375181,1.4573771999999998
915,33,Walking,49428482315000,-0.3405087,2.7649305,-1.1168685
916,33,Walking,49428592300000,-3.8681788,6.633109599999999,5.2165932999999995
917,33,Walking,49428692306000,-5.366417,3.336985,-6.428804
918,33,Walking,49428802322000,-0.29964766,3.6366330000000002,-3.0645783
919,33,Walking,49428912307000,0.92618364,6.66035,-2.4108016
920,33,Walking,49429012253000,-2.0294318,10.310603,1.9477096999999999
921,33,Walking,49429122329000,1.5390993,14.1787815,-0.040861044
922,33,Walking,49429222275000,-4.5628166,13.293459,-4.140586
923,33,Walking,49429332290000,5.597963,8.662541000000001,0.313268
924,33,Walking,49429442337000,-1.7297841,1.6889231,-0.38136974
925,33,Walking,49429552292000,-4.2086873,16.08563,13.102775
926,33,Walking,49429662307000,-6.66035,6.4424243,2.8330324
927,33,Walking,49429772293000,-0.08172209,8.008764,1.9204689999999998
928,33,Walking,49429882309000,-0.14982383,9.507003,0.14982383
929,33,Walking,49429982345000,1.334794,9.656827,-0.7218784
930,33,Walking,49430092300000,-0.3405087,15.704260999999999,0.8036005
931,33,Walking,49430192306000,-8.62168,15.785982999999998,0.313268
932,33,Walking,49430292251000,3.0645783,4.944186,-0.23154591
933,33,Walking,49430402298000,-0.9942854,1.1168685,-0.95342433
934,33,Walking,49430512314000,-0.5720546,14.669114000000002,11.645397
935,33,Walking,49430612228000,2.152015,6.5513873,-2.4925237
936,33,Walking,49430712265000,-1.334794,12.598822,1.7297841
937,33,Walking,49430822311000,0.14982383,7.8861814,-1.4165162
938,33,Walking,49430922287000,2.8738932999999998,12.830366999999999,0.19068487
939,33,Walking,49431032303000,-0.46309182,13.021052000000001,0.5720546
940,33,Walking,49431142349000,-7.504811999999999,16.317176999999997,3.0645783
941,33,Walking,49431252304000,-0.0,3.2961242,-1.0351465
942,33,Walking,49431362289000,-3.0645783,4.5219555,1.9885708
943,33,Walking,49431472305000,-1.6889231,2.6014863999999998,-1.4982381999999999
944,33,Walking,49431582321000,1.334794,3.9090397000000006,-4.1814466
945,33,Walking,49431692306000,-1.7978859,5.9793324,-1.2258313
946,33,Walking,49431802292000,-0.6537767,9.997335000000001,1.4165162
947,33,Walking,49431912307000,-0.3405087,14.709975,0.5720546
948,33,Walking,49432012253000,-2.9556155,13.443283,-4.3312707
949,33,Walking,49432122299000,5.7477865,7.5456724,-0.50395286
950,33,Walking,49432222305000,-2.5333846,1.8796080000000002,-0.9942854
951,33,Walking,49432332321000,-3.6774937999999993,16.467001,11.495573
952,33,Walking,49432432296000,-6.469665,17.2025,1.7297841
953,33,Walking,49432542312000,-1.1441092,12.067628,0.313268
954,33,Walking,49432652298000,0.38136974,8.430995,-1.4165162
955,33,Walking,49432762283000,-0.08172209,10.691972999999999,0.7218784
956,33,Walking,49432872299000,-0.42223078,14.982382999999999,0.3405087
957,33,Walking,49432982345000,-7.7772183,15.132206,-0.27240697
958,33,Walking,49433032181000,2.4925237,9.888372,0.19068487
959,33,Walking,49433142349000,-0.8036005,2.7649305,-1.1168685
960,33,Walking,49433252304000,-3.7864565999999997,9.80665,4.903325
961,33,Walking,49433362289000,-3.5957718,8.158588,-4.099725
962,33,Walking,49433472305000,0.040861044,7.586533500000001,-2.3018389
963,33,Walking,49433582321000,-1.56634,6.3198414000000005,-2.3699405
964,33,Walking,49433692306000,0.61291564,10.460427000000001,0.46309182
965,33,Walking,49433802292000,0.95342433,14.818938000000001,0.95342433
966,33,Walking,49433912307000,-5.243834,14.47843,-3.1463002999999996
967,33,Walking,49434012253000,4.2495484,6.782933,-0.42223078
968,33,Walking,49434122299000,-2.4516625,2.1111538,-1.4165162
969,33,Walking,49434222275000,-2.070293,18.496431,13.633968
970,33,Walking,49434332290000,-5.09401,14.709975,2.6832085
971,33,Walking,49434432235000,-0.0,9.384419,0.6537767
972,33,Walking,49434542312000,-2.3018389,9.152874,1.5390993
973,33,Walking,49434652298000,2.6423476000000004,10.419566,0.3405087
974,33,Walking,49434762314000,0.46309182,12.9529505,-0.61291564
975,33,Walking,49434872329000,-6.5513873,13.674829500000001,0.8036005
976,33,Walking,49434982315000,0.14982383,2.6014863999999998,-1.4982381999999999
977,33,Walking,49435092300000,-4.290409599999999,5.5162406,2.5606253
978,33,Walking,49435202316000,-5.47538,10.841797,-2.7240696
979,33,Walking,49435312301000,2.4516625,14.709975,-0.3405087
980,33,Walking,49435422317000,1.4573771999999998,8.471855999999999,-2.8330324
981,33,Walking,49435532303000,0.6946376999999999,11.141444,0.8036005
982,33,Walking,49435632248000,2.1111538,15.132206,0.42223078
983,33,Walking,49435732315000,-4.5219555,13.0619135,-3.7183550000000003
984,33,Walking,49435842300000,4.0588636,9.152874,-0.50395286
985,33,Walking,49435942306000,-2.3426998,1.9204689999999998,-1.7570249
986,33,Walking,49436052292000,-3.7183550000000003,14.369467000000002,12.367275999999999
987,33,Walking,49436162307000,-5.434519,13.443283,0.27240697
988,33,Walking,49436272293000,-0.5720546,10.923519,2.2201166000000003
989,33,Walking,49436382309000,0.92618364,10.460427000000001,-0.42223078
990,33,Walking,49436492294000,2.4516625,10.691972999999999,0.27240697
991,33,Walking,49436602310000,0.95342433,15.935807,1.4573771999999998
992,33,Walking,49436702316000,-7.6273947,15.404613500000002,0.84446156
993,33,Walking,49436812301000,2.2201166000000003,3.7864565999999997,-1.2666923
994,33,Walking,49436922317000,-2.5606253,3.6774937999999993,0.95342433
995,33,Walking,49437032303000,-0.38136974,7.205164,8.117727
996,33,Walking,49437142318000,0.7627395,3.0237172,-4.630918
