,user,label,timestamp,x,y,z
713280,34,Walking,385882335000,6.24,8.54,-1.08
713281,34,Walking,385932353000,3.91,8.28,0.0
713282,34,Walking,385982310000,-1.33,9.51,3.57
713283,34,Walking,386032329000,-1.88,11.88,-1.73
713284,34,Walking,386082378000,11.07,13.99,-0.34
713285,34,Walking,386132335000,8.43,14.37,0.8
713286,34,Walking,386182323000,-0.3,17.73,-0.08
713287,34,Walking,386232310000,-11.73,19.31,-7.27
713288,34,Walking,386282329000,-10.27,7.08,0.0
713289,34,Walking,386332347000,7.16,5.28,-0.38
713290,34,Walking,386382335000,0.0,2.15,-1.14
713291,34,Walking,386432323000,-3.21,-1.12,-5.98
713292,34,Walking,386482341000,-1.84,6.82,4.29
713293,34,Walking,386532359000,10.53,16.13,8.66
713294,34,Walking,386582347000,-4.29,17.88,-1.65
713295,34,Walking,386632304000,-8.31,3.83,1.38
713296,34,Walking,386682323000,-7.7,8.96,-6.02
713297,34,Walking,386732341000,-2.96,12.68,-3.26
713298,34,Walking,386782359000,3.34,12.26,-3.6
713299,34,Walking,386832347000,7.67,9.38,-1.5
713300,34,Walking,386882335000,3.15,8.66,1.54
713301,34,Walking,386932353000,-0.42,9.0,2.87
713302,34,Walking,386982341000,0.72,13.1,-1.92
713303,34,Walking,387032329000,8.54,14.02,0.04
713304,34,Walking,387082347000,6.32,11.07,1.76
713305,34,Walking,387132304000,0.65,18.47,-1.8
713306,34,Walking,387182323000,-9.34,19.23,-8.81
713307,34,Walking,387232341000,-5.67,5.71,2.34
713308,34,Walking,387282329000,2.18,6.13,0.95
713309,34,Walking,387332347000,-1.61,2.11,-2.64
713310,34,Walking,387382335000,-4.86,-2.11,-5.24
713311,34,Walking,387432323000,2.26,10.42,8.08
713312,34,Walking,387482341000,11.03,13.21,7.78
713313,34,Walking,387532329000,-9.66,12.76,-4.79
713314,34,Walking,387582347000,-1.69,10.61,2.18
713315,34,Walking,387632335000,-5.75,5.22,-5.82
713316,34,Walking,387682323000,-1.76,14.82,-4.37
713317,34,Walking,387732341000,3.02,9.89,-3.64
713318,34,Walking,387782329000,4.1,7.63,-1.04
713319,34,Walking,387832347000,1.95,8.12,0.42
713320,34,Walking,387882335000,-1.88,9.92,4.63
713321,34,Walking,387932323000,2.68,11.73,-3.17
713322,34,Walking,387982341000,11.73,15.64,-1.04
713323,34,Walking,388032329000,6.13,15.09,1.46
713324,34,Walking,388082347000,-4.67,19.31,-0.5
713325,34,Walking,388132335000,-13.91,14.14,-6.02
713326,34,Walking,388132335000,-13.91,14.14,-6.02
713327,34,Walking,388202312000,-1.57,6.09,-0.15
713328,34,Walking,388252299000,0.93,2.53,0.11
713329,34,Walking,388302348000,-3.11,-1.04,-6.28
713330,34,Walking,388352336000,-2.98,6.02,2.98
713331,34,Walking,388402354000,9.72,17.35,8.85
713332,34,Walking,388452342000,-2.37,13.63,-0.53
713333,34,Walking,388502299000,-1.92,12.41,-0.53
713334,34,Walking,388552348000,-8.16,6.32,-5.13
713335,34,Walking,388602336000,-4.21,13.21,-4.25
713336,34,Walking,388652324000,0.46,11.56,-2.96
713337,34,Walking,388702342000,4.9,8.69,-3.11
713338,34,Walking,388752360000,4.4,8.5,-1.23
713339,34,Walking,388802348000,-1.12,9.47,5.83
713340,34,Walking,388852336000,1.54,13.59,-1.04
713341,34,Walking,388902354000,11.5,13.48,0.84
713342,34,Walking,388952342000,6.74,12.26,1.08
713343,34,Walking,389002330000,-1.14,19.08,-2.11
713344,34,Walking,389052348000,-11.92,18.31,-7.97
713345,34,Walking,389102367000,-5.71,5.9,1.84
713346,34,Walking,389152324000,3.06,6.17,-0.34
713347,34,Walking,389202342000,-2.07,-0.19,-3.21
713348,34,Walking,389252330000,-2.83,-2.14,-5.18
713349,34,Walking,389302348000,5.43,14.37,7.46
713350,34,Walking,389352336000,5.6,10.57,7.59
713351,34,Walking,389402324000,-11.8,13.1,-2.22
713352,34,Walking,389452312000,-2.26,8.28,0.38
713353,34,Walking,389502330000,-4.86,2.64,-5.48
713354,34,Walking,389552348000,-2.87,17.27,-7.08
713355,34,Walking,389602336000,1.57,11.14,-3.45
713356,34,Walking,389652324000,5.13,7.97,-2.98
713357,34,Walking,389702342000,3.21,9.15,-1.08
713358,34,Walking,389752330000,-1.73,9.85,9.47
713359,34,Walking,389802348000,2.53,12.57,-5.01
713360,34,Walking,389852336000,10.04,13.82,3.49
713361,34,Walking,389902354000,7.12,12.53,-1.08
713362,34,Walking,389952342000,-0.5,18.01,-2.3
713363,34,Walking,390003154000,-12.15,19.15,-7.27
713364,34,Walking,390052348000,-7.35,8.85,1.38
713365,34,Walking,390102336000,4.48,7.78,0.31
713366,34,Walking,390152324000,0.46,2.03,-2.26
713367,34,Walking,390202373000,-4.75,-2.6,-3.6
713368,34,Walking,390252269000,-1.65,3.83,1.99
713369,34,Walking,390302348000,13.48,18.7,6.24
713370,34,Walking,390352336000,-0.5,6.97,-2.18
713371,34,Walking,390402324000,-3.68,18.73,1.38
713372,34,Walking,390452342000,-5.79,0.65,-2.18
713373,34,Walking,390502330000,-7.04,11.99,-4.37
713374,34,Walking,390552348000,5.01,9.85,-1.53
713375,34,Walking,390662120000,5.01,9.85,-1.53
713376,34,Walking,390662120000,5.01,9.85,-1.53
713377,34,Walking,390712230000,0.19,10.84,1.08
713378,34,Walking,390762370000,-1.69,10.73,3.95
713379,34,Walking,390812297000,12.15,14.21,-2.49
713380,34,Walking,390862376000,7.4,13.59,3.34
713381,34,Walking,390912334000,1.08,15.64,-1.8
713382,34,Walking,390962321000,-6.7,19.57,-7.86
713383,34,Walking,391012248000,-12.41,10.76,2.49
713384,34,Walking,391062327000,3.57,6.36,-1.31
713385,34,Walking,391112346000,1.73,4.37,-0.46
713386,34,Walking,391162334000,-2.37,-3.17,-4.37
713387,34,Walking,391212321000,-2.34,-0.04,-0.76
713388,34,Walking,391262340000,12.98,19.34,7.78
713389,34,Walking,391312297000,-0.23,5.05,-0.19
713390,34,Walking,391362376000,-8.54,17.16,-1.65
713391,34,Walking,391412334000,-2.91,5.48,-0.84
713392,34,Walking,391462321000,-4.52,8.16,-2.96
713393,34,Walking,391512340000,-0.57,12.72,-3.87
713394,34,Walking,391562297000,2.56,7.78,-2.87
713395,34,Walking,391612346000,4.99,8.96,-4.71
713396,34,Walking,391662364000,1.57,10.27,-3.15
713397,34,Walking,391712321000,-1.69,12.41,10.42
713398,34,Walking,391762340000,10.34,13.95,-2.91
713399,34,Walking,391812327000,5.6,13.25,2.96
713400,34,Walking,391862376000,2.07,12.57,1.27
713401,34,Walking,391912334000,-2.26,19.57,-5.37
713402,34,Walking,391962321000,-12.45,13.18,-5.05
713403,34,Walking,392012248000,0.19,5.79,0.61
713404,34,Walking,392062602000,1.95,4.82,-0.38
713405,34,Walking,392112376000,-3.06,-2.98,-3.91
713406,34,Walking,392162334000,-1.95,-3.11,-2.91
713407,34,Walking,392212321000,12.22,18.62,7.31
713408,34,Walking,392262340000,2.53,9.23,2.3
713409,34,Walking,392312327000,-9.92,18.28,1.5
713410,34,Walking,392362346000,-4.9,4.14,-3.53
713411,34,Walking,392412364000,-4.52,10.0,-4.56
713412,34,Walking,392462321000,-0.46,13.44,-4.21
713413,34,Walking,392512340000,2.83,8.2,-2.72
713414,34,Walking,392562327000,4.67,9.04,-2.45
713415,34,Walking,392612346000,2.49,9.77,-3.53
713416,34,Walking,392662334000,-1.8,12.57,11.22
713417,34,Walking,392712321000,10.04,12.83,-2.41
713418,34,Walking,392762340000,8.81,13.59,1.61
713419,34,Walking,392812327000,1.76,15.43,-1.57
713420,34,Walking,392862346000,-7.01,19.57,-5.86
713421,34,Walking,392912334000,-13.59,11.45,0.57
713422,34,Walking,392962321000,1.99,5.9,-1.65
713423,34,Walking,393012340000,1.65,3.99,0.38
713424,34,Walking,393062327000,-2.72,-2.49,-3.95
713425,34,Walking,393112346000,-1.76,0.08,0.42
713426,34,Walking,393162334000,14.25,19.42,7.21
713427,34,Walking,393212352000,-1.69,3.3,-3.68
713428,34,Walking,393262340000,-12.07,18.43,1.95
713429,34,Walking,393312327000,-1.27,1.99,-3.02
713430,34,Walking,393362376000,-4.14,12.83,-3.68
713431,34,Walking,393412334000,1.46,12.76,-4.02
713432,34,Walking,393462321000,2.56,6.66,-2.45
713433,34,Walking,393512340000,3.87,8.16,-2.3
713434,34,Walking,393562389000,1.31,10.73,-3.41
713435,34,Walking,393612346000,-0.61,11.56,10.04
713436,34,Walking,393662334000,11.18,12.72,-1.08
713437,34,Walking,393712321000,9.28,12.26,1.95
713438,34,Walking,393762340000,1.65,17.5,-1.99
713439,34,Walking,393812327000,-8.5,19.57,-8.35
713440,34,Walking,393862346000,-9.77,8.31,1.42
713441,34,Walking,393912364000,2.64,6.89,-0.08
713442,34,Walking,393962321000,-0.89,2.41,-1.65
713443,34,Walking,394012279000,-3.57,-5.9,-4.37
713444,34,Walking,394062633000,-1.88,4.21,2.72
713445,34,Walking,394112346000,13.29,17.39,9.38
713446,34,Walking,394162303000,-7.44,10.61,-3.17
713447,34,Walking,394212352000,-6.05,14.1,-2.56
713448,34,Walking,394262340000,-5.33,4.1,-5.79
713449,34,Walking,394312327000,-2.41,15.55,-4.14
713450,34,Walking,394362346000,2.98,10.15,-4.1
713451,34,Walking,394412334000,3.87,7.89,-1.12
713452,34,Walking,394462321000,4.14,7.74,-1.42
713453,34,Walking,394512340000,-0.76,11.88,5.24
713454,34,Walking,394562297000,2.53,12.03,-0.42
713455,34,Walking,394612346000,10.95,12.95,0.04
713456,34,Walking,394662364000,7.12,12.45,1.92
713457,34,Walking,394712321000,-0.34,19.42,-3.68
713458,34,Walking,394762340000,-12.18,18.7,-8.92
713459,34,Walking,394812327000,-9.38,6.17,2.96
713460,34,Walking,394862346000,4.4,5.63,-0.95
713461,34,Walking,394912334000,-0.76,-0.76,-1.53
713462,34,Walking,394962321000,-3.15,-4.25,-4.33
713463,34,Walking,395012340000,2.96,12.15,6.36
713464,34,Walking,395062297000,9.47,11.5,8.92
713465,34,Walking,395112346000,-14.1,16.02,0.38
713466,34,Walking,395162303000,-2.72,6.74,-7.59
713467,34,Walking,395212321000,-6.89,7.78,-5.37
713468,34,Walking,395262340000,-2.68,14.1,-3.02
713469,34,Walking,395312358000,1.46,10.04,-4.56
713470,34,Walking,395362346000,4.52,7.74,-1.76
713471,34,Walking,395412334000,4.86,8.92,-2.83
713472,34,Walking,395462321000,-0.5,12.53,8.5
713473,34,Walking,395512340000,6.93,12.57,-0.04
713474,34,Walking,395562297000,10.95,15.7,-1.76
713475,34,Walking,395612346000,2.3,15.02,1.18
713476,34,Walking,395662303000,-5.79,19.57,-2.41
713477,34,Walking,395712291000,-13.91,14.29,-3.91
713478,34,Walking,395762340000,-3.17,5.37,-1.12
713479,34,Walking,395812327000,5.71,3.79,0.5
