,user,label,timestamp,x,y,z
714680,34,Walking,455852367000,-11.14,14.63,-1.42
714681,34,Walking,455902324000,-0.46,7.97,-2.3
714682,34,Walking,455952342000,-3.17,3.64,-4.4
714683,34,Walking,456002788000,0.5,16.47,-3.98
714684,34,Walking,456052348000,2.96,8.92,-4.21
714685,34,Walking,456102336000,3.34,6.47,-2.34
714686,34,Walking,456152324000,0.72,10.04,-2.6
714687,34,Walking,456202342000,-2.3,11.14,9.51
714688,34,Walking,456252330000,9.0,14.06,-3.76
714689,34,Walking,456302348000,8.5,12.3,2.45
714690,34,Walking,456352336000,4.21,13.06,-0.46
714691,34,Walking,456402324000,-1.8,19.57,-4.37
714692,34,Walking,456452342000,-11.75,13.63,-8.96
714693,34,Walking,456502330000,-2.56,7.4,5.24
714694,34,Walking,456552348000,3.02,5.6,-1.53
714695,34,Walking,456602336000,-2.87,-2.18,-3.49
714696,34,Walking,456652324000,-2.11,-1.76,-2.11
714697,34,Walking,456702342000,9.53,17.08,5.41
714698,34,Walking,456752330000,4.56,12.53,6.66
714699,34,Walking,456802379000,-5.09,18.28,-1.08
714700,34,Walking,456852336000,-6.05,3.99,-3.57
714701,34,Walking,456902324000,-3.95,8.89,-4.9
714702,34,Walking,456952342000,1.08,15.21,-3.21
714703,34,Walking,457002330000,3.3,8.47,-3.06
714704,34,Walking,457052348000,2.72,6.63,-0.04
714705,34,Walking,457102336000,-0.89,9.3,1.38
714706,34,Walking,457152324000,-3.3,10.84,0.99
714707,34,Walking,457202342000,11.69,14.56,-0.15
714708,34,Walking,457252330000,9.81,9.62,2.37
714709,34,Walking,457302348000,3.02,15.32,-1.5
714710,34,Walking,457352336000,-4.18,19.57,-6.51
714711,34,Walking,457402324000,-12.11,10.73,1.54
714712,34,Walking,457452342000,-0.27,6.85,-1.53
714713,34,Walking,457502330000,2.49,4.06,-1.33
714714,34,Walking,457552348000,-3.34,-4.37,-3.11
714715,34,Walking,457602336000,-1.14,1.92,2.76
714716,34,Walking,457652324000,13.02,19.23,4.37
714717,34,Walking,457702342000,-2.64,7.46,0.99
714718,34,Walking,457752330000,-1.65,19.11,2.34
714719,34,Walking,457802348000,-5.6,2.96,-2.72
714721,34,Walking,457912120000,0.42,13.02,-2.72
714720,34,Walking,457912120000,0.42,13.02,-2.72
714722,34,Walking,457962260000,3.38,8.47,-2.53
714723,34,Walking,458012279000,4.52,6.97,-0.84
714724,34,Walking,458062327000,1.5,8.66,-2.96
714725,34,Walking,458112376000,-0.91,10.92,3.53
714726,34,Walking,458162334000,10.61,15.36,1.76
714727,34,Walking,458212321000,9.66,14.94,-0.95
714728,34,Walking,458262340000,1.12,16.21,-1.5
714729,34,Walking,458312327000,-9.3,19.57,-8.05
714730,34,Walking,458362315000,-9.3,7.89,-0.04
714731,34,Walking,458412334000,2.45,6.74,0.04
714732,34,Walking,458462321000,0.69,4.14,-0.27
714733,34,Walking,458512340000,-1.99,-1.31,-3.79
714734,34,Walking,458562327000,-3.72,0.65,-2.72
714735,34,Walking,458612681000,11.84,19.11,8.12
714736,34,Walking,458662334000,2.45,5.33,-0.95
714737,34,Walking,458712321000,-9.28,17.35,3.26
714738,34,Walking,458762340000,-2.72,2.96,-4.71
714739,34,Walking,458812327000,-3.57,6.85,-3.64
714740,34,Walking,458862346000,1.12,14.48,-4.06
714741,34,Walking,458912303000,1.5,7.16,-2.72
714742,34,Walking,458962321000,2.3,7.21,-3.3
714743,34,Walking,459012340000,0.27,11.18,-3.57
714744,34,Walking,459062327000,-0.04,11.5,8.77
714745,34,Walking,459112346000,12.26,13.14,-3.17
714746,34,Walking,459162334000,8.62,12.6,2.64
714747,34,Walking,459212321000,2.76,15.55,-0.53
714748,34,Walking,459262340000,-6.63,19.57,-8.35
714749,34,Walking,459312327000,-11.54,9.62,1.31
714750,34,Walking,459362346000,1.08,6.66,-0.57
714751,34,Walking,459412364000,1.76,3.26,-0.3
714752,34,Walking,459462321000,-1.57,-3.64,-4.14
714753,34,Walking,459512340000,-3.72,-0.42,-2.03
714754,34,Walking,459562327000,15.05,19.42,8.47
714755,34,Walking,459612346000,-2.11,10.34,0.46
714756,34,Walking,459662334000,-5.28,17.92,0.23
714757,34,Walking,459712321000,-5.56,1.27,-5.37
714758,34,Walking,459762340000,-4.79,11.56,-3.3
714759,34,Walking,459812327000,0.31,13.06,-2.64
714760,34,Walking,459862346000,3.49,7.46,-2.91
714761,34,Walking,459912303000,5.41,7.5,-2.14
714762,34,Walking,459962321000,1.54,10.88,-0.23
714763,34,Walking,460012248000,-0.89,10.65,4.82
714764,34,Walking,460062358000,11.6,13.63,-1.23
714765,34,Walking,460112437000,7.21,11.96,1.88
714766,34,Walking,460162334000,1.5,17.16,-1.84
714767,34,Walking,460212321000,-9.0,19.57,-7.89
714768,34,Walking,460262340000,-9.15,8.85,2.49
714769,34,Walking,460312327000,3.95,6.28,-0.91
714770,34,Walking,460362346000,0.04,3.41,-1.04
714771,34,Walking,460412334000,-3.02,-4.06,-3.91
714772,34,Walking,460462321000,-0.95,2.68,1.31
714773,34,Walking,460512370000,13.91,18.77,8.05
714774,34,Walking,460562327000,-8.31,13.82,-0.3
714775,34,Walking,460612651000,-2.79,14.6,-2.56
714776,34,Walking,460662334000,-6.93,4.52,-5.98
714777,34,Walking,460712291000,-4.02,14.29,-2.83
714778,34,Walking,460762309000,1.65,11.88,-3.6
714779,34,Walking,460762309000,1.65,11.88,-3.6
714780,34,Walking,460862498000,5.43,7.21,-1.61
714781,34,Walking,460912242000,1.65,11.41,-1.27
714782,34,Walking,460962321000,0.5,12.68,6.66
714783,34,Walking,461012279000,11.11,13.02,-0.89
714784,34,Walking,461062327000,6.32,11.96,1.27
714785,34,Walking,461112315000,-0.27,19.04,-3.15
714786,34,Walking,461162334000,-12.83,18.09,-8.77
714787,34,Walking,461212321000,-5.86,6.89,3.45
714788,34,Walking,461262340000,4.99,6.36,0.31
714789,34,Walking,461312297000,-0.11,0.31,-3.34
714790,34,Walking,461362346000,-2.87,-4.25,-6.78
714791,34,Walking,461412334000,-1.27,7.5,5.63
714792,34,Walking,461462321000,11.65,16.4,9.85
714793,34,Walking,461512340000,-15.09,12.57,-1.42
714794,34,Walking,461562327000,0.27,12.72,-6.66
714795,34,Walking,461612315000,-3.45,5.22,-4.71
714796,34,Walking,461662334000,-1.53,14.9,-3.34
714797,34,Walking,461722240000,2.07,8.85,-3.34
714798,34,Walking,461772319000,3.49,6.51,-1.46
714799,34,Walking,461822337000,1.76,9.28,-2.45
714800,34,Walking,461872356000,-0.27,10.46,2.87
714801,34,Walking,461922313000,8.47,13.44,1.46
714802,34,Walking,461972331000,10.0,13.48,1.84
714803,34,Walking,462022319000,1.04,10.27,1.14
714804,34,Walking,462072337000,-1.12,19.53,-5.79
714805,34,Walking,462122295000,-9.15,17.12,-10.11
714806,34,Walking,462172374000,1.04,7.16,6.21
714807,34,Walking,462222301000,0.27,6.13,-1.31
714808,34,Walking,462272319000,-4.25,-2.83,-3.15
714809,34,Walking,462322337000,-2.56,-2.72,-3.26
714810,34,Walking,462372325000,9.53,15.83,6.44
714811,34,Walking,462422343000,5.09,14.29,6.74
714812,34,Walking,462472331000,-3.79,17.08,-1.38
714813,34,Walking,462522319000,-9.23,2.53,-3.57
714814,34,Walking,462572337000,-4.14,9.85,-4.37
714815,34,Walking,462622295000,-0.19,16.13,-2.26
714816,34,Walking,462672343000,4.52,9.08,-3.6
714817,34,Walking,462722240000,6.05,7.86,-0.27
714818,34,Walking,462772319000,1.18,9.19,-1.53
714819,34,Walking,462822337000,-2.45,9.96,5.22
714820,34,Walking,462872325000,7.78,14.1,-1.18
714821,34,Walking,462932384000,9.77,13.76,1.33
714822,34,Walking,462982280000,0.27,18.47,-2.03
714823,34,Walking,463032329000,-12.07,19.04,-8.85
714824,34,Walking,463082347000,-9.47,6.02,3.76
714825,34,Walking,463132365000,6.02,4.99,-2.11
714826,34,Walking,463182323000,1.95,1.92,-0.95
714827,34,Walking,463232310000,-3.45,-2.03,-5.41
714828,34,Walking,463282329000,-0.5,7.16,6.36
714829,34,Walking,463332347000,12.45,16.93,6.09
714830,34,Walking,463382335000,-9.47,18.92,-0.61
714831,34,Walking,463432323000,-4.44,3.15,-4.48
714832,34,Walking,463482341000,-5.05,7.63,-3.34
714833,34,Walking,463532329000,-0.23,15.64,-3.26
714834,34,Walking,463582347000,2.76,8.05,-3.64
714835,34,Walking,463632335000,4.06,7.67,-2.07
714836,34,Walking,463682353000,0.53,9.72,1.46
714837,34,Walking,463732341000,-1.04,9.92,0.72
714838,34,Walking,463782329000,7.59,13.1,-0.89
714839,34,Walking,463832347000,10.5,13.82,2.34
714840,34,Walking,463882304000,4.18,13.82,0.27
714841,34,Walking,463932353000,-4.9,19.57,-6.66
714842,34,Walking,463982341000,-11.8,12.6,-0.38
714843,34,Walking,464032329000,-1.04,6.97,-0.65
714845,34,Walking,464082347000,3.3,4.79,-0.91
714844,34,Walking,464082347000,3.3,4.79,-0.91
714846,34,Walking,464160380000,-2.64,-1.92,-3.6
714847,34,Walking,464212230000,6.09,10.57,6.85
714848,34,Walking,464262279000,6.55,15.75,7.93
714849,34,Walking,464312327000,-8.05,16.7,0.38
714850,34,Walking,464362346000,-3.98,7.63,-3.76
714851,34,Walking,464412364000,-5.24,8.01,-3.87
714852,34,Walking,464462321000,-0.72,14.25,-3.41
714853,34,Walking,464512340000,3.99,11.07,-4.06
714854,34,Walking,464562327000,5.83,6.93,-0.76
714855,34,Walking,464612315000,1.42,8.05,-0.38
714856,34,Walking,464662334000,-2.14,10.04,3.26
714857,34,Walking,464712321000,5.79,14.33,-1.53
714858,34,Walking,464762340000,11.84,13.91,1.54
714859,34,Walking,464812327000,3.64,12.22,1.08
714860,34,Walking,464862346000,-2.87,19.53,-4.14
714861,34,Walking,464912303000,-12.03,14.1,-9.47
714862,34,Walking,464962321000,-3.79,7.06,5.01
714863,34,Walking,465012340000,4.44,6.28,-0.27
714864,34,Walking,465062327000,-1.88,-0.8,-3.3
714865,34,Walking,465112315000,-3.06,-3.36,-4.14
714866,34,Walking,465162334000,8.43,15.75,6.85
714867,34,Walking,465212321000,5.24,16.13,6.7
714868,34,Walking,465262340000,-9.23,11.84,-4.71
714869,34,Walking,465332316000,-6.43,5.98,-4.56
714870,34,Walking,465382243000,-2.03,14.82,-1.88
714871,34,Walking,465432353000,2.26,10.84,-3.91
714872,34,Walking,465482280000,6.4,7.21,-3.34
714873,34,Walking,465532329000,2.6,8.92,-0.38
714874,34,Walking,465582347000,-3.11,10.42,5.75
714875,34,Walking,465632335000,2.56,13.06,-3.02
714876,34,Walking,465682323000,10.92,13.48,2.03
714877,34,Walking,465732341000,6.17,11.73,-0.3
714878,34,Walking,465782329000,-0.69,18.47,-2.72
714879,34,Walking,465832347000,-12.3,17.54,-10.34
