,user,label,timestamp,x,y,z
715480,34,Walking,495882335000,-11.56,18.58,-7.78
715481,34,Walking,495932323000,-5.48,6.89,3.68
715482,34,Walking,495982341000,6.28,6.24,0.93
715483,34,Walking,496032329000,-0.19,1.31,-3.72
715484,34,Walking,496082347000,-3.64,-4.33,-6.43
715485,34,Walking,496132304000,0.61,7.27,4.75
715486,34,Walking,496182323000,12.37,15.21,11.22
715487,34,Walking,496232341000,-7.25,16.7,-2.87
715488,34,Walking,496282329000,-2.96,7.55,1.23
715489,34,Walking,496332347000,-7.16,5.75,-7.65
715490,34,Walking,496382335000,-2.18,14.6,-4.14
715491,34,Walking,496432292000,2.98,12.83,-4.14
715492,34,Walking,496482341000,5.9,8.31,-0.95
715493,34,Walking,496532359000,2.53,9.08,3.3
715494,34,Walking,496582347000,0.0,8.58,1.14
715495,34,Walking,496632304000,1.54,10.57,-1.8
715496,34,Walking,496682323000,8.31,13.57,0.27
715497,34,Walking,496732341000,8.16,12.11,1.12
715498,34,Walking,496782298000,0.15,18.54,-0.3
715499,34,Walking,496832347000,-11.3,19.38,-8.2
715500,34,Walking,496882335000,-5.52,6.85,2.72
715501,34,Walking,496932323000,5.52,6.09,1.04
715502,34,Walking,496982341000,-0.42,1.12,-2.37
715503,34,Walking,497032329000,-4.48,-3.76,-5.56
715504,34,Walking,497082347000,0.93,6.7,4.79
715505,34,Walking,497132304000,13.14,16.32,9.0
715506,34,Walking,497182323000,-8.5,10.08,-4.59
715507,34,Walking,497232341000,-1.8,12.95,0.57
715508,34,Walking,497282329000,-5.37,2.26,-4.37
715509,34,Walking,497332347000,-2.53,14.98,-3.36
715510,34,Walking,497382335000,2.34,11.07,-4.71
715511,34,Walking,497432323000,4.44,6.32,-1.99
715512,34,Walking,497482310000,4.29,8.69,-1.5
715513,34,Walking,497532329000,-1.27,10.46,5.75
715514,34,Walking,497582347000,1.57,12.07,-1.84
715515,34,Walking,497632304000,11.88,12.57,0.93
715516,34,Walking,497692332000,7.59,12.11,1.23
715517,34,Walking,497742198000,-2.6,19.53,-1.88
715518,34,Walking,497792338000,-13.4,15.05,-7.35
715519,34,Walking,497842296000,-2.34,6.21,1.57
715520,34,Walking,497892314000,4.4,5.94,0.19
715521,34,Walking,497942302000,-1.8,-0.72,-3.57
715522,34,Walking,497992290000,-3.64,-3.57,-5.28
715523,34,Walking,498042338000,6.21,13.18,9.11
715524,34,Walking,498092296000,7.16,11.69,8.58
715525,34,Walking,498142650000,-9.38,18.85,-0.57
715526,34,Walking,498192302000,-2.75,2.41,-3.41
715527,34,Walking,498242290000,-6.4,8.39,-4.06
715528,34,Walking,498292308000,-1.99,13.91,-3.02
715529,34,Walking,498342296000,3.91,10.88,-4.44
715530,34,Walking,498392314000,6.97,8.24,-0.99
715531,34,Walking,498442302000,2.3,8.81,1.12
715532,34,Walking,498492290000,-1.5,9.38,3.3
715533,34,Walking,498542308000,1.73,13.44,-1.38
715534,34,Walking,498592326000,10.99,13.95,0.04
715535,34,Walking,498642345000,5.83,12.95,1.12
715536,34,Walking,498692302000,-1.92,18.85,-1.33
715537,34,Walking,498742290000,-12.3,15.79,-8.88
715538,34,Walking,498792308000,-3.15,6.85,3.15
715539,34,Walking,498842296000,6.05,5.22,0.11
715540,34,Walking,498892314000,-0.04,0.72,-2.98
715541,34,Walking,498942302000,-4.99,-0.99,-5.24
715542,34,Walking,498992290000,2.26,10.76,8.39
715543,34,Walking,499042308000,10.31,14.6,8.69
715544,34,Walking,499092326000,-5.37,19.15,-2.68
715545,34,Walking,499142345000,-7.93,2.98,-0.08
715546,34,Walking,499192302000,-5.9,8.31,-4.48
715547,34,Walking,499242290000,-1.23,14.25,-2.64
715548,34,Walking,499292338000,5.01,11.07,-3.98
715549,34,Walking,499342296000,7.59,7.82,-0.34
715550,34,Walking,499392314000,3.11,8.58,1.76
715551,34,Walking,499442302000,-0.3,9.85,1.04
715552,34,Walking,499492290000,-1.76,12.76,-0.8
715553,34,Walking,499542308000,9.72,14.14,0.89
715554,34,Walking,499592326000,8.77,12.22,-0.5
715555,34,Walking,499642406000,-2.49,18.73,-1.04
715556,34,Walking,499692302000,-13.59,16.28,-6.66
715557,34,Walking,499742320000,-3.21,7.21,0.11
715558,34,Walking,499792308000,6.09,6.36,1.12
715559,34,Walking,499842296000,-0.76,0.89,-2.64
715560,34,Walking,499892314000,-3.79,-2.79,-5.94
715561,34,Walking,499942302000,2.03,10.15,5.83
715562,34,Walking,499992290000,10.31,13.53,10.99
715563,34,Walking,500042308000,-8.92,13.48,-5.09
715564,34,Walking,500092296000,0.11,11.54,3.76
715565,34,Walking,500142650000,-5.75,3.6,-5.05
715566,34,Walking,500192302000,-1.99,14.25,-3.36
715567,34,Walking,500192302000,-1.99,14.25,-3.36
715568,34,Walking,500243663000,2.96,11.26,-4.48
715569,34,Walking,500312327000,4.99,7.4,-1.88
715570,34,Walking,500362346000,1.31,10.42,-0.04
715571,34,Walking,500412334000,-1.95,9.38,5.86
715572,34,Walking,500462321000,8.96,13.87,-3.95
715573,34,Walking,500512370000,8.73,13.1,2.98
715574,34,Walking,500562327000,3.02,14.21,1.69
715575,34,Walking,500612376000,-7.27,19.57,-8.77
715576,34,Walking,500662334000,-10.99,10.19,2.56
715577,34,Walking,500712321000,5.22,4.37,-1.57
715578,34,Walking,500762340000,3.68,3.64,0.23
715579,34,Walking,500812327000,-3.26,-0.89,-4.82
715580,34,Walking,500862376000,-3.17,0.72,-1.27
715581,34,Walking,500912334000,12.57,19.04,8.2
715582,34,Walking,500962291000,-0.76,5.33,0.69
715583,34,Walking,501012340000,-4.79,18.54,2.87
715584,34,Walking,501062327000,-4.33,2.18,-4.1
715585,34,Walking,501112346000,-3.3,5.86,-3.15
715586,34,Walking,501162334000,1.46,15.4,-3.87
715587,34,Walking,501212321000,2.87,8.39,-2.87
715588,34,Walking,501262340000,4.44,7.44,-1.61
715589,34,Walking,501312358000,2.3,11.03,-3.02
715590,34,Walking,501362346000,0.95,10.61,7.21
715591,34,Walking,501412334000,9.19,13.06,-0.72
715592,34,Walking,501462352000,7.06,13.48,0.27
715593,34,Walking,501512340000,1.84,16.47,0.89
715594,34,Walking,501562327000,-6.51,19.57,-6.97
715595,34,Walking,501612346000,-7.93,9.62,-0.38
715596,34,Walking,501662364000,3.17,6.4,0.95
715597,34,Walking,501712321000,1.08,3.49,-2.22
715598,34,Walking,501762340000,-4.1,-3.21,-5.13
715599,34,Walking,501812327000,-1.95,0.76,1.73
715600,34,Walking,501862376000,13.53,18.81,6.78
715601,34,Walking,501912334000,-3.3,9.23,-1.84
715602,34,Walking,501962291000,-1.76,15.21,2.87
715603,34,Walking,502012279000,-6.05,1.23,-3.98
715604,34,Walking,502062327000,-3.98,10.8,-3.76
715605,34,Walking,502112376000,1.95,14.33,-3.68
715606,34,Walking,502162334000,5.09,6.17,-3.34
715607,34,Walking,502212321000,6.47,8.39,-2.53
715608,34,Walking,502262340000,0.31,12.26,7.55
715609,34,Walking,502312327000,1.57,13.48,-1.5
715610,34,Walking,502362346000,11.65,13.02,0.5
715611,34,Walking,502412364000,5.75,10.84,1.73
715612,34,Walking,502462321000,-0.08,18.5,-2.45
715613,34,Walking,502512340000,-11.26,18.24,-8.58
715614,34,Walking,502562327000,-6.32,6.85,3.53
715615,34,Walking,502612376000,6.66,7.08,0.23
715616,34,Walking,502682353000,-1.33,0.61,-3.06
715617,34,Walking,502734294000,-2.22,-2.26,-2.72
715618,34,Walking,502782390000,5.09,13.38,6.21
715619,34,Walking,502832286000,9.34,12.11,8.62
715620,34,Walking,502882335000,-7.86,14.37,-6.93
715621,34,Walking,502932353000,-1.46,9.7,4.14
715622,34,Walking,502982341000,-5.94,5.56,-5.01
715623,34,Walking,503032329000,-2.37,13.91,-4.1
715624,34,Walking,503082316000,2.22,11.26,-4.14
715625,34,Walking,503132365000,3.76,6.55,-1.61
715626,34,Walking,503182323000,3.02,9.38,-1.88
715627,34,Walking,503232341000,-1.8,10.88,7.12
715628,34,Walking,503282298000,5.33,13.53,-2.41
715629,34,Walking,503332347000,11.6,13.67,1.04
715630,34,Walking,503382335000,4.56,13.1,0.46
715631,34,Walking,503432323000,-3.79,19.57,-3.34
715632,34,Walking,503482341000,-13.21,13.57,-4.29
715633,34,Walking,503532329000,-2.11,7.74,1.08
715634,34,Walking,503582347000,5.43,6.36,0.27
715635,34,Walking,503632335000,-1.65,0.08,-3.83
715636,34,Walking,503682353000,-3.15,-2.34,-4.33
715637,34,Walking,503732341000,5.79,12.53,7.59
715638,34,Walking,503782329000,9.38,11.69,7.63
715639,34,Walking,503832378000,-12.45,16.17,-0.5
715640,34,Walking,503882304000,-1.38,9.85,-4.21
715641,34,Walking,503932323000,-3.15,4.9,-3.21
715642,34,Walking,503982310000,-0.23,14.79,-3.64
715643,34,Walking,504032298000,2.79,9.77,-3.64
715644,34,Walking,504082347000,3.83,6.47,-1.38
715645,34,Walking,504132335000,3.17,9.34,-3.06
715646,34,Walking,504182323000,-1.8,11.6,7.35
715647,34,Walking,504232341000,4.82,12.98,-1.92
715648,34,Walking,504282298000,9.51,14.41,0.93
715649,34,Walking,504332347000,5.67,11.65,0.72
715650,34,Walking,504382335000,-2.68,19.53,-3.6
715651,34,Walking,504432323000,-12.41,13.76,-5.18
715652,34,Walking,504482341000,-1.92,6.4,0.65
715653,34,Walking,504532329000,5.22,5.28,0.5
715654,34,Walking,504582317000,-2.14,0.08,-3.64
715655,34,Walking,504632365000,-2.03,-1.33,-4.14
715656,34,Walking,504682323000,9.43,15.89,5.43
715657,34,Walking,504732341000,5.56,11.96,8.62
715658,34,Walking,504782329000,-7.65,19.23,-3.02
715659,34,Walking,504832347000,-5.86,3.06,-1.73
715660,34,Walking,504882335000,-4.21,8.2,-3.53
715661,34,Walking,504932323000,0.61,14.9,-3.95
715662,34,Walking,504982341000,4.56,9.53,-4.33
715663,34,Walking,505032329000,5.22,8.2,-0.61
715664,34,Walking,505082347000,0.34,9.43,2.3
715665,34,Walking,505132335000,-0.95,9.62,1.73
715666,34,Walking,505182353000,8.2,14.44,-2.41
715667,34,Walking,505232310000,9.89,12.72,2.34
715668,34,Walking,505282298000,2.45,15.02,0.27
715669,34,Walking,505332347000,-7.5,19.57,-6.93
715670,34,Walking,505382335000,-8.85,9.81,0.27
715671,34,Walking,505432323000,4.44,6.47,-0.19
715672,34,Walking,505482371000,0.5,4.33,-1.04
715673,34,Walking,505532329000,-3.76,-2.22,-4.59
715674,34,Walking,505582347000,-1.18,1.73,-0.34
715675,34,Walking,505632335000,12.83,19.27,6.74
715676,34,Walking,505682323000,-1.46,15.13,1.92
715677,34,Walking,505732341000,-6.09,12.76,-0.57
715678,34,Walking,505782329000,-8.01,4.44,-6.24
715679,34,Walking,505832347000,-3.79,12.15,-4.06
