,user,label,timestamp,x,y,z
716480,34,Walking,545872325000,1.08,9.96,-0.38
716481,34,Walking,545922343000,1.27,11.75,4.02
716482,34,Walking,545972331000,9.96,13.44,-2.07
716483,34,Walking,546022380000,7.59,11.84,2.3
716484,34,Walking,546072337000,2.34,16.44,-0.38
716485,34,Walking,546122325000,-5.94,19.57,-6.32
716486,34,Walking,546172343000,-7.4,10.46,1.31
716487,34,Walking,546222331000,5.24,5.41,0.19
716488,34,Walking,546272319000,1.73,3.45,-1.88
716489,34,Walking,546322429000,-4.56,-1.8,-6.7
716490,34,Walking,546372325000,-1.27,2.98,2.87
716491,34,Walking,546422343000,17.2,18.2,9.23
716492,34,Walking,546472331000,-3.53,6.36,-3.98
716493,34,Walking,546522349000,-5.71,18.7,4.14
716494,34,Walking,546572368000,-2.22,1.61,-3.45
716495,34,Walking,546622325000,-2.49,9.08,-3.57
716496,34,Walking,546672343000,2.68,13.67,-4.14
716497,34,Walking,546722331000,2.87,6.44,-2.72
716498,34,Walking,546772319000,2.96,9.28,-1.61
716499,34,Walking,546822337000,1.61,9.89,-3.57
716500,34,Walking,546872325000,-1.08,9.58,8.62
716501,34,Walking,546922374000,8.47,12.34,-4.1
716502,34,Walking,546972331000,9.43,14.52,0.65
716503,34,Walking,547022380000,6.55,13.38,0.76
716504,34,Walking,547072337000,-2.96,19.5,-0.76
716505,34,Walking,547122325000,-9.72,13.99,-9.3
716506,34,Walking,547172374000,2.15,6.66,3.79
716507,34,Walking,547222362000,3.6,6.32,-0.08
716508,34,Walking,547272319000,-2.3,-0.04,-5.13
716509,34,Walking,547322307000,-5.28,-0.3,-4.82
716510,34,Walking,547372356000,6.89,14.41,8.66
716511,34,Walking,547422343000,9.0,10.84,8.73
716512,34,Walking,547472331000,-7.59,14.44,-5.82
716513,34,Walking,547522349000,-4.18,4.94,-5.01
716514,34,Walking,547582347000,-4.18,4.94,-5.01
716515,34,Walking,547632243000,0.69,13.29,-2.53
716516,34,Walking,547682353000,3.6,9.66,-3.53
716517,34,Walking,547732280000,5.05,7.35,-2.68
716518,34,Walking,547782329000,2.11,10.42,-2.37
716519,34,Walking,547832347000,-0.95,9.58,8.2
716520,34,Walking,547882335000,6.44,11.35,-3.21
716521,34,Walking,547932323000,9.96,13.48,0.11
716522,34,Walking,547982341000,6.47,12.76,1.27
716523,34,Walking,548032359000,-1.18,19.04,-0.53
716524,34,Walking,548082347000,-11.11,16.47,-8.27
716525,34,Walking,548132335000,-3.21,6.97,3.57
716526,34,Walking,548182292000,6.05,6.13,-0.04
716527,34,Walking,548232341000,-1.27,0.31,-3.36
716528,34,Walking,548282329000,-3.6,-0.72,-5.18
716529,34,Walking,548332317000,5.24,12.41,6.17
716530,34,Walking,548382335000,11.75,13.8,11.56
716531,34,Walking,548432323000,-7.46,7.93,-7.46
716532,34,Walking,548482341000,-6.32,17.58,3.11
716533,34,Walking,548532359000,-1.92,3.34,-3.57
716534,34,Walking,548582378000,-0.04,12.22,-2.68
716535,34,Walking,548632335000,3.72,10.38,-3.98
716536,34,Walking,548682353000,2.76,6.24,-2.22
716537,34,Walking,548732341000,2.07,10.0,-3.49
716538,34,Walking,548782329000,0.46,10.34,-1.53
716539,34,Walking,548832347000,4.06,11.11,5.24
716540,34,Walking,548882335000,8.39,11.56,-1.12
716541,34,Walking,548932353000,8.16,11.5,1.8
716542,34,Walking,548982341000,4.06,16.21,0.0
716543,34,Walking,549032329000,-4.02,19.57,-6.02
716544,34,Walking,549082347000,-8.05,10.88,-1.61
716545,34,Walking,549132335000,3.64,6.13,0.76
716546,34,Walking,549182323000,1.04,5.01,-0.61
716547,34,Walking,549232341000,-3.6,-2.03,-4.44
716548,34,Walking,549282298000,-2.6,1.08,-2.79
716549,34,Walking,549332317000,14.37,19.15,9.58
716550,34,Walking,549382335000,4.02,5.86,2.15
716551,34,Walking,549432323000,-11.22,17.16,2.49
716552,34,Walking,549482341000,-1.69,6.28,-5.67
716553,34,Walking,549532359000,-3.6,7.63,-3.15
716554,34,Walking,549582317000,2.03,13.63,-2.83
716555,34,Walking,549632335000,4.52,8.16,-3.64
716556,34,Walking,549682323000,4.06,8.05,-1.76
716557,34,Walking,549732341000,0.95,10.65,-2.34
716558,34,Walking,549782329000,-1.69,8.54,8.05
716559,34,Walking,549832347000,6.7,12.11,-4.44
716560,34,Walking,549882335000,8.5,12.34,1.04
716561,34,Walking,549932323000,8.01,12.11,1.33
716562,34,Walking,549982310000,1.65,18.28,0.11
716563,34,Walking,550032329000,-8.47,19.04,-8.27
716564,34,Walking,550082347000,-4.94,7.31,2.15
716565,34,Walking,550132335000,4.79,5.94,0.27
716566,34,Walking,550182323000,-0.23,1.38,-2.68
716567,34,Walking,550232310000,-4.44,-0.65,-4.86
716568,34,Walking,550282329000,0.69,8.85,5.94
716569,34,Walking,550332317000,14.25,15.36,8.77
716570,34,Walking,550382335000,-3.79,15.21,-3.64
716571,34,Walking,550432323000,-2.83,12.11,2.76
716572,34,Walking,550482341000,-6.85,4.94,-5.63
716573,34,Walking,550532329000,-2.03,12.98,-2.56
716574,34,Walking,550582347000,3.45,11.8,-3.83
716575,34,Walking,550632335000,4.75,6.66,-2.56
716576,34,Walking,550682323000,2.91,8.92,1.95
716577,34,Walking,550732371000,-1.65,10.15,2.72
716578,34,Walking,550782329000,-0.04,11.69,-2.03
716579,34,Walking,550832347000,11.65,11.92,-0.84
716580,34,Walking,550882335000,9.11,14.63,-1.33
716581,34,Walking,550932353000,0.76,16.47,2.37
716582,34,Walking,550982371000,-9.53,19.27,-5.18
716583,34,Walking,551032329000,-4.63,8.73,-2.37
716584,34,Walking,551082347000,5.83,7.4,1.04
716585,34,Walking,551132335000,-0.19,3.64,-0.89
716586,34,Walking,551182323000,-2.72,-0.69,-4.56
716587,34,Walking,551232310000,-3.34,3.17,-0.08
716588,34,Walking,551282329000,12.03,19.19,5.63
716589,34,Walking,551332317000,3.57,12.95,5.79
716590,34,Walking,551382335000,-3.34,15.79,-3.64
716591,34,Walking,551432353000,-8.73,3.21,-2.6
716592,34,Walking,551482341000,-4.52,11.65,-3.6
716593,34,Walking,551532329000,1.18,13.06,-2.49
716594,34,Walking,551582347000,6.13,8.69,-2.68
716595,34,Walking,551632335000,6.66,7.7,-1.61
716596,34,Walking,551682353000,2.68,8.81,-2.56
716597,34,Walking,551732341000,-3.79,10.12,7.01
716598,34,Walking,551782329000,4.79,12.22,-2.87
716599,34,Walking,551832347000,12.49,12.87,0.08
716600,34,Walking,551882335000,5.71,10.95,2.64
716601,34,Walking,551932292000,-1.08,19.15,-2.64
716602,34,Walking,551982341000,-10.92,17.31,-4.33
716603,34,Walking,552032329000,-3.98,7.31,2.11
716604,34,Walking,552082347000,7.35,6.51,0.23
716605,34,Walking,552132335000,-1.14,2.11,-2.11
716606,34,Walking,552182292000,-3.83,-1.33,-5.18
716607,34,Walking,552232341000,1.8,9.3,5.75
716608,34,Walking,552282329000,16.74,16.04,9.53
716609,34,Walking,552332317000,-4.79,8.73,-5.86
716610,34,Walking,552382335000,-7.44,17.39,3.68
716611,34,Walking,552432323000,-4.71,1.5,-4.79
716612,34,Walking,552482341000,-2.91,12.34,-2.45
716613,34,Walking,552532329000,2.83,12.3,-4.4
716615,34,Walking,552582347000,5.05,5.94,-3.36
716614,34,Walking,552582347000,5.05,5.94,-3.36
716616,34,Walking,552652293000,5.24,9.11,-3.41
716617,34,Walking,552702312000,-1.53,11.3,9.28
716618,34,Walking,552752330000,5.63,12.18,-3.79
716619,34,Walking,552802348000,9.19,12.53,-1.76
716620,34,Walking,552852336000,7.16,11.96,3.21
716621,34,Walking,552902324000,1.27,17.5,0.69
716622,34,Walking,552952373000,-6.09,19.53,-8.31
716623,34,Walking,553002360000,-5.75,8.66,0.38
716624,34,Walking,553052409000,4.21,6.17,0.8
716625,34,Walking,553102336000,-0.23,3.45,-1.69
716626,34,Walking,553152324000,-3.57,-0.72,-4.94
716627,34,Walking,553202342000,-2.11,4.63,2.15
716628,34,Walking,553252330000,16.44,17.97,8.24
716629,34,Walking,553302348000,-1.46,11.96,-1.8
716630,34,Walking,553352336000,-7.31,16.47,2.79
716631,34,Walking,553402324000,-6.43,3.6,-5.98
716632,34,Walking,553452342000,-3.17,11.99,-3.15
716633,34,Walking,553502330000,2.37,13.38,-3.11
716635,34,Walking,553552379000,5.22,7.82,-2.53
716634,34,Walking,553552379000,5.22,7.82,-2.53
716636,34,Walking,553652446000,4.06,8.31,-2.64
716637,34,Walking,553702129000,-1.27,9.43,6.02
716638,34,Walking,553752269000,4.67,11.99,-2.37
716639,34,Walking,553802287000,9.92,12.15,-0.5
716640,34,Walking,553852367000,6.02,11.92,1.12
716641,34,Walking,553902324000,-0.65,19.11,0.08
716642,34,Walking,553952342000,-11.54,17.86,-5.28
716643,34,Walking,554002757000,-4.71,7.08,1.88
716644,34,Walking,554052348000,8.12,6.74,0.23
716645,34,Walking,554102336000,0.11,2.45,-2.75
716646,34,Walking,554152324000,-4.94,0.04,-5.05
716647,34,Walking,554202342000,0.42,8.85,5.48
716648,34,Walking,554252330000,14.56,16.44,8.16
716649,34,Walking,554302379000,-1.08,10.15,-3.41
716650,34,Walking,554352336000,-4.75,17.82,0.8
716651,34,Walking,554402324000,-6.36,5.6,-2.79
716652,34,Walking,554452342000,-2.98,10.92,-3.17
716653,34,Walking,554502330000,2.03,11.11,-3.72
716654,34,Walking,554552409000,4.75,7.16,-2.6
716655,34,Walking,554602336000,5.6,8.85,-3.26
716656,34,Walking,554652324000,0.11,11.69,0.99
716657,34,Walking,554702342000,2.22,10.61,1.99
716658,34,Walking,554752330000,8.58,13.02,-3.6
716659,34,Walking,554802348000,8.24,13.59,2.79
716660,34,Walking,554852336000,5.09,11.99,1.5
716661,34,Walking,554902324000,-1.23,19.5,-2.75
716662,34,Walking,554952342000,-8.96,14.56,-10.38
716664,34,Walking,555062144000,3.41,4.71,-0.91
716663,34,Walking,555062144000,3.41,4.71,-0.91
716665,34,Walking,555112254000,-4.06,0.08,-3.95
716666,34,Walking,555162364000,-1.61,1.27,0.08
716667,34,Walking,555212291000,15.32,19.0,5.67
716668,34,Walking,555262401000,3.87,6.09,2.22
716669,34,Walking,555312327000,-8.01,17.88,3.83
716670,34,Walking,555362346000,-2.79,5.24,-5.2
716671,34,Walking,555412334000,-3.72,6.44,-3.49
716672,34,Walking,555462321000,2.11,15.02,-3.64
716673,34,Walking,555512340000,4.1,8.2,-3.17
716674,34,Walking,555562358000,4.99,8.24,-1.92
716675,34,Walking,555612346000,2.15,9.72,-3.41
716676,34,Walking,555662334000,-2.68,11.45,9.72
716677,34,Walking,555712321000,8.66,12.45,-4.63
716678,34,Walking,555762340000,10.95,12.83,2.49
716679,34,Walking,555812327000,4.67,12.18,2.07
