,user,label,timestamp,x,y,z
717480,34,Walking,595882335000,12.68,16.36,2.18
717481,34,Walking,595932323000,1.95,11.11,-0.46
717482,34,Walking,595982310000,1.57,13.87,-2.37
717483,34,Walking,596032329000,-6.43,8.28,2.37
717484,34,Walking,596082347000,-5.05,8.58,-2.49
717485,34,Walking,596132335000,-0.8,11.07,-1.18
717486,34,Walking,596182323000,3.3,10.15,-4.1
717487,34,Walking,596232310000,5.24,9.34,-1.23
717488,34,Walking,596282329000,-0.27,8.92,-0.5
717489,34,Walking,596332347000,-5.86,10.34,-1.99
717490,34,Walking,596382304000,0.19,11.35,0.84
717491,34,Walking,596432323000,7.82,11.69,1.14
717492,34,Walking,596482341000,5.52,13.21,1.88
717493,34,Walking,596532329000,5.9,11.41,-2.53
717494,34,Walking,596582317000,0.08,17.35,-4.82
717495,34,Walking,596632335000,-5.24,15.02,-6.59
717496,34,Walking,596682323000,-1.31,10.88,2.6
717497,34,Walking,596732341000,3.76,9.62,-0.34
717498,34,Walking,596782329000,-0.89,4.86,-2.07
717499,34,Walking,596832347000,-4.4,1.99,-2.98
717500,34,Walking,596882304000,-3.68,3.79,3.17
717501,34,Walking,596932323000,13.18,17.5,2.3
717502,34,Walking,596982341000,7.93,11.96,2.76
717503,34,Walking,597032329000,-1.88,18.05,-0.8
717504,34,Walking,597082347000,-10.31,5.22,-3.26
717505,34,Walking,597132335000,-5.28,8.62,-3.49
717506,34,Walking,597182323000,0.0,13.1,-1.69
717507,34,Walking,597232341000,5.37,9.77,-3.02
717508,34,Walking,597282329000,7.27,8.39,-2.56
717509,34,Walking,597332347000,1.57,9.53,-0.46
717511,34,Walking,597382335000,-3.17,10.19,6.7
717510,34,Walking,597382335000,-3.17,10.19,6.7
717512,34,Walking,597452312000,5.18,12.87,-3.76
717513,34,Walking,597502330000,9.08,12.64,2.96
717514,34,Walking,597552348000,3.83,12.6,-1.57
717515,34,Walking,597602336000,-2.07,19.57,-4.59
717516,34,Walking,597652324000,-9.77,13.72,-1.95
717517,34,Walking,597702342000,0.69,6.32,0.0
717518,34,Walking,597752360000,3.26,6.66,0.23
717519,34,Walking,597802348000,-2.45,1.23,-2.91
717520,34,Walking,597852336000,-4.59,0.31,-3.68
717521,34,Walking,597902324000,8.92,14.94,6.7
717522,34,Walking,597952342000,11.41,10.99,8.62
717523,34,Walking,598002818000,-9.19,13.76,-4.99
717524,34,Walking,598052348000,-3.87,12.3,-1.31
717525,34,Walking,598102336000,-3.76,4.14,-3.34
717526,34,Walking,598152324000,-0.15,13.29,-2.98
717527,34,Walking,598202342000,3.49,9.89,-3.53
717528,34,Walking,598252330000,4.1,6.24,-2.49
717529,34,Walking,598302348000,2.56,10.5,-3.17
717530,34,Walking,598352336000,-1.76,10.46,4.4
717531,34,Walking,598402324000,5.18,12.26,-2.26
717532,34,Walking,598452342000,11.37,12.57,-2.11
717533,34,Walking,598502330000,7.25,12.34,2.37
717534,34,Walking,598552348000,1.27,16.55,1.99
717535,34,Walking,598602336000,-5.94,19.57,-4.44
717536,34,Walking,598652324000,-8.96,10.69,-3.15
717537,34,Walking,598702342000,3.21,6.24,1.18
717538,34,Walking,598752330000,0.89,3.83,-0.65
717539,34,Walking,598802348000,-4.86,0.31,-3.72
717540,34,Walking,598852336000,0.69,3.72,5.83
717541,34,Walking,598902324000,16.51,18.77,2.15
717542,34,Walking,598952342000,-0.84,13.76,3.02
717543,34,Walking,599002330000,-8.96,13.99,-0.46
717544,34,Walking,599052348000,-4.71,4.52,-5.41
717545,34,Walking,599102336000,-1.8,13.21,-3.68
717546,34,Walking,599152324000,2.6,10.65,-3.83
717547,34,Walking,599202342000,4.67,7.06,-1.23
717548,34,Walking,599252330000,4.94,9.53,-2.72
717549,34,Walking,599302348000,1.23,10.38,-1.31
717550,34,Walking,599352336000,-0.99,11.69,6.09
717551,34,Walking,599402324000,9.85,12.83,-4.71
717552,34,Walking,599452342000,9.62,12.53,3.21
717553,34,Walking,599502330000,3.91,12.3,2.07
717554,34,Walking,599552348000,-1.08,19.57,-4.29
717555,34,Walking,599602336000,-9.23,13.06,-7.25
717556,34,Walking,599652324000,0.5,6.93,2.91
717557,34,Walking,599702342000,2.49,5.05,-0.42
717558,34,Walking,599752330000,-3.02,-0.19,-3.83
717560,34,Walking,599862132000,16.66,19.15,7.08
717559,34,Walking,599862132000,16.66,19.15,7.08
717561,34,Walking,599912242000,1.14,11.6,1.04
717562,34,Walking,599962352000,-9.0,16.36,0.42
717563,34,Walking,600012248000,-4.94,3.91,-5.05
717564,34,Walking,600062327000,-2.53,12.26,-2.41
717565,34,Walking,600112346000,3.17,11.65,-3.83
717566,34,Walking,600162334000,4.94,6.13,-1.99
717567,34,Walking,600212321000,4.71,9.7,-2.96
717568,34,Walking,600262309000,0.65,10.95,-1.46
717569,34,Walking,600312327000,-0.11,11.6,4.29
717570,34,Walking,600362346000,9.81,12.53,-3.36
717571,34,Walking,600412334000,9.04,12.72,1.95
717572,34,Walking,600412334000,9.04,12.72,1.95
717573,34,Walking,600512370000,-1.57,19.5,-3.36
717574,34,Walking,600572307000,-8.24,11.65,-3.91
717575,34,Walking,600622203000,3.21,5.71,0.46
717576,34,Walking,600672282000,0.27,3.11,-0.84
717577,34,Walking,600722331000,-3.64,-0.61,-4.79
717578,34,Walking,600772319000,-0.91,6.32,3.6
717579,34,Walking,600822337000,16.78,16.59,8.47
717580,34,Walking,600872295000,-3.98,9.7,-4.86
717581,34,Walking,600922343000,-6.89,16.59,5.01
717582,34,Walking,600972331000,-4.63,3.3,-5.63
717583,34,Walking,601022319000,-1.46,11.69,-2.75
717584,34,Walking,601072307000,4.1,12.34,-4.4
717585,34,Walking,601122325000,3.83,5.67,-2.45
717586,34,Walking,601172343000,4.02,9.51,-3.57
717587,34,Walking,601222331000,-2.45,12.79,6.24
717588,34,Walking,601272319000,5.79,12.11,-4.63
717589,34,Walking,601322337000,12.53,12.15,1.31
717590,34,Walking,601372295000,7.35,10.76,1.73
717591,34,Walking,601422374000,1.99,18.24,-2.45
717592,34,Walking,601472362000,-8.58,19.31,-7.31
717593,34,Walking,601522319000,-8.96,9.04,3.79
717594,34,Walking,601572368000,6.44,5.63,-1.18
717595,34,Walking,601622325000,-0.3,3.21,-1.23
717596,34,Walking,601672343000,-4.56,-1.46,-4.94
717597,34,Walking,601722331000,0.42,6.28,7.44
717598,34,Walking,601772319000,15.94,16.89,5.67
717599,34,Walking,601822337000,-6.17,10.69,-3.3
717600,34,Walking,601872295000,-8.08,16.7,0.95
717601,34,Walking,601922343000,-3.34,5.05,-5.37
717602,34,Walking,601972331000,-0.72,14.14,-3.21
717603,34,Walking,602022319000,4.6,10.27,-4.44
717604,34,Walking,602072307000,5.01,6.05,-1.14
717605,34,Walking,602122356000,4.82,9.92,-2.75
717606,34,Walking,602172343000,-0.72,11.22,8.16
717607,34,Walking,602222331000,2.68,11.99,-5.37
717608,34,Walking,602272319000,11.99,13.33,1.46
717609,34,Walking,602322368000,8.08,13.95,-0.89
717610,34,Walking,602372295000,-0.57,17.47,1.76
717611,34,Walking,602422343000,-10.5,18.35,-5.82
717612,34,Walking,602472331000,-6.02,8.96,-0.76
717613,34,Walking,602522319000,7.97,5.79,-0.04
717614,34,Walking,602572337000,0.11,2.64,-1.88
717615,34,Walking,602622325000,-5.98,-0.8,-4.86
717616,34,Walking,602672374000,2.18,5.71,8.66
717617,34,Walking,602722331000,13.1,17.69,5.13
717618,34,Walking,602772319000,-6.32,10.76,-2.96
717619,34,Walking,602822368000,-3.45,15.7,-0.8
717620,34,Walking,602872325000,-4.06,5.24,-4.9
717621,34,Walking,602922343000,-1.14,12.64,-2.26
717622,34,Walking,602972331000,3.11,10.19,-3.95
717623,34,Walking,603022319000,3.68,6.32,-1.69
717624,34,Walking,603072337000,3.87,8.69,-2.79
717625,34,Walking,603122325000,1.08,10.76,-2.72
717626,34,Walking,603172343000,-0.11,12.22,7.08
717627,34,Walking,603222331000,10.5,12.95,-3.72
717628,34,Walking,603272319000,8.92,13.14,2.6
717629,34,Walking,603322337000,4.86,11.88,1.8
717630,34,Walking,603372295000,-0.11,19.57,-3.76
717631,34,Walking,603422343000,-8.39,14.9,-9.92
717632,34,Walking,603472331000,-1.53,7.7,4.67
717633,34,Walking,603522319000,2.96,5.48,-0.99
717634,34,Walking,603572337000,-4.33,-0.42,-3.68
717635,34,Walking,603622325000,-3.98,-0.27,-1.65
717636,34,Walking,603672374000,14.98,17.73,7.59
717637,34,Walking,603722362000,4.48,6.66,3.45
717638,34,Walking,603772319000,-10.15,18.58,4.86
717639,34,Walking,603822337000,-2.83,5.01,-7.16
717640,34,Walking,603872295000,-3.79,8.54,-3.45
717641,34,Walking,603922343000,1.27,13.25,-3.68
717642,34,Walking,603972392000,3.76,7.67,-3.17
717643,34,Walking,604022319000,4.48,8.47,-2.37
717644,34,Walking,604072307000,2.15,9.89,-3.06
717645,34,Walking,604122325000,-2.14,11.75,9.04
717646,34,Walking,604172343000,8.85,12.91,-4.71
717647,34,Walking,604222331000,11.37,13.29,2.6
717648,34,Walking,604272319000,6.32,12.22,2.49
717649,34,Walking,604322368000,0.15,19.57,-3.68
717650,34,Walking,604372325000,-9.81,14.86,-10.0
717651,34,Walking,604422343000,-4.52,6.66,4.86
717652,34,Walking,604472331000,4.6,4.79,-0.3
717653,34,Walking,604522319000,-2.34,-0.46,-3.49
717654,34,Walking,604572337000,-3.49,-1.65,-3.76
717655,34,Walking,604622325000,11.37,16.63,7.74
717656,34,Walking,604672343000,7.27,10.04,7.74
717657,34,Walking,604722331000,-10.5,18.05,0.27
717658,34,Walking,604772319000,-3.95,6.63,-5.52
717659,34,Walking,604822337000,-4.37,8.89,-4.06
717660,34,Walking,604889506000,1.08,13.63,-2.96
717661,34,Walking,604942332000,5.22,6.74,-2.49
717662,34,Walking,604992290000,5.63,9.77,-1.8
717663,34,Walking,605042308000,-0.57,10.04,6.47
717664,34,Walking,605092296000,-0.65,11.45,-1.95
717665,34,Walking,605142345000,10.53,12.76,-1.42
717666,34,Walking,605192332000,8.69,11.6,2.15
717667,34,Walking,605192332000,8.69,11.6,2.15
717668,34,Walking,605244060000,3.79,14.79,-0.95
717669,34,Walking,605302379000,-3.17,19.57,-5.52
717670,34,Walking,605352367000,-7.46,9.81,2.41
717671,34,Walking,605402385000,4.56,5.98,-0.38
717672,34,Walking,605452342000,-0.91,3.53,-1.69
717673,34,Walking,605502360000,-4.75,-2.41,-4.52
717674,34,Walking,605552348000,-1.12,4.18,4.6
717675,34,Walking,605602336000,17.39,17.62,6.47
717676,34,Walking,605652324000,-3.83,14.29,-2.41
717677,34,Walking,605702342000,-4.59,12.6,0.65
717678,34,Walking,605752330000,-6.97,4.75,-5.82
717679,34,Walking,605802348000,-2.75,14.41,-3.3
