,user,label,timestamp,x,y,z
725978,34,Walking,1152282329000,-8.62,15.7,0.72
725979,34,Walking,1152332347000,-0.65,14.25,-7.16
725980,34,Walking,1152382335000,4.33,18.66,3.3
725981,34,Walking,1152432323000,8.05,10.84,-5.43
725982,34,Walking,1152482341000,-3.57,1.99,-4.14
725983,34,Walking,1152532329000,-0.11,-1.92,-4.18
725984,34,Walking,1152582347000,1.69,-2.49,-4.48
725985,34,Walking,1152632335000,1.99,9.66,7.46
725986,34,Walking,1152702312000,-6.05,12.95,7.7
725987,34,Walking,1152752269000,6.59,15.66,-1.08
725988,34,Walking,1152802348000,0.42,7.06,-6.47
725989,34,Walking,1152852306000,4.02,8.89,-6.47
725990,34,Walking,1152902324000,-4.1,12.79,-4.59
725991,34,Walking,1152952342000,-6.66,6.32,1.73
725992,34,Walking,1153002330000,-2.79,8.62,-0.65
725993,34,Walking,1153052379000,1.69,7.74,-0.61
725994,34,Walking,1153102336000,-7.01,12.37,0.89
725995,34,Walking,1153152324000,-9.85,12.79,-1.38
725996,34,Walking,1153202312000,-6.66,15.94,2.79
725997,34,Walking,1153252360000,-5.05,13.76,-3.95
725998,34,Walking,1153302348000,-1.12,16.13,-3.21
725999,34,Walking,1153352336000,8.96,18.92,4.21
726000,34,Walking,1153402324000,2.07,3.3,-7.04
726001,34,Walking,1153452312000,-3.02,-0.04,-5.01
726002,34,Walking,1153502330000,1.23,-2.11,-3.68
726003,34,Walking,1153552379000,2.79,0.8,-2.96
726004,34,Walking,1153602336000,-9.58,18.5,14.56
726005,34,Walking,1153652324000,1.95,8.12,3.38
726006,34,Walking,1153702312000,1.46,16.55,1.42
726007,34,Walking,1153752330000,2.49,4.75,-6.24
726008,34,Walking,1153802348000,2.26,10.92,-6.4
726009,34,Walking,1153852336000,-4.59,14.33,-4.79
726010,34,Walking,1153902324000,-5.79,6.02,3.79
726011,34,Walking,1153952342000,-3.26,6.7,-0.95
726012,34,Walking,1154002757000,1.04,8.77,0.61
726013,34,Walking,1154052348000,-7.97,12.37,-0.04
726014,34,Walking,1154102336000,-9.89,12.6,-1.04
726015,34,Walking,1154152324000,-9.15,17.35,1.84
726016,34,Walking,1154202312000,0.38,13.38,-6.21
726017,34,Walking,1154252330000,0.08,17.43,2.03
726018,34,Walking,1154302348000,6.7,14.41,-2.07
726019,34,Walking,1154352336000,-1.88,3.72,-5.24
726020,34,Walking,1154402324000,-0.95,-0.99,-4.33
726021,34,Walking,1154452342000,0.99,-2.03,-3.49
726022,34,Walking,1154502330000,5.41,3.38,0.8
726023,34,Walking,1154552409000,-11.6,18.81,15.02
726024,34,Walking,1154602336000,4.56,5.48,-2.07
726025,34,Walking,1154652324000,0.72,16.63,-3.53
726026,34,Walking,1154702312000,2.18,6.51,-3.17
726027,34,Walking,1154752330000,0.69,10.76,-6.32
726028,34,Walking,1154802348000,-3.21,9.3,-3.17
726029,34,Walking,1154852336000,-4.18,7.93,-0.61
726030,34,Walking,1154902324000,-1.99,9.38,1.92
726031,34,Walking,1154952342000,-1.88,7.7,0.19
726032,34,Walking,1155002299000,-8.54,12.83,-0.5
726033,34,Walking,1155052348000,-8.85,13.67,0.57
726034,34,Walking,1155102336000,-8.05,15.66,1.65
726035,34,Walking,1155152324000,-1.18,15.05,-7.35
726036,34,Walking,1155202312000,1.18,17.69,1.38
726037,34,Walking,1155252269000,9.08,12.11,-3.49
726038,34,Walking,1155302348000,-2.14,3.21,-5.2
726039,34,Walking,1155352336000,-1.95,-0.99,-4.1
726040,34,Walking,1155402324000,2.56,-2.72,-4.4
726041,34,Walking,1155452342000,2.72,7.01,11.8
726042,34,Walking,1155512309000,-10.99,16.02,11.8
726043,34,Walking,1155562297000,9.89,5.56,-7.78
726044,34,Walking,1155612407000,0.89,14.9,-4.86
726045,34,Walking,1155662273000,-0.08,6.78,-5.13
726046,34,Walking,1155712321000,-5.2,14.06,-4.75
726047,34,Walking,1155762340000,-4.06,7.55,3.06
726048,34,Walking,1155812389000,-0.91,7.7,-1.95
726049,34,Walking,1155862346000,-2.83,8.05,-0.84
726050,34,Walking,1155912334000,-1.27,10.88,3.02
726051,34,Walking,1155962321000,-7.82,12.11,2.68
726052,34,Walking,1156012279000,-11.03,13.67,0.04
726053,34,Walking,1156062327000,-6.4,12.87,-0.57
726054,34,Walking,1156112376000,-2.68,15.51,-5.6
726055,34,Walking,1156162334000,7.08,19.53,5.94
726056,34,Walking,1156212291000,3.91,5.63,-8.73
726057,34,Walking,1156262340000,-3.76,2.72,-3.26
726058,34,Walking,1156312327000,1.42,0.11,-3.95
726059,34,Walking,1156362346000,3.41,-3.15,-3.34
726060,34,Walking,1156412334000,-1.8,13.02,11.92
726061,34,Walking,1156462321000,-8.16,12.15,7.4
726062,34,Walking,1156512370000,3.11,17.97,-4.59
726063,34,Walking,1156562327000,2.68,3.41,-3.21
726064,34,Walking,1156612346000,4.52,9.96,-5.63
726065,34,Walking,1156662334000,-2.45,12.64,-8.01
726066,34,Walking,1156712291000,-6.21,7.7,-0.61
726067,34,Walking,1156762340000,-2.03,8.85,5.52
726068,34,Walking,1156812327000,-3.11,8.96,-0.95
726069,34,Walking,1156862346000,-4.25,11.54,0.65
726070,34,Walking,1156912334000,-10.53,12.41,0.61
726071,34,Walking,1156962321000,-8.81,16.21,2.41
726072,34,Walking,1157012340000,-2.45,14.48,-7.65
726073,34,Walking,1157062327000,0.23,17.47,0.53
726074,34,Walking,1157112407000,9.77,14.44,-1.18
726075,34,Walking,1157162303000,-0.11,3.68,-6.24
726076,34,Walking,1157212321000,-3.11,-1.18,-3.3
726077,34,Walking,1157262340000,2.18,-2.37,-2.83
726079,34,Walking,1157312327000,5.48,4.06,0.15
726078,34,Walking,1157312327000,5.48,4.06,0.15
726080,34,Walking,1157400401000,-14.33,18.12,13.38
726081,34,Walking,1157462443000,2.72,15.36,-3.95
726082,34,Walking,1157512706000,3.99,5.63,-5.13
726083,34,Walking,1157562236000,-1.65,13.63,-7.12
726084,34,Walking,1157612315000,-5.94,9.58,-1.8
726085,34,Walking,1157662334000,-3.83,6.36,3.49
726086,34,Walking,1157712291000,-2.53,8.5,-0.3
726087,34,Walking,1157762340000,-0.3,8.69,0.34
726088,34,Walking,1157812327000,-7.35,12.53,1.99
726089,34,Walking,1157862346000,-10.27,13.33,1.8
726090,34,Walking,1157912334000,-8.01,14.33,-0.08
726091,34,Walking,1157962321000,-1.53,15.4,-4.82
726092,34,Walking,1158012248000,3.02,19.19,3.21
726093,34,Walking,1158062327000,5.24,9.04,-5.86
726094,34,Walking,1158112346000,-0.5,4.18,-5.09
726095,34,Walking,1158162334000,-0.95,-2.96,-4.18
726096,34,Walking,1158212291000,4.1,-4.48,-3.6
726097,34,Walking,1158262340000,-4.14,13.91,13.8
726098,34,Walking,1158312327000,-8.24,10.95,6.59
726099,34,Walking,1158362346000,10.04,9.04,-8.27
726100,34,Walking,1158412334000,-1.04,11.56,-7.4
726101,34,Walking,1158462352000,2.37,3.95,-3.41
726102,34,Walking,1158512340000,-2.37,15.6,-6.74
726103,34,Walking,1158562327000,-6.09,8.2,-1.76
726104,34,Walking,1158612346000,-0.91,7.01,2.11
726105,34,Walking,1158662364000,-3.11,9.7,-0.38
726106,34,Walking,1158712291000,-2.79,10.08,1.99
726107,34,Walking,1158762340000,-11.37,12.03,2.34
726108,34,Walking,1158812327000,-10.69,16.63,1.46
726109,34,Walking,1158862315000,-0.61,15.79,-5.82
726110,34,Walking,1158912303000,-1.14,17.5,-1.65
726111,34,Walking,1158962321000,8.62,15.05,0.34
726112,34,Walking,1159012218000,0.89,4.75,-7.4
726113,34,Walking,1159062327000,-3.21,-0.46,-3.95
726114,34,Walking,1159112346000,0.53,-1.14,-3.36
726115,34,Walking,1159162364000,5.13,1.95,0.5
726116,34,Walking,1159212321000,-8.58,19.19,12.6
726117,34,Walking,1159262370000,5.48,8.73,0.23
726118,34,Walking,1159312297000,-2.75,16.04,-4.56
726119,34,Walking,1159362346000,3.21,5.05,-4.02
726120,34,Walking,1159412303000,-0.69,12.57,-5.18
726121,34,Walking,1159462321000,-4.59,9.34,-1.99
726122,34,Walking,1159512340000,-4.67,6.63,0.53
726123,34,Walking,1159562327000,-2.26,8.43,0.89
726124,34,Walking,1159612376000,1.92,10.38,3.87
726125,34,Walking,1159662425000,-11.07,11.65,-1.14
726126,34,Walking,1159712321000,-7.97,14.06,0.95
726127,34,Walking,1159762370000,-6.82,15.24,1.42
726128,34,Walking,1159812327000,-1.53,14.79,-7.12
726129,34,Walking,1159862376000,5.13,19.31,4.79
726130,34,Walking,1159912334000,5.67,7.4,-6.63
726131,34,Walking,1159962321000,-2.91,3.17,-4.4
726132,34,Walking,1160012248000,-0.04,-0.8,-4.21
726133,34,Walking,1160062327000,2.37,-3.17,-4.14
726134,34,Walking,1160112346000,-2.37,12.3,11.8
726135,34,Walking,1160162334000,-6.28,12.41,8.62
726136,34,Walking,1160212291000,7.55,16.13,-4.59
726137,34,Walking,1160262340000,0.95,6.78,-6.47
726138,34,Walking,1160312327000,4.14,7.97,-4.75
726139,34,Walking,1160362346000,-2.79,13.87,-7.82
726140,34,Walking,1160412334000,-6.7,8.24,1.14
726141,34,Walking,1160462352000,-3.06,8.28,0.5
726142,34,Walking,1160512340000,-2.26,8.89,0.72
726143,34,Walking,1160570354000,-3.11,10.8,0.57
726144,34,Walking,1160622264000,-10.19,12.57,-0.42
726145,34,Walking,1160672343000,-8.92,16.7,2.72
726146,34,Walking,1160722331000,-1.95,14.18,-5.2
726147,34,Walking,1160772288000,-0.57,16.25,-1.23
726148,34,Walking,1160822307000,8.89,16.21,1.8
726149,34,Walking,1160872295000,1.88,3.6,-8.81
726150,34,Walking,1160922313000,-4.52,1.04,-3.41
726151,34,Walking,1160972331000,2.15,-0.91,-3.57
726152,34,Walking,1161022319000,3.57,2.83,1.92
726153,34,Walking,1161072307000,-10.65,18.66,11.5
726154,34,Walking,1161122295000,5.6,9.72,-2.26
726155,34,Walking,1161172313000,-0.08,14.75,-2.37
726156,34,Walking,1161222331000,3.15,2.45,-3.83
726157,34,Walking,1161272258000,0.08,14.1,-5.75
726158,34,Walking,1161322307000,-4.86,11.03,-3.17
726159,34,Walking,1161372325000,-5.24,5.6,2.98
726160,34,Walking,1161422313000,-3.06,8.89,-0.34
726161,34,Walking,1161472301000,1.8,9.51,2.49
726162,34,Walking,1161522288000,-9.77,12.57,-0.89
726163,34,Walking,1161572307000,-9.38,13.63,0.93
726164,34,Walking,1161622295000,-7.08,14.9,1.95
726165,34,Walking,1161672313000,-3.15,13.99,-7.35
726166,34,Walking,1161722331000,5.48,19.15,4.18
726167,34,Walking,1161772288000,6.51,8.43,-5.18
726168,34,Walking,1161822307000,-3.36,2.64,-4.48
726169,34,Walking,1161872295000,-0.46,0.23,-3.95
726170,34,Walking,1161922313000,2.72,-0.91,-2.53
726171,34,Walking,1161972331000,-0.38,11.8,8.08
726172,34,Walking,1162022288000,-6.51,13.59,9.3
726173,34,Walking,1162072307000,8.85,13.1,-5.52
726174,34,Walking,1162122295000,-1.27,8.85,-4.59
726175,34,Walking,1162172313000,2.83,5.94,-5.63
726176,34,Walking,1162222362000,-2.87,15.28,-5.67
726177,34,Walking,1162272288000,-5.28,8.28,-1.04
