,user,label,timestamp,x,y,z
730578,34,Walking,1382292338000,-7.25,14.44,-2.14
730579,34,Walking,1382342326000,-2.07,13.82,-5.63
730580,34,Walking,1382392375000,6.66,18.73,5.37
730581,34,Walking,1382442332000,4.14,5.83,-6.66
730582,34,Walking,1382492320000,-4.02,3.6,-3.98
730583,34,Walking,1382542338000,-0.76,2.72,-2.68
730584,34,Walking,1382592296000,4.18,0.04,-1.69
730585,34,Walking,1382642345000,-2.72,9.04,6.85
730586,34,Walking,1382692332000,-7.31,15.13,8.54
730587,34,Walking,1382742320000,5.75,8.08,-1.95
730588,34,Walking,1382792338000,2.53,15.21,0.27
730589,34,Walking,1382842326000,1.76,5.24,-4.29
730590,34,Walking,1382892345000,-1.8,12.18,-6.28
730591,34,Walking,1382942332000,-5.86,10.15,-3.79
730592,34,Walking,1382992290000,-2.22,8.2,5.22
730593,34,Walking,1383042338000,-0.95,8.39,-1.73
730594,34,Walking,1383092509000,-0.95,9.47,-1.04
730595,34,Walking,1383142345000,-4.56,12.22,4.33
730596,34,Walking,1383192332000,-9.15,11.37,1.46
730597,34,Walking,1383242320000,-10.99,14.9,-0.11
730598,34,Walking,1383312297000,-2.03,14.79,-5.98
730599,34,Walking,1383362315000,3.79,18.77,3.45
730600,34,Walking,1383412364000,4.9,7.08,-5.2
730601,34,Walking,1383462260000,-4.44,4.06,-3.57
730602,34,Walking,1383512340000,-0.38,1.92,-3.68
730603,34,Walking,1383562327000,5.18,1.27,-1.95
730604,34,Walking,1383612346000,2.41,8.92,4.9
730605,34,Walking,1383662364000,-9.34,15.4,9.77
730606,34,Walking,1383712321000,1.14,11.07,-0.84
730607,34,Walking,1383762340000,1.54,14.79,0.84
730608,34,Walking,1383812358000,4.44,1.99,-3.76
730609,34,Walking,1383862346000,-0.15,12.03,-6.21
730610,34,Walking,1383912334000,-5.71,13.06,-6.02
730611,34,Walking,1383962321000,-2.49,6.74,4.82
730612,34,Walking,1384012248000,-2.64,8.96,-0.34
730613,34,Walking,1384062327000,-1.65,8.47,-1.14
730614,34,Walking,1384112346000,-4.94,10.84,3.95
730615,34,Walking,1384162334000,-6.89,12.83,1.18
730616,34,Walking,1384212321000,-10.76,15.55,-0.23
730617,34,Walking,1384262309000,-1.46,13.59,-4.9
730618,34,Walking,1384312297000,-1.18,17.69,-1.46
730619,34,Walking,1384362346000,5.67,14.1,1.12
730620,34,Walking,1384412334000,1.65,5.63,-7.65
730621,34,Walking,1384462352000,-3.83,2.83,-3.11
730622,34,Walking,1384512340000,1.31,0.19,-3.02
730623,34,Walking,1384562327000,4.25,1.92,-1.42
730624,34,Walking,1384612346000,-5.6,19.19,14.71
730625,34,Walking,1384662334000,-2.49,7.5,3.53
730626,34,Walking,1384712352000,3.15,13.29,-6.97
730627,34,Walking,1384762340000,1.18,9.51,-1.73
730628,34,Walking,1384812327000,1.38,9.15,-5.79
730629,34,Walking,1384862346000,-2.34,10.04,-1.95
730630,34,Walking,1384912334000,-2.91,7.7,-0.89
730631,34,Walking,1384962321000,-2.34,8.28,-2.41
730632,34,Walking,1385012340000,-0.99,10.27,4.21
730633,34,Walking,1385062327000,-8.16,11.45,0.15
730634,34,Walking,1385112376000,-10.84,13.14,-0.34
730635,34,Walking,1385162334000,-7.04,15.98,0.42
730636,34,Walking,1385212321000,0.89,13.91,-5.48
730637,34,Walking,1385262309000,4.6,19.34,3.57
730638,34,Walking,1385312327000,3.34,7.67,-6.02
730639,34,Walking,1385362346000,-4.99,4.71,-3.57
730640,34,Walking,1385412334000,1.04,0.95,-4.14
730641,34,Walking,1385462321000,1.76,0.23,-3.06
730642,34,Walking,1385512340000,2.03,7.21,5.43
730643,34,Walking,1385562327000,-9.3,17.01,10.46
730644,34,Walking,1385612346000,4.18,9.19,0.19
730645,34,Walking,1385662334000,2.76,13.99,0.53
730646,34,Walking,1385712321000,1.76,5.75,-5.2
730647,34,Walking,1385762340000,-2.34,10.46,-7.21
730648,34,Walking,1385812327000,-6.55,11.11,0.46
730649,34,Walking,1385862315000,-1.8,7.93,0.95
730650,34,Walking,1385912334000,-3.68,8.85,-0.69
730651,34,Walking,1385962321000,0.93,7.67,-2.41
730652,34,Walking,1386012279000,-3.53,11.41,3.72
730653,34,Walking,1386062327000,-10.69,11.6,1.33
730654,34,Walking,1386112346000,-9.81,14.71,1.99
730655,34,Walking,1386162334000,-3.53,14.44,-5.24
730656,34,Walking,1386212321000,0.27,17.5,-0.46
730657,34,Walking,1386262431000,6.78,13.14,-0.3
730658,34,Walking,1386312327000,-1.12,4.14,-5.6
730659,34,Walking,1386362346000,-3.02,2.26,-3.41
730660,34,Walking,1386412334000,2.3,1.54,-2.56
730661,34,Walking,1386462321000,5.41,2.56,-1.61
730662,34,Walking,1386512340000,-10.72,18.24,14.9
730663,34,Walking,1386562327000,-1.5,7.59,4.9
730664,34,Walking,1386612346000,2.68,12.53,-5.37
730665,34,Walking,1386662334000,0.8,7.78,1.95
730666,34,Walking,1386712321000,3.15,8.28,-4.33
730667,34,Walking,1386762340000,-2.49,12.45,-7.21
730668,34,Walking,1386812327000,-6.63,9.7,0.84
730669,34,Walking,1386862346000,-3.87,7.59,2.49
730670,34,Walking,1386912334000,-1.08,7.44,-1.84
730671,34,Walking,1386962321000,0.15,11.3,2.72
730672,34,Walking,1387012340000,-10.08,11.14,-0.11
730673,34,Walking,1387062327000,-9.53,14.56,2.18
730674,34,Walking,1387112346000,-3.76,14.75,-4.02
730675,34,Walking,1387162303000,-2.14,16.36,-3.17
730676,34,Walking,1387212321000,7.97,16.59,3.68
730677,34,Walking,1387262309000,0.72,4.56,-6.47
730678,34,Walking,1387312358000,-4.37,3.06,-3.64
730679,34,Walking,1387362346000,1.08,0.34,-3.34
730680,34,Walking,1387412334000,3.15,0.19,-2.64
730681,34,Walking,1387462321000,-8.35,16.44,13.63
730682,34,Walking,1387512340000,-2.68,9.23,5.43
730683,34,Walking,1387562327000,6.78,10.92,-1.61
730684,34,Walking,1387612346000,-2.53,11.45,3.91
730685,34,Walking,1387662364000,3.15,4.29,-4.37
730686,34,Walking,1387712321000,-3.17,13.57,-8.2
730687,34,Walking,1387762340000,-7.21,10.73,1.73
730688,34,Walking,1387812327000,-0.69,9.28,1.8
730689,34,Walking,1387862346000,-3.6,8.58,-0.72
730690,34,Walking,1387912364000,-1.53,7.67,-0.65
730691,34,Walking,1387962321000,-2.87,10.23,3.72
730692,34,Walking,1388012248000,-9.89,10.08,5.56
730693,34,Walking,1388062327000,-7.63,16.7,-2.83
730694,34,Walking,1388112346000,-2.91,16.86,-3.3
730695,34,Walking,1388162334000,0.42,19.15,-0.89
730696,34,Walking,1388212321000,3.83,10.19,0.46
730697,34,Walking,1388262340000,-0.84,5.48,-5.09
730698,34,Walking,1388312327000,-2.07,1.18,-3.17
730699,34,Walking,1388370341000,3.72,0.11,-2.6
730700,34,Walking,1388422282000,4.1,3.76,0.27
730701,34,Walking,1388472301000,-13.44,18.47,12.83
730702,34,Walking,1388522288000,1.95,4.52,0.99
730703,34,Walking,1388572307000,2.91,14.06,-4.79
730704,34,Walking,1388622295000,-0.69,7.74,1.38
730705,34,Walking,1388672313000,3.02,5.05,-5.82
730706,34,Walking,1388722301000,-3.21,14.37,-6.09
730707,34,Walking,1388772319000,-3.87,8.47,2.49
730708,34,Walking,1388822307000,-1.76,8.66,1.12
730709,34,Walking,1388872295000,-2.75,8.05,-2.68
730711,34,Walking,1388922343000,-3.11,10.15,2.79
730710,34,Walking,1388922343000,-3.11,10.15,2.79
730712,34,Walking,1389012218000,-10.57,14.33,2.72
730713,34,Walking,1389062480000,-2.75,14.98,-4.1
730714,34,Walking,1389112193000,0.04,18.09,-1.65
730715,34,Walking,1389162273000,7.31,13.59,1.04
730716,34,Walking,1389212321000,2.11,6.21,-7.59
730717,34,Walking,1389262309000,-4.71,3.15,-2.96
730718,34,Walking,1389312327000,2.64,0.19,-2.87
730719,34,Walking,1389362346000,3.02,0.84,-3.02
730720,34,Walking,1389412334000,-11.18,16.82,14.21
730721,34,Walking,1389462382000,-0.38,8.12,6.59
730722,34,Walking,1389512340000,5.05,10.42,-4.63
730723,34,Walking,1389562358000,-1.14,13.57,3.87
730724,34,Walking,1389612346000,3.6,4.21,-5.2
730725,34,Walking,1389662334000,-0.34,15.09,-8.66
730726,34,Walking,1389712321000,-4.48,10.53,-3.11
730727,34,Walking,1389762370000,-3.34,8.81,5.18
730728,34,Walking,1389812327000,-2.91,7.93,-1.42
730729,34,Walking,1389862346000,-2.87,8.66,-0.76
730730,34,Walking,1389912334000,-5.6,12.03,2.72
730731,34,Walking,1389962291000,-10.38,12.72,1.84
730732,34,Walking,1390012248000,-8.2,15.32,0.53
730733,34,Walking,1390062358000,-2.26,15.17,-6.21
730734,34,Walking,1390112346000,1.76,19.23,1.88
730735,34,Walking,1390162334000,7.93,9.81,-2.6
730736,34,Walking,1390212321000,-1.65,3.68,-6.55
730737,34,Walking,1390272227000,-1.99,0.38,-3.34
730738,34,Walking,1390322307000,3.34,-1.38,-2.75
730739,34,Walking,1390372295000,-1.14,10.34,8.92
730740,34,Walking,1390422313000,-4.67,15.36,8.96
730741,34,Walking,1390472301000,5.83,5.94,-4.56
730742,34,Walking,1390522288000,0.57,15.89,3.87
730743,34,Walking,1390572337000,1.57,3.83,-5.43
730744,34,Walking,1390622295000,-1.92,11.99,-6.82
730745,34,Walking,1390672313000,-7.4,10.92,-1.84
730746,34,Walking,1390722301000,-1.95,7.74,4.82
730747,34,Walking,1390772288000,-1.76,8.58,-0.57
730748,34,Walking,1390822307000,1.65,8.08,-2.22
730749,34,Walking,1390872295000,-8.47,12.68,3.72
730750,34,Walking,1390922313000,-10.04,12.53,3.41
730751,34,Walking,1390972301000,-7.4,14.52,-2.14
730752,34,Walking,1391022288000,-0.53,15.98,-4.79
730753,34,Walking,1391072337000,2.37,19.34,2.26
730754,34,Walking,1391122295000,5.13,3.79,-5.63
730755,34,Walking,1391172313000,-1.88,3.79,-5.63
730756,34,Walking,1391222270000,-0.99,-0.46,-3.45
730757,34,Walking,1391272197000,3.64,-1.84,-2.03
730758,34,Walking,1391322337000,-0.23,11.56,8.5
730759,34,Walking,1391372295000,-9.08,14.21,8.35
730760,34,Walking,1391422313000,5.56,8.35,-3.6
730761,34,Walking,1391472301000,2.68,14.98,0.69
730762,34,Walking,1391522288000,3.72,5.24,-5.05
730763,34,Walking,1391572307000,-2.34,11.88,-7.21
730764,34,Walking,1391622356000,-7.5,10.46,-0.61
730765,34,Walking,1391672313000,-1.88,7.08,3.3
730766,34,Walking,1391722301000,-1.38,7.93,-3.26
730767,34,Walking,1391772288000,-1.8,10.23,5.05
730768,34,Walking,1391822307000,-8.81,11.69,-0.72
730769,34,Walking,1391872295000,-8.73,13.91,1.38
730770,34,Walking,1391922313000,-6.24,14.14,-0.65
730771,34,Walking,1391972301000,-2.18,15.6,-5.9
730772,34,Walking,1392022288000,6.17,19.27,4.06
730773,34,Walking,1392072307000,5.67,5.94,-5.75
730774,34,Walking,1392122295000,-4.9,3.02,-4.79
730775,34,Walking,1392172313000,0.57,0.42,-4.1
730776,34,Walking,1392222301000,2.45,-0.69,-2.96
730777,34,Walking,1392272288000,-5.52,14.67,13.14
