,user,label,timestamp,x,y,z
1002950,2,Jogging,9054762342000,8.5,4.06,1.65
1002951,2,Jogging,9054812360000,-4.21,-6.7,-5.09
1002952,2,Jogging,9054862348000,1.84,0.53,1.5
1002953,2,Jogging,9054912336000,-1.23,2.72,4.9
1002954,2,Jogging,9054962354000,0.23,0.61,3.11
1002955,2,Jogging,9055012281000,15.02,-1.14,6.21
1002956,2,Jogging,9055062330000,19.57,12.49,14.33
1002957,2,Jogging,9055112348000,7.89,7.06,-0.57
1002958,2,Jogging,9055162336000,-7.59,2.11,-14.14
1002959,2,Jogging,9055212324000,4.52,-4.59,7.06
1002960,2,Jogging,9055265027000,0.34,-1.73,-1.42
1002961,2,Jogging,9055322339000,-0.08,3.41,0.15
1002962,2,Jogging,9055372327000,19.31,-3.26,15.47
1002963,2,Jogging,9055422346000,5.83,-0.89,-0.76
1002964,2,Jogging,9055472333000,-0.76,-3.21,-2.53
1002965,2,Jogging,9055522321000,1.54,-0.27,-1.5
1002966,2,Jogging,9055572309000,-1.65,2.64,3.68
1002967,2,Jogging,9055622327000,2.15,-0.8,10.76
1002968,2,Jogging,9055672346000,18.28,-0.3,3.41
1002969,2,Jogging,9055722333000,19.57,4.56,10.27
1002970,2,Jogging,9055772352000,8.92,9.47,-2.91
1002971,2,Jogging,9055822339000,-1.23,7.44,-13.17
1002972,2,Jogging,9055872327000,5.05,-3.49,7.67
1002973,2,Jogging,9055922346000,-1.23,-3.34,-0.53
1002974,2,Jogging,9055972333000,-0.46,2.37,1.27
1002975,2,Jogging,9056022321000,14.86,-4.14,11.84
1002976,2,Jogging,9056072309000,15.43,-2.07,1.18
1002977,2,Jogging,9056122327000,2.68,-1.88,-1.61
1002978,2,Jogging,9056172346000,-1.42,-5.94,-2.3
1002979,2,Jogging,9056222333000,-3.26,2.98,4.33
1002980,2,Jogging,9056272230000,-1.57,3.15,4.99
1002981,2,Jogging,9056322339000,12.79,-3.72,10.65
1002982,2,Jogging,9056372327000,19.31,7.01,5.24
1002983,2,Jogging,9056422346000,15.51,8.5,3.95
1002984,2,Jogging,9056472333000,-2.72,7.4,-12.34
1002985,2,Jogging,9056522321000,7.16,-0.99,4.02
1002986,2,Jogging,9056572309000,-1.33,-1.99,0.42
1002987,2,Jogging,9056622327000,0.08,0.08,-0.08
1002988,2,Jogging,9056672346000,14.37,0.0,9.66
1002989,2,Jogging,9056722333000,19.57,-1.69,-0.04
1002990,2,Jogging,9056772321000,10.5,0.76,0.42
1002991,2,Jogging,9056822339000,-2.22,-1.08,-3.21
1002992,2,Jogging,9056872327000,0.65,-1.95,0.42
1002993,2,Jogging,9056922346000,-2.96,0.31,6.44
1002994,2,Jogging,9056972333000,3.91,-4.14,8.35
1002995,2,Jogging,9057022321000,15.55,9.77,9.11
1002996,2,Jogging,9057072309000,19.5,-0.08,10.0
1002997,2,Jogging,9057122327000,13.99,7.31,-1.69
1002998,2,Jogging,9057182264000,4.63,6.05,-8.58
1002999,2,Jogging,9057232313000,0.5,-4.52,6.44
1003000,2,Jogging,9057282331000,-0.53,-3.95,1.8
1003001,2,Jogging,9057332349000,4.33,0.89,2.41
1003002,2,Jogging,9057382368000,19.57,-6.78,13.25
1003003,2,Jogging,9057432325000,10.73,3.21,-5.13
1003004,2,Jogging,9057482343000,4.48,0.99,-4.4
1003005,2,Jogging,9057532331000,-0.27,-2.83,1.04
1003006,2,Jogging,9057582349000,-1.76,1.33,2.07
1003007,2,Jogging,9057632337000,-1.92,1.8,12.18
1003008,2,Jogging,9057682325000,16.02,-3.02,1.38
1003009,2,Jogging,9057732343000,19.57,3.53,5.63
1003010,2,Jogging,9057782331000,11.35,9.66,-1.38
1003011,2,Jogging,9057832227000,-3.36,3.99,-4.67
1003012,2,Jogging,9057882306000,0.61,-3.72,-3.17
1003013,2,Jogging,9057950391000,-0.15,-1.73,2.11
1003014,2,Jogging,9057950391000,-0.15,-1.73,2.11
1003015,2,Jogging,9058003370000,-0.61,1.14,0.72
1003016,2,Jogging,9058053815000,15.51,-5.05,-0.99
1003017,2,Jogging,9058103467000,11.22,-6.82,2.11
1003018,2,Jogging,9058162336000,4.33,-2.45,-8.27
1003019,2,Jogging,9058212324000,0.42,1.18,0.0
1003020,2,Jogging,9058262342000,-0.19,2.91,6.13
1003021,2,Jogging,9058312391000,-1.53,-1.5,8.5
1003022,2,Jogging,9058362348000,16.36,-7.44,4.18
1003023,2,Jogging,9058412336000,19.57,9.08,4.25
1003024,2,Jogging,9058462385000,9.92,11.65,-2.56
1003025,2,Jogging,9058512281000,-2.91,1.12,-12.49
1003026,2,Jogging,9058562360000,5.37,-7.44,6.63
1003027,2,Jogging,9058612378000,1.38,-2.14,-5.41
1003028,2,Jogging,9058662366000,-1.14,2.49,0.61
1003029,2,Jogging,9058712354000,12.18,6.66,7.7
1003030,2,Jogging,9058762342000,18.85,-3.79,-1.5
1003031,2,Jogging,9058812360000,4.33,1.8,-0.76
1003032,2,Jogging,9058862348000,-0.61,-2.11,-3.06
1003033,2,Jogging,9058912336000,0.8,-0.72,3.34
1003034,2,Jogging,9058962354000,1.08,-0.8,1.31
1003035,2,Jogging,9059012342000,10.38,-2.98,0.8
1003036,2,Jogging,9059062330000,16.93,4.25,10.76
1003037,2,Jogging,9059112348000,18.09,-0.89,12.95
1003038,2,Jogging,9059162366000,4.94,4.99,-1.27
1003039,2,Jogging,9059212324000,4.99,3.76,-11.22
1003040,2,Jogging,9059262342000,1.23,0.23,0.76
1003041,2,Jogging,9059312330000,-2.03,-0.42,0.5
1003042,2,Jogging,9059362348000,-0.8,-1.04,2.34
1003043,2,Jogging,9059412336000,16.13,-11.8,5.33
1003044,2,Jogging,9059462324000,8.77,4.33,2.03
1003045,2,Jogging,9059512342000,6.4,0.34,-3.26
1003046,2,Jogging,9059562330000,0.19,-2.6,-2.3
1003047,2,Jogging,9059612348000,5.75,-3.34,-1.33
1003048,2,Jogging,9059662336000,5.79,-7.04,3.3
1003049,2,Jogging,9059712324000,14.75,-0.95,13.18
1003050,2,Jogging,9059762342000,19.19,3.15,11.92
1003051,2,Jogging,9059812330000,9.47,-1.12,4.9
1003052,2,Jogging,9059862348000,0.99,4.37,-0.15
1003053,2,Jogging,9059912336000,0.69,2.45,-0.69
1003054,2,Jogging,9059962354000,9.19,7.21,0.53
1003055,2,Jogging,9060012311000,0.99,-1.18,0.15
1003056,2,Jogging,9060062330000,11.18,-6.63,-3.34
1003057,2,Jogging,9060112348000,19.0,-5.98,3.49
1003058,2,Jogging,9060162336000,6.93,-4.79,-8.16
1003059,2,Jogging,9060212324000,4.94,-0.23,-5.75
1003060,2,Jogging,9060278608000,4.82,-2.45,-0.95
1003061,2,Jogging,9060332349000,-3.45,-4.06,2.15
1003062,2,Jogging,9060382368000,16.59,-14.98,5.28
1003063,2,Jogging,9060432325000,8.85,6.44,3.95
1003064,2,Jogging,9060482343000,17.39,5.63,8.43
1003065,2,Jogging,9060532331000,18.2,4.79,-0.19
1003066,2,Jogging,9060582502000,4.02,2.49,-0.04
1003067,2,Jogging,9060632337000,1.76,0.93,-1.5
1003068,2,Jogging,9060682325000,-1.65,-2.87,-3.15
1003069,2,Jogging,9060732343000,5.09,-0.27,-0.34
1003070,2,Jogging,9060782331000,19.57,-12.41,13.14
1003071,2,Jogging,9060832349000,9.53,-6.13,0.42
1003072,2,Jogging,9060892347000,-1.5,-2.49,-5.71
1003073,2,Jogging,9060942274000,1.27,1.8,-0.84
1003074,2,Jogging,9060992353000,-0.15,1.23,1.14
1003075,2,Jogging,9061042280000,13.87,-14.94,13.38
1003076,2,Jogging,9061092328000,12.95,3.57,0.84
1003077,2,Jogging,9061142347000,19.57,4.48,10.61
1003078,2,Jogging,9061192335000,9.3,4.99,-0.38
1003079,2,Jogging,9061242322000,-0.38,4.63,-6.36
1003080,2,Jogging,9061292249000,5.63,0.0,-3.45
1003081,2,Jogging,9061342328000,1.5,-4.67,2.96
1003082,2,Jogging,9061392347000,2.45,2.37,2.37
1003083,2,Jogging,9061442335000,19.31,-9.77,12.3
1003084,2,Jogging,9061492322000,15.21,4.1,0.34
1003085,2,Jogging,9061542341000,3.99,-4.44,-1.69
1003086,2,Jogging,9061592328000,0.42,-3.64,-1.23
1003087,2,Jogging,9061642347000,-0.15,0.5,-0.19
1003088,2,Jogging,9061692335000,-0.69,2.45,2.3
1003089,2,Jogging,9061742322000,16.86,-5.98,12.07
1003090,2,Jogging,9061792341000,18.2,-0.23,10.31
1003091,2,Jogging,9061842328000,16.89,2.56,1.57
1003092,2,Jogging,9061892347000,7.86,8.43,-2.22
1003093,2,Jogging,9061942335000,3.91,3.87,-9.53
1003094,2,Jogging,9061992322000,3.38,-3.76,3.83
1003095,2,Jogging,9062042341000,-0.3,-1.99,1.38
1003096,2,Jogging,9062092298000,-0.3,-2.45,3.26
1003097,2,Jogging,9062142347000,19.5,-6.66,11.3
1003098,2,Jogging,9062192335000,2.18,3.02,2.26
1003099,2,Jogging,9062242322000,-3.36,-4.71,-5.94
1003100,2,Jogging,9062292341000,-0.27,0.04,-1.73
1003101,2,Jogging,9062342328000,1.8,1.18,0.84
1003102,2,Jogging,9062392347000,10.27,-8.77,11.5
1003103,2,Jogging,9062442335000,12.41,5.9,2.18
1003104,2,Jogging,9062492353000,19.53,8.12,6.93
1003105,2,Jogging,9062542341000,9.51,7.08,-3.11
1003106,2,Jogging,9062592328000,-1.38,1.04,-7.82
1003107,2,Jogging,9062642347000,6.36,-5.98,4.44
1003108,2,Jogging,9062692335000,-0.91,-3.79,0.61
1003109,2,Jogging,9062742292000,-2.18,2.22,0.61
1003110,2,Jogging,9062792341000,8.28,-0.3,8.81
1003111,2,Jogging,9062842328000,17.54,-2.75,6.02
1003112,2,Jogging,9062892347000,-1.08,-3.34,0.31
1003113,2,Jogging,9062942335000,1.04,-1.95,-5.6
1003114,2,Jogging,9062992292000,7.55,1.14,-0.57
1003115,2,Jogging,9063042341000,3.49,0.27,0.5
1003116,2,Jogging,9063092328000,12.6,-10.8,11.65
1003117,2,Jogging,9063142347000,11.41,2.37,8.47
1003118,2,Jogging,9063192335000,19.38,7.93,5.37
1003120,2,Jogging,9063242322000,0.76,7.06,-2.03
1003119,2,Jogging,9063242322000,0.76,7.06,-2.03
1003121,2,Jogging,9063302228000,1.12,3.53,-8.47
1003122,2,Jogging,9063362348000,1.76,0.04,5.01
1003123,2,Jogging,9063412336000,-1.61,-1.31,2.37
1003124,2,Jogging,9063462324000,4.82,-2.96,1.92
1003125,2,Jogging,9063512342000,19.5,-10.8,5.83
1003126,2,Jogging,9063562330000,6.32,3.11,-1.18
1003127,2,Jogging,9063612348000,1.88,-0.84,-2.37
1003128,2,Jogging,9063662336000,0.76,2.22,-0.27
1003129,2,Jogging,9063712324000,1.23,3.95,0.53
1003130,2,Jogging,9063762372000,12.22,-8.85,7.55
1003131,2,Jogging,9063812330000,13.14,2.34,1.65
1003132,2,Jogging,9063862348000,18.96,3.15,10.31
1003133,2,Jogging,9063912336000,3.68,4.56,-0.42
1003134,2,Jogging,9063962354000,7.97,-1.69,-14.29
1003135,2,Jogging,9064012311000,5.48,-0.04,3.15
1003136,2,Jogging,9064062330000,0.95,1.33,0.99
1003137,2,Jogging,9064112348000,-0.72,2.96,1.5
1003138,2,Jogging,9064162336000,12.11,-2.64,11.35
1003139,2,Jogging,9064212324000,19.5,-4.02,0.19
1003140,2,Jogging,9064262342000,6.51,1.23,-1.38
1003141,2,Jogging,9064312330000,1.76,-2.96,-1.99
1003142,2,Jogging,9064362348000,-0.69,-2.72,0.08
1003143,2,Jogging,9064412336000,-0.8,0.99,1.5
1003144,2,Jogging,9064462324000,12.26,-8.73,7.21
1003145,2,Jogging,9064512342000,17.43,4.14,8.31
1003146,2,Jogging,9064562330000,17.86,4.52,3.53
1003147,2,Jogging,9064612348000,5.86,5.48,-1.61
1003148,2,Jogging,9064662336000,7.44,2.37,-11.22
1003149,2,Jogging,9064712324000,3.21,0.72,4.48
