,user,label,timestamp,x,y,z
328853,35,Walking,1045372203000,8.66,12.03,-0.19068487
328854,35,Walking,1045422313000,7.44,11.11,6.782933
328855,35,Walking,1045472240000,5.9,17.47,-1.607201
328856,35,Walking,1045522258000,0.27,8.12,-0.50395286
328857,35,Walking,1045572215000,1.95,6.02,-2.4925237
328858,35,Walking,1045622295000,5.71,11.35,-1.4982381999999999
328859,35,Walking,1045672221000,1.08,6.97,0.61291564
328860,35,Walking,1045722301000,1.76,7.21,-1.0760075
328861,35,Walking,1045772197000,2.6,7.89,-0.6946376999999999
328862,35,Walking,1045822276000,2.83,9.77,0.61291564
328863,35,Walking,1045872233000,2.79,9.96,-1.9204689999999998
328864,35,Walking,1045922313000,7.27,9.3,-1.0351465
328865,35,Walking,1045972240000,8.58,9.7,-2.0294318
328866,35,Walking,1046022258000,2.34,10.5,-0.42223078
328867,35,Walking,1046072215000,-0.57,17.88,2.8330324
328868,35,Walking,1046122264000,4.25,13.53,1.2666923
328869,35,Walking,1046172252000,4.02,8.24,2.1111538
328870,35,Walking,1046222301000,0.95,5.01,-0.42223078
328871,35,Walking,1046272197000,0.65,4.18,-0.53119355
328872,35,Walking,1046322276000,2.34,5.52,-0.23154591
328873,35,Walking,1046372233000,5.79,7.35,2.5333846
328874,35,Walking,1046422313000,12.49,8.39,2.9556155
328875,35,Walking,1046472240000,7.59,12.98,4.2495484
328876,35,Walking,1046522258000,2.6,18.35,0.27240697
328877,35,Walking,1046572215000,0.08,7.44,-1.525479
328878,35,Walking,1046622295000,3.06,5.98,-2.4925237
328879,35,Walking,1046672252000,5.01,9.72,-2.2201166000000003
328880,35,Walking,1046722270000,-1.69,9.34,-0.53119355
328881,35,Walking,1046772197000,3.02,7.78,-0.7218784
328882,35,Walking,1046822307000,3.91,8.54,-1.4573771999999998
328883,35,Walking,1046872203000,3.49,9.58,0.50395286
328884,35,Walking,1046922313000,3.64,9.47,-0.95342433
328885,35,Walking,1046972240000,7.35,8.85,-1.9204689999999998
328886,35,Walking,1047022258000,7.27,8.69,-0.8036005
328887,35,Walking,1047072337000,1.08,13.95,1.8387468999999996
328888,35,Walking,1047122264000,0.76,15.36,-0.0
328889,35,Walking,1047172252000,5.01,11.14,1.9477096999999999
328890,35,Walking,1047222331000,2.64,8.08,1.1168685
328891,35,Walking,1047282390000,-0.72,5.71,0.08172209
328892,35,Walking,1047332255000,2.68,3.17,-0.6946376999999999
328893,35,Walking,1047382335000,4.1,5.75,1.8796080000000002
328894,35,Walking,1047432201000,10.38,7.82,2.6423476000000004
328895,35,Walking,1047482280000,9.53,12.95,1.6889231
328896,35,Walking,1047532207000,7.67,4.52,2.6014863999999998
328897,35,Walking,1047582286000,1.61,19.23,-0.50395286
328898,35,Walking,1047632274000,1.8,5.22,-2.1383946
328899,35,Walking,1047682262000,3.34,8.43,-2.070293
328901,35,Walking,1047732219000,3.87,10.23,-1.4573771999999998
328900,35,Walking,1047732219000,3.87,10.23,-1.4573771999999998
328902,35,Walking,1047832133000,3.95,8.73,-0.7627395
328903,35,Walking,1047882213000,4.25,8.01,-0.42223078
328904,35,Walking,1047932384000,4.44,8.66,-0.50395286
328905,35,Walking,1047982280000,5.05,8.77,-0.9125633
328906,35,Walking,1048032298000,7.78,7.93,-1.3756552
328907,35,Walking,1048082286000,6.4,9.72,-0.5720546
328908,35,Walking,1048132274000,0.84,11.45,0.38136974
328909,35,Walking,1048182231000,0.95,18.05,-0.14982383
328910,35,Walking,1048232341000,6.44,14.25,3.1054392
328911,35,Walking,1048282268000,5.33,5.13,0.46309182
328912,35,Walking,1048332286000,-0.57,5.28,-0.23154591
328913,35,Walking,1048382243000,-0.84,5.48,-0.53119355
328914,35,Walking,1048432262000,1.14,4.71,-0.46309182
328915,35,Walking,1048482280000,9.3,9.53,5.09401
328916,35,Walking,1048532298000,11.8,13.25,1.1441092
328917,35,Walking,1048582286000,5.24,7.63,6.170017700000001
328918,35,Walking,1048632274000,3.53,18.24,-0.7627395
328919,35,Walking,1048682231000,1.65,7.67,-1.7570249
328920,35,Walking,1048732280000,-0.8,6.13,-2.3699405
328921,35,Walking,1048782207000,3.83,11.69,-1.56634
328922,35,Walking,1048832316000,2.72,7.35,-0.27240697
328923,35,Walking,1048882243000,5.79,5.37,-1.4982381999999999
328924,35,Walking,1048932262000,5.22,8.58,0.23154591
328925,35,Walking,1048982219000,0.31,10.15,0.7218784
328926,35,Walking,1049032298000,6.24,9.34,-1.1849703
328927,35,Walking,1049082225000,4.82,9.58,-1.1849703
328928,35,Walking,1049132304000,9.11,8.47,-1.1168685
328929,35,Walking,1049182231000,1.95,11.45,-0.46309182
328930,35,Walking,1049232280000,1.08,15.66,0.7218784
328931,35,Walking,1049282268000,4.02,12.72,2.4516625
328932,35,Walking,1049332286000,4.1,7.7,1.7297841
328933,35,Walking,1049382274000,1.5,6.47,0.10896278
328934,35,Walking,1049432262000,1.04,5.41,-0.6946376999999999
328935,35,Walking,1049482249000,1.73,3.79,-0.040861044
328936,35,Walking,1049532298000,7.27,6.44,4.4810944
328937,35,Walking,1049582286000,14.6,13.1,-0.88532263
328938,35,Walking,1049632304000,6.09,8.35,7.504811999999999
328939,35,Walking,1049682231000,1.08,18.66,-1.9204689999999998
328940,35,Walking,1049732310000,2.98,5.9,-1.7297841
328941,35,Walking,1049782237000,1.8,8.12,-1.6480621
328942,35,Walking,1049832286000,2.22,11.07,-1.525479
328943,35,Walking,1049882213000,0.23,7.59,0.38136974
328944,35,Walking,1049932292000,3.41,6.85,-1.6889231
328945,35,Walking,1049982249000,5.28,9.04,0.7218784
328946,35,Walking,1050032298000,4.71,9.15,-0.61291564
328947,35,Walking,1050082255000,7.67,8.47,-1.3075534
328948,35,Walking,1050132304000,6.82,9.0,-1.3756552
328949,35,Walking,1050182262000,3.91,9.47,-0.3405087
328950,35,Walking,1050232280000,-0.91,14.21,1.2666923
328951,35,Walking,1050282237000,3.6,15.51,1.1441092
328952,35,Walking,1050332286000,5.41,11.56,2.7921712000000003
328953,35,Walking,1050382213000,2.83,4.9,-0.040861044
328954,35,Walking,1050432292000,0.42,4.82,0.040861044
328955,35,Walking,1050482219000,0.5,3.34,-0.9125633
328956,35,Walking,1050532298000,4.4,5.28,4.018002500000001
328957,35,Walking,1050582286000,15.13,11.99,2.1111538
328958,35,Walking,1050632304000,6.47,11.11,2.7921712000000003
328959,35,Walking,1050682262000,7.97,13.76,0.50395286
328960,35,Walking,1050732310000,-1.65,11.45,-0.9125633
328961,35,Walking,1050782268000,3.06,6.55,-2.8330324
328962,35,Walking,1050832316000,4.33,9.28,-2.2609777
328963,35,Walking,1050882243000,-1.38,9.7,0.6946376999999999
328964,35,Walking,1050932292000,1.33,6.89,-0.7627395
328965,35,Walking,1050982249000,5.43,8.5,-0.6946376999999999
328966,35,Walking,1051032298000,3.41,9.3,-0.8036005
328967,35,Walking,1051082286000,6.66,8.43,0.27240697
328968,35,Walking,1051132335000,7.35,8.12,-1.7978859
328969,35,Walking,1051182262000,6.21,8.58,-1.2666923
328970,35,Walking,1051232280000,0.65,10.92,-0.040861044
328971,35,Walking,1051282237000,0.42,16.55,0.6946376999999999
328972,35,Walking,1051332316000,4.4,15.64,3.2552630000000002
328973,35,Walking,1051382274000,5.94,7.08,1.4982381999999999
328974,35,Walking,1051432292000,1.27,5.86,-0.14982383
328975,35,Walking,1051482219000,-0.3,5.56,-0.38136974
328976,35,Walking,1051532298000,1.57,3.87,-0.6946376999999999
328977,35,Walking,1051582255000,10.19,7.59,4.671779
328978,35,Walking,1051632304000,10.65,12.72,1.4165162
328979,35,Walking,1051682231000,4.18,9.28,5.175732
328980,35,Walking,1051732280000,3.49,18.24,-1.9204689999999998
328981,35,Walking,1051782207000,2.26,4.99,-0.38136974
328982,35,Walking,1051832316000,3.26,8.54,-2.3018389
328983,35,Walking,1051882243000,3.83,10.76,-1.4982381999999999
328984,35,Walking,1051932292000,-0.99,7.93,0.46309182
328985,35,Walking,1051982219000,2.76,6.63,-1.0760075
328986,35,Walking,1052032298000,4.99,8.01,-0.53119355
328987,35,Walking,1052082286000,5.22,9.15,-0.3405087
328988,35,Walking,1052132274000,4.63,10.08,-0.7627395
328989,35,Walking,1052182262000,6.7,8.16,-1.1168685
328990,35,Walking,1052232280000,6.51,9.77,-1.4982381999999999
328991,35,Walking,1052282237000,0.19,10.76,0.42223078
328992,35,Walking,1052332286000,0.27,14.71,-0.3405087
328993,35,Walking,1052382243000,4.1,15.98,3.173541
328994,35,Walking,1052432292000,6.78,6.89,1.4165162
328995,35,Walking,1052482249000,1.73,5.43,-0.46309182
328996,35,Walking,1052532268000,-0.89,5.18,-0.040861044
328997,35,Walking,1052582225000,1.04,4.25,-0.5720546
328998,35,Walking,1052632274000,8.77,8.2,3.990762
328999,35,Walking,1052682231000,11.88,11.84,1.7978859
329000,35,Walking,1052732280000,6.85,10.12,2.3426998
329001,35,Walking,1052782237000,3.53,17.54,-0.7627395
329002,35,Walking,1052832286000,0.23,5.94,-0.7218784
329003,35,Walking,1052882243000,4.18,6.66,-2.2609777
329004,35,Walking,1052932384000,3.38,11.3,-0.7218784
329005,35,Walking,1052982280000,-0.19,7.59,0.313268
329006,35,Walking,1053032329000,3.3,6.55,-0.9942854
329007,35,Walking,1053092296000,4.18,8.96,-0.38136974
329008,35,Walking,1053142222000,4.06,10.31,0.040861044
329009,35,Walking,1053192271000,6.21,9.04,-1.9885708
329010,35,Walking,1053242229000,6.93,8.5,-1.3756552
329011,35,Walking,1053292247000,5.83,9.11,-0.9125633
329012,35,Walking,1053342235000,-0.5,11.3,1.1168685
329013,35,Walking,1053392284000,1.14,15.17,0.38136974
329014,35,Walking,1053442210000,4.29,14.1,2.2609777
329015,35,Walking,1053492259000,5.09,6.4,1.4982381999999999
329018,35,Walking,1053542216000,0.93,6.09,0.08172209
329017,35,Walking,1053542216000,0.93,6.09,0.08172209
329016,35,Walking,1053542216000,0.93,6.09,0.08172209
329019,35,Walking,1053692241000,8.81,6.89,5.284695
329020,35,Walking,1053742381000,11.26,11.84,0.14982383
329021,35,Walking,1053792247000,7.74,9.28,5.284695
329022,35,Walking,1053842265000,-0.99,18.77,-1.4165162
329023,35,Walking,1053892222000,2.49,4.06,-1.1849703
329024,35,Walking,1053942271000,3.02,7.21,-1.8796080000000002
329025,35,Walking,1053992290000,5.41,10.27,-1.1168685
329026,35,Walking,1054042277000,-0.5,7.06,-0.23154591
329027,35,Walking,1054092235000,3.45,8.12,-1.0351465
329028,35,Walking,1054142284000,2.76,9.38,-0.50395286
329029,35,Walking,1054192241000,2.98,10.46,0.53119355
329030,35,Walking,1054242290000,6.36,6.89,-2.7921712000000003
329031,35,Walking,1054292247000,7.12,9.3,-1.3756552
329032,35,Walking,1054292247000,7.12,9.3,-1.3756552
329033,35,Walking,1054356334000,5.18,10.19,-0.3405087
329034,35,Walking,1054412639000,-0.27,15.24,1.9477096999999999
329035,35,Walking,1054462199000,4.44,15.02,2.0294318
329036,35,Walking,1054512309000,5.22,7.55,2.3699405
329037,35,Walking,1054572276000,0.84,4.71,0.5720546
329038,35,Walking,1054632243000,1.88,4.94,-0.53119355
329039,35,Walking,1054682262000,3.38,5.83,0.61291564
329040,35,Walking,1054732280000,11.65,7.97,3.6774937999999993
329041,35,Walking,1054782268000,7.89,13.99,-1.9204689999999998
329042,35,Walking,1054832316000,8.24,10.12,4.372132
329043,35,Walking,1054882243000,-1.84,16.02,-0.46309182
329044,35,Walking,1054932292000,1.38,4.99,-2.4925237
329045,35,Walking,1054982249000,3.76,10.8,-1.7978859
329046,35,Walking,1055032268000,0.31,9.08,-0.42223078
329047,35,Walking,1055082255000,1.04,6.09,-0.9942854
329048,35,Walking,1055132274000,6.21,8.5,-1.334794
329049,35,Walking,1055182262000,5.01,8.39,-0.6946376999999999
329050,35,Walking,1055232341000,4.71,10.42,0.7218784
329051,35,Walking,1055282237000,6.85,7.46,-2.2609777
329052,35,Walking,1055332316000,6.24,9.47,-1.4165162
