,user,label,timestamp,x,y,z
330453,35,Walking,1125402232000,0.93,5.71,-0.6537767
330454,35,Walking,1125452251000,0.61,4.79,-0.14982383
330455,35,Walking,1125502269000,4.02,4.86,1.0351465
330456,35,Walking,1125552257000,11.88,9.0,4.630918
330457,35,Walking,1125602244000,9.34,15.51,0.14982383
330458,35,Walking,1125652263000,8.58,5.22,3.4459480000000005
330459,35,Walking,1125702251000,-3.21,17.77,-0.0
330460,35,Walking,1125752238000,3.72,4.02,-2.9556155
330461,35,Walking,1125802257000,1.08,6.97,-1.7570249
330462,35,Walking,1125852244000,5.86,12.91,-1.0760075
330463,35,Walking,1125902232000,0.53,6.89,-0.8036005
330464,35,Walking,1125952251000,1.99,6.51,-0.7218784
330465,35,Walking,1126002269000,2.22,10.15,-0.38136974
330466,35,Walking,1126052287000,4.48,9.89,-1.0351465
330467,35,Walking,1126102244000,9.08,7.89,-0.88532263
330468,35,Walking,1126152232000,7.21,8.73,-0.27240697
330469,35,Walking,1126202281000,5.63,9.58,-1.1168685
330470,35,Walking,1126252238000,-1.04,13.21,0.6946376999999999
330471,35,Walking,1126302257000,1.76,16.55,-0.50395286
330472,35,Walking,1126352244000,8.16,11.11,2.3426998
330473,35,Walking,1126402232000,4.9,4.86,0.50395286
330474,35,Walking,1126452251000,0.5,5.52,-0.38136974
330475,35,Walking,1126502238000,0.34,4.99,-1.0351465
330476,35,Walking,1126552257000,1.69,5.24,0.14982383
330477,35,Walking,1126602244000,10.31,9.7,5.2165932999999995
330478,35,Walking,1126652232000,9.77,13.53,-0.42223078
330479,35,Walking,1126702281000,8.39,7.82,5.366417
330480,35,Walking,1126752238000,-0.76,17.73,-0.08172209
330481,35,Walking,1126802287000,3.17,4.37,-2.4925237
330482,35,Walking,1126852275000,0.95,9.04,-2.0294318
330483,35,Walking,1126902232000,3.76,11.07,-0.8036005
330484,35,Walking,1126952220000,-0.3,6.32,-0.38136974
330485,35,Walking,1127002269000,4.86,7.21,-1.0760075
330486,35,Walking,1127052287000,3.79,9.23,-0.10896278
330487,35,Walking,1127102275000,3.15,10.38,0.6946376999999999
330488,35,Walking,1127152232000,6.36,7.55,-2.3699405
330489,35,Walking,1127202281000,7.5,9.3,-1.0760075
330490,35,Walking,1127252238000,5.48,10.04,-0.9942854
330491,35,Walking,1127302257000,-0.42,10.69,0.3405087
330492,35,Walking,1127352244000,0.72,14.63,0.19068487
330493,35,Walking,1127402232000,6.13,14.37,1.7978859
330494,35,Walking,1127402232000,6.13,14.37,1.7978859
330495,35,Walking,1127502269000,0.99,6.21,-0.38136974
330496,35,Walking,1127552257000,0.08,4.9,-0.61291564
330497,35,Walking,1127602244000,2.03,4.79,-0.10896278
330498,35,Walking,1127652263000,6.82,7.82,3.4868089999999996
330499,35,Walking,1127702251000,11.5,9.28,1.4165162
330500,35,Walking,1127752269000,7.21,12.3,2.5333846
330501,35,Walking,1127802226000,7.55,15.75,0.14982383
330502,35,Walking,1127852244000,-3.41,9.53,-0.5720546
330503,35,Walking,1127902202000,4.75,5.18,-1.4165162
330504,35,Walking,1127952251000,4.67,11.99,-1.4982381999999999
330505,35,Walking,1128002238000,1.38,7.78,0.10896278
330506,35,Walking,1128052257000,1.5,7.08,-1.0760075
330507,35,Walking,1128102275000,2.22,8.77,-0.7627395
330508,35,Walking,1128152293000,4.25,9.7,-0.46309182
330509,35,Walking,1128152293000,4.25,9.7,-0.46309182
330510,35,Walking,1128212352000,5.33,9.47,-1.3756552
330511,35,Walking,1128282298000,7.21,8.31,-0.95342433
330512,35,Walking,1128332286000,5.56,9.23,-1.3075534
330513,35,Walking,1128382335000,0.0,12.07,0.23154591
330514,35,Walking,1128442271000,1.73,14.9,-0.46309182
330515,35,Walking,1128492198000,5.24,12.26,2.3699405
330516,35,Walking,1128542308000,5.33,6.05,0.95342433
330517,35,Walking,1128592204000,1.46,6.13,-0.38136974
330518,35,Walking,1128642314000,1.46,5.28,-1.1441092
330519,35,Walking,1128692241000,1.8,5.13,0.46309182
330520,35,Walking,1128742290000,9.08,7.78,4.6036777
330521,35,Walking,1128792277000,12.15,13.21,0.6537767
330522,35,Walking,1128842296000,7.67,9.04,4.7943625
330523,35,Walking,1128892222000,2.07,16.55,-0.3405087
330524,35,Walking,1128942271000,1.99,5.86,-1.4165162
330525,35,Walking,1128992259000,2.68,7.7,-1.8387468999999996
330526,35,Walking,1129042308000,4.71,11.11,-1.56634
330527,35,Walking,1129092204000,-0.95,7.78,0.23154591
330528,35,Walking,1129142284000,3.64,6.82,-0.9942854
330529,35,Walking,1129192210000,5.67,8.54,-0.23154591
330530,35,Walking,1129242259000,4.14,8.12,-0.29964766
330531,35,Walking,1129292216000,3.49,11.03,-0.0
330532,35,Walking,1129342296000,6.85,7.55,-2.7921712000000003
330533,35,Walking,1129392253000,7.97,9.34,-1.4573771999999998
330534,35,Walking,1129442271000,3.3,9.96,-0.61291564
330535,35,Walking,1129492198000,-0.57,14.56,1.1849703
330536,35,Walking,1129542277000,1.73,14.75,0.9942854
330537,35,Walking,1129592204000,5.63,10.23,2.2201166000000003
330538,35,Walking,1129642284000,4.25,6.78,0.313268
330539,35,Walking,1129692210000,1.18,5.75,-0.42223078
330540,35,Walking,1129742259000,0.99,4.25,-0.8036005
330541,35,Walking,1129792216000,2.68,5.05,1.0351465
330542,35,Walking,1129842296000,10.95,9.38,4.5219555
330543,35,Walking,1129892253000,9.92,13.44,0.27240697
330544,35,Walking,1129942302000,8.47,8.35,4.2086873
330545,35,Walking,1129992229000,-1.65,17.97,-0.5720546
330546,35,Walking,1130042308000,4.18,4.99,-1.6480621
330547,35,Walking,1130092204000,0.99,7.16,-1.9477096999999999
330548,35,Walking,1130142284000,5.83,11.6,-1.0351465
330549,35,Walking,1130192210000,0.31,6.82,-0.42223078
330550,35,Walking,1130192210000,0.31,6.82,-0.42223078
330551,35,Walking,1130302318000,3.34,8.85,-0.29964766
330552,35,Walking,1130352244000,3.3,10.57,0.10896278
330553,35,Walking,1130402232000,6.44,7.44,-2.8330324
330554,35,Walking,1130452312000,7.63,9.62,-1.334794
330555,35,Walking,1130502208000,5.86,8.73,-0.46309182
330556,35,Walking,1130552257000,-0.53,12.11,0.84446156
330557,35,Walking,1130602214000,1.38,15.85,-0.46309182
330558,35,Walking,1130652232000,6.28,13.38,2.7649305
330559,35,Walking,1130702251000,6.66,6.13,0.92618364
330560,35,Walking,1130752269000,1.08,5.56,-0.8036005
330561,35,Walking,1130802257000,0.76,4.94,-1.3756552
330562,35,Walking,1130852275000,0.8,5.6,0.7218784
330563,35,Walking,1130902232000,10.42,8.16,5.012288
330564,35,Walking,1130952281000,10.08,11.92,-0.42223078
330565,35,Walking,1131002269000,6.28,7.89,5.366417
330566,35,Walking,1131052287000,5.37,16.13,-1.1441092
330567,35,Walking,1131102214000,1.18,9.77,-1.56634
330568,35,Walking,1131152263000,2.3,4.79,-2.2609777
330569,35,Walking,1131202251000,1.92,12.64,-1.9204689999999998
330570,35,Walking,1131252269000,1.04,7.63,0.6537767
330571,35,Walking,1131302226000,3.3,5.09,-1.7978859
330572,35,Walking,1131352275000,3.79,10.27,-0.6946376999999999
330573,35,Walking,1131402202000,5.13,9.81,0.313268
330574,35,Walking,1131452281000,4.71,10.0,-0.46309182
330575,35,Walking,1131502208000,5.22,8.66,-1.1849703
330576,35,Walking,1131552287000,6.02,9.04,-2.4108016
330577,35,Walking,1131602214000,3.45,9.28,0.3405087
330578,35,Walking,1131652232000,2.3,14.79,1.1849703
330579,35,Walking,1131702251000,5.05,15.24,1.8796080000000002
330580,35,Walking,1131752269000,4.71,9.19,2.1792557
330581,35,Walking,1131802226000,1.88,6.09,-0.53119355
330582,35,Walking,1131852275000,0.65,4.33,-0.84446156
330583,35,Walking,1131902202000,1.27,4.94,-0.53119355
330584,35,Walking,1131952281000,6.02,7.31,3.1463002999999996
330585,35,Walking,1132002238000,11.6,9.08,2.4925237
330586,35,Walking,1132052287000,8.12,12.68,2.3426998
330587,35,Walking,1132102244000,8.16,14.82,0.46309182
330588,35,Walking,1132152263000,-4.06,10.8,-0.29964766
330589,35,Walking,1132202281000,4.44,4.4,-2.3699405
330590,35,Walking,1132252269000,3.87,11.88,-1.9477096999999999
330591,35,Walking,1132302257000,1.61,7.35,0.46309182
330592,35,Walking,1132352275000,1.92,6.82,-0.61291564
330593,35,Walking,1132402202000,5.48,8.47,-0.53119355
330594,35,Walking,1132452281000,3.53,8.28,-0.19068487
330595,35,Walking,1132502238000,3.64,10.5,0.6946376999999999
330596,35,Walking,1132552287000,6.36,8.24,-3.5957718
330597,35,Walking,1132602244000,7.55,9.38,-1.1168685
330598,35,Walking,1132652263000,5.41,9.28,-0.50395286
330599,35,Walking,1132702251000,0.34,11.26,0.92618364
330600,35,Walking,1132752299000,2.15,15.32,0.14982383
330601,35,Walking,1132802257000,7.35,12.37,1.9885708
330602,35,Walking,1132852244000,5.37,6.36,0.6946376999999999
330603,35,Walking,1132902202000,1.38,6.59,-0.88532263
330604,35,Walking,1132952281000,-1.18,6.89,-1.4165162
330605,35,Walking,1133002208000,1.65,6.21,0.50395286
330606,35,Walking,1133052287000,9.62,6.47,6.1291566
330607,35,Walking,1133102214000,13.87,13.14,0.040861044
330608,35,Walking,1133152263000,4.94,7.55,5.8567495
330609,35,Walking,1133152263000,4.94,7.55,5.8567495
330610,35,Walking,1133222270000,0.42,16.09,-0.08172209
330611,35,Walking,1133272227000,2.76,4.56,-3.4459480000000005
330612,35,Walking,1133322337000,2.53,8.69,-2.0294318
330613,35,Walking,1133382304000,1.38,10.73,-0.040861044
330614,35,Walking,1133432231000,1.92,6.89,-0.42223078
330615,35,Walking,1133482310000,5.41,7.12,-0.95342433
330616,35,Walking,1133532207000,4.63,9.38,0.19068487
330617,35,Walking,1133582286000,3.34,10.08,0.8036005
330618,35,Walking,1133632213000,7.01,8.2,-2.8330324
330619,35,Walking,1133682292000,7.59,8.31,-1.0351465
330620,35,Walking,1133732249000,6.44,7.7,-0.88532263
330621,35,Walking,1133782298000,-0.61,12.87,0.19068487
330622,35,Walking,1133832286000,1.42,18.77,1.1849703
330623,35,Walking,1133882365000,5.56,12.83,2.7649305
330624,35,Walking,1133932353000,5.22,4.94,0.50395286
330625,35,Walking,1133982432000,0.38,5.56,-0.46309182
330626,35,Walking,1134032268000,0.53,4.82,-1.1168685
330627,35,Walking,1134082347000,2.79,5.24,0.46309182
330628,35,Walking,1134142284000,11.73,8.08,4.6036777
330629,35,Walking,1134192210000,10.38,13.53,0.040861044
330630,35,Walking,1134242259000,7.63,8.54,5.243834
330631,35,Walking,1134292216000,-1.65,16.51,-0.8036005
330632,35,Walking,1134342265000,2.64,3.02,-3.0645783
330633,35,Walking,1134392253000,1.46,7.67,-1.3756552
330634,35,Walking,1134442271000,3.15,13.4,-0.6946376999999999
330635,35,Walking,1134492198000,-0.15,6.97,-0.27240697
330636,35,Walking,1134542277000,4.9,7.06,-1.4982381999999999
330637,35,Walking,1134592204000,4.6,9.92,-0.08172209
330638,35,Walking,1134642345000,3.49,10.19,0.95342433
330639,35,Walking,1134692241000,5.52,7.93,-2.6014863999999998
330640,35,Walking,1134742259000,5.9,8.96,-1.334794
330641,35,Walking,1134792216000,7.44,8.39,-0.8036005
330642,35,Walking,1134842265000,0.53,11.35,0.8036005
330643,35,Walking,1134892222000,1.61,17.01,0.50395286
330644,35,Walking,1134942271000,4.33,12.87,2.3699405
330645,35,Walking,1134992229000,4.29,6.05,1.0760075
330646,35,Walking,1135042308000,1.12,6.78,0.19068487
330647,35,Walking,1135092235000,0.34,6.09,-0.38136974
330648,35,Walking,1135142314000,2.11,5.37,-0.040861044
330649,35,Walking,1135192241000,10.23,7.27,4.018002500000001
330650,35,Walking,1135242351000,11.41,10.31,-0.6946376999999999
330651,35,Walking,1135292247000,6.44,9.92,5.243834
330652,35,Walking,1135342265000,6.32,17.12,-0.9125633
