,user,label,timestamp,x,y,z
227262,36,Walking,13169322309000,-1.08,6.17,-0.08172209
227263,36,Walking,13169372205000,-1.33,4.4,0.14982383
227264,36,Walking,13169422284000,0.89,2.98,0.53119355
227265,36,Walking,13169472242000,-1.23,7.16,5.243834
227266,36,Walking,13169522290000,-1.69,13.76,8.117727
227267,36,Walking,13169572217000,-3.57,8.85,9.343558
227268,36,Walking,13169622266000,0.61,17.24,-0.84446156
227269,36,Walking,13169672223000,-0.11,7.78,0.9942854
227270,36,Walking,13169722516000,-4.82,9.47,-3.9090397000000006
227271,36,Walking,13169772199000,-0.84,9.47,1.0760075
227272,36,Walking,13169822309000,3.3,6.13,-0.23154591
227273,36,Walking,13169872235000,-2.91,9.34,-0.0
227274,36,Walking,13169922254000,-1.73,7.12,-0.29964766
227275,36,Walking,13169972211000,-2.07,9.51,0.23154591
227276,36,Walking,13170022321000,-3.72,11.03,-0.040861044
227277,36,Walking,13170072248000,-3.91,11.84,-0.42223078
227278,36,Walking,13170122266000,-2.91,12.6,0.27240697
227279,36,Walking,13170172223000,-1.18,12.15,-4.140586
227280,36,Walking,13170222333000,2.34,13.95,-1.8796080000000002
227281,36,Walking,13170272260000,1.38,15.21,0.313268
227282,36,Walking,13170322309000,-1.04,11.07,-2.2609777
227283,36,Walking,13170372235000,-1.38,7.16,-0.6946376999999999
227284,36,Walking,13170422284000,-1.23,4.94,0.46309182
227285,36,Walking,13170472211000,-0.15,3.91,0.46309182
227286,36,Walking,13170522290000,0.0,4.52,2.3018389
227287,36,Walking,13170572248000,-3.57,8.62,6.4015636
227288,36,Walking,13170622297000,-2.64,13.29,9.234595
227289,36,Walking,13170672254000,-2.22,9.66,5.325556
227290,36,Walking,13170722303000,2.56,16.63,3.2961242
227291,36,Walking,13170772199000,-0.89,6.17,-2.5606253
227292,36,Walking,13170822309000,-7.21,14.29,-1.7297841
227293,36,Walking,13170872235000,2.03,4.6,-0.42223078
227294,36,Walking,13170922254000,2.03,8.92,-0.8036005
227295,36,Walking,13170972211000,-1.84,7.93,0.313268
227296,36,Walking,13171022260000,-2.45,8.31,0.313268
227297,36,Walking,13171072248000,-2.53,9.0,-0.7218784
227298,36,Walking,13171122297000,-3.36,10.8,0.14982383
227299,36,Walking,13171172223000,-3.06,12.15,-0.5720546
227300,36,Walking,13171222303000,-1.92,12.87,0.313268
227301,36,Walking,13171272229000,-2.18,10.88,-4.2495484
227302,36,Walking,13171322309000,2.3,15.64,-0.84446156
227303,36,Walking,13171372205000,0.93,14.6,0.19068487
227304,36,Walking,13171422284000,-1.12,11.07,-1.8387468999999996
227305,36,Walking,13171472211000,-0.23,6.89,-1.1849703
227306,36,Walking,13171522290000,-1.73,4.9,0.27240697
227307,36,Walking,13171572217000,-0.23,3.57,0.46309182
227308,36,Walking,13171622297000,-0.08,4.56,2.3426998
227309,36,Walking,13171672254000,-1.8,8.39,6.3198414000000005
227310,36,Walking,13171722303000,-1.95,14.6,10.310603
227311,36,Walking,13171772229000,-1.42,17.73,3.4868089999999996
227312,36,Walking,13171822309000,1.5,8.43,2.3699405
227313,36,Walking,13171872235000,-3.79,6.74,-4.440233
227314,36,Walking,13171922254000,-3.79,12.34,0.313268
227315,36,Walking,13171972242000,2.96,5.22,-0.08172209
227316,36,Walking,13172022290000,-0.15,8.89,-1.1168685
227317,36,Walking,13172072248000,-1.04,7.67,-1.0760075
227318,36,Walking,13172122297000,-0.72,9.19,0.42223078
227319,36,Walking,13172172223000,-3.64,10.34,-0.14982383
227320,36,Walking,13172222303000,-3.91,12.15,0.040861044
227321,36,Walking,13172272229000,-3.17,12.53,-0.84446156
227322,36,Walking,13172322339000,-0.53,13.38,-4.7943625
227323,36,Walking,13172372205000,3.02,13.1,-1.9204689999999998
227324,36,Walking,13172422284000,0.99,15.09,-1.4573771999999998
227325,36,Walking,13172472242000,0.08,11.56,-1.9885708
227326,36,Walking,13172522260000,0.11,7.63,-1.2258313
227327,36,Walking,13172572217000,-1.65,5.67,0.3405087
227328,36,Walking,13172622297000,-0.46,4.21,0.14982383
227329,36,Walking,13172672254000,-0.76,3.76,1.9477096999999999
227330,36,Walking,13172722303000,-2.18,7.5,6.4424243
227331,36,Walking,13172772199000,-2.72,14.29,9.043911
227332,36,Walking,13172822309000,-2.45,10.65,5.706926
227333,36,Walking,13172872235000,1.08,15.7,2.6014863999999998
227334,36,Walking,13172922315000,-1.5,6.51,-3.8273177000000005
227335,36,Walking,13172972211000,-5.86,12.76,-1.0351465
227336,36,Walking,13173022321000,1.5,5.56,0.08172209
227337,36,Walking,13173082288000,0.27,8.85,-0.38136974
227338,36,Walking,13173132245000,-0.34,7.74,-0.46309182
227339,36,Walking,13173182294000,-1.46,9.08,0.8036005
227340,36,Walking,13173232282000,-3.79,9.72,-0.8036005
227341,36,Walking,13173282300000,-2.96,12.3,0.42223078
227342,36,Walking,13173332257000,-3.6,11.69,-0.42223078
227343,36,Walking,13173382306000,-1.65,13.67,-3.5957718
227344,36,Walking,13173432233000,2.72,12.6,-2.1383946
227345,36,Walking,13173482282000,1.88,15.21,-0.7627395
227346,36,Walking,13173532239000,0.34,13.02,-1.56634
227347,36,Walking,13173582318000,-1.08,7.97,-0.84446156
227348,36,Walking,13173632276000,-1.92,5.33,0.14982383
227349,36,Walking,13173682294000,-1.14,3.57,0.38136974
227350,36,Walking,13173732282000,-0.23,3.3,1.4165162
227351,36,Walking,13173782300000,-1.46,6.97,6.0882955
227352,36,Walking,13173832257000,-1.95,15.47,7.6273947
227353,36,Walking,13173882306000,-0.76,9.47,9.765789
227354,36,Walking,13173882306000,-0.76,9.47,9.765789
227355,36,Walking,13173982251000,0.42,7.55,1.1441092
227356,36,Walking,13174032270000,-6.24,11.07,-4.372132
227357,36,Walking,13174082288000,1.54,7.93,1.607201
227358,36,Walking,13174132276000,2.72,7.78,-0.9125633
227359,36,Walking,13174182264000,-3.02,9.28,-0.7627395
227360,36,Walking,13174232343000,-2.41,7.59,-0.08172209
227361,36,Walking,13174282270000,-1.65,8.81,0.92618364
227362,36,Walking,13174332318000,-3.17,9.96,0.42223078
227363,36,Walking,13174382276000,-3.87,12.03,-0.14982383
227364,36,Walking,13174432325000,-3.41,11.22,-0.27240697
227365,36,Walking,13174482282000,-1.42,13.18,-3.6774937999999993
227366,36,Walking,13174532300000,2.34,12.11,-2.6014863999999998
227367,36,Walking,13174582288000,2.07,16.28,-1.6480621
227368,36,Walking,13174632306000,-0.34,12.91,-1.8387468999999996
227369,36,Walking,13174682233000,-1.73,8.58,-0.7218784
227370,36,Walking,13174732343000,-0.99,5.94,-0.88532263
227371,36,Walking,13174782239000,0.5,5.94,1.1849703
227372,36,Walking,13174832318000,0.23,3.87,0.88532263
227373,36,Walking,13174882276000,-1.95,5.67,4.290409599999999
227374,36,Walking,13174932264000,-4.37,9.7,8.471855999999999
227375,36,Walking,13174982251000,-1.42,11.3,8.662541000000001
227376,36,Walking,13175032270000,0.46,18.77,-0.08172209
227377,36,Walking,13175082288000,2.87,3.79,-1.1441092
227378,36,Walking,13175132276000,-4.67,12.37,-4.1814466
227379,36,Walking,13175182264000,-0.19,7.89,1.8796080000000002
227380,36,Walking,13175232312000,3.21,6.7,-0.95342433
227381,36,Walking,13175282239000,-6.28,8.92,-1.7978859
227382,36,Walking,13175332318000,-1.99,7.44,0.92618364
227383,36,Walking,13175382245000,-0.76,10.15,0.7627395
227384,36,Walking,13175432264000,-3.68,11.65,0.27240697
227385,36,Walking,13175482282000,-4.71,10.34,-0.9125633
227386,36,Walking,13175532300000,-2.53,13.38,-0.9125633
227387,36,Walking,13175582257000,1.23,12.03,-4.5219555
227388,36,Walking,13175632306000,2.76,16.04,-1.2258313
227389,36,Walking,13175682264000,1.38,14.25,-1.7978859
227390,36,Walking,13175732312000,-1.27,10.31,-1.56634
227391,36,Walking,13175782270000,-2.18,6.44,-0.3405087
227392,36,Walking,13175832318000,-0.69,4.56,0.50395286
227393,36,Walking,13175882276000,0.69,3.64,0.53119355
227394,36,Walking,13175932264000,-0.42,4.71,3.1463002999999996
227395,36,Walking,13175982251000,-2.14,9.51,5.8567495
227396,36,Walking,13176032300000,-1.57,13.82,11.795221000000002
227397,36,Walking,13176082227000,-1.38,17.92,1.9885708
227398,36,Walking,13176132306000,1.12,8.62,3.0237172
227399,36,Walking,13176182203000,-1.08,3.79,-5.9793324
227400,36,Walking,13176232312000,-4.56,15.98,1.9477096999999999
227401,36,Walking,13176282270000,3.83,4.33,-1.1849703
227402,36,Walking,13176332318000,-1.8,9.62,-0.53119355
227403,36,Walking,13176382276000,-2.03,7.97,-0.7218784
227404,36,Walking,13176432264000,-1.65,8.85,0.50395286
227405,36,Walking,13176482282000,-3.21,9.85,0.53119355
227406,36,Walking,13176532270000,-3.53,11.37,-0.10896278
227407,36,Walking,13176582288000,-3.87,11.03,-0.6537767
227408,36,Walking,13176632306000,-1.8,14.18,-3.4868089999999996
227409,36,Walking,13176682264000,3.26,12.18,-2.7921712000000003
227410,36,Walking,13176732312000,2.11,16.21,-1.334794
227411,36,Walking,13176782331000,0.38,12.22,-2.1792557
227412,36,Walking,13176832318000,-2.07,8.62,0.08172209
227413,36,Walking,13176882245000,-1.31,5.6,0.38136974
227414,36,Walking,13176932569000,0.04,3.87,-0.14982383
227415,36,Walking,13176982282000,0.8,3.45,1.0351465
227416,36,Walking,13177032300000,-1.46,7.27,6.0201936
227417,36,Walking,13177082288000,-1.53,14.18,8.471855999999999
227418,36,Walking,13177132306000,-2.37,11.8,9.275456
227419,36,Walking,13177182233000,1.33,15.13,1.0760075
227420,36,Walking,13177232312000,0.5,4.99,-1.4982381999999999
227421,36,Walking,13177282239000,-6.24,12.34,-3.6774937999999993
227422,36,Walking,13177332349000,1.73,7.08,1.4165162
227423,36,Walking,13177382245000,2.3,7.74,-1.0760075
227424,36,Walking,13177432294000,-3.41,9.28,-0.53119355
227425,36,Walking,13177482282000,-2.18,7.63,0.08172209
227426,36,Walking,13177532300000,-1.61,9.43,0.46309182
227427,36,Walking,13177582257000,-3.41,10.76,0.040861044
227428,36,Walking,13177632306000,-4.33,11.35,-0.46309182
227429,36,Walking,13177682233000,-3.15,12.53,-0.040861044
227430,36,Walking,13177732312000,-0.27,12.98,-4.3312707
227431,36,Walking,13177782270000,3.21,13.29,-1.607201
227432,36,Walking,13177832288000,0.95,14.98,-1.4165162
227433,36,Walking,13177882245000,-1.08,11.65,-1.7297841
227434,36,Walking,13177932447000,-1.23,7.67,-0.3405087
227435,36,Walking,13177982251000,-0.72,5.09,0.84446156
227436,36,Walking,13178032300000,0.15,4.44,0.61291564
227437,36,Walking,13178082288000,-0.3,3.95,2.2201166000000003
227438,36,Walking,13178132306000,-1.18,7.16,5.243834
227439,36,Walking,13178182233000,-2.34,14.75,10.378705
227440,36,Walking,13178232312000,-2.41,10.12,5.9793324
227441,36,Walking,13178282270000,1.84,16.32,2.070293
227442,36,Walking,13178332318000,0.23,6.4,-1.9477096999999999
227443,36,Walking,13178382276000,-5.94,11.5,-4.140586
227444,36,Walking,13178432264000,3.53,7.31,1.2666923
227445,36,Walking,13178482282000,1.69,7.86,-1.56634
227446,36,Walking,13178532300000,-3.53,8.73,-1.1849703
227447,36,Walking,13178582257000,-2.07,7.93,0.53119355
227448,36,Walking,13178632306000,-1.99,9.96,0.50395286
227449,36,Walking,13178682233000,-3.17,11.35,0.14982383
227450,36,Walking,13178732312000,-4.67,11.41,-0.5720546
227451,36,Walking,13178782270000,-2.03,13.72,0.10896278
227452,36,Walking,13178832318000,-0.76,11.69,-4.140586
227453,36,Walking,13178882276000,2.83,13.91,-1.2666923
227454,36,Walking,13178932264000,0.65,14.21,-1.6889231
227455,36,Walking,13178982343000,-1.04,11.41,-1.4982381999999999
227456,36,Walking,13179032392000,-2.34,7.31,-0.23154591
227457,36,Walking,13179082318000,-1.23,5.33,0.313268
227458,36,Walking,13179132367000,2.03,3.6,-0.19068487
227459,36,Walking,13179192243000,0.38,5.71,3.9499009
227460,36,Walking,13179242200000,-3.45,10.08,5.47538
227461,36,Walking,13179292279000,-0.8,11.56,10.460427000000001
