,user,label,timestamp,x,y,z
228662,36,Walking,13239323468000,-1.99,8.77,0.92618364
228663,36,Walking,13239372235000,-2.3,10.0,0.88532263
228664,36,Walking,13239422345000,-4.33,11.41,-0.19068487
228665,36,Walking,13239482282000,-3.17,11.45,0.46309182
228666,36,Walking,13239532209000,-1.33,13.48,-3.1054392
228667,36,Walking,13239582318000,2.53,12.11,-2.6832085
228668,36,Walking,13239632245000,3.02,15.7,-0.0
228669,36,Walking,13239682264000,-0.34,12.3,-2.4108016
228670,36,Walking,13239732251000,-2.49,8.77,-0.19068487
228671,36,Walking,13239782300000,-0.46,6.24,0.7218784
228672,36,Walking,13239832227000,0.69,3.3,-0.040861044
228673,36,Walking,13239882306000,0.15,3.26,1.4573771999999998
228674,36,Walking,13239932233000,-1.57,6.59,5.8976107
228675,36,Walking,13239982312000,-0.76,15.05,6.851035
228676,36,Walking,13240032239000,-1.84,12.18,10.923519
228677,36,Walking,13240082288000,0.53,14.56,-1.4982381999999999
228678,36,Walking,13240132245000,1.99,6.05,0.040861044
228679,36,Walking,13240182294000,-7.31,12.72,-4.7126402999999994
228680,36,Walking,13240232282000,2.56,7.63,2.2609777
228681,36,Walking,13240292340000,0.72,7.89,-0.9125633
228682,36,Walking,13240342298000,-3.6,9.19,-0.46309182
228683,36,Walking,13240342298000,-3.6,9.19,-0.46309182
228684,36,Walking,13240442243000,-1.95,8.89,0.3405087
228686,36,Walking,13240492292000,-3.02,11.69,0.08172209
228685,36,Walking,13240492292000,-3.02,11.69,0.08172209
228687,36,Walking,13240552289000,-4.71,11.54,-0.50395286
228688,36,Walking,13240602796000,-1.42,13.48,0.19068487
228689,36,Walking,13240652387000,-0.04,10.88,-3.6366330000000002
228690,36,Walking,13240703015000,2.26,15.66,-1.0351465
228691,36,Walking,13240752607000,1.84,13.21,-0.6537767
228692,36,Walking,13240803174000,-1.84,9.85,-1.4982381999999999
228693,36,Walking,13240852826000,-0.76,7.27,-0.7627395
228694,36,Walking,13240902295000,-0.57,5.24,0.46309182
228695,36,Walking,13240952771000,0.99,3.79,0.84446156
228696,36,Walking,13241002332000,-0.95,6.17,3.5276701
228697,36,Walking,13241052900000,-0.72,10.34,5.47538
228698,36,Walking,13241102399000,-2.07,11.11,11.114203
228699,36,Walking,13241152967000,-3.06,15.43,0.88532263
228700,36,Walking,13241202497000,2.87,12.41,4.018002500000001
228701,36,Walking,13241253034000,-0.76,4.14,-5.938472
228702,36,Walking,13241302533000,-4.29,15.85,0.10896278
228703,36,Walking,13241353101000,3.99,4.75,-0.38136974
228704,36,Walking,13241402631000,-1.42,9.34,-1.0351465
228705,36,Walking,13241452314000,-3.72,8.89,0.3405087
228706,36,Walking,13241502607000,-2.07,7.78,0.53119355
228707,36,Walking,13241553083000,-1.88,9.58,0.61291564
228708,36,Walking,13241602643000,-2.96,11.75,-0.0
228709,36,Walking,13241652265000,-4.18,10.73,-0.53119355
228710,36,Walking,13241702527000,-1.8,14.06,-0.7627395
228711,36,Walking,13241753064000,0.15,11.75,-3.7183550000000003
228712,36,Walking,13241802625000,2.41,15.36,-0.8036005
228713,36,Walking,13241852277000,0.57,13.4,-1.3075534
228714,36,Walking,13241902631000,-0.8,10.23,-1.2258313
228715,36,Walking,13241952283000,-0.65,6.74,-0.27240697
228716,36,Walking,13242002637000,0.0,5.18,0.50395286
228717,36,Walking,13242052259000,0.72,3.91,0.3405087
228718,36,Walking,13242102460000,-0.27,5.05,3.0645783
228719,36,Walking,13242153028000,-1.95,10.04,6.0882955
228720,36,Walking,13242203015000,-1.42,13.63,11.495573
228721,36,Walking,13242253095000,-2.07,15.05,4.3312707
228722,36,Walking,13242302625000,1.92,10.57,1.5390993
228723,36,Walking,13242352277000,-2.41,5.48,-4.018002500000001
228724,36,Walking,13242402539000,-3.64,13.91,-0.95342433
228725,36,Walking,13242453107000,3.53,5.9,0.42223078
228726,36,Walking,13242502607000,-0.89,8.66,-1.4982381999999999
228727,36,Walking,13242553113000,-2.11,7.97,-0.38136974
228728,36,Walking,13242603193000,-0.46,8.47,0.3405087
228729,36,Walking,13242652692000,-3.06,10.76,0.46309182
228730,36,Walking,13242702314000,-3.83,12.03,0.27240697
228731,36,Walking,13242752698000,-5.43,11.07,-0.23154591
228732,36,Walking,13242802259000,-1.12,14.41,-2.7921712000000003
228733,36,Walking,13242852704000,3.95,11.99,-2.8330324
228734,36,Walking,13242902265000,2.11,15.98,-1.4573771999999998
228735,36,Walking,13242952649000,-0.08,12.37,-1.8796080000000002
228736,36,Walking,13243002271000,-1.46,8.47,-0.42223078
228737,36,Walking,13243052594000,-1.14,5.71,0.61291564
228738,36,Walking,13243103131000,0.31,3.38,-0.3405087
228739,36,Walking,13243152600000,0.76,3.95,1.334794
228740,36,Walking,13243203107000,-1.73,7.67,6.170017700000001
228741,36,Walking,13243252637000,-0.89,14.6,7.9679036
228742,36,Walking,13243302259000,-2.49,10.23,9.997335000000001
228743,36,Walking,13243352643000,0.53,16.09,-0.5720546
228744,36,Walking,13243403150000,2.41,6.47,1.3075534
228745,36,Walking,13243452710000,-6.4,9.89,-6.0882955
228746,36,Walking,13243502301000,0.84,9.96,2.9556155
228747,36,Walking,13243552655000,3.41,6.4,-1.4573771999999998
228748,36,Walking,13243602277000,-3.98,9.92,0.040861044
228749,36,Walking,13243652631000,-2.45,7.86,0.46309182
228750,36,Walking,13243702283000,-2.11,8.77,1.1168685
228751,36,Walking,13243752637000,-2.83,10.12,0.10896278
228752,36,Walking,13243802259000,-2.91,11.41,-0.3405087
228753,36,Walking,13243852613000,-3.6,11.41,-0.040861044
228754,36,Walking,13243903180000,-2.34,13.59,-3.2961242
228755,36,Walking,13243952710000,3.34,12.49,-2.5333846
228756,36,Walking,13244002271000,2.6,15.28,-0.9125633
228757,36,Walking,13244052625000,0.0,12.79,-2.1792557
228758,36,Walking,13244103040000,-1.42,8.54,-0.53119355
228759,36,Walking,13244152570000,-0.8,6.32,0.50395286
228760,36,Walking,13244203077000,0.5,3.41,-0.040861044
228761,36,Walking,13244252576000,0.31,3.34,1.3756552
228762,36,Walking,13244303083000,-2.41,8.12,7.014479
228763,36,Walking,13244352613000,0.23,13.87,7.7772183
228764,36,Walking,13244403119000,-0.99,12.03,8.771504
228765,36,Walking,13244452649000,3.02,13.38,1.3075534
228766,36,Walking,13244503186000,-1.95,7.06,-3.1054392
228767,36,Walking,13244552655000,-4.59,11.3,-1.6889231
228768,36,Walking,13244602277000,1.61,7.59,0.88532263
228769,36,Walking,13244652600000,1.27,8.24,-1.1849703
228770,36,Walking,13244703138000,-3.11,8.16,-0.6537767
228771,36,Walking,13244752668000,-0.65,8.01,0.38136974
228772,36,Walking,13244802259000,-1.18,9.92,0.27240697
228773,36,Walking,13244852674000,-3.21,11.69,0.313268
228774,36,Walking,13244902265000,-5.37,11.65,-0.53119355
228775,36,Walking,13244952619000,-3.41,13.76,-0.0
228776,36,Walking,13245002271000,0.57,12.03,-3.6366330000000002
228777,36,Walking,13245052472000,3.02,14.9,-1.8387468999999996
228778,36,Walking,13245102979000,1.23,13.67,-0.88532263
228779,36,Walking,13245152509000,-1.23,10.42,-1.6889231
228780,36,Walking,13245203046000,-0.57,6.55,-1.2258313
228781,36,Walking,13245252576000,0.38,4.63,0.84446156
228782,36,Walking,13245303144000,0.61,4.25,0.7218784
228783,36,Walking,13245362317000,-1.38,6.05,4.4810944
228784,36,Walking,13245412275000,-2.53,11.75,6.742072
228785,36,Walking,13245462262000,-1.8,10.42,10.800936
228786,36,Walking,13245522229000,-0.04,18.01,-1.0760075
228787,36,Walking,13245572278000,2.41,6.32,1.9885708
228788,36,Walking,13245622297000,-5.6,7.63,-6.5513873
228789,36,Walking,13245672284000,-0.57,11.37,2.9556155
228790,36,Walking,13245722303000,4.37,5.98,-1.4165162
228791,36,Walking,13245772199000,-3.26,9.34,-0.61291564
228792,36,Walking,13245822278000,-1.42,7.55,-0.040861044
228793,36,Walking,13245872235000,-2.14,9.92,0.46309182
228794,36,Walking,13245922284000,-2.83,11.07,0.7218784
228795,36,Walking,13245972211000,-4.94,11.22,-0.7627395
228796,36,Walking,13246022290000,-1.8,14.02,-0.42223078
228797,36,Walking,13246072217000,0.42,11.96,-4.440233
228798,36,Walking,13246122297000,3.15,13.99,-0.88532263
228799,36,Walking,13246172223000,0.5,14.29,-1.2258313
228800,36,Walking,13246222669000,-1.5,11.65,-1.6889231
228801,36,Walking,13246272138000,-0.8,7.4,-0.38136974
228802,36,Walking,13246322583000,0.46,5.41,0.23154591
228803,36,Walking,13246372296000,1.95,2.6,-0.50395286
228804,36,Walking,13246422254000,-0.69,4.25,2.070293
228805,36,Walking,13246472303000,-3.11,9.7,6.9327570000000005
228806,36,Walking,13246522229000,-1.95,13.87,11.182305
228807,36,Walking,13246572248000,-1.14,14.71,3.0237172
228808,36,Walking,13246622205000,2.6,12.98,3.9090397000000006
228809,36,Walking,13246672315000,-1.38,4.56,-4.9850473
228810,36,Walking,13246722272000,-6.17,15.09,-0.7627395
228811,36,Walking,13246772290000,3.87,5.6,0.6946376999999999
228812,36,Walking,13246822217000,0.38,7.63,-0.50395286
228813,36,Walking,13246872296000,-3.72,8.73,-0.5720546
228814,36,Walking,13246922254000,-0.91,8.01,0.7627395
228815,36,Walking,13246972333000,-2.64,9.89,0.6537767
228816,36,Walking,13247022199000,-2.87,11.69,0.14982383
228817,36,Walking,13247072278000,-3.26,11.69,-0.38136974
228818,36,Walking,13247122205000,-1.12,14.21,-1.4573771999999998
228819,36,Walking,13247172315000,0.57,11.41,-3.7592160000000003
228820,36,Walking,13247222211000,2.64,15.66,-1.334794
228821,36,Walking,13247272321000,0.23,12.87,-1.1168685
228822,36,Walking,13247322217000,-0.57,9.92,-1.525479
228823,36,Walking,13247372297000,-0.89,6.47,-0.3405087
228824,36,Walking,13247422223000,-0.61,4.6,0.88532263
228825,36,Walking,13247472303000,0.38,3.02,0.42223078
228826,36,Walking,13247522229000,-0.57,6.85,4.7126402999999994
228827,36,Walking,13247572339000,-1.33,12.41,6.823794400000001
228828,36,Walking,13247622235000,-0.34,11.96,10.95076
228829,36,Walking,13247672315000,-0.57,17.86,-2.3018389
228830,36,Walking,13247722242000,0.76,5.52,1.5390993
228831,36,Walking,13247772290000,-4.18,8.54,-7.436710000000001
228832,36,Walking,13247832502000,2.03,9.43,3.7864565999999997
228833,36,Walking,13247882245000,0.38,8.05,-1.7978859
228834,36,Walking,13247932386000,-3.3,8.54,0.10896278
228835,36,Walking,13247982251000,-1.65,7.7,-0.19068487
228836,36,Walking,13248032331000,-1.04,10.04,1.1849703
228837,36,Walking,13248092267000,-3.76,11.75,0.08172209
228838,36,Walking,13248142255000,-4.56,10.73,-0.3405087
228839,36,Walking,13248192273000,-2.26,14.18,-1.0760075
228840,36,Walking,13248242231000,1.54,12.41,-2.5606253
228841,36,Walking,13248292279000,1.61,15.21,-1.1441092
228842,36,Walking,13248342237000,-0.38,12.79,-1.2666923
228843,36,Walking,13248392286000,-0.19,10.12,-1.6480621
228844,36,Walking,13248442243000,0.19,6.28,-0.42223078
228845,36,Walking,13248492231000,0.19,4.71,0.6946376999999999
228846,36,Walking,13248542218000,0.5,2.76,0.6946376999999999
228847,36,Walking,13248592267000,-1.95,6.93,4.7943625
228848,36,Walking,13248642286000,-1.57,12.64,7.055340299999999
228849,36,Walking,13248692273000,-1.5,9.62,10.119919
228850,36,Walking,13248742200000,-0.76,18.39,-0.29964766
228851,36,Walking,13248792279000,2.79,6.4,3.2961242
228852,36,Walking,13248842206000,-5.09,7.7,-7.164303
228853,36,Walking,13248892316000,-0.95,12.15,3.336985
228854,36,Walking,13248942212000,4.82,5.01,-1.2258313
228855,36,Walking,13248992231000,-4.06,9.7,-0.14982383
228856,36,Walking,13249042249000,-2.83,8.24,0.6946376999999999
228857,36,Walking,13249092267000,-2.11,8.39,1.1849703
228858,36,Walking,13249142224000,-2.11,10.12,-0.10896278
228859,36,Walking,13249192243000,-3.02,11.5,-0.10896278
228860,36,Walking,13249242231000,-3.91,11.11,-0.10896278
228861,36,Walking,13249292310000,-2.68,14.02,-4.018002500000001
