,user,label,timestamp,x,y,z
229062,36,Walking,13259302320000,-0.8,7.55,0.10896278
229063,36,Walking,13259352887000,0.72,5.18,-0.27240697
229064,36,Walking,13259402417000,1.04,2.79,0.14982383
229065,36,Walking,13259452954000,-1.69,4.86,3.5685309999999997
229066,36,Walking,13259502454000,-1.53,10.95,6.2789803
229067,36,Walking,13259552991000,-2.34,12.95,12.789507
229068,36,Walking,13259602582000,-1.14,14.06,1.9477096999999999
229069,36,Walking,13259653119000,3.11,11.88,4.290409599999999
229070,36,Walking,13259702649000,-1.99,5.05,-4.5628166
229071,36,Walking,13259752271000,-6.66,15.17,-0.53119355
229072,36,Walking,13259802594000,4.71,5.37,0.46309182
229073,36,Walking,13259853101000,-0.19,8.85,-0.29964766
229074,36,Walking,13259902631000,-3.53,8.62,0.19068487
229075,36,Walking,13259952283000,-2.03,7.89,0.53119355
229076,36,Walking,13260002637000,-0.95,9.0,0.53119355
229077,36,Walking,13260052259000,-2.64,11.41,0.3405087
229078,36,Walking,13260102613000,-4.48,11.14,-0.9125633
229079,36,Walking,13260153119000,-2.14,13.14,0.53119355
229080,36,Walking,13260202649000,-0.8,11.5,-4.0588636
229081,36,Walking,13260252301000,3.02,13.8,-1.4165162
229082,36,Walking,13260302716000,1.46,14.79,-0.84446156
229083,36,Walking,13260352307000,-0.91,11.88,-1.334794
229084,36,Walking,13260402692000,-1.65,7.25,-0.53119355
229085,36,Walking,13260452283000,-0.95,5.79,0.313268
229086,36,Walking,13260502698000,1.46,3.34,0.08172209
229087,36,Walking,13260552259000,0.04,4.4,2.4925237
229088,36,Walking,13260602704000,-1.57,8.05,6.4424243
229089,36,Walking,13260652265000,-1.14,14.1,8.430995
229090,36,Walking,13260702680000,-2.45,10.76,9.697687
229091,36,Walking,13260752271000,1.04,17.01,-0.61291564
229092,36,Walking,13260802686000,1.31,6.02,0.46309182
229093,36,Walking,13260852277000,-4.52,8.69,-5.8567495
229094,36,Walking,13260902631000,0.76,10.88,2.9556155
229095,36,Walking,13260952283000,3.3,6.02,-1.4982381999999999
229096,36,Walking,13261002576000,-4.1,10.23,-0.3405087
229097,36,Walking,13261053083000,-2.37,7.4,-0.23154591
229098,36,Walking,13261102613000,-1.92,8.92,0.6946376999999999
229099,36,Walking,13261153150000,-3.45,10.73,0.040861044
229100,36,Walking,13261202710000,-3.36,11.35,-0.84446156
229101,36,Walking,13261252271000,-2.45,12.03,0.42223078
229102,36,Walking,13261302716000,-0.3,12.45,-2.8330324
229103,36,Walking,13261352277000,1.73,11.73,-2.2609777
229104,36,Walking,13261402723000,1.95,15.66,-0.50395286
229105,36,Walking,13261452283000,-0.69,13.18,-1.4573771999999998
229106,36,Walking,13261502668000,-1.95,8.89,-0.19068487
229107,36,Walking,13261552259000,-0.46,6.7,0.27240697
229108,36,Walking,13261602674000,0.46,3.68,-0.08172209
229109,36,Walking,13261652265000,0.46,3.06,1.3756552
229110,36,Walking,13261702588000,-1.8,7.46,7.4639505999999995
229111,36,Walking,13261753186000,-0.23,13.87,7.082580999999999
229112,36,Walking,13261802716000,-2.87,10.61,8.853226
229113,36,Walking,13261852277000,4.33,16.28,2.3699405
229114,36,Walking,13261902753000,-3.36,5.48,-3.9090397000000006
229115,36,Walking,13261952283000,-5.9,12.72,-1.6889231
229116,36,Walking,13262002698000,2.87,6.44,0.92618364
229117,36,Walking,13262052259000,1.84,8.77,-0.88532263
229118,36,Walking,13262103223000,-3.34,9.04,-0.040861044
229119,36,Walking,13262152723000,-2.79,7.93,0.88532263
229120,36,Walking,13262202314000,-1.84,8.47,0.8036005
229121,36,Walking,13262252637000,-2.3,10.31,-0.0
229122,36,Walking,13262302259000,-3.49,10.92,-1.0760075
229123,36,Walking,13262352460000,-2.18,12.64,0.08172209
229124,36,Walking,13262402967000,-0.8,13.48,-3.2552630000000002
229125,36,Walking,13262452466000,1.84,11.18,-2.3426998
229126,36,Walking,13262503003000,1.12,14.94,-0.9125633
229127,36,Walking,13262552503000,0.0,12.22,-2.2201166000000003
229128,36,Walking,13262602918000,-1.23,9.85,0.27240697
229129,36,Walking,13262652448000,-1.46,7.86,0.42223078
229130,36,Walking,13262702985000,0.04,5.43,0.42223078
229131,36,Walking,13262752484000,0.19,3.83,0.9942854
229132,36,Walking,13262803022000,-0.69,5.18,3.9499009
229133,36,Walking,13262852521000,-0.91,8.12,4.4810944
229134,36,Walking,13262903058000,-2.03,13.53,9.724928
229135,36,Walking,13262952588000,-2.64,11.22,6.170017700000001
229136,36,Walking,13263003125000,0.65,16.25,-0.50395286
229137,36,Walking,13263052686000,2.87,5.56,-0.040861044
229138,36,Walking,13263102277000,-6.28,12.49,-4.5219555
229139,36,Walking,13263152661000,0.72,7.59,2.3699405
229140,36,Walking,13263202283000,1.73,7.06,-0.84446156
229141,36,Walking,13263252668000,-3.21,10.61,0.08172209
229142,36,Walking,13263302259000,-1.38,7.5,0.3405087
229143,36,Walking,13263352643000,-1.65,8.85,0.10896278
229144,36,Walking,13263402265000,-2.37,10.23,-0.50395286
229145,36,Walking,13263462262000,-2.56,11.45,-0.040861044
229146,36,Walking,13263512281000,-3.83,10.88,0.10896278
229147,36,Walking,13263562268000,-2.45,13.02,-1.9204689999999998
229148,36,Walking,13263622266000,2.18,11.73,-2.3699405
229149,36,Walking,13263672254000,2.15,15.24,-1.0351465
229150,36,Walking,13263722303000,0.57,13.1,-1.607201
229151,36,Walking,13263772199000,-1.08,9.28,-0.38136974
229152,36,Walking,13263822278000,0.15,7.27,0.27240697
229153,36,Walking,13263872235000,0.89,4.21,-0.3405087
229154,36,Walking,13263922315000,0.31,3.68,0.7218784
229155,36,Walking,13263972211000,-1.38,6.32,5.2165932999999995
229156,36,Walking,13264022321000,-0.95,12.49,6.5105260000000005
229157,36,Walking,13264072248000,-2.18,9.53,10.079058
229158,36,Walking,13264122297000,-0.23,17.39,0.08172209
229159,36,Walking,13264172254000,3.68,9.28,3.8681788
229160,36,Walking,13264222303000,-4.9,6.21,-6.9327570000000005
229161,36,Walking,13264272229000,-3.17,13.8,1.9477096999999999
229162,36,Walking,13264322309000,4.56,6.13,-0.3405087
229163,36,Walking,13264372174000,-1.8,9.72,0.23154591
229164,36,Walking,13264422162000,-3.64,8.85,-0.040861044
229165,36,Walking,13264472272000,-2.41,8.35,1.1849703
229166,36,Walking,13264522229000,-1.27,8.47,1.2666923
229167,36,Walking,13264572309000,-2.68,10.15,0.040861044
229168,36,Walking,13264622235000,-2.98,10.61,-0.95342433
229169,36,Walking,13264672284000,-2.64,11.35,0.313268
229170,36,Walking,13264722242000,-1.57,13.48,-2.7513103
229171,36,Walking,13264772260000,1.92,11.18,-3.1054392
229172,36,Walking,13264822248000,2.3,14.67,-0.61291564
229173,36,Walking,13264872266000,0.04,12.91,-2.1383946
229174,36,Walking,13264922254000,-1.33,10.34,-0.50395286
229175,36,Walking,13264972272000,-1.14,8.31,0.53119355
229176,36,Walking,13265022199000,-0.04,6.13,0.53119355
229177,36,Walking,13265072278000,0.5,4.25,1.0760075
229178,36,Walking,13265122235000,-0.34,4.21,2.5333846
229179,36,Walking,13265172315000,-1.31,7.55,5.625203599999999
229180,36,Walking,13265222242000,-1.42,14.18,6.891896000000001
229181,36,Walking,13265272290000,-2.3,10.34,9.275456
229182,36,Walking,13265322217000,0.08,14.1,0.10896278
229183,36,Walking,13265372296000,1.73,8.69,3.8681788
229184,36,Walking,13265422254000,-3.6,6.97,-6.701211
229185,36,Walking,13265472272000,-1.8,12.91,3.336985
229186,36,Walking,13265522229000,5.18,5.67,-2.2609777
229187,36,Walking,13265572278000,-1.76,10.61,0.3405087
229188,36,Walking,13265622235000,-3.21,8.92,0.10896278
229189,36,Walking,13265672315000,-2.72,8.62,0.3405087
229190,36,Walking,13265722211000,-0.91,8.62,0.92618364
229191,36,Walking,13265772290000,-2.22,10.61,0.040861044
229192,36,Walking,13265822248000,-3.68,10.76,-0.50395286
229193,36,Walking,13265872266000,-3.06,11.18,0.10896278
229194,36,Walking,13265922254000,-1.33,12.87,-1.8796080000000002
229195,36,Walking,13265972303000,1.5,10.8,-2.7921712000000003
229196,36,Walking,13266022229000,1.65,15.83,-0.84446156
229197,36,Walking,13266072309000,1.18,12.98,-1.9477096999999999
229198,36,Walking,13266122235000,-1.65,9.96,0.42223078
229199,36,Walking,13266172315000,-1.08,7.16,0.10896278
229200,36,Walking,13266222272000,0.04,6.47,0.27240697
229201,36,Walking,13266272229000,0.72,3.41,-0.040861044
229202,36,Walking,13266322217000,-0.11,5.28,2.8738932999999998
229203,36,Walking,13266372296000,-1.23,7.78,6.4015636
229204,36,Walking,13266422254000,-2.87,14.67,8.62168
229205,36,Walking,13266472303000,-1.84,10.8,7.7363577
229206,36,Walking,13266522199000,2.49,14.33,0.53119355
229207,36,Walking,13266572309000,1.42,6.74,0.313268
229208,36,Walking,13266622235000,-6.63,10.73,-5.0531489999999994
229209,36,Walking,13266672315000,1.69,9.23,2.8330324
229210,36,Walking,13266722211000,2.79,7.63,-1.8796080000000002
229211,36,Walking,13266772290000,-3.06,9.51,-0.5720546
229212,36,Walking,13266822217000,-2.3,7.97,-0.42223078
229213,36,Walking,13266872296000,-0.95,8.89,0.7627395
229214,36,Walking,13266922223000,-2.3,10.27,0.040861044
229215,36,Walking,13266972272000,-3.72,11.65,-0.040861044
229216,36,Walking,13267022199000,-4.1,10.73,-0.19068487
229217,36,Walking,13267072278000,-1.5,13.38,-0.7627395
229218,36,Walking,13267122235000,0.69,11.84,-3.8273177000000005
229219,36,Walking,13267172315000,3.15,14.71,-0.50395286
229220,36,Walking,13267222211000,1.69,13.82,-1.4982381999999999
229221,36,Walking,13267272290000,-1.61,9.92,-0.8036005
229222,36,Walking,13267322217000,-1.23,7.74,-0.10896278
229223,36,Walking,13267372297000,-0.11,5.09,0.3405087
229224,36,Walking,13267422254000,0.27,3.34,0.6537767
229225,36,Walking,13267472303000,-1.04,5.6,4.0588636
229226,36,Walking,13267522199000,-1.04,10.0,5.7477865
229227,36,Walking,13267572309000,0.15,11.88,10.119919
229228,36,Walking,13267622235000,-1.95,14.52,3.2552630000000002
229229,36,Walking,13267672315000,2.72,11.92,3.0237172
229230,36,Walking,13267722242000,-3.41,5.9,-5.012288
229231,36,Walking,13267772290000,-2.53,13.59,0.19068487
229232,36,Walking,13267822217000,3.53,5.37,-0.38136974
229233,36,Walking,13267872266000,-0.65,9.7,-0.7218784
229234,36,Walking,13267922223000,-3.3,8.66,-0.27240697
229235,36,Walking,13267972303000,-1.69,8.08,0.8036005
229236,36,Walking,13268022199000,-2.14,9.77,0.46309182
229237,36,Walking,13268072278000,-2.45,11.37,0.19068487
229238,36,Walking,13268122235000,-4.86,10.8,-0.8036005
229239,36,Walking,13268172315000,-1.69,14.02,-0.5720546
229240,36,Walking,13268222211000,0.72,11.88,-4.372132
229241,36,Walking,13268272290000,3.02,14.6,-0.9942854
229242,36,Walking,13268322248000,1.38,14.52,-1.7297841
229243,36,Walking,13268372296000,-0.69,10.57,-1.1168685
229244,36,Walking,13268422254000,-1.38,7.06,-0.53119355
229245,36,Walking,13268472303000,-0.42,4.94,0.14982383
229246,36,Walking,13268522199000,0.72,3.53,-0.08172209
229247,36,Walking,13268572797000,-0.15,5.22,2.8330324
229248,36,Walking,13268622235000,-0.95,8.85,6.5513873
229249,36,Walking,13268672315000,-1.14,14.29,10.038197
229250,36,Walking,13268722211000,-0.76,13.82,4.9850473
229251,36,Walking,13268772290000,2.72,13.25,0.9942854
229252,36,Walking,13268822248000,1.14,4.75,-2.6832085
229253,36,Walking,13268872266000,-7.63,15.32,-3.0645783
229254,36,Walking,13268922254000,2.41,6.02,0.92618364
229255,36,Walking,13268972303000,1.14,8.47,-1.8387468999999996
229256,36,Walking,13269022229000,-3.53,9.7,-0.29964766
229257,36,Walking,13269072309000,-2.41,8.08,0.040861044
229258,36,Walking,13269122235000,-1.27,9.15,0.6946376999999999
229259,36,Walking,13269172284000,-1.65,9.96,0.14982383
229260,36,Walking,13269222242000,-2.96,11.26,0.38136974
229261,36,Walking,13269272260000,-3.83,10.42,0.08172209
