,user,label,timestamp,x,y,z
229462,36,Walking,13279302259000,-0.72,9.08,-1.1441092
229463,36,Walking,13279352582000,-3.98,9.28,-0.38136974
229464,36,Walking,13279403119000,-2.53,8.01,0.53119355
229465,36,Walking,13279452649000,-0.95,8.31,0.6537767
229466,36,Walking,13279502271000,-3.41,11.3,-0.27240697
229467,36,Walking,13279552564000,-3.15,10.88,-0.23154591
229468,36,Walking,13279603223000,-3.45,11.73,0.6537767
229469,36,Walking,13279652661000,-0.08,13.53,-3.0237172
229470,36,Walking,13279702283000,2.07,12.53,-2.0294318
229471,36,Walking,13279752607000,2.26,14.75,-2.1383946
229472,36,Walking,13279803174000,0.76,12.18,-2.0294318
229473,36,Walking,13279852735000,0.08,9.66,-1.3075534
229474,36,Walking,13279902265000,-0.69,6.82,0.14982383
229475,36,Walking,13279952680000,-1.14,5.13,0.7218784
229476,36,Walking,13280002271000,-0.76,3.76,0.84446156
229477,36,Walking,13280052625000,-0.99,5.63,4.1814466
229478,36,Walking,13280102277000,-2.79,12.53,5.706926
229479,36,Walking,13280152539000,-2.22,9.62,10.760075
229480,36,Walking,13280203077000,-1.76,13.02,1.6889231
229481,36,Walking,13280252576000,1.46,14.18,3.214402
229482,36,Walking,13280302167000,-0.46,5.28,-3.4459480000000005
229483,36,Walking,13280353315000,-5.43,14.37,-1.4573771999999998
229484,36,Walking,13280402417000,4.37,6.47,0.3405087
229485,36,Walking,13280452924000,0.23,8.43,-0.9942854
229486,36,Walking,13280502423000,-3.11,8.73,-0.50395286
229487,36,Walking,13280552991000,-2.07,8.5,0.88532263
229488,36,Walking,13280602430000,-1.46,8.96,0.6537767
229489,36,Walking,13280652967000,-2.96,10.8,0.14982383
229490,36,Walking,13280702466000,-3.21,11.3,-0.46309182
229491,36,Walking,13280753003000,-2.56,11.54,0.46309182
229492,36,Walking,13280802533000,-1.65,12.72,-1.9477096999999999
229493,36,Walking,13280853040000,0.57,10.84,-2.8738932999999998
229494,36,Walking,13280902539000,1.61,14.75,-1.2258313
229495,36,Walking,13280953046000,-0.61,12.91,-1.3756552
229496,36,Walking,13281002607000,-1.33,9.62,-0.88532263
229497,36,Walking,13281053113000,0.34,7.78,0.50395286
229498,36,Walking,13281102582000,0.8,6.55,0.7627395
229499,36,Walking,13281153089000,0.95,3.53,0.50395286
229500,36,Walking,13281202619000,-0.84,5.52,3.5685309999999997
229501,36,Walking,13281252332000,-1.8,9.23,5.325556
229502,36,Walking,13281302625000,-1.57,13.1,9.915613
229503,36,Walking,13281352277000,-1.12,14.1,4.630918
229504,36,Walking,13281402631000,3.41,12.57,2.4108016
229505,36,Walking,13281462293000,-1.95,5.05,-4.2495484
229506,36,Walking,13281512281000,-4.79,14.75,1.5390993
229507,36,Walking,13281562329000,2.98,5.43,-0.8036005
229508,36,Walking,13281622266000,-1.42,9.23,0.10896278
229509,36,Walking,13281672223000,-2.68,9.0,-0.42223078
229510,36,Walking,13281722303000,-1.42,8.35,0.84446156
229511,36,Walking,13281772229000,-1.53,9.72,0.7218784
229512,36,Walking,13281822309000,-2.68,11.69,0.38136974
229513,36,Walking,13281872235000,-4.44,10.61,-0.6537767
229514,36,Walking,13281922284000,-1.99,12.26,0.46309182
229515,36,Walking,13281972242000,-1.57,12.11,-3.9771416
229516,36,Walking,13282022290000,3.53,13.21,-1.7978859
229517,36,Walking,13282072248000,1.54,14.48,-0.53119355
229518,36,Walking,13282122266000,-0.61,11.54,-1.6889231
229519,36,Walking,13282172254000,-1.61,7.93,-0.23154591
229520,36,Walking,13282222272000,-0.69,6.44,1.1441092
229521,36,Walking,13282272229000,1.14,3.83,0.50395286
229522,36,Walking,13282322309000,0.15,4.18,1.7978859
229523,36,Walking,13282382337000,-1.57,7.16,5.8567495
229524,36,Walking,13282432508000,-1.33,14.56,8.730642999999999
229525,36,Walking,13282482373000,-1.42,12.03,8.076866
229526,36,Walking,13282532270000,2.18,15.13,-0.08172209
229527,36,Walking,13282582288000,0.38,4.99,-0.7218784
229528,36,Walking,13282632276000,-6.28,11.73,-4.5900574
229529,36,Walking,13282682294000,2.22,8.54,3.214402
229530,36,Walking,13282732282000,2.37,7.12,-1.4982381999999999
229531,36,Walking,13282782270000,-3.53,9.51,-0.42223078
229532,36,Walking,13282832227000,-2.03,7.86,-0.08172209
229533,36,Walking,13282882276000,-0.53,9.23,0.92618364
229534,36,Walking,13282932233000,-3.49,10.38,-0.14982383
229535,36,Walking,13282982282000,-3.83,11.65,-0.61291564
229536,36,Walking,13283032239000,-4.44,12.3,-0.14982383
229537,36,Walking,13283082318000,0.61,13.53,-3.6774937999999993
229538,36,Walking,13283132276000,3.34,11.35,-2.0294318
229539,36,Walking,13283182294000,1.04,15.17,-0.9125633
229540,36,Walking,13283232282000,-0.08,12.6,-1.56634
229541,36,Walking,13283282300000,-2.11,8.28,-0.23154591
229542,36,Walking,13283332288000,-0.76,6.13,0.88532263
229543,36,Walking,13283382306000,0.72,4.1,0.50395286
229544,36,Walking,13283432264000,0.34,3.64,1.607201
229545,36,Walking,13283482312000,-2.14,8.05,5.47538
229546,36,Walking,13283532270000,-0.65,13.8,8.19945
229547,36,Walking,13283582318000,-1.73,9.0,8.076866
229548,36,Walking,13283632245000,1.31,15.85,-0.040861044
229549,36,Walking,13283682294000,0.84,8.39,1.4165162
229550,36,Walking,13283732251000,-4.44,7.63,-4.630918
229551,36,Walking,13283782300000,-1.38,11.22,2.2201166000000003
229552,36,Walking,13283832288000,3.06,7.27,-0.7218784
229553,36,Walking,13283882337000,-2.22,9.15,-0.040861044
229554,36,Walking,13283932264000,-2.98,8.08,-0.10896278
229555,36,Walking,13283982282000,-0.99,8.96,0.9942854
229556,36,Walking,13284032270000,-2.83,10.12,0.313268
229557,36,Walking,13284082318000,-3.06,10.99,-0.10896278
229558,36,Walking,13284132276000,-3.45,11.45,0.84446156
229559,36,Walking,13284182294000,-1.08,12.91,-1.7978859
229560,36,Walking,13284232251000,1.18,12.95,-2.7513103
229561,36,Walking,13284282300000,1.92,13.48,-0.14982383
229562,36,Walking,13284332257000,-0.84,12.45,-0.50395286
229563,36,Walking,13284382306000,-0.76,9.58,-0.3405087
229564,36,Walking,13284432233000,-1.14,6.7,0.53119355
229565,36,Walking,13284482282000,0.5,4.06,-0.23154591
229566,36,Walking,13284532270000,0.89,4.14,1.1441092
229567,36,Walking,13284582318000,-1.08,6.47,5.243834
229568,36,Walking,13284632276000,-2.83,13.06,5.175732
229569,36,Walking,13284682294000,-2.03,11.41,11.413852
229570,36,Walking,13284732282000,-0.72,14.37,0.313268
229571,36,Walking,13284782300000,2.22,9.92,3.2552630000000002
229572,36,Walking,13284832288000,-2.37,7.25,-4.440233
229573,36,Walking,13284882306000,-5.28,12.15,-0.040861044
229574,36,Walking,13284932264000,3.79,6.21,-0.3405087
229575,36,Walking,13284982282000,-0.08,9.28,-0.040861044
229576,36,Walking,13285032270000,-2.68,8.35,-0.9125633
229577,36,Walking,13285082318000,-1.33,7.97,0.23154591
229578,36,Walking,13285132276000,-1.46,9.7,0.88532263
229579,36,Walking,13285182264000,-2.83,12.15,0.42223078
229580,36,Walking,13285232251000,-5.05,11.22,-0.27240697
229581,36,Walking,13285282270000,-2.53,13.8,0.313268
229582,36,Walking,13285332227000,0.0,11.11,-4.3312707
229583,36,Walking,13285382306000,3.34,14.71,-1.607201
229584,36,Walking,13285432233000,1.8,14.48,-0.6537767
229585,36,Walking,13285482312000,-1.95,11.07,-1.0760075
229586,36,Walking,13285532239000,-1.27,6.89,-0.8036005
229587,36,Walking,13285582288000,0.46,4.6,0.040861044
229588,36,Walking,13285632276000,1.5,3.21,0.19068487
229589,36,Walking,13285682294000,-0.46,5.6,3.214402
229590,36,Walking,13285732282000,-2.14,10.46,7.1234417
229591,36,Walking,13285782300000,-2.6,12.98,10.732834
229592,36,Walking,13285832227000,-1.8,13.29,4.1814466
229593,36,Walking,13285882337000,1.61,12.64,1.6889231
229594,36,Walking,13285932203000,-0.99,5.18,-3.9090397000000006
229595,36,Walking,13285982282000,-4.18,13.82,-1.2258313
229596,36,Walking,13286032270000,3.38,6.51,-0.27240697
229597,36,Walking,13286082318000,0.34,8.58,-0.8036005
229598,36,Walking,13286132276000,-2.56,8.35,-0.84446156
229599,36,Walking,13286182264000,-1.42,8.24,0.313268
229600,36,Walking,13286232373000,-1.84,10.12,0.6946376999999999
229601,36,Walking,13286282209000,-2.49,11.65,0.19068487
229602,36,Walking,13286332318000,-5.48,10.76,-0.6946376999999999
229603,36,Walking,13286382245000,-1.8,13.63,0.3405087
229604,36,Walking,13286432294000,0.08,11.45,-3.6366330000000002
229605,36,Walking,13286482251000,1.84,14.63,-1.2666923
229606,36,Walking,13286532270000,1.33,14.37,-0.8036005
229607,36,Walking,13286582288000,-0.34,10.88,-1.4165162
229608,36,Walking,13286632306000,-0.95,6.93,-0.61291564
229609,36,Walking,13286682264000,-0.89,5.79,0.46309182
229610,36,Walking,13286732312000,1.18,3.26,0.313268
229611,36,Walking,13286782239000,0.08,5.05,2.9147543999999996
229612,36,Walking,13286832318000,-2.22,9.7,5.9793324
229613,36,Walking,13286882276000,-0.61,13.76,10.119919
229614,36,Walking,13286932294000,-3.02,13.14,4.630918
229615,36,Walking,13286982251000,2.79,12.53,1.9204689999999998
229616,36,Walking,13287032300000,-1.08,6.09,-2.8330324
229617,36,Walking,13287082288000,-5.71,13.18,-2.3426998
229618,36,Walking,13287132306000,3.41,6.28,1.1849703
229619,36,Walking,13287182203000,0.38,8.73,-0.95342433
229620,36,Walking,13287232312000,-3.83,9.15,0.14982383
229621,36,Walking,13287282209000,-2.07,7.82,0.3405087
229622,36,Walking,13287332318000,-0.46,9.23,0.9942854
229623,36,Walking,13287382245000,-2.68,11.37,0.19068487
229624,36,Walking,13287432325000,-4.59,11.99,0.19068487
229625,36,Walking,13287482343000,-3.17,12.72,0.9942854
229626,36,Walking,13287532239000,-0.57,11.96,-2.7240696
229627,36,Walking,13287582318000,2.68,13.53,-2.0294318
229628,36,Walking,13287632245000,-0.08,13.38,-0.14982383
229629,36,Walking,13287682264000,-1.12,11.07,-1.8796080000000002
229630,36,Walking,13287732282000,-0.3,7.59,-1.0351465
229631,36,Walking,13287782300000,-0.53,6.36,1.1168685
229632,36,Walking,13287832288000,1.23,3.26,0.3405087
229633,36,Walking,13287882276000,0.76,5.67,1.7297841
229634,36,Walking,13287932264000,-1.84,8.12,5.8567495
229635,36,Walking,13287982312000,-3.06,15.47,9.956474
229636,36,Walking,13288032239000,-2.18,11.26,4.8216033
229637,36,Walking,13288082318000,1.04,14.56,2.3699405
229638,36,Walking,13288132245000,2.91,4.67,-0.9125633
229639,36,Walking,13288182264000,-6.66,15.13,-4.018002500000001
229640,36,Walking,13288232251000,2.3,6.74,2.8330324
229641,36,Walking,13288282270000,0.99,8.05,-2.070293
229642,36,Walking,13288332257000,-2.83,8.81,0.19068487
229643,36,Walking,13288382306000,-2.6,7.93,-0.46309182
229644,36,Walking,13288432264000,-0.46,10.5,0.38136974
229645,36,Walking,13288492322000,-2.75,10.5,0.38136974
229646,36,Walking,13288542310000,-3.83,11.5,0.14982383
229647,36,Walking,13288542310000,-3.83,11.5,0.14982383
229648,36,Walking,13288642255000,0.19,12.95,-2.8330324
229649,36,Walking,13288692304000,2.91,12.26,-1.9477096999999999
229650,36,Walking,13288692304000,2.91,12.26,-1.9477096999999999
229651,36,Walking,13288752454000,-0.34,14.98,0.23154591
229652,36,Walking,13288803052000,-1.69,12.18,-1.3756552
229653,36,Walking,13288852582000,-0.15,7.63,-0.84446156
229654,36,Walking,13288903180000,-0.61,5.48,0.7627395
229655,36,Walking,13288952741000,1.08,3.21,0.50395286
229656,36,Walking,13289002301000,0.42,3.64,1.2666923
229657,36,Walking,13289052777000,-2.26,8.58,5.2165932999999995
229658,36,Walking,13289102307000,-1.61,15.89,10.923519
229659,36,Walking,13289152814000,-2.18,9.43,7.6954966
229660,36,Walking,13289202344000,1.65,14.9,-0.38136974
229661,36,Walking,13289252912000,1.65,7.74,2.3018389
