,user,label,timestamp,x,y,z
877677,3,Jogging,101366221595000,-13.33,1.23,-2.83
877678,3,Jogging,101366261726000,-3.95,-2.64,-3.34
877679,3,Jogging,101366341529000,6.89,0.65,-2.72
877680,3,Jogging,101366381751000,-1.95,0.04,6.78
877681,3,Jogging,101366421516000,-8.58,1.08,5.09
877682,3,Jogging,101366461646000,-7.63,-9.04,-11.69
877683,3,Jogging,101366501533000,-12.26,-10.19,-9.47
877684,3,Jogging,101366581519000,-19.23,-1.92,-2.07
877685,3,Jogging,101366621589000,-19.15,13.99,11.11
877686,3,Jogging,101366665839000,-8.58,6.7,3.36
877687,3,Jogging,101366704749000,1.61,2.03,7.86
877688,3,Jogging,101366781501000,-4.6,0.72,3.64
877689,3,Jogging,101366821693000,-12.37,2.64,-0.31
877690,3,Jogging,101366861487000,-19.23,-1.5,7.12
877691,3,Jogging,101366901618000,-19.23,-3.41,-1.61
877692,3,Jogging,101366981513000,-8.16,-1.33,-2.37
877693,3,Jogging,101367021552000,-1.99,-2.26,-3.6
877694,3,Jogging,101367061469000,3.45,-0.08,-3.57
877695,3,Jogging,101367141517000,-8.96,2.22,12.03
877696,3,Jogging,101367181647000,-1.27,-0.84,-2.87
877697,3,Jogging,101367221473000,-11.03,-10.34,-9.08
877698,3,Jogging,101367262580000,-16.59,-9.96,-6.66
877699,3,Jogging,101367341468000,-19.23,2.56,0.72
877700,3,Jogging,101367381507000,-18.39,12.07,7.4
877701,3,Jogging,101367421607000,-6.59,4.21,5.82
877702,3,Jogging,101367541297000,-6.02,0.08,1.61
877703,3,Jogging,101367541297000,-6.02,0.08,1.61
877704,3,Jogging,101367581855000,-13.72,2.91,0.3
877705,3,Jogging,101367621589000,-19.23,-0.61,6.55
877706,3,Jogging,101367661506000,-19.23,-3.26,-1.61
877707,3,Jogging,101367701697000,-17.92,0.34,-2.11
877708,3,Jogging,101367781684000,-0.61,-2.41,-3.26
877709,3,Jogging,101367821662000,3.95,0.61,-2.98
877710,3,Jogging,101367861548000,5.6,-0.57,-0.42
877711,3,Jogging,101367941505000,-5.24,-5.33,-14.94
877712,3,Jogging,101367981544000,-4.37,-7.25,-15.51
877713,3,Jogging,101368021552000,-13.72,-9.38,-7.31
877714,3,Jogging,101368061469000,-19.23,-6.63,-3.02
877715,3,Jogging,101368101569000,-19.23,5.75,6.55
877716,3,Jogging,101368188148000,-1.23,3.68,7.16
877717,3,Jogging,101368223640000,5.05,4.63,7.89
877718,3,Jogging,101368261512000,-3.83,1.33,6.43
877719,3,Jogging,101368341590000,-17.58,1.54,5.41
877720,3,Jogging,101368381660000,-19.23,-2.98,2.37
877721,3,Jogging,101368421455000,-19.23,-2.18,-3.26
877722,3,Jogging,101368461585000,-13.1,0.42,-2.26
877723,3,Jogging,101368541480000,1.8,-1.31,-2.98
877724,3,Jogging,101368581641000,6.66,0.99,-0.84
877725,3,Jogging,101368621589000,-5.41,2.56,10.27
877726,3,Jogging,101368661506000,-7.08,1.42,0.84
877727,3,Jogging,101368741675000,-12.64,-7.31,-7.44
877728,3,Jogging,101368781562000,-19.19,-6.55,-4.1
877729,3,Jogging,101368823768000,-19.23,0.76,3.26
877730,3,Jogging,101368861915000,-18.39,9.34,7.97
877731,3,Jogging,101368941474000,0.99,3.34,7.86
877732,3,Jogging,101368981513000,1.69,5.63,7.97
877733,3,Jogging,101369021491000,-5.86,-1.23,4.02
877734,3,Jogging,101369061500000,-9.38,0.99,-1.76
877735,3,Jogging,101369141578000,-19.23,-2.75,0.11
877736,3,Jogging,101369181495000,-18.92,0.23,-3.11
877737,3,Jogging,101369221595000,-9.85,-1.08,-2.15
877738,3,Jogging,101369261634000,-2.07,-2.83,-3.11
877739,3,Jogging,101369341468000,5.63,1.42,-0.72
877740,3,Jogging,101369381629000,-7.97,3.49,13.48
877741,3,Jogging,101369421485000,-4.25,-4.29,-4.94
877742,3,Jogging,101369461646000,-13.18,-9.7,-8.24
877743,3,Jogging,101369511664000,-18.92,-7.7,-6.32
877744,3,Jogging,101369591590000,-19.23,10.12,5.56
877745,3,Jogging,101369631812000,-14.48,8.01,4.37
877746,3,Jogging,101369671638000,-2.37,1.76,7.82
877747,3,Jogging,101369711524000,0.57,6.24,6.09
877748,3,Jogging,101369791541000,-6.63,0.69,-0.69
877749,3,Jogging,101369791541000,-6.63,0.69,-0.69
877750,3,Jogging,101369883002000,-19.23,-4.18,-0.38
877751,3,Jogging,101369921638000,-18.47,-0.42,-2.56
877752,3,Jogging,101369961524000,-10.08,0.11,-1.73
877753,3,Jogging,101370041602000,2.72,-0.38,-2.07
877754,3,Jogging,101370081519000,4.4,0.04,-1.04
877755,3,Jogging,101370121619000,-10.15,4.33,14.52
877756,3,Jogging,101370161536000,-0.34,0.46,-3.91
877757,3,Jogging,101370211616000,-13.76,-9.81,-10.5
877758,3,Jogging,101370291541000,-19.23,-5.2,-2.07
877759,3,Jogging,101370331611000,-19.23,1.99,1.18
877760,3,Jogging,101370371497000,-17.5,10.92,7.5
877761,3,Jogging,101370411506000,-10.92,5.09,5.67
877762,3,Jogging,101370491523000,3.53,7.06,6.32
877763,3,Jogging,101370531440000,-4.02,0.27,2.34
877764,3,Jogging,101370571479000,-15.24,1.65,2.07
877765,3,Jogging,101370611640000,-19.23,-1.38,5.82
877766,3,Jogging,101370691535000,-17.86,1.18,-0.23
877767,3,Jogging,101370731605000,-5.98,-1.99,-1.88
877768,3,Jogging,101370771522000,-0.93,-1.61,-4.33
877769,3,Jogging,101370811500000,3.95,0.27,-3.34
877770,3,Jogging,101370865119000,-0.34,-0.72,5.6
877771,3,Jogging,101370902228000,-11.73,4.18,10.88
877772,3,Jogging,101370981513000,-8.5,-8.2,-10.84
877773,3,Jogging,101371021491000,-18.28,-9.53,-8.08
877774,3,Jogging,101371061622000,-19.23,-4.75,-2.18
877775,3,Jogging,101371141700000,-14.71,9.15,5.18
877776,3,Jogging,101371181647000,0.65,2.72,8.96
877777,3,Jogging,101371221747000,1.33,5.41,5.6
877778,3,Jogging,101371261664000,-4.25,1.42,3.36
877779,3,Jogging,101371341590000,-19.23,-1.5,5.9
877780,3,Jogging,101371381629000,-19.23,-3.87,-0.04
877781,3,Jogging,101371421638000,-19.08,0.61,-1.57
877782,3,Jogging,101371461524000,-9.3,-0.11,-1.57
877783,3,Jogging,101371541694000,3.17,-0.11,-3.3
877784,3,Jogging,101371581519000,6.66,0.57,-0.61
877785,3,Jogging,101371621619000,-10.12,4.56,13.21
877786,3,Jogging,101371661628000,-4.6,-2.98,-7.89
877787,3,Jogging,101371741584000,-14.6,-10.11,-7.31
877788,3,Jogging,101371781623000,-19.23,-5.98,-4.21
877789,3,Jogging,101371821509000,-19.23,4.75,3.79
877790,3,Jogging,101371863044000,-15.79,12.57,8.47
877791,3,Jogging,101371941627000,2.45,4.52,7.04
877792,3,Jogging,101371981513000,-1.73,5.24,7.35
877793,3,Jogging,101372021522000,-5.94,-0.19,1.76
877794,3,Jogging,101372061622000,-11.96,1.95,-1.12
877795,3,Jogging,101372141730000,-19.23,-2.11,-1.54
877796,3,Jogging,101372181647000,-14.98,1.54,-3.3
877797,3,Jogging,101372221625000,-5.79,-2.37,-2.56
877798,3,Jogging,101372261481000,0.5,-1.8,-2.79
877799,3,Jogging,101372341743000,1.04,-0.84,2.98
877800,3,Jogging,101372381507000,-11.75,4.06,11.03
877801,3,Jogging,101372421516000,-4.18,-6.85,-14.33
877802,3,Jogging,101372461555000,-9.04,-10.27,-12.37
877803,3,Jogging,101372541694000,-19.23,-4.14,-1.18
877804,3,Jogging,101372541694000,-19.23,-4.14,-1.18
877805,3,Jogging,101372631446000,-9.47,6.85,2.6
877806,3,Jogging,101372671638000,5.52,2.98,10.11
877807,3,Jogging,101372711524000,-2.72,6.4,6.63
877808,3,Jogging,101372791724000,-13.59,1.12,0.04
877809,3,Jogging,101372831611000,-19.23,-2.75,6.24
877810,3,Jogging,101372871650000,-19.23,-5.01,-3.06
877811,3,Jogging,101372911445000,-14.06,0.23,-2.96
877812,3,Jogging,101372991614000,1.38,-0.53,-2.56
877813,3,Jogging,101373031440000,5.82,1.27,-5.09
877814,3,Jogging,101373071662000,2.64,-1.08,-2.18
877815,3,Jogging,101373111518000,-11.26,0.46,11.65
877816,3,Jogging,101373191474000,-9.92,-8.43,-15.47
877817,3,Jogging,101373235175000,-17.2,-8.24,-9.77
877818,3,Jogging,101373271522000,-19.23,-4.9,-2.41
877819,3,Jogging,101373311683000,-17.43,9.34,10.84
877820,3,Jogging,101373391669000,3.68,4.94,9.89
877821,3,Jogging,101373431647000,0.65,3.57,5.9
877822,3,Jogging,101373471503000,-5.6,0.04,2.91
877823,3,Jogging,101373511970000,-10.53,1.04,-0.95
877824,3,Jogging,101373591651000,-19.23,-3.98,-1.76
877825,3,Jogging,101373631629000,-17.73,0.57,-2.56
877826,3,Jogging,101373671485000,-7.27,-1.65,-1.99
877827,3,Jogging,101373711585000,-1.18,-1.76,-3.21
877828,3,Jogging,101373791541000,5.9,-0.27,-2.45
877829,3,Jogging,101373831489000,-10.42,2.3,13.21
877830,3,Jogging,101373871619000,-1.73,-2.72,-4.21
877831,3,Jogging,101373911475000,-10.61,-10.23,-9.51
877832,3,Jogging,101373951514000,-14.67,-9.15,-6.44
877833,3,Jogging,101374032935000,-19.23,1.33,-2.76
877834,3,Jogging,101374071570000,-16.89,12.95,10.23
877835,3,Jogging,101374111579000,-10.38,5.79,2.53
877836,3,Jogging,101374191474000,-1.46,3.38,6.89
877837,3,Jogging,101374231605000,-5.94,-0.46,0.65
877838,3,Jogging,101374271644000,-16.09,0.84,4.52
877839,3,Jogging,101374311530000,-19.23,-1.31,3.64
877840,3,Jogging,101374351630000,-19.23,-1.04,-1.14
877841,3,Jogging,101374431617000,-4.29,-0.38,-3.11
877843,3,Jogging,101374602790000,-3.95,-0.38,-3.11
877844,3,Jogging,101374602790000,-3.95,-0.38,-3.11
877842,3,Jogging,101374602790000,-3.95,-0.38,-3.11
877845,3,Jogging,101374641913000,-7.86,-10.11,-12.45
877846,3,Jogging,101374681647000,-12.95,-11.18,-7.44
877847,3,Jogging,101374725776000,-19.11,-7.97,-5.41
877848,3,Jogging,101374761512000,-19.23,-0.95,-1.38
877849,3,Jogging,101374841468000,-9.89,6.78,2.49
877850,3,Jogging,101374881507000,6.4,4.9,9.66
877851,3,Jogging,101374921546000,-0.89,3.34,4.37
877852,3,Jogging,101374961494000,-6.05,-0.91,3.68
877853,3,Jogging,101375041602000,-19.23,-1.08,6.82
877854,3,Jogging,101375081519000,-19.23,-2.14,-1.73
877855,3,Jogging,101375121467000,-15.51,2.26,-3.02
877856,3,Jogging,101375161597000,-5.09,-2.18,-3.26
877857,3,Jogging,101375241645000,4.25,0.69,-5.41
877858,3,Jogging,101375281592000,1.84,-1.99,0.72
877859,3,Jogging,101375321509000,-11.6,1.38,12.91
877860,3,Jogging,101375361518000,-2.34,-6.85,-9.7
877861,3,Jogging,101375401618000,-5.71,-9.38,-9.58
877862,3,Jogging,101375481574000,-19.23,-7.31,-6.59
877863,3,Jogging,101375521766000,-18.01,6.66,3.49
877864,3,Jogging,101375561622000,-14.1,15.36,9.43
877865,3,Jogging,101375641578000,1.65,5.18,4.44
877866,3,Jogging,101375681647000,-4.4,0.04,4.37
877867,3,Jogging,101375721534000,-12.6,2.34,0.3
877868,3,Jogging,101375761634000,-19.23,-0.19,6.74
877869,3,Jogging,101375841529000,-17.69,0.8,-1.95
877870,3,Jogging,101375881507000,-6.66,-2.79,-3.17
877871,3,Jogging,101375921668000,-1.73,-1.57,-4.48
877872,3,Jogging,101375961524000,3.91,0.08,-4.37
877873,3,Jogging,101376041572000,-11.18,-1.08,14.14
877874,3,Jogging,101376081611000,-2.96,-5.33,-4.44
877875,3,Jogging,101376121589000,-7.06,-9.11,-7.63
877876,3,Jogging,101376161719000,-15.4,-10.27,-9.7
