,user,label,timestamp,x,y,z
882077,3,Jogging,101586221625000,-19.23,-0.3,6.36
882078,3,Jogging,101586261512000,-19.23,-2.68,-0.08
882079,3,Jogging,101586301551000,-17.54,0.42,-3.99
882080,3,Jogging,101586381660000,-0.11,-1.95,-2.76
882081,3,Jogging,101586421607000,5.6,0.31,-2.91
882082,3,Jogging,101586461616000,5.28,-0.95,-0.65
882083,3,Jogging,101586507636000,-10.88,1.38,11.07
882084,3,Jogging,101586591529000,-8.77,-8.88,-8.81
882085,3,Jogging,101586631507000,-17.86,-9.49,-7.16
882086,3,Jogging,101586671668000,-19.23,-5.37,-2.64
882087,3,Jogging,101586711616000,-19.23,12.22,12.07
882088,3,Jogging,101586791480000,2.07,6.05,9.66
882089,3,Jogging,101586831519000,1.61,3.6,6.24
882090,3,Jogging,101586871467000,-5.6,-0.76,4.99
882091,3,Jogging,101586911628000,-12.95,1.88,1.76
882092,3,Jogging,101586991523000,-19.23,-0.42,1.14
882093,3,Jogging,101587031562000,-17.24,-0.53,-3.34
882094,3,Jogging,101587071479000,-6.28,-2.96,-3.21
882095,3,Jogging,101587111640000,0.0,-1.33,-2.68
882096,3,Jogging,101587191444000,4.99,-0.04,-3.02
882097,3,Jogging,101587231574000,-11.73,2.07,12.15
882098,3,Jogging,101587271461000,-2.87,-4.59,-8.54
882099,3,Jogging,101587311500000,-9.58,-8.5,-9.51
882100,3,Jogging,101587351874000,-17.2,-9.43,-7.16
882101,3,Jogging,101587431556000,-19.08,7.93,8.58
882102,3,Jogging,101587473060000,-15.98,9.85,3.36
882103,3,Jogging,101587511573000,-1.33,4.56,8.16
882104,3,Jogging,101587551673000,2.68,5.33,5.18
882105,3,Jogging,101587631599000,-10.95,0.76,0.34
882106,3,Jogging,101587671607000,-19.19,0.38,5.75
882107,3,Jogging,101587711646000,-19.23,-0.5,1.14
882108,3,Jogging,101587791480000,-8.89,-1.88,-2.6
882109,3,Jogging,101587831489000,-2.41,-1.61,-4.4
882110,3,Jogging,101587871528000,2.49,-1.08,-3.57
882111,3,Jogging,101587911628000,6.85,-0.42,-3.6
882112,3,Jogging,101587991492000,-1.33,1.57,0.61
882113,3,Jogging,101588031562000,-6.97,-8.85,-10.38
882114,3,Jogging,101588071632000,-14.71,-11.65,-9.15
882115,3,Jogging,101588130500000,-19.23,-8.88,-6.78
882116,3,Jogging,101588171607000,-19.23,9.58,6.93
882117,3,Jogging,101588211463000,-15.7,11.07,5.79
882118,3,Jogging,101588251777000,-1.95,1.76,5.48
882119,3,Jogging,101588331458000,-3.41,3.72,6.74
882120,3,Jogging,101588371619000,-8.05,-0.61,0.3
882121,3,Jogging,101588411445000,-18.16,-0.38,5.79
882122,3,Jogging,101588491492000,-19.23,0.57,-1.31
882123,3,Jogging,101588531592000,-14.25,0.08,-3.26
882124,3,Jogging,101588571479000,-3.68,-2.68,-3.87
882125,3,Jogging,101588611518000,1.8,-0.38,-2.83
882126,3,Jogging,101588691474000,-0.65,-0.69,3.36
882127,3,Jogging,101588731513000,-5.28,1.95,4.71
882128,3,Jogging,101588771491000,-4.52,-8.77,-9.58
882129,3,Jogging,101588811469000,-11.11,-11.99,-7.25
882130,3,Jogging,101588891639000,-19.23,-4.4,-4.29
882131,3,Jogging,101588931647000,-18.7,13.4,8.69
882132,3,Jogging,101588971473000,-11.65,11.45,2.96
882133,3,Jogging,101589011603000,2.83,6.74,7.89
882134,3,Jogging,101589091590000,-5.41,-3.11,4.25
882135,3,Jogging,101589131599000,-11.99,2.37,0.34
882136,3,Jogging,101589171607000,-19.23,0.23,7.21
882137,3,Jogging,101589214332000,-19.23,-1.57,-0.04
882138,3,Jogging,101589291480000,-9.28,-2.75,-2.03
882139,3,Jogging,101589331489000,-2.03,-2.64,-4.06
882140,3,Jogging,101589372047000,3.83,-0.3,-3.26
882141,3,Jogging,101589411506000,7.65,0.46,-1.54
882142,3,Jogging,101589491492000,-1.08,-3.3,-6.66
882143,3,Jogging,101589531409000,-9.3,-9.58,-9.3
882144,3,Jogging,101589571601000,-17.69,-11.73,-9.04
882145,3,Jogging,101589611640000,-19.23,-6.97,-3.21
882146,3,Jogging,101589691505000,-16.36,10.8,5.2
882147,3,Jogging,101589731635000,-1.69,3.49,8.62
882148,3,Jogging,101589771491000,1.46,6.55,5.18
882149,3,Jogging,101589811500000,-4.1,1.31,6.7
882150,3,Jogging,101589891639000,-18.92,-0.08,6.02
882151,3,Jogging,101589931647000,-19.23,-2.11,1.73
882152,3,Jogging,101589971473000,-19.23,-0.8,-2.91
882153,3,Jogging,101590091285000,1.61,-0.8,-2.91
882154,3,Jogging,101590091285000,1.61,-0.8,-2.91
882155,3,Jogging,101590131446000,6.66,0.89,-3.45
882156,3,Jogging,101590171607000,-1.5,-0.15,3.57
882157,3,Jogging,101590221473000,-4.44,0.34,0.89
882158,3,Jogging,101590261603000,-7.35,-9.15,-10.08
882159,3,Jogging,101590309974000,-15.51,-12.64,-9.19
882160,3,Jogging,101590391700000,-19.23,11.69,8.43
882161,3,Jogging,101590431525000,-16.21,10.38,5.67
882162,3,Jogging,101590471595000,0.46,1.5,8.24
882163,3,Jogging,101590511481000,3.15,5.41,6.82
882164,3,Jogging,101590591590000,-5.28,0.27,-0.61
882165,3,Jogging,101590633918000,-16.59,1.95,5.13
882166,3,Jogging,101590671485000,-19.23,-1.12,2.96
882167,3,Jogging,101590711677000,-18.58,1.42,-3.06
882168,3,Jogging,101590791480000,-2.79,-2.37,-3.02
882169,3,Jogging,101590831489000,2.79,-1.12,-1.14
882170,3,Jogging,101590871528000,6.85,0.46,-2.87
882171,3,Jogging,101590911506000,-4.33,1.61,6.78
882172,3,Jogging,101590991492000,-6.78,-6.43,-11.88
882173,3,Jogging,101591031592000,-12.57,-9.49,-8.28
882174,3,Jogging,101591071540000,-19.23,-8.62,-5.28
882175,3,Jogging,101591111610000,-19.23,0.11,2.68
882176,3,Jogging,101591191474000,-7.97,3.68,5.18
882177,3,Jogging,101591231605000,2.98,4.44,8.12
882178,3,Jogging,101591271522000,-0.31,5.24,7.35
882179,3,Jogging,101591311591000,-6.4,-0.42,1.31
882180,3,Jogging,101591351783000,-14.63,0.34,2.03
882181,3,Jogging,101591432075000,-19.23,-2.45,-0.95
882182,3,Jogging,101591471595000,-16.02,1.42,-2.98
882183,3,Jogging,101591511451000,-5.22,-2.49,-2.18
882184,3,Jogging,101591591468000,6.7,0.31,-1.76
882185,3,Jogging,101591631721000,1.23,0.42,3.79
882186,3,Jogging,101591671607000,-8.39,4.71,7.5
882187,3,Jogging,101591711494000,-5.28,-5.33,-12.22
882188,3,Jogging,101591791511000,-18.89,-9.81,-5.41
882189,3,Jogging,101591831641000,-19.23,-3.68,-1.04
882190,3,Jogging,101591871467000,-19.15,11.69,7.12
882191,3,Jogging,101591911628000,-12.83,9.38,3.95
882192,3,Jogging,101591991523000,1.23,5.86,6.21
882193,3,Jogging,101592031623000,-4.29,1.33,4.9
882194,3,Jogging,101592071632000,-10.99,-0.84,0.95
882195,3,Jogging,101592111640000,-19.23,-0.8,6.43
882196,3,Jogging,101592152015000,-19.23,-2.56,-0.53
882197,3,Jogging,101592231483000,-8.35,-1.57,-2.03
882198,3,Jogging,101592271552000,-1.84,-1.84,-4.56
882199,3,Jogging,101592311500000,3.87,0.19,-3.34
882200,3,Jogging,101592351661000,6.59,0.95,-3.26
882201,3,Jogging,101592431525000,-0.04,-2.22,-6.21
882202,3,Jogging,101592471473000,-7.27,-8.39,-11.96
882203,3,Jogging,101592511512000,-15.21,-10.5,-8.81
882204,3,Jogging,101592571815000,-19.23,-3.72,-1.33
882205,3,Jogging,101592611640000,-18.54,13.57,13.17
882206,3,Jogging,101592691596000,5.01,5.33,11.22
882207,3,Jogging,101592731483000,-2.37,2.64,7.44
882208,3,Jogging,101592771613000,-5.18,-2.53,3.87
882209,3,Jogging,101592811622000,-9.85,1.12,-2.76
882210,3,Jogging,101592851722000,-19.19,2.41,7.74
882211,3,Jogging,101592931495000,-17.39,1.14,-3.53
882212,3,Jogging,101592971595000,-7.67,-3.26,-2.96
882213,3,Jogging,101593011451000,-0.31,-2.07,-2.68
882214,3,Jogging,101593091651000,5.28,-0.61,-1.88
882215,3,Jogging,101593131476000,-11.92,1.18,11.99
882216,3,Jogging,101593171577000,-2.68,-4.82,-11.26
882217,3,Jogging,101593211585000,-7.35,-7.7,-12.45
882218,3,Jogging,101593291480000,-19.23,-6.36,-3.11
882219,3,Jogging,101593331641000,-18.73,9.11,11.3
882220,3,Jogging,101593371589000,-15.02,7.7,3.15
882221,3,Jogging,101593421912000,3.64,5.33,9.19
882222,3,Jogging,101593461524000,-0.76,3.6,4.33
882223,3,Jogging,101593541480000,-9.11,0.76,-1.57
882224,3,Jogging,101593581702000,-19.19,1.5,7.27
882225,3,Jogging,101593621467000,-19.23,-2.03,-0.11
882226,3,Jogging,101593661597000,-16.44,1.57,-4.37
882227,3,Jogging,101593701545000,-1.61,-1.92,-3.21
882228,3,Jogging,101593781470000,5.41,0.08,-1.27
882229,3,Jogging,101593821601000,5.67,-0.11,-0.95
882230,3,Jogging,101593861518000,-10.95,2.34,12.34
882231,3,Jogging,101593941444000,-9.11,-8.81,-11.14
882232,3,Jogging,101593981605000,-17.12,-10.84,-9.38
882233,3,Jogging,101594021491000,-19.23,-6.7,-3.99
882234,3,Jogging,101594061591000,-19.23,5.37,4.71
882235,3,Jogging,101594101691000,-16.86,14.56,9.89
882236,3,Jogging,101594181617000,1.99,4.06,6.05
882237,3,Jogging,101594221473000,-2.11,2.22,6.21
882238,3,Jogging,101594261634000,-9.3,0.99,-0.61
882239,3,Jogging,101594302741000,-19.19,-0.53,7.16
882240,3,Jogging,101594381476000,-18.77,1.46,-1.18
882241,3,Jogging,101594421638000,-9.08,-1.27,-2.91
882242,3,Jogging,101594461494000,-3.34,-2.26,-5.09
882243,3,Jogging,101594541602000,8.08,-0.91,-3.76
882244,3,Jogging,101594581489000,-7.25,1.04,10.76
882245,3,Jogging,101594621619000,-5.41,0.31,1.14
882246,3,Jogging,101594661628000,-4.79,-9.43,-12.3
882247,3,Jogging,101594701636000,-10.38,-10.72,-9.38
882248,3,Jogging,101594781470000,-19.23,-3.3,-1.84
882249,3,Jogging,101594821693000,-18.54,15.02,10.42
882250,3,Jogging,101594861487000,-10.8,8.39,0.89
882251,3,Jogging,101594941474000,-1.12,2.96,6.21
882252,3,Jogging,101594981483000,-6.36,-0.72,1.99
882253,3,Jogging,101595021705000,-16.04,0.72,4.71
882254,3,Jogging,101595063056000,-19.23,-2.03,3.26
882255,3,Jogging,101595141486000,-15.43,1.31,-2.56
882256,3,Jogging,101595181647000,-5.41,-2.18,-3.53
882257,3,Jogging,101595221473000,-0.11,-0.8,-3.72
882258,3,Jogging,101595261481000,6.78,0.61,-4.6
882259,3,Jogging,101595341437000,-11.11,-0.38,11.18
882260,3,Jogging,101595381476000,-1.8,-6.63,-11.41
882261,3,Jogging,101595421485000,-6.44,-8.85,-10.12
882262,3,Jogging,101595465613000,-18.05,-11.33,-9.81
882263,3,Jogging,101595541633000,-16.7,9.38,6.28
882264,3,Jogging,101595581641000,-14.18,13.14,5.09
882265,3,Jogging,101595621497000,0.76,7.01,7.93
882266,3,Jogging,101595661475000,1.53,1.8,3.06
882267,3,Jogging,101595701667000,-5.48,-1.73,2.11
882268,3,Jogging,101595781470000,-19.23,-0.99,1.65
882269,3,Jogging,101595821509000,-19.23,0.19,-0.34
882270,3,Jogging,101595861518000,-13.14,-0.34,-2.03
882271,3,Jogging,101595941474000,0.61,-0.46,-5.67
882272,3,Jogging,101595981483000,7.16,-0.69,-7.16
882273,3,Jogging,101596021491000,2.18,-2.14,1.46
882274,3,Jogging,101596061591000,-11.45,2.68,12.26
882275,3,Jogging,101596141608000,-8.39,-10.8,-9.0
882276,3,Jogging,101596183997000,-16.13,-10.38,-8.05
