,user,label,timestamp,x,y,z
889005,3,Jogging,102124461524000,4.75,10.73,2.83
889006,3,Jogging,102124541541000,0.46,-2.83,2.68
889007,3,Jogging,102124581702000,-1.73,0.65,2.37
889008,3,Jogging,102124621589000,2.03,12.87,0.19
889009,3,Jogging,102124661628000,6.05,19.76,6.78
889010,3,Jogging,102124701545000,4.21,19.65,-0.8
889011,3,Jogging,102124781684000,-1.46,4.44,-2.15
889012,3,Jogging,102124821479000,-2.53,-1.5,-1.14
889013,3,Jogging,102124861610000,-1.5,-7.31,-1.73
889014,3,Jogging,102124941535000,0.15,4.21,5.79
889015,3,Jogging,102124981605000,-2.53,12.07,4.56
889016,3,Jogging,102125021491000,-5.79,18.01,-4.37
889017,3,Jogging,102125061652000,-7.78,19.76,-9.19
889018,3,Jogging,102125141486000,-0.89,12.6,6.43
889019,3,Jogging,102125181708000,1.5,10.73,8.27
889020,3,Jogging,102125221595000,5.75,4.99,6.05
889021,3,Jogging,102125261512000,2.72,-0.76,1.99
889022,3,Jogging,102125301520000,0.72,-2.14,3.11
889023,3,Jogging,102125381568000,0.19,19.7,7.82
889024,3,Jogging,102125421424000,0.19,19.76,0.0
889025,3,Jogging,102125461310000,1.08,17.08,-2.18
889026,3,Jogging,102125541480000,-2.15,0.0,-1.23
889027,3,Jogging,102125581611000,-0.42,-5.56,-1.57
889028,3,Jogging,102125621497000,0.08,-6.05,-0.99
889029,3,Jogging,102125661536000,0.5,6.36,9.11
889030,3,Jogging,102125741614000,-7.67,18.31,-5.63
889031,3,Jogging,102125781592000,-9.0,19.76,-4.02
889032,3,Jogging,102125821632000,-4.06,16.66,-0.99
889033,3,Jogging,102125861671000,-0.61,15.79,1.33
889034,3,Jogging,102125941627000,4.48,6.93,5.43
889035,3,Jogging,102125981605000,3.41,0.84,2.11
889036,3,Jogging,102126021461000,3.17,-2.22,2.91
889037,3,Jogging,102126086188000,-0.23,15.89,3.87
889038,3,Jogging,102126124641000,-2.72,19.76,3.02
889039,3,Jogging,102126162025000,-2.15,19.76,-0.72
889040,3,Jogging,102126201575000,-1.14,12.98,-2.6
889041,3,Jogging,102126281592000,-1.73,-2.87,-1.23
889042,3,Jogging,102126321509000,0.99,-8.2,-0.42
889043,3,Jogging,102126361518000,0.23,1.61,4.4
889044,3,Jogging,102126441535000,-6.78,14.21,-5.94
889045,3,Jogging,102126481605000,-8.16,17.92,-6.55
889046,3,Jogging,102126521644000,-7.59,18.62,-2.07
889047,3,Jogging,102126561591000,-3.38,17.24,-0.31
889048,3,Jogging,102126653083000,1.84,12.22,1.46
889049,3,Jogging,102126691566000,2.75,-0.8,5.18
889050,3,Jogging,102126731513000,1.31,-1.08,5.48
889051,3,Jogging,102126771461000,-0.8,4.25,-0.08
889052,3,Jogging,102126811591000,-0.42,15.47,1.31
889053,3,Jogging,102126891578000,-1.23,18.96,-2.56
889054,3,Jogging,102126931525000,-1.31,11.73,-2.37
889055,3,Jogging,102126971442000,-2.49,2.91,-1.61
889056,3,Jogging,102127011481000,-1.23,-2.96,-1.84
889057,3,Jogging,102127051551000,0.19,-7.4,-0.8
889058,3,Jogging,102127131538000,-0.53,6.51,7.59
889059,3,Jogging,102127171638000,-7.44,10.73,-8.12
889060,3,Jogging,102127211463000,-8.66,18.47,-10.57
889061,3,Jogging,102127291663000,-1.65,18.62,-1.18
889062,3,Jogging,102127331519000,3.68,14.37,11.03
889063,3,Jogging,102127371589000,2.37,13.8,3.3
889064,3,Jogging,102127411506000,3.45,1.14,6.66
889065,3,Jogging,102127491431000,2.68,0.93,-0.34
889066,3,Jogging,102127533820000,-0.31,14.33,3.3
889067,3,Jogging,102127582252000,-1.76,19.76,1.88
889068,3,Jogging,102127621467000,-0.61,19.61,-3.26
889069,3,Jogging,102127661536000,-0.46,10.53,-0.27
889070,3,Jogging,102127741584000,-1.31,-3.34,-0.93
889071,3,Jogging,102127781623000,0.5,-8.08,0.23
889072,3,Jogging,102127821448000,-0.04,2.91,6.89
889073,3,Jogging,102127861548000,0.23,5.56,2.72
889074,3,Jogging,102128021400000,-0.89,16.04,-0.8
889075,3,Jogging,102128021400000,-0.89,16.04,-0.8
889076,3,Jogging,102128021400000,-0.89,16.04,-0.8
889077,3,Jogging,102128061591000,2.91,13.57,9.11
889078,3,Jogging,102128141517000,4.71,1.31,5.28
889079,3,Jogging,102128181617000,4.71,-2.72,5.01
889080,3,Jogging,102128221595000,1.04,4.6,-0.65
889081,3,Jogging,102128271644000,-3.76,19.5,7.7
889082,3,Jogging,102128311622000,-2.83,19.76,-0.08
889083,3,Jogging,102128351996000,-1.31,18.2,-3.11
889084,3,Jogging,102128431495000,-1.84,0.5,-1.95
889085,3,Jogging,102128471442000,-0.53,-5.18,-2.07
889086,3,Jogging,102128511481000,0.23,-7.08,0.11
889087,3,Jogging,102128591407000,-2.3,4.75,-3.91
889088,3,Jogging,102128631599000,-9.47,14.79,-8.73
889089,3,Jogging,102128671577000,-10.95,19.72,-6.24
889090,3,Jogging,102128711616000,-5.56,19.04,-2.34
889091,3,Jogging,102128791572000,5.01,13.44,11.26
889092,3,Jogging,102128831428000,5.56,6.93,3.64
889093,3,Jogging,102128871528000,4.71,-2.56,4.14
889094,3,Jogging,102128911475000,0.69,-2.07,2.34
889095,3,Jogging,102128951667000,0.53,8.54,0.11
889096,3,Jogging,102129031623000,-0.93,19.76,-0.89
889097,3,Jogging,102129071448000,-0.08,18.47,-2.37
889098,3,Jogging,102129111793000,-1.31,6.78,-0.34
889099,3,Jogging,102129151557000,-1.42,0.04,-1.61
889100,3,Jogging,102129231605000,-0.69,-6.4,0.15
889101,3,Jogging,102129271491000,1.76,7.55,11.33
889102,3,Jogging,102129311561000,-1.8,3.6,-1.42
889103,3,Jogging,102129391486000,-9.77,19.7,-11.5
889104,3,Jogging,102129431525000,-5.05,19.5,-3.95
889105,3,Jogging,102129471534000,0.08,17.5,1.33
889106,3,Jogging,102129511573000,4.33,11.26,13.02
889107,3,Jogging,102129591437000,4.71,-2.91,6.28
889108,3,Jogging,102129631507000,0.72,-0.57,2.34
889109,3,Jogging,102129671546000,0.89,6.02,-0.38
889110,3,Jogging,102129711555000,0.69,18.47,5.98
889111,3,Jogging,102129791450000,1.08,17.67,-3.34
889112,3,Jogging,102129831458000,-0.34,6.89,-2.15
889113,3,Jogging,102129871436000,-2.11,0.38,-1.57
889114,3,Jogging,102129911475000,-2.15,-4.75,-1.54
889115,3,Jogging,102129991462000,3.06,8.62,11.95
889116,3,Jogging,102130031592000,-2.34,5.86,-5.98
889117,3,Jogging,102130071570000,-6.63,14.44,-12.26
889118,3,Jogging,102130111487000,-7.89,19.61,-8.31
889119,3,Jogging,102130191505000,2.68,18.12,5.48
889120,3,Jogging,102130231635000,4.44,13.91,6.4
889121,3,Jogging,102130271491000,4.82,2.96,7.01
889122,3,Jogging,102130311622000,3.02,-2.14,2.45
889123,3,Jogging,102130351569000,0.34,0.34,3.15
889124,3,Jogging,102130431617000,1.14,19.76,7.08
889125,3,Jogging,102130482337000,0.57,19.72,-2.3
889126,3,Jogging,102130522071000,1.53,13.57,-2.49
889127,3,Jogging,102130561500000,-0.76,3.41,-1.8
889128,3,Jogging,102130641517000,-1.65,-8.27,-3.68
889129,3,Jogging,102130681617000,-2.34,-4.71,-1.08
889130,3,Jogging,102130721503000,0.57,9.85,10.95
889131,3,Jogging,102130761542000,-4.37,11.6,-4.9
889132,3,Jogging,102130841498000,-6.4,19.7,-6.78
889133,3,Jogging,102130881721000,-1.31,17.27,-1.73
889134,3,Jogging,102130921485000,3.36,15.4,9.53
889135,3,Jogging,102130961646000,3.91,13.18,4.48
889136,3,Jogging,102131041541000,3.6,-2.75,3.41
889137,3,Jogging,102131081611000,0.95,1.23,0.89
889138,3,Jogging,102131121589000,0.15,15.13,3.3
889139,3,Jogging,102131164069000,-0.72,19.76,4.44
889140,3,Jogging,102131241614000,0.84,15.75,-2.15
889141,3,Jogging,102131281592000,-1.08,4.56,-0.84
889142,3,Jogging,102131321479000,-2.07,-1.23,-1.42
889143,3,Jogging,102131361518000,-0.53,-7.08,-1.8
889144,3,Jogging,102131441596000,0.23,5.83,6.89
889145,3,Jogging,102131481635000,-3.34,14.48,-3.95
889146,3,Jogging,102131521857000,-6.4,19.53,-6.32
889147,3,Jogging,102131521857000,-6.4,19.53,-6.32
889148,3,Jogging,102131631507000,0.61,15.66,2.41
889149,3,Jogging,102131671577000,3.57,10.0,7.46
889150,3,Jogging,102131711585000,5.63,3.79,6.93
889151,3,Jogging,102131791602000,-0.34,0.84,3.83
889152,3,Jogging,102131831641000,0.34,12.91,-0.84
889153,3,Jogging,102131871589000,-2.6,19.76,6.13
889154,3,Jogging,102131911475000,-2.3,19.76,-1.23
889155,3,Jogging,102131991431000,-0.42,6.97,-1.23
889156,3,Jogging,102132031470000,-1.95,-0.23,-1.65
889157,3,Jogging,102132071479000,-1.18,-6.17,-1.92
889158,3,Jogging,102132111640000,-0.57,-6.05,-1.23
889159,3,Jogging,102132191413000,-2.64,7.78,-5.24
889160,3,Jogging,102132231483000,-6.36,17.88,-7.78
889161,3,Jogging,102132271491000,-7.93,19.76,-4.6
889162,3,Jogging,102132311591000,-3.87,18.43,-0.93
889163,3,Jogging,102132391547000,5.41,13.33,6.7
889164,3,Jogging,102132431617000,5.24,3.49,6.55
889165,3,Jogging,102132471564000,4.06,-1.31,2.64
889166,3,Jogging,102132511603000,0.15,0.08,3.72
889167,3,Jogging,102132591559000,-2.53,19.76,5.86
889168,3,Jogging,102132631568000,-0.89,19.76,-1.31
889169,3,Jogging,102132671455000,0.69,18.2,-2.91
889170,3,Jogging,102132711494000,-0.84,7.06,-1.31
889171,3,Jogging,102132791450000,-0.76,-6.82,-1.54
889172,3,Jogging,102132832892000,-0.19,-6.85,0.5
889173,3,Jogging,102132871436000,-0.04,8.85,11.69
889174,3,Jogging,102132911506000,-3.53,8.2,-5.43
889175,3,Jogging,102132951545000,-7.89,17.92,-9.38
889176,3,Jogging,102133032538000,-2.96,18.66,-1.5
889177,3,Jogging,102133072089000,0.34,17.43,1.53
889178,3,Jogging,102133111518000,4.56,11.03,9.49
889179,3,Jogging,102133151649000,4.33,3.72,5.71
889180,3,Jogging,102133231483000,2.07,0.0,3.17
889181,3,Jogging,102133271552000,0.19,10.61,-1.73
889182,3,Jogging,102133311622000,-2.18,19.7,6.66
889183,3,Jogging,102133391456000,-0.38,18.16,-3.11
889184,3,Jogging,102133431556000,-0.72,8.16,-0.84
889185,3,Jogging,102133471473000,-2.26,0.46,-0.99
889186,3,Jogging,102133511481000,-1.42,-4.52,-0.27
889187,3,Jogging,102133591437000,1.04,4.4,6.13
889188,3,Jogging,102133641486000,-1.69,14.44,-2.26
889189,3,Jogging,102133681708000,-5.9,16.93,-4.52
889190,3,Jogging,102133722083000,-7.46,19.5,-3.02
889191,3,Jogging,102133761603000,-3.99,17.35,-0.38
889192,3,Jogging,102133801673000,-0.53,9.19,8.12
889193,3,Jogging,102133881629000,5.28,3.68,5.9
889194,3,Jogging,102133921516000,3.49,-0.46,5.05
889195,3,Jogging,102133961616000,-2.34,2.91,2.79
889196,3,Jogging,102134041602000,-4.1,19.76,6.05
889197,3,Jogging,102134081702000,-3.53,19.72,-2.15
889198,3,Jogging,102134123817000,-0.89,15.13,-3.17
889199,3,Jogging,102134161567000,-1.54,4.6,-1.65
889200,3,Jogging,102134241645000,0.38,-7.93,-2.6
889201,3,Jogging,102134281592000,-1.18,-5.56,-1.57
889202,3,Jogging,102134321540000,0.42,10.04,9.47
889203,3,Jogging,102134361671000,-6.13,7.25,-8.28
889204,3,Jogging,102134441505000,-11.26,19.76,-6.44
