,user,label,timestamp,x,y,z
889205,3,Jogging,102134481757000,-4.25,19.76,-1.54
889206,3,Jogging,102134521583000,5.09,17.67,9.49
889207,3,Jogging,102134561622000,5.13,13.25,3.17
889208,3,Jogging,102134601539000,4.48,0.53,7.12
889209,3,Jogging,102134681708000,1.04,3.45,0.8
889210,3,Jogging,102134723640000,-2.41,16.82,3.79
889211,3,Jogging,102134761634000,-3.87,19.76,4.14
889212,3,Jogging,102134801612000,-2.3,19.76,-2.72
889213,3,Jogging,102134882941000,-0.93,4.21,-1.33
889214,3,Jogging,102135001472000,-0.19,-3.98,0.04
889215,3,Jogging,102135001472000,-0.19,-3.98,0.04
889216,3,Jogging,102135001472000,-0.93,10.92,10.69
889217,3,Jogging,102135081641000,-5.41,7.82,-6.28
889218,3,Jogging,102135121497000,-9.28,16.36,-10.65
889219,3,Jogging,102135164802000,-9.77,19.76,-7.06
889220,3,Jogging,102135241584000,6.63,16.44,10.5
889221,3,Jogging,102135281745000,4.75,12.53,-0.42
889222,3,Jogging,102135321632000,5.71,-0.95,8.73
889223,3,Jogging,102135361518000,3.95,-0.65,2.14
889224,3,Jogging,102135441627000,0.61,14.6,-0.15
889225,3,Jogging,102135481696000,-2.45,19.76,6.05
889226,3,Jogging,102135521613000,-0.76,19.76,-1.92
889227,3,Jogging,102135561652000,1.04,17.73,-2.11
889228,3,Jogging,102135641486000,-2.45,-0.69,-1.73
889229,3,Jogging,102135681617000,-0.42,-6.78,-1.31
889230,3,Jogging,102135721625000,1.23,-5.05,1.23
889231,3,Jogging,102135761512000,0.08,8.89,9.66
889232,3,Jogging,102135841590000,-6.47,16.59,-9.3
889233,3,Jogging,102135881660000,-6.78,19.76,-7.7
889234,3,Jogging,102135921607000,-1.23,19.27,-1.69
889235,3,Jogging,102135961646000,2.98,14.06,9.92
889236,3,Jogging,102136041541000,4.56,0.23,8.31
889237,3,Jogging,102136081702000,4.75,0.0,2.98
889238,3,Jogging,102136121619000,0.19,2.34,1.42
889239,3,Jogging,102136161506000,-0.15,15.6,1.33
889240,3,Jogging,102136241584000,-0.61,19.76,-0.93
889241,3,Jogging,102136281592000,1.38,16.44,-1.27
889242,3,Jogging,102136321509000,-0.08,6.32,-0.8
889243,3,Jogging,102136361518000,-1.65,0.57,-2.22
889244,3,Jogging,102136441474000,1.14,-6.24,-2.53
889245,3,Jogging,102136481605000,2.6,5.9,9.15
889246,3,Jogging,102136521644000,-1.65,6.93,-3.21
889247,3,Jogging,102136562812000,-6.7,17.92,-6.44
889248,3,Jogging,102136601722000,-11.41,19.76,-5.18
889249,3,Jogging,102136681983000,3.98,17.62,1.95
889250,3,Jogging,102136721503000,11.5,10.53,8.62
889251,3,Jogging,102136761603000,4.06,2.91,5.63
889252,3,Jogging,102136841468000,-0.93,0.23,4.25
889253,3,Jogging,102136881965000,1.31,10.31,-2.22
889254,3,Jogging,102136921638000,1.95,19.7,7.01
889255,3,Jogging,102136961555000,1.08,19.76,-0.31
889256,3,Jogging,102137041572000,-0.08,6.51,-0.84
889257,3,Jogging,102137081611000,-2.11,-0.42,-1.61
889258,3,Jogging,102137121467000,-1.23,-6.66,-1.73
889259,3,Jogging,102137161658000,-0.65,-7.21,-2.11
889260,3,Jogging,102137241492000,-2.49,6.59,-1.84
889261,3,Jogging,102137281623000,-6.21,17.01,-6.4
889262,3,Jogging,102137321540000,-6.78,19.76,-7.82
889263,3,Jogging,102137361640000,-1.08,19.72,-2.87
889264,3,Jogging,102137441474000,5.63,12.41,5.63
889265,3,Jogging,102137481666000,5.33,1.73,7.46
889266,3,Jogging,102137521522000,3.17,-1.04,1.12
889267,3,Jogging,102137561500000,-0.46,-1.95,4.99
889268,3,Jogging,102137641639000,2.34,19.72,7.4
889269,3,Jogging,102137681617000,2.64,19.76,0.53
889270,3,Jogging,102137721595000,3.3,18.24,-3.06
889271,3,Jogging,102137866736000,-0.53,-9.23,-2.72
889272,3,Jogging,102137866736000,-0.53,-9.23,-2.72
889273,3,Jogging,102137866736000,-0.53,-9.23,-2.72
889274,3,Jogging,102137903358000,-0.27,8.58,7.97
889275,3,Jogging,102137981452000,-2.98,10.04,-0.34
889276,3,Jogging,102138021552000,-6.32,16.82,-7.97
889277,3,Jogging,102138061622000,-6.93,19.76,-8.96
889278,3,Jogging,102138141608000,4.99,14.14,10.92
889279,3,Jogging,102138181708000,6.51,10.76,4.9
889280,3,Jogging,102138221595000,5.05,0.19,6.32
889281,3,Jogging,102138261634000,1.31,-3.17,3.87
889282,3,Jogging,102138341590000,0.5,16.36,4.14
889283,3,Jogging,102138382484000,2.11,19.76,3.11
889284,3,Jogging,102138421485000,3.36,19.76,-1.5
889285,3,Jogging,102138461677000,2.03,14.14,-2.03
889286,3,Jogging,102138501533000,-0.65,3.3,-1.65
889287,3,Jogging,102138581397000,-1.12,-8.81,-2.26
889288,3,Jogging,102138621497000,-2.03,-4.1,1.04
889289,3,Jogging,102138661475000,0.08,7.82,8.24
889290,3,Jogging,102138746802000,-8.73,18.54,-8.16
889291,3,Jogging,102138784095000,-6.66,19.65,-6.02
889292,3,Jogging,102138821662000,-1.31,17.92,0.5
889293,3,Jogging,102138861640000,3.53,7.78,4.48
889294,3,Jogging,102138941505000,5.28,0.31,5.05
889295,3,Jogging,102138981635000,0.91,-2.18,4.67
889296,3,Jogging,102139021522000,-0.89,2.91,1.08
889297,3,Jogging,102139061591000,1.73,14.63,-0.04
889298,3,Jogging,102139101661000,-0.15,19.76,7.04
889299,3,Jogging,102139181556000,0.53,13.72,-2.98
889300,3,Jogging,102139221473000,-1.12,3.91,-1.38
889301,3,Jogging,102139261634000,-2.3,-2.41,-0.84
889302,3,Jogging,102139341468000,-1.14,0.34,4.99
889303,3,Jogging,102139381507000,0.95,5.98,6.59
889304,3,Jogging,102139421516000,-4.1,9.34,-7.08
889305,3,Jogging,102139461524000,-7.21,19.15,-11.18
889306,3,Jogging,102139501655000,-1.08,17.24,-2.07
889307,3,Jogging,102139581763000,5.63,14.6,9.81
889308,3,Jogging,102139621619000,5.05,10.65,-0.04
889309,3,Jogging,102139661475000,6.97,-2.07,8.58
889310,3,Jogging,102139741645000,-0.61,4.99,0.99
889311,3,Jogging,102139781623000,1.31,16.66,2.18
889312,3,Jogging,102139821601000,3.26,19.76,3.49
889313,3,Jogging,102139861518000,4.29,19.42,-1.95
889314,3,Jogging,102139901527000,2.03,10.61,-2.91
889315,3,Jogging,102139981452000,-3.64,-3.6,-2.22
889316,3,Jogging,102140021674000,-3.17,-10.99,-1.92
889317,3,Jogging,102140061866000,0.23,3.41,8.2
889318,3,Jogging,102140141517000,-6.21,13.99,-10.92
889319,3,Jogging,102140181495000,-6.85,19.04,-10.19
889320,3,Jogging,102140221473000,-4.4,18.77,-3.79
889321,3,Jogging,102140261634000,0.5,18.62,-0.61
889322,3,Jogging,102140341437000,4.94,7.01,5.63
889323,3,Jogging,102140381476000,5.09,1.14,4.1
889324,3,Jogging,102140421638000,2.34,-0.84,6.21
889325,3,Jogging,102140461738000,0.08,6.82,-0.19
889326,3,Jogging,102140541633000,-0.19,19.76,6.4
889327,3,Jogging,102140581580000,1.8,19.04,-2.79
889328,3,Jogging,102140621497000,2.22,11.92,-2.45
889329,3,Jogging,102140661475000,-0.89,2.07,-1.65
889330,3,Jogging,102140741492000,-1.84,-8.96,-2.68
889331,3,Jogging,102140781501000,0.19,5.63,8.85
889332,3,Jogging,102140821570000,-0.5,6.09,1.8
889333,3,Jogging,102140871589000,-5.52,14.25,-11.03
889334,3,Jogging,102140913367000,-5.71,19.42,-8.2
889335,3,Jogging,102140991645000,2.64,18.89,3.02
889336,3,Jogging,102141031653000,8.05,13.4,7.46
889337,3,Jogging,102141071509000,3.76,2.18,7.27
889338,3,Jogging,102141111579000,4.79,-0.15,2.07
889339,3,Jogging,102141191535000,0.57,8.66,-1.42
889340,3,Jogging,102141231605000,1.12,19.42,6.02
889341,3,Jogging,102141271552000,0.61,19.76,1.12
889342,3,Jogging,102141311500000,2.68,18.43,-2.56
889343,3,Jogging,102141391486000,-1.61,1.04,-1.54
889344,3,Jogging,102141431678000,-2.15,-5.13,-1.31
889345,3,Jogging,102141471473000,-0.89,-8.58,-0.8
889346,3,Jogging,102141511542000,1.42,8.5,11.75
889347,3,Jogging,102141591498000,-4.82,16.17,-10.84
889348,3,Jogging,102141631507000,-6.59,19.57,-7.46
889349,3,Jogging,102141681647000,-2.91,18.7,-0.93
889350,3,Jogging,102141721564000,5.41,17.5,9.08
889351,3,Jogging,102141775397000,4.9,13.63,1.65
889352,3,Jogging,102141812659000,5.18,-0.53,6.89
889353,3,Jogging,102141851661000,1.95,-1.69,5.05
889354,3,Jogging,102141981391000,3.34,19.57,-2.3
889355,3,Jogging,102142021491000,3.34,19.57,-2.3
889356,3,Jogging,102142021491000,3.34,19.57,-2.3
889357,3,Jogging,102142061622000,2.68,11.14,-0.76
889358,3,Jogging,102142101508000,-2.6,-4.25,-1.69
889359,3,Jogging,102142181495000,-0.99,-9.77,-0.84
889360,3,Jogging,102142221473000,-0.38,3.06,6.59
889361,3,Jogging,102142261481000,-0.31,7.97,3.64
889362,3,Jogging,102142341468000,-4.9,19.53,-8.16
889363,3,Jogging,102142381507000,-4.06,18.09,-2.79
889364,3,Jogging,102142421638000,-0.15,16.25,0.57
889365,3,Jogging,102142461555000,6.4,13.99,9.23
889366,3,Jogging,102142541511000,3.76,-0.72,4.59
889367,3,Jogging,102142581489000,2.56,-0.89,4.52
889368,3,Jogging,102142621558000,0.5,7.46,-0.95
889369,3,Jogging,102142661658000,0.42,18.77,5.01
889370,3,Jogging,102142701606000,1.14,19.76,1.18
889371,3,Jogging,102142781501000,0.8,9.85,-0.69
889372,3,Jogging,102142821601000,-2.72,1.23,-2.41
889373,3,Jogging,102142861518000,-3.34,-5.43,-1.76
889374,3,Jogging,102142901740000,-0.46,6.13,7.82
889375,3,Jogging,102142981483000,-1.38,13.14,-0.65
889376,3,Jogging,102143021674000,-5.9,15.09,-8.89
889377,3,Jogging,102143061530000,-3.26,16.74,-6.82
889378,3,Jogging,102143141578000,-0.38,17.82,6.55
889379,3,Jogging,102143181617000,2.45,12.83,4.56
889380,3,Jogging,102143221473000,4.21,3.45,7.35
889381,3,Jogging,102143261542000,4.52,0.76,2.98
889382,3,Jogging,102143374213000,0.5,15.6,0.34
889383,3,Jogging,102143374213000,0.5,15.6,0.34
889384,3,Jogging,102143411567000,0.42,19.76,5.9
889385,3,Jogging,102143451514000,1.18,19.7,-1.69
889386,3,Jogging,102143531379000,-0.8,3.79,-1.12
889387,3,Jogging,102143571509000,-2.11,-2.64,-1.5
889388,3,Jogging,102143611487000,-0.11,-8.24,-1.8
889389,3,Jogging,102143691474000,-0.42,8.35,7.01
889390,3,Jogging,102143731513000,-5.18,12.03,-8.73
889391,3,Jogging,102143771552000,-5.22,16.51,-8.54
889392,3,Jogging,102143811469000,-6.36,19.76,-4.06
889393,3,Jogging,102143891608000,3.3,14.06,11.33
889394,3,Jogging,102143931556000,3.21,11.35,0.57
889395,3,Jogging,102143971564000,5.67,-2.18,8.43
889396,3,Jogging,102144011512000,3.17,-0.91,2.56
889397,3,Jogging,102144091559000,-0.46,14.06,1.33
889398,3,Jogging,102144131568000,-1.23,19.76,6.51
889399,3,Jogging,102144171485000,0.5,19.7,-3.06
889400,3,Jogging,102144217689000,0.61,13.18,-3.15
889401,3,Jogging,102144292121000,-2.91,-3.02,-1.27
889402,3,Jogging,102144331458000,-0.42,-9.92,-0.95
889403,3,Jogging,102144371558000,-0.76,1.88,5.82
889404,3,Jogging,102144411475000,-1.92,10.0,2.56
