,user,label,timestamp,x,y,z
891005,3,Jogging,102224461768000,-2.76,19.76,5.67
891006,3,Jogging,102224541663000,2.6,16.59,-1.76
891007,3,Jogging,102224581580000,-0.46,5.94,-1.5
891008,3,Jogging,102224621497000,-2.83,-1.08,-2.22
891009,3,Jogging,102224661780000,-0.89,-10.65,-2.45
891010,3,Jogging,102224741675000,1.33,11.56,11.22
891011,3,Jogging,102224781592000,-4.06,7.82,-10.88
891012,3,Jogging,102224821509000,-8.5,13.48,-9.43
891013,3,Jogging,102224861640000,-9.66,19.42,-3.99
891014,3,Jogging,102224941627000,7.25,19.42,8.12
891015,3,Jogging,102224981544000,4.1,11.14,3.15
891016,3,Jogging,102225021583000,2.91,0.23,7.01
891017,3,Jogging,102225061622000,2.83,-2.07,4.18
891018,3,Jogging,102225101539000,-0.53,3.95,5.41
891019,3,Jogging,102225181647000,-0.08,19.53,5.6
891020,3,Jogging,102225221595000,-0.11,19.76,0.27
891021,3,Jogging,102225261756000,3.26,18.01,-1.8
891022,3,Jogging,102225341529000,-2.72,-0.76,-2.15
891023,3,Jogging,102225381476000,-1.31,-9.15,-1.23
891024,3,Jogging,102225421546000,0.04,-8.81,0.91
891025,3,Jogging,102225461646000,1.95,9.28,8.05
891026,3,Jogging,102225542090000,-6.05,15.43,-7.16
891027,3,Jogging,102225581641000,-7.89,19.72,-4.21
891028,3,Jogging,102225622260000,-5.28,19.04,0.23
891029,3,Jogging,102225661811000,2.96,18.16,6.59
891030,3,Jogging,102225741584000,1.99,0.84,6.59
891031,3,Jogging,102225781470000,5.18,-2.45,2.41
891032,3,Jogging,102225821479000,-0.57,1.38,6.32
891033,3,Jogging,102225861640000,-0.5,6.28,-2.72
891034,3,Jogging,102225941535000,-3.02,19.76,0.04
891037,3,Jogging,102226061317000,-1.92,-0.15,-1.38
891035,3,Jogging,102226061317000,-1.92,-0.15,-1.38
891036,3,Jogging,102226061317000,-1.92,-0.15,-1.38
891038,3,Jogging,102226141608000,0.46,-10.15,-1.65
891039,3,Jogging,102226183539000,-0.72,8.62,8.85
891040,3,Jogging,102226221503000,-1.57,5.18,0.23
891041,3,Jogging,102226261726000,-7.97,15.83,-6.66
891042,3,Jogging,102226301612000,-9.51,19.72,-8.77
891043,3,Jogging,102226381476000,0.99,15.55,8.39
891044,3,Jogging,102226421607000,2.34,14.63,0.95
891045,3,Jogging,102226461616000,3.6,2.83,8.66
891046,3,Jogging,102226541480000,2.11,0.27,5.56
891047,3,Jogging,102226581489000,0.19,6.44,-1.42
891048,3,Jogging,102226621619000,0.0,17.62,3.68
891049,3,Jogging,102226661780000,-1.12,19.76,2.34
891050,3,Jogging,102226741675000,0.27,10.65,-1.8
891051,3,Jogging,102226781470000,-2.03,1.73,-2.15
891052,3,Jogging,102226821509000,-2.49,-4.82,-1.54
891053,3,Jogging,102226861762000,-0.15,-12.6,-0.27
891054,3,Jogging,102226941474000,0.19,6.63,1.99
891055,3,Jogging,102226981666000,-6.89,10.8,-12.07
891056,3,Jogging,102227021522000,-7.82,15.64,-8.5
891057,3,Jogging,102227061591000,-8.39,19.76,-2.11
891058,3,Jogging,102227141700000,6.21,16.97,8.35
891059,3,Jogging,102227181739000,3.57,7.63,4.21
891060,3,Jogging,102227221595000,4.4,-0.27,5.82
891061,3,Jogging,102227261603000,1.53,-0.61,5.09
891062,3,Jogging,102227301704000,-2.79,4.1,2.79
891063,3,Jogging,102227381629000,-0.5,19.76,7.97
891064,3,Jogging,102227421485000,-0.5,19.76,-2.68
891065,3,Jogging,102227461738000,3.17,15.09,-1.61
891066,3,Jogging,102227541663000,-2.68,-1.57,-2.41
891067,3,Jogging,102227581489000,-1.33,-10.08,-3.38
891068,3,Jogging,102227621619000,-1.42,-6.05,-0.72
891069,3,Jogging,102227662116000,3.57,7.44,9.92
891070,3,Jogging,102227741523000,-9.7,19.76,-9.28
891071,3,Jogging,102227781470000,-7.16,19.76,-2.83
891072,3,Jogging,102227821632000,-3.68,18.35,0.5
891073,3,Jogging,102227861884000,2.22,16.02,6.05
891074,3,Jogging,102227902106000,3.76,13.76,1.46
891075,3,Jogging,102227981483000,4.9,-1.84,4.1
891076,3,Jogging,102228021613000,-1.73,1.95,7.12
891077,3,Jogging,102228061622000,-0.08,6.93,-2.03
891078,3,Jogging,102228111671000,1.57,19.08,5.67
891079,3,Jogging,102228191566000,1.88,18.89,-2.96
891080,3,Jogging,102228231605000,0.15,8.28,-0.95
891081,3,Jogging,102228271461000,-1.69,0.93,-2.64
891082,3,Jogging,102228311469000,-1.54,-6.4,-3.45
891083,3,Jogging,102228391608000,-0.57,7.67,9.7
891084,3,Jogging,102228431373000,-2.6,5.98,2.07
891085,3,Jogging,102228471381000,-11.6,10.88,-6.78
891086,3,Jogging,102228511298000,-8.58,15.36,-7.4
891087,3,Jogging,102228551459000,-2.83,19.76,-5.24
891088,3,Jogging,102228631507000,6.02,18.09,8.77
891089,3,Jogging,102228671607000,4.18,6.47,4.79
891090,3,Jogging,102228711524000,4.56,-3.21,5.18
891091,3,Jogging,102228791511000,0.46,3.17,1.31
891092,3,Jogging,102228831641000,1.23,13.76,2.49
891093,3,Jogging,102228871619000,1.69,19.76,5.79
891094,3,Jogging,102228911658000,2.98,19.76,-1.08
891095,3,Jogging,102228991614000,-1.18,5.41,-0.5
891096,3,Jogging,102229031501000,-2.3,-1.42,-0.99
891097,3,Jogging,102229071570000,0.15,-7.65,-1.76
891098,3,Jogging,102229111640000,-0.42,-4.56,-0.84
891099,3,Jogging,102229191627000,-2.49,7.82,-1.31
891100,3,Jogging,102229241675000,-6.21,19.7,-5.37
891101,3,Jogging,102229281470000,-4.67,19.72,-4.14
891102,3,Jogging,102229321632000,-0.38,16.89,1.04
891103,3,Jogging,102229361762000,3.21,15.7,5.75
891104,3,Jogging,102229441657000,3.36,0.84,6.28
891105,3,Jogging,102229481483000,4.14,-2.75,4.59
891106,3,Jogging,102229521491000,1.92,1.73,3.72
891107,3,Jogging,102229561744000,1.12,11.65,-1.54
891108,3,Jogging,102229641639000,1.46,19.76,-0.53
891109,3,Jogging,102229681678000,1.88,17.92,-2.56
891110,3,Jogging,102229721625000,-1.14,6.24,-0.08
891111,3,Jogging,102229761603000,-1.95,-0.91,-1.33
891112,3,Jogging,102229841529000,-0.72,-7.31,-0.61
891113,3,Jogging,102229881476000,-0.69,8.89,10.15
891114,3,Jogging,102229921638000,-2.72,5.48,-3.99
891115,3,Jogging,102229962012000,-5.43,16.28,-9.66
891116,3,Jogging,102230041480000,-3.64,19.38,-0.15
891117,3,Jogging,102230081611000,1.33,17.5,6.02
891118,3,Jogging,102230121619000,2.96,13.18,7.01
891119,3,Jogging,102230171516000,3.15,3.72,5.71
891120,3,Jogging,102230211463000,3.72,-2.18,3.41
891121,3,Jogging,102230291450000,0.76,9.58,-2.34
891122,3,Jogging,102230331641000,0.0,19.65,8.08
891123,3,Jogging,102230371558000,-0.34,19.76,0.23
891124,3,Jogging,102230411506000,0.99,18.39,-3.99
891125,3,Jogging,102230491492000,-2.07,0.15,-1.5
891126,3,Jogging,102230531623000,-0.84,-7.04,-1.92
891127,3,Jogging,102230571479000,-1.76,-8.58,-1.23
891128,3,Jogging,102230611640000,1.18,9.47,11.3
891129,3,Jogging,102230691474000,-9.81,16.21,-11.35
891130,3,Jogging,102230731513000,-8.16,19.23,-5.67
891131,3,Jogging,102230771613000,-2.96,19.76,-1.46
891132,3,Jogging,102230811835000,5.2,18.01,7.78
891133,3,Jogging,102230891486000,4.29,1.8,8.27
891134,3,Jogging,102230931525000,4.18,-0.91,1.23
891135,3,Jogging,102230971595000,1.23,-1.95,4.37
891136,3,Jogging,102231011603000,1.69,9.11,-1.46
891137,3,Jogging,102231051642000,0.5,19.7,6.89
891138,3,Jogging,102231101661000,2.11,19.76,-0.46
891139,3,Jogging,102231181495000,-0.38,6.55,-1.84
891140,3,Jogging,102231221473000,-2.34,-0.5,-2.07
891141,3,Jogging,102231261756000,-2.22,-7.44,-2.72
891142,3,Jogging,102231341529000,3.3,7.86,11.41
891143,3,Jogging,102231381476000,-3.87,4.52,-4.67
891144,3,Jogging,102231421516000,-9.15,15.21,-10.53
891145,3,Jogging,102231461677000,-8.73,19.76,-7.78
891146,3,Jogging,102231541633000,7.04,16.66,10.19
891147,3,Jogging,102231581489000,8.05,12.64,2.49
891148,3,Jogging,102231621680000,4.25,1.23,7.31
891149,3,Jogging,102231661597000,4.25,-3.76,3.45
891150,3,Jogging,102231741492000,0.53,12.91,2.03
891151,3,Jogging,102231781623000,0.57,19.76,6.09
891152,3,Jogging,102231821632000,3.95,19.76,-0.57
891153,3,Jogging,102231861610000,3.11,17.05,-2.22
891154,3,Jogging,102231941505000,-2.56,-1.04,-2.53
891155,3,Jogging,102231981635000,-1.73,-9.49,-2.15
891156,3,Jogging,102232021613000,-2.03,-7.35,-0.46
891157,3,Jogging,102232061744000,1.69,9.47,9.81
891158,3,Jogging,102232141700000,-7.7,17.27,-9.58
891159,3,Jogging,102232181525000,-6.82,19.76,-7.08
891160,3,Jogging,102232221595000,-0.8,19.65,-1.31
891161,3,Jogging,102232261756000,6.93,13.95,10.53
891162,3,Jogging,102232341651000,3.68,0.31,7.5
891163,3,Jogging,102232381476000,3.53,-2.64,3.49
891164,3,Jogging,102232421516000,0.34,2.03,1.88
891165,3,Jogging,102232461707000,-0.11,15.09,2.91
891166,3,Jogging,102232541602000,3.68,19.76,-1.46
891167,3,Jogging,102232581611000,2.98,16.55,-2.26
891168,3,Jogging,102232621497000,-0.89,5.13,-1.69
891169,3,Jogging,102232661628000,-2.53,-1.73,-2.11
891170,3,Jogging,102232741645000,-2.41,-6.66,-0.15
891171,3,Jogging,102232781623000,2.49,10.31,10.92
891172,3,Jogging,102232821601000,-4.25,6.21,-4.1
891173,3,Jogging,102232864417000,-9.96,13.4,-9.62
891174,3,Jogging,102232941596000,-2.6,19.76,-2.45
891175,3,Jogging,102232981666000,8.62,16.97,10.72
891176,3,Jogging,102233101295000,4.44,-3.11,2.49
891177,3,Jogging,102233101295000,4.44,-3.11,2.49
891178,3,Jogging,102233101295000,4.44,-3.11,2.49
891179,3,Jogging,102233181434000,-1.14,14.56,3.95
891180,3,Jogging,102233221595000,0.53,19.76,4.4
891181,3,Jogging,102233261756000,3.41,19.76,-0.69
891182,3,Jogging,102233341437000,-0.72,4.14,-2.22
891183,3,Jogging,102233381476000,-2.07,-1.12,-1.95
891184,3,Jogging,102233421638000,-1.5,-9.08,-3.91
891185,3,Jogging,102233461677000,-2.37,-6.7,-2.03
891186,3,Jogging,102233501624000,3.76,7.67,11.54
891187,3,Jogging,102233591498000,-14.63,18.7,-10.42
891188,3,Jogging,102233631507000,-9.85,19.76,-5.75
891189,3,Jogging,102233671638000,-0.72,19.15,-2.68
891190,3,Jogging,102233711677000,9.15,18.01,8.27
891191,3,Jogging,102233791633000,2.98,1.95,4.4
891192,3,Jogging,102233831519000,3.91,-3.87,4.14
891193,3,Jogging,102233871467000,1.08,1.18,1.84
891194,3,Jogging,102233911506000,1.23,12.22,0.3
891195,3,Jogging,102233991614000,1.88,19.76,-0.93
891196,3,Jogging,102234031470000,3.06,17.05,-2.41
891197,3,Jogging,102234071570000,-0.38,5.67,-0.42
891198,3,Jogging,102234111518000,-1.99,0.0,-1.27
891199,3,Jogging,102234191474000,-0.8,-7.59,-1.31
891200,3,Jogging,102234231483000,1.53,6.21,9.11
891201,3,Jogging,102234271461000,-1.65,5.98,0.53
891202,3,Jogging,102234311622000,-6.55,16.21,-5.52
891203,3,Jogging,102234351783000,-10.8,19.76,-8.01
891204,3,Jogging,102234431647000,-0.27,15.98,0.15
