,user,label,timestamp,x,y,z
681253,4,Jogging,3008272441000,3.41,-3.26,2.45
681254,4,Jogging,3008322368000,15.28,5.52,-1.5
681255,4,Jogging,3008372752000,19.57,19.34,-6.32
681256,4,Jogging,3008440410000,17.2,19.5,-5.01
681257,4,Jogging,3008492107000,0.65,10.65,-2.56
681258,4,Jogging,3008542247000,-5.86,1.23,-2.56
681259,4,Jogging,3008592479000,-7.65,-1.73,-2.03
681260,4,Jogging,3008642345000,-6.21,-0.27,-3.06
681261,4,Jogging,3008692332000,-0.99,3.11,-4.82
681262,4,Jogging,3008742320000,13.14,19.38,-11.73
681263,4,Jogging,3008792369000,19.57,19.57,-12.45
681264,4,Jogging,3008842387000,8.05,6.21,-1.95
681265,4,Jogging,3008892314000,2.15,-5.6,8.39
681266,4,Jogging,3008942332000,0.19,-4.67,9.96
681267,4,Jogging,3008992320000,1.42,-5.75,2.11
681268,4,Jogging,3009042339000,2.37,-3.91,0.5
681269,4,Jogging,3009092357000,13.1,1.04,-2.49
681270,4,Jogging,3009142345000,19.57,19.08,-11.84
681271,4,Jogging,3009192332000,17.35,18.96,-7.44
681272,4,Jogging,3009242320000,-1.53,13.33,4.1
681273,4,Jogging,3009292339000,-1.88,4.33,-0.46
681274,4,Jogging,3009342357000,-5.28,0.46,-1.53
681275,4,Jogging,3009392345000,-7.01,0.84,-2.07
681276,4,Jogging,3009442332000,-4.82,2.56,-2.87
681277,4,Jogging,3009492320000,2.56,13.82,-6.4
681278,4,Jogging,3009542339000,18.31,19.57,-15.17
681279,4,Jogging,3009592326000,18.92,15.79,-9.89
681280,4,Jogging,3009642345000,9.04,2.03,-2.3
681281,4,Jogging,3009692332000,3.83,-3.34,3.91
681282,4,Jogging,3009742320000,0.84,-5.41,11.73
681283,4,Jogging,3009792339000,1.54,-6.78,6.28
681284,4,Jogging,3009842387000,5.01,-4.56,0.95
681285,4,Jogging,3009892345000,15.55,4.1,-4.9
681286,4,Jogging,3009942332000,19.57,19.04,-13.4
681287,4,Jogging,3009992290000,17.31,18.92,-9.53
681288,4,Jogging,3010042339000,1.73,14.86,1.69
681289,4,Jogging,3010102336000,1.88,5.71,0.08
681290,4,Jogging,3010152293000,-5.48,1.69,-3.49
681291,4,Jogging,3010202342000,-6.05,1.54,-4.29
681292,4,Jogging,3010262584000,-1.46,5.28,-6.4
681293,4,Jogging,3010312328000,16.4,19.57,-18.35
681294,4,Jogging,3010362315000,19.42,15.94,-7.46
681295,4,Jogging,3010412303000,6.24,-2.75,2.03
681296,4,Jogging,3010462321000,0.38,-4.79,11.22
681297,4,Jogging,3010512340000,1.8,-5.33,4.1
681298,4,Jogging,3010562297000,0.34,-5.56,1.95
681299,4,Jogging,3010612346000,4.25,-4.79,-0.65
681300,4,Jogging,3010662303000,16.4,1.88,-2.87
681301,4,Jogging,3010712321000,19.57,19.57,-15.32
681302,4,Jogging,3010762309000,12.07,18.54,0.19
681303,4,Jogging,3010812358000,3.17,10.27,4.25
681304,4,Jogging,3010862315000,-4.52,4.63,-2.07
681305,4,Jogging,3010912303000,-7.97,1.65,-2.56
681306,4,Jogging,3010962352000,-6.13,1.99,-5.86
681307,4,Jogging,3011012309000,-0.95,1.8,-5.28
681308,4,Jogging,3011062297000,15.55,17.5,-7.89
681309,4,Jogging,3011112346000,19.57,19.57,-6.09
681310,4,Jogging,3011162303000,15.43,11.92,-0.8
681311,4,Jogging,3011212291000,2.03,0.53,2.79
681312,4,Jogging,3011262370000,0.93,-6.05,9.11
681313,4,Jogging,3011312297000,1.92,-6.32,1.42
681314,4,Jogging,3011362315000,0.72,-2.26,0.53
681315,4,Jogging,3011412303000,4.94,-1.76,-1.99
681316,4,Jogging,3011462291000,10.23,7.7,-3.95
681317,4,Jogging,3011512309000,19.57,19.57,-13.44
681318,4,Jogging,3011562297000,8.85,19.04,0.42
681319,4,Jogging,3011612315000,5.98,4.94,0.19
681320,4,Jogging,3011662303000,-6.93,6.47,-2.14
681321,4,Jogging,3011712291000,-5.94,2.53,-2.22
681322,4,Jogging,3011762309000,-4.99,3.15,-0.76
681323,4,Jogging,3011812328000,1.57,6.47,-4.21
681324,4,Jogging,3011862315000,15.05,19.5,-5.9
681325,4,Jogging,3011912303000,19.57,19.57,-7.44
681326,4,Jogging,3011962291000,8.73,6.32,-3.76
681327,4,Jogging,3012012279000,-0.5,-5.01,2.22
681328,4,Jogging,3012062297000,2.15,-7.93,4.44
681329,4,Jogging,3012112315000,2.76,-5.98,1.92
681330,4,Jogging,3012162303000,2.87,-4.21,0.27
681331,4,Jogging,3012212321000,9.96,-0.3,-3.34
681332,4,Jogging,3012262309000,16.47,15.94,-6.66
681333,4,Jogging,3012312328000,19.53,19.57,-10.53
681334,4,Jogging,3012362315000,6.13,15.89,-0.69
681335,4,Jogging,3012412303000,-0.69,9.89,1.31
681336,4,Jogging,3012462291000,-2.56,3.38,-0.57
681337,4,Jogging,3012512309000,-4.67,2.07,-1.46
681338,4,Jogging,3012562297000,-4.02,2.91,-1.99
681339,4,Jogging,3012612315000,-0.8,5.52,-4.37
681340,4,Jogging,3012662303000,9.96,18.85,-12.95
681341,4,Jogging,3012712291000,19.57,19.53,-17.82
681342,4,Jogging,3012762309000,10.23,8.35,-9.04
681343,4,Jogging,3012812297000,1.99,-0.89,-1.8
681344,4,Jogging,3012862315000,2.22,-2.96,9.58
681345,4,Jogging,3012912303000,2.41,-6.05,2.6
681346,4,Jogging,3012962291000,2.18,-4.75,0.38
681347,4,Jogging,3013012309000,7.93,-1.5,-0.65
681348,4,Jogging,3013062297000,19.11,18.01,-7.59
681349,4,Jogging,3013112346000,18.39,19.57,-6.02
681350,4,Jogging,3013162303000,4.94,14.25,0.0
681351,4,Jogging,3013212291000,-1.95,6.59,-0.34
681352,4,Jogging,3013262309000,-5.2,2.07,-3.06
681353,4,Jogging,3013312297000,-6.36,1.46,-2.98
681354,4,Jogging,3013362315000,-1.61,4.25,-3.79
681355,4,Jogging,3013412303000,11.69,18.89,-12.56
681356,4,Jogging,3013462291000,19.57,19.46,-18.66
681357,4,Jogging,3013462291000,19.57,19.46,-18.66
681358,4,Jogging,3013532329000,11.35,0.8,-3.45
681359,4,Jogging,3013582286000,0.23,-6.7,11.54
681360,4,Jogging,3013632274000,1.54,-6.24,2.11
681361,4,Jogging,3013692302000,2.87,-4.79,-1.73
681362,4,Jogging,3013742320000,5.33,-2.87,-2.18
681363,4,Jogging,3013792339000,17.39,10.61,-5.98
681364,4,Jogging,3013842357000,19.57,19.57,-13.48
681366,4,Jogging,3013892345000,7.63,14.75,2.72
681365,4,Jogging,3013892345000,7.63,14.75,2.72
681367,4,Jogging,3013992229000,-2.98,2.11,-2.3
681368,4,Jogging,3014042308000,-4.99,0.53,-2.45
681369,4,Jogging,3014102275000,-4.25,3.53,-2.96
681370,4,Jogging,3014152263000,-1.12,5.43,-3.36
681371,4,Jogging,3014202342000,12.95,18.81,-5.01
681372,4,Jogging,3014252330000,19.57,19.57,-11.65
681373,4,Jogging,3014302348000,14.41,6.28,-5.2
681374,4,Jogging,3014352336000,4.4,-4.94,1.69
681375,4,Jogging,3014402324000,2.6,-10.42,9.23
681376,4,Jogging,3014452342000,1.69,-8.24,4.94
681377,4,Jogging,3014502330000,3.11,-5.94,1.99
681378,4,Jogging,3014552653000,11.45,2.18,-6.85
681379,4,Jogging,3014602336000,18.28,19.23,-18.28
681380,4,Jogging,3014652324000,16.32,17.16,-17.43
681381,4,Jogging,3014702342000,2.72,9.96,-5.67
681382,4,Jogging,3014752330000,-5.71,1.99,0.27
681383,4,Jogging,3014802348000,-6.02,-0.3,-0.23
681384,4,Jogging,3014852367000,-4.4,2.11,-2.14
681385,4,Jogging,3014902293000,-1.57,3.02,-2.22
681386,4,Jogging,3014952342000,-0.57,12.72,-8.96
681387,4,Jogging,3014952342000,-0.57,12.72,-8.96
681388,4,Jogging,3015062328000,16.59,17.2,-19.3
681389,4,Jogging,3015112285000,3.21,1.08,-5.98
681390,4,Jogging,3015162242000,3.02,-4.94,8.12
681391,4,Jogging,3015212230000,3.87,-6.63,6.44
681392,4,Jogging,3015262279000,0.93,-7.55,3.17
681393,4,Jogging,3015312297000,10.27,-2.83,-3.95
681394,4,Jogging,3015362315000,18.96,16.82,-15.13
681395,4,Jogging,3015412303000,19.5,19.23,-19.08
681396,4,Jogging,3015462291000,6.7,12.03,-6.55
681397,4,Jogging,3015512309000,-1.04,3.49,-3.72
681398,4,Jogging,3015562297000,-7.97,-2.56,-0.46
681399,4,Jogging,3015612315000,-7.7,-1.12,0.57
681400,4,Jogging,3015662303000,-4.52,3.76,5.13
681401,4,Jogging,3015712291000,-1.46,13.25,2.34
681402,4,Jogging,3015762309000,4.79,19.57,-7.25
681403,4,Jogging,3015812297000,18.89,19.27,-17.12
681404,4,Jogging,3015862315000,5.79,3.83,-5.05
681405,4,Jogging,3015912303000,5.01,-1.53,2.72
681406,4,Jogging,3015962291000,6.47,-2.64,5.83
681407,4,Jogging,3016012279000,3.3,-4.48,6.44
681408,4,Jogging,3016062358000,3.17,-6.43,5.09
681409,4,Jogging,3016112346000,15.09,3.45,-3.34
681410,4,Jogging,3016162303000,19.57,19.53,-17.08
681411,4,Jogging,3016212291000,17.08,18.96,-1.27
681412,4,Jogging,3016262340000,2.76,12.91,-1.27
681413,4,Jogging,3016312267000,-2.6,6.85,1.84
681414,4,Jogging,3016362224000,-5.6,2.91,0.76
681415,4,Jogging,3016412303000,-7.31,1.54,-0.46
681416,4,Jogging,3016462291000,-4.4,1.14,-2.6
681417,4,Jogging,3016512309000,0.53,14.25,-9.04
681418,4,Jogging,3016562297000,18.39,19.57,-13.72
681419,4,Jogging,3016612346000,16.47,16.13,-6.51
681420,4,Jogging,3016662303000,8.66,5.9,-2.34
681421,4,Jogging,3016712291000,7.01,0.95,0.61
681422,4,Jogging,3016762279000,1.38,-5.01,4.79
681423,4,Jogging,3016812297000,-1.33,-6.66,7.4
681424,4,Jogging,3016862315000,5.09,-6.82,4.48
681425,4,Jogging,3016912334000,16.66,7.31,-2.64
681426,4,Jogging,3016962291000,19.57,19.57,-10.88
681427,4,Jogging,3017012309000,12.53,17.2,-4.56
681428,4,Jogging,3017062297000,0.15,9.51,-0.38
681429,4,Jogging,3017112346000,-6.47,4.21,0.57
681430,4,Jogging,3017162303000,-8.43,1.99,-0.27
681431,4,Jogging,3017212291000,-5.37,1.54,-0.8
681432,4,Jogging,3017262279000,1.54,9.08,-5.56
681433,4,Jogging,3017312297000,15.43,19.57,-13.78
681434,4,Jogging,3017362315000,19.5,18.73,-14.33
681435,4,Jogging,3017412303000,9.34,2.68,-5.18
681436,4,Jogging,3017462291000,3.87,-2.96,0.42
681437,4,Jogging,3017512309000,4.06,-2.91,7.27
681438,4,Jogging,3017562297000,0.08,-5.09,8.69
681439,4,Jogging,3017612346000,1.76,-4.86,4.18
681440,4,Jogging,3017662303000,11.03,1.14,-0.46
681441,4,Jogging,3017712291000,19.23,18.43,-9.7
681442,4,Jogging,3017762309000,17.5,19.27,-8.81
681443,4,Jogging,3017812358000,3.57,13.99,-0.8
681444,4,Jogging,3017862285000,-1.65,7.46,-1.65
681445,4,Jogging,3017912303000,-6.89,1.99,-0.65
681446,4,Jogging,3017962291000,-7.44,0.46,-0.99
681447,4,Jogging,3018012279000,-2.83,1.8,-2.49
681448,4,Jogging,3018062297000,5.48,14.44,-7.65
681449,4,Jogging,3018112346000,18.73,19.57,-9.66
681450,4,Jogging,3018162303000,16.25,17.73,-7.44
681451,4,Jogging,3018212291000,5.75,0.42,-4.48
681452,4,Jogging,3018262309000,3.53,-7.27,1.38
