,user,label,timestamp,x,y,z
386786,5,Jogging,2075942272000,0.65,1.14,1.7297841
386787,5,Jogging,2075992199000,8.47,9.11,-2.6832085
386788,5,Jogging,2076042278000,3.95,19.57,1.7297841
386789,5,Jogging,2076092205000,6.55,18.12,7.586533500000001
386790,5,Jogging,2076142284000,7.27,11.35,6.5105260000000005
386791,5,Jogging,2076192211000,-0.65,-0.19,-2.7513103
386792,5,Jogging,2076242290000,-5.67,-6.89,-5.597963
386793,5,Jogging,2076292248000,-0.04,1.88,0.46309182
386794,5,Jogging,2076342266000,5.56,15.64,8.662541000000001
386795,5,Jogging,2076392284000,8.47,2.53,-3.9090397000000006
386796,5,Jogging,2076442272000,7.46,15.36,7.2732660000000005
386797,5,Jogging,2076492260000,15.36,15.4,9.193735
386798,5,Jogging,2076542309000,-0.15,2.22,2.982856
386799,5,Jogging,2076592235000,2.56,6.32,2.7649305
386800,5,Jogging,2076642284000,4.67,-0.23,-0.0
386801,5,Jogging,2076692211000,0.89,3.64,-2.6832085
386802,5,Jogging,2076742260000,7.08,19.46,-2.4516625
386803,5,Jogging,2076792248000,5.67,18.24,7.6273947
386804,5,Jogging,2076842296000,8.77,12.49,7.586533500000001
386805,5,Jogging,2076892223000,1.5,0.99,-1.1849703
386806,5,Jogging,2076942272000,-4.86,-7.08,-3.2552630000000002
386807,5,Jogging,2076992229000,-1.12,0.89,-4.2086873
386808,5,Jogging,2077042309000,-1.61,15.75,11.958665
386809,5,Jogging,2077092205000,15.83,7.5,-8.730642999999999
386810,5,Jogging,2077142315000,7.7,14.25,10.269741999999999
386811,5,Jogging,2077192242000,13.87,18.12,6.4015636
386812,5,Jogging,2077242290000,-2.14,2.68,3.7592160000000003
386813,5,Jogging,2077292217000,4.9,6.24,1.9477096999999999
386814,5,Jogging,2077342266000,2.87,-0.23,-0.42223078
386815,5,Jogging,2077392223000,1.92,2.34,-3.6774937999999993
386816,5,Jogging,2077442303000,9.81,19.38,0.3405087
386817,5,Jogging,2077492229000,4.33,19.11,8.894086999999999
386818,5,Jogging,2077542339000,7.7,12.6,8.281172
386819,5,Jogging,2077592296000,0.65,-0.34,-0.0
386820,5,Jogging,2077642315000,-2.91,-6.59,-3.173541
386821,5,Jogging,2077692272000,-2.03,1.73,-5.012288
386822,5,Jogging,2077742290000,2.07,16.47,9.534244000000001
386823,5,Jogging,2077792278000,7.7,9.08,-8.662541000000001
386824,5,Jogging,2077842296000,11.73,13.21,11.413852
386825,5,Jogging,2077892284000,10.12,16.32,5.666064700000001
386826,5,Jogging,2077942303000,7.74,6.59,4.140586
386827,5,Jogging,2077992229000,-4.1,7.63,2.3018389
386828,5,Jogging,2078042278000,5.9,0.11,0.14982383
386829,5,Jogging,2078092205000,1.33,1.76,-0.0
386830,5,Jogging,2078142315000,6.66,9.66,0.040861044
386831,5,Jogging,2078192242000,5.37,19.46,6.701211
386832,5,Jogging,2078242260000,4.44,15.47,9.112013000000001
386833,5,Jogging,2078292278000,5.13,6.63,3.6774937999999993
386834,5,Jogging,2078342266000,-1.23,-4.14,-2.4516625
386835,5,Jogging,2078342266000,-1.23,-4.14,-2.4516625
386836,5,Jogging,2078412273000,-2.37,0.5,-5.9793324
386837,5,Jogging,2078462261000,-0.99,15.64,10.691972999999999
386838,5,Jogging,2078512340000,14.33,4.99,-8.008764
386839,5,Jogging,2078572399000,10.69,17.92,9.534244000000001
386840,5,Jogging,2078622234000,13.38,11.92,7.1234417
386841,5,Jogging,2078672314000,-1.88,6.13,3.173541
386842,5,Jogging,2078722240000,4.06,1.12,1.1441092
386843,5,Jogging,2078772289000,-0.27,1.04,1.1168685
386844,5,Jogging,2078822277000,5.48,6.55,-2.9556155
386845,5,Jogging,2078872295000,5.9,19.57,1.1849703
386846,5,Jogging,2078922253000,4.56,17.39,7.7772183
386847,5,Jogging,2078972301000,7.78,10.34,6.0474343
386848,5,Jogging,2079022228000,1.04,-0.5,-0.50395286
386849,5,Jogging,2079072307000,-3.06,-3.34,-2.2609777
386850,5,Jogging,2079122234000,0.57,1.14,-3.2961242
386851,5,Jogging,2079172314000,2.15,15.47,7.3549875999999985
386852,5,Jogging,2079222240000,13.76,4.25,-4.018002500000001
386853,5,Jogging,2079272320000,7.31,18.89,7.7772183
386854,5,Jogging,2079322246000,12.72,8.35,6.782933
386855,5,Jogging,2079372295000,-1.31,6.66,3.4459480000000005
386856,5,Jogging,2079442303000,4.82,0.99,0.19068487
386857,5,Jogging,2079492138000,1.65,1.69,-2.5606253
386858,5,Jogging,2079542370000,7.67,15.55,-2.1111538
386859,5,Jogging,2079592266000,3.64,19.57,6.891896000000001
386860,5,Jogging,2079642345000,8.81,14.56,10.528528999999999
386861,5,Jogging,2079702251000,2.76,2.53,1.0760075
386862,5,Jogging,2079752727000,-2.53,-7.65,-3.5685309999999997
386863,5,Jogging,2079802257000,-3.6,2.07,-7.504811999999999
386864,5,Jogging,2079852276000,2.83,11.92,12.299174
386865,5,Jogging,2079902202000,6.66,14.63,-7.436710000000001
386866,5,Jogging,2079952282000,7.7,11.56,10.310603
386867,5,Jogging,2080002270000,10.5,17.58,0.84446156
386868,5,Jogging,2080052288000,6.82,6.4,7.7363577
386869,5,Jogging,2080102215000,-0.23,6.47,1.3075534
386870,5,Jogging,2080152233000,7.27,-0.04,-0.23154591
386871,5,Jogging,2080202221000,0.23,0.46,-3.173541
386872,5,Jogging,2080252270000,0.57,11.54,3.5276701
386873,5,Jogging,2080302227000,10.84,19.53,4.9850473
386874,5,Jogging,2080352276000,5.63,15.66,11.182305
386875,5,Jogging,2080402233000,3.34,5.28,3.5957718
386876,5,Jogging,2080452282000,-1.12,-1.84,1.2666923
386877,5,Jogging,2080502209000,-1.27,-1.92,-5.7477865
386878,5,Jogging,2080552288000,0.69,3.72,2.4516625
386879,5,Jogging,2080602215000,0.5,17.77,2.1792557
386880,5,Jogging,2080652233000,13.14,6.21,-1.0760075
386881,5,Jogging,2080702221000,4.37,13.59,3.5685309999999997
386882,5,Jogging,2080752270000,17.43,11.69,10.119919
386883,5,Jogging,2080802257000,-0.5,6.44,3.2961242
386884,5,Jogging,2080852276000,3.53,3.95,1.7570249
386885,5,Jogging,2080902233000,1.04,-0.23,0.6946376999999999
386886,5,Jogging,2080952282000,7.01,7.46,-3.6774937999999993
386887,5,Jogging,2081002270000,3.3,19.57,1.9477096999999999
386888,5,Jogging,2081052257000,7.93,17.54,6.3198414000000005
386889,5,Jogging,2081102245000,6.85,10.84,5.706926
386890,5,Jogging,2081152233000,0.42,-2.6,-1.0351465
386891,5,Jogging,2081202251000,-2.22,-7.08,-5.8158884
386892,5,Jogging,2081252209000,-2.18,3.45,-1.3756552
386893,5,Jogging,2081302227000,0.93,18.24,10.310603
386894,5,Jogging,2081352276000,16.32,0.46,-7.8861814
386895,5,Jogging,2081402233000,5.98,16.4,6.469665
386896,5,Jogging,2081452282000,12.83,16.02,8.19945
386897,5,Jogging,2081502239000,-1.84,3.64,4.5219555
386898,5,Jogging,2081552288000,5.71,3.91,1.1849703
386899,5,Jogging,2081602245000,1.14,1.54,0.5720546
386900,5,Jogging,2081652264000,8.05,8.89,-2.982856
386901,5,Jogging,2081702221000,0.34,19.57,0.92618364
386902,5,Jogging,2081752270000,7.97,18.24,4.0588636
386903,5,Jogging,2081802227000,9.96,11.6,9.425281
386904,5,Jogging,2081852306000,0.53,0.15,-1.7297841
386905,5,Jogging,2081902202000,-2.34,-6.89,-4.099725
386906,5,Jogging,2081952282000,-5.52,2.72,-4.140586
386907,5,Jogging,2082002239000,0.89,12.26,7.8861814
386908,5,Jogging,2082052288000,15.6,11.37,-9.493382
386909,5,Jogging,2082102245000,7.97,11.8,11.454713
386910,5,Jogging,2082152264000,9.62,17.47,3.0645783
386911,5,Jogging,2082202251000,4.6,4.25,4.018002500000001
386912,5,Jogging,2082252270000,2.41,7.7,4.5628166
386913,5,Jogging,2082302257000,5.9,-1.46,-1.2258313
386914,5,Jogging,2082352276000,2.03,2.22,-1.3075534
386915,5,Jogging,2082402264000,6.17,19.46,-5.012288
386916,5,Jogging,2082452251000,7.12,19.38,6.1291566
386917,5,Jogging,2082502270000,7.89,14.79,8.471855999999999
386918,5,Jogging,2082552257000,2.03,3.91,2.7240696
386919,5,Jogging,2082602215000,-1.84,-5.86,-1.1441092
386920,5,Jogging,2082652233000,-4.21,-1.18,-8.008764
386921,5,Jogging,2082702282000,-0.3,5.94,6.4424243
386922,5,Jogging,2082752239000,7.59,16.59,-4.2086873
386923,5,Jogging,2082802257000,12.95,6.21,3.5957718
386924,5,Jogging,2082852245000,5.83,16.82,3.5957718
386925,5,Jogging,2082902264000,13.87,11.56,8.117727
386926,5,Jogging,2082952251000,-1.42,8.08,3.8273177000000005
386927,5,Jogging,2083002209000,5.22,-0.5,0.19068487
386928,5,Jogging,2083052257000,0.46,1.12,1.5390993
386929,5,Jogging,2083102276000,6.28,10.5,-2.1111538
386930,5,Jogging,2083152233000,4.71,19.57,3.0237172
386931,5,Jogging,2083202251000,5.33,17.58,8.308413
386932,5,Jogging,2083252270000,7.25,9.3,5.0531489999999994
386933,5,Jogging,2083302257000,-0.23,-1.95,-0.46309182
386934,5,Jogging,2083352245000,-3.15,-3.68,-4.372132
386935,5,Jogging,2083402202000,0.08,2.49,1.3075534
386936,5,Jogging,2083452251000,1.08,14.82,5.325556
386937,5,Jogging,2083502209000,13.4,6.93,-3.2961242
386938,5,Jogging,2083552257000,7.27,13.4,7.4639505999999995
386939,5,Jogging,2083602245000,13.06,16.28,5.7886477
386940,5,Jogging,2083652233000,-1.84,4.18,3.214402
386941,5,Jogging,2083702282000,4.86,4.48,2.6014863999999998
386942,5,Jogging,2083752239000,2.37,-0.72,0.19068487
386943,5,Jogging,2083802288000,6.28,6.36,-3.214402
386944,5,Jogging,2083852245000,2.68,19.57,-0.040861044
386945,5,Jogging,2083902233000,6.63,18.2,6.782933
386946,5,Jogging,2083952251000,7.78,11.56,7.082580999999999
386947,5,Jogging,2084002239000,1.57,-1.76,-2.1383946
386948,5,Jogging,2084052288000,-3.49,-7.01,-4.099725
386949,5,Jogging,2084102215000,-0.38,1.84,-1.9204689999999998
386950,5,Jogging,2084152264000,-3.79,13.99,10.18802
386951,5,Jogging,2084202251000,16.82,5.67,-6.428804
386952,5,Jogging,2084252270000,6.21,12.57,7.246025
386953,5,Jogging,2084302257000,14.06,17.82,5.8976107
386954,5,Jogging,2084352276000,-1.65,4.18,3.5276701
386955,5,Jogging,2084402233000,3.53,6.36,3.4050870000000004
386957,5,Jogging,2084452251000,3.72,-0.84,-0.6946376999999999
386956,5,Jogging,2084452251000,3.72,-0.84,-0.6946376999999999
386958,5,Jogging,2084512340000,3.38,3.38,-4.4810944
386959,5,Jogging,2084562267000,4.33,19.57,1.3075534
386960,5,Jogging,2084612347000,8.01,18.39,6.4015636
386961,5,Jogging,2084672283000,4.99,10.15,6.1291566
386962,5,Jogging,2084722240000,0.5,-2.41,-1.8387468999999996
386963,5,Jogging,2084772259000,-3.11,-5.9,-4.290409599999999
386964,5,Jogging,2084822246000,-1.18,2.34,-1.8796080000000002
386965,5,Jogging,2084872295000,4.56,18.09,7.164303
386966,5,Jogging,2084922253000,9.0,0.42,-4.018002500000001
386967,5,Jogging,2084972301000,8.92,16.82,6.5105260000000005
386968,5,Jogging,2085022228000,13.38,12.76,8.853226
386969,5,Jogging,2085072307000,1.33,4.4,4.5219555
386970,5,Jogging,2085122234000,3.34,3.99,1.4165162
386971,5,Jogging,2085172314000,3.76,0.93,0.14982383
386972,5,Jogging,2085222240000,0.8,4.21,-2.1383946
386973,5,Jogging,2085272320000,8.81,19.53,-3.1463002999999996
386974,5,Jogging,2085322246000,5.24,18.62,7.586533500000001
386975,5,Jogging,2085372326000,8.43,13.72,8.962189
386976,5,Jogging,2085422253000,0.57,-0.38,0.19068487
386977,5,Jogging,2085472301000,-2.3,-7.63,-3.173541
386978,5,Jogging,2085542339000,-3.21,0.99,-6.5513873
386979,5,Jogging,2085592571000,2.34,17.16,5.09401
386980,5,Jogging,2085642406000,15.51,6.7,-4.018002500000001
386981,5,Jogging,2085692242000,2.49,12.79,5.706926
386982,5,Jogging,2085742321000,15.89,15.28,6.851035
386983,5,Jogging,2085802257000,-2.45,7.27,3.990762
386984,5,Jogging,2085852215000,4.71,4.44,2.9556155
386985,5,Jogging,2085902233000,2.03,-0.08,0.6537767
