,user,label,timestamp,x,y,z
387786,5,Jogging,2125922253000,-2.56,-6.74,-2.2201166000000003
387787,5,Jogging,2125972301000,-2.56,-0.34,-7.2732660000000005
387788,5,Jogging,2126022228000,-0.11,14.21,11.34575
387789,5,Jogging,2126072307000,13.06,7.67,-7.9679036
387790,5,Jogging,2126122234000,11.45,10.53,6.4015636
387791,5,Jogging,2126172314000,6.55,17.88,7.2732660000000005
387792,5,Jogging,2126222240000,3.41,4.82,5.284695
387793,5,Jogging,2126272320000,3.06,4.67,0.7218784
387794,5,Jogging,2126322246000,2.98,0.99,-0.7218784
387795,5,Jogging,2126372295000,2.72,3.64,-4.2086873
387796,5,Jogging,2126422253000,3.53,19.57,-1.525479
387797,5,Jogging,2126472332000,9.34,19.15,7.014479
387798,5,Jogging,2126522228000,8.85,12.76,8.921327999999999
387799,5,Jogging,2126572307000,-0.46,2.26,-0.27240697
387800,5,Jogging,2126622234000,-3.06,-7.59,-3.8273177000000005
387801,5,Jogging,2126672314000,-4.56,0.19,-6.5513873
387802,5,Jogging,2126722240000,1.57,15.47,12.067628
387803,5,Jogging,2126772289000,15.79,8.92,-9.615966
387804,5,Jogging,2126822246000,7.25,11.5,10.269741999999999
387805,5,Jogging,2126872326000,10.12,17.43,2.3018389
387806,5,Jogging,2126922253000,2.87,3.83,2.3018389
387807,5,Jogging,2126972301000,1.5,9.3,4.372132
387808,5,Jogging,2127022716000,3.68,-0.53,-0.8036005
387809,5,Jogging,2127092327000,7.93,4.29,-5.09401
387810,5,Jogging,2127142315000,3.15,19.57,4.671779
387811,5,Jogging,2127192394000,7.16,16.74,7.8861814
387813,5,Jogging,2127242229000,6.82,8.58,5.2165932999999995
387812,5,Jogging,2127242229000,6.82,8.58,5.2165932999999995
387814,5,Jogging,2127352276000,-4.44,-2.18,-9.915613
387816,5,Jogging,2127402294000,-0.61,7.31,7.8861814
387815,5,Jogging,2127402294000,-0.61,7.31,7.8861814
387817,5,Jogging,2127462292000,12.57,11.88,-8.308413
387818,5,Jogging,2127512279000,10.31,10.61,8.308413
387819,5,Jogging,2127562298000,7.78,18.01,3.3778462
387820,5,Jogging,2127612285000,7.67,5.83,5.938472
387821,5,Jogging,2127662273000,-0.84,7.21,0.84446156
387822,5,Jogging,2127712231000,4.71,-0.3,-0.19068487
387823,5,Jogging,2127762310000,0.38,0.95,-1.3075534
387824,5,Jogging,2127812267000,11.56,18.01,-1.6480621
387825,5,Jogging,2127862316000,5.37,19.15,7.8861814
387826,5,Jogging,2127912273000,6.93,14.44,8.962189
387827,5,Jogging,2127962322000,1.42,2.76,1.3075534
387828,5,Jogging,2128012310000,-1.42,-7.4,-2.1383946
387829,5,Jogging,2128062389000,-3.11,1.46,-8.499097
387830,5,Jogging,2128112285000,0.0,12.26,10.841797
387831,5,Jogging,2128162304000,8.62,12.68,-7.8861814
387832,5,Jogging,2128212261000,12.26,10.69,9.507003
387833,5,Jogging,2128262310000,4.94,16.86,2.3426998
387834,5,Jogging,2128312267000,6.97,0.27,-0.0
387835,5,Jogging,2128422130000,3.21,0.27,-0.0
387836,5,Jogging,2128422130000,3.21,0.27,-0.0
387837,5,Jogging,2128472210000,3.06,1.95,-2.6832085
387838,5,Jogging,2128522289000,10.19,19.31,-0.8036005
387839,5,Jogging,2128572277000,4.06,17.24,8.771504
387840,5,Jogging,2128622295000,7.67,12.76,8.076866
387841,5,Jogging,2128682232000,-0.3,-2.56,-0.23154591
387842,5,Jogging,2128732250000,-0.53,-2.53,-4.7535014
387843,5,Jogging,2128782299000,-4.67,5.09,-2.5606253
387844,5,Jogging,2128832226000,-0.95,8.5,5.5162406
387845,5,Jogging,2128882305000,5.05,15.6,-9.575105
387846,5,Jogging,2128932232000,2.79,10.92,12.14935
387847,5,Jogging,2128982311000,13.57,17.08,7.164303
387848,5,Jogging,2129032238000,9.28,7.21,6.742072
387849,5,Jogging,2129082317000,1.04,6.44,1.8387468999999996
387850,5,Jogging,2129132244000,6.09,-2.26,-0.3405087
387851,5,Jogging,2129182323000,6.32,1.46,-7.1234417
387852,5,Jogging,2129232281000,2.68,19.57,-0.95342433
387853,5,Jogging,2129282299000,6.09,18.7,4.9850473
387854,5,Jogging,2129332256000,5.71,15.66,9.80665
387855,5,Jogging,2129382275000,-2.22,-2.14,-0.50395286
387856,5,Jogging,2129432232000,-2.14,-11.8,-6.5105260000000005
387857,5,Jogging,2129482311000,-3.53,2.79,-3.1463002999999996
387858,5,Jogging,2129532207000,7.7,15.75,8.240311
387859,5,Jogging,2129582287000,0.76,13.44,-8.580819
387860,5,Jogging,2129632244000,13.44,8.35,8.62168
387861,5,Jogging,2129682262000,7.25,15.7,0.3405087
387862,5,Jogging,2129732281000,12.68,8.73,7.014479
387863,5,Jogging,2129782268000,-3.79,9.38,4.3312707
387864,5,Jogging,2129832256000,6.17,1.54,0.84446156
387865,5,Jogging,2129882275000,-0.38,-1.12,0.92618364
387866,5,Jogging,2129932232000,4.63,3.41,-5.012288
387867,5,Jogging,2129982311000,8.16,19.57,4.2086873
387868,5,Jogging,2130032268000,6.02,16.17,8.730642999999999
387869,5,Jogging,2130082317000,6.13,9.34,4.903325
387870,5,Jogging,2130132244000,-1.65,-0.57,-0.6537767
387871,5,Jogging,2130182262000,-1.88,-4.14,-4.8216033
387872,5,Jogging,2130232281000,0.46,2.37,-1.1168685
387873,5,Jogging,2130282268000,-4.59,12.83,6.2108784
387874,5,Jogging,2130332287000,16.82,10.19,-3.4459480000000005
387875,5,Jogging,2130382336000,6.09,11.03,8.281172
387876,5,Jogging,2130432232000,15.09,16.74,8.962189
387877,5,Jogging,2130482311000,-2.83,2.49,1.4165162
387878,5,Jogging,2130532268000,4.48,6.82,2.6014863999999998
387879,5,Jogging,2130582287000,0.08,0.57,1.0351465
387880,5,Jogging,2130632275000,5.22,2.76,-3.9771416
387881,5,Jogging,2130682262000,11.14,19.0,-2.5606253
387882,5,Jogging,2130732220000,3.11,17.92,9.00305
387883,5,Jogging,2130782268000,5.37,12.64,5.434519
387884,5,Jogging,2130832256000,-0.76,-3.87,-1.2666923
387885,5,Jogging,2130882275000,-3.83,-6.7,-7.3141264999999995
387886,5,Jogging,2130932232000,-2.26,3.21,-0.53119355
387887,5,Jogging,2130982311000,5.37,12.68,6.66035
387888,5,Jogging,2131032238000,11.54,9.58,-10.923519
387889,5,Jogging,2131082317000,9.66,13.57,10.18802
387890,5,Jogging,2131132244000,10.92,18.47,4.140586
387891,5,Jogging,2131182262000,-1.27,5.22,5.366417
387892,5,Jogging,2131232281000,5.13,4.21,1.7570249
387893,5,Jogging,2131282268000,2.76,-1.76,0.14982383
387894,5,Jogging,2131332256000,1.99,2.18,-3.5957718
387895,5,Jogging,2131382275000,9.66,19.5,-1.56634
387896,5,Jogging,2131432232000,5.67,18.31,6.2108784
387897,5,Jogging,2131482311000,7.86,13.4,8.281172
387898,5,Jogging,2131532268000,1.33,-1.23,-1.4573771999999998
387899,5,Jogging,2131582317000,-3.79,-6.28,-3.7864565999999997
387900,5,Jogging,2131632244000,-2.64,1.14,-5.666064700000001
387901,5,Jogging,2131682293000,-1.12,16.86,14.601013
387902,5,Jogging,2131732281000,15.75,3.06,-8.853226
387903,5,Jogging,2131782299000,8.73,12.22,9.112013000000001
387904,5,Jogging,2131832256000,12.49,16.47,5.434519
387905,5,Jogging,2131882305000,-3.57,4.75,3.7592160000000003
387906,5,Jogging,2131932232000,5.9,4.44,2.8330324
387907,5,Jogging,2131932232000,5.9,4.44,2.8330324
387908,5,Jogging,2132012432000,1.23,-0.27,-1.4165162
387909,5,Jogging,2132062145000,9.89,18.12,-5.5162406
387910,5,Jogging,2132112347000,4.14,19.53,7.8180795
387911,5,Jogging,2132162304000,8.66,14.1,8.539958
387912,5,Jogging,2132212261000,1.99,-0.15,-0.42223078
387913,5,Jogging,2132262279000,-2.56,-7.27,-2.7240696
387914,5,Jogging,2132312328000,-4.75,1.46,-6.66035
387915,5,Jogging,2132372265000,-0.27,8.58,8.539958
387916,5,Jogging,2132422253000,7.89,15.89,-7.082580999999999
387917,5,Jogging,2132472301000,-2.68,6.32,11.073342
387918,5,Jogging,2132522228000,14.29,17.27,0.23154591
387919,5,Jogging,2132572307000,-1.5,2.22,4.5628166
387920,5,Jogging,2132622356000,6.85,5.83,2.7240696
387921,5,Jogging,2132672314000,0.95,-1.84,0.50395286
387922,5,Jogging,2132722271000,10.08,8.35,-6.428804
387923,5,Jogging,2132772289000,-0.69,19.57,3.8273177000000005
387924,5,Jogging,2132822246000,7.08,16.86,7.6273947
387925,5,Jogging,2132876476000,7.08,5.71,3.6774937999999993
387926,5,Jogging,2132932262000,-1.27,-5.2,-1.0760075
387927,5,Jogging,2132982250000,-4.99,-0.3,-7.3958488
387928,5,Jogging,2133032299000,1.95,5.71,4.440233
387929,5,Jogging,2133082256000,5.37,17.67,-2.4108016
387930,5,Jogging,2133132305000,11.26,5.43,4.372132
387931,5,Jogging,2133182262000,9.19,14.9,0.8036005
387932,5,Jogging,2133232311000,11.99,7.67,9.507003
387933,5,Jogging,2133282238000,-4.52,8.08,3.5685309999999997
387934,5,Jogging,2133332317000,6.44,0.38,-0.38136974
387935,5,Jogging,2133382244000,1.38,-0.19,0.61291564
387936,5,Jogging,2133442303000,10.5,13.4,-5.09401
387937,5,Jogging,2133492290000,5.83,19.31,8.349273
387938,5,Jogging,2133542278000,7.89,14.98,9.615966
387939,5,Jogging,2133592235000,2.11,2.87,0.95342433
387940,5,Jogging,2133642315000,-3.76,-8.05,-4.5219555
387941,5,Jogging,2133692242000,-5.98,0.15,-8.390134
387942,5,Jogging,2133742260000,3.6,13.02,12.14935
387943,5,Jogging,2133792217000,13.67,12.49,-3.8273177000000005
387944,5,Jogging,2133842296000,3.06,6.89,8.62168
387945,5,Jogging,2133892315000,13.33,17.47,0.040861044
387946,5,Jogging,2133942272000,1.76,3.68,5.434519
387947,5,Jogging,2133992199000,2.83,7.46,2.7240696
387948,5,Jogging,2134042278000,5.09,-0.99,-0.5720546
387949,5,Jogging,2134092205000,0.31,1.23,-2.4925237
387950,5,Jogging,2134142284000,11.07,13.44,-0.6946376999999999
387951,5,Jogging,2134192211000,4.37,19.42,8.158588
387952,5,Jogging,2134242260000,3.87,15.17,10.18802
387953,5,Jogging,2134292217000,2.11,5.09,-0.29964766
387954,5,Jogging,2134342296000,-3.02,-5.2,-2.7921712000000003
387955,5,Jogging,2134392223000,-4.71,-0.69,-9.234595
387956,5,Jogging,2134442272000,4.02,8.31,8.539958
387957,5,Jogging,2134492199000,4.56,8.31,9.765789
387958,5,Jogging,2134552349000,10.0,8.31,9.765789
387959,5,Jogging,2134602276000,9.3,14.9,-1.4573771999999998
387960,5,Jogging,2134602276000,9.3,14.9,-1.4573771999999998
387961,5,Jogging,2134702221000,-0.69,9.7,3.3778462
387963,5,Jogging,2134752300000,5.37,-0.15,0.42223078
387962,5,Jogging,2134752300000,5.37,-0.15,0.42223078
387964,5,Jogging,2134812298000,3.57,1.14,-2.4108016
387965,5,Jogging,2134862285000,7.7,18.47,-3.6366330000000002
387966,5,Jogging,2134912304000,4.14,19.42,7.4639505999999995
387967,5,Jogging,2134962261000,8.92,14.02,9.724928
387968,5,Jogging,2135012279000,0.65,1.33,0.46309182
387969,5,Jogging,2135062267000,-4.56,-6.74,-3.9090397000000006
387970,5,Jogging,2135112316000,-3.6,-0.84,-6.5513873
387971,5,Jogging,2135162273000,2.96,10.65,9.043911
387972,5,Jogging,2135212292000,13.21,10.15,-4.140586
387973,5,Jogging,2135262279000,9.11,9.7,8.19945
387974,5,Jogging,2135312298000,13.25,16.66,3.336985
387975,5,Jogging,2135362285000,3.68,3.53,3.6774937999999993
387976,5,Jogging,2135412273000,0.8,9.43,3.3778462
387977,5,Jogging,2135462261000,4.14,0.23,-0.7218784
387978,5,Jogging,2135512279000,0.53,1.18,-2.5333846
387979,5,Jogging,2135562267000,12.37,13.67,-2.1792557
387980,5,Jogging,2135612285000,0.76,19.42,9.343558
387981,5,Jogging,2135662273000,6.44,12.76,10.691972999999999
387982,5,Jogging,2135712261000,2.64,1.12,-0.46309182
387983,5,Jogging,2135762279000,-5.82,-5.98,-2.9147543999999996
387984,5,Jogging,2135812298000,-2.68,1.5,-7.654635400000001
387985,5,Jogging,2135862285000,1.95,11.84,7.205164
