,user,label,timestamp,x,y,z
388186,5,Jogging,2145922283000,13.91,14.98,-2.2609777
388187,5,Jogging,2145972240000,10.5,8.05,8.281172
388188,5,Jogging,2146022320000,12.87,15.83,1.0760075
388189,5,Jogging,2146072246000,-1.42,8.77,2.2201166000000003
388190,5,Jogging,2146122295000,6.05,4.79,3.8681788
388191,5,Jogging,2146172253000,3.99,-2.49,-0.42223078
388192,5,Jogging,2146222362000,-2.53,3.45,1.607201
388193,5,Jogging,2146282329000,14.63,13.72,-6.823794400000001
388194,5,Jogging,2146332287000,-3.76,15.4,9.043911
388195,5,Jogging,2146382213000,7.21,11.73,0.6946376999999999
388196,5,Jogging,2146432323000,0.42,0.34,1.7297841
388197,5,Jogging,2146482342000,-1.92,-3.64,-1.4982381999999999
388198,5,Jogging,2146542278000,-1.46,0.95,-0.6946376999999999
388199,5,Jogging,2146602245000,-5.37,14.6,1.9477096999999999
388200,5,Jogging,2146652264000,19.11,8.2,-9.724928
388201,5,Jogging,2146652264000,19.11,8.2,-9.724928
388202,5,Jogging,2146652264000,19.11,8.2,-9.724928
388203,5,Jogging,2146802227000,-4.02,4.37,1.4573771999999998
388204,5,Jogging,2146852428000,5.56,3.45,2.9556155
388205,5,Jogging,2146902202000,2.34,-0.89,0.88532263
388206,5,Jogging,2146952312000,1.8,6.85,-1.1849703
388207,5,Jogging,2147002209000,9.92,19.57,4.099725
388208,5,Jogging,2147052257000,3.45,13.67,9.765789
388209,5,Jogging,2147102215000,9.19,2.79,3.0237172
388210,5,Jogging,2147152233000,-0.72,-0.72,0.313268
388211,5,Jogging,2147202221000,-3.26,-2.79,-5.5571017
388212,5,Jogging,2147252270000,0.99,1.38,-1.3075534
388213,5,Jogging,2147302257000,-12.22,14.25,6.0882955
388214,5,Jogging,2147352276000,18.47,12.18,-0.6946376999999999
388215,5,Jogging,2147402233000,6.59,5.01,4.903325
388216,5,Jogging,2147452282000,10.73,17.92,4.2495484
388217,5,Jogging,2147502239000,-3.98,4.99,7.014479
388218,5,Jogging,2147552257000,8.69,2.41,1.1168685
388219,5,Jogging,2147602245000,0.61,-0.72,2.5333846
388220,5,Jogging,2147652294000,13.21,12.68,-9.152874
388221,5,Jogging,2147702221000,0.46,19.57,6.5105260000000005
388222,5,Jogging,2147752239000,6.21,15.7,4.3993720000000005
388223,5,Jogging,2147802257000,5.52,4.9,1.2258313
388224,5,Jogging,2147852276000,-1.18,-5.9,-3.173541
388225,5,Jogging,2147852276000,-1.18,-5.9,-3.173541
388226,5,Jogging,2147924419000,-5.05,0.46,-6.9327570000000005
388227,5,Jogging,2147982342000,-5.24,12.72,11.073342
388228,5,Jogging,2148032360000,18.47,8.89,-10.269741999999999
388229,5,Jogging,2148082378000,4.6,10.04,7.055340299999999
388230,5,Jogging,2148142284000,15.94,16.44,6.4015636
388231,5,Jogging,2148192242000,-2.87,4.9,4.944186
388232,5,Jogging,2148242290000,5.28,4.71,3.5957718
388233,5,Jogging,2148292248000,3.64,-1.76,0.9942854
388234,5,Jogging,2148342296000,7.46,7.89,-7.04172
388235,5,Jogging,2148392223000,2.18,19.57,3.4868089999999996
388236,5,Jogging,2148442272000,8.12,18.77,2.8330324
388237,5,Jogging,2148492260000,8.05,6.55,7.3141264999999995
388238,5,Jogging,2148542278000,-0.04,-3.34,-3.8273177000000005
388239,5,Jogging,2148592266000,-6.32,-5.43,-8.880466
388240,5,Jogging,2148642254000,-2.07,7.74,5.175732
388241,5,Jogging,2148692211000,-3.26,2.41,-7.8180795
388242,5,Jogging,2148742260000,7.44,18.92,2.9147543999999996
388243,5,Jogging,2148792217000,-0.04,-0.89,0.88532263
388244,5,Jogging,2148842266000,16.21,15.66,7.8589406
388245,5,Jogging,2148892223000,0.19,7.01,6.2789803
388246,5,Jogging,2148942272000,1.92,4.14,2.7921712000000003
388247,5,Jogging,2148992229000,7.06,-3.53,-1.334794
388248,5,Jogging,2149042278000,1.12,-1.23,-3.9499009
388249,5,Jogging,2149092235000,6.32,12.22,2.2201166000000003
388250,5,Jogging,2149142315000,6.47,19.57,12.9529505
388251,5,Jogging,2149192272000,10.69,12.95,6.5513873
388252,5,Jogging,2149242290000,0.61,6.02,2.1111538
388253,5,Jogging,2149292217000,-4.21,-3.34,-4.290409599999999
388254,5,Jogging,2149342296000,-7.46,-1.69,-11.454713
388255,5,Jogging,2149392223000,0.23,10.12,10.991621
388256,5,Jogging,2149442272000,13.63,12.87,-5.625203599999999
388257,5,Jogging,2149492199000,5.56,5.22,5.8976107
388258,5,Jogging,2149542339000,10.19,17.5,0.84446156
388259,5,Jogging,2149592235000,8.92,4.9,4.1814466
388260,5,Jogging,2149642315000,-2.49,8.2,4.9850473
388261,5,Jogging,2149692242000,7.46,-0.15,-0.29964766
388262,5,Jogging,2149742290000,0.23,0.95,1.1849703
388263,5,Jogging,2149792278000,10.84,14.98,-6.782933
388264,5,Jogging,2149842235000,3.83,19.57,7.6954966
388265,5,Jogging,2149892284000,7.93,16.36,7.3549875999999985
388266,5,Jogging,2149942272000,5.05,6.32,4.0588636
388267,5,Jogging,2149992229000,-1.46,-3.15,-3.0645783
388268,5,Jogging,2150042278000,-5.63,-1.46,-8.853226
388269,5,Jogging,2150092235000,-0.95,4.1,3.1054392
388270,5,Jogging,2150142284000,1.14,14.41,4.944186
388271,5,Jogging,2150192211000,15.4,4.67,3.4050870000000004
388272,5,Jogging,2150243053000,4.67,10.46,2.1111538
388273,5,Jogging,2150292248000,16.09,15.6,9.234595
388274,5,Jogging,2150342296000,-4.06,5.67,3.214402
388275,5,Jogging,2150392254000,4.82,3.91,2.6014863999999998
388276,5,Jogging,2150442272000,3.95,-2.72,-0.10896278
388277,5,Jogging,2150492229000,0.72,3.87,-2.5606253
388278,5,Jogging,2150542309000,13.4,19.23,-1.2258313
388279,5,Jogging,2150592235000,2.37,18.96,5.938472
388280,5,Jogging,2150642406000,7.35,13.67,7.5456724
388281,5,Jogging,2150692211000,0.76,-1.18,0.53119355
388282,5,Jogging,2150742321000,-3.06,-7.89,-4.290409599999999
388283,5,Jogging,2150792217000,-3.76,1.8,-4.2086873
388284,5,Jogging,2150842235000,0.34,12.98,10.079058
388285,5,Jogging,2150892223000,17.97,8.73,-9.234595
388286,5,Jogging,2150942272000,7.59,10.38,8.240311
388287,5,Jogging,2150992229000,11.18,18.35,2.9147543999999996
388288,5,Jogging,2151042309000,2.72,3.26,3.990762
388289,5,Jogging,2151092235000,1.92,8.43,3.990762
388290,5,Jogging,2151142284000,4.18,-1.8,-0.9942854
388291,5,Jogging,2151192272000,0.89,2.26,-3.7183550000000003
388292,5,Jogging,2151242351000,12.41,18.5,-3.4868089999999996
388293,5,Jogging,2151292248000,2.64,19.27,9.112013000000001
388294,5,Jogging,2151342296000,8.5,14.14,8.430995
388295,5,Jogging,2151392254000,0.69,-1.14,0.53119355
388296,5,Jogging,2151442272000,-4.25,-6.36,-4.018002500000001
388297,5,Jogging,2151492229000,-3.41,0.53,-6.9327570000000005
388298,5,Jogging,2151542309000,-0.04,14.71,13.525004999999998
388299,5,Jogging,2151592266000,16.44,5.24,-10.460427000000001
388300,5,Jogging,2151642345000,9.53,11.88,8.499097
388301,5,Jogging,2151692211000,13.06,17.97,3.6774937999999993
388302,5,Jogging,2151742260000,0.8,3.57,3.5685309999999997
388303,5,Jogging,2151792339000,2.76,7.55,4.2086873
388304,5,Jogging,2151842266000,2.68,-0.8,-0.6537767
388305,5,Jogging,2151892284000,1.95,2.98,-2.982856
388306,5,Jogging,2151942333000,12.87,19.5,-1.7570249
388307,5,Jogging,2152002239000,4.1,17.12,6.4015636
388308,5,Jogging,2152052257000,6.85,11.26,4.372132
388309,5,Jogging,2152102245000,-0.38,-4.44,-2.3699405
388310,5,Jogging,2152152233000,-5.6,-6.47,-5.666064700000001
388311,5,Jogging,2152202282000,1.46,4.21,1.5390993
388312,5,Jogging,2152252209000,-3.57,7.21,1.7570249
388313,5,Jogging,2152302288000,14.06,12.6,-2.3699405
388314,5,Jogging,2152352245000,2.37,5.09,5.1348709999999995
388315,5,Jogging,2152402233000,18.24,18.54,4.5219555
388316,5,Jogging,2152452221000,-2.37,3.17,3.336985
388317,5,Jogging,2152502239000,4.14,7.06,4.2086873
388318,5,Jogging,2152552227000,3.17,-2.41,-0.29964766
388319,5,Jogging,2152602276000,2.34,1.95,-4.290409599999999
388320,5,Jogging,2152652233000,12.45,19.19,-0.14982383
388321,5,Jogging,2152702251000,4.14,18.73,7.7363577
388324,5,Jogging,2152752209000,9.04,11.92,7.436710000000001
388323,5,Jogging,2152752209000,9.04,11.92,7.436710000000001
388322,5,Jogging,2152752209000,9.04,11.92,7.436710000000001
388325,5,Jogging,2152902202000,-2.53,1.18,-5.0531489999999994
388326,5,Jogging,2152952373000,3.6,12.95,9.152874
388327,5,Jogging,2153002239000,7.86,11.3,-8.580819
388328,5,Jogging,2153052288000,11.69,11.56,12.217452
388329,5,Jogging,2153102245000,15.24,16.44,3.1463002999999996
388330,5,Jogging,2153152233000,4.86,4.48,4.290409599999999
388331,5,Jogging,2153202282000,-2.53,9.19,2.7921712000000003
388332,5,Jogging,2153252270000,5.37,-0.89,-0.8036005
388333,5,Jogging,2153302227000,0.31,1.33,-0.9125633
388334,5,Jogging,2153352306000,10.95,12.87,-1.1168685
388335,5,Jogging,2153402202000,5.63,19.57,8.076866
388336,5,Jogging,2153452282000,4.44,16.25,9.112013000000001
388337,5,Jogging,2153502239000,4.52,3.91,-0.19068487
388338,5,Jogging,2153552288000,-2.37,-4.52,-1.8796080000000002
388339,5,Jogging,2153602215000,-4.9,-2.07,-5.9793324
388340,5,Jogging,2153652264000,2.72,4.75,4.6036777
388341,5,Jogging,2153702221000,-3.83,12.22,3.1054392
388342,5,Jogging,2153752270000,9.0,4.06,6.4424243
388343,5,Jogging,2153802227000,8.05,9.0,-2.2609777
388344,5,Jogging,2153852276000,13.59,11.03,11.495573
388345,5,Jogging,2153902233000,-3.98,8.39,3.336985
388346,5,Jogging,2153952282000,6.51,2.76,0.6537767
388347,5,Jogging,2154002239000,2.83,-1.69,-1.2258313
388348,5,Jogging,2154052288000,2.64,5.86,-0.5720546
388349,5,Jogging,2154102245000,9.23,19.57,2.152015
388350,5,Jogging,2154152264000,5.22,17.12,9.466142
388351,5,Jogging,2154202221000,5.98,6.7,4.099725
388352,5,Jogging,2154252270000,-1.42,-1.88,-0.10896278
388353,5,Jogging,2154302257000,-4.29,-5.82,-7.586533500000001
388354,5,Jogging,2154352276000,0.8,3.34,-0.14982383
388355,5,Jogging,2154402264000,6.21,19.0,5.666064700000001
388356,5,Jogging,2154452251000,9.43,-0.72,-1.7570249
388357,5,Jogging,2154502270000,8.69,13.44,4.5219555
388358,5,Jogging,2154552288000,15.36,11.56,10.760075
388359,5,Jogging,2154602215000,-1.46,8.01,4.9850473
388360,5,Jogging,2154652233000,6.51,1.69,0.8036005
388361,5,Jogging,2154702221000,1.04,0.11,0.50395286
388362,5,Jogging,2154752270000,0.65,4.67,-4.8216033
388363,5,Jogging,2154802227000,12.07,19.42,0.6946376999999999
388364,5,Jogging,2154852245000,3.95,17.12,6.782933
388365,5,Jogging,2154902202000,8.89,10.53,6.973617999999999
388366,5,Jogging,2154952251000,0.15,-3.34,-2.5333846
388367,5,Jogging,2155002209000,-4.63,-6.97,-8.076866
388368,5,Jogging,2155052257000,-1.14,5.05,-0.42223078
388369,5,Jogging,2155102245000,-1.92,12.76,5.625203599999999
388370,5,Jogging,2155152264000,17.43,7.46,-5.7886477
388371,5,Jogging,2155202251000,6.59,8.58,6.238119
388372,5,Jogging,2155252270000,14.9,18.5,5.625203599999999
388373,5,Jogging,2155302257000,-0.72,5.09,3.4868089999999996
388374,5,Jogging,2155352276000,3.87,4.86,1.7570249
388375,5,Jogging,2155402233000,1.12,-1.18,0.7218784
388376,5,Jogging,2155452282000,4.02,5.09,-1.6889231
388377,5,Jogging,2155502209000,10.92,19.19,-4.2495484
388378,5,Jogging,2155552257000,2.87,18.89,7.7363577
388379,5,Jogging,2155602245000,8.96,13.48,7.5456724
388380,5,Jogging,2155652233000,0.93,-2.53,0.92618364
388381,5,Jogging,2155702251000,-3.41,-7.4,-5.434519
388382,5,Jogging,2155752239000,-4.82,3.17,-3.2552630000000002
388383,5,Jogging,2155802257000,4.14,14.86,5.5571017
388384,5,Jogging,2155852245000,2.96,12.49,-8.580819
388385,5,Jogging,2155902233000,7.5,10.27,9.302697
