,user,label,timestamp,x,y,z
389186,5,Jogging,2195912273000,9.96,14.02,7.8861814
389187,5,Jogging,2195962322000,0.38,-1.14,-0.040861044
389188,5,Jogging,2196012279000,-5.37,-6.82,-4.372132
389189,5,Jogging,2196062267000,-3.79,1.23,-7.082580999999999
389190,5,Jogging,2196112285000,5.56,13.53,12.026767
389191,5,Jogging,2196162273000,3.57,13.99,-9.997335000000001
389192,5,Jogging,2196212292000,9.43,8.89,10.228881
389193,5,Jogging,2196262279000,10.84,12.95,-1.4573771999999998
389194,5,Jogging,2196312298000,9.34,5.24,6.701211
389195,5,Jogging,2196362285000,-2.72,10.31,5.175732
389196,5,Jogging,2196412273000,7.27,0.95,-0.6537767
389197,5,Jogging,2196472301000,2.83,-0.57,-1.1849703
389198,5,Jogging,2196522228000,10.15,15.32,-2.8738932999999998
389199,5,Jogging,2196572338000,4.21,19.34,10.079058
389200,5,Jogging,2196622265000,7.44,12.15,9.234595
389201,5,Jogging,2196672314000,-1.14,-1.27,0.53119355
389202,5,Jogging,2196722240000,-4.79,-7.31,-4.3993720000000005
389203,5,Jogging,2196772289000,-1.23,0.61,-5.325556
389204,5,Jogging,2196822246000,1.31,14.33,9.534244000000001
389205,5,Jogging,2196872295000,9.23,11.69,-6.0474343
389206,5,Jogging,2196922253000,8.43,10.08,8.662541000000001
389207,5,Jogging,2196972301000,14.18,16.17,1.7570249
389208,5,Jogging,2197022228000,0.84,3.21,3.1054392
389209,5,Jogging,2197072277000,2.11,8.73,2.4108016
389210,5,Jogging,2197122234000,2.03,-0.04,-1.0760075
389211,5,Jogging,2197182293000,2.49,1.23,-0.61291564
389212,5,Jogging,2197232220000,11.75,18.58,-1.7297841
389213,5,Jogging,2197282268000,4.06,18.24,10.269741999999999
389214,5,Jogging,2197332287000,9.66,8.62,4.8216033
389215,5,Jogging,2197382275000,-1.08,-2.49,-2.2201166000000003
389216,5,Jogging,2197432232000,-5.86,-4.37,-5.202973
389217,5,Jogging,2197482311000,-2.56,2.3,-5.09401
389218,5,Jogging,2197532238000,1.65,12.07,8.19945
389219,5,Jogging,2197582317000,14.9,12.41,-6.0201936
389220,5,Jogging,2197632244000,6.51,7.16,11.182305
389221,5,Jogging,2197682293000,15.89,17.92,2.2609777
389222,5,Jogging,2197732250000,-3.3,2.72,1.6480621
389223,5,Jogging,2197782299000,3.68,6.78,3.2552630000000002
389224,5,Jogging,2197832287000,2.98,-1.14,-0.38136974
389225,5,Jogging,2197882275000,2.11,1.12,-2.9147543999999996
389226,5,Jogging,2197932232000,13.06,18.39,-3.9771416
389227,5,Jogging,2197982311000,3.34,18.62,10.56939
389228,5,Jogging,2198032268000,10.53,10.99,5.8976107
389229,5,Jogging,2198082317000,-0.76,-1.42,0.040861044
389230,5,Jogging,2198132244000,-5.2,-6.24,-5.597963
389231,5,Jogging,2198182262000,0.08,1.99,-4.7943625
389232,5,Jogging,2198232250000,1.42,12.79,9.275456
389233,5,Jogging,2198282268000,-4.37,15.89,-8.008764
389234,5,Jogging,2198332256000,9.47,7.12,10.800936
389235,5,Jogging,2198382305000,16.44,14.67,2.7649305
389236,5,Jogging,2198432262000,2.18,4.86,4.0588636
389237,5,Jogging,2198482281000,0.72,8.08,2.1111538
389238,5,Jogging,2198532238000,3.83,-0.46,-0.29964766
389239,5,Jogging,2198582256000,1.54,0.34,-2.982856
389240,5,Jogging,2198632213000,13.21,13.18,-6.5513873
389241,5,Jogging,2198682262000,-0.46,19.57,11.182305
389242,5,Jogging,2198732250000,8.81,16.09,6.3607025
389243,5,Jogging,2198782299000,2.76,0.42,3.336985
389244,5,Jogging,2198832287000,-2.91,-6.28,-3.5685309999999997
389245,5,Jogging,2198882275000,-3.53,-0.11,-7.3958488
389246,5,Jogging,2198932262000,2.64,11.22,8.240311
389247,5,Jogging,2198982311000,2.68,13.59,-6.2108784
389248,5,Jogging,2199032268000,14.56,6.93,6.0201936
389249,5,Jogging,2199082317000,11.73,14.79,-0.23154591
389250,5,Jogging,2199132244000,8.24,8.35,7.3958488
389251,5,Jogging,2199182659000,-2.3,9.15,2.5606253
389252,5,Jogging,2199232250000,5.6,-1.08,-0.50395286
389253,5,Jogging,2199282299000,-0.3,2.83,0.23154591
389254,5,Jogging,2199332256000,9.89,9.38,-2.5333846
389255,5,Jogging,2199382275000,4.33,19.53,8.430995
389256,5,Jogging,2199432262000,5.56,16.17,8.894086999999999
389257,5,Jogging,2199482311000,5.86,3.34,2.6832085
389258,5,Jogging,2199532268000,-3.41,-5.05,-3.9771416
389259,5,Jogging,2199582317000,-7.16,0.72,-9.915613
389260,5,Jogging,2199632213000,4.99,11.18,10.038197
389261,5,Jogging,2199682262000,3.41,16.25,-6.891896000000001
389262,5,Jogging,2199732250000,13.53,5.37,6.9327570000000005
389263,5,Jogging,2199792339000,7.44,13.4,-2.070293
389264,5,Jogging,2199842296000,4.99,6.13,1.9885708
389265,5,Jogging,2199892345000,4.02,12.26,5.9793324
389266,5,Jogging,2199942303000,2.6,-0.76,-0.9942854
389267,5,Jogging,2199992321000,1.8,1.08,-2.7513103
389268,5,Jogging,2200052288000,12.91,19.11,-0.53119355
389269,5,Jogging,2200102276000,1.73,18.01,8.921327999999999
389270,5,Jogging,2200152264000,6.89,10.76,5.706926
389271,5,Jogging,2200202251000,-1.5,-2.07,-2.070293
389272,5,Jogging,2200252239000,-4.37,-6.51,-7.1234417
389273,5,Jogging,2200302227000,0.89,3.57,1.2258313
389274,5,Jogging,2200352276000,2.34,10.46,3.9499009
389276,5,Jogging,2200402202000,9.62,13.99,-3.5957718
389275,5,Jogging,2200402202000,9.62,13.99,-3.5957718
389277,5,Jogging,2200502209000,14.67,18.58,3.6366330000000002
389278,5,Jogging,2200552318000,-0.8,2.64,3.8273177000000005
389279,5,Jogging,2200552318000,-0.8,2.64,3.8273177000000005
389280,5,Jogging,2200612316000,5.48,4.9,2.152015
389281,5,Jogging,2200662304000,1.42,-2.49,0.42223078
389282,5,Jogging,2200712292000,2.72,2.87,-4.7943625
389283,5,Jogging,2200762279000,11.26,19.5,1.4982381999999999
389284,5,Jogging,2200812298000,5.48,17.01,9.275456
389285,5,Jogging,2200862285000,9.51,10.38,7.205164
389286,5,Jogging,2200912304000,-1.73,-1.27,-1.6480621
389287,5,Jogging,2200962261000,-3.72,-6.63,-9.275456
389288,5,Jogging,2201012310000,-2.53,3.68,1.1168685
389289,5,Jogging,2201062267000,2.15,11.26,2.2609777
389290,5,Jogging,2201112316000,8.16,15.36,-3.9499009
389291,5,Jogging,2201162304000,-3.83,3.11,6.5513873
389292,5,Jogging,2201212292000,17.35,18.24,4.440233
389293,5,Jogging,2201262279000,-1.95,2.98,1.8387468999999996
389295,5,Jogging,2201372295000,2.53,-1.8,-0.27240697
389294,5,Jogging,2201372295000,2.53,-1.8,-0.27240697
389296,5,Jogging,2201422314000,0.84,3.02,-3.4050870000000004
389297,5,Jogging,2201472332000,12.07,19.5,-1.4982381999999999
389298,5,Jogging,2201522228000,3.64,17.62,5.012288
389299,5,Jogging,2201572368000,8.47,10.0,6.782933
389300,5,Jogging,2201632244000,-0.42,-5.63,-2.3018389
389301,5,Jogging,2201682262000,-4.4,-5.13,-11.3321295
389302,5,Jogging,2201732281000,-0.76,8.62,7.8589406
389303,5,Jogging,2201782238000,2.98,16.36,-1.7570249
389304,5,Jogging,2201832287000,15.75,5.98,-0.3405087
389305,5,Jogging,2201882213000,1.69,8.73,1.7978859
389306,5,Jogging,2201932293000,17.27,14.82,9.384419
389307,5,Jogging,2201982250000,-4.18,6.51,3.4459480000000005
389308,5,Jogging,2202032268000,6.02,3.17,1.0760075
389309,5,Jogging,2202082287000,1.23,-0.04,0.3405087
389310,5,Jogging,2202132305000,7.63,9.08,-3.4868089999999996
389311,5,Jogging,2202182232000,2.18,19.57,4.290409599999999
389312,5,Jogging,2202232311000,6.89,16.7,7.3958488
389313,5,Jogging,2202282238000,7.01,6.24,4.1814466
389314,5,Jogging,2202332287000,-1.61,-5.13,-2.6014863999999998
389315,5,Jogging,2202382244000,-3.68,-4.06,-8.62168
389316,5,Jogging,2202432262000,0.89,6.66,4.0588636
389317,5,Jogging,2202482281000,5.67,17.39,0.5720546
389318,5,Jogging,2202532268000,12.79,1.84,0.88532263
389319,5,Jogging,2202582256000,7.67,14.56,-0.040861044
389320,5,Jogging,2202632305000,13.1,9.89,9.084772000000001
389321,5,Jogging,2202682232000,-4.9,8.01,3.4868089999999996
389322,5,Jogging,2202732311000,6.17,1.76,0.7218784
389323,5,Jogging,2202782238000,1.57,-0.38,-0.9942854
389324,5,Jogging,2202832317000,4.18,6.85,0.61291564
389325,5,Jogging,2202882213000,7.12,19.57,2.3018389
389326,5,Jogging,2202932262000,4.52,15.09,8.158588
389327,5,Jogging,2202982220000,8.31,5.28,3.9090397000000006
389328,5,Jogging,2203032268000,-2.26,-6.63,-1.9885708
389329,5,Jogging,2203082256000,-3.64,-2.34,-11.686258
389330,5,Jogging,2203132305000,0.5,10.88,9.084772000000001
389331,5,Jogging,2203182232000,-2.96,12.95,-3.8681788
389332,5,Jogging,2203232311000,15.21,9.7,2.8330324
389333,5,Jogging,2203282238000,2.76,8.62,1.1441092
389334,5,Jogging,2203332348000,17.35,13.91,9.534244000000001
389335,5,Jogging,2203382275000,-3.64,6.36,3.3778462
389336,5,Jogging,2203432293000,5.83,3.21,1.0760075
389337,5,Jogging,2203482250000,1.54,-1.46,0.6537767
389338,5,Jogging,2203532299000,5.98,9.23,-3.5276701
389339,5,Jogging,2203582256000,4.18,19.57,3.2961242
389340,5,Jogging,2203632366000,6.93,17.27,6.5513873
389341,5,Jogging,2203682232000,7.78,6.05,5.0531489999999994
389342,5,Jogging,2203732281000,-0.8,-4.94,-2.1383946
389343,5,Jogging,2203782238000,-2.6,-4.52,-9.084772000000001
389344,5,Jogging,2203832317000,-1.76,8.05,4.7535014
389345,5,Jogging,2203882244000,-2.3,11.03,-0.14982383
389346,5,Jogging,2203932262000,16.44,10.69,-4.2495484
389347,5,Jogging,2203982281000,1.61,7.4,6.633109599999999
389348,5,Jogging,2204032299000,17.86,16.82,7.2732660000000005
389349,5,Jogging,2204082287000,-2.79,1.76,1.8796080000000002
389350,5,Jogging,2204132305000,4.33,6.02,1.4165162
389351,5,Jogging,2204182232000,0.99,-0.19,0.38136974
389352,5,Jogging,2204232311000,5.9,7.44,-3.9771416
389353,5,Jogging,2204282238000,5.56,19.57,1.3075534
389354,5,Jogging,2204332317000,7.21,16.93,7.014479
389355,5,Jogging,2204382275000,8.08,8.39,5.012288
389356,5,Jogging,2204432262000,-0.84,-3.41,-1.4573771999999998
389357,5,Jogging,2204482281000,-2.03,-5.52,-7.3549875999999985
389358,5,Jogging,2204532268000,-2.79,5.28,-1.1168685
389359,5,Jogging,2204582256000,-0.57,11.11,3.7183550000000003
389360,5,Jogging,2204632305000,11.65,13.48,-7.246025
389361,5,Jogging,2204682232000,1.42,9.62,11.114203
389362,5,Jogging,2204732311000,14.94,18.39,5.407278
389363,5,Jogging,2204792339000,0.23,1.76,3.7864565999999997
389364,5,Jogging,2204842174000,5.6,3.68,0.50395286
389365,5,Jogging,2204892406000,0.57,0.0,1.334794
389366,5,Jogging,2204942242000,7.21,8.24,-5.1348709999999995
389367,5,Jogging,2204992321000,3.95,19.57,3.0237172
389368,5,Jogging,2205052257000,5.05,16.09,8.689782000000001
389369,5,Jogging,2205102245000,5.37,2.03,1.0351465
389370,5,Jogging,2205152264000,-2.53,-8.62,-2.9147543999999996
389371,5,Jogging,2205202221000,-4.48,1.8,-9.275456
389372,5,Jogging,2205252239000,0.89,12.91,12.571581
389373,5,Jogging,2205302196000,-0.65,12.91,-9.847511
389374,5,Jogging,2205352306000,12.15,8.58,7.6682559999999995
389375,5,Jogging,2205402233000,4.56,10.57,-2.9556155
389376,5,Jogging,2205452282000,12.34,8.2,8.499097
389377,5,Jogging,2205502239000,-1.92,7.16,2.6832085
389378,5,Jogging,2205552257000,4.71,1.65,-0.0
389379,5,Jogging,2205552257000,4.71,1.65,-0.0
389380,5,Jogging,2205612347000,-0.11,1.65,-0.9125633
389381,5,Jogging,2205662273000,10.57,19.42,-6.742072
389382,5,Jogging,2205712292000,2.96,18.47,6.238119
389383,5,Jogging,2205762279000,10.0,12.37,7.6682559999999995
389384,5,Jogging,2205812298000,1.57,-4.29,-3.2961242
389385,5,Jogging,2205862285000,-3.17,-8.66,-7.6273947
