,user,label,timestamp,x,y,z
390186,5,Jogging,2245942333000,-0.08,1.8,-1.2666923
390187,5,Jogging,2245992229000,-1.99,-4.67,-1.1168685
390188,5,Jogging,2246042339000,-0.89,2.03,-6.782933
390189,5,Jogging,2246102276000,-4.56,14.33,10.991621
390190,5,Jogging,2246152233000,17.39,8.69,-3.0237172
390191,5,Jogging,2246202251000,9.89,10.04,8.076866
390192,5,Jogging,2246252300000,10.0,16.78,8.117727
390193,5,Jogging,2246302288000,3.26,3.49,3.1054392
390194,5,Jogging,2246352215000,2.98,6.59,0.88532263
390195,5,Jogging,2246402264000,2.26,1.54,-0.08172209
390196,5,Jogging,2246452251000,3.68,3.68,-3.1054392
390197,5,Jogging,2246502239000,7.59,19.46,-3.1054392
390198,5,Jogging,2246552257000,4.71,17.86,6.973617999999999
390199,5,Jogging,2246602245000,9.19,13.06,8.962189
390200,5,Jogging,2246652233000,0.11,-0.34,-0.3405087
390201,5,Jogging,2246702251000,-1.27,-6.85,-4.2495484
390202,5,Jogging,2246752239000,-4.79,2.49,-8.158588
390203,5,Jogging,2246802288000,-2.91,15.21,10.61025
390204,5,Jogging,2246852245000,13.67,12.45,-10.079058
390205,5,Jogging,2246902233000,6.05,10.84,12.789507
390206,5,Jogging,2246952251000,11.11,16.86,3.173541
390207,5,Jogging,2247002270000,8.89,4.67,3.9090397000000006
390208,5,Jogging,2247052227000,-0.57,8.69,3.4050870000000004
390209,5,Jogging,2247102245000,4.94,-0.27,-0.46309182
390210,5,Jogging,2247152233000,0.11,1.5,-0.6946376999999999
390211,5,Jogging,2247202282000,11.65,17.88,-5.47538
390212,5,Jogging,2247252239000,3.17,19.15,7.927042500000001
390213,5,Jogging,2247302318000,8.73,16.28,9.384419
390214,5,Jogging,2247352245000,-0.3,1.8,-0.29964766
390215,5,Jogging,2247402264000,-3.21,-7.25,-1.3756552
390216,5,Jogging,2247452251000,-3.76,-0.04,-7.504811999999999
390217,5,Jogging,2247502270000,-0.11,9.81,9.112013000000001
390218,5,Jogging,2247552288000,11.99,13.48,-7.8861814
390219,5,Jogging,2247602276000,11.96,10.69,8.471855999999999
390220,5,Jogging,2247652325000,6.59,16.36,3.4050870000000004
390221,5,Jogging,2247702282000,10.65,9.23,6.2108784
390222,5,Jogging,2247752239000,0.69,8.31,3.5957718
390223,5,Jogging,2247802257000,5.43,-0.95,-0.7218784
390224,5,Jogging,2247852215000,-0.15,0.04,0.313268
390225,5,Jogging,2247902233000,7.82,13.91,-1.2258313
390226,5,Jogging,2247952251000,4.37,19.57,8.117727
390227,5,Jogging,2248002270000,4.75,17.2,10.228881
390228,5,Jogging,2248052257000,4.71,5.56,4.8216033
390229,5,Jogging,2248102276000,0.27,-2.49,-1.9885708
390230,5,Jogging,2248152233000,-2.56,-0.76,-6.0882955
390231,5,Jogging,2248202251000,-0.34,2.96,1.3075534
390232,5,Jogging,2248252239000,-3.76,14.48,4.140586
390233,5,Jogging,2248302257000,15.02,7.89,-3.2552630000000002
390234,5,Jogging,2248352672000,6.74,7.16,3.8681788
390235,5,Jogging,2248402233000,15.83,15.09,9.084772000000001
390236,5,Jogging,2248452282000,-3.21,6.32,2.8330324
390237,5,Jogging,2248502209000,5.71,2.26,0.7218784
390238,5,Jogging,2248552257000,0.23,0.0,1.8387468999999996
390239,5,Jogging,2248602215000,11.84,10.34,-5.012288
390240,5,Jogging,2248652264000,1.76,19.57,5.8976107
390241,5,Jogging,2248702251000,6.93,14.33,6.0201936
390242,5,Jogging,2248752239000,5.52,7.55,4.5628166
390243,5,Jogging,2248802257000,-0.89,-5.41,-1.8796080000000002
390244,5,Jogging,2248852245000,-5.43,-2.91,-8.580819
390246,5,Jogging,2248902233000,-3.06,5.41,4.372132
390245,5,Jogging,2248902233000,-3.06,5.41,4.372132
390247,5,Jogging,2248959850000,3.11,17.92,0.7627395
390248,5,Jogging,2249012279000,15.83,7.27,6.782933
390249,5,Jogging,2249062267000,3.64,11.37,-2.3699405
390250,5,Jogging,2249112316000,14.29,10.88,8.689782000000001
390251,5,Jogging,2249162273000,-0.84,10.8,5.7477865
390252,5,Jogging,2249212292000,4.99,-0.42,-0.27240697
390253,5,Jogging,2249262249000,-0.61,0.19,-0.27240697
390254,5,Jogging,2249312298000,9.92,12.91,-2.982856
390255,5,Jogging,2249362285000,2.03,19.42,5.597963
390256,5,Jogging,2249412304000,6.85,16.89,11.264028
390257,5,Jogging,2249462261000,3.72,3.06,1.7570249
390258,5,Jogging,2249512279000,-1.92,-4.29,-1.0351465
390259,5,Jogging,2249562267000,-3.36,-1.76,-5.284695
390260,5,Jogging,2249612316000,0.38,3.49,0.313268
390261,5,Jogging,2249662273000,2.45,17.47,1.9204689999999998
390262,5,Jogging,2249712292000,15.28,8.12,1.56634
390263,5,Jogging,2249762279000,4.94,14.33,2.4108016
390264,5,Jogging,2249812267000,14.1,8.47,7.205164
390265,5,Jogging,2249862285000,-0.53,7.89,4.372132
390266,5,Jogging,2249912273000,5.86,1.54,0.040861044
390267,5,Jogging,2249962261000,-0.23,0.04,1.7570249
390268,5,Jogging,2249962261000,-0.23,0.04,1.7570249
390269,5,Jogging,2250062267000,1.95,19.57,4.3993720000000005
390270,5,Jogging,2250112285000,4.29,15.13,8.049625
390271,5,Jogging,2250162395000,5.52,6.36,3.173541
390272,5,Jogging,2250212261000,-1.04,-5.48,-0.3405087
390273,5,Jogging,2250262310000,-3.57,-3.06,-8.19945
390274,5,Jogging,2250312267000,-0.99,4.37,2.9147543999999996
390275,5,Jogging,2250362316000,1.18,17.24,2.4516625
390276,5,Jogging,2250412273000,16.17,5.63,1.7297841
390277,5,Jogging,2250462292000,4.4,12.53,1.9477096999999999
390278,5,Jogging,2250512279000,16.21,14.75,8.962189
390279,5,Jogging,2250562298000,-2.72,5.67,4.099725
390280,5,Jogging,2250612285000,6.7,2.91,1.4573771999999998
390281,5,Jogging,2250662304000,1.12,-0.5,1.2666923
390282,5,Jogging,2250712292000,7.27,5.86,-3.2552630000000002
390283,5,Jogging,2250762310000,3.72,19.57,-0.50395286
390284,5,Jogging,2250812267000,4.52,18.54,9.534244000000001
390285,5,Jogging,2250862316000,6.05,9.28,3.5276701
390286,5,Jogging,2250912304000,-0.57,-2.68,0.6537767
390287,5,Jogging,2250962292000,-2.07,-4.9,-4.944186
390288,5,Jogging,2251012279000,-2.49,2.11,-1.6889231
390289,5,Jogging,2251062328000,3.41,10.08,4.7943625
390290,5,Jogging,2251122265000,13.25,15.4,-2.9147543999999996
390291,5,Jogging,2251172253000,-3.34,5.05,5.597963
390292,5,Jogging,2251222332000,18.12,17.31,5.706926
390293,5,Jogging,2251272228000,0.0,2.68,4.140586
390294,5,Jogging,2251322307000,4.25,7.78,2.070293
390295,5,Jogging,2251372295000,3.53,-1.42,0.23154591
390296,5,Jogging,2251422314000,-1.73,4.44,-4.944186
390297,5,Jogging,2251472240000,10.76,19.53,2.0294318
390298,5,Jogging,2251522289000,6.59,18.05,9.043911
390299,5,Jogging,2251572277000,7.27,10.65,7.1234417
390300,5,Jogging,2251622295000,-0.57,-0.95,0.10896278
390301,5,Jogging,2251672253000,-3.64,-4.4,-4.018002500000001
390302,5,Jogging,2251722301000,-1.61,-0.76,-4.671779
390303,5,Jogging,2251772228000,1.14,16.82,12.108489
390304,5,Jogging,2251822307000,12.64,-2.53,-5.8976107
390305,5,Jogging,2251872234000,8.35,14.33,7.6273947
390306,5,Jogging,2251922314000,15.55,15.09,8.349273
390307,5,Jogging,2251972240000,-0.8,6.02,4.2495484
390308,5,Jogging,2252022289000,4.4,4.82,2.070293
390309,5,Jogging,2252072246000,2.15,-0.34,-0.38136974
390310,5,Jogging,2252122295000,2.53,3.11,-3.9499009
390311,5,Jogging,2252172253000,6.89,19.57,-0.50395286
390312,5,Jogging,2252222301000,6.32,17.92,8.076866
390313,5,Jogging,2252272228000,8.81,12.34,7.927042500000001
390314,5,Jogging,2252322307000,-0.34,-0.53,-0.3405087
390315,5,Jogging,2252372234000,-2.91,-5.24,-3.8681788
390316,5,Jogging,2252422314000,-2.87,0.5,-4.944186
390317,5,Jogging,2252472301000,0.23,15.66,11.182305
390318,5,Jogging,2252522289000,15.89,3.17,-7.6273947
390319,5,Jogging,2252572277000,6.89,11.84,10.079058
390320,5,Jogging,2252622295000,13.76,17.86,5.666064700000001
390321,5,Jogging,2252672253000,1.61,3.68,3.214402
390322,5,Jogging,2252722301000,-0.15,8.54,3.5276701
390323,5,Jogging,2252772228000,4.9,-0.65,-0.9942854
390324,5,Jogging,2252822307000,1.33,3.26,-1.607201
390325,5,Jogging,2252872234000,11.14,13.38,-3.8681788
390326,5,Jogging,2252922314000,4.56,19.46,8.921327999999999
390327,5,Jogging,2252972240000,4.94,14.98,8.921327999999999
390328,5,Jogging,2253022289000,2.56,3.87,4.4810944
390329,5,Jogging,2253072796000,-2.3,-4.25,-0.5720546
390330,5,Jogging,2253122234000,-2.37,-2.49,-8.240311
390331,5,Jogging,2253172314000,1.23,6.44,4.862464
390332,5,Jogging,2253222240000,4.99,11.5,-0.46309182
390333,5,Jogging,2253272289000,15.89,7.74,2.152015
390334,5,Jogging,2253322246000,3.87,15.64,3.7183550000000003
390335,5,Jogging,2253372326000,13.33,9.19,7.205164
390336,5,Jogging,2253422253000,-0.5,9.47,4.630918
390337,5,Jogging,2253472301000,6.09,-0.72,-0.7218784
390338,5,Jogging,2253522228000,-0.61,0.38,0.53119355
390339,5,Jogging,2253572307000,4.79,9.53,-0.61291564
390340,5,Jogging,2253622234000,5.18,19.57,3.0237172
390341,5,Jogging,2253672314000,3.99,16.21,10.732834
390342,5,Jogging,2253722240000,9.47,8.81,4.0588636
390343,5,Jogging,2253772289000,-0.53,-1.46,-2.3699405
390344,5,Jogging,2253822246000,-4.18,-2.14,-3.6366330000000002
390345,5,Jogging,2253872326000,-1.88,0.72,-2.4108016
390346,5,Jogging,2253922253000,1.04,18.01,7.3549875999999985
390347,5,Jogging,2253972332000,16.28,4.37,-3.9771416
390348,5,Jogging,2254022228000,7.12,11.84,8.008764
390349,5,Jogging,2254072307000,17.01,14.86,7.6682559999999995
390350,5,Jogging,2254122234000,-3.02,5.6,4.4810944
390351,5,Jogging,2254172314000,4.6,3.95,1.2258313
390352,5,Jogging,2254222240000,1.31,0.89,0.42223078
390353,5,Jogging,2254272289000,3.99,6.24,-3.173541
390354,5,Jogging,2254322246000,6.32,19.57,0.10896278
390355,5,Jogging,2254372295000,5.67,18.28,7.8180795
390356,5,Jogging,2254422253000,7.67,11.03,6.973617999999999
390357,5,Jogging,2254472332000,-0.65,0.19,2.9556155
390358,5,Jogging,2254522228000,-0.84,-5.48,-4.7943625
390359,5,Jogging,2254572307000,-3.57,0.04,-5.202973
390360,5,Jogging,2254622234000,-3.15,15.17,10.501288
390361,5,Jogging,2254672314000,17.08,3.26,-9.656827
390362,5,Jogging,2254722240000,7.12,11.92,9.234595
390363,5,Jogging,2254772289000,14.56,17.47,6.973617999999999
390364,5,Jogging,2254822246000,5.05,4.4,3.7592160000000003
390365,5,Jogging,2254872295000,-0.3,8.62,2.4108016
390366,5,Jogging,2254922253000,3.72,-0.65,-0.19068487
390367,5,Jogging,2254972332000,-0.34,1.57,-2.1383946
390368,5,Jogging,2255022228000,10.61,13.67,-1.0351465
390369,5,Jogging,2255072307000,2.45,19.57,7.927042500000001
390370,5,Jogging,2255122326000,7.21,14.48,11.372991
390371,5,Jogging,2255172314000,4.6,2.98,3.8273177000000005
390372,5,Jogging,2255222301000,-2.22,-4.75,-1.4165162
390373,5,Jogging,2255282299000,-2.37,0.11,-9.425281
390374,5,Jogging,2255342235000,1.04,12.41,9.384419
390375,5,Jogging,2255392284000,7.82,11.5,-4.2086873
390376,5,Jogging,2255442303000,6.28,11.11,10.760075
390377,5,Jogging,2255492260000,12.41,15.47,2.0294318
390378,5,Jogging,2255542278000,7.74,4.14,5.366417
390379,5,Jogging,2255592205000,-1.5,11.45,4.018002500000001
390381,5,Jogging,2255642284000,5.9,-0.5,-0.38136974
390380,5,Jogging,2255642284000,5.9,-0.5,-0.38136974
390382,5,Jogging,2255742351000,10.0,12.68,-2.3426998
390383,5,Jogging,2255792156000,3.49,19.5,7.2732660000000005
390384,5,Jogging,2255842358000,4.94,16.47,10.501288
390385,5,Jogging,2255892406000,3.53,3.68,3.336985
