,user,label,timestamp,x,y,z
390386,5,Jogging,2255942242000,-0.76,-3.83,-0.50395286
390387,5,Jogging,2255992260000,-2.26,0.15,-6.891896000000001
390389,5,Jogging,2256052257000,-0.23,3.91,11.645397
390388,5,Jogging,2256052257000,-0.23,3.91,4.2086873
390391,5,Jogging,2256172130000,4.86,13.38,11.645397
390390,5,Jogging,2256172130000,4.86,13.38,11.645397
390392,5,Jogging,2256222210000,14.44,17.27,2.152015
390393,5,Jogging,2256272289000,5.63,4.63,5.2165932999999995
390394,5,Jogging,2256322277000,3.11,7.63,2.5333846
390395,5,Jogging,2256372356000,3.68,-1.92,-0.10896278
390396,5,Jogging,2256432232000,0.15,1.95,-2.4516625
390397,5,Jogging,2256482250000,13.33,17.82,-3.5276701
390398,5,Jogging,2256532268000,2.41,19.34,7.7363577
390399,5,Jogging,2256582287000,7.5,15.64,8.894086999999999
390400,5,Jogging,2256642254000,0.69,0.34,2.070293
390401,5,Jogging,2256692242000,-1.84,-5.86,-2.9556155
390402,5,Jogging,2256742260000,-2.87,-0.08,-4.372132
390403,5,Jogging,2256792217000,-1.04,13.72,10.691972999999999
390404,5,Jogging,2256842296000,13.72,5.56,-9.084772000000001
390405,5,Jogging,2256892223000,10.42,12.18,8.076866
390406,5,Jogging,2256942272000,9.3,18.05,6.701211
390407,5,Jogging,2256992199000,7.67,3.72,3.3778462
390408,5,Jogging,2257042278000,0.34,10.04,4.1814466
390409,5,Jogging,2257092205000,4.18,-0.15,-0.7627395
390410,5,Jogging,2257142315000,0.5,1.31,-0.27240697
390411,5,Jogging,2257192211000,12.07,15.64,-4.7943625
390412,5,Jogging,2257242260000,2.64,19.27,7.5456724
390413,5,Jogging,2257292248000,8.39,14.1,10.337844
390414,5,Jogging,2257342296000,2.68,3.3,2.152015
390415,5,Jogging,2257392223000,-3.17,-5.98,-2.3018389
390416,5,Jogging,2257442272000,-4.79,0.08,-9.656827
390417,5,Jogging,2257492229000,-0.42,7.25,11.182305
390418,5,Jogging,2257542309000,8.47,16.7,-7.082580999999999
390419,5,Jogging,2257592205000,9.92,7.21,10.18802
390420,5,Jogging,2257642223000,3.95,13.95,-2.8738932999999998
390421,5,Jogging,2257702862000,10.84,8.39,5.325556
390422,5,Jogging,2257752392000,2.49,11.5,5.625203599999999
390423,5,Jogging,2257802379000,6.05,-1.04,-0.46309182
390424,5,Jogging,2257852245000,0.11,0.61,0.50395286
390425,5,Jogging,2257902233000,9.72,13.8,-3.8681788
390426,5,Jogging,2257952312000,2.22,19.57,8.240311
390427,5,Jogging,2258002300000,7.27,15.83,8.349273
390428,5,Jogging,2258052257000,4.44,6.59,2.8330324
390429,5,Jogging,2258102276000,-1.88,-4.02,-0.53119355
390430,5,Jogging,2258152202000,-1.73,-3.72,-7.1234417
390431,5,Jogging,2258202282000,-0.99,2.26,1.4982381999999999
390432,5,Jogging,2258252209000,-2.07,8.5,-0.23154591
390433,5,Jogging,2258302288000,13.95,16.13,-1.9885708
390434,5,Jogging,2258352215000,-2.68,3.83,5.366417
390435,5,Jogging,2258402264000,17.92,17.86,4.944186
390436,5,Jogging,2258452251000,-1.46,3.95,2.8330324
390437,5,Jogging,2258502270000,3.41,7.97,3.8681788
390438,5,Jogging,2258552288000,2.98,-1.76,-0.27240697
390439,5,Jogging,2258602276000,1.8,1.8,-5.597963
390440,5,Jogging,2258652264000,8.39,19.5,2.7921712000000003
390441,5,Jogging,2258702282000,5.48,17.24,7.1234417
390442,5,Jogging,2258752209000,8.43,12.41,7.586533500000001
390443,5,Jogging,2258802318000,-0.27,-0.99,0.84446156
390444,5,Jogging,2258852428000,-1.84,-5.41,-2.6423476000000004
390445,5,Jogging,2258902264000,-2.49,2.07,-4.440233
390446,5,Jogging,2258952282000,-2.68,13.25,9.575105
390447,5,Jogging,2259002239000,15.43,7.35,-8.076866
390448,5,Jogging,2259052257000,7.27,12.49,8.390134
390449,5,Jogging,2259102276000,12.76,17.24,4.7126402999999994
390450,5,Jogging,2259152233000,6.09,3.6,3.4459480000000005
390451,5,Jogging,2259202282000,-0.3,10.65,2.3426998
390452,5,Jogging,2259252209000,4.71,-1.14,-0.84446156
390453,5,Jogging,2259302288000,2.03,0.69,-1.1441092
390454,5,Jogging,2259352215000,11.03,17.08,-2.9147543999999996
390455,5,Jogging,2259402264000,2.72,19.08,7.205164
390456,5,Jogging,2259452251000,8.39,14.82,9.507003
390457,5,Jogging,2259502239000,1.04,0.61,1.4982381999999999
390458,5,Jogging,2259552227000,-2.72,-5.33,-1.2666923
390459,5,Jogging,2259602245000,-3.41,-0.34,-6.5922484
390460,5,Jogging,2259652202000,0.76,7.06,7.055340299999999
390461,5,Jogging,2259702312000,9.3,15.7,-3.6366330000000002
390462,5,Jogging,2259752300000,10.8,8.08,6.701211
390463,5,Jogging,2259802257000,6.97,16.78,0.9942854
390464,5,Jogging,2259852276000,11.8,7.97,6.5105260000000005
390465,5,Jogging,2259902233000,-1.18,9.89,5.0531489999999994
390466,5,Jogging,2259952251000,7.12,-0.95,0.19068487
390467,5,Jogging,2260002270000,0.46,1.08,0.53119355
390468,5,Jogging,2260052288000,4.29,11.35,-2.1383946
390469,5,Jogging,2260102245000,7.63,19.57,5.012288
390470,5,Jogging,2260152264000,4.02,16.63,9.343558
390471,5,Jogging,2260202251000,4.94,5.37,3.4459480000000005
390472,5,Jogging,2260252270000,-1.33,-3.21,-0.38136974
390473,5,Jogging,2260302227000,-3.06,-3.98,-6.701211
390474,5,Jogging,2260352276000,-0.57,1.76,2.0294318
390475,5,Jogging,2260402202000,3.68,17.86,6.0882955
390476,5,Jogging,2260452251000,13.25,1.57,-0.7218784
390477,5,Jogging,2260502209000,5.71,13.38,3.5957718
390478,5,Jogging,2260552288000,16.09,13.76,8.812365
390479,5,Jogging,2260602215000,-2.6,5.56,3.5276701
390480,5,Jogging,2260652264000,4.4,4.33,2.4108016
390481,5,Jogging,2260702221000,3.49,-1.04,0.38136974
390482,5,Jogging,2260752300000,3.57,5.18,-3.6366330000000002
390483,5,Jogging,2260802227000,6.09,19.57,0.9942854
390484,5,Jogging,2260852276000,7.08,16.44,6.701211
390485,5,Jogging,2260902202000,8.54,10.69,6.0201936
390486,5,Jogging,2260952251000,-1.31,-0.53,-0.61291564
390487,5,Jogging,2261002209000,-6.21,-4.71,-3.0645783
390488,5,Jogging,2261052318000,-1.33,-0.61,-4.440233
390489,5,Jogging,2261102215000,2.83,16.51,9.765789
390491,5,Jogging,2261152233000,9.85,0.76,-4.4810944
390490,5,Jogging,2261152233000,9.85,0.76,-4.4810944
390492,5,Jogging,2261212353000,6.78,16.44,4.2086873
390493,5,Jogging,2261262279000,16.4,9.72,7.4639505999999995
390494,5,Jogging,2261312450000,-1.69,8.31,5.434519
390495,5,Jogging,2261372265000,5.01,0.99,0.53119355
390496,5,Jogging,2261422253000,3.41,-0.95,-0.14982383
390497,5,Jogging,2261472301000,0.27,2.91,-0.0
390498,5,Jogging,2261522228000,12.68,18.92,0.08172209
390499,5,Jogging,2261572307000,4.44,17.92,5.0531489999999994
390500,5,Jogging,2261622234000,7.5,9.58,6.823794400000001
390501,5,Jogging,2261672314000,1.69,-1.08,2.4925237
390502,5,Jogging,2261732281000,-3.6,-5.28,-4.630918
390503,5,Jogging,2261782238000,-4.37,1.69,0.92618364
390504,5,Jogging,2261832317000,0.69,16.89,3.8681788
390505,5,Jogging,2261882244000,15.94,3.17,3.5276701
390506,5,Jogging,2261932293000,10.23,11.69,4.3993720000000005
390507,5,Jogging,2261982250000,14.41,14.71,8.076866
390508,5,Jogging,2262032299000,-5.67,7.08,3.4868089999999996
390509,5,Jogging,2262082256000,4.75,2.3,2.2609777
390510,5,Jogging,2262132275000,4.18,-0.95,0.14982383
390511,5,Jogging,2262182201000,12.03,18.39,0.61291564
390512,5,Jogging,2262232372000,12.03,18.39,0.61291564
390513,5,Jogging,2262282513000,2.96,17.69,7.6273947
390514,5,Jogging,2262332409000,10.04,9.72,7.586533500000001
390515,5,Jogging,2262382275000,2.18,-0.91,1.56634
390516,5,Jogging,2262432323000,-5.24,-3.98,-2.4108016
390517,5,Jogging,2262492229000,-0.99,0.23,-2.4108016
390518,5,Jogging,2262542217000,-4.21,14.02,7.8589406
390519,5,Jogging,2262592266000,18.2,6.97,-2.1383946
390520,5,Jogging,2262642223000,7.55,12.3,5.7477865
390521,5,Jogging,2262692303000,13.02,15.32,5.325556
390522,5,Jogging,2262742199000,-0.11,4.67,4.1814466
390523,5,Jogging,2262792309000,1.8,7.5,4.372132
390524,5,Jogging,2262842205000,5.98,-3.87,-0.42223078
390525,5,Jogging,2262892284000,2.72,0.08,-0.08172209
390526,5,Jogging,2262942272000,12.22,14.1,-4.7943625
390527,5,Jogging,2262992260000,1.92,19.57,7.436710000000001
390528,5,Jogging,2263042217000,4.21,16.28,7.6682559999999995
390529,5,Jogging,2263092266000,3.99,7.31,1.2258313
390530,5,Jogging,2263142223000,-3.6,-6.63,-3.3642258999999997
390531,5,Jogging,2263192272000,-4.59,-3.3,-7.504811999999999
390532,5,Jogging,2263242229000,2.26,6.4,7.6682559999999995
390533,5,Jogging,2263292309000,6.89,17.16,-1.2666923
390534,5,Jogging,2263342205000,8.77,2.07,2.3018389
390535,5,Jogging,2263392315000,5.01,16.02,-0.42223078
390536,5,Jogging,2263442242000,16.74,11.88,10.119919
390537,5,Jogging,2263492260000,-1.76,9.7,4.7535014
390538,5,Jogging,2263542217000,3.79,3.11,3.214402
390539,5,Jogging,2263592327000,3.41,-1.08,-0.27240697
390540,5,Jogging,2263642254000,5.67,7.63,-3.4459480000000005
390541,5,Jogging,2263692272000,0.27,19.57,1.6889231
390542,5,Jogging,2263742199000,9.51,18.24,2.8738932999999998
390543,5,Jogging,2263792309000,8.35,11.26,7.7363577
390544,5,Jogging,2263842235000,0.76,0.69,-0.040861044
390545,5,Jogging,2263892315000,-5.05,-7.74,-4.099725
390546,5,Jogging,2263942211000,-3.17,-1.46,-3.9771416
390547,5,Jogging,2263992260000,3.99,15.98,11.795221000000002
390548,5,Jogging,2264042217000,12.18,0.8,-4.0588636
390549,5,Jogging,2264092266000,4.86,12.26,2.9556155
390550,5,Jogging,2264142254000,13.14,14.75,8.117727
390551,5,Jogging,2264192272000,3.45,4.94,3.8273177000000005
390552,5,Jogging,2264242199000,0.5,7.46,3.2552630000000002
390553,5,Jogging,2264292278000,3.6,-2.41,-0.84446156
390554,5,Jogging,2264342205000,1.69,2.22,-0.6537767
390555,5,Jogging,2264392284000,9.58,18.01,-0.95342433
390556,5,Jogging,2264442211000,4.71,19.11,5.47538
390557,5,Jogging,2264492260000,8.16,13.1,9.152874
390558,5,Jogging,2264542248000,0.84,6.28,3.214402
390559,5,Jogging,2264592266000,-1.76,-3.49,-0.3405087
390560,5,Jogging,2264642223000,-3.53,-3.6,-5.7886477
390561,5,Jogging,2264692333000,4.33,7.63,5.243834
390562,5,Jogging,2264742199000,5.01,17.43,1.7297841
390563,5,Jogging,2264792278000,11.22,2.37,0.3405087
390564,5,Jogging,2264842266000,1.42,18.35,2.1792557
390565,5,Jogging,2264892284000,14.75,14.6,9.00305
390566,5,Jogging,2264942211000,2.41,9.62,4.290409599999999
390567,5,Jogging,2264992260000,2.76,4.82,7.055340299999999
390568,5,Jogging,2265042248000,5.67,1.12,-1.1441092
390569,5,Jogging,2265092266000,3.57,0.27,-1.607201
390570,5,Jogging,2265142284000,8.43,17.05,-3.7183550000000003
390571,5,Jogging,2265192272000,1.38,18.35,-0.95342433
390572,5,Jogging,2265243114000,9.28,15.98,7.7772183
390573,5,Jogging,2265292400000,6.05,7.35,-0.14982383
390574,5,Jogging,2265342266000,-1.95,0.61,-2.3426998
390575,5,Jogging,2265392223000,-0.99,-2.18,-1.4573771999999998
390576,5,Jogging,2265442272000,0.65,3.3,5.0531489999999994
390577,5,Jogging,2265492229000,3.53,10.34,8.662541000000001
390578,5,Jogging,2265542309000,0.23,7.74,5.5571017
390579,5,Jogging,2265592235000,4.79,10.5,5.284695
390580,5,Jogging,2265642284000,5.28,10.08,3.214402
390581,5,Jogging,2265692211000,7.7,8.12,1.5390993
390582,5,Jogging,2265742260000,0.27,8.16,3.7183550000000003
390583,5,Jogging,2265792217000,4.71,7.59,0.53119355
390584,5,Jogging,2265842296000,5.33,6.17,1.7297841
390585,5,Jogging,2265892223000,3.83,6.7,0.92618364
