,user,label,timestamp,x,y,z
163466,6,Jogging,2654252238000,-4.14,17.69,-5.5162406
163467,6,Jogging,2654302287000,-5.09,3.21,-5.7886477
163468,6,Jogging,2654352245000,-1.65,-4.25,-4.2086873
163469,6,Jogging,2654402202000,-1.69,-10.8,-2.6423476000000004
163470,6,Jogging,2654452251000,-3.6,-2.91,5.175732
163471,6,Jogging,2654502238000,-2.87,14.67,-0.040861044
163472,6,Jogging,2654552287000,-9.47,17.67,-10.95076
163473,6,Jogging,2654602214000,-9.3,6.05,2.7921712000000003
163474,6,Jogging,2654652263000,-11.11,19.38,-9.343558
163475,6,Jogging,2654702220000,5.13,16.86,7.3549875999999985
163476,6,Jogging,2654752238000,2.15,9.7,5.325556
163477,6,Jogging,2654802257000,5.33,6.32,3.9090397000000006
163478,6,Jogging,2654902232000,0.19,1.99,4.944186
163479,6,Jogging,2654902232000,0.19,1.99,4.944186
163480,6,Jogging,2654952281000,-7.01,18.05,-3.9771416
163481,6,Jogging,2655003520000,-7.59,17.92,5.7886477
163483,6,Jogging,2655003520000,-7.59,17.92,5.7886477
163484,6,Jogging,2655003520000,-7.59,17.92,5.7886477
163482,6,Jogging,2655003520000,-7.59,17.92,5.7886477
163486,6,Jogging,2655262157000,-6.78,8.85,12.367275999999999
163487,6,Jogging,2655312297000,-3.98,14.52,-16.04477
163488,6,Jogging,2655362193000,-7.65,12.72,-0.040861044
163489,6,Jogging,2655412242000,-6.4,18.81,-3.9090397000000006
163490,6,Jogging,2655462230000,-0.53,13.1,6.170017700000001
163491,6,Jogging,2655512279000,-1.42,9.85,3.0237172
163492,6,Jogging,2655562266000,9.53,5.94,2.7921712000000003
163493,6,Jogging,2655612285000,5.71,-1.61,6.0201936
163494,6,Jogging,2655612285000,5.71,-1.61,6.0201936
163495,6,Jogging,2655612285000,5.71,-1.61,6.0201936
163496,6,Jogging,2655612285000,5.71,-1.61,6.0201936
163497,6,Jogging,2655612285000,5.71,-1.61,6.0201936
163499,6,Jogging,2655922130000,-3.36,-10.11,-7.3958488
163500,6,Jogging,2655972301000,-5.86,-6.13,11.985906
163501,6,Jogging,2656022197000,2.22,12.49,-3.9771416
163502,6,Jogging,2656072398000,-6.17,9.04,-8.008764
163503,6,Jogging,2656122264000,-10.92,14.1,0.040861044
163504,6,Jogging,2656172313000,-1.57,16.63,5.1348709999999995
163505,6,Jogging,2656222209000,-1.31,15.13,5.8976107
163507,6,Jogging,2656272227000,8.35,6.55,11.795221000000002
163508,6,Jogging,2656272227000,8.35,6.55,11.795221000000002
163506,6,Jogging,2656272227000,8.35,6.55,11.795221000000002
163509,6,Jogging,2656432170000,-3.21,15.79,-2.9556155
163510,6,Jogging,2656482249000,-11.07,19.57,8.62168
163511,6,Jogging,2656532268000,4.21,13.1,-6.782933
163512,6,Jogging,2656582286000,-5.48,1.88,-5.0531489999999994
163513,6,Jogging,2656632274000,-4.99,-5.18,-4.9850473
163514,6,Jogging,2656682292000,-4.02,-9.53,-3.3642258999999997
163515,6,Jogging,2656732310000,-4.9,0.5,13.756551000000002
163516,6,Jogging,2656782268000,2.56,17.08,-0.61291564
163517,6,Jogging,2656832255000,-12.64,13.21,-9.084772000000001
163518,6,Jogging,2656882304000,-10.27,9.38,-4.903325
163519,6,Jogging,2656932231000,-7.04,17.39,-5.09401
163520,6,Jogging,2656982310000,-8.35,13.57,13.674829500000001
163521,6,Jogging,2657032268000,1.27,8.62,7.2732660000000005
163522,6,Jogging,2657082286000,4.94,2.18,0.3405087
163523,6,Jogging,2657132243000,1.42,-4.4,0.23154591
163524,6,Jogging,2657182292000,-1.73,13.82,4.3993720000000005
163525,6,Jogging,2657232249000,-13.78,19.57,6.2108784
163526,6,Jogging,2657282298000,-3.34,15.75,-6.891896000000001
163527,6,Jogging,2657332255000,-1.57,5.71,-1.8387468999999996
163528,6,Jogging,2657382243000,-1.31,-0.95,-6.891896000000001
163529,6,Jogging,2657432323000,-1.92,-4.79,-5.284695
163530,6,Jogging,2657482249000,-0.91,-5.82,1.1441092
163531,6,Jogging,2657532268000,-5.37,8.89,5.7886477
163532,6,Jogging,2657582286000,-6.93,13.63,-17.543009
163533,6,Jogging,2657632274000,-6.36,11.54,0.7218784
163534,6,Jogging,2657682231000,-4.21,19.38,-6.782933
163535,6,Jogging,2657732310000,2.26,12.57,9.534244000000001
163536,6,Jogging,2657782237000,-1.27,7.7,4.5628166
163537,6,Jogging,2657832317000,6.21,6.51,7.6273947
163538,6,Jogging,2657882243000,1.99,-1.46,-2.1383946
163539,6,Jogging,2657940349000,-2.11,5.28,3.7592160000000003
163540,6,Jogging,2657992137000,-14.75,19.57,5.012288
163541,6,Jogging,2658042461000,-6.74,17.62,-5.0531489999999994
163543,6,Jogging,2658092204000,1.84,4.37,-1.7978859
163542,6,Jogging,2658092204000,1.84,4.37,-1.7978859
163544,6,Jogging,2658192241000,-3.45,-4.25,-5.0531489999999994
163545,6,Jogging,2658242290000,-1.42,-5.86,-4.099725
163546,6,Jogging,2658242290000,-1.42,-5.86,-4.099725
163547,6,Jogging,2658302959000,-4.63,9.08,10.923519
163548,6,Jogging,2658352428000,-11.8,17.2,-14.246882999999999
163549,6,Jogging,2658402965000,-2.96,13.1,-2.8738932999999998
163550,6,Jogging,2658452495000,-4.79,19.53,-7.3549875999999985
163551,6,Jogging,2658502299000,-7.12,10.34,11.454713
163552,6,Jogging,2658552470000,-1.8,10.15,6.701211
163553,6,Jogging,2658602336000,4.48,5.22,0.84446156
163554,6,Jogging,2658652446000,2.07,-2.56,1.0760075
163555,6,Jogging,2658702953000,2.98,2.6,1.4165162
163556,6,Jogging,2658752452000,-11.14,16.97,1.9477096999999999
163557,6,Jogging,2658802959000,-12.45,12.3,2.2609777
163558,6,Jogging,2658852428000,2.91,7.01,-4.7943625
163559,6,Jogging,2658902965000,-4.86,1.65,-5.47538
163560,6,Jogging,2658952464000,-1.33,-6.36,-3.2961242
163561,6,Jogging,2659002299000,1.57,-7.7,6.4015636
163562,6,Jogging,2659052409000,-0.89,8.12,6.742072
163563,6,Jogging,2659102916000,-13.59,17.16,-13.102775
163564,6,Jogging,2659152415000,-10.88,4.52,-0.5720546
163565,6,Jogging,2659202922000,-13.06,19.53,-2.5333846
163566,6,Jogging,2659252422000,-3.11,18.28,5.012288
163567,6,Jogging,2659302928000,0.0,8.12,6.170017700000001
163568,6,Jogging,2659352336000,1.92,3.99,2.9556155
163569,6,Jogging,2659402843000,1.14,2.87,0.6537767
163570,6,Jogging,2659452373000,8.12,-1.27,5.5162406
163572,6,Jogging,2659452373000,8.12,-1.27,5.5162406
163571,6,Jogging,2659452373000,8.12,-1.27,5.5162406
163575,6,Jogging,2659752238000,-0.27,-7.12,-3.336985
163576,6,Jogging,2659802196000,-2.11,-3.6,13.102775
163577,6,Jogging,2659852458000,-2.41,11.69,-8.730642999999999
163578,6,Jogging,2659902293000,-13.29,15.89,-0.08172209
163579,6,Jogging,2659952312000,-16.28,12.45,-2.3018389
163580,6,Jogging,2660002513000,-12.56,19.57,-3.8273177000000005
163581,6,Jogging,2660062236000,-0.11,9.66,12.4489975
163582,6,Jogging,2660112224000,-1.88,10.5,6.3607025
163583,6,Jogging,2660162303000,2.79,2.76,1.2258313
163584,6,Jogging,2660212260000,6.4,-2.87,1.7570249
163585,6,Jogging,2660273051000,-7.21,12.26,-0.5720546
163586,6,Jogging,2660273051000,-7.21,12.26,-0.5720546
163588,6,Jogging,2660452129000,-6.7,-4.02,-6.782933
163589,6,Jogging,2660502299000,-0.95,-10.42,-6.5922484
163590,6,Jogging,2660552226000,1.8,-11.07,10.147159
163591,6,Jogging,2660602397000,-4.33,15.02,-3.4459480000000005
163593,6,Jogging,2660652263000,-12.98,16.7,-8.689782000000001
163592,6,Jogging,2660652263000,-12.98,16.7,-8.689782000000001
163594,6,Jogging,2660752116000,-15.6,18.58,-6.170017700000001
163595,6,Jogging,2660802287000,-2.6,10.31,12.721405
163596,6,Jogging,2660852306000,-7.55,8.77,1.6480621
163597,6,Jogging,2660902232000,6.02,7.78,4.671779
163598,6,Jogging,2660952312000,9.47,-1.14,3.214402
163599,6,Jogging,2661002116000,-4.99,7.01,5.2165932999999995
163601,6,Jogging,2661055003000,-16.21,17.01,-0.040861044
163600,6,Jogging,2661055003000,-16.21,17.01,-0.040861044
163606,6,Jogging,2661322124000,1.61,-5.2,11.727119
163607,6,Jogging,2661372630000,-10.27,16.86,-5.012288
163608,6,Jogging,2661422282000,-4.59,0.93,0.6946376999999999
163609,6,Jogging,2661472270000,-19.53,14.6,-3.3642258999999997
163610,6,Jogging,2661522288000,-11.5,18.01,-1.607201
163611,6,Jogging,2661572276000,-9.72,7.93,12.721405
163612,6,Jogging,2661622325000,0.53,5.71,7.164303
163613,6,Jogging,2661672282000,1.69,4.71,0.42223078
163614,6,Jogging,2661722270000,4.44,-2.18,-0.14982383
163617,6,Jogging,2661722270000,4.44,-2.18,-0.14982383
163616,6,Jogging,2661722270000,4.44,-2.18,-0.14982383
163615,6,Jogging,2661722270000,4.44,-2.18,-0.14982383
163620,6,Jogging,2662092387000,-2.79,-1.61,14.056199
163621,6,Jogging,2662142375000,-9.19,16.44,-7.246025
163622,6,Jogging,2662192210000,-7.7,5.6,1.334794
163623,6,Jogging,2662242198000,-17.86,11.18,-2.3018389
163624,6,Jogging,2662292247000,-12.22,17.31,-2.0294318
163625,6,Jogging,2662342265000,-6.51,8.92,12.067628
163626,6,Jogging,2662392253000,0.93,8.54,5.7477865
163627,6,Jogging,2662442271000,5.48,5.18,-1.4165162
163628,6,Jogging,2662492229000,1.18,-2.11,6.4015636
163629,6,Jogging,2662542277000,-11.14,9.34,-0.42223078
163630,6,Jogging,2662592265000,-19.61,19.5,7.9679036
163631,6,Jogging,2662642284000,-10.88,11.07,-3.6366330000000002
163632,6,Jogging,2662692302000,-6.82,4.18,-1.3075534
163633,6,Jogging,2662742229000,-2.41,-2.41,-5.8158884
163634,6,Jogging,2662792277000,3.41,-9.28,-6.0474343
163635,6,Jogging,2662842265000,0.53,-2.96,11.985906
163636,6,Jogging,2662892223000,-8.92,17.62,-2.3699405
163637,6,Jogging,2662942271000,-12.34,6.36,-3.0237172
163638,6,Jogging,2662992229000,-19.61,5.01,-4.099725
163639,6,Jogging,2663042277000,-14.37,19.46,-3.173541
163640,6,Jogging,2663092204000,-4.44,11.35,11.836082000000001
163641,6,Jogging,2663142284000,-5.33,5.41,2.8330324
163642,6,Jogging,2663192241000,-0.34,6.24,6.0882955
163643,6,Jogging,2663242229000,5.79,-1.31,-1.9204689999999998
163644,6,Jogging,2663292277000,3.99,1.8,-0.29964766
163645,6,Jogging,2663342265000,-17.16,18.66,7.1234417
163646,6,Jogging,2663392253000,-14.48,15.98,-0.6537767
163647,6,Jogging,2663442271000,-8.08,5.6,-4.9850473
163648,6,Jogging,2663492229000,-4.33,-1.14,-2.3018389
163649,6,Jogging,2663542277000,-1.61,-9.11,-7.164303
163650,6,Jogging,2663592204000,-0.11,-9.53,8.430995
163651,6,Jogging,2663642314000,-2.64,10.5,-4.290409599999999
163652,6,Jogging,2663692210000,-10.95,16.66,-2.4516625
163653,6,Jogging,2663742259000,-16.93,2.83,-5.325556
163654,6,Jogging,2663792247000,-18.35,13.87,-7.927042500000001
163655,6,Jogging,2663842265000,-5.67,13.53,11.686258
163656,6,Jogging,2663892223000,-5.41,8.05,0.84446156
163657,6,Jogging,2663942271000,0.69,5.75,4.440233
163658,6,Jogging,2663992229000,11.37,-0.04,2.9147543999999996
163659,6,Jogging,2663992229000,11.37,-0.04,2.9147543999999996
163660,6,Jogging,2664092143000,-18.01,19.04,-0.50395286
163661,6,Jogging,2664092143000,-18.01,19.04,-0.50395286
163664,6,Jogging,2664146678000,-15.47,16.21,0.38136974
163663,6,Jogging,2664146678000,-15.47,16.21,0.38136974
163665,6,Jogging,2664146678000,-15.47,16.21,0.38136974
163662,6,Jogging,2664146678000,-15.47,16.21,0.38136974
163667,6,Jogging,2664412181000,-3.17,16.47,-9.888372
163668,6,Jogging,2664462627000,-13.38,2.6,5.5571017
163669,6,Jogging,2664512218000,-17.39,14.14,-8.853226
163670,6,Jogging,2664562419000,-15.36,17.47,-1.0351465
163671,6,Jogging,2664612376000,-5.79,14.67,10.528528999999999
163672,6,Jogging,2664662974000,-2.6,6.59,-0.0
163673,6,Jogging,2664662974000,-2.6,6.59,-0.0
163674,6,Jogging,2664662974000,-2.6,6.59,-0.0
163675,6,Jogging,2664822337000,-4.86,6.89,-1.4165162
163676,6,Jogging,2664872203000,-19.61,19.57,3.7864565999999997
163677,6,Jogging,2664922313000,-11.3,9.92,-4.018002500000001
