,user,label,timestamp,x,y,z
166254,6,Jogging,2793942241000,-4.37,8.31,12.830366999999999
166255,6,Jogging,2793992259000,5.43,7.16,6.782933
166256,6,Jogging,2794042277000,-3.26,7.82,0.88532263
166257,6,Jogging,2794092235000,-5.52,17.31,-10.337844
166258,6,Jogging,2794142345000,-14.86,19.27,-18.155924
166259,6,Jogging,2794192210000,-0.27,15.4,0.42223078
166260,6,Jogging,2794242290000,-4.82,7.31,2.1792557
166261,6,Jogging,2794292216000,-1.18,-3.41,-7.5456724
166262,6,Jogging,2794342265000,2.83,-3.91,-1.525479
166263,6,Jogging,2794392223000,-7.89,-0.38,4.018002500000001
166264,6,Jogging,2794442271000,-5.05,12.07,-0.50395286
166266,6,Jogging,2794492259000,-7.97,10.76,-13.375181
166265,6,Jogging,2794492259000,-7.97,10.76,-13.375181
166267,6,Jogging,2794642223000,-3.87,10.57,-3.7183550000000003
166268,6,Jogging,2794642223000,-3.87,10.57,-3.7183550000000003
166269,6,Jogging,2794692393000,-1.42,10.76,1.1441092
166270,6,Jogging,2794742198000,-1.73,11.14,15.213928
166271,6,Jogging,2794792277000,-0.11,7.63,7.246025
166272,6,Jogging,2794842204000,-4.18,14.82,-6.742072
166273,6,Jogging,2794892253000,-15.17,19.57,-19.6133
166274,6,Jogging,2794942271000,-4.18,13.82,-7.8861814
166275,6,Jogging,2794992229000,-2.64,9.72,5.09401
166276,6,Jogging,2795042247000,-1.12,-2.3,-8.308413
166277,6,Jogging,2795092235000,-1.33,-6.43,-3.2552630000000002
166278,6,Jogging,2795142253000,-6.09,0.11,6.973617999999999
166279,6,Jogging,2795192271000,0.46,6.82,-4.099725
166280,6,Jogging,2795242320000,-8.58,14.82,-13.525004999999998
166281,6,Jogging,2795292277000,-11.6,19.15,-10.882658000000001
166282,6,Jogging,2795342235000,-0.99,12.11,-9.997335000000001
166283,6,Jogging,2795392253000,-3.11,9.81,-1.9885708
166284,6,Jogging,2795442271000,-0.8,7.21,2.4108016
166285,6,Jogging,2795492198000,-2.18,8.54,11.495573
166286,6,Jogging,2795542247000,-1.99,9.47,4.3312707
166287,6,Jogging,2795592204000,-1.31,11.6,-4.903325
166288,6,Jogging,2795642284000,-15.43,19.42,-19.504337
166289,6,Jogging,2795692271000,0.5,15.66,6.823794400000001
166290,6,Jogging,2795742259000,-1.76,7.25,-5.175732
166291,6,Jogging,2795792308000,-0.61,-1.23,-2.7513103
166292,6,Jogging,2795842265000,-0.08,-5.82,-2.3426998
166293,6,Jogging,2795892223000,-7.16,2.03,8.853226
166294,6,Jogging,2795942271000,-1.04,10.31,-7.8589406
166295,6,Jogging,2795992290000,-5.28,11.14,-12.789507
166296,6,Jogging,2796042277000,-8.31,18.5,-13.633968
166297,6,Jogging,2796092296000,-6.59,13.53,-6.9327570000000005
166298,6,Jogging,2796142253000,-2.45,11.11,-6.2789803
166299,6,Jogging,2796192271000,-0.65,7.25,2.2609777
166300,6,Jogging,2796242198000,-1.65,8.08,14.09706
166301,6,Jogging,2796292308000,-3.21,8.05,4.2086873
166302,6,Jogging,2796342235000,-5.13,16.86,-7.5456724
166303,6,Jogging,2796392253000,-15.66,19.57,-19.6133
166304,6,Jogging,2796442241000,-2.98,8.43,-5.0531489999999994
166305,6,Jogging,2796492259000,-3.68,6.66,4.944186
166306,6,Jogging,2796542247000,-0.19,-0.8,-4.372132
166307,6,Jogging,2796592235000,1.99,-6.36,-2.6423476000000004
166308,6,Jogging,2796642253000,-10.5,4.37,11.727119
166309,6,Jogging,2796692210000,-4.63,12.34,-12.108489
166310,6,Jogging,2796742259000,-4.25,8.81,-10.147159
166311,6,Jogging,2796792247000,-10.38,19.5,-11.645397
166312,6,Jogging,2796842265000,-3.45,14.52,-4.440233
166313,6,Jogging,2796892223000,-3.06,9.77,-0.84446156
166314,6,Jogging,2796942271000,-9.58,5.28,8.771504
166315,6,Jogging,2796992198000,5.83,7.78,5.1348709999999995
166316,6,Jogging,2797042277000,-2.11,7.35,5.5162406
166317,6,Jogging,2797092235000,-4.25,15.17,-7.6954966
166318,6,Jogging,2797142284000,-13.38,19.57,-19.082107999999998
166319,6,Jogging,2797192241000,-3.26,17.69,-5.407278
166320,6,Jogging,2797242259000,-3.36,8.01,5.325556
166321,6,Jogging,2797292247000,-0.34,0.11,-6.5105260000000005
166322,6,Jogging,2797342235000,-0.34,-5.98,-3.6366330000000002
166323,6,Jogging,2797392253000,1.69,-2.64,-1.7978859
166324,6,Jogging,2797442241000,-11.92,10.23,8.812365
166325,6,Jogging,2797492229000,-3.64,10.15,-13.443283
166326,6,Jogging,2797542277000,-8.73,16.82,-10.800936
166327,6,Jogging,2797592235000,-5.28,14.98,-9.343558
166328,6,Jogging,2797642284000,-5.82,17.73,-3.9090397000000006
166329,6,Jogging,2797692241000,1.38,11.88,2.3699405
166330,6,Jogging,2797742259000,3.95,7.08,10.228881
166331,6,Jogging,2797792247000,-5.67,5.18,4.440233
166332,6,Jogging,2797842265000,-5.86,16.63,-7.6954966
166333,6,Jogging,2797892284000,-17.54,19.46,-15.704260999999999
166334,6,Jogging,2797942271000,-6.59,13.63,4.440233
166335,6,Jogging,2797992229000,0.04,7.25,-3.9090397000000006
166336,6,Jogging,2798042216000,-1.42,-0.72,-4.0588636
166337,6,Jogging,2798092265000,0.69,-4.44,-4.018002500000001
166338,6,Jogging,2798142223000,-1.73,-2.91,1.2258313
166339,6,Jogging,2798192271000,-11.84,13.44,7.436710000000001
166340,6,Jogging,2798242198000,-7.04,6.24,-15.241169000000001
166341,6,Jogging,2798292277000,-5.86,17.67,-11.141444
166342,6,Jogging,2798342235000,-5.94,10.8,-6.5513873
166343,6,Jogging,2798392253000,-9.81,12.22,-7.3958488
166344,6,Jogging,2798442210000,-0.8,10.34,3.7864565999999997
166345,6,Jogging,2798492259000,0.89,9.19,10.119919
166346,6,Jogging,2798542277000,-0.11,2.68,-0.7218784
166347,6,Jogging,2798592265000,-3.36,14.02,-1.9885708
166348,6,Jogging,2798642284000,-13.48,19.57,-14.396707999999999
166349,6,Jogging,2798692241000,-8.96,15.4,-7.246025
166350,6,Jogging,2798742259000,0.15,10.31,-3.173541
166351,6,Jogging,2798792277000,-0.46,2.07,-3.4459480000000005
166352,6,Jogging,2798842235000,-1.42,-1.73,-2.5333846
166353,6,Jogging,2798892284000,2.96,-3.02,-1.525479
166354,6,Jogging,2798942241000,-16.04,9.89,13.674829500000001
166355,6,Jogging,2798992259000,-10.31,11.03,-18.918663000000002
166356,6,Jogging,2799042277000,-7.59,16.02,-10.991621
166357,6,Jogging,2799092265000,-3.36,16.4,-6.0474343
166358,6,Jogging,2799142284000,-5.28,11.75,-3.0237172
166359,6,Jogging,2799192271000,-7.55,11.5,6.170017700000001
166360,6,Jogging,2799242229000,0.76,7.06,7.8589406
166361,6,Jogging,2799292277000,0.04,2.6,2.8330324
166362,6,Jogging,2799342235000,-4.33,10.04,-4.099725
166363,6,Jogging,2799392284000,-5.9,18.05,-9.997335000000001
166364,6,Jogging,2799442210000,-8.16,18.39,-15.935807
166365,6,Jogging,2799492229000,3.41,11.54,-0.50395286
166366,6,Jogging,2799542216000,-3.21,3.76,4.440233
166367,6,Jogging,2799592235000,-0.34,-4.18,-5.5571017
166368,6,Jogging,2799642375000,0.89,-2.49,-0.29964766
166369,6,Jogging,2799692363000,-7.4,8.73,0.92618364
166370,6,Jogging,2799742259000,-12.18,11.73,-10.800936
166371,6,Jogging,2799802379000,-6.7,18.5,-7.3549875999999985
166372,6,Jogging,2799862254000,-6.47,12.72,-10.61025
166373,6,Jogging,2799912212000,-4.44,11.5,1.4573771999999998
166374,6,Jogging,2799962260000,-0.91,8.47,14.056199
166375,6,Jogging,2800012279000,3.64,4.99,3.2961242
166376,6,Jogging,2800062297000,-4.02,8.77,1.1168685
166377,6,Jogging,2800112254000,-6.28,19.19,-10.106297999999999
166378,6,Jogging,2800162273000,-15.75,19.57,-14.47843
166379,6,Jogging,2800212199000,-2.45,11.65,4.099725
166380,6,Jogging,2800262279000,-0.99,3.6,-4.5219555
166381,6,Jogging,2800312205000,-1.27,-4.29,-5.366417
166382,6,Jogging,2800362285000,-0.3,-8.5,-4.290409599999999
166383,6,Jogging,2800412242000,-14.86,10.23,-13.143635999999999
166384,6,Jogging,2800482341000,-6.51,9.23,-13.143635999999999
166386,6,Jogging,2800532268000,-8.69,17.39,-9.888372
166385,6,Jogging,2800532268000,-8.69,17.39,-9.888372
166387,6,Jogging,2800632274000,-4.86,18.01,-5.1348709999999995
166389,6,Jogging,2800682323000,-2.91,12.83,14.7916975
166388,6,Jogging,2800682323000,-2.91,12.83,14.7916975
166390,6,Jogging,2800742229000,5.67,6.97,1.6889231
166391,6,Jogging,2800792247000,-1.69,3.21,4.7535014
166392,6,Jogging,2800842235000,-4.06,12.76,-5.8158884
166393,6,Jogging,2800892253000,-16.28,19.57,-17.24336
166394,6,Jogging,2800942271000,-6.43,18.62,-0.50395286
166395,6,Jogging,2801002452000,-0.69,6.28,-4.3993720000000005
166396,6,Jogging,2801052318000,-2.98,-3.17,-5.434519
166397,6,Jogging,2801102367000,-1.23,-3.98,-1.7570249
166398,6,Jogging,2801152324000,-2.53,1.23,9.152874
166399,6,Jogging,2801202281000,-4.44,7.06,-4.1814466
166400,6,Jogging,2801252269000,-10.42,13.1,-11.563675
166401,6,Jogging,2801302287000,-8.81,18.12,-10.56939
166402,6,Jogging,2801352306000,-8.58,17.35,-7.014479
166403,6,Jogging,2801402263000,-3.64,13.25,-3.7183550000000003
166404,6,Jogging,2801452312000,-7.04,7.06,10.378705
166405,6,Jogging,2801502269000,8.05,6.13,7.055340299999999
166406,6,Jogging,2801552348000,0.0,4.33,6.469665
166407,6,Jogging,2801602275000,-4.1,13.4,-6.3198414000000005
166408,6,Jogging,2801652293000,-16.36,19.57,-18.619015
166409,6,Jogging,2801702281000,-2.26,17.88,4.944186
166410,6,Jogging,2801752299000,-3.15,4.99,-7.04172
166411,6,Jogging,2801802287000,-3.26,-1.33,-6.238119
166412,6,Jogging,2801852275000,-2.49,-4.14,-3.7183550000000003
166413,6,Jogging,2801902263000,0.08,-2.53,1.7978859
166414,6,Jogging,2801952312000,-6.28,5.9,4.5219555
166415,6,Jogging,2802002269000,-1.95,8.12,-9.152874
166416,6,Jogging,2802052318000,-12.07,14.37,-13.674829500000001
166417,6,Jogging,2802102306000,-14.56,19.53,-6.851035
166418,6,Jogging,2802152293000,-2.14,14.82,-4.140586
166419,6,Jogging,2802202281000,-8.39,10.76,7.055340299999999
166420,6,Jogging,2802252299000,3.72,5.71,5.9793324
166421,6,Jogging,2802302287000,7.78,6.47,7.8861814
166422,6,Jogging,2802352611000,-2.68,8.39,1.4165162
166423,6,Jogging,2802402263000,-11.22,18.31,-12.830366999999999
166424,6,Jogging,2802452312000,-17.39,19.53,-6.891896000000001
166425,6,Jogging,2802502269000,1.12,13.82,-1.4573771999999998
166426,6,Jogging,2802552287000,-1.92,2.96,-2.0294318
166427,6,Jogging,2802602275000,-2.34,-4.71,-5.8158884
166428,6,Jogging,2802652263000,1.99,-8.01,-4.2495484
166429,6,Jogging,2802702281000,-12.26,5.94,9.534244000000001
166430,6,Jogging,2802752269000,-7.93,12.6,-14.560151999999999
166431,6,Jogging,2802802287000,-9.0,17.08,-8.049625
166432,6,Jogging,2802852275000,-8.05,16.82,-4.3312707
166433,6,Jogging,2802902263000,-4.9,9.53,-6.891896000000001
166434,6,Jogging,2802952312000,-2.6,6.24,3.1463002999999996
166435,6,Jogging,2803002269000,1.04,10.34,10.651112
166436,6,Jogging,2803052287000,2.91,4.14,-0.50395286
166437,6,Jogging,2803102275000,-0.72,6.78,4.0588636
166438,6,Jogging,2803152293000,-11.95,19.34,-9.193735
166439,6,Jogging,2803202281000,-18.5,18.09,3.214402
166440,6,Jogging,2803252299000,0.72,15.21,-5.5162406
166441,6,Jogging,2803302318000,-1.84,2.26,-1.334794
166442,6,Jogging,2803352275000,-2.41,-3.11,-6.5513873
166443,6,Jogging,2803402263000,1.38,-6.05,-1.607201
166444,6,Jogging,2803452281000,-8.35,5.28,9.847511
166445,6,Jogging,2803502269000,-8.69,17.5,-9.193735
166446,6,Jogging,2803552379000,-5.63,7.4,-7.927042500000001
166447,6,Jogging,2803602275000,-13.21,19.38,-8.62168
166448,6,Jogging,2803652263000,-7.44,14.56,-8.390134
166449,6,Jogging,2803702281000,-4.94,13.06,8.049625
166450,6,Jogging,2803752269000,2.03,7.82,7.246025
166451,6,Jogging,2803752269000,2.03,7.82,7.246025
166452,6,Jogging,2803864970000,-1.73,8.2,5.325556
166455,6,Jogging,2803864970000,-1.73,8.2,5.325556
