,user,label,timestamp,x,y,z
167289,6,Jogging,2846122264000,-13.44,16.36,-12.489859
167290,6,Jogging,2846172343000,-8.2,17.39,-4.903325
167291,6,Jogging,2846222240000,-4.71,17.31,-13.102775
167292,6,Jogging,2846272288000,2.72,15.89,13.102775
167293,6,Jogging,2846322246000,1.92,5.24,1.9885708
167294,6,Jogging,2846372264000,4.14,4.21,0.3405087
167295,6,Jogging,2846422252000,6.89,-1.73,9.152874
167296,6,Jogging,2846472270000,3.15,5.86,-1.2666923
167297,6,Jogging,2846522105000,-8.77,19.57,2.070293
167298,6,Jogging,2846572917000,-7.55,18.01,-5.243834
167299,6,Jogging,2846572917000,-7.55,18.01,-5.243834
167300,6,Jogging,2846572917000,-7.55,18.01,-5.243834
167301,6,Jogging,2846652110000,-3.45,3.6,-1.2258313
167303,6,Jogging,2846802226000,0.89,2.3,4.6036777
167304,6,Jogging,2846852519000,-8.58,14.6,-8.880466
167305,6,Jogging,2846902171000,-3.98,2.22,0.08172209
167306,6,Jogging,2846952342000,-7.5,17.35,-3.5957718
167307,6,Jogging,2847002208000,-5.67,17.62,-7.8180795
167308,6,Jogging,2847062389000,1.54,10.0,14.2877445
167309,6,Jogging,2847112285000,3.53,7.31,-0.9942854
167310,6,Jogging,2847162273000,8.66,0.61,6.0474343
167311,6,Jogging,2847162273000,8.66,0.61,-1.0760075
167312,6,Jogging,2847280315000,-2.79,12.57,-2.982856
167313,6,Jogging,2847332622000,-15.21,15.36,-2.982856
167314,6,Jogging,2847332622000,-15.21,15.36,-2.982856
167315,6,Jogging,2847332622000,-15.21,15.36,-2.982856
167318,6,Jogging,2847492107000,-0.34,-6.17,-2.4516625
167319,6,Jogging,2847592265000,4.18,5.37,-6.3607025
167320,6,Jogging,2847642284000,-18.81,13.57,-3.173541
167321,6,Jogging,2847692332000,-12.68,9.23,-5.284695
167322,6,Jogging,2847742198000,-1.23,16.13,-2.4108016
167323,6,Jogging,2847792338000,-7.01,6.4,7.205164
167324,6,Jogging,2847842235000,-4.67,9.19,0.46309182
167325,6,Jogging,2847892284000,2.91,6.63,6.3198414000000005
167326,6,Jogging,2847942241000,1.65,0.34,2.5606253
167327,6,Jogging,2847992229000,6.63,4.21,-1.334794
167328,6,Jogging,2848042247000,-18.69,19.57,4.944186
167329,6,Jogging,2848092204000,-8.62,12.83,-3.0237172
167330,6,Jogging,2848142284000,-8.35,7.27,-2.1383946
167331,6,Jogging,2848192241000,-1.12,-1.95,-3.4868089999999996
167332,6,Jogging,2848242747000,-1.65,-8.2,-1.1168685
167333,6,Jogging,2848292216000,5.67,1.84,5.243834
167334,6,Jogging,2848342296000,4.71,13.1,-3.5957718
167335,6,Jogging,2848392253000,-16.63,12.79,2.9147543999999996
167336,6,Jogging,2848442271000,-12.98,18.5,-9.997335000000001
167337,6,Jogging,2848492229000,-5.09,19.27,-7.654635400000001
167338,6,Jogging,2848542308000,1.42,13.53,5.09401
167339,6,Jogging,2848592265000,5.75,4.14,2.7921712000000003
167340,6,Jogging,2848642284000,6.55,-1.5,6.238119
167341,6,Jogging,2848692180000,0.04,2.15,2.152015
167342,6,Jogging,2848742107000,-1.53,9.85,-5.5162406
167343,6,Jogging,2848742107000,-1.53,9.85,-5.5162406
167346,6,Jogging,2848862315000,-5.52,17.54,-4.140586
167345,6,Jogging,2848862315000,-5.52,17.54,-4.140586
167348,6,Jogging,2849022166000,-0.15,-9.85,2.6832085
167349,6,Jogging,2849072368000,3.34,5.13,2.2201166000000003
167350,6,Jogging,2849122295000,4.29,12.57,-4.7126402999999994
167351,6,Jogging,2849172374000,-8.27,16.78,1.5390993
167352,6,Jogging,2849222270000,6.09,19.42,-12.871228
167353,6,Jogging,2849272319000,-4.1,14.29,2.4925237
167354,6,Jogging,2849322215000,0.11,9.19,4.5219555
167355,6,Jogging,2849372264000,2.68,-0.65,7.504811999999999
167357,6,Jogging,2849422679000,5.86,-0.19,-0.0
167356,6,Jogging,2849422679000,5.86,-0.19,-0.0
167359,6,Jogging,2849492381000,-1.76,5.52,0.3405087
167358,6,Jogging,2849492381000,-1.76,5.52,0.3405087
167362,6,Jogging,2849752238000,-1.14,-3.95,-4.2086873
167363,6,Jogging,2849802348000,-5.18,-7.74,7.014479
167364,6,Jogging,2849852275000,6.85,10.8,-5.1348709999999995
167365,6,Jogging,2849902782000,-3.06,17.35,-0.5720546
167366,6,Jogging,2849952953000,9.23,16.74,-8.471855999999999
167367,6,Jogging,2850002391000,6.63,19.31,-10.310603
167368,6,Jogging,2850052348000,-4.56,10.8,9.534244000000001
167369,6,Jogging,2850102855000,4.21,-0.76,4.5628166
167370,6,Jogging,2850152995000,7.74,-1.14,5.9793324
167371,6,Jogging,2850202129000,3.45,1.88,4.8216033
167375,6,Jogging,2850253642000,6.36,14.56,2.4108016
167374,6,Jogging,2850253642000,6.36,14.56,2.4108016
167373,6,Jogging,2850253642000,6.36,14.56,2.4108016
167372,6,Jogging,2850253642000,6.36,14.56,2.4108016
167377,6,Jogging,2850512187000,-8.58,3.57,6.742072
167378,6,Jogging,2850572185000,2.56,3.57,6.742072
167379,6,Jogging,2850622264000,7.25,18.2,-6.5922484
167380,6,Jogging,2850672252000,-1.14,7.12,-4.8216033
167381,6,Jogging,2850722270000,6.44,18.85,-10.147159
167382,6,Jogging,2850772227000,4.71,16.4,-2.4925237
167383,6,Jogging,2850822307000,6.82,7.78,4.944186
167385,6,Jogging,2850872203000,10.27,3.64,5.829509
167384,6,Jogging,2850872203000,10.27,3.64,5.829509
167386,6,Jogging,2850933665000,6.74,-3.3,6.0474343
167389,6,Jogging,2851082225000,3.79,16.28,-2.7921712000000003
167391,6,Jogging,2851182201000,-1.27,6.7,-5.243834
167390,6,Jogging,2851182201000,-1.27,6.7,-5.243834
167392,6,Jogging,2851232951000,-4.75,1.18,-4.7126402999999994
167393,6,Jogging,2851292308000,-3.21,-2.41,13.756551000000002
167394,6,Jogging,2851352275000,-0.99,3.72,-1.607201
167395,6,Jogging,2851402232000,3.34,12.22,-7.7772183
167396,6,Jogging,2851452281000,9.66,18.43,-14.396707999999999
167397,6,Jogging,2851502208000,-3.57,18.12,1.1168685
167398,6,Jogging,2851552318000,2.49,15.66,18.659876
167399,6,Jogging,2851602122000,1.27,7.55,4.6036777
167402,6,Jogging,2851654460000,6.09,2.22,4.862464
167401,6,Jogging,2851654460000,6.09,2.22,4.862464
167400,6,Jogging,2851654460000,6.09,2.22,4.862464
167404,6,Jogging,2851832194000,4.44,17.31,-1.4165162
167405,6,Jogging,2851882274000,1.84,7.78,-5.9793324
167406,6,Jogging,2851932262000,0.34,0.72,-6.0474343
167407,6,Jogging,2851982249000,-3.68,-0.76,-6.823794400000001
167408,6,Jogging,2852032298000,-4.1,-2.22,9.724928
167409,6,Jogging,2852082225000,4.06,1.88,-2.7921712000000003
167410,6,Jogging,2852132274000,-2.87,18.54,-12.026767
167411,6,Jogging,2852182201000,0.08,13.33,-8.240311
167412,6,Jogging,2852232310000,10.12,18.2,3.7183550000000003
167413,6,Jogging,2852282207000,0.61,6.24,6.238119
167414,6,Jogging,2852332317000,1.27,6.51,1.0760075
167415,6,Jogging,2852382243000,10.15,2.79,10.651112
167416,6,Jogging,2852432292000,-0.15,0.57,1.9885708
167417,6,Jogging,2852482219000,0.19,4.75,-0.27240697
167418,6,Jogging,2852532268000,8.66,19.5,-3.7183550000000003
167419,6,Jogging,2852582225000,0.38,14.86,-0.53119355
167420,6,Jogging,2852632274000,3.95,9.0,-4.7126402999999994
167421,6,Jogging,2852682231000,-3.98,3.64,-5.284695
167422,6,Jogging,2852732280000,-3.53,-0.19,-4.5219555
167423,6,Jogging,2852782207000,-0.76,-0.72,12.489859
167424,6,Jogging,2852832286000,0.61,4.71,-3.4459480000000005
167425,6,Jogging,2852882213000,-5.01,13.4,-8.62168
167426,6,Jogging,2852932323000,-0.53,14.6,-3.1054392
167427,6,Jogging,2852982219000,9.15,19.23,-3.9090397000000006
167428,6,Jogging,2853032298000,14.02,15.02,-3.9499009
167429,6,Jogging,2853082286000,11.3,4.63,14.9006605
167430,6,Jogging,2853132304000,10.88,2.56,1.3075534
167431,6,Jogging,2853182140000,2.87,-3.45,2.1792557
167432,6,Jogging,2853232280000,1.95,-3.49,0.313268
167433,6,Jogging,2853282756000,17.12,17.86,1.4573771999999998
167435,6,Jogging,2853342235000,7.89,16.82,-3.9499009
167436,6,Jogging,2853392223000,5.28,7.67,-0.5720546
167437,6,Jogging,2853492198000,-9.81,-0.46,-1.2666923
167438,6,Jogging,2853492198000,-9.81,-0.46,-1.2666923
167439,6,Jogging,2853542247000,2.98,-0.99,7.3958488
167441,6,Jogging,2853642223000,1.65,9.3,-7.6273947
167440,6,Jogging,2853642223000,1.65,9.3,-7.6273947
167442,6,Jogging,2853742198000,4.79,16.93,-4.140586
167443,6,Jogging,2853742198000,4.79,16.93,-4.140586
167446,6,Jogging,2853792277000,1.33,6.7,4.290409599999999
167444,6,Jogging,2853792277000,1.33,6.7,4.290409599999999
167445,6,Jogging,2853792277000,1.33,6.7,4.290409599999999
167450,6,Jogging,2854102580000,8.66,14.79,-3.2552630000000002
167451,6,Jogging,2854152263000,0.99,5.41,-2.982856
167452,6,Jogging,2854203014000,-9.23,0.53,-7.586533500000001
167453,6,Jogging,2854252269000,-5.94,-4.71,8.580819
167454,6,Jogging,2854302348000,5.37,8.47,-2.7513103
167455,6,Jogging,2854352245000,4.4,19.04,-5.706926
167456,6,Jogging,2854402293000,11.73,12.98,1.4165162
167457,6,Jogging,2854452251000,15.51,17.67,-2.6423476000000004
167458,6,Jogging,2854552379000,5.33,0.89,-0.6946376999999999
167459,6,Jogging,2854552379000,5.33,0.89,-0.6946376999999999
167460,6,Jogging,2854602367000,8.92,-3.45,6.633109599999999
167461,6,Jogging,2854652263000,4.6,-3.95,7.246025
167462,6,Jogging,2854702342000,9.15,15.55,-5.407278
167463,6,Jogging,2854762279000,11.56,19.57,-5.938472
167464,6,Jogging,2854812205000,10.15,18.77,-2.3699405
167465,6,Jogging,2854862315000,4.48,8.16,1.6889231
167466,6,Jogging,2854912212000,-4.86,2.91,-1.607201
167467,6,Jogging,2854962260000,-8.77,-4.1,8.308413
167468,6,Jogging,2855012218000,6.82,1.46,-8.049625
167469,6,Jogging,2855062297000,8.43,13.8,-2.982856
167470,6,Jogging,2855112224000,6.02,13.95,2.5333846
167471,6,Jogging,2855112224000,6.02,13.95,2.5333846
167472,6,Jogging,2855212108000,5.22,13.06,-0.9125633
167473,6,Jogging,2855265514000,5.43,8.5,2.0294318
167474,6,Jogging,2855265514000,5.43,8.5,2.0294318
167475,6,Jogging,2855265514000,5.43,8.5,2.0294318
167480,6,Jogging,2855642375000,-3.83,4.63,-1.9885708
167481,6,Jogging,2855692241000,-9.7,-1.76,3.5685309999999997
167482,6,Jogging,2855692241000,-9.7,-1.76,3.5685309999999997
167485,6,Jogging,2855792277000,15.83,13.63,-4.7943625
167484,6,Jogging,2855792277000,15.83,13.63,-4.7943625
167483,6,Jogging,2855792277000,15.83,13.63,-4.7943625
167486,6,Jogging,2855842326000,1.04,14.79,2.4516625
167489,6,Jogging,2856032176000,5.01,4.02,5.9793324
167490,6,Jogging,2856082347000,7.46,-0.53,2.5606253
167491,6,Jogging,2856082347000,7.46,-0.53,2.5606253
167494,6,Jogging,2856252208000,19.23,19.57,0.5720546
167495,6,Jogging,2856352306000,4.52,4.4,-3.7864565999999997
167496,6,Jogging,2856402202000,-1.27,4.14,-3.6774937999999993
167497,6,Jogging,2856452251000,-2.18,0.61,3.4050870000000004
167498,6,Jogging,2856502238000,1.69,0.93,5.47538
167499,6,Jogging,2856552531000,0.69,2.45,-2.0294318
167500,6,Jogging,2856602214000,1.18,18.43,-4.7943625
167501,6,Jogging,2856652263000,4.94,18.85,-7.7363577
167502,6,Jogging,2856702251000,12.45,17.77,-5.243834
167503,6,Jogging,2856752208000,18.24,11.03,-2.9147543999999996
167504,6,Jogging,2856802287000,14.6,2.15,15.282029999999999
167505,6,Jogging,2856852214000,8.12,-1.31,-4.2495484
167506,6,Jogging,2856902263000,2.79,-8.92,3.7592160000000003
167507,6,Jogging,2856952220000,3.53,-1.33,-0.14982383
167508,6,Jogging,2857002269000,19.5,16.97,2.6832085
167510,6,Jogging,2857052257000,4.14,12.83,0.84446156
167509,6,Jogging,2857052257000,4.14,12.83,0.84446156
167511,6,Jogging,2857152110000,-0.95,7.35,-3.5276701
