,user,label,timestamp,x,y,z
169699,6,Jogging,2966002269000,0.53,4.25,-2.6832085
169700,6,Jogging,2966052348000,-3.83,5.33,-4.5900574
169701,6,Jogging,2966102245000,-5.6,5.98,2.7649305
169702,6,Jogging,2966102245000,-5.6,5.98,2.7649305
169703,6,Jogging,2966163219000,7.4,3.79,9.575105
169704,6,Jogging,2966163219000,7.4,3.79,9.575105
169706,6,Jogging,2966163219000,7.4,3.79,9.575105
169707,6,Jogging,2966163219000,7.4,3.79,9.575105
169705,6,Jogging,2966163219000,7.4,3.79,9.575105
169710,6,Jogging,2966572368000,4.4,-1.95,-2.7240696
169709,6,Jogging,2966572368000,4.4,-1.95,-2.7240696
169711,6,Jogging,2966672282000,15.43,10.61,-5.09401
169712,6,Jogging,2966722301000,-1.53,8.5,-2.8330324
169713,6,Jogging,2966772258000,-0.53,6.05,-1.8387468999999996
169714,6,Jogging,2966822276000,-7.16,7.4,-2.3018389
169715,6,Jogging,2966872264000,5.48,6.24,16.358038
169716,6,Jogging,2966922252000,-0.72,7.78,-6.5105260000000005
169717,6,Jogging,2966972270000,11.07,16.32,-9.152874
169718,6,Jogging,2967022227000,19.46,11.3,-9.847511
169719,6,Jogging,2967072246000,19.57,-0.8,-6.851035
169720,6,Jogging,2967122264000,18.28,-11.11,13.0619135
169721,6,Jogging,2967172282000,4.75,-10.34,-7.6954966
169722,6,Jogging,2967222240000,-1.8,-9.43,0.50395286
169723,6,Jogging,2967272258000,-2.11,-13.1,1.8387468999999996
169724,6,Jogging,2967322215000,11.35,-3.06,-4.2086873
169725,6,Jogging,2967372264000,19.57,-1.92,7.055340299999999
169726,6,Jogging,2967422252000,12.57,16.86,-1.4165162
169727,6,Jogging,2967472240000,-1.57,6.66,-0.8036005
169728,6,Jogging,2967472240000,-1.57,6.66,-0.8036005
169730,6,Jogging,2967572124000,-9.0,4.9,1.9477096999999999
169729,6,Jogging,2967572124000,-9.0,4.9,1.9477096999999999
169731,6,Jogging,2967622691000,10.0,3.6,11.34575
169732,6,Jogging,2967672191000,6.24,6.51,-10.337844
169734,6,Jogging,2967782359000,19.57,5.48,-8.471855999999999
169736,6,Jogging,2967832591000,17.01,-6.36,2.6832085
169735,6,Jogging,2967832591000,17.01,-6.36,2.6832085
169738,6,Jogging,2967992229000,-4.18,-10.72,3.8681788
169739,6,Jogging,2968042186000,5.24,-3.6,-3.7183550000000003
169740,6,Jogging,2968092235000,19.57,-8.01,7.586533500000001
169741,6,Jogging,2968142253000,16.47,10.15,-4.7535014
169742,6,Jogging,2968192271000,-0.89,8.31,-2.0294318
169744,6,Jogging,2968242198000,-0.84,7.21,-2.4516625
169743,6,Jogging,2968242198000,-0.84,7.21,-2.4516625
169745,6,Jogging,2968292308000,-10.46,8.39,-2.3426998
169748,6,Jogging,2968482249000,18.85,9.92,-6.5513873
169749,6,Jogging,2968532268000,19.57,-0.19,-9.656827
169750,6,Jogging,2968582317000,16.74,-9.72,9.534244000000001
169751,6,Jogging,2968632426000,8.16,-8.77,-6.170017700000001
169752,6,Jogging,2968682140000,-1.46,-7.01,3.7183550000000003
169753,6,Jogging,2968742473000,-1.57,-9.62,-0.14982383
169754,6,Jogging,2968742473000,-1.57,-9.62,-0.14982383
169756,6,Jogging,2968872447000,17.54,11.88,-5.175732
169757,6,Jogging,2968923259000,-0.95,7.89,-1.8387468999999996
169758,6,Jogging,2968972362000,-0.15,5.83,-3.9499009
169759,6,Jogging,2969022716000,-4.86,6.47,-3.4459480000000005
169760,6,Jogging,2969072276000,0.19,9.66,11.836082000000001
169762,6,Jogging,2969232310000,18.73,12.76,-9.466142
169764,6,Jogging,2969282207000,19.57,-2.87,-13.143635999999999
169763,6,Jogging,2969282207000,19.57,-2.87,-13.143635999999999
169765,6,Jogging,2969332347000,19.5,-12.95,3.3778462
169768,6,Jogging,2969432201000,-1.88,-7.65,3.3778462
169767,6,Jogging,2969432201000,-1.88,-7.65,3.3778462
169766,6,Jogging,2969432201000,-1.88,-7.65,3.3778462
169770,6,Jogging,2969584788000,19.57,0.95,0.6946376999999999
169772,6,Jogging,2969642345000,6.74,10.8,-1.3075534
169771,6,Jogging,2969642345000,6.74,10.8,-1.3075534
169773,6,Jogging,2969742870000,-5.48,7.55,-3.8681788
169774,6,Jogging,2969792338000,-6.55,10.19,7.205164
169775,6,Jogging,2969842143000,5.43,6.28,4.5219555
169777,6,Jogging,2969893016000,7.08,13.29,-13.334320000000002
169776,6,Jogging,2969893016000,7.08,13.29,-13.334320000000002
169779,6,Jogging,2970022166000,19.57,-4.37,-6.3198414000000005
169780,6,Jogging,2970072703000,15.55,-9.85,5.706926
169781,6,Jogging,2970072703000,15.55,-9.85,5.706926
169784,6,Jogging,2970292247000,18.77,-9.3,8.19945
169786,6,Jogging,2970342235000,17.2,10.61,-6.1291566
169785,6,Jogging,2970342235000,17.2,10.61,-6.1291566
169787,6,Jogging,2970342235000,17.2,10.61,-6.1291566
169788,6,Jogging,2970452373000,-3.02,8.47,-4.372132
169790,6,Jogging,2970532237000,-0.27,9.77,15.404613500000002
169791,6,Jogging,2970582225000,-7.5,5.28,-2.8738932999999998
169792,6,Jogging,2970632457000,6.66,12.57,-13.947235999999998
169793,6,Jogging,2970682292000,18.62,16.25,-12.367275999999999
169794,6,Jogging,2970732341000,19.57,0.72,-13.988097
169795,6,Jogging,2970782268000,19.57,-13.99,11.917805
169796,6,Jogging,2970832286000,5.67,-8.43,-9.112013000000001
169797,6,Jogging,2970882274000,-1.31,-8.12,4.903325
169798,6,Jogging,2970932292000,-5.86,-9.53,-1.4982381999999999
169799,6,Jogging,2970982280000,1.57,-2.64,-1.8387468999999996
169800,6,Jogging,2971032268000,19.08,-13.72,7.3958488
169801,6,Jogging,2971082500000,18.54,12.83,-1.4165162
169802,6,Jogging,2971132274000,0.04,10.76,0.23154591
169803,6,Jogging,2971182262000,-0.61,5.94,-3.5685309999999997
169804,6,Jogging,2971232280000,-11.75,8.05,-10.18802
169805,6,Jogging,2971282268000,5.09,4.21,14.669114000000002
169806,6,Jogging,2971342357000,4.56,7.74,-8.117727
169807,6,Jogging,2971392253000,3.83,13.91,-6.633109599999999
169808,6,Jogging,2971442363000,19.53,10.65,-9.234595
169809,6,Jogging,2971502269000,19.57,-5.41,-2.3699405
169810,6,Jogging,2971552409000,12.53,-10.84,7.436710000000001
169811,6,Jogging,2971602122000,1.99,-6.7,-3.2961242
169814,6,Jogging,2971652965000,-4.71,-11.6,4.440233
169813,6,Jogging,2971652965000,-4.71,-11.6,4.440233
169812,6,Jogging,2971652965000,-4.71,-11.6,4.440233
169816,6,Jogging,2971842235000,5.52,10.65,-0.0
169817,6,Jogging,2971892253000,1.18,5.6,-3.1463002999999996
169818,6,Jogging,2971942302000,-3.36,7.97,-4.7535014
169819,6,Jogging,2971992229000,-7.63,5.71,-3.8681788
169820,6,Jogging,2972042644000,6.89,9.11,17.543009
169821,6,Jogging,2972092296000,-6.66,5.18,-10.147159
169822,6,Jogging,2972142284000,17.5,15.64,-9.425281
169823,6,Jogging,2972192210000,19.57,7.21,-13.484144
169824,6,Jogging,2972242259000,19.31,-5.79,-0.84446156
169825,6,Jogging,2972292277000,13.06,-12.3,3.0645783
169826,6,Jogging,2972342204000,4.86,-6.66,-4.944186
169827,6,Jogging,2972392314000,-3.3,-11.45,1.4165162
169828,6,Jogging,2972442210000,-0.27,-8.77,-1.2258313
169829,6,Jogging,2972492259000,16.09,-7.08,0.84446156
169830,6,Jogging,2972542216000,19.57,0.46,-0.42223078
169831,6,Jogging,2972592265000,6.78,14.75,-3.2552630000000002
169832,6,Jogging,2972642223000,-4.18,9.43,-0.040861044
169833,6,Jogging,2972692302000,-7.21,8.92,-4.1814466
169834,6,Jogging,2972692302000,-7.21,8.92,-4.1814466
169835,6,Jogging,2972742107000,-7.7,7.31,5.434519
169836,6,Jogging,2972794597000,11.26,5.24,14.628252999999999
169838,6,Jogging,2972872172000,15.36,12.72,-9.466142
169837,6,Jogging,2972872172000,15.36,12.72,-9.466142
169840,6,Jogging,2973022197000,17.5,-12.95,12.871228
169841,6,Jogging,2973072276000,7.74,-7.74,-5.8158884
169842,6,Jogging,2973122264000,-2.72,-7.44,5.012288
169843,6,Jogging,2973172404000,-2.41,-10.19,-1.8796080000000002
169844,6,Jogging,2973222270000,6.89,-2.26,-2.6832085
169845,6,Jogging,2973272258000,19.57,-9.38,5.366417
169846,6,Jogging,2973272258000,19.57,-9.38,5.366417
169847,6,Jogging,2973343211000,1.57,9.04,1.0760075
169848,6,Jogging,2973343211000,1.57,9.04,1.0760075
169849,6,Jogging,2973572307000,-3.26,6.28,-11.304889
169850,6,Jogging,2973572307000,-3.26,6.28,-11.304889
169851,6,Jogging,2973622172000,6.97,13.59,-9.084772000000001
169852,6,Jogging,2973672435000,19.11,10.5,-14.818938000000001
169853,6,Jogging,2973672435000,19.11,10.5,-14.818938000000001
169854,6,Jogging,2973773601000,14.48,-9.62,8.962189
169855,6,Jogging,2973822215000,5.41,-8.05,-8.240311
169856,6,Jogging,2973872234000,-4.99,-11.37,6.633109599999999
169857,6,Jogging,2973932109000,0.11,-4.9,-3.5685309999999997
169859,6,Jogging,2974032756000,18.28,10.19,-1.6480621
169860,6,Jogging,2974082347000,-0.08,3.3,0.19068487
169861,6,Jogging,2974082347000,-0.08,3.3,0.19068487
169864,6,Jogging,2974292125000,1.54,8.81,5.407278
169865,6,Jogging,2974342235000,7.06,13.87,-11.563675
169866,6,Jogging,2974392253000,14.56,12.83,-8.880466
169867,6,Jogging,2974442271000,19.57,-4.86,-12.598822
169868,6,Jogging,2974492229000,13.76,-7.01,10.228881
169869,6,Jogging,2974492229000,13.76,-7.01,10.228881
169870,6,Jogging,2974492229000,13.76,-7.01,10.228881
169873,6,Jogging,2974702220000,7.16,-2.56,-1.9204689999999998
169872,6,Jogging,2974702220000,7.16,-2.56,-1.9204689999999998
169874,6,Jogging,2974802226000,8.47,8.81,2.8738932999999998
169875,6,Jogging,2974852275000,-0.84,5.75,-0.50395286
169876,6,Jogging,2974902141000,-4.4,7.55,-4.8216033
169878,6,Jogging,2974952342000,-8.77,7.21,-9.084772000000001
169877,6,Jogging,2974952342000,-8.77,7.21,-9.084772000000001
169881,6,Jogging,2975122234000,17.92,10.61,-8.880466
169883,6,Jogging,2975172465000,19.57,-3.49,-10.228881
169882,6,Jogging,2975172465000,19.57,-3.49,-10.228881
169884,6,Jogging,2975222392000,12.79,-5.37,10.691972999999999
169885,6,Jogging,2975302165000,4.6,-9.08,0.3405087
169888,6,Jogging,2975452312000,17.86,-10.8,6.469665
169889,6,Jogging,2975502208000,19.34,7.06,-4.903325
169890,6,Jogging,2975614909000,-4.63,7.06,-4.903325
169891,6,Jogging,2975614909000,-4.63,7.06,-4.903325
169892,6,Jogging,2975672221000,-10.84,11.3,-8.158588
169893,6,Jogging,2975722270000,5.18,9.38,16.780268
169894,6,Jogging,2975722270000,5.18,9.38,16.780268
169895,6,Jogging,2975722270000,5.18,9.38,16.780268
169896,6,Jogging,2975838756000,7.55,15.75,-10.651112
169899,6,Jogging,2975932170000,19.57,-7.25,-3.8681788
169900,6,Jogging,2976032176000,7.67,-8.16,-6.1291566
169902,6,Jogging,2976082255000,-3.68,-9.11,5.597963
169901,6,Jogging,2976082255000,-3.68,-9.11,5.597963
169903,6,Jogging,2976182201000,14.18,-5.52,-2.3426998
169906,6,Jogging,2976282298000,5.43,10.73,-4.5900574
169905,6,Jogging,2976282298000,5.43,10.73,-4.5900574
169907,6,Jogging,2976332255000,-4.1,8.73,0.23154591
169908,6,Jogging,2976392711000,-8.77,10.38,-8.812365
169910,6,Jogging,2976492168000,9.96,13.72,3.7592160000000003
169911,6,Jogging,2976542888000,-2.53,17.54,-15.826844
169912,6,Jogging,2976542888000,-2.53,17.54,-15.826844
169913,6,Jogging,2976642436000,19.57,5.37,-7.8180795
169914,6,Jogging,2976693095000,11.69,-1.38,13.375181
169915,6,Jogging,2976693095000,11.69,-1.38,13.375181
169917,6,Jogging,2976812511000,-2.18,-6.02,3.336985
169918,6,Jogging,2976872234000,6.66,-7.31,-2.1792557
169919,6,Jogging,2976922465000,19.5,-1.95,3.2961242
169920,6,Jogging,2976972240000,19.38,10.61,-1.4982381999999999
169921,6,Jogging,2977022319000,-2.3,10.61,1.8387468999999996
169922,6,Jogging,2977072276000,-3.53,8.54,-3.5957718
169923,6,Jogging,2977122234000,-8.54,9.53,-11.9450445
169924,6,Jogging,2977175670000,0.42,7.08,2.4925237
169925,6,Jogging,2977175670000,0.42,7.08,2.4925237
