,user,label,timestamp,x,y,z
171393,6,Jogging,3050902293000,1.18,1.14,12.680544
171394,6,Jogging,3050952220000,18.24,10.8,-7.3549875999999985
171395,6,Jogging,3051002299000,7.93,8.43,-6.1291566
171396,6,Jogging,3051052257000,17.43,6.17,-3.4868089999999996
171397,6,Jogging,3051102306000,19.23,3.06,-8.430995
171398,6,Jogging,3051152202000,18.39,-3.57,1.8387468999999996
171399,6,Jogging,3051202312000,11.65,-5.75,5.597963
171400,6,Jogging,3051252238000,3.38,-7.5,1.4982381999999999
171401,6,Jogging,3051302318000,0.89,-8.69,-0.3405087
171402,6,Jogging,3051352214000,12.95,-1.8,0.313268
171403,6,Jogging,3051402293000,19.57,11.6,1.7297841
171404,6,Jogging,3051452220000,13.33,6.85,-2.4925237
171405,6,Jogging,3051502299000,7.59,1.92,-1.9204689999999998
171406,6,Jogging,3051552226000,-0.76,4.33,-4.7126402999999994
171407,6,Jogging,3051602306000,-7.08,2.49,-3.1054392
171408,6,Jogging,3051652202000,-6.93,2.41,11.223166
171409,6,Jogging,3051702312000,15.32,3.17,4.671779
171410,6,Jogging,3051752238000,13.63,15.94,-2.4925237
171411,6,Jogging,3051802318000,7.82,6.85,-4.099725
171412,6,Jogging,3051852519000,19.57,7.74,-11.182305
171413,6,Jogging,3051902324000,18.92,-2.07,-6.170017700000001
171414,6,Jogging,3051952342000,15.66,-10.31,15.241169000000001
171415,6,Jogging,3052002238000,6.63,-10.04,-5.325556
171416,6,Jogging,3052052318000,0.15,-11.07,6.4015636
171417,6,Jogging,3052102245000,7.35,-4.21,-2.4108016
171418,6,Jogging,3052152293000,19.57,5.67,6.5513873
171419,6,Jogging,3052202251000,19.11,18.43,-1.4573771999999998
171420,6,Jogging,3052252299000,3.57,3.99,-2.7240696
171421,6,Jogging,3052302226000,0.89,4.14,-4.440233
171422,6,Jogging,3052352275000,-4.06,5.41,16.657684
171423,6,Jogging,3052422374000,-2.22,2.76,16.657684
171424,6,Jogging,3052472270000,7.78,6.82,-6.3607025
171425,6,Jogging,3052472270000,7.78,6.82,-6.3607025
171426,6,Jogging,3052572246000,15.21,6.66,-7.654635400000001
171427,6,Jogging,3052572246000,15.21,6.66,-7.654635400000001
171428,6,Jogging,3052672160000,17.73,-7.12,11.182305
171429,6,Jogging,3052722240000,4.37,-9.81,1.1168685
171430,6,Jogging,3052722240000,4.37,-9.81,1.1168685
171431,6,Jogging,3052822276000,1.73,-6.85,3.6366330000000002
171432,6,Jogging,3052872325000,16.36,-1.65,-2.1383946
171433,6,Jogging,3052872325000,16.36,-1.65,-2.1383946
171434,6,Jogging,3052932262000,19.57,13.99,2.4925237
171435,6,Jogging,3052982249000,5.9,6.93,-2.6832085
171436,6,Jogging,3053032329000,1.54,3.3,-3.0645783
171437,6,Jogging,3053082286000,-2.64,4.94,-4.5900574
171438,6,Jogging,3053132243000,-6.13,2.11,11.454713
171439,6,Jogging,3053182231000,7.27,2.22,-0.6537767
171440,6,Jogging,3053232249000,18.05,10.04,-4.2495484
171441,6,Jogging,3053282237000,6.36,6.82,-4.140586
171442,6,Jogging,3053332286000,19.53,3.21,-10.228881
171443,6,Jogging,3053382243000,17.2,-2.49,7.164303
171444,6,Jogging,3053432231000,8.05,-5.37,3.4459480000000005
171445,6,Jogging,3053482249000,5.98,-6.74,-2.4516625
171446,6,Jogging,3053532268000,-1.95,-12.49,8.689782000000001
171447,6,Jogging,3053582255000,6.55,-2.3,-2.2609777
171448,6,Jogging,3053632213000,19.57,0.69,6.9327570000000005
171449,6,Jogging,3053682201000,18.39,11.92,-4.944186
171450,6,Jogging,3053732280000,7.31,7.44,-3.4459480000000005
171451,6,Jogging,3053782207000,1.5,4.9,-1.4165162
171452,6,Jogging,3053832286000,-5.13,5.79,-2.6423476000000004
171453,6,Jogging,3053882213000,-6.36,-3.49,13.484144
171454,6,Jogging,3053932231000,5.18,2.15,-2.8330324
171455,6,Jogging,3053982249000,19.08,14.41,-4.099725
171456,6,Jogging,3054032237000,5.52,7.5,-3.2552630000000002
171457,6,Jogging,3054082286000,19.57,5.24,-7.9679036
171458,6,Jogging,3054132243000,18.7,0.42,0.95342433
171459,6,Jogging,3054182231000,12.45,-6.93,9.234595
171460,6,Jogging,3054232280000,3.91,-9.81,-1.2666923
171461,6,Jogging,3054282207000,-2.41,-7.04,0.23154591
171462,6,Jogging,3054332286000,2.68,-7.21,1.4573771999999998
171463,6,Jogging,3054382243000,18.62,-3.98,3.7864565999999997
171464,6,Jogging,3054432231000,19.42,14.1,-1.2666923
171465,6,Jogging,3054482249000,6.7,7.93,-1.0351465
171466,6,Jogging,3054532268000,3.34,5.71,-3.1463002999999996
171467,6,Jogging,3054582317000,-3.64,6.78,-4.140586
171468,6,Jogging,3054632335000,-14.4,-0.46,15.785982999999998
171469,6,Jogging,3054682231000,4.14,1.04,-0.10896278
171470,6,Jogging,3054732280000,18.66,15.21,-7.3549875999999985
171471,6,Jogging,3054782268000,7.5,7.27,-5.9793324
171472,6,Jogging,3054832286000,19.57,8.54,-6.2789803
171473,6,Jogging,3054882274000,19.15,-1.18,-0.7627395
171474,6,Jogging,3054932201000,11.73,-6.85,8.349273
171475,6,Jogging,3054982249000,3.76,-4.25,-1.1441092
171476,6,Jogging,3055032237000,-0.57,-8.85,-0.23154591
171477,6,Jogging,3055082317000,2.76,-8.43,1.56634
171478,6,Jogging,3055132243000,16.47,-2.07,-0.7627395
171479,6,Jogging,3055182262000,19.57,13.99,2.982856
171480,6,Jogging,3055232219000,4.94,9.19,-3.8273177000000005
171481,6,Jogging,3055282268000,1.54,4.79,-0.040861044
171482,6,Jogging,3055332255000,-3.36,7.55,-4.5219555
171483,6,Jogging,3055382304000,-9.47,1.95,6.3198414000000005
171484,6,Jogging,3055432231000,5.52,1.61,2.2201166000000003
171485,6,Jogging,3055482249000,10.53,6.93,-9.575105
171486,6,Jogging,3055532268000,14.98,8.16,-4.1814466
171487,6,Jogging,3055582255000,18.58,5.86,-2.1792557
171488,6,Jogging,3055632243000,18.66,-0.3,-3.214402
171489,6,Jogging,3055682231000,14.21,-7.93,11.495573
171490,6,Jogging,3055732249000,8.73,-4.48,-3.6366330000000002
171491,6,Jogging,3055782237000,-1.33,-8.2,-1.9204689999999998
171492,6,Jogging,3055832255000,-4.33,-10.8,-0.7218784
171493,6,Jogging,3055882243000,9.81,-1.61,0.42223078
171494,6,Jogging,3055932231000,19.57,11.37,5.5162406
171495,6,Jogging,3055982280000,7.46,7.7,-2.1792557
171496,6,Jogging,3056032237000,5.79,3.6,-1.8796080000000002
171497,6,Jogging,3056082255000,-0.34,5.94,-3.7183550000000003
171498,6,Jogging,3056132243000,-10.65,4.33,3.0645783
171499,6,Jogging,3056182292000,1.23,1.73,7.927042500000001
171500,6,Jogging,3056232249000,11.8,1.42,-3.0237172
171501,6,Jogging,3056282237000,18.16,13.67,-5.407278
171502,6,Jogging,3056332225000,19.57,5.05,-5.938472
171503,6,Jogging,3056382243000,19.57,0.65,-5.202973
171504,6,Jogging,3056432231000,16.17,-4.63,12.340035
171505,6,Jogging,3056482280000,7.12,-5.63,-4.290409599999999
171506,6,Jogging,3056532237000,-0.95,-8.12,3.4868089999999996
171507,6,Jogging,3056582286000,-1.84,-7.46,-0.9942854
171508,6,Jogging,3056632243000,6.09,-2.56,-1.2258313
171509,6,Jogging,3056682262000,19.57,3.38,8.049625
171510,6,Jogging,3056732249000,11.5,9.28,-4.140586
171511,6,Jogging,3056782237000,2.22,6.47,-1.9204689999999998
171512,6,Jogging,3056832286000,-1.33,6.05,-3.6774937999999993
171513,6,Jogging,3056882243000,-7.01,5.33,-3.2552630000000002
171514,6,Jogging,3056932201000,2.76,5.33,15.282029999999999
171515,6,Jogging,3056982310000,8.69,4.99,-6.891896000000001
171516,6,Jogging,3057032237000,11.3,14.82,-5.325556
171517,6,Jogging,3057082317000,19.57,4.33,-10.760075
171518,6,Jogging,3057132243000,19.53,1.14,-5.666064700000001
171519,6,Jogging,3057182231000,15.83,-1.88,14.015338
171520,6,Jogging,3057232249000,5.56,-6.74,-5.5571017
171521,6,Jogging,3057282237000,-2.45,-9.38,6.973617999999999
171522,6,Jogging,3057332255000,-0.8,-4.86,-2.3426998
171523,6,Jogging,3057382243000,14.98,-4.14,-3.6366330000000002
171524,6,Jogging,3057434367000,19.53,11.26,3.1054392
171525,6,Jogging,3057492290000,5.67,10.65,-3.7183550000000003
171526,6,Jogging,3057542277000,1.88,2.11,-0.53119355
171527,6,Jogging,3057592357000,-3.53,10.04,-2.9147543999999996
171528,6,Jogging,3057642284000,-9.11,0.8,12.9529505
171529,6,Jogging,3057692332000,13.87,-4.4,-9.656827
171530,6,Jogging,3057772288000,4.1,8.28,-9.00305
171531,6,Jogging,3057822307000,19.27,6.85,-8.349273
171532,6,Jogging,3057872203000,15.64,-2.87,7.436710000000001
171533,6,Jogging,3057922343000,7.59,-1.27,3.1054392
171534,6,Jogging,3057922343000,7.59,-1.27,3.1054392
171535,6,Jogging,3057982280000,9.85,-8.31,7.927042500000001
171536,6,Jogging,3058032207000,-4.29,-6.21,6.1291566
171537,6,Jogging,3058082255000,5.56,-0.72,-2.1383946
171538,6,Jogging,3058132243000,19.53,1.8,9.615966
171539,6,Jogging,3058182231000,18.47,4.02,-7.6954966
171540,6,Jogging,3058232219000,10.08,0.23,-2.6832085
171541,6,Jogging,3058282268000,2.53,4.99,-3.5276701
171542,6,Jogging,3058332255000,-4.4,7.06,-6.0201936
171543,6,Jogging,3058382274000,-9.3,3.3,13.184497
171544,6,Jogging,3058432231000,7.16,0.93,7.5456724
171545,6,Jogging,3058482249000,10.8,8.35,-13.0619135
171546,6,Jogging,3058582133000,19.57,1.14,-8.430995
171548,6,Jogging,3058632304000,15.6,-2.91,9.507003
171547,6,Jogging,3058632304000,15.6,-2.91,9.507003
171549,6,Jogging,3058732280000,10.84,-4.14,6.0882955
171550,6,Jogging,3058782298000,-2.14,-6.28,-0.3405087
171551,6,Jogging,3058782298000,-2.14,-6.28,-0.3405087
171552,6,Jogging,3058842296000,-0.84,-6.7,-2.1383946
171553,6,Jogging,3058892284000,14.6,-5.56,1.7978859
171554,6,Jogging,3058942302000,18.66,11.75,-4.372132
171555,6,Jogging,3058992259000,1.65,5.52,-2.1383946
171556,6,Jogging,3059042369000,-0.27,5.43,-5.012288
171557,6,Jogging,3059092296000,-7.4,5.28,-3.5957718
171558,6,Jogging,3059142314000,-1.76,6.05,15.704260999999999
171559,6,Jogging,3059192271000,4.52,1.99,1.9885708
171560,6,Jogging,3059242290000,15.94,12.18,-6.782933
171561,6,Jogging,3059292277000,17.88,6.51,-5.5571017
171562,6,Jogging,3059342296000,19.57,2.18,-5.7477865
171563,6,Jogging,3059392284000,17.05,-1.57,1.7297841
171564,6,Jogging,3059442302000,12.41,-8.16,11.223166
171565,6,Jogging,3059492259000,5.98,-4.48,-0.5720546
171566,6,Jogging,3059542308000,-1.42,-9.34,1.3075534
171567,6,Jogging,3059592265000,8.92,-7.93,-1.3075534
171568,6,Jogging,3059642345000,19.57,0.04,6.2108784
171569,6,Jogging,3059692271000,19.31,11.18,-2.8738932999999998
171570,6,Jogging,3059742290000,3.17,4.44,-1.4982381999999999
171571,6,Jogging,3059792308000,0.19,3.91,-4.5219555
171572,6,Jogging,3059842265000,-4.79,5.13,-6.701211
171573,6,Jogging,3059842265000,-4.79,5.13,-6.701211
171574,6,Jogging,3059955638000,8.31,6.44,-7.927042500000001
171575,6,Jogging,3059955638000,8.31,6.44,-7.927042500000001
171577,6,Jogging,3060052196000,19.57,3.15,-8.499097
171578,6,Jogging,3060102519000,19.57,-1.33,-6.742072
171580,6,Jogging,3060152385000,16.4,-4.44,12.217452
171579,6,Jogging,3060152385000,16.4,-4.44,12.217452
171581,6,Jogging,3060212108000,5.63,-6.89,-1.9885708
171583,6,Jogging,3060362163000,17.31,-3.34,-1.3075534
171584,6,Jogging,3060362163000,17.31,-3.34,-1.3075534
171588,6,Jogging,3060462260000,0.34,4.25,1.5390993
171587,6,Jogging,3060462260000,0.34,4.25,1.5390993
171586,6,Jogging,3060462260000,0.34,4.25,1.5390993
171585,6,Jogging,3060462260000,0.34,4.25,1.5390993
171591,6,Jogging,3060702159000,3.68,6.66,-5.366417
171592,6,Jogging,3060752299000,13.1,10.88,-2.3699405
171593,6,Jogging,3060802409000,19.57,7.86,-10.56939
171594,6,Jogging,3060852306000,19.57,0.69,-2.9147543999999996
171595,6,Jogging,3060902263000,17.82,-6.47,14.2877445
171596,6,Jogging,3060952403000,4.9,-9.72,-5.202973
