,user,label,timestamp,x,y,z
1025466,7,Jogging,207625821900000,10.31,17.92,1.73
1025465,7,Jogging,207625821900000,10.31,17.92,1.73
1025467,7,Jogging,207625922578000,3.57,2.03,0.04
1025468,7,Jogging,207625964234000,-0.84,-2.64,0.27
1025469,7,Jogging,207626005830000,-0.34,-2.68,1.76
1025470,7,Jogging,207626081605000,4.9,1.14,-5.24
1025471,7,Jogging,207626121522000,7.46,11.8,5.48
1025472,7,Jogging,207626161500000,7.5,18.77,3.68
1025473,7,Jogging,207626201570000,4.86,14.52,0.61
1025474,7,Jogging,207626281495000,3.34,19.31,-3.99
1025475,7,Jogging,207626321504000,1.65,13.02,-0.53
1025476,7,Jogging,207626361665000,1.84,-1.12,8.35
1025477,7,Jogging,207626401704000,4.71,-5.28,-0.08
1025478,7,Jogging,207626481751000,1.57,0.19,4.4
1025479,7,Jogging,207626521424000,0.84,3.11,0.46
1025480,7,Jogging,207626561646000,3.3,15.43,1.33
1025481,7,Jogging,207626601533000,7.86,20.04,1.18
1025482,7,Jogging,207626681611000,1.27,17.77,-5.52
1025483,7,Jogging,207626721498000,-1.76,10.57,-3.95
1025484,7,Jogging,207626761537000,-0.31,1.92,-3.15
1025485,7,Jogging,207626801515000,-2.91,-3.41,0.34
1025486,7,Jogging,207626842774000,-2.76,-0.23,5.56
1025487,7,Jogging,207626923646000,7.89,5.28,-2.76
1025488,7,Jogging,207626965211000,0.42,6.97,4.59
1025489,7,Jogging,207627012391000,-0.5,19.93,-0.46
1025490,7,Jogging,207627052033000,3.15,19.89,-2.56
1025491,7,Jogging,207627131471000,3.34,13.72,9.0
1025492,7,Jogging,207627171479000,-3.49,3.41,9.85
1025493,7,Jogging,207627211579000,-2.96,-1.5,5.94
1025494,7,Jogging,207627251985000,-5.01,-6.02,3.21
1025495,7,Jogging,207627331605000,-2.53,-0.61,4.21
1025496,7,Jogging,207627371491000,0.76,5.86,-2.79
1025497,7,Jogging,207627411500000,1.31,17.05,2.18
1025498,7,Jogging,207627451570000,6.4,18.92,3.87
1025499,7,Jogging,207627531495000,6.36,17.5,-1.95
1025500,7,Jogging,207627571412000,1.38,11.03,-2.15
1025501,7,Jogging,207627611482000,-1.69,2.3,-0.5
1025502,7,Jogging,207627651551000,-3.45,-3.6,-1.08
1025503,7,Jogging,207627731507000,4.94,1.57,1.57
1025504,7,Jogging,207627772218000,10.11,3.38,-4.33
1025505,7,Jogging,207627811524000,7.21,12.68,0.5
1025506,7,Jogging,207627851655000,-1.38,19.93,1.73
1025507,7,Jogging,207627902192000,8.81,19.95,-3.87
1025508,7,Jogging,207627941529000,6.82,15.43,-6.7
1025509,7,Jogging,207628031465000,4.82,-1.88,-0.69
1025510,7,Jogging,207628071443000,2.03,-5.94,3.76
1025511,7,Jogging,207628111543000,0.08,-2.11,3.95
1025512,7,Jogging,207628151704000,1.08,0.53,2.53
1025513,7,Jogging,207628233827000,3.17,6.85,1.33
1025514,7,Jogging,207628271546000,12.3,18.28,-0.27
1025515,7,Jogging,207628311524000,15.94,20.04,12.07
1025516,7,Jogging,207628351686000,5.94,16.97,2.68
1025517,7,Jogging,207628431642000,-0.99,4.14,-0.99
1025518,7,Jogging,207628471467000,-0.76,-1.65,-1.42
1025519,7,Jogging,207628515534000,1.04,-4.18,1.69
1025520,7,Jogging,207628554719000,2.87,-0.5,4.71
1025521,7,Jogging,207628631501000,1.18,6.09,1.18
1025522,7,Jogging,207628671388000,1.84,18.35,-3.06
1025523,7,Jogging,207628711701000,-0.93,18.81,-4.06
1025524,7,Jogging,207628751618000,1.18,17.67,-6.4
1025526,7,Jogging,207628911561000,3.34,-1.73,11.54
1025525,7,Jogging,207628911561000,3.34,-1.73,11.54
1025527,7,Jogging,207628911561000,3.34,-1.73,11.54
1025528,7,Jogging,207628951539000,4.29,-0.19,6.66
1025529,7,Jogging,207629031465000,1.61,2.34,-2.72
1025530,7,Jogging,207629071626000,5.52,7.86,-3.57
1025531,7,Jogging,207629111543000,8.43,18.81,-0.31
1025532,7,Jogging,207629151643000,12.18,19.72,1.76
1025533,7,Jogging,207629233674000,5.75,17.97,-0.11
1025534,7,Jogging,207629271760000,1.8,8.85,-2.34
1025535,7,Jogging,207629311463000,-2.64,-0.38,-2.07
1025536,7,Jogging,207629351533000,-5.56,-4.9,-0.53
1025537,7,Jogging,207629431520000,7.89,3.02,-1.88
1025538,7,Jogging,207629471467000,11.6,0.11,-2.56
1025539,7,Jogging,207629511659000,4.59,9.38,1.69
1025540,7,Jogging,207629551515000,-1.08,19.46,-2.64
1025541,7,Jogging,207629631593000,-0.23,16.44,-5.13
1025542,7,Jogging,207629671479000,-1.31,15.17,-1.61
1025543,7,Jogging,207629711518000,-1.23,15.64,-1.46
1025544,7,Jogging,207629751649000,0.11,14.56,2.45
1025545,7,Jogging,207629831636000,9.3,4.1,0.76
1025546,7,Jogging,207629871644000,2.37,-1.33,-1.08
1025547,7,Jogging,207629911653000,1.46,0.84,-1.04
1025548,7,Jogging,207629953126000,-3.26,14.67,0.91
1025549,7,Jogging,207630031587000,-8.85,20.04,-2.45
1025550,7,Jogging,207630071473000,-7.93,19.38,-4.21
1025551,7,Jogging,207630111665000,-4.06,10.19,-2.07
1025552,7,Jogging,207630151521000,-4.21,0.99,-0.5
1025553,7,Jogging,207630191438000,-2.96,-4.25,-0.38
1025554,7,Jogging,207630271424000,4.33,4.14,2.18
1025555,7,Jogging,207630311646000,10.69,8.66,-9.23
1025556,7,Jogging,207630351655000,-0.69,9.53,0.11
1025557,7,Jogging,207630431520000,-12.79,17.92,-3.15
1025558,7,Jogging,207630471406000,-4.14,19.53,-4.44
1025559,7,Jogging,207630511781000,-3.3,18.28,-2.07
1025560,7,Jogging,207630552369000,-2.3,14.56,1.65
1025561,7,Jogging,207630631654000,7.01,4.25,9.47
1025562,7,Jogging,207630671479000,7.25,2.6,3.45
1025563,7,Jogging,207630711518000,3.11,1.61,0.99
1025564,7,Jogging,207630751679000,0.5,4.21,5.05
1025565,7,Jogging,207630831697000,-4.48,19.5,-0.11
1025566,7,Jogging,207630872102000,-3.06,20.04,0.04
1025567,7,Jogging,207630916261000,-0.5,19.72,-0.93
1025568,7,Jogging,207630952058000,-0.95,14.21,-2.07
1025569,7,Jogging,207631031465000,-4.25,-3.6,-3.6
1025570,7,Jogging,207631071504000,-2.72,-6.82,-1.14
1025571,7,Jogging,207631111573000,-3.3,-1.42,3.17
1025572,7,Jogging,207631151551000,6.32,6.66,2.34
1025573,7,Jogging,207631191590000,8.01,8.31,-3.38
1025574,7,Jogging,207631274537000,-18.66,15.79,-1.61
1025575,7,Jogging,207631311463000,-17.16,15.64,-1.18
1025576,7,Jogging,207631351686000,-7.27,19.61,-2.68
1025577,7,Jogging,207631431642000,-2.15,15.51,1.53
1025578,7,Jogging,207631471620000,5.48,8.08,4.75
1025579,7,Jogging,207631512147000,7.59,5.75,8.2
1025580,7,Jogging,207631551667000,6.93,3.41,0.27
1025581,7,Jogging,207631631593000,0.72,4.9,1.18
1025582,7,Jogging,207631679536000,-9.77,10.57,-0.84
1025583,7,Jogging,207631722291000,-12.95,20.04,-1.57
1025584,7,Jogging,207631761537000,-6.97,20.04,-1.99
1025585,7,Jogging,207631801698000,-6.97,16.7,-1.84
1025586,7,Jogging,207631881623000,-6.28,0.0,-2.41
1025587,7,Jogging,207631922090000,-2.11,-6.09,-2.03
1025588,7,Jogging,207631961701000,0.72,-5.86,1.61
1025589,7,Jogging,207632002656000,2.03,6.51,-0.93
1025590,7,Jogging,207632081605000,-2.03,11.8,3.53
1025591,7,Jogging,207632121644000,-18.35,5.18,6.05
1025592,7,Jogging,207632161500000,-17.01,17.82,-2.64
1025593,7,Jogging,207632201722000,-10.0,19.95,-4.06
1025594,7,Jogging,207632281800000,-3.34,13.4,-0.8
1025595,7,Jogging,207632321656000,2.91,11.92,1.73
1025596,7,Jogging,207632361512000,4.75,8.01,6.78
1025597,7,Jogging,207632401460000,5.09,4.02,4.06
1025598,7,Jogging,207632482545000,0.84,3.3,1.27
1025599,7,Jogging,207632523011000,-8.08,8.54,-1.12
1025600,7,Jogging,207632561738000,-10.84,19.38,-3.83
1025601,7,Jogging,207632601930000,-12.57,20.04,-4.71
1025602,7,Jogging,207632681611000,-7.55,11.99,-4.52
1025603,7,Jogging,207632721742000,-5.86,1.27,-1.84
1025604,7,Jogging,207632761628000,-3.41,-4.33,2.56
1025605,7,Jogging,207632801515000,-0.95,-5.79,4.71
1025606,7,Jogging,207632881623000,7.89,11.26,-8.39
1025607,7,Jogging,207632926271000,2.56,9.92,-2.76
1025608,7,Jogging,207632963410000,-14.21,11.92,-0.31
1025609,7,Jogging,207633001649000,-19.04,12.68,1.57
1025610,7,Jogging,207633081758000,-6.21,19.27,-5.83
1025611,7,Jogging,207633122529000,-5.33,15.55,-2.64
1025612,7,Jogging,207633161500000,-1.12,9.89,5.56
1025613,7,Jogging,207633201661000,2.14,6.28,11.69
1025615,7,Jogging,207633281556000,6.21,2.68,2.22
1025614,7,Jogging,207633281556000,6.21,2.68,2.22
1025616,7,Jogging,207633381745000,-8.05,9.3,-3.53
1025617,7,Jogging,207633421662000,-10.84,19.7,-3.87
1025618,7,Jogging,207633461549000,-7.31,20.04,-0.93
1025619,7,Jogging,207633501679000,-4.9,17.62,-3.49
1025620,7,Jogging,207633581727000,-6.09,0.5,-3.15
1025621,7,Jogging,207633621461000,-4.4,-5.79,-0.95
1025622,7,Jogging,207633661531000,-4.1,-5.18,2.49
1025623,7,Jogging,207633701661000,-1.5,3.79,5.9
1025624,7,Jogging,207633781739000,3.45,8.01,0.38
1025625,7,Jogging,207633821534000,-9.92,11.14,-2.76
1025626,7,Jogging,207633861695000,-19.27,14.06,-2.68
1025627,7,Jogging,207633901673000,-13.33,19.27,-5.05
1025628,7,Jogging,207633983613000,-4.44,16.55,-3.87
1025629,7,Jogging,207633983613000,-4.44,16.55,-3.87
1025630,7,Jogging,207634073854000,4.75,7.25,10.15
1025631,7,Jogging,207634111543000,7.01,5.01,1.95
1025632,7,Jogging,207634151521000,3.53,0.69,0.57
1025633,7,Jogging,207634191438000,-1.27,4.71,2.3
1025634,7,Jogging,207634273500000,-14.56,19.99,-4.14
1025635,7,Jogging,207634311524000,-13.63,20.04,-3.49
1025636,7,Jogging,207634351502000,-9.85,17.77,-1.95
1025637,7,Jogging,207634431520000,-7.86,-0.76,-1.92
1025638,7,Jogging,207634471620000,-2.79,-5.63,-1.65
1025639,7,Jogging,207634511506000,1.14,-3.57,0.95
1025640,7,Jogging,207634551515000,1.69,4.52,1.04
1025641,7,Jogging,207634631471000,1.46,7.46,0.42
1025642,7,Jogging,207634671601000,-14.9,8.24,-1.18
1025643,7,Jogging,207634711518000,-19.23,12.72,1.88
1025644,7,Jogging,207634751496000,-12.6,17.5,-0.23
1025645,7,Jogging,207634831636000,-7.31,14.33,-2.34
1025646,7,Jogging,207634871705000,1.04,8.24,-0.8
1025647,7,Jogging,207634911622000,8.27,8.01,2.11
1025648,7,Jogging,207634952607000,9.62,7.21,3.41
1025649,7,Jogging,207635031648000,-0.53,3.72,1.8
1025650,7,Jogging,207635071534000,-7.63,5.98,1.61
1025651,7,Jogging,207635111665000,-17.27,18.35,-0.99
1025652,7,Jogging,207635151521000,-14.18,20.04,-0.76
1025653,7,Jogging,207635233644000,-7.7,10.69,-1.04
1025654,7,Jogging,207635272950000,-7.12,1.27,-0.84
1025655,7,Jogging,207635311616000,-4.94,-5.6,-1.12
1025656,7,Jogging,207635351533000,-0.84,-6.21,-0.04
1025657,7,Jogging,207635431489000,0.8,10.31,-1.61
1025658,7,Jogging,207635431489000,0.8,10.31,-1.61
1025659,7,Jogging,207635531678000,-15.17,10.42,0.46
1025660,7,Jogging,207635571748000,-17.88,14.86,3.53
1025661,7,Jogging,207635611421000,-11.14,19.72,1.69
1025662,7,Jogging,207635651460000,-9.51,19.76,-2.22
1025663,7,Jogging,207635731507000,3.72,9.23,-1.14
1025664,7,Jogging,207635771455000,8.01,8.5,0.5
