,user,label,timestamp,x,y,z
1025865,7,Jogging,207645821626000,-4.67,20.04,-7.5
1025866,7,Jogging,207645861512000,-1.5,16.36,-4.94
1025867,7,Jogging,207645901521000,0.08,6.7,-1.14
1025868,7,Jogging,207645941621000,2.11,1.92,4.18
1025869,7,Jogging,207646031617000,0.34,1.04,-0.93
1025870,7,Jogging,207646081727000,0.15,2.87,-1.92
1025871,7,Jogging,207646121583000,-3.83,8.24,-1.84
1025872,7,Jogging,207646161714000,-7.27,19.76,-5.01
1025873,7,Jogging,207646201570000,-8.28,20.04,-3.26
1025874,7,Jogging,207646282014000,-12.07,7.63,-7.12
1025875,7,Jogging,207646321870000,-3.26,-3.76,-4.67
1025876,7,Jogging,207646361665000,0.42,-0.99,-3.21
1025877,7,Jogging,207646409120000,-4.21,-4.4,5.67
1025878,7,Jogging,207646451692000,-1.14,5.56,6.51
1025879,7,Jogging,207646532472000,-9.0,3.57,1.31
1025880,7,Jogging,207646582215000,-15.47,12.72,-14.41
1025881,7,Jogging,207646624055000,-9.85,19.04,-7.59
1025882,7,Jogging,207646661653000,-4.99,19.42,-9.7
1025883,7,Jogging,207646701631000,-6.82,14.48,1.42
1025884,7,Jogging,207646781587000,-0.69,3.83,8.96
1025885,7,Jogging,207646821473000,0.23,2.56,6.74
1025886,7,Jogging,207646861634000,1.27,0.27,-0.53
1025887,7,Jogging,207646901643000,-0.95,0.31,7.21
1025888,7,Jogging,207646981599000,-4.37,16.93,-6.78
1025889,7,Jogging,207647021516000,-2.45,20.04,3.26
1025890,7,Jogging,207647061524000,1.42,20.04,-1.69
1025891,7,Jogging,207647101533000,0.53,18.28,-4.56
1025892,7,Jogging,207647181703000,-1.33,-1.76,-1.99
1025893,7,Jogging,207647221528000,-3.83,-6.24,-2.96
1025894,7,Jogging,207647261659000,-6.89,-3.6,-3.15
1025895,7,Jogging,207647301515000,1.8,4.25,4.94
1025896,7,Jogging,207647381623000,-0.19,9.23,-0.72
1025897,7,Jogging,207647429780000,-2.98,17.62,-12.87
1025898,7,Jogging,207647471742000,-6.7,18.31,-9.53
1025899,7,Jogging,207647511506000,0.23,20.04,-6.13
1025900,7,Jogging,207647551637000,-1.69,15.4,-2.98
1025901,7,Jogging,207647631623000,5.63,5.63,7.46
1025902,7,Jogging,207647671601000,4.44,2.03,8.69
1025903,7,Jogging,207647711518000,3.21,1.61,0.8
1025904,7,Jogging,207647751496000,2.53,1.54,0.91
1025905,7,Jogging,207647831636000,-0.89,12.98,-3.53
1025906,7,Jogging,207647871614000,3.53,20.04,1.23
1025907,7,Jogging,207647911622000,7.04,20.04,5.67
1025908,7,Jogging,207647982209000,5.48,11.26,-0.38
1025909,7,Jogging,207648021852000,-2.37,1.8,-1.92
1025910,7,Jogging,207648061524000,-4.9,-4.44,-4.82
1025911,7,Jogging,207648101472000,-5.22,-6.55,-6.74
1025912,7,Jogging,207648181733000,5.01,8.28,6.74
1025913,7,Jogging,207648221467000,8.54,7.44,5.48
1025914,7,Jogging,207648261964000,0.65,13.44,-7.08
1025915,7,Jogging,207648301576000,-8.47,17.54,-10.53
1025916,7,Jogging,207648381745000,2.64,20.04,-5.52
1025917,7,Jogging,207648431550000,1.8,19.53,-3.91
1025918,7,Jogging,207648471498000,-2.3,13.33,7.63
1025919,7,Jogging,207648511598000,2.53,6.36,11.65
1025920,7,Jogging,207648551576000,4.71,3.02,-1.23
1025921,7,Jogging,207648631654000,0.3,1.04,6.66
1025922,7,Jogging,207648671540000,-2.72,5.01,-1.27
1025923,7,Jogging,207648711640000,-1.8,15.55,-3.45
1025924,7,Jogging,207648751710000,1.84,20.04,-2.03
1025925,7,Jogging,207648831483000,-2.53,12.72,-4.14
1025926,7,Jogging,207648871491000,-1.46,6.93,-4.37
1025927,7,Jogging,207648911500000,-0.89,-4.44,-2.76
1025928,7,Jogging,207648951722000,-0.72,-9.19,-1.04
1025929,7,Jogging,207649031434000,-2.83,1.8,-1.95
1025930,7,Jogging,207649071443000,7.63,12.3,1.99
1025931,7,Jogging,207649111512000,4.59,11.07,1.69
1025932,7,Jogging,207649151582000,-6.78,12.72,-7.08
1025933,7,Jogging,207649231660000,-9.3,19.15,-7.08
1025934,7,Jogging,207649271333000,-4.71,15.66,-4.33
1025935,7,Jogging,207649311708000,-3.83,11.45,-3.21
1025936,7,Jogging,207649351625000,-2.64,7.93,-3.06
1025937,7,Jogging,207649401612000,-9.15,3.91,14.02
1025938,7,Jogging,207649481599000,0.8,-3.15,-2.64
1025939,7,Jogging,207649521668000,1.84,1.31,2.07
1025940,7,Jogging,207649561524000,0.5,6.21,-0.46
1025941,7,Jogging,207649601686000,-9.96,17.47,0.23
1025942,7,Jogging,207649681611000,-6.4,13.57,-8.31
1025943,7,Jogging,207649721620000,-7.01,1.18,-5.41
1025944,7,Jogging,207649761659000,-7.31,-4.25,-5.24
1025945,7,Jogging,207649801637000,-4.33,-4.71,-2.98
1025946,7,Jogging,207649881593000,-0.04,-2.03,-0.72
1025947,7,Jogging,207649921632000,2.3,9.53,2.87
1025948,7,Jogging,207649961701000,4.9,6.93,-0.8
1025949,7,Jogging,207650005097000,-13.33,17.2,-8.47
1025950,7,Jogging,207650081666000,-12.79,19.89,-6.32
1025951,7,Jogging,207650122010000,-8.66,19.34,-4.9
1025952,7,Jogging,207650161500000,-3.53,3.34,-2.76
1025954,7,Jogging,207650281373000,4.59,3.34,-2.76
1025953,7,Jogging,207650281373000,4.59,3.34,-2.76
1025955,7,Jogging,207650321382000,1.5,0.65,3.34
1025956,7,Jogging,207650361604000,-1.88,4.02,6.66
1025957,7,Jogging,207650401643000,-8.47,18.09,-2.53
1025958,7,Jogging,207650451875000,-8.69,18.09,-2.53
1025959,7,Jogging,207650531617000,0.84,20.04,-9.38
1025960,7,Jogging,207650571473000,-7.25,6.09,-1.33
1025961,7,Jogging,207650611482000,-5.98,-4.1,0.19
1025962,7,Jogging,207650651673000,-2.03,-2.64,-0.15
1025963,7,Jogging,207650731477000,-0.27,-4.71,-0.34
1025964,7,Jogging,207650771607000,-3.6,6.78,-5.67
1025965,7,Jogging,207650811524000,-1.99,14.33,-1.57
1025966,7,Jogging,207650851655000,-10.38,16.25,-0.23
1025967,7,Jogging,207650931611000,-14.06,19.0,-2.26
1025968,7,Jogging,207650971528000,-9.08,18.89,-1.99
1025969,7,Jogging,207651011598000,-5.28,14.71,-2.6
1025970,7,Jogging,207651051667000,-0.23,5.48,-2.56
1025971,7,Jogging,207651131654000,5.41,10.0,9.19
1025972,7,Jogging,207651171601000,4.67,3.64,-1.12
1025973,7,Jogging,207651211488000,-1.23,-4.33,3.79
1025974,7,Jogging,207651253816000,-7.82,9.3,-3.17
1025975,7,Jogging,207651331483000,-12.87,20.04,-6.24
1025976,7,Jogging,207651371491000,-18.05,14.79,-8.81
1025977,7,Jogging,207651411500000,-7.86,7.27,-3.87
1025978,7,Jogging,207651451478000,-1.5,-0.11,-1.8
1025979,7,Jogging,207651531495000,-2.18,-8.88,0.19
1025980,7,Jogging,207651571473000,-6.28,-1.65,3.34
1025981,7,Jogging,207651611665000,10.0,14.44,7.16
1025982,7,Jogging,207651651551000,-2.03,9.96,-2.49
1025983,7,Jogging,207651731507000,-12.98,17.92,-8.2
1025984,7,Jogging,207651771577000,-8.39,20.04,-6.51
1025985,7,Jogging,207651811524000,-4.67,20.04,-1.57
1025986,7,Jogging,207651851533000,1.53,12.95,4.02
1025987,7,Jogging,207651931489000,3.15,1.04,6.82
1025988,7,Jogging,207651971467000,2.3,1.46,-2.26
1025989,7,Jogging,207652011445000,3.3,0.93,-0.42
1025990,7,Jogging,207652051515000,1.14,2.68,6.17
1025991,7,Jogging,207652131501000,-8.39,19.15,-1.76
1025992,7,Jogging,207652171479000,-3.99,20.04,7.16
1025993,7,Jogging,207652211457000,-0.08,17.86,-1.33
1025994,7,Jogging,207652253572000,-1.61,12.07,-1.14
1025995,7,Jogging,207652331636000,-3.95,-2.68,-4.29
1025996,7,Jogging,207652371675000,-3.83,-6.02,1.53
1025997,7,Jogging,207652441163000,4.56,5.67,-0.34
1025998,7,Jogging,207652441163000,4.56,5.67,-0.34
1025999,7,Jogging,207652531495000,-9.04,16.55,-10.38
1026000,7,Jogging,207652571717000,-16.89,13.95,-2.41
1026001,7,Jogging,207652611634000,-8.01,19.89,-6.24
1026002,7,Jogging,207652651582000,-4.06,19.93,-4.18
1026003,7,Jogging,207652731507000,2.11,4.02,7.31
1026004,7,Jogging,207652771485000,0.8,1.46,10.69
1026005,7,Jogging,207652811677000,4.9,1.95,0.91
1026006,7,Jogging,207652851502000,2.6,0.84,-0.53
1026007,7,Jogging,207652931855000,-4.9,10.76,-0.46
1026008,7,Jogging,207652971467000,-3.49,19.8,-1.84
1026009,7,Jogging,207653011903000,-1.23,20.04,0.61
1026010,7,Jogging,207653051515000,-2.22,17.24,-4.21
1026011,7,Jogging,207653131501000,-3.45,2.87,-3.11
1026012,7,Jogging,207653171510000,-3.06,-5.37,-3.21
1026013,7,Jogging,207653211610000,-3.87,-7.08,1.84
1026014,7,Jogging,207653253694000,-5.37,-0.15,5.98
1026015,7,Jogging,207653331636000,6.28,11.26,-5.52
1026016,7,Jogging,207653371644000,-10.88,14.6,6.66
1026017,7,Jogging,207653411592000,-17.01,9.11,-4.02
1026018,7,Jogging,207653451509000,-14.25,19.19,-10.76
1026019,7,Jogging,207653531617000,-1.92,14.86,-2.07
1026020,7,Jogging,207653571504000,2.37,6.28,0.23
1026021,7,Jogging,207653611604000,1.99,1.33,6.36
1026022,7,Jogging,207653651673000,4.71,2.87,7.59
1026023,7,Jogging,207653731599000,3.21,2.3,3.49
1026024,7,Jogging,207653771607000,-4.02,5.33,1.33
1026025,7,Jogging,207653811555000,-8.16,17.05,-1.95
1026026,7,Jogging,207653851502000,-2.91,20.04,-1.84
1026027,7,Jogging,207653931520000,-5.52,13.87,-2.22
1026028,7,Jogging,207653971559000,-4.86,5.22,-3.6
1026029,7,Jogging,207654013825000,-2.91,-1.42,-4.4
1026030,7,Jogging,207654051454000,-0.42,-4.02,-1.31
1026031,7,Jogging,207654131532000,3.76,4.94,2.22
1026032,7,Jogging,207654171510000,6.55,11.41,-0.95
1026033,7,Jogging,207654211610000,-9.92,12.26,2.03
1026034,7,Jogging,207654253144000,-16.93,10.99,-8.58
1026035,7,Jogging,207654331483000,-7.59,19.99,-6.02
1026036,7,Jogging,207654371522000,-3.15,15.89,-3.06
1026037,7,Jogging,207654411622000,-2.18,6.93,1.73
1026038,7,Jogging,207654451631000,-2.49,2.76,11.3
1026039,7,Jogging,207654544740000,1.84,-1.23,-1.61
1026040,7,Jogging,207654582429000,0.84,0.95,4.44
1026041,7,Jogging,207654621949000,-2.83,4.99,0.04
1026042,7,Jogging,207654664491000,-8.2,18.05,-3.87
1026043,7,Jogging,207654702790000,-8.81,20.04,-0.53
1026044,7,Jogging,207654751435000,-5.01,18.89,-5.01
1026045,7,Jogging,207654831636000,-7.86,3.87,-3.53
1026046,7,Jogging,207654871522000,-1.88,-0.08,-1.61
1026047,7,Jogging,207654911531000,1.69,-6.74,-1.38
1026048,7,Jogging,207654951600000,1.99,-4.52,6.17
1026049,7,Jogging,207655031495000,-0.38,9.85,0.84
1026050,7,Jogging,207655071504000,-10.46,10.04,-2.07
1026051,7,Jogging,207655119172000,-14.79,17.69,-10.38
1026052,7,Jogging,207655161500000,-7.78,19.95,-6.4
1026053,7,Jogging,207655201570000,-5.52,19.61,-1.95
1026054,7,Jogging,207655281465000,1.84,0.76,4.63
1026055,7,Jogging,207655322663000,2.98,2.15,16.04
1026056,7,Jogging,207655361512000,4.06,2.6,2.03
1026057,7,Jogging,207655401551000,-2.49,-0.11,-1.92
1026058,7,Jogging,207655481599000,0.53,9.28,0.38
1026059,7,Jogging,207655521699000,1.65,19.84,2.87
1026060,7,Jogging,207655561708000,6.02,20.04,7.04
1026061,7,Jogging,207655601533000,5.82,19.5,-1.18
1026062,7,Jogging,207655681459000,-0.08,3.41,-1.73
1026063,7,Jogging,207655721498000,-3.79,-3.98,-3.72
1026064,7,Jogging,207655761537000,-4.02,-5.63,-2.91
