,user,label,timestamp,x,y,z
760126,8,Jogging,110911162544000,-18.92,-15.98,-1.84
760127,8,Jogging,110911241615000,-5.79,-6.47,-3.02
760129,8,Jogging,110911292976000,2.45,-1.65,-6.13
760128,8,Jogging,110911292976000,2.45,-1.65,-6.13
760130,8,Jogging,110911363868000,11.3,4.75,-5.24
760131,8,Jogging,110911442238000,-0.61,-2.87,-0.27
760132,8,Jogging,110911481636000,-1.76,-4.67,-4.48
760133,8,Jogging,110911521400000,-9.62,-16.74,-10.65
760134,8,Jogging,110911574379000,-19.27,-19.15,-1.65
760135,8,Jogging,110911633278000,-19.27,-3.87,-2.76
760136,8,Jogging,110911675941000,-14.48,4.67,12.53
760137,8,Jogging,110911718605000,-5.71,1.33,2.53
760138,8,Jogging,110911793586000,1.23,2.6,1.42
760139,8,Jogging,110911793586000,1.23,2.6,1.42
760141,8,Jogging,110911893074000,-2.98,-1.84,-0.19
760140,8,Jogging,110911893074000,-2.98,-1.84,-0.19
760142,8,Jogging,110911993965000,-14.63,-10.04,0.72
760143,8,Jogging,110912034614000,-4.33,-3.57,-7.59
760144,8,Jogging,110912071876000,3.68,-0.91,-7.31
760145,8,Jogging,110912111427000,12.03,2.98,-8.16
760146,8,Jogging,110912164955000,13.25,6.24,7.46
760147,8,Jogging,110912211555000,-2.34,-1.73,0.89
760148,8,Jogging,110912292457000,-10.57,-18.47,-13.67
760149,8,Jogging,110912331764000,-17.47,-19.15,-8.92
760150,8,Jogging,110912373329000,-19.27,-15.85,-4.02
760151,8,Jogging,110912422126000,-18.35,3.06,12.49
760152,8,Jogging,110912468849000,-11.65,1.14,2.72
760153,8,Jogging,110912511482000,-4.18,3.21,1.92
760154,8,Jogging,110912591499000,2.03,3.76,0.15
760155,8,Jogging,110912631660000,0.89,0.76,-1.76
760156,8,Jogging,110912671669000,-12.45,-9.19,0.34
760157,8,Jogging,110912711982000,-19.27,-19.15,-1.84
760158,8,Jogging,110912791633000,-4.94,-4.71,-7.93
760159,8,Jogging,110912831672000,3.68,-1.65,-9.11
760160,8,Jogging,110912871681000,13.25,4.06,-8.66
760161,8,Jogging,110912914222000,12.18,7.21,4.25
760162,8,Jogging,110912991584000,0.38,-3.72,-4.18
760163,8,Jogging,110913031624000,0.5,-11.56,-10.0
760164,8,Jogging,110913071510000,-13.29,-19.15,-10.95
760165,8,Jogging,110913116676000,-19.27,-19.15,-3.45
760166,8,Jogging,110913191627000,-13.48,1.18,11.8
760167,8,Jogging,110913232063000,-7.63,0.76,2.11
760168,8,Jogging,110913271644000,-2.79,2.79,1.88
760169,8,Jogging,110913311500000,0.53,2.87,1.61
760170,8,Jogging,110913391639000,-6.82,-2.45,-0.38
760171,8,Jogging,110913467079000,-19.27,-18.69,1.84
760172,8,Jogging,110913467079000,-19.27,-18.69,1.84
760173,8,Jogging,110913511543000,-6.82,-8.16,-5.43
760174,8,Jogging,110913591621000,11.99,2.22,-5.83
760175,8,Jogging,110913631508000,12.79,5.48,2.91
760176,8,Jogging,110913672249000,7.7,1.38,10.34
760177,8,Jogging,110913711586000,-2.6,-5.05,1.8
760178,8,Jogging,110913791725000,-5.05,-19.04,-12.98
760179,8,Jogging,110913841499000,-19.23,-19.15,-10.31
760180,8,Jogging,110913841499000,-19.23,-19.15,-10.31
760181,8,Jogging,110913921547000,-13.63,2.03,10.11
760182,8,Jogging,110913961433000,-5.67,2.22,4.18
760183,8,Jogging,110914041298000,0.99,3.72,0.72
760184,8,Jogging,110914081306000,1.5,3.26,-0.57
760185,8,Jogging,110914121284000,-4.67,-1.27,-0.72
760186,8,Jogging,110914161445000,-18.96,-17.24,-3.26
760187,8,Jogging,110914242012000,-10.23,-6.36,-1.46
760188,8,Jogging,110914281440000,-0.69,-5.18,-12.15
760189,8,Jogging,110914321510000,9.08,0.95,-10.19
760190,8,Jogging,110914361396000,14.94,8.69,-0.27
760191,8,Jogging,110914441536000,-0.53,-6.74,-1.88
760192,8,Jogging,110914495033000,0.19,-14.71,-11.54
760193,8,Jogging,110914541664000,-16.21,-19.15,-12.22
760194,8,Jogging,110914541664000,-16.21,-19.15,-12.22
760195,8,Jogging,110914641487000,-13.06,1.8,12.15
760196,8,Jogging,110914681495000,-6.17,1.18,2.72
760197,8,Jogging,110914721534000,-1.42,2.34,0.27
760198,8,Jogging,110914761573000,1.04,2.87,1.33
760199,8,Jogging,110914841499000,-3.83,1.23,-2.64
760200,8,Jogging,110914881660000,-18.81,-15.51,-2.26
760201,8,Jogging,110914921699000,-19.11,-18.28,4.48
760202,8,Jogging,110914971565000,-5.75,-6.74,-3.99
760203,8,Jogging,110915011573000,1.33,-5.33,-11.69
760204,8,Jogging,110915091499000,14.33,6.32,4.4
760205,8,Jogging,110915131660000,6.55,-3.02,7.12
760206,8,Jogging,110915171608000,3.11,-3.36,-5.28
760207,8,Jogging,110915211647000,2.53,-11.26,-5.28
760208,8,Jogging,110915261421000,-15.79,-19.15,-13.38
760209,8,Jogging,110915342170000,-18.09,1.65,10.65
760210,8,Jogging,110915381538000,-7.63,0.19,6.74
760211,8,Jogging,110915421516000,-0.95,1.61,2.53
760212,8,Jogging,110915461738000,0.89,1.57,0.0
760213,8,Jogging,110915541511000,0.19,1.88,-1.8
760214,8,Jogging,110915581642000,-12.49,-7.7,-3.79
760215,8,Jogging,110915621895000,-19.27,-19.15,1.04
760216,8,Jogging,110915661689000,-14.06,-14.48,7.63
760217,8,Jogging,110915743599000,6.78,-1.8,-8.73
760218,8,Jogging,110915783729000,14.71,6.44,-6.47
760219,8,Jogging,110915821571000,11.14,6.47,0.5
760220,8,Jogging,110915861549000,3.41,1.57,3.95
760221,8,Jogging,110915901710000,0.19,-4.33,-3.64
760222,8,Jogging,110915982185000,-7.59,-19.15,-13.95
760223,8,Jogging,110916022987000,-18.09,-19.15,-10.0
760224,8,Jogging,110916062202000,-19.27,-11.26,12.34
760225,8,Jogging,110916141517000,-5.05,1.84,1.5
760226,8,Jogging,110916181495000,0.46,4.71,2.37
760227,8,Jogging,110916221656000,1.57,4.63,0.0
760228,8,Jogging,110916263069000,1.46,2.98,-1.46
760229,8,Jogging,110916341438000,-17.69,-17.67,0.69
760230,8,Jogging,110916384895000,-16.93,-18.01,1.27
760231,8,Jogging,110916422493000,-3.26,-9.49,-3.91
760232,8,Jogging,110916461525000,4.14,-2.6,-7.78
760233,8,Jogging,110916501930000,12.03,6.05,-3.95
760234,8,Jogging,110916591469000,1.73,-0.8,-0.19
760235,8,Jogging,110916631508000,1.76,-3.06,-0.08
760236,8,Jogging,110916751320000,-18.73,-19.08,-0.08
760237,8,Jogging,110916751320000,-18.73,-19.08,-0.08
760238,8,Jogging,110916791420000,-19.27,-11.99,-5.18
760239,8,Jogging,110916831459000,-16.78,1.95,12.15
760240,8,Jogging,110916871620000,-6.05,0.34,0.8
760241,8,Jogging,110916911506000,-1.38,3.99,1.42
760242,8,Jogging,110916991493000,1.18,4.14,-0.89
760243,8,Jogging,110917031593000,-1.23,1.33,-2.3
760244,8,Jogging,110917073311000,-16.66,-13.95,-2.37
760245,8,Jogging,110917112251000,-19.27,-19.15,1.95
760246,8,Jogging,110917191627000,-0.42,-5.52,-7.93
760247,8,Jogging,110917231483000,7.27,0.27,-6.13
760248,8,Jogging,110917271614000,12.49,7.21,-3.21
760249,8,Jogging,110917312294000,11.14,6.97,6.55
760250,8,Jogging,110917391487000,-0.57,-2.68,-4.02
760251,8,Jogging,110917431495000,-2.15,-12.98,-9.34
760252,8,Jogging,110917472267000,-17.08,-19.15,-13.59
760253,8,Jogging,110917511543000,-19.23,-19.15,-2.49
760254,8,Jogging,110917591438000,-11.92,0.69,10.61
760255,8,Jogging,110917631508000,-6.93,0.42,1.33
760256,8,Jogging,110917671638000,-2.41,1.8,1.33
760257,8,Jogging,110917711525000,0.08,3.21,0.91
760258,8,Jogging,110917791633000,-5.37,-3.17,-0.38
760259,8,Jogging,110917835975000,-19.0,-16.85,-0.84
760260,8,Jogging,110917872047000,-18.89,-16.63,5.82
760261,8,Jogging,110917911689000,-10.31,-6.36,-6.09
760262,8,Jogging,110917961525000,3.6,-4.02,-10.8
760263,8,Jogging,110918041511000,11.84,3.21,3.98
760264,8,Jogging,110918081520000,5.05,1.31,4.71
760265,8,Jogging,110918121620000,-0.19,-4.1,1.12
760266,8,Jogging,110918161689000,1.88,-9.19,-9.7
760267,8,Jogging,110918205940000,-8.58,-19.15,-14.33
760268,8,Jogging,110918291572000,-19.0,-10.11,15.83
760269,8,Jogging,110918331642000,-9.43,0.93,10.19
760270,8,Jogging,110918371528000,-5.86,1.38,1.42
760271,8,Jogging,110918411506000,-2.26,2.37,1.69
760272,8,Jogging,110918491554000,1.08,2.41,-1.5
760273,8,Jogging,110918531685000,-8.01,-4.37,0.38
760274,8,Jogging,110918586403000,-19.27,-19.15,1.08
760275,8,Jogging,110918623451000,-12.91,-12.26,-1.33
760276,8,Jogging,110918661537000,-2.11,-7.35,-10.99
760277,8,Jogging,110918742653000,17.2,5.63,-6.32
760278,8,Jogging,110918783790000,13.57,6.32,7.25
760279,8,Jogging,110918821541000,1.33,-2.96,3.6
760280,8,Jogging,110918861549000,-1.27,-7.04,-2.68
760281,8,Jogging,110918941627000,-15.09,-19.15,-11.41
760282,8,Jogging,110918981544000,-19.23,-19.08,-0.84
760283,8,Jogging,110919021644000,-19.27,-5.28,2.98
760284,8,Jogging,110919061653000,-11.22,1.12,11.37
760285,8,Jogging,110919141639000,-2.6,1.65,-0.34
760286,8,Jogging,110919181648000,0.42,2.45,1.5
760287,8,Jogging,110919221351000,1.27,2.34,-1.33
760288,8,Jogging,110919262123000,-7.08,-5.43,2.6
760289,8,Jogging,110919341530000,-17.88,-15.01,2.75
760290,8,Jogging,110919381660000,-5.94,-8.58,-7.46
760291,8,Jogging,110919421699000,4.21,-4.82,-11.03
760292,8,Jogging,110919461677000,14.79,5.43,-3.38
760293,8,Jogging,110919541633000,5.63,0.84,7.5
760294,8,Jogging,110919581489000,0.0,-2.87,0.23
760295,8,Jogging,110919621650000,0.34,-8.96,-11.03
760296,8,Jogging,110919661537000,-11.8,-19.15,-14.25
760297,8,Jogging,110919708046000,-18.92,-19.15,-11.45
760298,8,Jogging,110919791603000,-11.56,1.57,11.37
760299,8,Jogging,110919791603000,-11.56,1.57,11.37
760300,8,Jogging,110919861915000,-4.21,2.37,0.42
760301,8,Jogging,110919941627000,1.18,1.92,-1.18
760302,8,Jogging,110919981636000,-4.44,-2.11,-1.8
760303,8,Jogging,110920022682000,-18.43,-16.32,1.65
760304,8,Jogging,110920061531000,-18.66,-17.24,0.27
760305,8,Jogging,110920141639000,-0.61,-5.2,-10.69
760306,8,Jogging,110920181495000,11.54,0.95,-8.05
760307,8,Jogging,110920221687000,14.48,5.48,-5.09
760308,8,Jogging,110920272834000,6.09,2.26,12.72
760309,8,Jogging,110920311439000,-2.49,-8.69,1.57
760310,8,Jogging,110920391639000,-4.82,-19.15,-13.8
760311,8,Jogging,110920431648000,-18.28,-19.15,-15.43
760312,8,Jogging,110920471687000,-19.27,-16.32,3.26
760313,8,Jogging,110920511696000,-14.79,2.37,12.03
760314,8,Jogging,110920591530000,-2.22,3.49,0.04
760315,8,Jogging,110920631508000,0.8,3.38,1.8
760316,8,Jogging,110920671821000,1.88,3.38,-0.42
760317,8,Jogging,110920713356000,-2.26,0.99,-2.68
760318,8,Jogging,110920791633000,-19.27,-19.15,2.34
760319,8,Jogging,110920831489000,-11.45,-10.95,-0.04
760320,8,Jogging,110920871620000,-0.8,-6.13,-10.27
760321,8,Jogging,110920911537000,8.54,-0.57,-7.59
760322,8,Jogging,110920991432000,12.91,2.53,8.05
760323,8,Jogging,110921031501000,-0.23,-3.3,2.6
760324,8,Jogging,110921071632000,0.42,-6.24,-6.13
760325,8,Jogging,110921111732000,-3.15,-17.08,-14.25
