,user,label,timestamp,x,y,z
760726,8,Jogging,110941191475000,2.11,-5.6,7.78
760727,8,Jogging,110941232124000,-0.34,-5.94,-6.85
760728,8,Jogging,110941271522000,-4.29,-15.09,-10.76
760729,8,Jogging,110941316200000,-16.59,-19.15,-11.56
760730,8,Jogging,110941384102000,-19.27,-11.69,-3.21
760731,8,Jogging,110941421577000,-17.47,5.09,11.07
760732,8,Jogging,110941461494000,-7.08,2.87,5.05
760733,8,Jogging,110941541511000,0.15,2.83,3.6
760734,8,Jogging,110941581520000,1.42,1.99,-1.04
760735,8,Jogging,110941621498000,-0.95,0.04,-2.11
760736,8,Jogging,110941661628000,-15.09,-11.33,0.5
760737,8,Jogging,110941741707000,-11.56,-8.35,-2.34
760738,8,Jogging,110941781654000,-3.11,-3.45,-6.28
760739,8,Jogging,110941821632000,5.6,-0.61,-4.86
760740,8,Jogging,110941861641000,10.95,2.98,-6.02
760741,8,Jogging,110941941505000,1.73,-0.72,5.01
760742,8,Jogging,110941981666000,-1.14,-4.29,-0.08
760743,8,Jogging,110942021858000,-1.27,-12.41,-10.42
760744,8,Jogging,110942071632000,-15.94,-19.15,-11.14
760745,8,Jogging,110942112556000,-19.27,-17.24,0.42
760746,8,Jogging,110942191536000,-13.21,5.43,12.22
760747,8,Jogging,110942232826000,-4.99,2.11,2.56
760748,8,Jogging,110942271614000,-1.14,2.45,0.5
760749,8,Jogging,110942311653000,0.76,2.22,1.8
760750,8,Jogging,110942391670000,-1.88,-1.18,-1.18
760751,8,Jogging,110942431587000,-17.73,-13.76,0.38
760752,8,Jogging,110942471534000,-19.23,-17.54,-1.54
760753,8,Jogging,110942511635000,-10.76,-5.05,-2.37
760754,8,Jogging,110942562019000,-0.19,-2.64,-7.7
760755,8,Jogging,110942641517000,14.9,4.37,-7.31
760756,8,Jogging,110942681648000,9.49,1.65,16.85
760757,8,Jogging,110942721504000,-0.72,-6.21,-0.15
760758,8,Jogging,110942761665000,0.34,-7.01,-9.43
760759,8,Jogging,110942841621000,-18.81,-19.15,-13.18
760760,8,Jogging,110942882515000,-19.27,-18.5,-1.23
760761,8,Jogging,110942922279000,-19.04,2.96,7.35
760762,8,Jogging,110942961555000,-11.18,1.76,7.46
760763,8,Jogging,110943041725000,-0.04,3.79,2.6
760764,8,Jogging,110943082985000,1.73,4.21,0.89
760765,8,Jogging,110943121620000,1.84,2.45,-0.76
760766,8,Jogging,110943161628000,-3.87,-1.8,-1.08
760767,8,Jogging,110943241584000,-18.89,-17.2,-0.11
760768,8,Jogging,110943281624000,-7.82,-5.75,-1.88
760769,8,Jogging,110943321663000,-0.15,-2.53,-5.6
760770,8,Jogging,110943361580000,8.05,1.5,-5.05
760771,8,Jogging,110943441505000,9.23,3.91,5.43
760772,8,Jogging,110943481666000,0.15,-1.8,-1.14
760773,8,Jogging,110943521522000,0.46,-3.76,-1.54
760774,8,Jogging,110943561683000,-7.27,-15.62,-12.91
760775,8,Jogging,110943641731000,-19.27,-16.74,-0.38
760776,8,Jogging,110943681495000,-19.27,0.89,1.84
760777,8,Jogging,110943721504000,-12.34,4.33,9.49
760778,8,Jogging,110943761696000,-5.24,1.14,2.3
760779,8,Jogging,110943841621000,0.57,2.07,3.26
760780,8,Jogging,110943881538000,1.65,2.11,-1.23
760781,8,Jogging,110943921669000,-4.9,-2.11,0.42
760782,8,Jogging,110943961677000,-18.66,-13.87,0.23
760783,8,Jogging,110944041481000,-7.86,-6.93,-6.09
760784,8,Jogging,110944081642000,0.53,-2.83,-5.67
760785,8,Jogging,110944121528000,9.47,1.42,-3.6
760786,8,Jogging,110944161537000,10.61,4.63,-3.34
760787,8,Jogging,110944241737000,-1.38,-0.89,-0.84
760788,8,Jogging,110944402229000,-19.27,-15.05,-2.11
760789,8,Jogging,110944402229000,-19.27,-15.05,-2.11
760790,8,Jogging,110944402229000,-19.27,-15.05,-2.11
760791,8,Jogging,110944441627000,-19.27,-2.03,-1.69
760792,8,Jogging,110944481514000,-14.44,5.63,10.46
760793,8,Jogging,110944521522000,-5.52,1.38,1.84
760794,8,Jogging,110944561500000,-1.18,3.02,0.42
760795,8,Jogging,110944641517000,1.57,2.41,-1.42
760796,8,Jogging,110944683357000,-3.99,-1.92,-0.61
760797,8,Jogging,110944721626000,-18.35,-14.52,-3.11
760798,8,Jogging,110944761573000,-19.11,-16.85,-1.12
760799,8,Jogging,110944841621000,-0.99,-3.98,-8.35
760800,8,Jogging,110944881538000,8.77,-0.23,-6.4
760801,8,Jogging,110944921577000,14.21,5.63,-3.95
760802,8,Jogging,110944961708000,10.34,4.25,8.01
760803,8,Jogging,110945041725000,0.89,-6.28,-7.55
760804,8,Jogging,110945081581000,-5.71,-17.67,-14.44
760805,8,Jogging,110945131660000,-18.96,-19.15,-6.85
760806,8,Jogging,110945171608000,-19.27,-12.45,-5.83
760807,8,Jogging,110945211555000,-17.5,2.68,14.37
760808,8,Jogging,110945252968000,-6.78,1.38,5.79
760809,8,Jogging,110945341591000,0.61,1.95,3.06
760810,8,Jogging,110945381935000,2.11,2.98,-0.69
760811,8,Jogging,110945421669000,0.34,2.34,-2.49
760812,8,Jogging,110945461677000,-12.34,-6.47,0.38
760813,8,Jogging,110945541633000,-15.36,-13.06,-1.27
760814,8,Jogging,110945581672000,-2.96,-4.67,-6.74
760815,8,Jogging,110945621498000,5.18,-1.8,-6.66
760816,8,Jogging,110945661659000,12.64,2.79,-5.05
760817,8,Jogging,110945741676000,3.87,-1.73,6.89
760818,8,Jogging,110945781501000,-2.53,-4.82,-1.84
760819,8,Jogging,110945821510000,-2.45,-12.18,-10.27
760820,8,Jogging,110945861671000,-14.37,-19.15,-11.18
760821,8,Jogging,110945941627000,-19.27,-8.58,-8.92
760822,8,Jogging,110945981514000,-16.74,2.07,11.07
760823,8,Jogging,110946021614000,-6.24,2.26,4.94
760824,8,Jogging,110946061531000,-2.56,2.68,0.42
760825,8,Jogging,110946141517000,1.33,2.83,0.53
760826,8,Jogging,110946181648000,-0.23,1.23,-1.95
760827,8,Jogging,110946221656000,-12.53,-7.65,-1.8
760828,8,Jogging,110946261726000,-19.27,-19.11,-1.08
760829,8,Jogging,110946341743000,-3.72,-4.94,-6.47
760830,8,Jogging,110946389991000,6.02,-0.89,-6.17
760831,8,Jogging,110946431465000,13.14,3.64,-7.25
760832,8,Jogging,110946471534000,12.68,5.24,7.89
760833,8,Jogging,110946511696000,-0.5,-3.02,0.42
760834,8,Jogging,110946591469000,-2.18,-10.27,-8.69
760835,8,Jogging,110946631538000,-18.12,-19.15,-13.87
760836,8,Jogging,110946672218000,-19.27,-17.88,-5.56
760837,8,Jogging,110946711586000,-19.27,-6.85,0.65
760838,8,Jogging,110946791542000,-5.98,-1.5,4.75
760839,8,Jogging,110946831459000,-4.56,1.08,-0.46
760840,8,Jogging,110946871528000,-1.18,2.72,4.4
760841,8,Jogging,110946911689000,1.12,2.11,-0.95
760842,8,Jogging,110946991707000,-17.12,-13.06,2.34
760843,8,Jogging,110947031654000,-19.23,-18.54,-0.5
760844,8,Jogging,110947071571000,-11.99,-6.59,-4.75
760845,8,Jogging,110947111702000,-3.6,-4.44,-9.62
760846,8,Jogging,110947166755000,9.96,-0.76,-8.08
760847,8,Jogging,110947243080000,9.38,5.75,8.35
760848,8,Jogging,110947281501000,0.23,-1.65,6.36
760849,8,Jogging,110947321510000,1.84,-5.43,-2.83
760850,8,Jogging,110947361702000,0.15,-13.1,-11.99
760851,8,Jogging,110947441597000,-19.27,-19.15,-15.43
760852,8,Jogging,110947481514000,-19.27,-11.84,10.15
760853,8,Jogging,110947521522000,-13.06,1.99,9.72
760854,8,Jogging,110947561531000,-5.75,1.04,4.18
760855,8,Jogging,110947641487000,-0.76,2.87,4.4
760856,8,Jogging,110947681617000,0.99,2.87,-1.57
760857,8,Jogging,110947721626000,-7.5,-2.34,-1.95
760858,8,Jogging,110947761726000,-18.96,-17.62,-4.94
760859,8,Jogging,110947841499000,-7.25,-7.44,-8.12
760860,8,Jogging,110947881508000,0.91,-4.44,-11.65
760861,8,Jogging,110947921516000,12.91,2.6,-10.99
760862,8,Jogging,110947961647000,17.08,8.66,-2.15
760863,8,Jogging,110948042152000,-1.31,-4.33,-2.45
760864,8,Jogging,110948086525000,-0.89,-11.22,-8.73
760865,8,Jogging,110948123604000,-11.03,-19.15,-14.21
760866,8,Jogging,110948161537000,-18.16,-19.15,-12.07
760867,8,Jogging,110948241615000,-18.35,2.3,8.2
760868,8,Jogging,110948281715000,-6.63,1.99,7.93
760869,8,Jogging,110948321510000,-4.14,2.03,1.31
760870,8,Jogging,110948361671000,-1.42,1.61,2.22
760871,8,Jogging,110948441627000,-0.04,0.95,-1.84
760872,8,Jogging,110948481666000,-11.69,-7.12,0.76
760873,8,Jogging,110948521644000,-19.27,-19.11,-3.57
760874,8,Jogging,110948561683000,-16.78,-10.69,0.53
760875,8,Jogging,110948641639000,4.02,-3.64,-9.38
760876,8,Jogging,110948681495000,15.51,2.26,-10.84
760877,8,Jogging,110948721504000,15.7,5.83,4.1
760878,8,Jogging,110948761573000,4.21,-1.23,7.44
760879,8,Jogging,110948841499000,-1.23,-14.4,-10.84
760880,8,Jogging,110948887306000,-14.9,-19.15,-12.45
760881,8,Jogging,110948924751000,-19.27,-19.15,-8.89
760882,8,Jogging,110948962806000,-19.27,-7.63,8.88
760883,8,Jogging,110949041481000,-6.32,1.57,3.06
760884,8,Jogging,110949081642000,-2.22,1.99,0.95
760885,8,Jogging,110949121498000,0.89,2.07,2.03
760886,8,Jogging,110949161689000,2.26,1.73,-0.46
760887,8,Jogging,110949241737000,-18.05,-15.75,-3.76
760888,8,Jogging,110949281624000,-18.12,-17.58,0.38
760889,8,Jogging,110949321541000,-5.56,-8.66,-4.82
760890,8,Jogging,110949361549000,1.92,-4.29,-9.19
760891,8,Jogging,110949411598000,14.14,5.33,-5.67
760892,8,Jogging,110949491523000,4.71,1.99,6.36
760893,8,Jogging,110949531501000,-0.95,-3.49,-0.23
760894,8,Jogging,110949571663000,-0.11,-11.6,-13.91
760895,8,Jogging,110949612526000,-10.31,-19.15,-11.84
760896,8,Jogging,110949691505000,-19.27,-14.67,-2.6
760897,8,Jogging,110949731636000,-17.08,1.88,11.84
760898,8,Jogging,110949771492000,-8.16,0.11,5.71
760899,8,Jogging,110949811470000,-5.13,1.73,-0.31
760900,8,Jogging,110949891517000,1.14,3.3,-0.23
760901,8,Jogging,110949931648000,0.08,2.07,-2.03
760902,8,Jogging,110949971534000,-12.87,-7.97,-3.38
760903,8,Jogging,110950011665000,-19.27,-19.15,-5.24
760904,8,Jogging,110950091621000,-4.1,-6.21,-8.62
760905,8,Jogging,110950131660000,4.48,-2.34,-10.76
760906,8,Jogging,110950171486000,14.6,5.63,-11.88
760907,8,Jogging,110950211494000,15.98,7.93,5.67
760908,8,Jogging,110950291481000,-0.69,-5.37,-4.6
760909,8,Jogging,110950331520000,-2.37,-13.95,-11.35
760910,8,Jogging,110950375221000,-17.16,-19.15,-14.21
760911,8,Jogging,110950414344000,-19.27,-18.85,-11.26
760912,8,Jogging,110950491554000,-11.07,1.18,6.09
760913,8,Jogging,110950531532000,-4.67,1.38,0.08
760914,8,Jogging,110950571693000,-0.69,3.38,2.14
760915,8,Jogging,110950611641000,1.12,4.4,2.37
760916,8,Jogging,110950691627000,-5.33,-0.91,-0.27
760917,8,Jogging,110950732795000,-19.19,-16.97,-4.48
760918,8,Jogging,110950772285000,-18.24,-17.39,1.73
760919,8,Jogging,110950811500000,-6.32,-8.5,-2.64
760920,8,Jogging,110950891517000,11.26,1.88,-7.46
760921,8,Jogging,110950931648000,15.05,7.21,0.42
760922,8,Jogging,110950971534000,8.66,1.73,8.39
760923,8,Jogging,110951011512000,-1.69,-4.67,-1.12
760924,8,Jogging,110951091743000,-14.67,-19.15,-13.44
760925,8,Jogging,110951131477000,-18.7,-18.92,-6.36
