,user,label,timestamp,x,y,z
763326,8,Jogging,111071181495000,14.06,3.99,-3.11
763327,8,Jogging,111071221504000,11.07,3.95,6.4
763328,8,Jogging,111071261726000,0.34,-0.57,1.8
763329,8,Jogging,111071311439000,0.19,-3.15,-2.79
763330,8,Jogging,111071394233000,-19.15,-19.11,-2.96
763331,8,Jogging,111071443000000,-19.27,-6.85,-9.43
763332,8,Jogging,111071482155000,-19.0,1.42,5.37
763333,8,Jogging,111071521522000,-8.31,2.64,8.16
763334,8,Jogging,111071561531000,-5.28,2.45,4.44
763335,8,Jogging,111071641639000,-0.76,1.57,3.11
763336,8,Jogging,111071681617000,-0.08,-0.08,-2.45
763337,8,Jogging,111071721626000,-11.35,-5.86,3.36
763338,8,Jogging,111071761665000,-19.27,-18.58,-1.38
763339,8,Jogging,111071841591000,-8.54,-2.98,-6.47
763340,8,Jogging,111071881630000,1.61,-4.06,-7.55
763341,8,Jogging,111071921516000,11.99,-0.38,-6.51
763342,8,Jogging,111071971748000,14.33,3.79,-0.11
763343,8,Jogging,111072011512000,5.48,2.07,11.41
763344,8,Jogging,111072093696000,-4.94,-12.83,-13.25
763345,8,Jogging,111072132759000,-16.36,-19.15,-13.8
763346,8,Jogging,111072171730000,-18.62,-17.77,-5.83
763347,8,Jogging,111072211525000,-19.27,-9.58,-7.97
763348,8,Jogging,111072291633000,-7.44,1.46,6.66
763349,8,Jogging,111072331520000,-4.9,1.04,-0.34
763350,8,Jogging,111072371437000,-1.27,2.98,2.3
763351,8,Jogging,111072411445000,1.46,2.98,2.83
763352,8,Jogging,111072491615000,-10.5,-4.52,0.46
763353,8,Jogging,111072531624000,-19.27,-18.28,-0.23
763354,8,Jogging,111072571479000,-16.04,-13.67,-5.22
763355,8,Jogging,111072611549000,-4.6,-4.14,-5.37
763356,8,Jogging,111072691475000,11.95,1.73,-3.17
763357,8,Jogging,111072731636000,12.53,4.06,-0.89
763358,8,Jogging,111072774421000,7.01,3.38,2.64
763359,8,Jogging,111072813728000,-0.31,-1.08,-0.5
763360,8,Jogging,111072891639000,-18.24,-19.15,-15.79
763361,8,Jogging,111072931465000,-17.47,-17.86,0.84
763362,8,Jogging,111072971595000,-19.27,-9.81,-16.36
763363,8,Jogging,111073011421000,-19.27,-1.12,6.43
763364,8,Jogging,111073091469000,-4.67,2.18,2.87
763365,8,Jogging,111073131630000,-2.34,2.3,1.38
763366,8,Jogging,111073171608000,0.15,1.57,2.83
763367,8,Jogging,111073211555000,0.99,0.65,-1.88
763368,8,Jogging,111073291633000,-19.27,-17.01,0.27
763369,8,Jogging,111073331520000,-18.28,-11.45,-3.15
763370,8,Jogging,111073371589000,-8.73,-3.11,-5.79
763371,8,Jogging,111073411781000,-0.42,-4.63,-8.96
763372,8,Jogging,111073451637000,11.65,-0.11,-8.05
763373,8,Jogging,111073541450000,5.82,1.92,8.77
763374,8,Jogging,111073581489000,-1.5,-2.56,0.61
763375,8,Jogging,111073621681000,-1.99,-9.19,-8.43
763376,8,Jogging,111073661964000,-15.43,-19.15,-16.02
763377,8,Jogging,111073705269000,-18.66,-18.31,0.84
763378,8,Jogging,111073794716000,-15.79,4.4,12.26
763379,8,Jogging,111073834480000,-6.51,1.61,5.98
763380,8,Jogging,111073871772000,-4.06,1.73,-0.84
763381,8,Jogging,111073911537000,-0.61,2.64,4.94
763382,8,Jogging,111073951729000,1.61,1.8,-0.76
763383,8,Jogging,111074041603000,-18.09,-12.3,1.18
763384,8,Jogging,111074081642000,-19.23,-16.97,0.91
763385,8,Jogging,111074121498000,-10.5,-5.33,-4.52
763386,8,Jogging,111074161598000,-2.41,-4.82,-9.72
763387,8,Jogging,111074241584000,16.32,4.37,-5.01
763388,8,Jogging,111074282203000,12.07,3.26,8.43
763389,8,Jogging,111074322212000,0.65,-2.87,6.32
763390,8,Jogging,111074361519000,-0.65,-6.63,-3.26
763391,8,Jogging,111074405006000,-7.25,-17.2,-15.4
763392,8,Jogging,111074482734000,-19.27,-17.31,-3.34
763393,8,Jogging,111074522133000,-19.27,-2.45,2.11
763394,8,Jogging,111074561500000,-12.57,2.87,8.96
763395,8,Jogging,111074641456000,-3.83,3.6,0.08
763396,8,Jogging,111074681465000,-0.53,3.72,5.13
763397,8,Jogging,111074721626000,1.5,1.54,-1.38
763398,8,Jogging,111074762336000,-5.37,-2.45,0.0
763399,8,Jogging,111074841469000,-18.58,-16.93,-1.8
763400,8,Jogging,111074881630000,-7.97,-4.33,-4.71
763401,8,Jogging,111074921608000,-1.57,-3.26,-7.7
763402,8,Jogging,111074961555000,8.69,0.38,-7.4
763403,8,Jogging,111075041450000,11.18,2.72,10.69
763404,8,Jogging,111075081611000,-0.08,-2.91,3.53
763405,8,Jogging,111075121467000,0.8,-4.4,-4.6
763406,8,Jogging,111075161689000,-7.44,-15.43,-15.64
763407,8,Jogging,111075241676000,-19.27,1.38,3.6
763408,8,Jogging,111075361335000,-5.79,1.33,0.8
763409,8,Jogging,111075401375000,-2.6,1.33,0.8
763410,8,Jogging,111075401375000,-2.6,1.33,0.8
763411,8,Jogging,111075441566000,0.23,1.38,3.26
763412,8,Jogging,111075481605000,1.46,0.42,-1.92
763413,8,Jogging,111075522682000,-8.73,-3.72,1.61
763414,8,Jogging,111075568855000,-19.27,-18.16,0.57
763415,8,Jogging,111075611427000,-14.41,-8.66,-7.25
763416,8,Jogging,111075691444000,5.94,-3.53,-4.86
763417,8,Jogging,111075731422000,14.14,0.8,-6.05
763418,8,Jogging,111075771461000,14.82,4.48,0.89
763419,8,Jogging,111075811561000,4.06,2.22,7.74
763420,8,Jogging,111075891670000,-10.46,-11.75,-11.99
763421,8,Jogging,111075932106000,-18.92,-18.89,-13.33
763422,8,Jogging,111075971504000,-18.24,-15.62,1.46
763423,8,Jogging,111076012947000,-19.27,-7.7,-11.96
763424,8,Jogging,111076071724000,-15.09,4.67,11.22
763425,8,Jogging,111076111488000,-6.44,2.03,5.71
763426,8,Jogging,111076191475000,-0.99,2.96,5.79
763427,8,Jogging,111076231483000,1.12,1.23,0.27
763428,8,Jogging,111076271675000,-2.11,-0.46,-2.72
763429,8,Jogging,111076311561000,-16.7,-12.07,1.31
763430,8,Jogging,111076391609000,-10.38,-4.99,-5.28
763431,8,Jogging,111076431678000,-2.87,-3.36,-7.86
763432,8,Jogging,111076471595000,5.63,-1.46,-4.37
763433,8,Jogging,111076511665000,12.98,1.95,-5.37
763434,8,Jogging,111076591591000,2.68,1.04,6.47
763435,8,Jogging,111076631630000,-1.84,-2.79,-4.52
763436,8,Jogging,111076672828000,-9.96,-13.95,-12.57
763438,8,Jogging,111076763984000,-19.27,-12.34,-1.88
763437,8,Jogging,111076763984000,-19.27,-12.34,-1.88
763439,8,Jogging,111076841438000,-16.21,4.33,9.58
763440,8,Jogging,111076881477000,-5.79,1.57,5.79
763441,8,Jogging,111076921486000,-5.37,1.76,-1.42
763442,8,Jogging,111076961677000,-2.3,2.98,5.94
763443,8,Jogging,111077041786000,-2.49,-0.42,-3.06
763444,8,Jogging,111077081611000,-16.74,-10.38,0.34
763445,8,Jogging,111077121620000,-19.23,-18.62,-0.04
763446,8,Jogging,111077161781000,-11.56,-8.39,-7.01
763447,8,Jogging,111077241676000,5.33,-2.56,-4.94
763448,8,Jogging,111077288643000,12.76,0.65,-3.91
763449,8,Jogging,111077331428000,11.45,4.99,6.82
763450,8,Jogging,111077371467000,2.3,0.72,3.45
763451,8,Jogging,111077411689000,-1.31,-2.26,-2.41
763452,8,Jogging,111077451545000,-11.41,-13.29,-13.8
763453,8,Jogging,111077541511000,-19.27,-11.3,1.8
763454,8,Jogging,111077581642000,-19.27,-4.48,-5.28
763455,8,Jogging,111077621498000,-13.38,0.08,11.33
763456,8,Jogging,111077661628000,-6.09,0.61,6.78
763457,8,Jogging,111077741646000,-2.72,2.3,4.63
763458,8,Jogging,111077781776000,0.76,1.88,0.3
763459,8,Jogging,111077824196000,-1.84,0.34,-3.06
763460,8,Jogging,111077861946000,-15.83,-9.62,-0.31
763461,8,Jogging,111077941536000,-10.84,-8.39,-5.01
763462,8,Jogging,111077981483000,-2.26,-4.14,-7.08
763463,8,Jogging,111078021553000,6.05,-0.76,-4.02
763464,8,Jogging,111078061744000,13.14,6.85,2.53
763465,8,Jogging,111078141639000,2.41,2.03,6.17
763466,8,Jogging,111078181587000,-2.49,-1.92,-4.37
763467,8,Jogging,111078221504000,-8.89,-11.37,-10.88
763468,8,Jogging,111078261512000,-19.27,-19.15,-14.6
763469,8,Jogging,111078341591000,-19.27,-6.93,-9.0
763470,8,Jogging,111078383308000,-17.69,0.57,9.08
763471,8,Jogging,111078421486000,-6.59,0.89,6.97
763472,8,Jogging,111078461708000,-4.75,0.84,3.11
763473,8,Jogging,111078541481000,-0.61,2.91,5.48
763474,8,Jogging,111078581611000,-0.38,0.61,-2.56
763475,8,Jogging,111078621620000,-10.92,-5.48,-0.61
763476,8,Jogging,111078662056000,-19.27,-19.11,0.57
763477,8,Jogging,111078741737000,-7.25,-0.42,-5.63
763478,8,Jogging,111078781593000,-0.38,-1.61,-7.06
763479,8,Jogging,111078823829000,8.73,-1.08,-9.28
763480,8,Jogging,111078861580000,14.44,1.5,-8.39
763481,8,Jogging,111078930122000,0.8,-2.11,4.48
763482,8,Jogging,111078971565000,-3.17,-5.18,-5.48
763483,8,Jogging,111079011696000,-12.6,-16.63,-11.26
763484,8,Jogging,111079091591000,-19.27,-12.72,-2.83
763485,8,Jogging,111079131447000,-19.27,-2.53,-4.67
763486,8,Jogging,111079171577000,-14.25,3.34,8.58
763487,8,Jogging,111079211586000,-3.38,0.95,5.18
763488,8,Jogging,111079291847000,-1.99,1.88,0.23
763489,8,Jogging,111079332344000,-0.23,2.11,1.99
763490,8,Jogging,111079371589000,-2.49,0.23,-4.06
763491,8,Jogging,111079411659000,-17.47,-13.1,4.33
763492,8,Jogging,111079491493000,-13.14,-9.0,-6.78
763493,8,Jogging,111079531501000,-2.83,-3.49,-5.13
763494,8,Jogging,111079571479000,2.45,-2.83,-4.1
763495,8,Jogging,111079611519000,7.63,-1.38,-4.79
763496,8,Jogging,111079691475000,11.07,7.5,5.13
763497,8,Jogging,111079731636000,-3.72,-5.37,5.82
763498,8,Jogging,111079774452000,-15.09,-15.98,-17.24
763499,8,Jogging,111079813850000,-18.89,-18.5,-12.15
763500,8,Jogging,111079891609000,-6.44,-8.12,3.6
763501,8,Jogging,111079931617000,-9.11,-6.7,-2.15
763502,8,Jogging,111079971565000,-8.43,-4.86,4.18
763503,8,Jogging,111080011512000,-7.86,-5.05,6.32
763504,8,Jogging,111080091469000,-4.94,-1.57,0.15
763505,8,Jogging,111080143226000,-11.37,-6.43,-1.61
763506,8,Jogging,111080182869000,-16.02,-15.47,1.65
763507,8,Jogging,111080221687000,-16.78,-18.66,-3.95
763508,8,Jogging,111080261573000,-6.21,-13.4,-1.27
763509,8,Jogging,111080341591000,-3.34,-0.11,-4.44
763510,8,Jogging,111080381508000,-1.38,5.22,-4.71
763511,8,Jogging,111080421913000,3.26,1.5,0.95
763512,8,Jogging,111080461830000,-3.17,-4.4,14.56
763513,8,Jogging,111080541450000,-12.18,-13.78,-5.33
763514,8,Jogging,111080581489000,-16.02,-15.98,-10.04
763515,8,Jogging,111080621620000,-8.24,-3.45,-10.0
763516,8,Jogging,111080665504000,-10.27,-6.13,-6.21
763517,8,Jogging,111080743293000,-8.47,-8.69,-0.38
763518,8,Jogging,111080784248000,-7.97,-7.7,1.38
763519,8,Jogging,111080822883000,-5.94,-2.49,4.52
763520,8,Jogging,111080861610000,-8.01,-0.11,5.63
763521,8,Jogging,111080942146000,-9.3,-6.32,0.91
763522,8,Jogging,111080981605000,-17.35,-10.72,-2.87
763523,8,Jogging,111081021644000,-13.57,-11.26,-1.5
763524,8,Jogging,111081062721000,-10.46,-10.11,-1.76
763525,8,Jogging,111081143928000,-11.56,-4.63,-0.46
