,user,label,timestamp,x,y,z
407527,10,Jogging,3766762341000,-17.58,16.78,-0.65
407528,10,Jogging,3766812328000,-0.95,8.85,-6.21
407529,10,Jogging,3766862347000,-7.46,-8.05,-6.51
407530,10,Jogging,3766912334000,-2.14,-12.34,-7.01
407531,10,Jogging,3766962322000,0.95,-3.6,8.05
407532,10,Jogging,3767012279000,-8.12,19.38,3.95
407533,10,Jogging,3767062328000,-11.69,7.08,-9.3
407534,10,Jogging,3767112347000,-14.71,-0.15,-4.75
407535,10,Jogging,3767162334000,-18.92,5.09,-6.82
407536,10,Jogging,3767212322000,-13.21,19.57,-9.0
407537,10,Jogging,3767262341000,4.21,12.83,10.19
407538,10,Jogging,3767312328000,8.81,2.64,3.41
407539,10,Jogging,3767362347000,1.8,1.46,4.6
407540,10,Jogging,3767412334000,8.69,10.34,0.5
407541,10,Jogging,3767462292000,-7.93,14.48,-2.3
407542,10,Jogging,3767512341000,-19.57,19.57,-0.46
407543,10,Jogging,3767562328000,-13.1,16.55,0.89
407544,10,Jogging,3767612347000,-3.02,1.18,-7.55
407545,10,Jogging,3767662334000,-7.08,-12.41,-10.04
407546,10,Jogging,3767712322000,-0.46,-11.8,-5.94
407547,10,Jogging,3767762341000,-1.61,3.38,5.05
407548,10,Jogging,3767812328000,-3.87,13.8,3.95
407549,10,Jogging,3767862347000,-17.01,7.89,-9.92
407550,10,Jogging,3767912365000,-14.75,5.48,-3.57
407551,10,Jogging,3767962322000,-17.08,12.95,-9.58
407552,10,Jogging,3768012371000,-6.09,18.73,2.15
407553,10,Jogging,3768062328000,6.47,7.08,2.64
407554,10,Jogging,3768112347000,7.08,3.6,1.12
407555,10,Jogging,3768162334000,5.22,2.18,2.79
407556,10,Jogging,3768212322000,2.37,8.66,3.11
407557,10,Jogging,3768262341000,-10.72,19.31,3.3
407558,10,Jogging,3768312328000,-19.61,19.42,-6.43
407559,10,Jogging,3768362347000,-4.4,10.76,-1.5
407560,10,Jogging,3768412365000,-8.27,-3.49,-6.89
407561,10,Jogging,3768462322000,-3.83,-13.57,-9.23
407562,10,Jogging,3768512341000,0.46,-11.14,-3.83
407563,10,Jogging,3768562328000,-3.41,14.25,9.58
407564,10,Jogging,3768612347000,-0.19,9.43,-0.57
407565,10,Jogging,3768662334000,-17.62,10.57,-9.96
407566,10,Jogging,3768722362000,-17.08,4.37,-2.91
407567,10,Jogging,3768772228000,-19.27,14.67,-3.68
407568,10,Jogging,3768822399000,2.41,16.63,6.78
407569,10,Jogging,3768872326000,10.15,4.18,4.48
407570,10,Jogging,3768922344000,3.64,2.91,1.27
407571,10,Jogging,3768972301000,8.28,4.21,1.27
407572,10,Jogging,3769022350000,0.76,11.6,3.45
407573,10,Jogging,3769072338000,-16.21,19.57,-0.69
407574,10,Jogging,3769122326000,-18.24,18.89,-1.92
407575,10,Jogging,3769172344000,-3.91,10.92,-2.14
407576,10,Jogging,3769222332000,-6.55,-4.82,-8.69
407577,10,Jogging,3769272320000,-3.34,-14.6,-9.72
407578,10,Jogging,3769322308000,0.19,-8.62,-1.12
407579,10,Jogging,3769372326000,-7.97,17.82,8.66
407580,10,Jogging,3769422344000,-3.87,1.12,-3.3
407581,10,Jogging,3769472362000,-17.31,10.88,-8.96
407582,10,Jogging,3769522320000,-16.28,6.02,-5.9
407583,10,Jogging,3769572338000,-15.4,19.38,-11.3
407584,10,Jogging,3769622326000,4.02,17.27,11.14
407585,10,Jogging,3769672344000,8.85,3.6,4.99
407586,10,Jogging,3769722332000,4.21,0.38,1.84
407587,10,Jogging,3769772350000,7.35,5.9,1.31
407588,10,Jogging,3769822338000,-4.52,12.07,1.23
407589,10,Jogging,3769872326000,-16.63,19.57,-3.3
407590,10,Jogging,3769922344000,-17.97,17.01,-0.65
407591,10,Jogging,3769972362000,-2.26,6.82,-3.49
407592,10,Jogging,3770022320000,-6.93,-6.63,-7.31
407593,10,Jogging,3770082348000,0.38,-14.79,-9.08
407594,10,Jogging,3770132244000,-2.18,-4.86,-0.11
407595,10,Jogging,3770182354000,-1.88,18.47,2.15
407596,10,Jogging,3770232281000,-14.48,2.64,-3.06
407597,10,Jogging,3770282299000,-14.02,5.6,-4.1
407598,10,Jogging,3770332317000,-18.58,8.58,-10.11
407599,10,Jogging,3770382366000,-13.06,19.57,-7.93
407600,10,Jogging,3770432323000,1.5,14.56,11.75
407601,10,Jogging,3770482372000,10.23,4.33,5.01
407602,10,Jogging,3770532330000,6.09,1.27,2.87
407603,10,Jogging,3770582317000,5.9,8.08,3.87
407604,10,Jogging,3770632336000,-8.12,15.79,0.57
407605,10,Jogging,3770682323000,-19.3,19.57,-4.9
407606,10,Jogging,3770732342000,-12.98,17.05,1.14
407607,10,Jogging,3770782330000,-3.95,3.3,-6.97
407608,10,Jogging,3770832348000,-6.63,-10.42,-9.62
407609,10,Jogging,3770882336000,0.15,-14.33,-6.82
407610,10,Jogging,3770932323000,-2.18,3.83,8.47
407611,10,Jogging,3770982342000,-3.57,15.89,2.45
407612,10,Jogging,3771032330000,-13.44,7.35,-7.01
407613,10,Jogging,3771082348000,-14.56,3.6,-4.71
407614,10,Jogging,3771132336000,-18.28,8.54,-7.5
407615,10,Jogging,3771182323000,-11.45,19.57,-7.04
407616,10,Jogging,3771232342000,0.8,11.11,12.95
407617,10,Jogging,3771282330000,7.27,4.6,6.32
407618,10,Jogging,3771332348000,5.79,1.84,2.96
407619,10,Jogging,3771382336000,8.2,8.66,3.02
407620,10,Jogging,3771432354000,-6.17,10.5,-0.5
407621,10,Jogging,3771482372000,-17.86,19.57,-6.28
407622,10,Jogging,3771532330000,-16.17,17.5,1.65
407623,10,Jogging,3771582317000,-3.68,4.86,-3.64
407624,10,Jogging,3771632336000,-7.21,-9.38,-6.89
407625,10,Jogging,3771682323000,-1.8,-13.48,-6.66
407626,10,Jogging,3771732342000,-0.5,-1.12,6.51
407627,10,Jogging,3771782330000,-4.1,19.08,2.64
407628,10,Jogging,3771832348000,-6.05,5.63,-8.54
407629,10,Jogging,3771882427000,-14.29,2.96,-3.68
407630,10,Jogging,3771932323000,-18.58,5.18,-5.98
407631,10,Jogging,3771982342000,-16.63,18.89,-6.82
407632,10,Jogging,3772032330000,4.33,14.44,12.57
407633,10,Jogging,3772082348000,7.93,2.76,4.63
407634,10,Jogging,3772132336000,6.36,2.98,0.61
407635,10,Jogging,3772182323000,5.98,4.52,2.49
407636,10,Jogging,3772232342000,-3.79,11.41,1.99
407637,10,Jogging,3772282330000,-17.24,19.57,-3.36
407638,10,Jogging,3772332317000,-17.73,18.58,0.69
407639,10,Jogging,3772382336000,-5.37,7.4,-3.6
407640,10,Jogging,3772432323000,-7.01,-7.5,-8.39
407641,10,Jogging,3772482342000,-0.91,-14.82,-6.51
407642,10,Jogging,3772532330000,4.79,-0.91,5.01
407643,10,Jogging,3772582348000,-7.63,19.5,4.9
407644,10,Jogging,3772632336000,-9.47,6.59,-6.97
407645,10,Jogging,3772682323000,-14.52,3.34,-3.53
407646,10,Jogging,3772732342000,-18.89,5.75,-4.14
407647,10,Jogging,3772782330000,-16.02,19.08,-8.5
407648,10,Jogging,3772832348000,7.7,15.55,13.18
407649,10,Jogging,3772882305000,9.38,1.95,5.05
407650,10,Jogging,3772932323000,5.09,4.14,0.84
407651,10,Jogging,3772982342000,5.98,3.17,0.76
407652,10,Jogging,3773032330000,-5.2,9.11,1.5
407653,10,Jogging,3773082348000,-14.86,19.57,-4.56
407654,10,Jogging,3773132336000,-16.93,18.31,3.64
407655,10,Jogging,3773182323000,-5.82,8.16,-4.4
407656,10,Jogging,3773232342000,-7.89,-8.58,-6.97
407657,10,Jogging,3773282330000,-1.57,-14.21,-4.9
407658,10,Jogging,3773332317000,0.69,-5.56,-0.19
407659,10,Jogging,3773382305000,-3.87,18.24,6.7
407660,10,Jogging,3773432323000,-2.91,8.16,-4.48
407661,10,Jogging,3773482342000,-14.86,5.33,-4.99
407662,10,Jogging,3773532330000,-18.89,6.02,-2.37
407663,10,Jogging,3773582348000,-19.0,17.31,-6.09
407664,10,Jogging,3773632336000,4.33,17.12,7.89
407665,10,Jogging,3773682323000,8.08,4.37,4.29
407666,10,Jogging,3773732342000,6.02,4.25,0.72
407667,10,Jogging,3773782330000,6.05,2.37,1.95
407668,10,Jogging,3773832287000,0.46,10.34,3.68
407669,10,Jogging,3773882366000,-15.36,19.57,-4.44
407670,10,Jogging,3773932323000,-18.28,18.81,3.45
407671,10,Jogging,3773982342000,-3.95,11.5,-2.41
407672,10,Jogging,3774032330000,-7.16,-5.33,-8.27
407673,10,Jogging,3774082348000,-3.45,-12.3,-6.7
407674,10,Jogging,3774132336000,1.69,-8.43,-3.6
407675,10,Jogging,3774182323000,-5.43,17.24,11.3
407676,10,Jogging,3774232342000,-5.52,5.18,-2.53
407677,10,Jogging,3774282330000,-14.63,6.47,-6.02
407678,10,Jogging,3774332378000,-17.24,5.48,-7.12
407679,10,Jogging,3774382305000,-18.35,17.88,-8.85
407680,10,Jogging,3774432323000,-1.38,17.24,10.19
407681,10,Jogging,3774482342000,10.38,5.05,4.52
407682,10,Jogging,3774532330000,6.13,5.18,1.08
407683,10,Jogging,3774582317000,6.05,2.64,2.49
407684,10,Jogging,3774632336000,-2.49,10.76,2.15
407685,10,Jogging,3774682323000,-14.56,19.57,0.61
407686,10,Jogging,3774732342000,-19.5,19.38,0.11
407687,10,Jogging,3774782330000,-3.91,10.95,-1.38
407688,10,Jogging,3774832348000,-6.13,-3.91,-7.27
407689,10,Jogging,3774882305000,-3.6,-13.06,-7.16
407690,10,Jogging,3774932323000,0.8,-9.3,-2.87
407691,10,Jogging,3774982342000,-2.83,16.82,9.77
407692,10,Jogging,3775032330000,-5.71,11.5,2.11
407694,10,Jogging,3775082348000,-11.03,2.15,-6.89
407693,10,Jogging,3775082348000,-11.03,2.15,-6.89
407695,10,Jogging,3775152325000,-18.96,4.9,-7.89
407696,10,Jogging,3775202343000,-16.24,19.42,-8.2
407697,10,Jogging,3775252300000,4.37,15.51,11.6
407698,10,Jogging,3775302410000,7.78,2.76,5.18
407699,10,Jogging,3775352367000,6.82,2.49,0.93
407700,10,Jogging,3775402325000,6.63,6.55,3.99
407701,10,Jogging,3775452343000,-8.27,12.18,-1.53
407702,10,Jogging,3775502331000,-18.28,19.57,-4.02
407703,10,Jogging,3775552349000,-11.03,19.31,0.53
407704,10,Jogging,3775602337000,-5.41,6.66,-3.26
407705,10,Jogging,3775652325000,-6.78,-8.85,-7.4
407706,10,Jogging,3775702343000,-0.99,-14.98,-6.93
407707,10,Jogging,3775752331000,1.23,-3.21,3.17
407708,10,Jogging,3775802349000,-5.48,19.53,3.21
407709,10,Jogging,3775852367000,-10.95,9.11,-5.41
407710,10,Jogging,3775902325000,-11.84,0.84,-4.44
407711,10,Jogging,3775952343000,-19.15,7.06,-4.9
407712,10,Jogging,3776002331000,-15.79,19.11,-7.5
407713,10,Jogging,3776052349000,4.75,15.6,12.53
407714,10,Jogging,3776102367000,9.85,5.37,5.98
407715,10,Jogging,3776152325000,7.01,4.6,1.88
407716,10,Jogging,3776202343000,5.24,4.14,3.79
407717,10,Jogging,3776252300000,-5.18,14.67,0.69
407718,10,Jogging,3776302349000,-18.58,19.57,-6.32
407719,10,Jogging,3776352367000,-12.68,17.97,1.14
407720,10,Jogging,3776402325000,-4.86,4.99,-5.63
407721,10,Jogging,3776452373000,-6.74,-7.78,-8.01
407722,10,Jogging,3776502331000,-1.14,-14.25,-6.55
407723,10,Jogging,3776552349000,1.84,-2.79,1.31
407724,10,Jogging,3776602337000,-7.27,19.42,4.48
407725,10,Jogging,3776652355000,-11.56,8.16,-10.04
407726,10,Jogging,3776702343000,-15.66,2.96,-3.34
