,user,label,timestamp,x,y,z
408927,10,Jogging,3836762341000,-10.34,11.03,-6.21
408928,10,Jogging,3836812359000,-15.62,10.0,-6.74
408929,10,Jogging,3836862347000,-12.34,19.57,-8.31
408930,10,Jogging,3836912334000,-4.59,14.06,12.22
408931,10,Jogging,3836962322000,7.78,5.28,6.13
408932,10,Jogging,3837012279000,7.86,4.6,5.71
408933,10,Jogging,3837062328000,3.6,5.98,6.02
408934,10,Jogging,3837112347000,-7.82,18.35,-3.6
408935,10,Jogging,3837162334000,-19.5,19.57,-2.34
408936,10,Jogging,3837212353000,-7.35,14.6,-1.38
408937,10,Jogging,3837262341000,-5.67,0.27,-7.78
408938,10,Jogging,3837312328000,-6.13,-11.26,-8.54
408939,10,Jogging,3837362347000,1.18,-15.85,-5.67
408940,10,Jogging,3837412334000,-2.6,9.11,7.12
408941,10,Jogging,3837462322000,-3.26,14.9,-2.49
408942,10,Jogging,3837512341000,-17.86,11.88,-6.93
408943,10,Jogging,3837562328000,-8.27,6.05,-3.79
408944,10,Jogging,3837612347000,-18.58,18.47,-10.61
408945,10,Jogging,3837662304000,-7.4,14.33,8.5
408946,10,Jogging,3837712322000,5.75,7.93,6.05
408947,10,Jogging,3837762341000,7.82,7.31,1.69
408948,10,Jogging,3837812328000,6.02,2.22,5.83
408949,10,Jogging,3837862347000,-1.65,10.76,-0.08
408950,10,Jogging,3837912334000,-15.85,19.57,0.23
408951,10,Jogging,3837962322000,-16.85,19.53,-5.86
408952,10,Jogging,3838012249000,-7.27,11.84,-1.53
408953,10,Jogging,3838062328000,-6.82,-4.33,-6.66
408954,10,Jogging,3838112347000,-1.99,-15.66,-8.2
408955,10,Jogging,3838162334000,0.34,-9.58,0.04
408956,10,Jogging,3838212322000,-6.17,14.02,6.32
408957,10,Jogging,3838262371000,-7.5,16.13,-3.79
408958,10,Jogging,3838312328000,-12.15,3.99,-5.28
408959,10,Jogging,3838362347000,-18.54,4.48,-5.86
408960,10,Jogging,3838412334000,-15.4,19.53,-10.23
408961,10,Jogging,3838462322000,2.18,14.6,10.8
408962,10,Jogging,3838512341000,6.24,5.98,6.7
408963,10,Jogging,3838562328000,5.56,3.72,4.56
408964,10,Jogging,3838612347000,4.48,3.3,4.02
408965,10,Jogging,3838662304000,-5.18,7.86,0.57
408966,10,Jogging,3838712322000,-13.67,19.57,-10.5
408967,10,Jogging,3838762341000,-17.82,18.16,8.01
408968,10,Jogging,3838812328000,-2.79,7.44,-4.67
408969,10,Jogging,3838862347000,-10.23,-7.5,-6.89
408970,10,Jogging,3838912334000,-1.8,-13.21,-7.5
408971,10,Jogging,3838962353000,-1.95,-6.66,-0.99
408972,10,Jogging,3839012279000,-3.41,17.73,3.15
408973,10,Jogging,3839062328000,-9.19,7.7,1.84
408974,10,Jogging,3839112377000,-10.99,8.69,-4.59
408975,10,Jogging,3839162334000,-16.17,10.23,-7.25
408976,10,Jogging,3839212383000,-12.26,19.57,-9.66
408977,10,Jogging,3839262341000,-2.75,14.25,11.26
408978,10,Jogging,3839332348000,6.7,7.08,4.02
408979,10,Jogging,3839382275000,8.5,3.11,4.14
408980,10,Jogging,3839432354000,0.42,9.04,4.25
408981,10,Jogging,3839482311000,-12.22,19.0,-2.98
408982,10,Jogging,3839532330000,-19.11,19.57,-3.17
408983,10,Jogging,3839582348000,-9.47,9.0,-3.87
408984,10,Jogging,3839632336000,-3.87,-2.53,-7.65
408985,10,Jogging,3839682323000,-7.59,-13.95,-9.66
408986,10,Jogging,3839732342000,-2.49,-10.5,-4.79
408987,10,Jogging,3839782330000,-4.52,15.6,9.11
408988,10,Jogging,3839832348000,-0.04,8.01,-2.49
408989,10,Jogging,3839882336000,-14.71,11.22,-8.62
408990,10,Jogging,3839932323000,-14.4,5.56,-4.4
408991,10,Jogging,3839982342000,-18.69,18.12,-9.08
408992,10,Jogging,3840032238000,-3.83,14.44,12.53
408993,10,Jogging,3840082348000,8.73,3.95,6.85
408994,10,Jogging,3840132244000,7.86,4.6,2.96
408995,10,Jogging,3840182323000,4.44,5.18,5.63
408996,10,Jogging,3840232311000,-4.06,10.69,-1.23
408997,10,Jogging,3840282330000,-15.98,19.57,-5.82
408998,10,Jogging,3840332348000,-18.28,16.7,2.6
408999,10,Jogging,3840382336000,-3.02,6.55,-6.02
409000,10,Jogging,3840432323000,-6.93,-8.43,-8.01
409001,10,Jogging,3840482342000,-0.89,-15.28,-8.62
409003,10,Jogging,3840532330000,-2.91,-3.87,1.23
409002,10,Jogging,3840532330000,-2.91,-3.87,1.23
409004,10,Jogging,3840622356000,-3.57,4.29,-2.37
409005,10,Jogging,3840682384000,-14.18,13.4,-2.83
409006,10,Jogging,3840732281000,-16.21,13.76,-6.85
409007,10,Jogging,3840782330000,-8.01,18.2,-2.34
409008,10,Jogging,3840832348000,5.18,11.03,7.63
409009,10,Jogging,3840882336000,5.75,6.28,2.79
409010,10,Jogging,3840932598000,6.05,4.67,5.98
409011,10,Jogging,3840982342000,4.25,7.78,1.18
409012,10,Jogging,3841032330000,-12.18,19.38,0.08
409013,10,Jogging,3841082348000,-19.61,19.57,-7.01
409014,10,Jogging,3841132336000,-2.98,11.75,-1.5
409015,10,Jogging,3841182323000,-7.08,-3.68,-7.46
409016,10,Jogging,3841232311000,-4.9,-14.63,-9.3
409017,10,Jogging,3841282330000,-1.04,-11.14,-3.06
409018,10,Jogging,3841332348000,-7.04,10.57,8.16
409019,10,Jogging,3841382336000,-2.83,11.92,-5.2
409020,10,Jogging,3841432293000,-17.16,13.8,-8.77
409021,10,Jogging,3841482342000,-9.53,4.99,-2.96
409022,10,Jogging,3841532360000,-18.5,17.67,-7.86
409023,10,Jogging,3841582348000,-3.26,13.95,10.31
409024,10,Jogging,3841632336000,7.4,6.02,4.33
409025,10,Jogging,3841682354000,7.25,4.99,2.03
409026,10,Jogging,3841732342000,5.67,2.79,3.49
409027,10,Jogging,3841782330000,-3.06,11.92,0.65
409028,10,Jogging,3841832287000,-15.51,19.57,-2.22
409029,10,Jogging,3841882336000,-18.35,17.92,1.76
409030,10,Jogging,3841932293000,-2.53,7.55,-3.34
409031,10,Jogging,3841982342000,-5.86,-4.79,-6.59
409032,10,Jogging,3842032330000,-2.49,-13.14,-8.62
409033,10,Jogging,3842082378000,1.08,-9.28,-2.68
409034,10,Jogging,3842132366000,-9.66,13.82,6.21
409035,10,Jogging,3842182323000,-11.3,17.69,-1.31
409036,10,Jogging,3842232342000,-8.5,1.46,-2.68
409037,10,Jogging,3842282330000,-16.89,3.76,-5.52
409038,10,Jogging,3842332348000,-18.77,18.54,-10.0
409039,10,Jogging,3842382305000,2.03,14.25,12.18
409041,10,Jogging,3842440929000,6.63,6.63,6.63
409040,10,Jogging,3842440929000,6.63,6.63,6.63
409042,10,Jogging,3842493816000,4.67,2.26,5.24
409043,10,Jogging,3842552288000,9.85,7.78,0.99
409044,10,Jogging,3842602367000,-8.69,17.67,-0.19
409045,10,Jogging,3842652325000,-19.11,19.57,-6.51
409046,10,Jogging,3842702343000,-10.92,14.71,0.84
409047,10,Jogging,3842752331000,-6.89,0.11,-7.35
409048,10,Jogging,3842802380000,-5.28,-11.5,-8.54
409049,10,Jogging,3842852337000,2.53,-14.02,-6.55
409050,10,Jogging,3842902325000,-5.2,1.31,1.92
409051,10,Jogging,3842952373000,-6.32,18.12,2.68
409052,10,Jogging,3843002666000,-11.07,12.11,-6.82
409053,10,Jogging,3843052349000,-11.07,0.65,-2.26
409054,10,Jogging,3843102367000,-19.57,6.17,-8.35
409055,10,Jogging,3843152325000,-13.82,19.57,-8.39
409056,10,Jogging,3843202343000,5.48,11.8,6.93
409057,10,Jogging,3843252331000,6.4,5.48,4.44
409058,10,Jogging,3843302349000,4.94,1.76,5.52
409059,10,Jogging,3843352337000,5.33,9.0,2.15
409060,10,Jogging,3843402325000,-11.73,18.89,-0.72
409061,10,Jogging,3843452373000,-19.61,19.57,-6.28
409062,10,Jogging,3843502331000,-7.44,10.57,-1.73
409063,10,Jogging,3843552349000,-4.33,-3.11,-6.24
409064,10,Jogging,3843602337000,-4.21,-12.11,-9.08
409065,10,Jogging,3843652325000,2.07,-11.6,-6.02
409066,10,Jogging,3843702343000,-5.9,7.08,6.47
409067,10,Jogging,3843752331000,-5.94,8.58,3.68
409068,10,Jogging,3843802349000,-17.27,14.06,-14.33
409069,10,Jogging,3843852337000,-11.18,4.02,-4.14
409070,10,Jogging,3843902325000,-17.05,16.78,-8.39
409071,10,Jogging,3843952282000,-6.17,16.63,6.97
409072,10,Jogging,3844002331000,7.16,5.37,1.73
409073,10,Jogging,3844062267000,5.98,5.37,1.76
409074,10,Jogging,3844112347000,9.11,6.21,3.17
409075,10,Jogging,3844162334000,-5.86,9.89,0.11
409076,10,Jogging,3844212322000,-15.66,19.57,-0.08
409077,10,Jogging,3844262371000,-18.58,16.97,-4.82
409078,10,Jogging,3844312328000,-2.56,4.94,-5.18
409079,10,Jogging,3844381725000,-7.27,-10.5,-8.05
409080,10,Jogging,3844432323000,0.57,-14.33,-5.13
409081,10,Jogging,3844482342000,-3.6,8.08,5.67
409082,10,Jogging,3844532330000,-3.76,9.47,-1.8
409083,10,Jogging,3844582348000,-19.61,12.49,-14.06
409084,10,Jogging,3844632336000,-6.74,4.6,-1.8
409085,10,Jogging,3844682323000,-16.85,18.2,-9.19
409086,10,Jogging,3844732342000,-6.89,12.76,15.09
409087,10,Jogging,3844782330000,8.47,5.98,5.86
409088,10,Jogging,3844832348000,4.44,5.86,2.3
409089,10,Jogging,3844882336000,8.62,3.76,3.95
409090,10,Jogging,3844932323000,0.0,6.63,1.84
409091,10,Jogging,3844982342000,-12.3,19.53,0.27
409092,10,Jogging,3845032360000,-19.61,19.53,-7.35
409093,10,Jogging,3845082348000,-6.7,8.96,-0.3
409094,10,Jogging,3845132336000,-4.94,-5.63,-7.5
409095,10,Jogging,3845182293000,-4.18,-14.71,-8.66
409096,10,Jogging,3845232311000,-0.57,-10.57,-3.83
409097,10,Jogging,3845282330000,-6.32,11.96,5.56
409098,10,Jogging,3845332348000,-6.78,8.85,5.22
409099,10,Jogging,3845382366000,-15.47,8.31,-9.72
409100,10,Jogging,3845432323000,-12.26,2.87,-2.87
409101,10,Jogging,3845482342000,-18.43,17.5,-12.22
409102,10,Jogging,3845532299000,-2.14,14.56,9.85
409103,10,Jogging,3845582348000,7.93,4.02,6.93
409104,10,Jogging,3845582348000,7.93,4.02,6.93
409105,10,Jogging,3845642254000,8.47,4.44,3.53
409106,10,Jogging,3845712322000,3.17,9.28,2.6
409107,10,Jogging,3845762310000,-11.14,18.92,0.42
409108,10,Jogging,3845812450000,-19.61,19.46,-5.13
409109,10,Jogging,3845862347000,-5.43,7.63,-0.42
409110,10,Jogging,3845912334000,-5.82,-2.75,-6.78
409111,10,Jogging,3845962322000,-4.4,-12.87,-9.04
409112,10,Jogging,3846012249000,2.98,-12.26,-5.6
409113,10,Jogging,3846062328000,-5.48,11.14,8.47
409114,10,Jogging,3846112347000,-5.41,8.31,-1.08
409115,10,Jogging,3846162334000,-18.58,8.47,-12.07
409116,10,Jogging,3846212322000,-8.31,3.53,-1.73
409117,10,Jogging,3846262249000,-18.05,15.66,-10.08
409118,10,Jogging,3846312206000,-2.37,17.92,5.9
409119,10,Jogging,3846362408000,9.66,6.4,1.73
409120,10,Jogging,3846412304000,8.77,6.51,2.37
409121,10,Jogging,3846462322000,6.63,3.15,2.72
409122,10,Jogging,3846512371000,-2.96,10.27,2.37
409123,10,Jogging,3846562328000,-12.98,19.57,-2.98
409124,10,Jogging,3846612347000,-19.19,17.62,-0.5
409125,10,Jogging,3846662365000,-1.99,3.83,-4.25
409126,10,Jogging,3846712353000,-8.16,-8.47,-6.63
