,user,label,timestamp,x,y,z
409327,10,Jogging,3856772320000,-17.2,16.89,-2.07
409328,10,Jogging,3856822338000,-3.76,6.44,-4.86
409329,10,Jogging,3856872326000,-7.89,-8.5,-8.35
409330,10,Jogging,3856922344000,-0.99,-16.55,-6.82
409331,10,Jogging,3856972332000,0.53,-4.79,-1.33
409332,10,Jogging,3857022320000,-4.86,19.08,0.5
409333,10,Jogging,3857072369000,-15.43,11.84,0.23
409334,10,Jogging,3857122326000,-11.69,4.25,-1.53
409335,10,Jogging,3857172344000,-18.73,10.99,-7.89
409336,10,Jogging,3857222332000,-8.73,19.5,-7.55
409337,10,Jogging,3857272320000,1.54,10.04,8.28
409338,10,Jogging,3857322338000,8.47,7.5,5.98
409339,10,Jogging,3857372326000,7.86,3.17,4.21
409340,10,Jogging,3857422314000,4.4,7.25,2.03
409341,10,Jogging,3857472362000,-9.53,16.59,-0.42
409342,10,Jogging,3857522320000,-19.61,19.57,-1.65
409343,10,Jogging,3857572338000,-9.23,12.64,-0.46
409344,10,Jogging,3857622326000,-5.98,-1.8,-6.55
409345,10,Jogging,3857672344000,-5.43,-13.44,-8.73
409346,10,Jogging,3857722332000,0.99,-12.72,-5.94
409347,10,Jogging,3857772320000,-4.18,8.5,3.26
409348,10,Jogging,3857822338000,-5.63,8.24,-0.27
409349,10,Jogging,3857872356000,-18.62,14.9,-10.99
409350,10,Jogging,3857922344000,-10.19,4.9,-3.49
409351,10,Jogging,3857972332000,-14.6,19.19,-11.73
409352,10,Jogging,3858022320000,-4.67,12.37,11.37
409353,10,Jogging,3858072338000,8.47,6.05,2.03
409354,10,Jogging,3858122326000,8.24,5.71,2.68
409355,10,Jogging,3858172344000,6.24,3.68,4.02
409356,10,Jogging,3858222332000,-6.32,13.99,0.42
409357,10,Jogging,3858272320000,-18.77,19.57,-0.65
409358,10,Jogging,3858322338000,-16.28,17.77,-1.8
409359,10,Jogging,3858372356000,-4.33,4.79,-4.67
409360,10,Jogging,3858422497000,-4.9,-8.16,-8.05
409361,10,Jogging,3858472362000,0.19,-14.33,-6.89
409362,10,Jogging,3858522320000,-0.42,-5.6,0.72
409363,10,Jogging,3858572338000,-7.25,19.53,3.41
409364,10,Jogging,3858622326000,-9.77,2.45,-6.13
409365,10,Jogging,3858672405000,-14.82,7.25,-3.6
409366,10,Jogging,3858722332000,-17.27,7.93,-2.6
409367,10,Jogging,3858772320000,-12.95,19.57,-13.02
409368,10,Jogging,3858822338000,3.76,13.63,9.11
409369,10,Jogging,3858872326000,9.62,5.22,5.13
409370,10,Jogging,3858922344000,5.75,3.34,4.52
409371,10,Jogging,3858972332000,4.21,4.71,2.68
409372,10,Jogging,3859022350000,-8.73,17.62,0.31
409373,10,Jogging,3859072338000,-19.61,19.57,-2.56
409374,10,Jogging,3859122326000,-10.84,13.33,0.31
409375,10,Jogging,3859172344000,-4.86,0.61,-7.7
409376,10,Jogging,3859222332000,-5.9,-14.29,-9.04
409377,10,Jogging,3859272320000,3.02,-14.44,-5.48
409378,10,Jogging,3859322338000,-0.72,1.54,-0.53
409379,10,Jogging,3859372326000,-6.28,17.97,0.08
409380,10,Jogging,3859422344000,-14.02,2.18,-4.1
409381,10,Jogging,3859472240000,-11.07,9.0,-2.22
409382,10,Jogging,3859522320000,-18.24,14.86,-8.62
409383,10,Jogging,3859572338000,-6.55,18.66,-3.79
409384,10,Jogging,3859622326000,1.46,11.35,6.05
409385,10,Jogging,3859672344000,7.5,7.67,4.99
409386,10,Jogging,3859732311000,4.86,1.23,5.48
409387,10,Jogging,3859782330000,-0.89,13.82,0.89
409388,10,Jogging,3859832378000,-18.28,19.57,0.27
409389,10,Jogging,3859882336000,-17.2,18.73,-2.03
409390,10,Jogging,3859932323000,-3.76,8.31,-4.02
409391,10,Jogging,3859982342000,-5.82,-6.51,-8.66
409392,10,Jogging,3860032330000,0.69,-17.35,-9.96
409393,10,Jogging,3860082378000,-0.08,-4.48,-1.04
409394,10,Jogging,3860132336000,-6.4,18.58,3.68
409395,10,Jogging,3860182323000,-11.14,5.71,-0.08
409396,10,Jogging,3860232311000,-10.95,10.5,-2.83
409397,10,Jogging,3860282330000,-16.66,14.63,-9.04
409398,10,Jogging,3860332348000,-8.35,19.08,-6.51
409399,10,Jogging,3860382336000,-0.42,12.95,9.11
409400,10,Jogging,3860432293000,8.62,7.44,6.21
409401,10,Jogging,3860482342000,6.21,2.72,5.43
409402,10,Jogging,3860532330000,0.93,7.5,5.13
409403,10,Jogging,3860582348000,-13.17,19.42,0.11
409404,10,Jogging,3860632336000,-19.57,19.57,-7.46
409405,10,Jogging,3860682354000,-5.09,9.92,-1.65
409406,10,Jogging,3860732342000,-4.94,-3.72,-6.47
409407,10,Jogging,3860782330000,-2.53,-13.82,-9.28
409408,10,Jogging,3860832348000,0.5,-10.8,-4.21
409409,10,Jogging,3860882336000,-4.18,11.88,6.78
409410,10,Jogging,3860932323000,-10.0,7.08,3.72
409411,10,Jogging,3860982372000,-15.79,14.44,-8.47
409412,10,Jogging,3861032330000,-11.14,5.79,-6.17
409413,10,Jogging,3861082348000,-15.17,19.57,-10.57
409414,10,Jogging,3861132336000,-5.82,13.95,12.91
409415,10,Jogging,3861182323000,7.86,4.06,7.55
409416,10,Jogging,3861232311000,8.31,6.78,2.11
409417,10,Jogging,3861282330000,5.56,2.18,4.02
409418,10,Jogging,3861332348000,-4.75,12.57,0.57
409419,10,Jogging,3861382336000,-17.67,19.57,-5.24
409420,10,Jogging,3861432293000,-15.66,16.32,0.69
409422,10,Jogging,3861482311000,-4.18,4.48,-5.82
409421,10,Jogging,3861482311000,-4.18,4.48,-5.82
409423,10,Jogging,3861543346000,-6.47,-9.72,-7.74
409424,10,Jogging,3861592785000,2.91,-15.09,-6.02
409425,10,Jogging,3861643536000,-2.26,7.12,5.79
409426,10,Jogging,3861692303000,-7.04,17.35,-2.87
409427,10,Jogging,3861752270000,-16.59,7.93,-6.85
409428,10,Jogging,3861802380000,-16.74,10.53,-5.63
409429,10,Jogging,3861852337000,-15.85,19.46,-10.23
409430,10,Jogging,3861902355000,-1.92,15.51,13.76
409431,10,Jogging,3861952343000,7.12,5.28,6.32
409432,10,Jogging,3862002361000,7.21,5.9,2.68
409433,10,Jogging,3862052349000,8.39,3.72,4.21
409434,10,Jogging,3862102337000,-6.21,13.82,0.04
409435,10,Jogging,3862152325000,-19.15,19.57,-3.49
409436,10,Jogging,3862202373000,-15.09,16.09,-1.84
409437,10,Jogging,3862252331000,-2.75,5.28,-6.66
409439,10,Jogging,3862362133000,2.18,-15.66,-6.66
409438,10,Jogging,3862362133000,2.18,-15.66,-6.66
409440,10,Jogging,3862412273000,-1.23,5.09,4.79
409441,10,Jogging,3862462353000,-6.85,17.31,-2.07
409442,10,Jogging,3862512310000,-14.4,9.15,-4.4
409443,10,Jogging,3862562359000,-15.09,7.93,-2.98
409444,10,Jogging,3862612347000,-17.58,12.95,-9.28
409445,10,Jogging,3862662365000,-5.43,17.16,6.4
409446,10,Jogging,3862712322000,5.43,6.82,3.95
409447,10,Jogging,3862762341000,8.66,8.47,4.63
409448,10,Jogging,3862812328000,7.4,2.49,5.86
409449,10,Jogging,3862862347000,-2.11,11.92,0.08
409450,10,Jogging,3862912334000,-18.2,19.57,1.73
409451,10,Jogging,3862962322000,-16.97,19.27,-4.99
409452,10,Jogging,3863012279000,-3.15,10.0,-2.14
409453,10,Jogging,3863062328000,-5.82,-5.56,-9.34
409454,10,Jogging,3863112377000,-1.33,-17.2,-9.49
409455,10,Jogging,3863162334000,-0.11,-5.9,-1.99
409456,10,Jogging,3863212353000,-5.33,18.7,7.25
409457,10,Jogging,3863262341000,-14.98,3.3,-5.33
409458,10,Jogging,3863312328000,-11.95,9.0,-2.49
409459,10,Jogging,3863362347000,-16.24,13.02,-5.82
409460,10,Jogging,3863412334000,-10.53,19.57,-8.47
409461,10,Jogging,3863462322000,0.53,9.72,8.31
409462,10,Jogging,3863512371000,9.28,7.01,7.08
409463,10,Jogging,3863562359000,7.16,3.99,4.48
409464,10,Jogging,3863612408000,3.57,7.31,3.95
409465,10,Jogging,3863662365000,-11.95,18.31,0.57
409466,10,Jogging,3863712292000,-19.61,19.57,-5.52
409467,10,Jogging,3863762341000,-6.97,13.38,0.57
409468,10,Jogging,3863812328000,-4.75,-0.91,-6.85
409469,10,Jogging,3863862347000,-3.45,-13.48,-9.96
409470,10,Jogging,3863912334000,0.76,-12.53,-7.04
409471,10,Jogging,3863962322000,-5.79,9.34,8.92
409472,10,Jogging,3864012341000,-6.89,15.64,0.89
409473,10,Jogging,3864062328000,-10.99,9.89,-7.25
409474,10,Jogging,3864112347000,-14.52,6.66,-6.28
409475,10,Jogging,3864162334000,-18.77,18.05,-8.12
409476,10,Jogging,3864212322000,-4.37,15.6,11.8
409477,10,Jogging,3864262341000,8.01,6.78,5.48
409478,10,Jogging,3864312328000,8.69,7.89,4.44
409479,10,Jogging,3864362347000,6.17,2.34,6.05
409480,10,Jogging,3864412334000,-2.49,12.64,-0.3
409481,10,Jogging,3864462322000,-17.46,19.57,-4.18
409482,10,Jogging,3864512341000,-16.13,16.89,0.8
409483,10,Jogging,3864562328000,-2.64,6.4,-4.21
409484,10,Jogging,3864612347000,-6.43,-5.98,-8.05
409485,10,Jogging,3864662334000,-0.27,-14.02,-8.54
409486,10,Jogging,3864712292000,-0.69,-6.43,0.89
409487,10,Jogging,3864762371000,-6.09,18.58,6.59
409488,10,Jogging,3864812389000,-14.21,14.75,-5.9
409489,10,Jogging,3864862347000,-9.96,2.53,-2.75
409490,10,Jogging,3864912334000,-16.97,7.12,-6.21
409491,10,Jogging,3864962322000,-12.91,19.57,-8.88
409492,10,Jogging,3865012310000,-1.46,10.92,12.15
409493,10,Jogging,3865062328000,8.47,7.97,7.55
409494,10,Jogging,3865112347000,8.62,4.82,4.56
409495,10,Jogging,3865162365000,5.13,7.55,3.95
409496,10,Jogging,3865212353000,-10.27,16.97,0.08
409497,10,Jogging,3865272289000,-19.61,19.57,-2.83
409498,10,Jogging,3865322338000,-5.05,10.92,-1.33
409499,10,Jogging,3865372326000,-6.36,-3.06,-6.66
409500,10,Jogging,3865422314000,-0.89,-13.21,-9.92
409501,10,Jogging,3865472332000,0.61,-10.92,-5.43
409502,10,Jogging,3865522381000,-6.09,13.38,10.42
409503,10,Jogging,3865572338000,-11.14,14.21,-2.41
409504,10,Jogging,3865622326000,-10.88,8.24,-6.05
409505,10,Jogging,3865672344000,-16.78,9.04,-5.98
409506,10,Jogging,3865722332000,-15.66,19.53,-9.62
409507,10,Jogging,3865772320000,-1.38,15.17,12.83
409508,10,Jogging,3865822338000,8.31,5.18,5.67
409509,10,Jogging,3865872326000,9.47,6.66,3.26
409510,10,Jogging,3865922344000,4.06,4.06,4.71
409511,10,Jogging,3865972332000,-8.05,17.67,-1.14
409512,10,Jogging,3866022320000,-19.61,19.57,-4.79
409513,10,Jogging,3866072338000,-7.86,17.5,-0.34
409514,10,Jogging,3866122326000,-7.21,3.49,-6.09
409515,10,Jogging,3866172344000,-5.67,-9.85,-8.88
409516,10,Jogging,3866222332000,4.44,-15.62,-5.09
409517,10,Jogging,3866272320000,-0.5,3.3,4.75
409518,10,Jogging,3866322338000,-6.93,17.54,-0.57
409519,10,Jogging,3866372326000,-16.32,6.82,-4.52
409520,10,Jogging,3866422314000,-9.72,6.24,-6.28
409521,10,Jogging,3866472332000,-17.2,15.05,-10.0
409522,10,Jogging,3866522320000,-7.65,19.23,-4.1
409523,10,Jogging,3866588451000,0.08,12.26,4.52
409524,10,Jogging,3866588451000,0.08,12.26,4.52
409525,10,Jogging,3866643627000,9.34,9.23,3.15
409526,10,Jogging,3866702343000,5.6,4.33,7.44
