,user,label,timestamp,x,y,z
411127,10,Jogging,3946752331000,-5.82,0.11,-6.55
411128,10,Jogging,3946802349000,-8.43,-12.72,-9.34
411129,10,Jogging,3946852337000,0.93,-12.79,-4.1
411130,10,Jogging,3946902325000,-0.76,8.58,5.22
411131,10,Jogging,3946952343000,-5.09,19.42,1.65
411132,10,Jogging,3947002575000,-7.86,-1.88,-4.71
411133,10,Jogging,3947052349000,-17.86,3.06,-5.13
411134,10,Jogging,3947102337000,-19.46,14.71,-5.75
411136,10,Jogging,3947212109000,12.49,3.02,4.63
411135,10,Jogging,3947212109000,12.49,3.02,4.63
411137,10,Jogging,3947262249000,5.22,4.06,3.26
411138,10,Jogging,3947312420000,6.4,3.06,0.89
411139,10,Jogging,3947362347000,-4.79,14.52,0.65
411140,10,Jogging,3947412334000,-12.11,19.57,4.18
411141,10,Jogging,3947462322000,-17.01,17.73,-5.13
411142,10,Jogging,3947512341000,-3.11,4.99,-6.05
411143,10,Jogging,3947562328000,-9.92,-9.72,-9.81
411144,10,Jogging,3947612347000,-1.57,-17.62,-7.21
411145,10,Jogging,3947662334000,0.65,-4.48,-1.33
411146,10,Jogging,3947712322000,-6.78,17.2,0.57
411147,10,Jogging,3947762341000,-11.45,9.72,-4.33
411148,10,Jogging,3947812328000,-10.76,7.12,-6.47
411149,10,Jogging,3947862347000,-18.24,16.02,-6.32
411150,10,Jogging,3947912334000,-1.57,19.57,-5.09
411151,10,Jogging,3947962383000,7.74,11.22,4.02
411152,10,Jogging,3948012341000,6.63,5.24,3.72
411153,10,Jogging,3948062359000,6.28,1.38,4.14
411154,10,Jogging,3948112347000,2.96,6.09,5.86
411155,10,Jogging,3948162334000,-6.36,19.04,-3.34
411156,10,Jogging,3948212353000,-19.3,19.57,-4.59
411157,10,Jogging,3948262341000,-5.56,10.34,-3.95
411158,10,Jogging,3948312328000,-7.78,-4.29,-7.31
411159,10,Jogging,3948312328000,-7.78,-4.29,-7.31
411160,10,Jogging,3948420361000,-4.48,-14.9,-8.39
411161,10,Jogging,3948472149000,-4.82,14.33,7.82
411162,10,Jogging,3948522228000,-2.56,10.53,-6.55
411163,10,Jogging,3948572308000,-17.73,12.11,-6.17
411164,10,Jogging,3948622326000,-12.18,7.7,-2.26
411165,10,Jogging,3948672344000,-12.6,19.57,-12.03
411166,10,Jogging,3948722332000,0.53,9.19,11.45
411167,10,Jogging,3948772320000,5.79,6.85,4.21
411168,10,Jogging,3948822338000,8.39,4.9,3.72
411169,10,Jogging,3948872356000,11.73,5.18,2.26
411170,10,Jogging,3948922344000,-1.76,9.72,0.0
411171,10,Jogging,3948972332000,-12.56,19.57,-4.25
411172,10,Jogging,3949022320000,-18.2,16.82,1.33
411173,10,Jogging,3949072308000,-2.79,4.6,-6.02
411174,10,Jogging,3949122326000,-10.8,-10.95,-8.12
411175,10,Jogging,3949172344000,-2.87,-16.44,-6.36
411176,10,Jogging,3949222332000,0.23,-2.18,3.41
411177,10,Jogging,3949272320000,-3.3,18.24,-2.72
411178,10,Jogging,3949332348000,-6.85,-0.61,-1.23
411179,10,Jogging,3949382397000,-11.95,8.28,-3.53
411180,10,Jogging,3949432323000,-18.54,16.17,-2.11
411181,10,Jogging,3949482342000,0.38,16.63,0.95
411182,10,Jogging,3949532330000,2.03,7.31,7.12
411183,10,Jogging,3949582348000,9.51,8.92,4.48
411184,10,Jogging,3949632336000,7.46,1.65,4.18
411185,10,Jogging,3949682323000,1.95,7.25,3.41
411186,10,Jogging,3949732342000,-8.73,19.23,-1.99
411187,10,Jogging,3949782330000,-19.61,19.57,-5.82
411188,10,Jogging,3949832348000,-4.9,10.53,-3.26
411189,10,Jogging,3949882336000,-8.39,-2.6,-7.21
411190,10,Jogging,3949932384000,-4.56,-14.14,-9.89
411191,10,Jogging,3949982342000,-1.76,-10.99,1.95
411192,10,Jogging,3950032330000,-2.03,12.87,8.35
411193,10,Jogging,3950082348000,-4.94,14.67,-6.13
411194,10,Jogging,3950132336000,-14.21,9.58,-5.52
411195,10,Jogging,3950182323000,-15.13,9.19,-9.15
411196,10,Jogging,3950232311000,-16.85,19.57,-8.01
411197,10,Jogging,3950282330000,4.86,15.55,12.95
411198,10,Jogging,3950332348000,9.08,2.3,5.05
411199,10,Jogging,3950382336000,9.23,6.74,4.02
411200,10,Jogging,3950432323000,4.48,2.91,6.47
411201,10,Jogging,3950482342000,-2.68,13.57,0.08
411202,10,Jogging,3950532330000,-14.56,19.57,-4.33
411203,10,Jogging,3950582439000,-16.78,17.62,-1.14
411204,10,Jogging,3950632366000,-4.02,7.12,-4.94
411205,10,Jogging,3950682354000,-8.81,-7.01,-7.31
411206,10,Jogging,3950732342000,0.19,-17.05,-7.78
411207,10,Jogging,3950782330000,-0.53,-3.15,3.17
411208,10,Jogging,3950832348000,-4.37,17.73,1.65
411209,10,Jogging,3950882336000,-12.07,7.16,-2.64
411210,10,Jogging,3950932323000,-11.95,-2.3,-8.43
411211,10,Jogging,3950982342000,-18.47,9.89,-4.29
411212,10,Jogging,3951032330000,-8.92,19.57,-10.95
411213,10,Jogging,3951082684000,6.05,6.47,6.24
411214,10,Jogging,3951132336000,7.21,7.63,6.89
411215,10,Jogging,3951182323000,8.54,4.79,3.91
411216,10,Jogging,3951232311000,6.97,7.63,5.83
411217,10,Jogging,3951282330000,-6.7,17.92,-3.6
411218,10,Jogging,3951332348000,-18.73,19.57,-4.1
411219,10,Jogging,3951382336000,-6.66,11.5,-2.41
411220,10,Jogging,3951432323000,-7.01,-0.46,-7.55
411221,10,Jogging,3951482372000,-5.33,-10.84,-9.47
411222,10,Jogging,3951532299000,-0.08,-13.21,-4.37
411223,10,Jogging,3951582348000,-2.75,8.24,8.39
411224,10,Jogging,3951632336000,-11.37,16.89,-3.41
411225,10,Jogging,3951682323000,-11.5,10.08,-7.27
411226,10,Jogging,3951732342000,-15.62,13.29,-9.81
411227,10,Jogging,3951782330000,-12.6,19.57,-8.88
411228,10,Jogging,3951832348000,-4.21,15.55,10.27
411229,10,Jogging,3951882336000,10.46,1.5,5.56
411230,10,Jogging,3951932323000,5.86,4.18,1.84
411231,10,Jogging,3951982342000,8.81,3.76,4.79
411232,10,Jogging,3952032330000,-5.24,8.12,-0.61
411233,10,Jogging,3952082348000,-11.18,19.57,1.27
411234,10,Jogging,3952132336000,-19.5,18.96,-7.04
411235,10,Jogging,3952182323000,-2.83,8.85,-4.59
411236,10,Jogging,3952182323000,-2.83,8.85,-4.59
411237,10,Jogging,3952252300000,-8.66,-9.96,-7.25
411238,10,Jogging,3952302349000,-1.88,-15.47,-2.22
411239,10,Jogging,3952352337000,-1.08,2.56,4.71
411240,10,Jogging,3952402325000,-3.06,19.27,-5.43
411241,10,Jogging,3952452343000,-16.32,8.58,-2.34
411242,10,Jogging,3952502331000,-15.55,6.89,-5.9
411243,10,Jogging,3952552349000,-17.46,16.32,-5.82
411244,10,Jogging,3952602337000,1.95,16.25,6.28
411245,10,Jogging,3952652325000,5.56,3.34,4.02
411246,10,Jogging,3952702343000,6.82,6.28,2.41
411247,10,Jogging,3952752331000,9.23,3.06,3.87
411248,10,Jogging,3952802471000,3.06,8.39,1.73
411249,10,Jogging,3952852367000,-10.23,19.42,-2.34
411250,10,Jogging,3952902325000,-19.61,19.57,-3.26
411251,10,Jogging,3952952373000,-5.79,11.73,-0.84
411252,10,Jogging,3953003521000,-7.01,-4.56,-7.5
411253,10,Jogging,3953062420000,-4.29,-13.17,-9.28
411254,10,Jogging,3953112377000,-2.37,-6.66,4.06
411255,10,Jogging,3953162334000,0.15,17.35,2.26
411256,10,Jogging,3953212322000,-15.32,8.77,-4.44
411257,10,Jogging,3953262371000,-9.15,7.21,-7.97
411258,10,Jogging,3953312359000,-18.77,15.05,-6.63
411259,10,Jogging,3953362347000,-5.82,19.57,-2.03
411260,10,Jogging,3953412365000,4.56,8.92,7.31
411261,10,Jogging,3953462322000,8.08,4.79,4.56
411262,10,Jogging,3953512341000,6.89,3.21,2.87
411263,10,Jogging,3953562328000,5.86,4.75,4.9
411264,10,Jogging,3953612377000,-6.63,17.62,-4.75
411265,10,Jogging,3953662334000,-18.77,19.57,2.41
411266,10,Jogging,3953712322000,-12.37,12.6,-2.26
411267,10,Jogging,3953762341000,-2.07,1.14,-6.09
411268,10,Jogging,3953812298000,-7.46,-9.89,-9.38
411269,10,Jogging,3953862377000,-1.18,-12.95,-6.7
411270,10,Jogging,3953912334000,-3.02,6.74,9.34
411271,10,Jogging,3953962322000,-2.83,15.36,-0.57
411272,10,Jogging,3954012249000,-15.21,11.6,-9.47
411273,10,Jogging,3954062328000,-9.04,5.83,-4.9
411274,10,Jogging,3954112347000,-16.32,14.41,-7.44
411275,10,Jogging,3954162334000,-1.65,17.27,3.17
411276,10,Jogging,3954212322000,7.74,3.45,2.79
411277,10,Jogging,3954262341000,3.91,6.55,2.64
411278,10,Jogging,3954312328000,7.89,2.76,4.63
411279,10,Jogging,3954362377000,3.26,8.5,3.17
411280,10,Jogging,3954412334000,-12.72,19.57,1.31
411281,10,Jogging,3954462292000,-19.61,19.57,-6.13
411282,10,Jogging,3954512341000,-0.72,13.72,-2.45
411283,10,Jogging,3954562328000,-8.77,-5.41,-9.66
411284,10,Jogging,3954612347000,-3.76,-15.32,-11.69
411285,10,Jogging,3954662334000,-1.04,-9.77,-3.79
411286,10,Jogging,3954712322000,-2.49,15.98,8.2
411287,10,Jogging,3954762341000,-16.7,14.6,-6.93
411288,10,Jogging,3954812298000,-2.45,4.52,-7.04
411289,10,Jogging,3954882336000,-18.73,19.27,-13.17
411290,10,Jogging,3954932232000,-9.92,15.55,10.34
411291,10,Jogging,3954982403000,9.66,5.28,4.94
411292,10,Jogging,3955032299000,8.39,6.59,4.44
411293,10,Jogging,3955082348000,7.25,3.53,4.86
411294,10,Jogging,3955132336000,-0.04,11.56,-0.15
411295,10,Jogging,3955182323000,-11.88,19.57,-0.69
411296,10,Jogging,3955232311000,-18.01,18.31,-2.83
411297,10,Jogging,3955282330000,-0.3,7.21,-5.52
411298,10,Jogging,3955332348000,-9.08,-6.55,-8.5
411299,10,Jogging,3955382336000,-3.02,-18.35,-9.58
411300,10,Jogging,3955432323000,-3.41,-3.83,-0.38
411301,10,Jogging,3955482342000,-6.17,18.09,6.28
411302,10,Jogging,3955532299000,-5.63,4.52,-4.82
411303,10,Jogging,3955582348000,-13.21,14.75,-5.52
411304,10,Jogging,3955632336000,-9.66,10.84,-6.24
411305,10,Jogging,3955682384000,-7.4,18.54,-7.78
411306,10,Jogging,3955732342000,-1.99,8.81,5.9
411307,10,Jogging,3955782330000,10.53,5.9,5.63
411308,10,Jogging,3955832348000,7.86,3.76,5.24
411309,10,Jogging,3955882336000,4.44,6.21,5.63
411310,10,Jogging,3955932323000,-8.05,17.77,-4.48
411311,10,Jogging,3955982342000,-18.35,19.57,-1.12
411312,10,Jogging,3956032330000,-6.97,14.9,-2.45
411313,10,Jogging,3956082317000,-6.09,-2.07,-7.86
411314,10,Jogging,3956132336000,-6.05,-14.56,-9.47
411315,10,Jogging,3956182323000,-0.38,-14.67,-5.01
411316,10,Jogging,3956232342000,-2.53,9.34,5.67
411317,10,Jogging,3956282330000,-5.01,13.4,-4.02
411318,10,Jogging,3956332348000,-15.75,15.66,-9.66
411319,10,Jogging,3956382336000,-11.45,6.82,-4.02
411320,10,Jogging,3956432323000,-17.58,18.12,-10.92
411321,10,Jogging,3956482372000,-0.19,17.12,7.27
411322,10,Jogging,3956532299000,9.43,5.22,1.46
411323,10,Jogging,3956582317000,7.55,5.13,2.49
411324,10,Jogging,3956632336000,7.67,3.15,4.14
411325,10,Jogging,3956682323000,-0.89,12.45,0.61
411326,10,Jogging,3956732372000,-13.29,19.57,-3.26
