,user,label,timestamp,x,y,z
545804,11,Jogging,56678742290000,-6.24,9.15,0.99
545805,11,Jogging,56678792339000,0.15,1.8,-1.88
545806,11,Jogging,56678842327000,1.46,7.67,0.8
545807,11,Jogging,56678892345000,1.31,-2.07,-4.14
545808,11,Jogging,56678942303000,-2.72,12.95,-0.65
545809,11,Jogging,56678992290000,-5.24,18.31,2.03
545810,11,Jogging,56679042339000,-6.97,12.91,1.73
545811,11,Jogging,56679092358000,-9.43,11.75,3.3
545812,11,Jogging,56679142315000,-1.33,-1.18,0.46
545813,11,Jogging,56679192303000,4.99,-1.14,0.23
545814,11,Jogging,56679242290000,2.68,0.61,-1.99
545815,11,Jogging,56679292370000,-6.93,18.2,2.41
545816,11,Jogging,56679342296000,-10.38,-1.12,2.79
545817,11,Jogging,56679392315000,-6.89,15.47,6.55
545818,11,Jogging,56679442333000,-6.55,14.21,4.9
545819,11,Jogging,56679492321000,-5.63,4.63,-2.3
545820,11,Jogging,56679542309000,2.15,5.43,-1.33
545821,11,Jogging,56679592327000,2.07,1.57,-1.53
545822,11,Jogging,56679642376000,0.23,4.44,-3.57
545823,11,Jogging,56679692303000,-4.4,19.42,2.83
545824,11,Jogging,56679742290000,-4.75,15.75,1.12
545825,11,Jogging,56679792431000,-9.04,17.5,3.38
545826,11,Jogging,56679842296000,-5.28,2.72,3.06
545827,11,Jogging,56679892315000,4.29,-5.18,-0.95
545828,11,Jogging,56679942303000,0.76,1.46,-1.53
545829,11,Jogging,56679992290000,6.93,12.91,-2.03
545830,11,Jogging,56680042309000,-13.02,4.52,0.19
545831,11,Jogging,56680092296000,-7.7,11.56,3.26
545832,11,Jogging,56680142315000,-6.51,16.55,6.74
545833,11,Jogging,56680192303000,-4.86,6.24,-1.46
545834,11,Jogging,56680242290000,3.11,2.49,-1.99
545835,11,Jogging,56680242290000,3.11,2.49,-1.99
545836,11,Jogging,56680299297000,-0.34,6.51,-0.04
545837,11,Jogging,56680362377000,0.53,2.96,-6.66
545838,11,Jogging,56680422344000,-2.56,19.53,3.49
545839,11,Jogging,56680472332000,-6.82,15.51,2.72
545840,11,Jogging,56680522320000,-10.08,11.03,2.37
545841,11,Jogging,56680572338000,-1.33,-2.68,0.72
545842,11,Jogging,56680622326000,3.91,-0.38,0.57
545843,11,Jogging,56680672344000,4.02,1.08,-2.87
545844,11,Jogging,56680722912000,-6.43,18.47,0.93
545845,11,Jogging,56680772320000,-10.53,0.95,1.99
545846,11,Jogging,56680822338000,-6.63,16.32,4.94
545847,11,Jogging,56680872326000,-5.63,13.91,4.4
545848,11,Jogging,56680922344000,-2.75,3.45,-2.41
545849,11,Jogging,56680972332000,2.41,3.3,-0.27
545850,11,Jogging,56681022320000,1.23,0.99,-3.02
545851,11,Jogging,56681072338000,-0.5,7.67,-3.45
545852,11,Jogging,56681122295000,-4.25,19.5,1.92
545853,11,Jogging,56681172314000,-6.74,13.95,1.42
545854,11,Jogging,56681222301000,-9.66,14.71,3.41
545855,11,Jogging,56681272320000,-3.49,0.99,2.15
545856,11,Jogging,56681322338000,4.82,-2.75,-0.76
545857,11,Jogging,56681372356000,1.99,0.84,-2.91
545858,11,Jogging,56681422344000,-1.31,17.43,2.37
545859,11,Jogging,56681472332000,-10.53,1.27,-2.03
545860,11,Jogging,56681522320000,-6.05,15.24,5.86
545861,11,Jogging,56681572338000,-6.36,15.98,5.67
545862,11,Jogging,56681622326000,-5.48,2.91,-3.95
545863,11,Jogging,56681672344000,3.57,5.13,0.0
545864,11,Jogging,56681722332000,2.07,1.84,-1.99
545865,11,Jogging,56681772320000,0.15,3.83,-4.1
545866,11,Jogging,56681822338000,-6.63,19.42,3.49
545867,11,Jogging,56681872326000,-6.17,15.32,1.42
545868,11,Jogging,56681922375000,-10.8,15.64,3.41
545869,11,Jogging,56681972332000,-5.18,0.99,3.15
545870,11,Jogging,56682022320000,4.99,-3.17,-1.12
545871,11,Jogging,56682072338000,4.99,1.99,-2.11
545872,11,Jogging,56682122326000,2.3,16.44,-3.53
545873,11,Jogging,56682172344000,-12.56,1.92,-1.18
545874,11,Jogging,56682222332000,-7.59,14.25,5.79
545875,11,Jogging,56682272320000,-8.05,15.55,6.32
545876,11,Jogging,56682322338000,-5.41,3.34,-3.3
545877,11,Jogging,56682372326000,4.1,5.71,-0.11
545878,11,Jogging,56682422344000,1.33,3.49,0.11
545879,11,Jogging,56682472332000,0.72,-2.96,-9.0
545880,11,Jogging,56682522320000,-4.86,17.01,4.86
545881,11,Jogging,56682572338000,-6.97,16.89,0.15
545882,11,Jogging,56682622326000,-10.27,13.95,1.99
545883,11,Jogging,56682672344000,-6.02,5.98,4.86
545884,11,Jogging,56682722332000,4.63,-4.67,-1.12
545885,11,Jogging,56682772350000,2.56,0.34,-3.53
545886,11,Jogging,56682822338000,3.06,10.46,-2.53
545887,11,Jogging,56682872326000,-11.75,8.43,-0.99
545888,11,Jogging,56682922344000,-8.2,8.5,5.79
545889,11,Jogging,56682972332000,-8.31,17.31,5.9
545890,11,Jogging,56683022320000,-7.97,7.86,-0.61
545891,11,Jogging,56683072369000,2.49,0.57,-1.57
545892,11,Jogging,56683122326000,3.11,9.15,0.84
545893,11,Jogging,56683172344000,1.27,-1.18,-9.43
545894,11,Jogging,56683222332000,-4.48,12.53,3.49
545895,11,Jogging,56683272320000,-6.43,18.92,0.53
545896,11,Jogging,56683322338000,-8.35,13.14,1.88
545897,11,Jogging,56683372356000,-9.11,10.12,3.57
545898,11,Jogging,56683422344000,0.46,-3.79,1.42
545899,11,Jogging,56683472332000,3.06,0.5,-1.99
545900,11,Jogging,56683522350000,2.3,5.71,-2.98
545901,11,Jogging,56683572338000,-6.13,18.24,2.15
545902,11,Jogging,56683622326000,-10.84,4.75,0.76
545903,11,Jogging,56683672375000,-6.85,17.01,5.48
545904,11,Jogging,56683722332000,-9.19,12.49,3.34
545905,11,Jogging,56683772320000,-1.76,5.52,-0.76
545906,11,Jogging,56683842296000,4.4,5.52,-0.76
545907,11,Jogging,56683892284000,1.46,-3.45,-8.88
545908,11,Jogging,56683942364000,-4.1,14.1,3.83
545909,11,Jogging,56683992229000,-8.24,18.43,-0.23
545910,11,Jogging,56684042309000,-10.65,13.53,1.92
545911,11,Jogging,56684092296000,-7.16,9.38,4.4
545912,11,Jogging,56684142315000,1.73,-1.88,-0.27
545913,11,Jogging,56684192303000,1.5,-0.27,-2.45
545914,11,Jogging,56684242290000,2.87,5.52,-1.76
545915,11,Jogging,56684292339000,-7.35,18.62,0.38
545916,11,Jogging,56684342296000,-9.0,3.11,-1.33
545917,11,Jogging,56684392315000,-5.98,14.94,5.63
545918,11,Jogging,56684442303000,-7.89,12.76,4.52
545919,11,Jogging,56684492290000,-5.13,4.52,-3.49
545920,11,Jogging,56684542309000,4.82,2.98,-0.99
545921,11,Jogging,56684592327000,0.65,2.22,-0.42
545922,11,Jogging,56684642315000,-1.46,3.45,-7.97
545923,11,Jogging,56684692303000,-9.72,19.34,3.34
545924,11,Jogging,56684742657000,-7.86,13.76,0.84
545925,11,Jogging,56684792309000,-9.58,12.98,1.27
545926,11,Jogging,56684842296000,-3.98,2.87,1.99
545927,11,Jogging,56684892315000,3.34,-1.53,-2.07
545928,11,Jogging,56684942303000,1.84,1.42,-0.11
545929,11,Jogging,56684992290000,5.52,10.69,-5.75
545930,11,Jogging,56685042309000,-14.37,10.04,-2.18
545931,11,Jogging,56685092296000,-5.67,10.53,5.63
545932,11,Jogging,56685142315000,-8.39,17.05,6.02
545933,11,Jogging,56685192303000,-7.31,5.37,-1.53
545934,11,Jogging,56685242290000,0.0,0.69,-2.79
545935,11,Jogging,56685292309000,0.69,6.28,0.11
545936,11,Jogging,56685342296000,1.31,-1.65,-8.69
545937,11,Jogging,56685392315000,-2.03,13.82,3.83
545938,11,Jogging,56685442333000,-8.35,18.2,-0.89
545939,11,Jogging,56685492290000,-9.81,12.76,1.38
545940,11,Jogging,56685542309000,-8.43,10.31,2.03
545941,11,Jogging,56685592296000,0.69,-1.46,2.11
545942,11,Jogging,56685642315000,1.23,0.65,-2.45
545943,11,Jogging,56685692303000,2.26,3.11,-4.59
545944,11,Jogging,56685742290000,-7.86,18.16,1.04
545945,11,Jogging,56685792309000,-10.95,5.22,-0.95
545946,11,Jogging,56685842296000,-5.05,18.24,1.92
545947,11,Jogging,56685892315000,-5.75,9.62,2.15
545948,11,Jogging,56685942303000,0.72,0.89,-2.34
545949,11,Jogging,56685992260000,0.04,6.32,-0.65
545950,11,Jogging,56686042309000,2.91,1.5,-0.34
545951,11,Jogging,56686092296000,-0.91,12.34,-11.26
545952,11,Jogging,56686142315000,-2.53,17.01,4.52
545953,11,Jogging,56686192303000,-5.94,18.96,2.6
545954,11,Jogging,56686242290000,-6.09,13.99,3.95
545955,11,Jogging,56686292309000,-2.96,1.23,3.3
545956,11,Jogging,56686342296000,4.1,-5.09,-0.53
545957,11,Jogging,56686392315000,0.0,1.31,-1.84
545958,11,Jogging,56686442303000,3.02,10.92,-3.45
545959,11,Jogging,56686492290000,-9.47,14.1,0.23
545960,11,Jogging,56686492290000,-9.47,14.1,0.23
545961,11,Jogging,56686552288000,-5.48,15.13,2.3
545962,11,Jogging,56686602337000,-2.87,15.79,6.21
545963,11,Jogging,56686652325000,-0.72,7.06,0.57
545964,11,Jogging,56686702343000,2.41,3.79,-3.87
545965,11,Jogging,56686752331000,2.64,1.88,-0.42
545966,11,Jogging,56686802288000,2.79,7.25,-5.28
545967,11,Jogging,56686852337000,-4.71,19.0,-0.65
545968,11,Jogging,56686902325000,-8.85,14.86,0.95
545969,11,Jogging,56686952343000,-11.5,13.25,3.02
545970,11,Jogging,56687002361000,-6.85,7.01,2.56
545971,11,Jogging,56687052349000,2.37,-2.49,1.33
545972,11,Jogging,56687102337000,3.87,-4.94,-1.38
545973,11,Jogging,56687152325000,0.95,6.36,-0.84
545974,11,Jogging,56687206127000,-9.66,14.21,2.72
545975,11,Jogging,56687262249000,-7.74,13.06,4.82
545976,11,Jogging,56687322307000,-8.92,12.49,5.13
545977,11,Jogging,56687372295000,-5.48,1.33,-0.15
545978,11,Jogging,56687422344000,0.34,3.99,-2.98
545979,11,Jogging,56687472362000,5.09,5.56,-0.42
545980,11,Jogging,56687522320000,4.52,0.84,-6.36
545981,11,Jogging,56687572369000,-14.14,15.85,1.31
545982,11,Jogging,56687622326000,-6.89,13.91,0.31
545983,11,Jogging,56687672344000,-11.5,12.98,2.15
545984,11,Jogging,56687722332000,-5.98,9.43,3.11
545985,11,Jogging,56687772320000,1.92,-0.42,1.23
545986,11,Jogging,56687822338000,2.15,-4.59,-0.53
545987,11,Jogging,56687872326000,3.34,5.9,-2.56
545988,11,Jogging,56687922344000,-12.76,19.46,2.07
545989,11,Jogging,56687972332000,-0.5,14.1,4.67
545990,11,Jogging,56688022320000,-1.46,12.07,4.71
545991,11,Jogging,56688072338000,-2.41,9.51,-0.95
545992,11,Jogging,56688122326000,1.5,2.22,-2.37
545993,11,Jogging,56688172344000,0.57,2.45,0.27
545994,11,Jogging,56688222332000,0.04,4.06,-0.91
545995,11,Jogging,56688272320000,4.02,11.45,-6.09
545996,11,Jogging,56688322338000,0.04,19.57,2.15
545997,11,Jogging,56688372326000,1.84,18.35,3.11
545998,11,Jogging,56688432232000,-4.79,14.02,5.63
545999,11,Jogging,56688482342000,-1.31,0.8,0.23
546000,11,Jogging,56688532329000,1.65,-2.87,0.04
546001,11,Jogging,56688582348000,2.87,-0.95,-1.04
546002,11,Jogging,56688632336000,2.26,14.98,4.21
546003,11,Jogging,56688682323000,-10.15,14.56,-0.57
