,user,label,timestamp,x,y,z
549004,11,Jogging,56838722332000,2.87,15.36,-5.18
549005,11,Jogging,56838772320000,-5.75,13.18,-6.36
549006,11,Jogging,56838822338000,-1.5,15.4,0.0
549007,11,Jogging,56838872326000,-3.26,15.98,-1.76
549008,11,Jogging,56838922344000,-0.61,-0.34,-1.73
549009,11,Jogging,56838972332000,2.76,4.48,-1.5
549010,11,Jogging,56839022320000,1.88,4.44,-1.95
549011,11,Jogging,56839072338000,-1.27,-0.57,-12.18
549012,11,Jogging,56839122326000,-0.84,17.5,-4.02
549013,11,Jogging,56839172344000,-0.3,14.94,-6.74
549014,11,Jogging,56839222332000,-5.24,17.24,-2.34
549015,11,Jogging,56839272320000,-3.45,8.2,-0.72
549016,11,Jogging,56839322369000,-0.61,-3.41,2.11
549017,11,Jogging,56839372326000,2.76,1.69,-2.26
549018,11,Jogging,56839422344000,2.53,1.57,-6.43
549019,11,Jogging,56839472332000,-2.03,18.12,-4.18
549020,11,Jogging,56839522320000,-3.45,11.37,-4.02
549021,11,Jogging,56839572307000,-0.11,18.73,-2.34
549022,11,Jogging,56839622326000,-2.96,13.25,-1.8
549023,11,Jogging,56839672344000,-0.5,-0.91,-0.23
549024,11,Jogging,56839722332000,0.11,3.95,-3.83
549025,11,Jogging,56839772320000,0.19,4.29,-0.27
549026,11,Jogging,56839822307000,-0.23,-2.41,-12.22
549027,11,Jogging,56839872326000,1.23,17.62,-4.63
549028,11,Jogging,56839922344000,-1.46,15.32,-7.82
549029,11,Jogging,56839972332000,-4.67,11.26,-3.83
549030,11,Jogging,56840022320000,-1.46,10.42,0.31
549031,11,Jogging,56840072338000,1.92,-3.68,0.23
549032,11,Jogging,56840122326000,0.72,1.84,-1.99
549033,11,Jogging,56840172344000,5.48,3.83,-7.59
549034,11,Jogging,56840222332000,-7.7,17.16,-6.4
549035,11,Jogging,56840289532000,-0.99,12.91,-1.69
549036,11,Jogging,56840342296000,-3.64,18.35,-1.33
549037,11,Jogging,56840392315000,-2.41,3.95,-2.98
549038,11,Jogging,56840442303000,1.69,2.6,-0.34
549039,11,Jogging,56840492321000,2.53,4.63,-1.14
549040,11,Jogging,56840542309000,-0.84,-3.26,-9.0
549041,11,Jogging,56840592296000,-0.15,14.41,-1.76
549042,11,Jogging,56840642315000,-1.84,18.96,-7.78
549043,11,Jogging,56840692303000,-2.07,14.33,-2.14
549044,11,Jogging,56840742290000,-3.02,10.65,-0.95
549045,11,Jogging,56840792339000,-1.73,-3.6,-0.57
549046,11,Jogging,56840842296000,2.26,1.95,-1.53
549047,11,Jogging,56840892315000,2.6,1.18,-2.49
549048,11,Jogging,56840892315000,2.6,1.18,-2.49
549049,11,Jogging,56840962322000,-6.51,18.12,-4.56
549050,11,Jogging,56841012249000,-4.56,12.18,0.72
549051,11,Jogging,56841062328000,-2.26,18.05,-2.03
549052,11,Jogging,56841122326000,-2.18,10.31,-1.42
549053,11,Jogging,56841172344000,0.08,0.89,-2.07
549054,11,Jogging,56841222332000,1.33,1.92,-1.53
549055,11,Jogging,56841272320000,2.22,-0.19,-9.15
549056,11,Jogging,56841332317000,0.46,15.83,-1.18
549057,11,Jogging,56841382336000,-4.44,16.82,-5.86
549058,11,Jogging,56841432323000,-4.02,16.44,-2.68
549059,11,Jogging,56841482342000,-3.21,8.31,-0.53
549060,11,Jogging,56841532329000,2.18,-2.83,-0.69
549061,11,Jogging,56841582348000,1.14,2.11,-2.6
549062,11,Jogging,56841632336000,6.78,3.02,-7.74
549063,11,Jogging,56841682354000,-7.89,17.5,-5.05
549064,11,Jogging,56841732342000,-3.6,11.22,0.84
549065,11,Jogging,56841782329000,-1.18,17.31,-0.57
549066,11,Jogging,56841832378000,-5.43,13.4,-2.18
549067,11,Jogging,56841882336000,1.12,-0.5,-1.73
549068,11,Jogging,56841932384000,3.06,4.18,-1.99
549069,11,Jogging,56841982342000,1.08,2.64,-2.22
549070,11,Jogging,56842032329000,-3.64,6.32,-5.82
549071,11,Jogging,56842082378000,-1.76,19.57,-6.43
549072,11,Jogging,56842132336000,-0.38,13.06,-3.15
549073,11,Jogging,56842182354000,-4.44,14.02,-1.12
549074,11,Jogging,56842232342000,-4.29,2.83,-0.38
549075,11,Jogging,56842282329000,1.42,-4.4,-0.19
549076,11,Jogging,56842332378000,3.49,3.3,-2.79
549077,11,Jogging,56842382336000,4.75,14.21,-5.71
549078,11,Jogging,56842432323000,-9.3,10.8,-4.94
549079,11,Jogging,56842482311000,0.19,14.02,0.31
549080,11,Jogging,56842532329000,-1.18,18.73,-0.53
549081,11,Jogging,56842582378000,-3.87,5.24,-0.69
549082,11,Jogging,56842632336000,-1.27,0.38,-2.3
549083,11,Jogging,56842682323000,2.53,4.63,-1.5
549084,11,Jogging,56842732342000,2.96,1.18,-9.81
549085,11,Jogging,56842782329000,-0.89,13.14,-3.34
549086,11,Jogging,56842832348000,-3.15,16.89,-7.27
549087,11,Jogging,56842882336000,-4.67,15.28,-3.83
549088,11,Jogging,56842932323000,-2.98,11.07,-0.08
549089,11,Jogging,56842982342000,2.22,-1.42,0.84
549090,11,Jogging,56843032329000,0.61,-0.23,-2.79
549091,11,Jogging,56843082348000,0.76,1.61,-1.12
549092,11,Jogging,56843132305000,2.15,15.55,-5.71
549093,11,Jogging,56843182323000,-4.82,9.53,-4.48
549094,11,Jogging,56843232342000,-1.73,17.5,-1.38
549095,11,Jogging,56843282329000,-5.18,16.82,-1.65
549096,11,Jogging,56843332348000,-0.84,1.57,-2.53
549097,11,Jogging,56843382336000,2.15,3.38,-0.11
549098,11,Jogging,56843432323000,-0.19,4.37,-10.61
549099,11,Jogging,56843492290000,-1.99,1.57,-10.61
549100,11,Jogging,56843542217000,3.83,19.38,-5.52
549101,11,Jogging,56843592327000,-3.17,13.95,-5.86
549102,11,Jogging,56843642254000,-5.71,16.93,-1.57
549103,11,Jogging,56843692303000,-1.31,8.08,-0.19
549104,11,Jogging,56843742290000,-1.73,-2.87,1.42
549105,11,Jogging,56843792309000,1.14,1.57,-3.34
549106,11,Jogging,56843842296000,6.44,2.6,-8.12
549107,11,Jogging,56843892315000,-8.16,17.27,-3.15
549108,11,Jogging,56843942303000,-3.68,9.0,-1.12
549109,11,Jogging,56843992260000,-1.27,18.47,-1.18
549110,11,Jogging,56844042309000,-3.95,14.02,-1.99
549111,11,Jogging,56844092327000,-1.57,2.34,-1.33
549112,11,Jogging,56844142315000,3.34,3.34,-2.49
549113,11,Jogging,56844192333000,0.99,3.41,-2.68
549114,11,Jogging,56844242290000,-2.83,4.6,-5.43
549115,11,Jogging,56844292309000,0.11,19.5,-5.67
549116,11,Jogging,56844342296000,-2.6,16.36,-5.52
549117,11,Jogging,56844392315000,-4.44,13.72,-2.56
549118,11,Jogging,56844442303000,-3.15,2.56,0.61
549119,11,Jogging,56844492290000,2.03,-0.61,-3.11
549120,11,Jogging,56844542309000,1.65,1.27,-0.53
549121,11,Jogging,56844592296000,6.59,9.04,-6.28
549122,11,Jogging,56844642315000,-8.88,12.45,-6.17
549123,11,Jogging,56844692303000,-1.65,14.41,-0.08
549124,11,Jogging,56844742290000,-3.36,19.15,-0.46
549125,11,Jogging,56844792339000,-3.17,7.08,-2.26
549126,11,Jogging,56844842296000,0.27,-0.46,-2.79
549127,11,Jogging,56844892315000,1.04,5.79,0.19
549128,11,Jogging,56844942303000,2.79,-1.33,-10.42
549129,11,Jogging,56844992290000,-1.23,15.17,-0.46
549130,11,Jogging,56845042309000,-3.34,17.05,-5.01
549131,11,Jogging,56845092327000,-5.24,14.94,-1.23
549132,11,Jogging,56845142315000,-3.53,12.41,-0.27
549133,11,Jogging,56845192333000,-0.34,1.69,-0.72
549134,11,Jogging,56845242321000,3.38,0.11,-2.91
549135,11,Jogging,56845292309000,3.57,2.26,-4.94
549136,11,Jogging,56845342296000,-3.68,17.01,-3.64
549137,11,Jogging,56845392315000,-2.83,9.38,-2.83
549138,11,Jogging,56845442303000,-3.06,18.2,-1.61
549139,11,Jogging,56845492290000,-4.48,16.86,-0.57
549140,11,Jogging,56845542309000,-0.57,0.5,-0.95
549141,11,Jogging,56845592296000,2.18,2.3,-4.4
549142,11,Jogging,56845642315000,1.54,4.14,-0.27
549143,11,Jogging,56845692303000,1.8,0.04,-10.92
549144,11,Jogging,56845742290000,-1.42,18.09,-4.37
549145,11,Jogging,56845792309000,-2.07,17.16,-7.16
549146,11,Jogging,56845842296000,-4.44,15.6,-2.49
549147,11,Jogging,56845892315000,-3.11,8.16,0.08
549148,11,Jogging,56845942303000,1.88,-4.21,-0.95
549149,11,Jogging,56845992290000,0.99,1.38,-2.6
549150,11,Jogging,56846042309000,7.74,5.63,-8.2
549151,11,Jogging,56846092296000,-8.01,14.94,-6.51
549152,11,Jogging,56846142315000,-2.56,13.4,-1.53
549153,11,Jogging,56846192303000,-0.34,19.53,-2.14
549154,11,Jogging,56846242290000,-4.18,11.75,-1.65
549155,11,Jogging,56846292309000,0.0,-3.49,-0.89
549156,11,Jogging,56846342296000,2.96,7.12,-2.37
549157,11,Jogging,56846392345000,1.38,0.95,-2.53
549158,11,Jogging,56846442303000,-0.95,2.76,-7.16
549159,11,Jogging,56846492290000,-0.27,19.53,-6.4
549160,11,Jogging,56846542309000,-0.69,15.05,-4.71
549161,11,Jogging,56846592296000,-5.94,15.79,-1.73
549162,11,Jogging,56846642315000,-3.83,4.14,-0.65
549163,11,Jogging,56846692303000,2.37,-3.72,1.18
549164,11,Jogging,56846742290000,2.34,2.56,-2.83
549165,11,Jogging,56846792309000,8.08,9.34,-9.62
549166,11,Jogging,56846842296000,-9.43,11.75,-7.08
549167,11,Jogging,56846892315000,-1.12,14.18,-1.18
549168,11,Jogging,56846942303000,-1.31,19.34,-2.3
549169,11,Jogging,56846992290000,-5.56,8.47,-2.6
549170,11,Jogging,56847042309000,-0.5,0.23,-1.57
549171,11,Jogging,56847092296000,3.91,3.95,-2.45
549172,11,Jogging,56847142345000,2.68,1.61,-2.34
549173,11,Jogging,56847192303000,-0.11,3.17,-6.21
549174,11,Jogging,56847242290000,-3.49,19.53,-7.65
549175,11,Jogging,56847292309000,-1.46,14.86,-6.7
549176,11,Jogging,56847342296000,-4.06,15.89,-1.33
549177,11,Jogging,56847392315000,-1.5,5.18,0.89
549178,11,Jogging,56847442303000,3.83,-5.9,-1.12
549179,11,Jogging,56847492290000,0.0,1.95,-4.14
549180,11,Jogging,56847542461000,5.83,13.53,-7.25
549181,11,Jogging,56847592296000,-6.32,9.23,-6.59
549182,11,Jogging,56847642315000,-1.73,14.75,-0.72
549183,11,Jogging,56847692303000,-1.46,19.11,-1.57
549184,11,Jogging,56847742290000,-3.72,6.05,-1.18
549185,11,Jogging,56847792309000,1.31,-1.99,-1.08
549186,11,Jogging,56847842296000,2.22,6.97,-2.75
549187,11,Jogging,56847892315000,1.8,0.0,-8.54
549188,11,Jogging,56847942303000,-3.06,13.76,-1.23
549189,11,Jogging,56847992290000,-2.18,19.0,-6.24
549190,11,Jogging,56848042309000,-4.86,15.09,-0.89
549191,11,Jogging,56848092296000,-4.99,8.39,-0.23
549192,11,Jogging,56848142345000,-3.34,-2.49,1.99
549193,11,Jogging,56848192303000,4.1,0.89,-1.76
549194,11,Jogging,56848242290000,2.18,2.6,-4.14
549195,11,Jogging,56848292309000,-3.64,18.5,-3.76
549196,11,Jogging,56848342296000,-4.25,13.53,-2.45
549197,11,Jogging,56848392345000,0.15,17.62,-1.18
549198,11,Jogging,56848442303000,-4.67,11.41,0.11
549199,11,Jogging,56848492290000,-0.11,4.02,-0.65
549200,11,Jogging,56848492290000,-0.11,4.02,-0.65
549201,11,Jogging,56848562359000,2.03,2.26,-3.64
549202,11,Jogging,56848612285000,-0.42,2.6,-6.55
549203,11,Jogging,56848662365000,-2.18,10.8,-2.6
