,user,label,timestamp,x,y,z
552004,11,Jogging,56988722332000,1.31,0.34,-0.15
552005,11,Jogging,56988772838000,2.34,3.41,-2.96
552006,11,Jogging,56988822338000,0.57,3.17,-10.5
552007,11,Jogging,56988872326000,-2.49,13.38,-0.04
552008,11,Jogging,56988922344000,-5.37,17.62,-7.08
552009,11,Jogging,56988972332000,-6.24,16.13,-3.91
552010,11,Jogging,56989022289000,-4.14,8.47,-0.61
552011,11,Jogging,56989072369000,-0.38,-0.76,1.69
552012,11,Jogging,56989122326000,0.93,0.95,-1.12
552013,11,Jogging,56989172344000,2.07,3.02,-3.91
552014,11,Jogging,56989222332000,-3.64,18.05,-5.6
552015,11,Jogging,56989272350000,-4.4,6.74,-2.96
552016,11,Jogging,56989322338000,-3.79,17.39,-0.53
552017,11,Jogging,56989372326000,-9.38,15.02,-0.65
552018,11,Jogging,56989422344000,-1.99,2.37,-0.61
552019,11,Jogging,56989472332000,1.88,1.92,-0.57
552020,11,Jogging,56989522289000,-0.27,6.4,-2.11
552021,11,Jogging,56989572338000,-0.72,3.02,-6.7
552022,11,Jogging,56989622326000,-2.83,16.74,-4.86
552023,11,Jogging,56989672344000,-5.6,16.4,-4.37
552024,11,Jogging,56989722332000,-5.63,16.89,-2.18
552025,11,Jogging,56989772320000,-3.57,7.86,0.15
552026,11,Jogging,56989822338000,0.76,-2.6,1.12
552027,11,Jogging,56989872326000,0.15,1.23,-2.6
552028,11,Jogging,56989922344000,2.34,3.02,-5.82
552029,11,Jogging,56989972332000,-6.09,18.28,-1.14
552030,11,Jogging,56990022320000,-4.86,9.81,-2.26
552031,11,Jogging,56990072338000,-8.08,18.12,0.34
552032,11,Jogging,56990122326000,-7.35,13.29,-1.33
552033,11,Jogging,56990172375000,-1.65,2.45,-0.27
552034,11,Jogging,56990222332000,1.33,1.61,-3.36
552035,11,Jogging,56990288952000,0.19,4.63,-1.84
552036,11,Jogging,56990342296000,2.03,4.25,-3.87
552037,11,Jogging,56990392315000,-5.41,19.34,-4.67
552038,11,Jogging,56990442303000,-10.0,18.5,-3.98
552039,11,Jogging,56990492290000,-5.2,14.6,-1.65
552040,11,Jogging,56990542339000,-3.34,5.75,0.19
552041,11,Jogging,56990592296000,0.5,-2.37,0.27
552042,11,Jogging,56990642315000,0.53,1.27,-2.45
552043,11,Jogging,56990692303000,7.63,8.2,-6.05
552044,11,Jogging,56990742290000,-11.56,14.33,-3.36
552045,11,Jogging,56990792309000,-5.79,11.41,0.46
552046,11,Jogging,56990842296000,-7.7,18.73,-0.15
552047,11,Jogging,56990892315000,-6.43,8.58,-1.46
552048,11,Jogging,56990942303000,0.95,0.19,0.15
552049,11,Jogging,56990992290000,0.72,4.44,-3.11
552050,11,Jogging,56991042309000,-0.5,3.17,-1.27
552051,11,Jogging,56991092296000,-1.14,4.86,-6.85
552052,11,Jogging,56991142376000,-3.76,19.53,-4.82
552053,11,Jogging,56991192303000,-6.74,12.68,-3.79
552054,11,Jogging,56991242290000,-6.63,13.44,-1.61
552055,11,Jogging,56991292248000,-2.18,6.32,1.31
552056,11,Jogging,56991342296000,3.11,-1.57,-0.15
552057,11,Jogging,56991392315000,-1.14,0.53,-2.26
552058,11,Jogging,56991442303000,6.09,6.93,-8.88
552059,11,Jogging,56991492290000,-12.45,16.28,-3.49
552060,11,Jogging,56991542339000,-3.91,14.25,0.69
552061,11,Jogging,56991592296000,-7.25,15.6,-1.23
552062,11,Jogging,56991642315000,-4.71,7.44,-2.34
552063,11,Jogging,56991692303000,0.5,1.61,0.53
552064,11,Jogging,56991742290000,1.88,3.53,-2.64
552065,11,Jogging,56991792309000,-0.65,1.5,-9.3
552066,11,Jogging,56991842296000,-2.79,12.53,-0.95
552067,11,Jogging,56991892315000,-4.99,18.31,-5.75
552068,11,Jogging,56991942303000,-6.36,13.44,-2.11
552069,11,Jogging,56991992290000,-4.25,13.99,-0.15
552070,11,Jogging,56992042309000,-0.53,-0.46,0.08
552071,11,Jogging,56992092296000,1.65,-1.04,0.27
552072,11,Jogging,56992142315000,-0.27,2.96,-2.72
552073,11,Jogging,56992192303000,7.59,12.79,-8.01
552074,11,Jogging,56992242321000,-12.53,11.22,-4.94
552075,11,Jogging,56992292309000,-3.6,13.48,1.14
552076,11,Jogging,56992342296000,-8.88,17.67,-0.5
552077,11,Jogging,56992392376000,-3.95,4.86,-2.75
552078,11,Jogging,56992442303000,3.83,-0.19,-0.27
552079,11,Jogging,56992492290000,2.26,6.24,-1.12
552080,11,Jogging,56992542309000,-1.18,0.0,-11.6
552081,11,Jogging,56992592296000,-2.26,14.41,0.38
552082,11,Jogging,56992642345000,-6.28,17.86,-5.43
552083,11,Jogging,56992692303000,-6.43,18.09,-2.41
552084,11,Jogging,56992742290000,-3.11,9.53,-0.61
552085,11,Jogging,56992792370000,-0.76,-1.53,0.46
552086,11,Jogging,56992792370000,-0.76,-1.53,0.46
552087,11,Jogging,56992852306000,1.12,1.12,-2.68
552088,11,Jogging,56992902325000,3.11,3.17,-3.91
552089,11,Jogging,56992952343000,-3.79,17.73,-0.8
552090,11,Jogging,56993002361000,-7.08,9.89,-2.64
552091,11,Jogging,56993052349000,-6.36,19.04,0.38
552092,11,Jogging,56993102367000,-7.21,13.25,-1.04
552093,11,Jogging,56993152325000,-1.27,2.26,-0.3
552094,11,Jogging,56993202343000,0.76,2.68,1.12
552095,11,Jogging,56993252331000,0.5,5.18,-4.14
552096,11,Jogging,56993302349000,0.11,3.72,-6.55
552097,11,Jogging,56993352337000,-0.04,16.93,-6.13
552098,11,Jogging,56993402325000,-8.16,19.0,-6.55
552099,11,Jogging,56993452343000,-5.43,14.67,-2.64
552100,11,Jogging,56993502392000,-1.57,7.86,0.93
552101,11,Jogging,56993552349000,-0.11,0.38,0.89
552102,11,Jogging,56993602337000,-0.23,-0.23,-2.3
552103,11,Jogging,56993652355000,1.18,2.18,-6.85
552104,11,Jogging,56993702343000,-2.34,17.92,-0.15
552105,11,Jogging,56993752331000,-4.56,8.5,-5.24
552106,11,Jogging,56993802349000,-6.85,18.16,-1.57
552107,11,Jogging,56993852337000,-6.97,13.63,-2.07
552108,11,Jogging,56993902325000,-0.38,2.6,-0.69
552109,11,Jogging,56993952343000,3.26,2.53,-2.3
552110,11,Jogging,56994002544000,0.89,5.9,-0.34
552111,11,Jogging,56994052349000,0.23,-0.53,-11.41
552112,11,Jogging,56994102337000,-1.5,16.66,-1.95
552113,11,Jogging,56994152325000,-6.09,17.62,-7.31
552114,11,Jogging,56994202343000,-6.05,14.48,-1.5
552115,11,Jogging,56994252331000,-3.45,7.59,0.11
552116,11,Jogging,56994302349000,-0.53,-2.45,1.12
552117,11,Jogging,56994352337000,0.46,1.54,-3.26
552118,11,Jogging,56994402325000,2.41,2.64,-2.72
552119,11,Jogging,56994452343000,-1.69,18.62,-2.34
552120,11,Jogging,56994502331000,-7.16,9.58,-3.72
552121,11,Jogging,56994552349000,-8.16,17.62,-1.57
552122,11,Jogging,56994602337000,-4.9,12.83,-1.23
552123,11,Jogging,56994652325000,-0.3,1.12,0.5
552124,11,Jogging,56994702343000,2.07,4.25,-1.14
552125,11,Jogging,56994752331000,0.46,3.91,-2.03
552126,11,Jogging,56994802349000,-0.3,-0.15,-11.5
552127,11,Jogging,56994852337000,-3.02,18.31,-2.64
552128,11,Jogging,56994902325000,-5.63,14.37,-6.02
552129,11,Jogging,56994952343000,-6.51,15.28,-2.03
552130,11,Jogging,56995002331000,-3.87,8.58,0.42
552131,11,Jogging,56995052349000,0.99,-2.91,1.08
552132,11,Jogging,56995102337000,-0.11,1.46,-1.95
552133,11,Jogging,56995152325000,3.57,2.45,-5.86
552134,11,Jogging,56995202343000,-6.55,18.24,-1.53
552135,11,Jogging,56995252361000,-5.52,8.81,-3.53
552136,11,Jogging,56995362133000,-5.9,10.8,-0.53
552137,11,Jogging,56995362133000,-5.9,10.8,-0.53
552138,11,Jogging,56995412273000,0.08,-0.15,-0.04
552139,11,Jogging,56995462414000,1.23,3.11,-2.41
552140,11,Jogging,56995512310000,-0.46,3.3,-1.5
552141,11,Jogging,56995562328000,0.0,3.53,-7.12
552142,11,Jogging,56995612347000,-5.43,19.57,-4.25
552143,11,Jogging,56995672344000,-6.97,13.63,-2.72
552144,11,Jogging,56995722332000,-5.79,12.03,-1.73
552145,11,Jogging,56995772320000,-1.33,0.34,1.92
552146,11,Jogging,56995822338000,1.84,0.65,-3.34
552147,11,Jogging,56995872326000,-0.72,-0.04,0.61
552148,11,Jogging,56995922344000,6.55,11.6,-4.82
552149,11,Jogging,56995972332000,-12.79,14.82,-7.55
552150,11,Jogging,56996022320000,-4.44,12.49,3.02
552151,11,Jogging,56996072338000,-6.89,16.93,0.19
552152,11,Jogging,56996122326000,-3.68,5.9,-1.53
552153,11,Jogging,56996172344000,1.88,0.8,-0.04
552154,11,Jogging,56996222332000,1.57,4.33,-1.88
552155,11,Jogging,56996272381000,0.04,-1.33,-4.33
552156,11,Jogging,56996322338000,-3.11,11.37,-3.02
552157,11,Jogging,56996372326000,-8.01,18.58,-6.21
552158,11,Jogging,56996422344000,-5.82,11.11,-1.38
552159,11,Jogging,56996472332000,-5.52,11.45,-0.61
552160,11,Jogging,56996522289000,-0.69,-1.12,0.8
552161,11,Jogging,56996572338000,2.98,-0.84,-1.53
552162,11,Jogging,56996622326000,0.42,3.38,-3.79
552163,11,Jogging,56996672344000,0.46,17.16,-1.23
552164,11,Jogging,56996722332000,-10.84,7.16,-4.4
552165,11,Jogging,56996772350000,-4.14,14.48,0.65
552166,11,Jogging,56996822338000,-7.65,17.69,0.8
552167,11,Jogging,56996872326000,-3.91,4.06,-0.53
552168,11,Jogging,56996922344000,1.73,-0.23,-1.23
552169,11,Jogging,56996972332000,1.18,4.86,-1.46
552170,11,Jogging,56997022320000,1.57,2.03,-11.95
552171,11,Jogging,56997072338000,-2.07,16.02,-2.3
552172,11,Jogging,56997122326000,-9.08,14.71,-6.78
552173,11,Jogging,56997172344000,-5.63,16.86,-1.88
552174,11,Jogging,56997222332000,-4.25,9.34,0.46
552175,11,Jogging,56997272320000,0.31,-2.37,1.69
552176,11,Jogging,56997322338000,0.5,0.61,-2.68
552177,11,Jogging,56997372326000,1.8,3.15,-4.67
552178,11,Jogging,56997422344000,-3.34,18.47,-2.11
552179,11,Jogging,56997472332000,-6.89,8.05,-4.14
552180,11,Jogging,56997522289000,-4.48,17.77,0.23
552181,11,Jogging,56997572338000,-8.12,14.41,-0.15
552182,11,Jogging,56997622326000,-2.53,3.76,0.15
552183,11,Jogging,56997672344000,2.6,-0.04,-1.14
552184,11,Jogging,56997722332000,0.46,4.71,-1.46
552185,11,Jogging,56997772320000,-0.08,0.84,-11.5
552186,11,Jogging,56997822338000,-4.99,17.08,-1.69
552187,11,Jogging,56997872326000,-5.05,14.75,-5.63
552188,11,Jogging,56997922344000,-7.04,14.44,-1.04
552189,11,Jogging,56997972332000,-3.57,9.38,-0.11
552190,11,Jogging,56998022289000,-1.84,-1.08,1.33
552191,11,Jogging,56998072338000,2.49,3.95,-0.84
552192,11,Jogging,56998122326000,2.3,0.69,-3.15
552193,11,Jogging,56998172344000,1.92,17.2,-4.37
552194,11,Jogging,56998222332000,-8.01,8.58,-5.98
552195,11,Jogging,56998272320000,-5.05,15.28,1.33
552196,11,Jogging,56998322338000,-10.46,16.63,-0.04
552197,11,Jogging,56998372326000,-6.21,5.18,-1.73
552198,11,Jogging,56998422344000,3.53,0.38,0.19
552199,11,Jogging,56998472332000,3.02,5.05,-2.53
552200,11,Jogging,56998522289000,-0.27,1.04,-0.99
552201,11,Jogging,56998572338000,-0.84,4.63,-8.01
552202,11,Jogging,56998622326000,-9.47,19.5,-5.56
552203,11,Jogging,56998672344000,-5.71,11.41,-2.49
