,user,label,timestamp,x,y,z
554404,11,Jogging,57108722362000,2.26,0.53,-2.22
554405,11,Jogging,57108772320000,-0.5,1.99,0.46
554406,11,Jogging,57108822338000,3.21,14.48,-6.89
554407,11,Jogging,57108872326000,-10.8,11.65,-3.76
554408,11,Jogging,57108922344000,-3.53,12.95,1.8
554409,11,Jogging,57108972362000,-8.77,14.98,-0.3
554410,11,Jogging,57109042339000,-1.73,2.56,-0.3
554411,11,Jogging,57109092266000,2.53,5.48,-1.8
554412,11,Jogging,57109142345000,-0.34,3.6,-1.14
554413,11,Jogging,57109192242000,-3.3,1.99,-10.61
554414,11,Jogging,57109242290000,-5.48,19.57,-3.72
554415,11,Jogging,57109292309000,-5.18,10.95,-3.64
554416,11,Jogging,57109342327000,-6.97,13.25,-0.95
554417,11,Jogging,57109392315000,-2.79,3.34,0.93
554418,11,Jogging,57109442333000,3.02,-4.02,1.14
554419,11,Jogging,57109492290000,-0.99,1.61,-2.98
554420,11,Jogging,57109542309000,6.63,11.3,-6.93
554421,11,Jogging,57109592296000,-14.82,13.48,-3.72
554422,11,Jogging,57109642315000,-3.21,12.95,1.08
554423,11,Jogging,57109692333000,-9.15,18.5,0.89
554424,11,Jogging,57109742290000,-6.93,7.12,-1.76
554425,11,Jogging,57109792339000,1.46,-0.15,0.72
554426,11,Jogging,57109842296000,4.33,5.41,-1.84
554427,11,Jogging,57109892315000,-2.53,0.8,-2.53
554428,11,Jogging,57109942333000,-2.26,4.67,-8.31
554429,11,Jogging,57109992321000,-7.16,19.57,-3.34
554430,11,Jogging,57110042339000,-5.48,12.07,-1.57
554431,11,Jogging,57110092296000,-8.08,13.95,-1.14
554432,11,Jogging,57110142315000,-2.26,3.53,1.42
554433,11,Jogging,57110192303000,2.26,-1.12,0.8
554434,11,Jogging,57110242321000,-1.33,0.89,-4.02
554435,11,Jogging,57110292309000,7.7,12.49,-7.89
554436,11,Jogging,57110342296000,-13.14,10.53,-3.6
554437,11,Jogging,57110392315000,-3.17,12.49,1.8
554438,11,Jogging,57110442303000,-9.66,18.7,0.19
554439,11,Jogging,57110492290000,-5.82,6.97,-1.46
554440,11,Jogging,57110542309000,0.61,2.11,0.76
554441,11,Jogging,57110592296000,3.53,3.6,-3.26
554442,11,Jogging,57110642315000,-0.69,2.22,-0.11
554443,11,Jogging,57110692333000,-1.88,1.95,-9.81
554444,11,Jogging,57110742290000,-7.44,19.57,-5.67
554445,11,Jogging,57110792339000,-4.59,11.14,-3.72
554446,11,Jogging,57110842296000,-5.43,11.26,-2.07
554447,11,Jogging,57110892315000,-2.98,4.71,1.65
554448,11,Jogging,57110942333000,1.65,-1.5,-1.33
554449,11,Jogging,57110992260000,0.04,0.65,-0.69
554450,11,Jogging,57111042309000,8.24,10.92,-7.7
554451,11,Jogging,57111092296000,-15.43,13.29,-4.63
554452,11,Jogging,57111142315000,-3.41,10.12,0.8
554453,11,Jogging,57111192333000,-7.46,19.34,0.08
554454,11,Jogging,57111242321000,-5.48,9.0,-0.91
554455,11,Jogging,57111292309000,0.19,-0.69,0.95
554456,11,Jogging,57111342358000,1.12,3.68,-3.26
554457,11,Jogging,57111392528000,-1.04,2.41,-1.18
554458,11,Jogging,57111442303000,-2.11,2.41,-11.07
554459,11,Jogging,57111492290000,-9.0,19.57,-4.25
554460,11,Jogging,57111542339000,-4.14,9.62,-2.64
554461,11,Jogging,57111592296000,-7.63,13.21,-1.38
554462,11,Jogging,57111642345000,-3.41,6.32,1.23
554463,11,Jogging,57111692303000,0.53,-1.84,0.8
554464,11,Jogging,57111742290000,0.84,1.42,-1.99
554465,11,Jogging,57111792309000,8.05,7.59,-9.66
554466,11,Jogging,57111842296000,-14.25,14.02,-3.57
554467,11,Jogging,57111892345000,-3.91,9.77,-0.46
554468,11,Jogging,57111942303000,-7.63,19.46,-0.15
554469,11,Jogging,57111992290000,-6.97,11.11,-1.04
554470,11,Jogging,57112042309000,-0.04,1.54,-0.15
554471,11,Jogging,57112092296000,1.88,0.08,-2.03
554472,11,Jogging,57112142345000,-1.27,5.09,-0.53
554473,11,Jogging,57112192455000,-0.69,2.37,-11.45
554474,11,Jogging,57112242290000,-3.79,19.46,-1.95
554475,11,Jogging,57112292309000,-5.67,13.82,-4.37
554476,11,Jogging,57112342296000,-7.7,14.29,-0.76
554477,11,Jogging,57112392315000,-3.6,8.73,1.12
554478,11,Jogging,57112442303000,0.69,-0.8,0.84
554479,11,Jogging,57112492290000,0.65,0.27,-3.02
554480,11,Jogging,57112542339000,2.45,4.56,-4.94
554481,11,Jogging,57112592296000,-7.35,18.05,-0.27
554482,11,Jogging,57112642345000,-6.32,7.89,-2.68
554483,11,Jogging,57112692303000,-5.24,18.7,-0.19
554484,11,Jogging,57112742290000,-7.12,15.21,0.04
554485,11,Jogging,57112792309000,-4.48,2.37,-0.42
554486,11,Jogging,57112842296000,1.5,-1.8,-0.84
554487,11,Jogging,57112892315000,0.89,7.31,-1.31
554488,11,Jogging,57112942303000,-0.19,2.18,-13.91
554489,11,Jogging,57112992260000,-3.11,17.39,0.61
554490,11,Jogging,57113042309000,-4.44,14.67,-5.28
554491,11,Jogging,57113092296000,-6.74,17.86,-0.76
554492,11,Jogging,57113142315000,-4.71,9.11,-0.5
554493,11,Jogging,57113192303000,-0.23,-1.95,0.57
554494,11,Jogging,57113242290000,1.08,1.42,-1.76
554495,11,Jogging,57113292278000,0.27,1.88,-1.76
554496,11,Jogging,57113342296000,-0.3,17.69,-2.91
554497,11,Jogging,57113392315000,-7.74,8.85,-6.43
554498,11,Jogging,57113442303000,-2.64,13.72,-0.34
554499,11,Jogging,57113492290000,-5.13,15.6,-0.72
554500,11,Jogging,57113542370000,-4.82,5.56,-0.95
554501,11,Jogging,57113592296000,1.46,-0.15,-1.69
554502,11,Jogging,57113642284000,1.46,4.14,-0.27
554503,11,Jogging,57113692303000,-0.84,0.46,-11.33
554504,11,Jogging,57113742290000,-3.45,16.13,2.03
554505,11,Jogging,57113792309000,-6.28,16.04,-4.56
554506,11,Jogging,57113842296000,-6.36,13.44,-0.76
554507,11,Jogging,57113892315000,-5.2,11.73,0.31
554508,11,Jogging,57113942303000,-0.99,-1.12,0.42
554509,11,Jogging,57113992260000,1.65,0.0,-1.42
554511,11,Jogging,57114042309000,0.89,3.45,-4.25
554510,11,Jogging,57114042309000,0.89,3.45,-4.25
554512,11,Jogging,57114102306000,-5.24,18.43,-1.95
554513,11,Jogging,57114152325000,-3.49,8.92,-0.5
554514,11,Jogging,57114202343000,-6.43,18.85,0.04
554515,11,Jogging,57114252331000,-6.93,11.14,-0.8
554516,11,Jogging,57114302379000,-0.46,-0.38,0.46
554517,11,Jogging,57114352367000,1.46,3.02,-2.79
554518,11,Jogging,57114402325000,-1.99,4.56,1.08
554519,11,Jogging,57114452343000,-1.38,2.76,-10.88
554520,11,Jogging,57114502361000,-4.33,18.85,-3.68
554521,11,Jogging,57114552318000,-3.49,15.64,-3.68
554522,11,Jogging,57114602367000,-6.78,17.24,-2.18
554523,11,Jogging,57114652386000,-3.87,5.48,-0.34
554524,11,Jogging,57114702343000,0.34,-2.96,1.08
554525,11,Jogging,57114752392000,-1.31,2.34,-0.84
554526,11,Jogging,57114802349000,5.83,4.52,-9.28
554527,11,Jogging,57114852337000,-10.99,16.66,-2.75
554528,11,Jogging,57114902355000,-2.56,6.85,-1.31
554529,11,Jogging,57114952343000,-6.82,19.04,-0.95
554530,11,Jogging,57115002331000,-7.86,12.64,0.23
554531,11,Jogging,57115052379000,-3.3,2.45,-0.89
554532,11,Jogging,57115102459000,3.26,-0.72,-2.3
554533,11,Jogging,57115152386000,0.8,6.66,-0.11
554534,11,Jogging,57115202343000,-1.18,0.8,-10.99
554535,11,Jogging,57115252392000,-3.57,17.77,-1.12
554536,11,Jogging,57115312359000,-5.67,16.86,-4.37
554537,11,Jogging,57115372295000,-5.82,13.29,-0.76
554538,11,Jogging,57115422344000,-2.83,3.45,1.46
554539,11,Jogging,57115472332000,2.68,-1.53,-1.65
554540,11,Jogging,57115522320000,-1.8,0.53,-1.5
554541,11,Jogging,57115572338000,8.77,12.07,-8.31
554542,11,Jogging,57115622326000,-12.53,10.69,-5.94
554543,11,Jogging,57115672344000,-0.53,10.76,1.69
554544,11,Jogging,57115722332000,-8.73,18.77,1.12
554545,11,Jogging,57115772320000,-10.23,8.05,-1.23
554546,11,Jogging,57115822338000,-0.08,0.95,-0.15
554547,11,Jogging,57115872356000,4.67,3.68,-2.96
554548,11,Jogging,57115922344000,-0.38,5.37,-6.21
554549,11,Jogging,57115972332000,-1.57,7.01,-0.42
554550,11,Jogging,57116022320000,-2.03,19.31,-5.37
554551,11,Jogging,57116072430000,-9.53,17.47,-3.11
554552,11,Jogging,57116122326000,-7.08,11.69,-1.27
554553,11,Jogging,57116172344000,-3.17,6.36,1.42
554554,11,Jogging,57116222332000,2.91,-0.23,0.84
554555,11,Jogging,57116272289000,-2.64,-0.38,-1.38
554556,11,Jogging,57116322338000,6.44,5.9,-10.19
554557,11,Jogging,57116372326000,-11.84,16.36,-2.96
554558,11,Jogging,57116422344000,-2.53,8.16,-0.27
554559,11,Jogging,57116472332000,-7.21,18.92,-0.61
554560,11,Jogging,57116522320000,-8.47,14.48,-0.38
554561,11,Jogging,57116592296000,-2.98,3.15,-1.12
554562,11,Jogging,57116642284000,3.34,2.87,-1.8
554563,11,Jogging,57116692364000,-0.53,1.84,-3.83
554564,11,Jogging,57116742229000,-0.89,8.08,-3.95
554565,11,Jogging,57116792309000,-5.18,18.73,-4.52
554566,11,Jogging,57116842296000,-6.66,15.36,-2.18
554567,11,Jogging,57116892315000,-6.28,13.76,-1.61
554568,11,Jogging,57116942303000,-2.03,4.25,0.93
554569,11,Jogging,57116992290000,1.61,-1.57,-0.72
554570,11,Jogging,57117042309000,-0.34,1.76,-2.53
554571,11,Jogging,57117092296000,5.6,13.02,-7.21
554572,11,Jogging,57117142315000,-11.37,9.7,-5.13
554573,11,Jogging,57117192303000,-2.37,13.21,1.12
554574,11,Jogging,57117242290000,-9.11,18.62,0.34
554575,11,Jogging,57117292339000,-6.32,6.24,-1.33
554576,11,Jogging,57117342296000,1.08,0.65,0.0
554577,11,Jogging,57117392315000,2.03,4.06,-3.17
554578,11,Jogging,57117442303000,0.04,2.72,-4.14
554579,11,Jogging,57117492290000,-0.89,6.05,-4.02
554580,11,Jogging,57117542339000,-7.25,19.34,-3.45
554581,11,Jogging,57117592296000,-5.82,13.14,-1.88
554582,11,Jogging,57117642315000,-5.9,15.36,-0.99
554583,11,Jogging,57117692303000,-2.75,6.59,1.33
554584,11,Jogging,57117742290000,2.76,-4.02,-1.23
554585,11,Jogging,57117792309000,-1.76,2.26,-0.61
554586,11,Jogging,57117842296000,8.12,10.12,-7.7
554587,11,Jogging,57117892315000,-13.91,15.36,-7.55
554588,11,Jogging,57117942303000,-3.95,11.75,0.53
554589,11,Jogging,57117992260000,-6.7,18.43,-0.3
554590,11,Jogging,57118042309000,-7.04,9.3,-2.14
554591,11,Jogging,57118092296000,1.76,0.38,-0.34
554592,11,Jogging,57118142284000,1.76,4.25,-1.04
554593,11,Jogging,57118192303000,-0.8,0.53,-0.5
554594,11,Jogging,57118242321000,0.23,1.92,-10.19
554595,11,Jogging,57118292309000,-6.05,19.53,-2.96
554596,11,Jogging,57118342296000,-6.55,13.57,-3.36
554597,11,Jogging,57118392315000,-7.5,15.17,-2.03
554598,11,Jogging,57118442303000,-2.83,5.63,0.19
554599,11,Jogging,57118492290000,2.03,-1.95,0.27
554600,11,Jogging,57118542309000,0.15,1.88,-2.26
554601,11,Jogging,57118592296000,3.57,4.52,-5.6
554602,11,Jogging,57118642315000,-10.15,17.5,-1.65
554603,11,Jogging,57118692333000,-5.09,10.92,-0.95
