,user,label,timestamp,x,y,z
622459,12,Jogging,17362271645000,-1.23,3.6,2.64
622460,12,Jogging,17362361672000,-4.99,19.57,3.49
622461,12,Jogging,17362401711000,-3.68,17.73,4.02
622462,12,Jogging,17362441628000,3.53,10.5,-0.57
622463,12,Jogging,17362502297000,-2.37,-1.65,-1.18
622464,12,Jogging,17362541604000,-2.45,-5.52,-0.72
622465,12,Jogging,17362582528000,-4.37,0.08,3.57
622466,12,Jogging,17362661507000,0.0,1.14,-1.04
622467,12,Jogging,17362701638000,-2.41,15.47,-0.57
622468,12,Jogging,17362741647000,-1.73,16.09,-4.1
622469,12,Jogging,17362781564000,0.95,19.15,-8.08
622470,12,Jogging,17362865243000,0.76,19.53,11.73
622471,12,Jogging,17362904031000,0.3,13.72,11.6
622472,12,Jogging,17362941506000,-2.22,-1.33,1.27
622473,12,Jogging,17362981606000,-3.99,-6.89,7.21
622474,12,Jogging,17363061745000,-2.49,3.79,1.14
622475,12,Jogging,17363101907000,3.3,13.67,3.34
622476,12,Jogging,17363144143000,-2.87,19.57,0.65
622477,12,Jogging,17363182320000,-4.79,18.58,2.22
622478,12,Jogging,17363261575000,3.11,8.66,-1.18
622479,12,Jogging,17363302651000,-1.54,-1.69,0.23
622480,12,Jogging,17363341500000,-1.27,-5.48,-1.08
622481,12,Jogging,17363381570000,-5.22,-0.3,6.05
622482,12,Jogging,17363461495000,0.61,7.86,3.06
622483,12,Jogging,17363501504000,-3.02,14.29,-4.14
622484,12,Jogging,17363541482000,-1.69,15.02,-6.74
622485,12,Jogging,17363581979000,-0.31,19.19,-9.0
622486,12,Jogging,17363661629000,-1.99,19.34,15.17
622487,12,Jogging,17363701516000,2.3,11.69,5.33
622488,12,Jogging,17363741647000,-1.08,-2.37,1.08
622489,12,Jogging,17363781747000,-4.82,-6.02,5.09
622490,12,Jogging,17363821481000,-0.08,4.52,-0.38
622491,12,Jogging,17363911507000,2.96,17.54,3.21
622492,12,Jogging,17363952157000,-5.83,19.5,1.42
622493,12,Jogging,17363991616000,-4.67,15.28,1.12
622494,12,Jogging,17364031503000,-2.37,11.69,0.19
622495,12,Jogging,17364111520000,-3.6,-4.06,1.84
622496,12,Jogging,17364151437000,-3.68,-2.79,0.72
622497,12,Jogging,17364191659000,-4.63,3.06,4.86
622498,12,Jogging,17364231484000,-3.95,4.37,4.56
622499,12,Jogging,17364311715000,-0.76,11.88,-3.02
622500,12,Jogging,17364352151000,-0.99,16.55,-6.09
622501,12,Jogging,17364393472000,0.91,19.31,-5.86
622502,12,Jogging,17364431741000,1.5,19.31,19.34
622503,12,Jogging,17364511452000,1.14,10.23,5.28
622504,12,Jogging,17364551614000,-4.86,-4.4,1.95
622505,12,Jogging,17364591683000,-5.28,-2.96,5.43
622506,12,Jogging,17364672463000,-4.4,4.29,0.5
622507,12,Jogging,17364712258000,2.6,15.4,4.33
622508,12,Jogging,17364831307000,-1.54,12.37,4.52
622509,12,Jogging,17364831307000,-1.54,12.37,4.52
622510,12,Jogging,17364831307000,-1.54,12.37,4.52
622511,12,Jogging,17364911568000,-2.53,0.76,2.68
622512,12,Jogging,17364952279000,-6.24,-3.17,4.67
622513,12,Jogging,17364991494000,-7.4,1.69,2.98
622514,12,Jogging,17365031472000,-2.37,7.31,-0.8
622515,12,Jogging,17365111459000,-4.18,15.17,-1.95
622516,12,Jogging,17365151498000,0.61,10.61,-5.52
622517,12,Jogging,17365192788000,0.27,19.46,-5.63
622518,12,Jogging,17365232674000,3.57,18.2,-3.6
622519,12,Jogging,17365313180000,-0.57,11.92,15.01
622520,12,Jogging,17365351571000,-0.89,-0.08,2.26
622521,12,Jogging,17365396004000,-3.3,-5.37,2.64
622522,12,Jogging,17365434731000,-1.18,0.31,2.91
622523,12,Jogging,17365515084000,-1.65,15.24,0.99
622524,12,Jogging,17365552468000,-4.21,19.57,2.68
622525,12,Jogging,17365591561000,-1.8,19.34,2.68
622526,12,Jogging,17365631631000,-1.84,14.21,2.6
622527,12,Jogging,17365711495000,0.72,-1.5,-2.91
622528,12,Jogging,17365752267000,-0.27,-5.9,-2.11
622529,12,Jogging,17365791665000,-7.27,-1.38,6.97
622530,12,Jogging,17365831490000,-8.12,6.36,0.8
622531,12,Jogging,17365911568000,-3.11,10.42,-2.45
622532,12,Jogging,17365952187000,-3.53,12.87,-6.89
622533,12,Jogging,17365991555000,-2.15,19.53,-9.23
622534,12,Jogging,17366031533000,4.63,17.35,-4.86
622535,12,Jogging,17366081765000,1.65,14.94,18.73
622536,12,Jogging,17366161507000,-3.95,-4.33,1.84
622537,12,Jogging,17366201638000,-3.76,-4.59,6.74
622538,12,Jogging,17366241494000,-0.5,1.04,5.9
622539,12,Jogging,17366282265000,-1.04,5.71,1.23
622540,12,Jogging,17366361489000,-9.34,19.53,0.11
622541,12,Jogging,17366401711000,-4.37,15.47,1.27
622542,12,Jogging,17366441506000,-1.08,10.53,0.08
622543,12,Jogging,17366481698000,5.6,2.64,-3.91
622544,12,Jogging,17366561745000,-3.34,-2.83,8.47
622545,12,Jogging,17366601601000,-7.35,5.63,7.44
622546,12,Jogging,17366641671000,-1.46,3.79,-3.26
622547,12,Jogging,17366681557000,-3.06,15.02,-2.03
622548,12,Jogging,17366721444000,0.11,8.24,-3.87
622549,12,Jogging,17366811501000,1.57,16.63,-3.17
622550,12,Jogging,17366852273000,0.65,18.73,4.56
622551,12,Jogging,17366891518000,-3.34,14.79,18.31
622552,12,Jogging,17366932473000,0.8,4.14,1.73
622553,12,Jogging,17367011788000,-0.65,-1.5,6.51
622554,12,Jogging,17367052499000,-3.53,1.92,2.03
622555,12,Jogging,17367092751000,0.23,9.62,1.92
622556,12,Jogging,17367131600000,-1.14,19.53,1.04
622557,12,Jogging,17367211617000,-4.21,18.16,4.48
622558,12,Jogging,17367261605000,0.72,10.42,0.89
622559,12,Jogging,17367302193000,0.38,2.68,-1.46
622560,12,Jogging,17367341531000,-2.72,-6.24,-0.5
622561,12,Jogging,17367381692000,-1.65,-3.95,3.6
622562,12,Jogging,17367461495000,-1.65,4.75,0.99
622563,12,Jogging,17367501534000,-3.45,15.21,-0.04
622564,12,Jogging,17367541512000,-2.22,10.84,-5.09
622565,12,Jogging,17367581551000,-0.95,17.08,-8.58
622566,12,Jogging,17367661691000,2.83,19.34,7.44
622567,12,Jogging,17367701669000,-4.37,15.89,14.6
622568,12,Jogging,17367741647000,-1.99,4.1,-0.23
622569,12,Jogging,17367781564000,-0.19,-5.94,8.05
622570,12,Jogging,17367861672000,-3.99,3.06,-0.99
622571,12,Jogging,17367906838000,0.5,10.53,0.8
622572,12,Jogging,17367945260000,-0.57,19.53,2.91
622573,12,Jogging,17367982552000,-6.36,19.57,1.92
622574,12,Jogging,17368067025000,0.0,12.49,1.33
622575,12,Jogging,17368106911000,4.79,2.6,0.23
622576,12,Jogging,17368151528000,-4.14,-4.71,-0.95
622577,12,Jogging,17368192269000,-1.12,-0.99,1.38
622578,12,Jogging,17368241586000,-6.89,4.25,4.79
622579,12,Jogging,17368281533000,-1.12,2.56,-0.95
622580,12,Jogging,17368364297000,1.33,10.53,-4.48
622581,12,Jogging,17368402962000,0.3,19.27,-5.13
622582,12,Jogging,17368444192000,2.75,18.62,-0.65
622583,12,Jogging,17368481515000,-1.04,19.0,12.3
622584,12,Jogging,17368561501000,0.0,2.56,1.12
622585,12,Jogging,17368601937000,-0.61,-6.21,5.56
622586,12,Jogging,17368641671000,-1.04,-1.65,6.21
622587,12,Jogging,17368681680000,-4.63,4.1,1.95
622588,12,Jogging,17368761666000,-0.89,19.57,3.26
622589,12,Jogging,17368801553000,-4.71,19.57,2.79
622590,12,Jogging,17368841653000,-2.72,18.2,3.83
622591,12,Jogging,17368881600000,1.04,10.42,0.19
622592,12,Jogging,17368961526000,-4.94,-5.41,0.3
622593,12,Jogging,17369001687000,-1.99,-4.33,2.87
622594,12,Jogging,17369043008000,-7.01,6.59,4.52
622595,12,Jogging,17369082986000,-0.57,5.63,2.34
622596,12,Jogging,17369162179000,-0.34,9.28,-4.48
622597,12,Jogging,17369201516000,-1.8,18.7,-8.01
622598,12,Jogging,17369241494000,1.08,18.7,-3.41
622599,12,Jogging,17369281716000,0.11,18.77,9.58
622600,12,Jogging,17369361642000,-3.15,3.26,2.26
622601,12,Jogging,17369401528000,-1.54,-6.85,7.7
622602,12,Jogging,17369441506000,-1.46,-1.31,5.79
622603,12,Jogging,17369481698000,-4.33,3.72,-0.89
622604,12,Jogging,17369531716000,2.45,19.57,1.27
622605,12,Jogging,17369611672000,-7.74,19.57,2.37
622606,12,Jogging,17369652047000,-1.69,17.39,3.91
622607,12,Jogging,17369691476000,3.45,10.53,0.46
622608,12,Jogging,17369731667000,1.23,1.27,-1.31
622609,12,Jogging,17369811440000,-4.25,-1.61,5.86
622610,12,Jogging,17369851418000,-6.74,6.32,5.86
622611,12,Jogging,17369891671000,0.34,3.45,0.46
622612,12,Jogging,17369931618000,-1.04,14.71,-3.02
622613,12,Jogging,17370013772000,-1.92,18.35,-7.4
622614,12,Jogging,17370052529000,2.11,19.42,-3.06
622615,12,Jogging,17370091653000,1.5,18.47,11.14
622616,12,Jogging,17370131631000,-0.08,16.13,1.14
622617,12,Jogging,17370211648000,-0.76,-4.52,7.7
622618,12,Jogging,17370252419000,-0.76,-0.84,7.82
622619,12,Jogging,17370291695000,-4.14,3.53,-1.69
622620,12,Jogging,17370331551000,0.89,12.53,-0.84
622621,12,Jogging,17370411629000,-4.79,19.5,3.64
622623,12,Jogging,17370451669000,-1.42,18.92,1.99
622622,12,Jogging,17370451669000,-1.42,18.92,1.99
622624,12,Jogging,17370563882000,-4.52,-6.05,-1.61
622625,12,Jogging,17370601907000,0.76,-3.49,-0.19
622626,12,Jogging,17370641885000,-6.93,9.53,8.08
622627,12,Jogging,17370681649000,-5.6,3.06,3.17
622628,12,Jogging,17370761636000,0.42,8.35,-5.22
622629,12,Jogging,17370801675000,-1.88,16.59,-8.77
622630,12,Jogging,17370841500000,3.26,19.5,-6.55
622631,12,Jogging,17370891610000,-1.42,17.31,13.21
622632,12,Jogging,17370931649000,2.18,15.75,12.45
622633,12,Jogging,17371011452000,-6.97,-5.75,3.6
622634,12,Jogging,17371051705000,-2.64,0.69,11.5
622635,12,Jogging,17371091500000,-0.34,3.95,0.95
622636,12,Jogging,17371131783000,1.61,16.82,-0.04
622637,12,Jogging,17371211495000,-4.18,19.57,2.41
622638,12,Jogging,17371252755000,-1.76,17.12,0.3
622639,12,Jogging,17371291634000,1.18,9.51,0.99
622640,12,Jogging,17371331612000,0.3,-0.46,-0.8
622641,12,Jogging,17371413155000,-2.64,2.26,4.63
622642,12,Jogging,17371413155000,-2.64,2.26,3.68
622643,12,Jogging,17371511575000,-1.92,14.33,-0.15
622644,12,Jogging,17371551430000,1.04,7.08,-4.44
622645,12,Jogging,17371592995000,-3.95,16.32,-8.77
622646,12,Jogging,17371631570000,0.65,19.42,-7.01
622647,12,Jogging,17371671395000,4.33,18.81,6.36
622648,12,Jogging,17371761575000,-3.83,2.3,0.53
622649,12,Jogging,17371801522000,-4.86,-6.43,8.58
622650,12,Jogging,17371841927000,-1.69,-0.34,6.36
622651,12,Jogging,17371884316000,-2.64,4.02,-1.5
622652,12,Jogging,17371967538000,-2.26,19.5,-1.18
622653,12,Jogging,17371967538000,-2.26,19.5,-1.18
622654,12,Jogging,17372051430000,-3.06,17.2,4.99
622655,12,Jogging,17372051430000,-3.06,17.2,4.99
622656,12,Jogging,17372051430000,-3.06,17.2,4.99
622657,12,Jogging,17372051430000,1.5,19.57,16.32
622658,12,Jogging,17372506295000,1.5,19.57,16.32
