,user,label,timestamp,x,y,z
624659,12,Jogging,17472301522000,-3.64,8.35,7.74
624660,12,Jogging,17472341531000,-3.68,-5.09,8.69
624661,12,Jogging,17472381722000,-3.79,-3.36,6.55
624662,12,Jogging,17472461617000,-1.33,9.47,1.08
624663,12,Jogging,17472501565000,-1.84,19.31,-1.76
624664,12,Jogging,17472541817000,-5.33,19.57,0.19
624665,12,Jogging,17472581704000,-3.87,19.04,3.45
624666,12,Jogging,17472661629000,3.3,8.39,-1.42
624667,12,Jogging,17472702218000,-1.14,-5.13,-0.34
624668,12,Jogging,17472741494000,-0.65,-6.74,-1.12
624669,12,Jogging,17472792825000,-8.01,2.41,8.77
624670,12,Jogging,17472834054000,-5.56,2.98,0.38
624671,12,Jogging,17472911416000,-3.87,11.45,-3.49
624672,12,Jogging,17472952096000,-2.96,18.92,-7.78
624673,12,Jogging,17472991494000,5.28,18.96,-5.01
624674,12,Jogging,17473031503000,2.64,17.92,10.8
624675,12,Jogging,17473111459000,-2.72,6.85,5.98
624676,12,Jogging,17473151559000,-2.41,-2.03,9.66
624677,12,Jogging,17473191628000,-4.52,-2.45,10.34
624678,12,Jogging,17473231637000,-3.79,1.57,-1.31
624679,12,Jogging,17473311684000,6.21,18.35,1.14
624680,12,Jogging,17473351479000,-6.66,19.57,-1.99
624681,12,Jogging,17473391518000,-7.7,19.57,2.41
624682,12,Jogging,17473434457000,-3.15,16.74,6.13
624684,12,Jogging,17473511483000,-0.34,-1.57,0.69
624683,12,Jogging,17473511483000,-0.34,-1.57,0.69
624685,12,Jogging,17473611703000,-2.37,2.68,4.9
624686,12,Jogging,17473651437000,-9.43,2.76,9.62
624687,12,Jogging,17473691537000,1.08,9.08,-2.34
624688,12,Jogging,17473731545000,-0.15,9.47,-2.79
624689,12,Jogging,17473811654000,2.87,17.82,-3.53
624690,12,Jogging,17473852181000,3.21,16.66,6.32
624691,12,Jogging,17473891518000,-3.41,18.85,15.85
624692,12,Jogging,17473931496000,-4.44,9.04,8.73
624693,12,Jogging,17474011483000,-3.57,-4.52,10.61
624694,12,Jogging,17474051583000,-1.08,-1.08,2.34
624695,12,Jogging,17474091653000,0.27,6.05,1.27
624696,12,Jogging,17474131539000,-0.31,18.58,-0.42
624697,12,Jogging,17474211678000,-2.11,18.85,4.75
624698,12,Jogging,17474251443000,-3.68,15.32,3.17
624699,12,Jogging,17474291482000,4.25,8.85,-2.37
624700,12,Jogging,17474331521000,-0.23,-3.79,-0.57
624701,12,Jogging,17474411538000,-4.44,1.8,0.0
624702,12,Jogging,17474452920000,-9.08,-0.04,6.78
624703,12,Jogging,17474491463000,-2.22,9.23,2.37
624704,12,Jogging,17474531411000,0.19,10.76,-3.79
624705,12,Jogging,17474611733000,3.79,19.27,-1.95
624706,12,Jogging,17474652291000,-1.54,19.04,5.28
624707,12,Jogging,17474691628000,-1.61,18.66,12.26
624708,12,Jogging,17474731667000,-5.01,9.04,13.1
624710,12,Jogging,17474811501000,-5.01,-4.37,6.97
624709,12,Jogging,17474811501000,-5.01,-4.37,6.97
624711,12,Jogging,17474911477000,-1.23,5.86,4.94
624712,12,Jogging,17474953591000,3.95,18.58,1.57
624713,12,Jogging,17474991616000,-2.68,19.57,0.57
624714,12,Jogging,17475031533000,-5.05,19.31,7.08
624715,12,Jogging,17475111916000,3.91,8.2,-3.49
624716,12,Jogging,17475152139000,-1.46,-6.51,-3.11
624717,12,Jogging,17475191628000,-2.15,-5.24,-2.98
624718,12,Jogging,17475232156000,-5.24,2.11,6.43
624719,12,Jogging,17475313821000,3.3,7.93,3.21
624720,12,Jogging,17475351479000,-0.72,10.08,-1.69
624721,12,Jogging,17475391549000,-1.04,11.75,-3.45
624722,12,Jogging,17475431618000,-1.08,19.53,-4.37
624723,12,Jogging,17475511575000,3.15,19.27,8.08
624724,12,Jogging,17475551430000,-2.87,15.05,16.97
624725,12,Jogging,17475591531000,-9.58,2.53,3.57
624726,12,Jogging,17475631570000,-1.99,-6.02,9.0
624727,12,Jogging,17475711648000,-0.31,2.15,0.65
624728,12,Jogging,17475751809000,-0.11,14.86,0.11
624729,12,Jogging,17475802132000,-7.82,19.57,2.07
624730,12,Jogging,17475841653000,-6.21,19.42,8.31
624731,12,Jogging,17475881692000,-2.03,15.64,6.47
624732,12,Jogging,17475961678000,-2.68,-0.89,-0.42
624733,12,Jogging,17476001961000,-3.41,-6.89,-0.31
624734,12,Jogging,17476042336000,-2.83,0.31,5.37
624735,12,Jogging,17476081704000,-8.24,4.99,3.49
624736,12,Jogging,17476161538000,-1.8,13.48,0.11
624737,12,Jogging,17476201455000,-0.46,8.81,-3.87
624738,12,Jogging,17476241463000,-4.18,18.96,-5.9
624739,12,Jogging,17476281503000,2.18,18.2,-3.99
624740,12,Jogging,17476361611000,3.98,17.69,15.32
624741,12,Jogging,17476401528000,-2.49,7.78,6.13
624742,12,Jogging,17476441506000,-4.48,-5.2,10.88
624743,12,Jogging,17476481576000,3.06,1.18,8.73
624744,12,Jogging,17476561654000,-0.89,14.86,-1.95
624745,12,Jogging,17476601479000,-5.75,19.57,0.34
624746,12,Jogging,17476641549000,-8.85,19.53,5.6
624747,12,Jogging,17476761330000,0.3,3.64,-0.69
624748,12,Jogging,17476761330000,0.3,3.64,-0.69
624749,12,Jogging,17476801980000,-1.73,-9.47,0.46
624750,12,Jogging,17476841653000,-1.08,-2.49,1.18
624751,12,Jogging,17476881631000,-8.69,7.12,10.76
624752,12,Jogging,17476961526000,-0.72,13.48,-4.67
624753,12,Jogging,17477001534000,-1.46,4.79,-3.72
624754,12,Jogging,17477041573000,-6.51,17.2,-7.63
624755,12,Jogging,17477081704000,3.72,19.53,-5.75
624756,12,Jogging,17477161660000,-3.38,17.62,15.62
624757,12,Jogging,17477201638000,-0.72,6.93,4.94
624758,12,Jogging,17477242989000,-4.14,-5.94,9.43
624759,12,Jogging,17477281777000,-1.88,-1.46,11.6
624760,12,Jogging,17477363900000,-0.19,9.28,-1.04
624761,12,Jogging,17477401559000,0.57,19.42,-2.96
624762,12,Jogging,17477441659000,-13.72,19.57,0.57
624763,12,Jogging,17477481698000,-7.55,18.5,9.15
624764,12,Jogging,17477561776000,5.2,8.85,-1.57
624765,12,Jogging,17477601662000,-3.91,-4.06,0.42
624766,12,Jogging,17477643807000,-0.23,-6.63,-2.96
624767,12,Jogging,17477682046000,-1.84,0.84,7.12
624768,12,Jogging,17477762551000,0.5,9.15,-0.99
624769,12,Jogging,17477801522000,-2.49,7.93,-3.57
624770,12,Jogging,17477841622000,-3.64,13.14,-4.86
624771,12,Jogging,17477881539000,-1.5,19.57,-7.4
624772,12,Jogging,17477961648000,0.72,18.96,15.66
624773,12,Jogging,17478001870000,0.0,12.22,11.41
624774,12,Jogging,17478042519000,-5.6,-0.65,2.87
624775,12,Jogging,17478081551000,-5.94,-5.98,13.48
624776,12,Jogging,17478161629000,-2.34,6.85,-1.18
624777,12,Jogging,17478201516000,2.87,17.5,-0.31
624778,12,Jogging,17478241708000,-4.4,19.57,-2.96
624779,12,Jogging,17478281716000,-7.16,19.57,-0.99
624780,12,Jogging,17478361611000,4.02,9.53,-2.53
624781,12,Jogging,17478401498000,1.04,1.14,-1.84
624782,12,Jogging,17478441506000,0.38,-9.58,-1.04
624783,12,Jogging,17478481789000,-0.27,-1.8,3.76
624784,12,Jogging,17478561471000,-1.23,3.21,-1.33
624785,12,Jogging,17478601479000,-1.95,12.3,-2.37
624786,12,Jogging,17478641701000,-4.06,10.12,-3.45
624787,12,Jogging,17478681557000,-4.82,19.04,-4.25
624788,12,Jogging,17478762307000,5.2,19.15,9.08
624789,12,Jogging,17478802193000,-1.38,16.55,14.25
624790,12,Jogging,17478841622000,-3.53,6.28,5.24
624791,12,Jogging,17478881570000,-0.95,-3.53,7.65
624792,12,Jogging,17478961587000,-0.42,3.99,-0.23
624793,12,Jogging,17479001504000,1.04,13.99,-1.99
624794,12,Jogging,17479041817000,-3.64,19.57,-1.31
624795,12,Jogging,17479082162000,-8.01,19.57,2.87
624796,12,Jogging,17479161660000,3.11,11.54,-0.46
624797,12,Jogging,17479201669000,2.37,5.67,-1.08
624798,12,Jogging,17479241555000,-2.37,-6.82,0.19
624799,12,Jogging,17479281747000,-0.65,-6.51,-0.19
624800,12,Jogging,17479361489000,-5.86,4.33,2.98
624801,12,Jogging,17479401681000,2.83,7.31,-3.99
624802,12,Jogging,17479441659000,-4.71,13.33,-2.98
624803,12,Jogging,17479481576000,-3.91,17.05,-6.09
624804,12,Jogging,17479561654000,5.13,17.31,-1.31
624805,12,Jogging,17479601540000,1.14,19.57,12.72
624806,12,Jogging,17479641671000,0.91,12.15,16.28
624807,12,Jogging,17479690224000,-7.63,-2.11,3.02
624808,12,Jogging,17479732369000,-1.33,-3.83,11.84
624809,12,Jogging,17479811654000,-1.31,10.5,-0.76
624810,12,Jogging,17479851632000,-0.61,19.53,-1.95
624811,12,Jogging,17479891518000,-5.83,19.57,0.11
624812,12,Jogging,17479931618000,-4.79,19.53,2.03
624813,12,Jogging,17480011636000,5.71,6.63,-2.87
624814,12,Jogging,17480051736000,-1.04,-5.05,-2.11
624815,12,Jogging,17480091622000,-0.42,-7.01,-3.53
624816,12,Jogging,17480131631000,-4.37,1.57,5.2
624817,12,Jogging,17480211526000,1.73,5.79,-1.65
624818,12,Jogging,17480252297000,-5.9,14.33,-2.45
624819,12,Jogging,17480291482000,-4.1,14.67,-5.05
624820,12,Jogging,17480331582000,-0.99,19.42,-6.4
624821,12,Jogging,17480411629000,3.17,18.31,9.3
624822,12,Jogging,17480452187000,-2.37,14.71,14.56
624823,12,Jogging,17480492287000,-2.11,3.95,2.26
624824,12,Jogging,17480531564000,0.27,-6.82,13.59
624825,12,Jogging,17480611825000,-3.15,5.67,-1.54
624826,12,Jogging,17480654000000,1.92,17.62,-1.12
624827,12,Jogging,17480691537000,-5.86,19.57,-0.72
624828,12,Jogging,17480731362000,-8.58,19.57,4.94
624829,12,Jogging,17480811501000,6.82,10.5,-3.26
624830,12,Jogging,17480852303000,-1.57,0.27,-2.37
624831,12,Jogging,17480891701000,-1.73,-9.04,-2.96
624832,12,Jogging,17480931435000,-0.19,-4.75,-3.02
624833,12,Jogging,17481011452000,-4.79,9.38,4.75
624834,12,Jogging,17481051583000,2.56,10.04,-4.86
624835,12,Jogging,17481091500000,-2.3,13.8,-4.71
624836,12,Jogging,17481131509000,-4.1,19.42,-8.16
624837,12,Jogging,17481214822000,4.21,18.5,10.19
624838,12,Jogging,17481252785000,0.38,15.4,14.14
624839,12,Jogging,17481292580000,-3.83,5.33,5.41
624840,12,Jogging,17481331338000,-0.95,-5.05,10.92
624841,12,Jogging,17481411629000,-4.52,2.11,-1.04
624842,12,Jogging,17481451669000,-0.57,13.67,0.65
624843,12,Jogging,17481491524000,-3.99,19.57,-0.11
624844,12,Jogging,17481531655000,-5.05,19.57,3.15
624845,12,Jogging,17481617257000,6.63,10.88,-2.91
624846,12,Jogging,17481654671000,-2.03,2.72,0.34
624847,12,Jogging,17481692178000,-2.72,-8.58,-2.07
624848,12,Jogging,17481743600000,0.27,-2.56,-1.61
624849,12,Jogging,17481782021000,-10.57,9.0,4.25
624850,12,Jogging,17481862130000,3.57,9.85,-3.6
624851,12,Jogging,17481901498000,-0.65,9.7,-4.1
624852,12,Jogging,17481941506000,-3.11,19.53,-6.21
624853,12,Jogging,17481981637000,4.25,16.93,-3.3
624854,12,Jogging,17482061684000,-3.95,15.66,11.6
624855,12,Jogging,17482101662000,-2.72,8.31,5.75
624856,12,Jogging,17482141549000,-5.28,-6.43,10.15
624857,12,Jogging,17482181557000,-1.14,-1.08,5.52
624858,12,Jogging,17482262124000,2.14,13.87,-1.27
