,user,label,timestamp,x,y,z
626459,12,Jogging,17562301705000,-6.21,0.15,3.17
626460,12,Jogging,17562343667000,-1.65,4.71,-0.23
626461,12,Jogging,17562381661000,3.36,18.5,-0.23
626462,12,Jogging,17562461648000,-7.31,19.34,1.61
626463,12,Jogging,17562501595000,-2.34,14.56,3.49
626464,12,Jogging,17562541665000,7.82,10.15,-4.6
626465,12,Jogging,17562581551000,-0.95,-2.98,-2.53
626466,12,Jogging,17562661507000,-0.11,-2.53,-0.34
626467,12,Jogging,17562701699000,-13.14,4.82,15.01
626468,12,Jogging,17562741616000,1.46,19.0,-7.4
626469,12,Jogging,17562782174000,-4.06,19.0,-7.4
626470,12,Jogging,17562861642000,3.11,18.62,-8.31
626471,12,Jogging,17562901498000,3.15,17.5,-2.3
626472,12,Jogging,17562941506000,-2.79,17.92,13.29
626473,12,Jogging,17562981576000,-2.45,13.33,13.29
626474,12,Jogging,17563067635000,-4.79,-4.9,7.7
626475,12,Jogging,17563111611000,-2.6,-0.99,-0.65
626476,12,Jogging,17563151528000,-0.8,9.47,1.8
626477,12,Jogging,17563202767000,-7.63,19.57,-6.78
626478,12,Jogging,17563241555000,-10.12,17.01,-2.68
626479,12,Jogging,17563281716000,-3.11,15.32,5.86
626480,12,Jogging,17563331551000,9.85,10.19,-3.38
626481,12,Jogging,17563411507000,3.21,-4.99,-0.57
626482,12,Jogging,17563452248000,-3.49,-0.61,10.95
626483,12,Jogging,17563491524000,-15.55,5.94,5.98
626484,12,Jogging,17563547066000,0.61,7.06,0.15
626485,12,Jogging,17563583016000,-5.63,11.84,-4.82
626486,12,Jogging,17563661629000,7.59,18.05,-9.62
626487,12,Jogging,17563701699000,7.63,16.93,1.76
626488,12,Jogging,17563741647000,-2.37,17.08,19.19
626489,12,Jogging,17563781564000,1.33,9.77,5.63
626490,12,Jogging,17563861611000,-6.51,-4.1,12.41
626491,12,Jogging,17563981423000,-0.42,19.57,-3.41
626492,12,Jogging,17563981423000,-0.42,19.57,-3.41
626493,12,Jogging,17563981423000,-0.42,19.57,-3.41
626494,12,Jogging,17564061715000,-7.86,19.53,3.53
626495,12,Jogging,17564101662000,-1.46,13.06,0.69
626496,12,Jogging,17564142983000,8.16,8.12,-4.9
626497,12,Jogging,17564181618000,-0.72,-4.99,-1.46
626498,12,Jogging,17564261544000,-1.27,0.08,2.07
626499,12,Jogging,17564301675000,-15.98,7.59,17.97
626500,12,Jogging,17564343758000,0.99,14.41,-5.43
626501,12,Jogging,17564381570000,2.83,7.7,-7.89
626502,12,Jogging,17564461648000,3.41,18.62,-6.63
626503,12,Jogging,17564501504000,5.86,17.82,0.69
626504,12,Jogging,17564541756000,-1.8,17.01,15.85
626505,12,Jogging,17564581582000,-0.04,12.18,7.5
626506,12,Jogging,17564661660000,-6.24,-3.98,8.92
626507,12,Jogging,17564703469000,-2.3,1.65,0.19
626508,12,Jogging,17564741677000,-0.95,10.12,1.18
626509,12,Jogging,17564782357000,-4.44,19.57,-2.03
626510,12,Jogging,17564861672000,-3.57,18.01,5.52
626511,12,Jogging,17564901467000,3.68,13.91,-1.46
626512,12,Jogging,17564941689000,2.34,7.44,-2.41
626513,12,Jogging,17564981576000,-1.54,-6.24,0.15
626514,12,Jogging,17565063027000,-5.56,1.5,7.46
626515,12,Jogging,17565101510000,-11.54,3.68,4.75
626516,12,Jogging,17565141671000,1.31,13.38,-0.27
626517,12,Jogging,17565181557000,-0.8,9.96,-2.37
626518,12,Jogging,17565261666000,4.44,17.77,-4.67
626519,12,Jogging,17565301553000,8.66,14.82,7.86
626520,12,Jogging,17565343636000,-5.6,15.13,7.55
626521,12,Jogging,17565381539000,-2.53,10.15,10.69
626522,12,Jogging,17565461648000,-5.33,-4.44,12.45
626523,12,Jogging,17565501656000,-0.76,2.22,-0.65
626524,12,Jogging,17565542123000,-5.98,19.38,-1.46
626525,12,Jogging,17565593636000,-5.98,19.38,-1.46
626526,12,Jogging,17565631753000,-7.31,18.85,1.46
626527,12,Jogging,17565711617000,3.45,11.26,-5.79
626528,12,Jogging,17565752572000,-1.69,1.5,-0.31
626529,12,Jogging,17565791543000,0.08,-8.05,-1.14
626530,12,Jogging,17565831765000,2.14,-4.52,-1.88
626531,12,Jogging,17565911538000,-4.75,4.56,2.22
626532,12,Jogging,17565952248000,-1.23,13.48,-1.54
626533,12,Jogging,17566001870000,-3.49,16.55,-5.18
626534,12,Jogging,17566041695000,1.69,19.46,-6.74
626535,12,Jogging,17566081582000,6.47,17.01,-0.31
626536,12,Jogging,17566161691000,0.61,11.84,10.84
626537,12,Jogging,17566201669000,-5.24,2.79,2.41
626538,12,Jogging,17566241647000,-2.76,-5.6,15.13
626539,12,Jogging,17566281533000,-2.49,0.84,2.26
626540,12,Jogging,17566361489000,-2.18,19.57,-3.26
626541,12,Jogging,17566401498000,-7.78,19.57,-1.95
626542,12,Jogging,17566441689000,-6.02,19.57,4.71
626543,12,Jogging,17566481545000,1.38,14.29,2.18
626544,12,Jogging,17566562112000,-2.18,-4.33,-2.15
626545,12,Jogging,17566603768000,2.87,-6.43,-3.45
626546,12,Jogging,17566641518000,-1.04,-1.23,6.97
626547,12,Jogging,17566681680000,-11.99,3.34,11.84
626548,12,Jogging,17566761636000,-6.51,15.64,-4.52
626549,12,Jogging,17566801675000,-4.67,16.78,-6.24
626550,12,Jogging,17566841622000,3.72,19.42,-6.93
626551,12,Jogging,17566881631000,10.65,18.43,13.82
626552,12,Jogging,17566929147000,-4.1,14.33,13.82
626553,12,Jogging,17567011483000,0.3,-5.05,10.42
626554,12,Jogging,17567051949000,-2.96,-4.1,9.0
626555,12,Jogging,17567091683000,-3.17,3.68,-0.65
626556,12,Jogging,17567131448000,2.45,14.67,-1.61
626557,12,Jogging,17567211434000,-9.3,19.57,1.33
626558,12,Jogging,17567251687000,-4.9,17.69,6.59
626559,12,Jogging,17567291512000,5.05,10.46,-4.4
626560,12,Jogging,17567331643000,1.61,3.49,-0.84
626561,12,Jogging,17567411507000,2.3,-4.21,-3.34
626562,12,Jogging,17567452279000,-7.5,3.02,11.22
626563,12,Jogging,17567491647000,-10.99,3.17,5.2
626564,12,Jogging,17567531594000,2.68,10.53,-3.17
626565,12,Jogging,17567617654000,0.23,19.53,-9.3
626566,12,Jogging,17567662209000,4.71,16.86,-1.92
626567,12,Jogging,17567701546000,1.04,18.5,11.73
626568,12,Jogging,17567741677000,-0.15,13.06,15.28
626569,12,Jogging,17567781564000,-6.66,2.41,2.83
626570,12,Jogging,17567821633000,-3.72,0.11,1.27
626571,12,Jogging,17567921059000,0.3,10.53,0.38
626572,12,Jogging,17567961465000,-1.31,19.57,-2.91
626573,12,Jogging,17568001443000,-6.32,19.57,-1.42
626574,12,Jogging,17568051614000,-3.95,16.86,3.91
626575,12,Jogging,17568091714000,5.52,12.91,-3.53
626576,12,Jogging,17568132424000,0.46,3.95,0.34
626577,12,Jogging,17568212868000,0.46,-5.2,-1.42
626578,12,Jogging,17568252328000,-9.53,2.64,10.04
626579,12,Jogging,17568294228000,-9.11,9.38,6.13
626580,12,Jogging,17568294228000,-9.11,9.38,6.13
626581,12,Jogging,17568411843000,-6.09,18.96,-7.5
626582,12,Jogging,17568451607000,7.7,19.0,-6.55
626583,12,Jogging,17568491433000,5.86,15.02,8.73
626584,12,Jogging,17568531472000,1.33,12.64,11.73
626585,12,Jogging,17568611825000,-2.64,-3.15,9.49
626586,12,Jogging,17568651345000,-7.21,-1.5,6.28
626587,12,Jogging,17568691994000,-1.18,5.01,-0.5
626588,12,Jogging,17568731545000,3.64,17.01,-1.84
626589,12,Jogging,17568812417000,-7.27,19.57,-3.11
626590,12,Jogging,17568852120000,-3.79,17.27,2.34
626591,12,Jogging,17568891579000,6.82,9.3,-3.79
626592,12,Jogging,17568931618000,3.95,1.65,0.27
626593,12,Jogging,17568973336000,-0.19,-7.78,-3.17
626595,12,Jogging,17569062173000,-16.02,6.24,9.34
626594,12,Jogging,17569062173000,-16.02,6.24,9.34
626596,12,Jogging,17569131600000,1.61,10.34,-4.79
626597,12,Jogging,17569211526000,-2.07,19.57,-9.72
626598,12,Jogging,17569261788000,8.08,18.05,-2.22
626599,12,Jogging,17569301522000,-2.37,17.16,16.4
626600,12,Jogging,17569343758000,2.07,9.53,11.56
626601,12,Jogging,17569381570000,-3.45,1.27,2.79
626602,12,Jogging,17569461526000,-4.25,-1.08,2.26
626603,12,Jogging,17569505532000,0.72,9.7,-0.65
626604,12,Jogging,17569543618000,-1.42,19.53,-5.33
626605,12,Jogging,17569581795000,-6.24,19.57,0.0
626606,12,Jogging,17569662911000,-3.34,15.28,2.72
626607,12,Jogging,17569702645000,7.86,7.89,-6.21
626608,12,Jogging,17569750466000,2.26,-2.64,-0.89
626609,12,Jogging,17569791512000,2.96,-5.56,-2.64
626610,12,Jogging,17569840401000,-4.82,-0.61,9.04
626611,12,Jogging,17569890328000,-4.94,1.18,3.57
626612,12,Jogging,17569931435000,-2.64,15.98,-4.52
626613,12,Jogging,17569972726000,-3.06,18.66,-8.12
626614,12,Jogging,17570061379000,4.79,17.73,-0.46
626615,12,Jogging,17570101571000,-3.57,17.62,-4.9
626616,12,Jogging,17570360482000,-3.02,19.57,-4.9
626617,12,Jogging,17570360482000,-3.02,19.57,-4.9
626618,12,Jogging,17570360482000,-3.02,19.57,-4.9
626619,12,Jogging,17570360482000,-3.02,19.57,-4.9
626620,12,Jogging,17570360482000,-3.02,19.57,-4.9
626621,12,Jogging,17570401986000,-6.24,19.57,-1.14
626622,12,Jogging,17570441689000,-2.68,17.16,2.75
626623,12,Jogging,17570481667000,6.09,9.92,-6.02
626624,12,Jogging,17570561532000,0.84,-7.25,-3.17
626625,12,Jogging,17570601937000,2.64,-4.79,-0.72
626626,12,Jogging,17570641518000,-11.84,4.79,13.57
626627,12,Jogging,17570681588000,-6.93,2.03,1.38
626628,12,Jogging,17570764230000,-5.33,16.86,-5.79
626629,12,Jogging,17570801705000,0.27,19.46,-9.08
626630,12,Jogging,17570841683000,7.59,17.39,-3.68
626631,12,Jogging,17570881692000,3.91,17.43,7.89
626632,12,Jogging,17570961526000,-3.79,6.85,4.4
626633,12,Jogging,17571001748000,-2.07,-3.79,7.7
626634,12,Jogging,17571043099000,-6.55,-3.76,8.39
626635,12,Jogging,17571081612000,-1.33,1.38,-1.18
626636,12,Jogging,17571162362000,-4.75,19.57,-2.22
626637,12,Jogging,17571201791000,-6.78,19.42,-0.42
626638,12,Jogging,17571241921000,-2.6,17.27,3.83
626639,12,Jogging,17571281686000,3.6,10.84,-3.11
626640,12,Jogging,17571361520000,-1.76,-6.24,-2.07
626641,12,Jogging,17571401803000,1.61,-5.63,-1.61
626642,12,Jogging,17571441659000,-9.85,3.11,11.73
626643,12,Jogging,17571481576000,-6.47,5.52,3.98
626644,12,Jogging,17571561745000,-2.18,8.89,-2.96
626645,12,Jogging,17571601723000,-4.94,19.31,-7.82
626646,12,Jogging,17571641671000,8.35,16.59,-5.28
626647,12,Jogging,17571683144000,5.71,16.21,8.69
626648,12,Jogging,17571761514000,-2.07,7.74,4.67
626649,12,Jogging,17571801553000,-1.61,-4.1,6.24
626650,12,Jogging,17571841683000,-5.18,-5.24,10.0
626651,12,Jogging,17571881570000,-0.15,12.37,-0.04
626652,12,Jogging,17571961556000,-2.53,19.57,-2.45
626653,12,Jogging,17572001870000,-6.97,19.57,-0.76
626654,12,Jogging,17572041695000,-6.32,19.42,5.18
626655,12,Jogging,17572081582000,3.26,9.11,-1.69
626656,12,Jogging,17572161904000,-2.18,-5.33,-1.04
626657,12,Jogging,17572203439000,1.73,-7.93,-2.3
626658,12,Jogging,17572241921000,-4.37,1.18,8.24
