,user,label,timestamp,x,y,z
633643,12,Jogging,18134902810000,1.73,19.57,2.79
633644,12,Jogging,18134982888000,-0.19,13.14,4.33
633645,12,Jogging,18135027627000,4.4,6.78,-0.89
633646,12,Jogging,18135065652000,-5.33,-4.59,0.69
633647,12,Jogging,18135102670000,-2.22,-5.71,-0.89
633648,12,Jogging,18135181496000,-4.37,7.31,5.94
633649,12,Jogging,18135221474000,-2.87,0.15,-0.27
633650,12,Jogging,18135261697000,-0.95,10.34,-1.8
633651,12,Jogging,18135301583000,-3.64,14.29,-2.18
633652,12,Jogging,18135381509000,6.63,19.5,-5.13
633653,12,Jogging,18135421578000,10.15,18.81,3.87
633654,12,Jogging,18135461648000,-1.04,19.34,15.21
633655,12,Jogging,18135501534000,-2.56,9.0,7.12
633656,12,Jogging,18135581582000,0.5,-4.86,9.19
633657,12,Jogging,18135631539000,-3.38,-1.33,0.76
633658,12,Jogging,18135671609000,-1.92,3.68,1.99
633659,12,Jogging,18135726571000,3.11,19.57,1.31
633660,12,Jogging,18135764016000,-0.53,19.53,1.53
633661,12,Jogging,18135801705000,-1.08,19.27,4.18
633662,12,Jogging,18135881631000,6.21,8.28,-0.8
633663,12,Jogging,18135921517000,-3.21,-5.37,-1.23
633664,12,Jogging,18135961648000,-1.33,-6.55,-2.11
633665,12,Jogging,18136001534000,-3.87,2.22,6.51
633666,12,Jogging,18136081582000,-1.31,-1.53,0.53
633667,12,Jogging,18136121499000,-0.15,13.57,1.12
633668,12,Jogging,18136161568000,0.04,12.45,-1.57
633669,12,Jogging,18136221444000,3.06,19.46,-7.46
633670,12,Jogging,18136262002000,4.14,16.89,-5.05
633671,12,Jogging,18136301888000,6.36,19.0,9.23
633672,12,Jogging,18136381661000,-1.73,3.64,1.12
633673,12,Jogging,18136429726000,0.65,-3.64,5.05
633674,12,Jogging,18136429726000,0.65,-3.64,2.72
633675,12,Jogging,18136531625000,-0.19,3.17,2.11
633676,12,Jogging,18136571847000,7.04,17.35,2.56
633677,12,Jogging,18136611550000,-1.18,19.57,0.38
633678,12,Jogging,18136652871000,-2.79,19.31,3.26
633679,12,Jogging,18136732034000,6.28,10.76,-1.18
633680,12,Jogging,18136773537000,-3.49,-3.91,0.3
633681,12,Jogging,18136811532000,-2.98,-7.04,-1.88
633682,12,Jogging,18136851510000,-1.12,-0.89,1.23
633683,12,Jogging,18136931588000,-2.76,3.99,1.31
633684,12,Jogging,18136971444000,0.8,13.57,-0.99
633685,12,Jogging,18137011666000,-0.27,16.13,-2.07
633686,12,Jogging,18137051430000,1.38,19.57,-6.93
633687,12,Jogging,18137131478000,5.05,19.34,5.56
633688,12,Jogging,18137171639000,-0.8,14.75,18.47
633689,12,Jogging,18137211648000,-1.33,4.29,2.34
633690,12,Jogging,18137251473000,-0.27,-3.36,2.91
633691,12,Jogging,18137331551000,-3.3,1.42,2.72
633692,12,Jogging,18137376931000,-0.38,5.28,1.84
633693,12,Jogging,18137415841000,-0.08,19.57,2.72
633694,12,Jogging,18137452920000,-2.37,19.57,3.15
633695,12,Jogging,18137531533000,2.49,9.77,1.57
633696,12,Jogging,18137571664000,3.11,5.33,-0.89
633697,12,Jogging,18137619515000,-5.01,-9.3,0.04
633698,12,Jogging,18137661446000,-2.07,-0.46,5.09
633699,12,Jogging,18137701669000,-6.63,7.46,6.51
633700,12,Jogging,18137781503000,-0.99,12.34,-0.15
633701,12,Jogging,18137821511000,-1.5,17.47,-1.38
633702,12,Jogging,18137868813000,1.57,19.57,-6.66
633703,12,Jogging,18137915932000,3.15,18.92,-4.02
633704,12,Jogging,18137954629000,5.94,18.12,17.82
633705,12,Jogging,18138031594000,-0.93,0.53,0.04
633706,12,Jogging,18138071511000,-3.57,-3.06,5.2
633707,12,Jogging,18138111550000,-8.35,0.04,10.15
633708,12,Jogging,18138151589000,-1.65,1.42,1.08
633709,12,Jogging,18138231637000,4.48,19.57,0.42
633710,12,Jogging,18138271432000,-1.12,19.46,0.3
633711,12,Jogging,18138311623000,-2.64,16.02,3.98
633712,12,Jogging,18138351449000,0.57,10.69,-1.5
633713,12,Jogging,18138431466000,-1.76,-5.67,-1.31
633714,12,Jogging,18138471505000,-1.69,-2.91,0.57
633715,12,Jogging,18138513680000,-6.05,2.98,6.66
633716,12,Jogging,18138551492000,-2.72,3.87,5.67
633717,12,Jogging,18138631539000,-0.99,13.72,-1.84
633718,12,Jogging,18138671578000,-0.46,19.42,-4.79
633719,12,Jogging,18138711617000,2.07,19.15,-5.75
633720,12,Jogging,18138754769000,3.68,18.81,0.46
633721,12,Jogging,18138831521000,-1.88,7.5,7.89
633722,12,Jogging,18138871621000,0.57,-0.99,0.84
633723,12,Jogging,18138911507000,-1.84,-5.01,8.2
633724,12,Jogging,18138951516000,-3.26,-2.45,2.18
633725,12,Jogging,18139031503000,2.96,13.25,4.82
633726,12,Jogging,18139072121000,-0.89,19.57,0.95
633727,12,Jogging,18139111520000,-1.27,18.7,3.79
633728,12,Jogging,18139151681000,-1.57,14.37,2.49
633729,12,Jogging,18139231515000,-1.08,-1.27,0.15
633730,12,Jogging,18139271676000,-2.15,-8.08,-0.76
633731,12,Jogging,18139311532000,-3.57,1.08,5.98
633732,12,Jogging,18139351632000,-7.25,7.31,8.58
633733,12,Jogging,18139431466000,-0.04,11.56,-2.37
633734,12,Jogging,18139471505000,-4.52,18.35,0.04
633735,12,Jogging,18139513802000,-0.46,19.57,-1.54
633736,12,Jogging,18139552529000,3.64,18.2,-6.78
633737,12,Jogging,18139633279000,-0.69,15.75,14.21
633738,12,Jogging,18139673287000,-2.18,5.94,3.64
633739,12,Jogging,18139716256000,-0.23,-3.91,6.32
633740,12,Jogging,18139753396000,-4.44,-3.36,7.65
633741,12,Jogging,18139841744000,-1.76,4.94,0.8
633742,12,Jogging,18139881753000,2.87,19.57,2.87
633743,12,Jogging,18139922158000,-1.8,19.57,2.68
633744,12,Jogging,18139961465000,-2.37,19.08,4.4
633745,12,Jogging,18140002785000,-0.57,12.49,-1.61
633746,12,Jogging,18140081521000,-2.91,-6.36,-1.65
633747,12,Jogging,18140121590000,0.0,-7.97,-3.15
633748,12,Jogging,18140161568000,-4.63,1.95,9.81
633749,12,Jogging,18140201669000,-10.12,4.79,10.42
633750,12,Jogging,18140281472000,-1.38,12.45,-1.57
633751,12,Jogging,18140321542000,-5.6,19.53,-2.53
633752,12,Jogging,18140361581000,0.0,19.57,-4.02
633753,12,Jogging,18140401681000,7.74,18.35,-0.5
633754,12,Jogging,18140481484000,0.0,9.47,4.4
633755,12,Jogging,18140523843000,-0.23,-1.61,7.65
633756,12,Jogging,18140561501000,-3.15,-4.29,-0.53
633757,12,Jogging,18140681313000,0.27,19.57,2.37
633758,12,Jogging,18140721474000,0.27,19.57,2.37
633759,12,Jogging,18140721474000,0.27,19.57,2.37
633760,12,Jogging,18140761514000,-4.29,19.57,2.3
633761,12,Jogging,18140801675000,-2.79,16.32,4.18
633762,12,Jogging,18140883675000,1.46,4.14,0.61
633763,12,Jogging,18140921609000,-4.71,-8.2,0.0
633764,12,Jogging,18140961526000,-1.95,-4.79,-0.8
633765,12,Jogging,18141001565000,-4.52,5.28,7.46
633766,12,Jogging,18141082223000,0.76,9.51,-3.21
633767,12,Jogging,18141121499000,-3.99,18.05,0.0
633768,12,Jogging,18141161507000,0.5,18.92,-2.98
633769,12,Jogging,18141201638000,3.98,18.12,-3.15
633770,12,Jogging,18141244698000,5.63,17.88,2.79
633771,12,Jogging,18141332284000,-2.18,6.97,4.63
633772,12,Jogging,18141371529000,0.61,-2.41,4.4
633773,12,Jogging,18141411446000,-0.69,-4.06,6.32
633774,12,Jogging,18141451485000,-0.11,-1.14,2.11
633775,12,Jogging,18141531472000,-2.34,19.38,1.76
633776,12,Jogging,18141571481000,-4.75,19.57,1.69
633777,12,Jogging,18141611642000,-5.28,19.15,4.94
633778,12,Jogging,18141651650000,-0.57,12.22,2.53
633779,12,Jogging,18141706795000,1.61,5.13,-1.8
633780,12,Jogging,18141751565000,-3.95,-8.43,-0.46
633781,12,Jogging,18141831490000,-6.74,4.6,8.47
633782,12,Jogging,18141871316000,-0.72,0.31,-1.69
633783,12,Jogging,18141911416000,0.65,11.07,-0.84
633784,12,Jogging,18141951485000,-2.87,17.5,-0.46
633785,12,Jogging,18142031960000,0.76,18.2,-4.6
633786,12,Jogging,18142071511000,1.76,17.39,-3.64
633787,12,Jogging,18142111611000,1.46,18.92,13.78
633788,12,Jogging,18142151498000,-0.46,12.91,10.0
633789,12,Jogging,18142231667000,-1.88,-5.86,6.51
633790,12,Jogging,18142271706000,-1.27,-1.46,2.98
633791,12,Jogging,18142311654000,2.41,4.94,1.5
633792,12,Jogging,18142352547000,-3.83,18.43,3.15
633793,12,Jogging,18142431435000,-6.32,19.15,1.65
633794,12,Jogging,18142471627000,-1.61,11.56,-0.04
633795,12,Jogging,18142511605000,5.56,6.78,-1.08
633796,12,Jogging,18142551522000,-3.06,-5.79,-0.76
633797,12,Jogging,18142631509000,-4.6,3.83,8.88
633798,12,Jogging,18142671670000,-4.21,4.67,8.92
633799,12,Jogging,18142711434000,2.07,10.46,-3.34
633800,12,Jogging,18142751656000,-4.75,9.7,-2.15
633801,12,Jogging,18142831643000,-0.57,19.38,-7.16
633802,12,Jogging,18142871407000,6.7,19.27,0.69
633803,12,Jogging,18142912301000,6.47,18.62,18.2
633804,12,Jogging,18142951730000,-1.12,9.19,4.33
633805,12,Jogging,18143031625000,-10.88,-4.1,8.08
633806,12,Jogging,18143071603000,-4.1,-0.23,3.17
633807,12,Jogging,18143112527000,-1.18,5.09,2.22
633808,12,Jogging,18143152566000,1.38,18.77,3.34
633809,12,Jogging,18143231515000,-4.25,19.53,-0.08
633810,12,Jogging,18143271462000,-3.68,12.91,6.47
633811,12,Jogging,18143311684000,7.01,8.28,-1.42
633812,12,Jogging,18143352670000,-3.3,-6.28,1.18
633813,12,Jogging,18143431466000,-3.99,3.34,4.63
633814,12,Jogging,18143471505000,-7.59,5.22,4.86
633815,12,Jogging,18143511636000,2.22,-0.57,-2.3
633816,12,Jogging,18143551522000,-3.76,15.32,-0.65
633817,12,Jogging,18143631509000,1.57,18.92,-4.99
633818,12,Jogging,18143672036000,2.83,18.05,-5.48
633819,12,Jogging,18143711678000,6.28,18.89,3.41
633820,12,Jogging,18143753304000,-6.28,18.24,15.43
633821,12,Jogging,18143831521000,-0.69,-4.94,4.59
633822,12,Jogging,18143871468000,0.3,-2.83,7.35
633823,12,Jogging,18143911660000,-0.19,1.65,1.18
633824,12,Jogging,18143951516000,-1.18,14.06,3.68
633825,12,Jogging,18144031655000,-5.75,18.39,0.8
633826,12,Jogging,18144071511000,-1.23,10.5,2.34
633827,12,Jogging,18144111550000,7.59,6.17,-1.12
633828,12,Jogging,18144151681000,-1.84,-4.52,-0.95
633829,12,Jogging,18144231667000,-6.13,2.18,9.34
633830,12,Jogging,18144271554000,-11.65,6.7,7.12
633831,12,Jogging,18144311532000,1.14,7.63,-1.14
633832,12,Jogging,18144351632000,-0.19,7.25,-2.45
633833,12,Jogging,18144401498000,-3.83,19.57,-12.26
633834,12,Jogging,18144484170000,5.37,19.04,13.53
633835,12,Jogging,18144524728000,-3.6,14.6,12.95
633836,12,Jogging,18144562112000,-0.89,2.11,1.69
633837,12,Jogging,18144601662000,-1.04,-4.86,8.16
633838,12,Jogging,18144681496000,-0.95,1.18,1.69
633839,12,Jogging,18144721505000,-0.23,10.38,2.72
633840,12,Jogging,18144761788000,0.0,19.57,2.07
633841,12,Jogging,18144801522000,-4.52,19.57,-0.23
633842,12,Jogging,18144881661000,0.95,9.47,0.15
