,user,label,timestamp,x,y,z
634443,12,Jogging,18174911782000,4.67,9.51,-3.68
634444,12,Jogging,18174951607000,0.42,-0.04,-0.69
634445,12,Jogging,18175031503000,1.38,-3.79,-2.41
634446,12,Jogging,18175073403000,-9.23,4.48,13.53
634447,12,Jogging,18175111642000,5.98,2.18,-7.21
634448,12,Jogging,18175151559000,-6.82,14.14,-1.76
634449,12,Jogging,18175231515000,4.56,19.57,-4.56
634450,12,Jogging,18175271523000,6.28,17.16,8.39
634451,12,Jogging,18175311562000,0.27,16.44,8.5
634452,12,Jogging,18175351510000,-3.38,8.24,8.16
634453,12,Jogging,18175432168000,-1.14,-4.44,11.33
634454,12,Jogging,18175471474000,-2.87,1.69,-0.57
634455,12,Jogging,18175519112000,-3.68,7.5,1.42
634456,12,Jogging,18175561623000,4.82,19.57,1.99
634457,12,Jogging,18175601540000,-4.9,19.57,-1.38
634458,12,Jogging,18175681649000,0.89,11.07,-2.45
634459,12,Jogging,18175721505000,7.46,4.82,-1.88
634460,12,Jogging,18175761544000,-1.18,-6.36,-2.53
634461,12,Jogging,18175801522000,1.42,-4.71,-4.48
634462,12,Jogging,18175881692000,-10.73,2.45,8.88
634463,12,Jogging,18175921548000,4.63,13.06,-5.41
634464,12,Jogging,18175961617000,-0.65,19.57,-5.01
634465,12,Jogging,18176001656000,0.04,18.28,-1.99
634466,12,Jogging,18176081521000,4.48,15.6,9.3
634467,12,Jogging,18176121590000,-0.76,16.74,14.63
634468,12,Jogging,18176161629000,-1.08,3.64,0.69
634469,12,Jogging,18176201669000,-0.69,-6.13,12.91
634470,12,Jogging,18176281594000,-1.38,4.71,-0.11
634471,12,Jogging,18176321664000,1.31,18.12,-1.92
634472,12,Jogging,18176361733000,-3.38,19.57,2.96
634473,12,Jogging,18176402047000,-5.86,19.19,4.14
634474,12,Jogging,18176481637000,5.05,9.85,-5.05
634475,12,Jogging,18176524514000,1.5,-1.08,-0.53
634476,12,Jogging,18176565041000,0.84,-6.78,-3.11
634477,12,Jogging,18176602608000,0.34,-3.36,0.69
634478,12,Jogging,18176681527000,4.82,6.4,-8.01
634479,12,Jogging,18176721535000,-1.8,13.95,-3.41
634480,12,Jogging,18176761666000,-3.41,19.57,-8.5
634481,12,Jogging,18176801522000,4.52,19.57,-6.59
634482,12,Jogging,18176851723000,6.32,18.28,10.31
634483,12,Jogging,18176931618000,-3.91,4.82,2.37
634484,12,Jogging,18176971535000,0.99,-4.67,10.99
634485,12,Jogging,18177011483000,-4.86,-2.68,4.99
634486,12,Jogging,18177052071000,-2.15,2.03,-1.04
634487,12,Jogging,18177131631000,1.88,19.57,4.86
634488,12,Jogging,18177171639000,-2.83,19.53,2.96
634489,12,Jogging,18177211587000,-3.15,15.13,3.15
634490,12,Jogging,18177251565000,5.33,10.08,-4.02
634491,12,Jogging,18177331582000,0.34,-4.37,-5.01
634492,12,Jogging,18177371560000,-1.5,-1.92,-2.26
634493,12,Jogging,18177411477000,-15.32,5.33,12.56
634494,12,Jogging,18177451699000,-5.09,0.8,-2.83
634495,12,Jogging,18177531472000,-0.34,18.16,-5.71
634496,12,Jogging,18177571572000,3.11,19.57,-8.58
634497,12,Jogging,18177613290000,9.7,18.2,-3.6
634500,12,Jogging,18177772622000,1.27,-4.06,8.31
634499,12,Jogging,18177772622000,1.27,-4.06,8.31
634498,12,Jogging,18177772622000,1.27,-4.06,8.31
634501,12,Jogging,18177811623000,-2.79,-0.46,1.46
634502,12,Jogging,18177891640000,-0.95,19.0,3.91
634503,12,Jogging,18177932137000,-2.96,19.57,2.14
634504,12,Jogging,18177971627000,-3.6,19.42,3.15
634505,12,Jogging,18178011636000,-0.95,11.92,0.61
634506,12,Jogging,18178052224000,8.08,7.06,-3.72
634507,12,Jogging,18178131478000,1.69,-4.29,-6.55
634508,12,Jogging,18178171517000,-3.3,-2.49,3.6
634509,12,Jogging,18178211465000,-14.29,0.69,7.21
634510,12,Jogging,18178251504000,7.01,5.18,-0.8
634511,12,Jogging,18178331734000,3.45,19.57,-7.63
634512,12,Jogging,18178376809000,0.95,16.44,-2.15
634513,12,Jogging,18178412850000,2.6,15.94,9.72
634514,12,Jogging,18178451546000,-2.45,16.51,16.13
634515,12,Jogging,18178531594000,-0.95,-5.13,11.3
634516,12,Jogging,18178573281000,-5.79,-1.18,-0.46
634517,12,Jogging,18178617654000,-2.45,6.09,0.57
634518,12,Jogging,18178653146000,1.12,16.13,3.45
634519,12,Jogging,18178731606000,-2.3,19.57,2.56
634520,12,Jogging,18178771615000,-0.04,16.28,2.22
634521,12,Jogging,18178811623000,8.96,6.32,-2.91
634522,12,Jogging,18178851510000,-3.34,-7.97,-0.93
634523,12,Jogging,18178933968000,-1.27,-1.65,-2.11
634524,12,Jogging,18178973397000,-13.82,7.16,15.21
634525,12,Jogging,18179011636000,-1.12,11.73,1.04
634526,12,Jogging,18179051736000,4.75,10.12,-6.17
634527,12,Jogging,18179131875000,7.63,19.57,-5.56
634528,12,Jogging,18179171639000,3.15,18.73,13.76
634529,12,Jogging,18179211465000,-3.41,13.99,11.14
634530,12,Jogging,18179251748000,-5.6,5.05,1.65
634531,12,Jogging,18179291604000,-6.44,-6.74,15.7
634532,12,Jogging,18179381387000,-1.23,4.99,-0.93
634533,12,Jogging,18179421517000,4.48,16.44,-0.61
634534,12,Jogging,18179461404000,0.61,19.57,3.26
634535,12,Jogging,18179501748000,-4.99,19.57,2.83
634536,12,Jogging,18179542001000,-4.99,17.54,1.69
634537,12,Jogging,18179631661000,-2.07,-4.59,-3.34
634538,12,Jogging,18179671456000,3.17,-6.82,-6.02
634539,12,Jogging,18179711526000,-2.22,-3.6,2.34
634540,12,Jogging,18179756661000,-16.4,8.35,6.17
634541,12,Jogging,18179831887000,-1.31,14.67,-5.13
634542,12,Jogging,18179871621000,-1.54,17.92,-5.43
634543,12,Jogging,18179911477000,4.67,19.0,-8.5
634544,12,Jogging,18179951546000,8.66,14.41,3.3
634545,12,Jogging,18180031533000,-1.18,7.67,6.28
634546,12,Jogging,18180071755000,0.27,-1.88,5.24
634547,12,Jogging,18180111642000,-5.94,-2.87,8.2
634548,12,Jogging,18180151528000,-1.99,-0.04,0.72
634549,12,Jogging,18180231606000,2.91,19.57,-0.19
634550,12,Jogging,18180271645000,-3.49,19.57,0.19
634551,12,Jogging,18180311623000,-4.52,16.44,4.4
634552,12,Jogging,18180351662000,5.41,9.04,-2.11
634553,12,Jogging,18180431557000,-1.65,-2.96,-4.67
634554,12,Jogging,18180471505000,1.73,-3.49,-3.6
634555,12,Jogging,18180511483000,-8.69,-0.99,9.96
634556,12,Jogging,18180551553000,-9.96,2.6,3.17
634557,12,Jogging,18180631814000,-0.08,19.53,-6.59
634558,12,Jogging,18180672738000,6.51,19.53,-9.15
634559,12,Jogging,18180711495000,9.47,18.12,-2.49
634560,12,Jogging,18180751656000,1.88,15.13,15.13
634561,12,Jogging,18180831612000,0.57,-0.34,3.17
634562,12,Jogging,18180882211000,-4.9,-3.98,6.36
634563,12,Jogging,18180921578000,-1.92,-0.8,0.11
634564,12,Jogging,18180964669000,-1.27,7.4,1.14
634565,12,Jogging,18181001870000,-0.99,19.53,1.04
634566,12,Jogging,18181081612000,-3.76,17.08,0.34
634567,12,Jogging,18181121499000,0.42,11.54,0.0
634568,12,Jogging,18181161629000,9.89,1.23,-4.21
634569,12,Jogging,18181201607000,0.5,-3.21,0.72
634570,12,Jogging,18181281503000,-13.53,2.41,4.79
634571,12,Jogging,18181324563000,5.24,-2.34,-4.6
634572,12,Jogging,18181362099000,1.04,11.69,-0.72
634573,12,Jogging,18181401650000,-3.11,18.12,-3.3
634574,12,Jogging,18181481545000,8.2,17.5,0.38
634575,12,Jogging,18181523843000,-0.27,14.94,7.59
634576,12,Jogging,18181561471000,-5.33,14.48,14.14
634577,12,Jogging,18181601662000,-1.42,1.12,2.03
634578,12,Jogging,18181681680000,-2.49,-1.73,2.75
634579,12,Jogging,18181721597000,-5.56,3.11,0.27
634580,12,Jogging,18181762093000,0.84,12.11,5.2
634581,12,Jogging,18181801705000,2.64,19.57,2.37
634582,12,Jogging,18181881631000,-4.44,15.28,6.74
634583,12,Jogging,18181921517000,5.37,11.6,-3.68
634584,12,Jogging,18181961648000,0.99,-2.03,-1.12
634585,12,Jogging,18182001809000,-0.34,-7.25,-4.18
634586,12,Jogging,18182083047000,-9.96,3.91,5.48
634587,12,Jogging,18182121621000,-0.34,5.22,-0.23
634588,12,Jogging,18182161538000,-2.03,18.28,1.8
634589,12,Jogging,18182201699000,-2.49,19.42,-4.14
634590,12,Jogging,18182281747000,8.35,17.88,-2.37
634591,12,Jogging,18182321664000,5.79,14.98,16.4
634592,12,Jogging,18182361550000,1.53,11.92,6.59
634593,12,Jogging,18182402749000,-1.04,-2.34,4.71
634594,12,Jogging,18182481728000,-2.45,0.89,1.46
634595,12,Jogging,18182525643000,-0.84,9.19,-0.08
634596,12,Jogging,18182563027000,3.57,19.5,3.15
634597,12,Jogging,18182601601000,0.89,19.57,0.15
634598,12,Jogging,18182642007000,-4.21,18.85,1.14
634599,12,Jogging,18182703378000,6.93,9.19,-3.21
634600,12,Jogging,18182782113000,1.31,-6.02,-3.68
634601,12,Jogging,18182822060000,-0.93,-2.37,4.14
634602,12,Jogging,18182861672000,-14.29,3.02,10.19
634603,12,Jogging,18182901528000,-0.57,1.61,-1.73
634604,12,Jogging,18182981637000,1.18,19.57,-2.3
634605,12,Jogging,18183021828000,6.47,19.57,-6.74
634606,12,Jogging,18183067117000,8.24,17.01,4.18
634607,12,Jogging,18183106057000,-5.98,17.58,13.53
634608,12,Jogging,18183182503000,-0.31,-2.11,7.04
634609,12,Jogging,18183221505000,-5.52,-3.91,9.04
634610,12,Jogging,18183261514000,-3.79,1.27,-0.72
634611,12,Jogging,18183301675000,-5.43,5.01,0.46
634612,12,Jogging,18183381478000,1.08,19.57,1.12
634613,12,Jogging,18183421517000,-4.9,16.97,2.18
634614,12,Jogging,18183462777000,1.31,12.95,2.07
634615,12,Jogging,18183501717000,4.21,6.55,-2.56
634616,12,Jogging,18183581551000,1.61,-4.48,-4.9
634617,12,Jogging,18183621621000,-1.54,0.0,4.63
634618,12,Jogging,18183661629000,-12.26,2.03,5.63
634619,12,Jogging,18183701577000,1.92,12.98,1.5
634620,12,Jogging,18183781716000,2.64,19.34,-5.75
634621,12,Jogging,18183821511000,6.09,18.73,-2.56
634622,12,Jogging,18183861672000,1.65,16.86,6.09
634623,12,Jogging,18183901498000,-11.3,14.52,16.21
634624,12,Jogging,18183981820000,0.95,-5.37,12.91
634625,12,Jogging,18184021645000,-3.34,-1.04,2.98
634626,12,Jogging,18184063027000,-3.91,3.02,0.46
634627,12,Jogging,18184101693000,0.42,13.21,5.28
634628,12,Jogging,18184181496000,-3.68,19.57,-0.27
634629,12,Jogging,18184221627000,-5.71,16.4,6.63
634630,12,Jogging,18184261636000,7.59,12.22,-5.48
634631,12,Jogging,18184301644000,-3.72,-2.6,1.12
634632,12,Jogging,18184341683000,-1.57,-7.82,-3.41
634633,12,Jogging,18184431435000,-11.37,2.91,9.28
634634,12,Jogging,18184471566000,-0.34,4.29,-2.18
634635,12,Jogging,18184511483000,0.15,17.92,2.34
634636,12,Jogging,18184551492000,2.41,19.57,-4.79
634637,12,Jogging,18184631448000,6.89,15.43,8.2
634638,12,Jogging,18184671639000,-6.21,16.28,14.63
634639,12,Jogging,18184711648000,0.08,8.54,1.84
634640,12,Jogging,18184762490000,-3.38,-6.05,13.95
634641,12,Jogging,18184801553000,-6.36,-1.76,5.37
634642,12,Jogging,18184882882000,2.53,13.8,2.72
