,user,label,timestamp,x,y,z
635643,12,Jogging,18234891488000,-2.37,-3.36,-5.6
635644,12,Jogging,18234982491000,-2.15,-2.87,7.12
635645,12,Jogging,18235021889000,-11.26,1.84,4.99
635646,12,Jogging,18235062234000,-0.84,12.34,-2.15
635647,12,Jogging,18235101632000,1.23,19.57,-3.06
635648,12,Jogging,18235181741000,7.97,16.63,-2.3
635649,12,Jogging,18235221627000,6.93,14.86,8.85
635650,12,Jogging,18235262002000,-3.02,14.82,12.11
635651,12,Jogging,18235301919000,3.17,1.84,8.85
635652,12,Jogging,18235381509000,-1.61,0.69,-0.27
635653,12,Jogging,18235421395000,0.53,11.18,-3.68
635654,12,Jogging,18235461892000,-3.34,19.57,3.45
635655,12,Jogging,18235501351000,-4.99,19.57,8.5
635656,12,Jogging,18235581979000,3.41,13.14,-5.22
635657,12,Jogging,18235622201000,6.24,2.03,0.3
635658,12,Jogging,18235661782000,0.42,-3.34,-3.64
635659,12,Jogging,18235701577000,1.88,-4.79,-3.76
635660,12,Jogging,18235781777000,-10.27,0.93,6.4
635661,12,Jogging,18235821847000,-0.38,5.05,-0.84
635662,12,Jogging,18235861886000,-0.69,19.57,1.27
635663,12,Jogging,18235901589000,1.69,15.85,-5.71
635664,12,Jogging,18235983346000,8.39,17.16,9.49
635665,12,Jogging,18235983346000,8.39,17.16,9.49
635666,12,Jogging,18236081857000,-1.33,-6.43,13.14
635667,12,Jogging,18236121529000,-1.57,0.69,0.19
635668,12,Jogging,18236166512000,-1.14,2.79,-0.99
635669,12,Jogging,18236203072000,3.53,17.05,0.8
635670,12,Jogging,18236281594000,-4.21,19.57,6.02
635671,12,Jogging,18236321786000,0.57,14.1,-0.93
635672,12,Jogging,18236361703000,8.12,9.23,-2.15
635673,12,Jogging,18236401711000,-2.53,-2.18,-1.27
635674,12,Jogging,18236482064000,1.33,-5.52,-1.8
635675,12,Jogging,18236523263000,-9.04,2.83,9.92
635676,12,Jogging,18236562020000,-5.05,5.71,-3.72
635677,12,Jogging,18236601662000,-2.34,17.82,-0.89
635678,12,Jogging,18236642190000,-0.23,19.57,-4.06
635679,12,Jogging,18236731667000,8.77,13.91,8.08
635680,12,Jogging,18236771859000,-1.88,15.02,14.21
635681,12,Jogging,18236811684000,2.03,2.72,0.5
635682,12,Jogging,18236851632000,1.76,-6.09,12.72
635683,12,Jogging,18236891549000,-1.14,0.61,0.3
635684,12,Jogging,18236981728000,3.06,19.38,2.18
635685,12,Jogging,18237021584000,-2.96,-2.11,1.31
635686,12,Jogging,18237261758000,0.5,-2.11,1.31
635688,12,Jogging,18237261758000,0.5,-2.11,1.31
635689,12,Jogging,18237261758000,0.5,-2.11,1.31
635690,12,Jogging,18237261758000,0.5,-2.11,1.31
635687,12,Jogging,18237261758000,0.5,-2.11,1.31
635691,12,Jogging,18237302407000,-11.8,3.17,12.83
635692,12,Jogging,18237384927000,-1.46,19.04,-3.45
635693,12,Jogging,18237421548000,0.69,19.57,-4.63
635694,12,Jogging,18237461892000,3.49,19.0,-2.41
635695,12,Jogging,18237501687000,8.27,16.78,5.41
635696,12,Jogging,18237569711000,-1.5,9.3,4.37
635697,12,Jogging,18237611581000,1.8,-3.98,9.53
635698,12,Jogging,18237651467000,-2.18,-4.1,6.36
635699,12,Jogging,18237731820000,-5.18,7.74,1.57
635700,12,Jogging,18237771493000,3.17,19.04,2.83
635701,12,Jogging,18237811562000,-3.34,19.57,2.41
635702,12,Jogging,18237851662000,-6.7,14.33,5.37
635703,12,Jogging,18237931588000,4.25,5.28,-0.08
635704,12,Jogging,18237971505000,-1.88,-6.66,-2.07
635705,12,Jogging,18238011758000,1.99,-2.72,-4.33
635706,12,Jogging,18238061532000,-7.08,2.56,11.03
635707,12,Jogging,18238102181000,-8.05,4.48,-3.68
635708,12,Jogging,18238181832000,2.64,19.53,-4.67
635709,12,Jogging,18238221780000,4.1,19.23,-4.02
635710,12,Jogging,18238271584000,6.85,14.9,3.17
635711,12,Jogging,18238311654000,-4.14,15.66,17.82
635712,12,Jogging,18238351632000,-0.89,5.98,3.06
635713,12,Jogging,18238431344000,-3.11,-1.53,3.11
635714,12,Jogging,18238471474000,-2.41,2.41,-1.88
635715,12,Jogging,18238511788000,-0.11,14.75,-1.14
635716,12,Jogging,18238551675000,-1.31,19.57,-0.61
635717,12,Jogging,18238631539000,-2.76,18.05,6.78
635718,12,Jogging,18238671700000,9.15,12.15,-3.26
635719,12,Jogging,18238711526000,0.04,0.31,-0.95
635720,12,Jogging,18238751504000,-0.04,-6.28,-3.87
635721,12,Jogging,18238831612000,-7.74,1.27,10.84
635722,12,Jogging,18238871438000,-8.05,5.83,-0.65
635723,12,Jogging,18238911568000,2.6,15.4,-1.27
635724,12,Jogging,18238951546000,2.49,19.5,-4.14
635725,12,Jogging,18239031533000,10.88,13.87,3.17
635726,12,Jogging,18239075051000,0.38,16.59,18.58
635727,12,Jogging,18239111520000,-0.15,9.34,3.76
635728,12,Jogging,18239151559000,-0.84,-4.02,11.14
635729,12,Jogging,18239191537000,-4.02,-2.45,7.63
635730,12,Jogging,18239274575000,-2.07,9.51,-0.15
635731,12,Jogging,18239311776000,5.18,19.53,2.72
635732,12,Jogging,18239351662000,-3.02,19.57,1.12
635733,12,Jogging,18239431680000,2.37,11.84,-2.26
635734,12,Jogging,18239471780000,7.63,5.83,-1.54
635735,12,Jogging,18239511605000,-1.5,-3.53,-1.76
635736,12,Jogging,18239553902000,1.04,-4.25,-2.83
635737,12,Jogging,18239591714000,-0.76,-5.28,2.41
635738,12,Jogging,18239681710000,-3.99,12.45,1.53
635739,12,Jogging,18239722024000,1.57,19.57,-0.76
635740,12,Jogging,18239762063000,10.04,17.67,-8.54
635741,12,Jogging,18239802041000,9.62,14.63,-4.21
635742,12,Jogging,18239851449000,-2.79,16.78,17.46
635743,12,Jogging,18239931618000,0.99,-3.3,7.63
635744,12,Jogging,18239971749000,-2.34,-4.1,6.97
635745,12,Jogging,18240011514000,-2.49,0.93,-0.99
635746,12,Jogging,18240051644000,-2.56,8.47,1.04
635747,12,Jogging,18240106545000,-1.08,19.57,2.68
635748,12,Jogging,18240151650000,-5.43,19.38,3.76
635749,12,Jogging,18240231484000,8.08,9.04,-2.53
635750,12,Jogging,18240271645000,-3.3,-5.56,0.11
635751,12,Jogging,18240311562000,0.61,-6.97,-4.29
635752,12,Jogging,18240351754000,0.89,-1.61,1.42
635753,12,Jogging,18240431527000,-3.17,3.83,-3.91
635754,12,Jogging,18240471566000,-1.08,19.42,-2.22
635755,12,Jogging,18240511575000,3.21,18.58,-4.18
635756,12,Jogging,18240551705000,7.31,19.53,-5.94
635757,12,Jogging,18240631539000,-6.32,16.36,17.27
635758,12,Jogging,18240672036000,-4.1,6.24,2.22
635759,12,Jogging,18240711343000,-2.6,-4.48,9.34
635760,12,Jogging,18240751565000,-4.94,-1.12,4.48
635761,12,Jogging,18240831551000,-0.53,10.8,0.72
635762,12,Jogging,18240871468000,1.8,19.57,-1.18
635763,12,Jogging,18240911599000,-6.7,19.57,5.98
635764,12,Jogging,18240951669000,-3.34,18.2,5.71
635765,12,Jogging,18241031625000,2.03,4.37,1.18
635766,12,Jogging,18241073220000,-2.03,-7.55,-3.11
635767,12,Jogging,18241111764000,0.46,-3.72,-2.87
635768,12,Jogging,18241151650000,-2.03,1.54,8.62
635769,12,Jogging,18241231545000,3.53,10.42,-3.87
635770,12,Jogging,18241271584000,3.83,12.53,-1.88
635771,12,Jogging,18241311532000,3.36,19.57,-6.89
635772,12,Jogging,18241353188000,7.25,17.08,-1.88
635773,12,Jogging,18241431435000,-2.11,12.6,12.26
635774,12,Jogging,18241471413000,-1.5,2.18,1.33
635775,12,Jogging,18241511575000,-0.95,-4.52,11.5
635776,12,Jogging,18241551492000,-7.44,-1.27,-1.04
635777,12,Jogging,18241631539000,0.53,13.18,6.32
635778,12,Jogging,18241671609000,3.91,19.57,0.95
635779,12,Jogging,18241711648000,-1.08,19.23,-1.69
635780,12,Jogging,18241751656000,-3.3,15.24,3.98
635781,12,Jogging,18241831643000,0.99,-1.18,-0.76
635782,12,Jogging,18241871499000,0.65,-5.09,-3.17
635783,12,Jogging,18241911507000,0.11,-1.99,-0.15
635784,12,Jogging,18241951546000,-7.59,1.18,5.28
635785,12,Jogging,18241991708000,-11.3,-1.8,1.69
635786,12,Jogging,18241991708000,-11.3,-1.8,-6.89
635787,12,Jogging,18242095376000,3.6,19.57,-6.89
635788,12,Jogging,18242160744000,11.45,16.89,2.3
635789,12,Jogging,18242202554000,-2.83,18.77,9.3
635790,12,Jogging,18242281899000,-2.11,-2.03,7.44
635791,12,Jogging,18242321816000,-1.61,-0.15,8.69
635792,12,Jogging,18242361581000,-3.11,0.65,-1.38
635793,12,Jogging,18242401620000,-3.64,5.01,0.11
635794,12,Jogging,18242481667000,-4.63,19.57,1.8
635795,12,Jogging,18242523232000,-6.09,18.39,3.64
635796,12,Jogging,18242561623000,-0.38,11.8,2.45
635797,12,Jogging,18242606637000,2.56,7.7,-3.68
635798,12,Jogging,18242683175000,3.17,-4.48,-3.99
635799,12,Jogging,18242721627000,0.19,0.69,7.63
635800,12,Jogging,18242761666000,-11.26,4.02,9.85
635801,12,Jogging,18242801553000,4.56,4.37,-6.7
635802,12,Jogging,18242881509000,0.84,19.57,-3.57
635803,12,Jogging,18242921639000,5.94,19.34,-3.34
635804,12,Jogging,18242961678000,7.7,16.47,1.42
635805,12,Jogging,18243001839000,-2.34,16.4,18.62
635806,12,Jogging,18243081765000,-0.76,-5.05,10.46
635807,12,Jogging,18243124093000,-3.79,-1.65,6.55
635808,12,Jogging,18243161568000,-3.49,2.68,0.38
635809,12,Jogging,18243202096000,0.19,14.56,-0.99
635810,12,Jogging,18243281838000,-4.94,19.57,3.49
635811,12,Jogging,18243321664000,-2.49,15.83,4.25
635812,12,Jogging,18243361703000,5.82,11.26,-4.71
635813,12,Jogging,18243401681000,1.5,1.46,0.04
635814,12,Jogging,18243481606000,1.18,-4.4,-1.33
635815,12,Jogging,18243523782000,-10.34,4.21,9.72
635816,12,Jogging,18243561776000,-7.31,3.83,-1.95
635817,12,Jogging,18243601540000,-0.42,13.99,-0.27
635818,12,Jogging,18243681618000,4.86,19.57,-2.41
635819,12,Jogging,18243728982000,8.24,14.18,-4.02
635820,12,Jogging,18243771523000,2.83,12.91,16.36
635821,12,Jogging,18243811623000,-1.65,12.91,6.05
635822,12,Jogging,18243851540000,0.91,-2.3,11.92
635823,12,Jogging,18243902505000,-3.15,1.04,3.64
635824,12,Jogging,18243981545000,2.6,13.59,0.89
635825,12,Jogging,18244021737000,0.89,19.57,1.84
635826,12,Jogging,18244063149000,-7.82,19.53,2.22
635827,12,Jogging,18244103768000,-3.02,13.4,5.13
635828,12,Jogging,18244151559000,7.16,11.26,-3.49
635829,12,Jogging,18244232400000,0.04,-6.51,-3.72
635830,12,Jogging,18244271615000,1.33,-5.71,-1.5
635831,12,Jogging,18244311623000,-9.96,2.34,6.93
635832,12,Jogging,18244351662000,-7.78,9.38,2.79
635833,12,Jogging,18244431496000,2.96,18.35,-6.47
635836,12,Jogging,18244551430000,1.92,15.21,14.86
635835,12,Jogging,18244551430000,1.92,15.21,14.86
635834,12,Jogging,18244551430000,1.92,15.21,14.86
635837,12,Jogging,18244631417000,0.3,-1.08,6.97
635838,12,Jogging,18244671578000,-0.8,-3.49,12.18
635839,12,Jogging,18244711709000,-3.87,0.0,0.61
635840,12,Jogging,18244751717000,-1.23,5.94,-0.65
635841,12,Jogging,18244831643000,-2.45,19.57,0.76
635842,12,Jogging,18244871560000,-3.95,18.73,5.52
