,user,label,timestamp,x,y,z
638043,12,Jogging,18354921456000,-10.34,17.92,5.6
638044,12,Jogging,18354961282000,9.11,15.66,-4.18
638045,12,Jogging,18355001443000,9.85,3.83,-0.84
638046,12,Jogging,18355081307000,2.26,-4.4,-6.09
638047,12,Jogging,18355124734000,-9.7,-6.05,9.7
638048,12,Jogging,18355161507000,-9.72,-2.22,5.13
638049,12,Jogging,18355201424000,-2.6,11.88,-5.67
638050,12,Jogging,18355241433000,-0.57,19.46,0.19
638051,12,Jogging,18355331612000,6.85,16.89,4.67
638052,12,Jogging,18355371499000,2.49,18.96,17.73
638053,12,Jogging,18355411538000,-2.56,8.12,3.79
638054,12,Jogging,18355451669000,0.15,-4.44,8.73
638055,12,Jogging,18355531594000,-6.02,-1.27,-3.17
638056,12,Jogging,18355571450000,-2.3,10.46,4.67
638057,12,Jogging,18355611550000,7.21,19.57,3.53
638058,12,Jogging,18355651620000,-7.89,19.57,-1.04
638059,12,Jogging,18355731637000,5.2,12.95,-2.53
638060,12,Jogging,18355771523000,6.82,3.38,0.3
638061,12,Jogging,18355811471000,-0.65,-6.82,-6.97
638062,12,Jogging,18355851662000,2.83,-3.3,-6.82
638063,12,Jogging,18355931588000,-9.3,1.18,-2.07
638064,12,Jogging,18355971505000,1.99,14.86,-1.65
638065,12,Jogging,18356011575000,6.36,19.42,-5.05
638066,12,Jogging,18356051675000,5.52,19.57,-4.82
638067,12,Jogging,18356094765000,6.47,19.15,2.14
638068,12,Jogging,18356181496000,0.53,6.05,-1.73
638069,12,Jogging,18356301308000,-4.75,0.57,-1.73
638070,12,Jogging,18356301308000,-4.75,0.57,-1.73
638071,12,Jogging,18356301308000,-4.75,0.57,-1.73
638072,12,Jogging,18356381509000,-5.48,19.57,-1.12
638073,12,Jogging,18356421639000,-9.3,19.57,5.37
638074,12,Jogging,18356461648000,-5.75,17.5,4.14
638075,12,Jogging,18356501687000,11.73,12.79,-8.12
638076,12,Jogging,18356581551000,1.04,-1.73,-7.44
638077,12,Jogging,18356631509000,-1.65,-8.16,2.6
638078,12,Jogging,18356671670000,-10.88,-2.87,3.91
638079,12,Jogging,18356717599000,-8.05,6.78,-2.68
638080,12,Jogging,18356756570000,-1.42,17.73,-0.69
638081,12,Jogging,18356833474000,10.8,17.58,-4.6
638082,12,Jogging,18356873147000,2.83,16.55,13.02
638083,12,Jogging,18356911507000,-2.34,13.57,10.5
638084,12,Jogging,18356951546000,-4.37,1.46,3.49
638085,12,Jogging,18357031472000,-2.34,0.38,2.53
638086,12,Jogging,18357071511000,-3.76,1.92,-2.53
638087,12,Jogging,18357111459000,3.68,16.44,-1.46
638088,12,Jogging,18357151681000,-7.12,19.57,0.57
638089,12,Jogging,18357231637000,-6.32,17.35,3.95
638090,12,Jogging,18357271523000,9.92,12.03,-7.16
638091,12,Jogging,18357311623000,5.28,-0.91,-0.34
638092,12,Jogging,18357351662000,2.3,-4.48,-8.77
638093,12,Jogging,18357431496000,-8.92,-0.11,11.22
638095,12,Jogging,18357471963000,-8.81,1.73,-0.11
638094,12,Jogging,18357471963000,-8.81,1.73,-0.11
638096,12,Jogging,18357581643000,5.82,17.97,-5.79
638097,12,Jogging,18357621529000,5.67,17.54,-2.91
638098,12,Jogging,18357661629000,1.53,18.01,4.71
638099,12,Jogging,18357701730000,-9.92,14.21,17.31
638100,12,Jogging,18357781472000,5.2,-1.33,12.53
638101,12,Jogging,18357821511000,-1.5,-1.23,0.34
638102,12,Jogging,18357861764000,-2.49,4.21,-0.99
638103,12,Jogging,18357911629000,1.88,19.53,-0.38
638104,12,Jogging,18357951546000,-11.41,19.57,4.14
638105,12,Jogging,18358031472000,9.7,17.58,-3.02
638106,12,Jogging,18358074441000,6.59,2.53,-2.41
638107,12,Jogging,18358111703000,-3.21,-6.47,-7.01
638108,12,Jogging,18358151498000,1.46,-8.47,-6.59
638109,12,Jogging,18358231606000,-12.68,2.53,9.34
638110,12,Jogging,18358271523000,-2.26,13.33,-3.68
638111,12,Jogging,18358311562000,4.02,18.73,-2.53
638112,12,Jogging,18358351693000,4.9,19.38,-6.44
638113,12,Jogging,18358431618000,4.63,19.57,8.2
638114,12,Jogging,18358475747000,-6.7,14.52,13.4
638115,12,Jogging,18358512917000,-0.04,1.14,3.53
638116,12,Jogging,18358556374000,3.68,-2.72,12.56
638117,12,Jogging,18358593453000,-3.11,-0.95,-0.34
638118,12,Jogging,18358674233000,2.83,18.89,-0.65
638119,12,Jogging,18358711465000,-6.47,19.57,1.76
638120,12,Jogging,18358753609000,-7.27,19.57,6.66
638121,12,Jogging,18358831643000,8.62,8.5,-4.6
638122,12,Jogging,18358871499000,-2.37,-5.63,-7.21
638123,12,Jogging,18358911507000,4.52,-7.59,-8.69
638124,12,Jogging,18358951516000,1.57,-6.24,3.06
638125,12,Jogging,18359031503000,-1.38,12.18,-1.46
638126,12,Jogging,18359071664000,-0.95,19.31,-5.9
638127,12,Jogging,18359111672000,3.6,19.57,-5.13
638128,12,Jogging,18359151650000,4.63,19.42,-0.46
638129,12,Jogging,18359231881000,-7.59,14.52,14.37
638130,12,Jogging,18359271523000,-0.95,3.3,2.14
638131,12,Jogging,18359311654000,3.53,-4.33,13.67
638132,12,Jogging,18359351540000,-1.73,-0.69,3.11
638133,12,Jogging,18359431680000,5.2,14.98,4.82
638134,12,Jogging,18359471627000,-0.15,19.57,-0.23
638135,12,Jogging,18359511605000,-10.34,19.57,3.45
638136,12,Jogging,18359551614000,-3.64,18.89,4.71
638137,12,Jogging,18359631631000,0.8,0.27,-0.19
638138,12,Jogging,18359671639000,-3.76,-6.13,-6.85
638139,12,Jogging,18359711495000,1.65,-6.51,-8.28
638140,12,Jogging,18359751626000,-5.09,-0.38,2.72
638141,12,Jogging,18359831612000,7.78,8.62,-6.55
638142,12,Jogging,18359871804000,5.6,16.82,-7.44
638143,12,Jogging,18359911599000,-0.38,19.57,-4.99
638144,12,Jogging,18359951669000,5.48,17.97,3.98
638145,12,Jogging,18360031625000,1.73,8.5,2.41
638146,12,Jogging,18360071420000,-2.26,-0.42,3.76
638147,12,Jogging,18360115151000,-5.01,-1.04,12.3
638148,12,Jogging,18360151894000,-4.29,0.89,-0.31
638149,12,Jogging,18360231637000,8.01,19.27,-0.27
638150,12,Jogging,18360271645000,-8.2,19.57,-4.48
638151,12,Jogging,18360311654000,-14.37,19.27,2.45
638152,12,Jogging,18360351662000,4.44,15.13,1.84
638153,12,Jogging,18360431466000,-0.76,-4.18,-6.13
638154,12,Jogging,18360471627000,1.8,-5.18,-7.86
638155,12,Jogging,18360511575000,-0.15,-6.51,-1.5
638156,12,Jogging,18360551736000,-10.57,-0.89,10.11
638157,12,Jogging,18360631478000,0.0,19.08,0.57
638158,12,Jogging,18360671609000,4.9,19.34,-6.4
638159,12,Jogging,18360711617000,1.95,17.43,0.27
638160,12,Jogging,18360751534000,3.3,18.01,10.04
638161,12,Jogging,18360795357000,-9.15,13.53,11.45
638162,12,Jogging,18360881509000,3.41,-1.99,14.06
638163,12,Jogging,18360921487000,-4.71,0.69,1.08
638164,12,Jogging,18360961617000,-1.92,2.96,-1.69
638165,12,Jogging,18361011483000,-0.76,19.38,-3.38
638166,12,Jogging,18361051705000,-9.34,19.57,-0.15
638167,12,Jogging,18361131600000,5.33,15.02,2.07
638168,12,Jogging,18361171639000,10.04,8.39,-2.56
638169,12,Jogging,18361211404000,-3.06,-4.33,-5.22
638170,12,Jogging,18361251656000,3.11,-5.67,-7.21
638171,12,Jogging,18361331551000,-12.34,1.04,11.99
638172,12,Jogging,18361372140000,4.56,4.06,-8.89
638173,12,Jogging,18361411599000,-2.15,13.87,3.45
638174,12,Jogging,18361451638000,-1.08,19.57,-4.86
638175,12,Jogging,18361531869000,8.58,16.63,8.66
638176,12,Jogging,18361571481000,-1.42,15.64,13.17
638177,12,Jogging,18361611489000,-6.09,2.07,5.9
638178,12,Jogging,18361651589000,4.21,-1.84,13.06
638179,12,Jogging,18361731484000,-2.45,0.72,-3.76
638180,12,Jogging,18361771615000,3.64,15.75,0.53
638181,12,Jogging,18361811593000,-5.79,19.57,-0.08
638182,12,Jogging,18361851662000,-10.19,19.57,1.65
638183,12,Jogging,18361902505000,-0.53,15.6,0.89
638184,12,Jogging,18361981484000,0.91,-1.95,-1.73
638185,12,Jogging,18362021615000,1.57,-6.89,-7.97
638186,12,Jogging,18362061593000,2.22,-6.7,-1.14
638187,12,Jogging,18362101632000,-10.92,1.04,13.48
638188,12,Jogging,18362183022000,-0.69,18.12,2.34
638189,12,Jogging,18362224007000,9.0,19.57,-4.71
638190,12,Jogging,18362262002000,5.98,18.43,-1.73
638191,12,Jogging,18362301553000,0.0,17.88,6.43
638192,12,Jogging,18362381478000,-5.75,6.44,6.09
638193,12,Jogging,18362421517000,3.26,-1.95,7.74
638194,12,Jogging,18362464516000,2.68,-1.95,7.93
638195,12,Jogging,18362508034000,-2.87,-1.53,-3.06
638196,12,Jogging,18362551644000,1.69,13.48,0.08
638197,12,Jogging,18362607857000,-8.89,19.57,1.8
638198,12,Jogging,18362651620000,-8.08,19.57,7.55
638199,12,Jogging,18362731484000,10.34,9.62,0.27
638200,12,Jogging,18362771645000,-3.49,-3.83,-4.63
638201,12,Jogging,18362812814000,2.37,-7.46,-7.35
638202,12,Jogging,18362871438000,-4.29,-3.41,4.9
638203,12,Jogging,18362911721000,-13.76,4.63,7.63
638204,12,Jogging,18362955636000,1.14,12.76,-4.71
638205,12,Jogging,18363031564000,7.16,18.58,-5.33
638206,12,Jogging,18363071633000,7.25,16.28,2.68
638207,12,Jogging,18363113808000,-1.18,18.28,18.28
638208,12,Jogging,18363161965000,-3.72,4.6,3.83
638209,12,Jogging,18363201577000,1.88,-2.96,9.85
638210,12,Jogging,18363281472000,-7.06,1.31,-3.3
638211,12,Jogging,18363321481000,2.56,13.63,2.07
638212,12,Jogging,18363361550000,4.1,19.57,-2.15
638213,12,Jogging,18363401498000,-11.26,19.57,-0.42
638214,12,Jogging,18363481606000,3.76,12.11,-5.13
638215,12,Jogging,18363521615000,11.45,2.07,-0.72
638216,12,Jogging,18363561501000,1.99,-4.9,-5.9
638217,12,Jogging,18363601907000,1.42,-5.24,-4.56
638220,12,Jogging,18363801430000,8.24,19.0,-3.76
638218,12,Jogging,18363801430000,8.24,19.0,-3.76
638221,12,Jogging,18363801430000,8.24,19.0,-3.76
638219,12,Jogging,18363801430000,8.24,19.0,-3.76
638222,12,Jogging,18363881478000,-4.37,17.05,15.51
638223,12,Jogging,18363921517000,-2.18,10.99,10.8
638224,12,Jogging,18363961587000,0.27,-0.53,2.49
638225,12,Jogging,18364001534000,1.88,-0.19,13.91
638226,12,Jogging,18364081582000,-0.84,6.7,-2.64
638227,12,Jogging,18364121651000,-0.89,19.27,-1.92
638228,12,Jogging,18364161477000,-8.16,19.57,4.44
638229,12,Jogging,18364201669000,-6.4,19.57,5.75
638230,12,Jogging,18364281472000,11.45,8.73,-1.38
638231,12,Jogging,18364321511000,-1.84,-5.37,-3.15
638232,12,Jogging,18364361764000,1.57,-5.86,-8.08
638233,12,Jogging,18364401620000,-0.23,-4.59,0.61
638234,12,Jogging,18364481484000,-4.99,7.5,-8.69
638235,12,Jogging,18364523659000,0.53,18.92,-0.31
638236,12,Jogging,18364561745000,7.46,18.96,-6.7
638237,12,Jogging,18364601662000,6.02,16.25,-1.95
638238,12,Jogging,18364651620000,2.64,17.2,13.14
638239,12,Jogging,18364731606000,-2.49,-0.11,6.63
638240,12,Jogging,18364771737000,2.98,-4.1,14.37
638241,12,Jogging,18364811379000,-3.06,-0.34,0.61
638242,12,Jogging,18364851937000,-0.61,7.27,-1.92
