,user,label,timestamp,x,y,z
109585,13,Jogging,1538553020000,-3.98,19.57,10.882658000000001
109584,13,Jogging,1538553020000,-3.98,19.57,10.882658000000001
109588,13,Jogging,1538722789000,-2.37,-6.28,-13.565866
109587,13,Jogging,1538722789000,-2.37,-6.28,-13.565866
109589,13,Jogging,1538822246000,1.76,10.95,5.8976107
109590,13,Jogging,1538872233000,-2.18,9.53,2.1792557
109591,13,Jogging,1538922282000,-9.77,13.38,-9.152874
109592,13,Jogging,1538972240000,-5.79,19.46,-2.3018389
109593,13,Jogging,1539022258000,3.95,19.19,13.443283
109594,13,Jogging,1539072246000,-0.27,1.84,3.336985
109595,13,Jogging,1539122295000,8.39,5.56,6.2108784
109596,13,Jogging,1539172252000,-2.53,0.38,6.4015636
109597,13,Jogging,1539222270000,0.15,1.99,3.5957718
109598,13,Jogging,1539272258000,4.86,13.95,3.6366330000000002
109599,13,Jogging,1539322276000,-7.35,19.57,11.563675
109600,13,Jogging,1539372233000,8.12,19.53,3.4459480000000005
109601,13,Jogging,1539422252000,3.68,-2.45,-12.367275999999999
109602,13,Jogging,1539472270000,-4.71,-8.54,-14.437569
109603,13,Jogging,1539522288000,-0.19,5.94,-0.7218784
109604,13,Jogging,1539572154000,1.14,5.94,-0.7218784
109606,13,Jogging,1539622325000,-4.33,17.16,10.528528999999999
109605,13,Jogging,1539622325000,-4.33,17.16,10.528528999999999
109607,13,Jogging,1539722301000,-7.65,16.63,-4.1814466
109609,13,Jogging,1539772319000,5.52,19.57,6.238119
109608,13,Jogging,1539772319000,5.52,19.57,6.238119
109610,13,Jogging,1539832225000,-0.8,3.87,6.238119
109611,13,Jogging,1539882213000,9.0,4.29,6.0201936
109612,13,Jogging,1539932231000,-2.18,1.46,6.823794400000001
109613,13,Jogging,1539982280000,-1.61,2.3,5.5162406
109614,13,Jogging,1540032237000,3.41,15.64,6.5513873
109615,13,Jogging,1540082316000,-9.15,19.57,10.528528999999999
109616,13,Jogging,1540132243000,8.05,17.69,-0.38136974
109617,13,Jogging,1540183665000,2.22,-7.82,-16.017529
109618,13,Jogging,1540232249000,-3.06,-7.63,-14.396707999999999
109619,13,Jogging,1540282268000,0.95,-3.17,-8.308413
109620,13,Jogging,1540332286000,1.46,7.06,3.7592160000000003
109621,13,Jogging,1540382243000,-3.79,16.89,5.938472
109622,13,Jogging,1540432262000,-7.31,10.73,-8.662541000000001
109623,13,Jogging,1540482280000,-7.04,18.43,-5.012288
109624,13,Jogging,1540533702000,6.89,19.53,11.645397
109625,13,Jogging,1540582255000,-0.15,3.26,2.982856
109626,13,Jogging,1540632274000,8.31,2.07,6.66035
109627,13,Jogging,1540682201000,-3.91,0.04,6.66035
109628,13,Jogging,1540739055000,2.3,2.11,4.7943625
109629,13,Jogging,1540739055000,2.3,2.11,4.7943625
109630,13,Jogging,1540739055000,2.3,2.11,4.7943625
109631,13,Jogging,1540800212000,2.91,13.91,4.3993720000000005
109632,13,Jogging,1540872356000,-0.23,19.57,6.0201936
109634,13,Jogging,1541052226000,-1.53,-3.72,-7.7772183
109635,13,Jogging,1541052226000,-1.53,-3.72,-7.7772183
109636,13,Jogging,1541162425000,-2.3,16.93,2.5333846
109637,13,Jogging,1541212321000,-8.16,6.44,-9.615966
109638,13,Jogging,1541262218000,-9.19,19.04,-4.290409599999999
109639,13,Jogging,1541312205000,6.24,19.42,13.565866
109640,13,Jogging,1541362254000,0.5,1.08,4.372132
109642,13,Jogging,1541412242000,10.73,4.4,5.2165932999999995
109643,13,Jogging,1541412242000,10.73,4.4,5.2165932999999995
109641,13,Jogging,1541412242000,10.73,4.4,5.2165932999999995
109647,13,Jogging,1541592174000,-1.69,19.57,12.108489
109645,13,Jogging,1541592174000,-1.69,19.57,12.108489
109646,13,Jogging,1541592174000,-1.69,19.57,12.108489
109650,13,Jogging,1541812572000,-0.91,-5.82,-10.378705
109649,13,Jogging,1541812572000,-0.91,-5.82,-10.378705
109651,13,Jogging,1541912211000,-0.89,18.7,16.167353
109652,13,Jogging,1541962260000,-6.32,11.18,-11.563675
109653,13,Jogging,1542012279000,-7.59,11.84,-8.390134
109654,13,Jogging,1542062266000,9.66,19.57,4.7126402999999994
109655,13,Jogging,1542112285000,-6.09,10.84,7.246025
109656,13,Jogging,1542162273000,6.89,0.57,7.055340299999999
109657,13,Jogging,1542212199000,4.52,5.28,6.3607025
109658,13,Jogging,1542212199000,4.52,5.28,6.3607025
109659,13,Jogging,1542265575000,-4.67,-0.08,-0.38136974
109660,13,Jogging,1542265575000,-4.67,-0.08,-0.38136974
109661,13,Jogging,1542322337000,3.11,8.05,1.3075534
109662,13,Jogging,1542372783000,-1.73,19.57,13.293459
109664,13,Jogging,1542552135000,-1.08,-7.04,-11.141444
109665,13,Jogging,1542612224000,-1.76,0.0,-7.8861814
109667,13,Jogging,1542662273000,0.5,18.01,15.282029999999999
109666,13,Jogging,1542662273000,0.5,18.01,15.282029999999999
109668,13,Jogging,1542762370000,-13.33,11.92,-5.0531489999999994
109669,13,Jogging,1542812358000,8.01,19.57,7.082580999999999
109670,13,Jogging,1542862376000,-6.13,7.97,7.9679036
109671,13,Jogging,1542912273000,8.69,2.76,7.504811999999999
109672,13,Jogging,1542962260000,3.72,5.09,6.170017700000001
109674,13,Jogging,1543062144000,2.98,5.01,0.95342433
109673,13,Jogging,1543062144000,2.98,5.01,0.95342433
109675,13,Jogging,1543112254000,2.6,19.42,12.598822
109676,13,Jogging,1543162334000,-4.14,19.57,4.440233
109677,13,Jogging,1543212260000,5.67,8.47,-7.3549875999999985
109678,13,Jogging,1543262340000,-4.94,-12.03,-15.213928
109679,13,Jogging,1543322276000,-0.76,-5.37,-9.915613
109680,13,Jogging,1543382243000,0.65,3.79,-1.525479
109681,13,Jogging,1543432231000,-1.92,19.0,15.935807
109682,13,Jogging,1543482280000,-5.94,9.62,-11.727119
109683,13,Jogging,1543532237000,-10.31,14.98,-7.1234417
109684,13,Jogging,1543532237000,-10.31,14.98,-7.1234417
109686,13,Jogging,1543632243000,-7.65,10.88,9.575105
109685,13,Jogging,1543632243000,-7.65,10.88,9.575105
109688,13,Jogging,1543732158000,6.7,4.48,4.440233
109687,13,Jogging,1543732158000,6.7,4.48,4.440233
109689,13,Jogging,1543784129000,-4.99,-0.38,-0.14982383
109691,13,Jogging,1543893260000,-1.12,19.57,12.4489975
109692,13,Jogging,1543893260000,-1.12,19.57,12.4489975
109693,13,Jogging,1543942149000,3.21,19.57,4.018002500000001
109696,13,Jogging,1544122935000,-0.42,-3.17,-8.049625
109695,13,Jogging,1544122935000,-0.42,-3.17,-8.049625
109697,13,Jogging,1544222209000,0.27,8.31,-3.0237172
109698,13,Jogging,1544272380000,-13.17,14.48,-8.499097
109699,13,Jogging,1544322215000,-1.14,19.11,-2.6832085
109702,13,Jogging,1544372295000,-1.8,18.39,9.234595
109701,13,Jogging,1544372295000,-1.8,18.39,9.234595
109700,13,Jogging,1544372295000,-1.8,18.39,9.234595
109703,13,Jogging,1544484813000,8.5,6.63,3.4459480000000005
109706,13,Jogging,1544592296000,1.31,8.77,1.0760075
109707,13,Jogging,1544642222000,1.84,19.57,11.413852
109710,13,Jogging,1544842937000,-0.23,-6.89,-10.923519
109711,13,Jogging,1544892253000,0.11,1.69,-5.366417
109712,13,Jogging,1544942393000,-2.18,17.77,13.402422
109713,13,Jogging,1544992290000,-0.61,4.48,-10.378705
109714,13,Jogging,1545042308000,-9.04,12.3,-7.3958488
109715,13,Jogging,1545102275000,10.76,19.57,1.607201
109716,13,Jogging,1545102275000,10.76,19.57,1.607201
109717,13,Jogging,1545162669000,-5.6,9.38,9.575105
109718,13,Jogging,1545212260000,7.25,1.92,7.8861814
109719,13,Jogging,1545262523000,4.48,3.68,4.7943625
109720,13,Jogging,1545312266000,-3.06,0.31,-0.040861044
109721,13,Jogging,1545362437000,1.18,7.46,0.27240697
109722,13,Jogging,1545412273000,-3.15,19.57,14.137920999999999
109723,13,Jogging,1545462413000,6.32,19.57,3.336985
109724,13,Jogging,1545512279000,1.95,-1.46,-11.645397
109725,13,Jogging,1545562419000,-2.91,-8.58,-14.015338
109726,13,Jogging,1545612285000,-2.56,-5.6,-9.997335000000001
109727,13,Jogging,1545662303000,0.93,3.83,-3.5276701
109728,13,Jogging,1545712749000,1.76,18.47,17.24336
109729,13,Jogging,1545762309000,-6.05,5.6,-13.211738
109730,13,Jogging,1545812663000,-12.15,15.66,-8.308413
109731,13,Jogging,1545862315000,10.57,19.57,5.47538
109732,13,Jogging,1545912517000,-8.58,9.89,8.812365
109733,13,Jogging,1545962291000,8.81,0.76,6.4015636
109734,13,Jogging,1546012218000,5.52,4.63,6.1291566
109736,13,Jogging,1546064708000,-3.91,0.15,0.3405087
109735,13,Jogging,1546064708000,-3.91,0.15,0.3405087
109741,13,Jogging,1546312175000,-4.71,-7.93,-12.408136
109742,13,Jogging,1546412242000,1.27,3.53,-2.4108016
109743,13,Jogging,1546462321000,-2.49,19.23,13.443283
109744,13,Jogging,1546512248000,-8.96,5.67,-10.882658000000001
109745,13,Jogging,1546562236000,1.69,0.61,5.434519
109748,13,Jogging,1546682292000,1.69,0.61,5.434519
109746,13,Jogging,1546682292000,1.69,0.61,5.434519
109747,13,Jogging,1546682292000,1.69,0.61,5.434519
109749,13,Jogging,1546732463000,11.03,5.05,4.7126402999999994
109750,13,Jogging,1546782268000,-4.02,-0.84,2.1792557
109751,13,Jogging,1546832255000,-1.08,3.95,3.8273177000000005
109752,13,Jogging,1546882304000,2.41,17.05,7.8180795
109753,13,Jogging,1546932231000,-9.0,19.57,10.269741999999999
109754,13,Jogging,1546982310000,7.97,15.13,-2.9147543999999996
109755,13,Jogging,1547032237000,-3.41,-7.86,-15.091345
109756,13,Jogging,1547082316000,-0.46,-8.31,-12.176591
109757,13,Jogging,1547132243000,-0.84,-2.49,-8.962189
109758,13,Jogging,1547182292000,1.04,13.29,8.308413
109759,13,Jogging,1547232249000,-0.15,11.75,-1.56634
109760,13,Jogging,1547282298000,-11.95,11.26,-6.633109599999999
109761,13,Jogging,1547332225000,0.69,19.15,-1.3075534
109762,13,Jogging,1547382304000,-2.72,18.01,9.575105
109763,13,Jogging,1547432231000,2.98,0.31,4.9850473
109764,13,Jogging,1547482341000,10.27,5.52,2.8330324
109765,13,Jogging,1547532237000,-4.9,1.18,2.4108016
109766,13,Jogging,1547582286000,-0.08,6.24,4.8216033
109767,13,Jogging,1547632243000,2.87,18.7,9.575105
109768,13,Jogging,1547682353000,-2.53,19.57,8.662541000000001
109769,13,Jogging,1547732249000,1.8,12.68,-5.325556
109770,13,Jogging,1547782298000,-3.41,-9.53,-13.525004999999998
109771,13,Jogging,1547832255000,-1.42,-7.7,-13.375181
109772,13,Jogging,1547882304000,0.04,-1.57,-7.8861814
109773,13,Jogging,1547932231000,0.23,16.21,11.985906
109774,13,Jogging,1547982310000,-3.68,9.85,-4.1814466
109775,13,Jogging,1548032268000,-12.76,10.27,-9.765789
109776,13,Jogging,1548082316000,-0.38,19.5,-4.671779
109777,13,Jogging,1548132274000,-2.83,16.74,13.824653
109778,13,Jogging,1548182323000,7.21,-1.65,4.2086873
109779,13,Jogging,1548232158000,8.35,7.06,5.012288
109780,13,Jogging,1548283061000,-6.63,-2.64,2.9556155
109781,13,Jogging,1548283061000,-6.63,-2.64,2.9556155
109784,13,Jogging,1548452190000,-4.48,19.57,3.7183550000000003
109786,13,Jogging,1548452190000,-4.48,19.57,3.7183550000000003
109785,13,Jogging,1548452190000,-4.48,19.57,3.7183550000000003
109788,13,Jogging,1548672404000,0.53,4.9,-0.95342433
109789,13,Jogging,1548722545000,-3.36,19.34,15.785982999999998
109790,13,Jogging,1548722545000,-3.36,19.34,15.785982999999998
109791,13,Jogging,1548822398000,-13.33,16.55,-6.66035
109792,13,Jogging,1548872417000,11.54,19.57,9.152874
109793,13,Jogging,1548922374000,-4.21,5.83,7.3141264999999995
109794,13,Jogging,1548972270000,8.81,2.83,6.851035
109795,13,Jogging,1549022288000,1.84,2.53,5.012288
109796,13,Jogging,1549072307000,-5.52,-0.8,2.8330324
109797,13,Jogging,1549122295000,2.96,6.93,2.7649305
109798,13,Jogging,1549172282000,1.73,19.31,12.571581
109799,13,Jogging,1549222301000,-2.6,19.57,4.944186
109800,13,Jogging,1549272258000,6.55,9.3,-9.275456
109801,13,Jogging,1549322307000,-5.41,-8.58,-17.161638
