,user,label,timestamp,x,y,z
120984,13,Jogging,2279292216000,-5.2,-17.12,-13.0619135
120985,13,Jogging,2279342143000,0.11,-6.4,-12.217452
120986,13,Jogging,2279392314000,-1.12,1.65,-8.962189
120987,13,Jogging,2279442302000,0.11,16.47,8.689782000000001
120988,13,Jogging,2279442302000,0.11,16.47,8.689782000000001
120989,13,Jogging,2279542583000,-11.45,11.96,-6.0201936
120990,13,Jogging,2279602244000,0.53,18.73,2.0294318
120991,13,Jogging,2279652263000,-7.78,17.82,11.372991
120992,13,Jogging,2279702312000,2.3,-3.76,3.173541
120993,13,Jogging,2279752238000,9.19,5.43,3.8273177000000005
120994,13,Jogging,2279802287000,-4.59,-0.69,2.4108016
120995,13,Jogging,2279852244000,2.53,5.01,3.9090397000000006
120996,13,Jogging,2279902293000,4.4,17.16,10.61025
120997,13,Jogging,2279952281000,-8.96,19.57,8.962189
120998,13,Jogging,2280002269000,7.01,14.79,-6.0882955
120999,13,Jogging,2280052257000,-3.87,-10.69,-14.206022
121000,13,Jogging,2280102275000,-0.23,-7.35,-15.404613500000002
121001,13,Jogging,2280152232000,-2.03,-0.8,-8.812365
121002,13,Jogging,2280202281000,1.61,13.53,6.4424243
121003,13,Jogging,2280252879000,-2.11,13.59,1.9477096999999999
121004,13,Jogging,2280302348000,-7.5,11.84,-8.539958
121005,13,Jogging,2280352275000,-1.31,18.7,-1.8387468999999996
121006,13,Jogging,2280402232000,-2.45,19.31,9.507003
121007,13,Jogging,2280452312000,3.76,-1.61,3.4459480000000005
121008,13,Jogging,2280502238000,11.99,6.63,3.6366330000000002
121009,13,Jogging,2280554912000,-3.91,0.23,0.27240697
121012,13,Jogging,2280612651000,-0.61,4.6,4.2495484
121011,13,Jogging,2280612651000,-0.61,4.6,4.2495484
121010,13,Jogging,2280612651000,-0.61,4.6,4.2495484
121013,13,Jogging,2280693065000,-1.84,19.57,14.437569
121015,13,Jogging,2280884166000,-0.65,-4.52,-10.501288
121016,13,Jogging,2280884166000,-0.65,-4.52,-10.501288
121017,13,Jogging,2280992198000,-1.65,17.77,8.499097
121018,13,Jogging,2281042308000,-7.4,8.24,-7.6273947
121019,13,Jogging,2281092204000,-6.7,15.55,-5.597963
121020,13,Jogging,2281142284000,2.98,19.57,7.6682559999999995
121021,13,Jogging,2281192210000,0.69,3.87,7.246025
121022,13,Jogging,2281242229000,9.77,2.45,6.170017700000001
121024,13,Jogging,2281242229000,9.77,2.45,6.170017700000001
121023,13,Jogging,2281242229000,9.77,2.45,6.170017700000001
121027,13,Jogging,2281422252000,5.33,18.62,14.1787815
121028,13,Jogging,2281422252000,5.33,18.62,14.1787815
121030,13,Jogging,2281632487000,-0.76,-5.01,-9.697687
121031,13,Jogging,2281682323000,2.49,5.09,-2.8738932999999998
121032,13,Jogging,2281682323000,2.49,5.09,-2.8738932999999998
121033,13,Jogging,2281782329000,-6.43,4.6,-7.2732660000000005
121034,13,Jogging,2281832316000,-6.59,12.98,-5.0531489999999994
121035,13,Jogging,2281882335000,7.63,19.57,3.4868089999999996
121036,13,Jogging,2281932231000,-4.82,4.33,8.921327999999999
121037,13,Jogging,2281982280000,10.99,1.12,5.666064700000001
121038,13,Jogging,2282032207000,-0.3,4.48,5.5571017
121040,13,Jogging,2282090495000,-4.02,3.49,6.782933
121039,13,Jogging,2282090495000,-4.02,3.49,6.782933
121047,13,Jogging,2282410899000,-1.14,-2.91,-10.378705
121048,13,Jogging,2282462352000,-0.72,18.73,16.04477
121049,13,Jogging,2282513011000,-5.82,6.89,-7.654635400000001
121050,13,Jogging,2282563701000,-5.43,10.88,-9.575105
121051,13,Jogging,2282612712000,8.62,19.57,2.6014863999999998
121053,13,Jogging,2282662669000,-7.93,9.92,8.390134
121052,13,Jogging,2282662669000,-7.93,9.92,8.390134
121054,13,Jogging,2282773479000,-3.6,-0.91,3.4868089999999996
121056,13,Jogging,2282862346000,4.63,12.03,3.0237172
121057,13,Jogging,2282912150000,-0.04,19.57,13.375181
121060,13,Jogging,2283122233000,-1.08,-0.11,-7.3141264999999995
121061,13,Jogging,2283172893000,1.31,12.98,7.8861814
121062,13,Jogging,2283222392000,-2.56,15.51,1.3075534
121063,13,Jogging,2283272227000,-10.42,13.44,-9.956474
121064,13,Jogging,2283322429000,-2.26,18.54,-3.5276701
121066,13,Jogging,2283382243000,-1.23,17.77,10.56939
121065,13,Jogging,2283382243000,-1.23,17.77,10.56939
121067,13,Jogging,2283442851000,7.55,-2.91,5.407278
121068,13,Jogging,2283492381000,4.48,2.45,6.2108784
121069,13,Jogging,2283543193000,-2.87,0.08,0.5720546
121070,13,Jogging,2283543193000,-2.87,0.08,0.5720546
121071,13,Jogging,2283602305000,2.68,6.21,3.3778462
121072,13,Jogging,2283652202000,5.18,18.47,13.375181
121075,13,Jogging,2283852153000,-2.26,-8.12,-11.141444
121076,13,Jogging,2283952220000,-1.33,15.47,9.425281
121077,13,Jogging,2284002269000,1.46,3.02,-8.662541000000001
121078,13,Jogging,2284052653000,-13.21,19.23,-11.563675
121079,13,Jogging,2284102214000,9.19,19.57,2.152015
121080,13,Jogging,2284152202000,-8.01,15.28,11.304889
121081,13,Jogging,2284202251000,8.16,-2.96,5.7886477
121082,13,Jogging,2284202251000,8.16,-2.96,5.7886477
121083,13,Jogging,2284202251000,8.16,-2.96,5.7886477
121088,13,Jogging,2284492107000,10.08,12.11,-7.6954966
121089,13,Jogging,2284592204000,-0.65,-7.63,-13.102775
121091,13,Jogging,2284592204000,-0.65,-7.63,-13.102775
121090,13,Jogging,2284592204000,-0.65,-7.63,-13.102775
121092,13,Jogging,2284742290000,-1.8,15.05,-7.9679036
121093,13,Jogging,2284792369000,-6.59,3.68,-6.782933
121094,13,Jogging,2284842235000,1.46,19.5,1.6480621
121095,13,Jogging,2284892253000,-3.26,16.02,11.686258
121097,13,Jogging,2284942241000,9.0,-2.96,7.8589406
121096,13,Jogging,2284942241000,9.0,-2.96,7.8589406
121099,13,Jogging,2285042125000,-6.02,0.04,-0.040861044
121098,13,Jogging,2285042125000,-6.02,0.04,-0.040861044
121103,13,Jogging,2285105083000,0.72,6.51,1.3075534
121102,13,Jogging,2285105083000,0.72,6.51,1.3075534
121101,13,Jogging,2285105083000,0.72,6.51,1.3075534
121100,13,Jogging,2285105083000,0.72,6.51,1.3075534
121104,13,Jogging,2285105083000,0.72,6.51,1.3075534
121106,13,Jogging,2285432231000,3.83,13.76,7.8589406
121107,13,Jogging,2285432231000,3.83,13.76,7.8589406
121108,13,Jogging,2285532329000,-8.54,13.95,-9.466142
121109,13,Jogging,2285582286000,-4.99,18.31,-1.9885708
121110,13,Jogging,2285632274000,1.8,18.89,12.598822
121111,13,Jogging,2285682353000,4.33,-8.01,3.8681788
121112,13,Jogging,2285732341000,7.44,7.06,2.6014863999999998
121113,13,Jogging,2285782329000,-3.76,-0.5,0.8036005
121114,13,Jogging,2285832255000,1.69,4.06,5.0531489999999994
121115,13,Jogging,2285882304000,3.99,14.33,6.742072
121116,13,Jogging,2285932201000,-7.27,19.57,13.525004999999998
121117,13,Jogging,2285982310000,6.59,17.54,-2.5333846
121118,13,Jogging,2286032207000,1.38,-9.23,-14.601013
121119,13,Jogging,2286082286000,-2.3,-6.85,-13.674829500000001
121120,13,Jogging,2286132213000,0.61,-4.18,-10.991621
121121,13,Jogging,2286182262000,1.42,8.12,2.2609777
121122,13,Jogging,2286232219000,-4.99,16.02,6.4015636
121123,13,Jogging,2286282298000,-5.67,8.2,-8.880466
121124,13,Jogging,2286332255000,-3.79,18.09,-4.3312707
121125,13,Jogging,2286382304000,0.76,19.57,11.985906
121126,13,Jogging,2286432201000,0.93,0.69,5.625203599999999
121127,13,Jogging,2286482280000,9.38,4.33,4.6036777
121128,13,Jogging,2286532207000,-1.08,1.61,4.140586
121129,13,Jogging,2286582286000,-0.76,3.53,5.8567495
121130,13,Jogging,2286632213000,4.82,15.83,7.2732660000000005
121131,13,Jogging,2286682292000,-8.81,19.57,9.534244000000001
121132,13,Jogging,2286732219000,6.93,15.05,-5.625203599999999
121133,13,Jogging,2286782268000,-5.56,-13.14,-15.050485
121134,13,Jogging,2286832255000,-1.04,-5.6,-13.211738
121135,13,Jogging,2286882274000,-2.56,-1.76,-11.223166
121136,13,Jogging,2286932231000,2.6,13.25,8.62168
121137,13,Jogging,2286982280000,-0.84,10.69,-0.0
121138,13,Jogging,2287032237000,-5.98,9.66,-7.586533500000001
121139,13,Jogging,2287082286000,-3.11,19.04,-2.7240696
121140,13,Jogging,2287132213000,0.34,19.04,9.765789
121141,13,Jogging,2287182262000,0.53,-1.57,4.018002500000001
121142,13,Jogging,2287232249000,11.22,7.01,7.246025
121143,13,Jogging,2287282329000,-2.87,0.93,2.1792557
121144,13,Jogging,2287332255000,0.95,6.4,4.3993720000000005
121145,13,Jogging,2287382274000,5.24,19.04,12.026767
121146,13,Jogging,2287432292000,-5.01,19.57,6.66035
121147,13,Jogging,2287482310000,6.85,10.12,-9.80665
121148,13,Jogging,2287532115000,-5.56,-15.66,-13.865514000000001
121149,13,Jogging,2287532115000,-5.56,-15.66,-13.865514000000001
121150,13,Jogging,2287592906000,-1.65,-3.95,-14.2877445
121151,13,Jogging,2287642284000,-0.11,4.33,-3.214402
121152,13,Jogging,2287692332000,0.42,18.96,13.674829500000001
121153,13,Jogging,2287752299000,-4.52,4.21,-1.3756552
121154,13,Jogging,2287812236000,0.19,15.02,-8.662541000000001
121155,13,Jogging,2287862254000,-6.09,18.66,11.454713
121156,13,Jogging,2287912273000,-0.08,-2.64,6.2108784
121157,13,Jogging,2287962230000,10.46,6.89,4.290409599999999
121158,13,Jogging,2288022288000,-3.87,1.42,0.7627395
121159,13,Jogging,2288072246000,5.48,9.85,0.46309182
121160,13,Jogging,2288122325000,0.34,19.57,12.980191
121161,13,Jogging,2288182262000,5.18,18.73,-0.29964766
121162,13,Jogging,2288232249000,1.84,-9.43,-14.818938000000001
121163,13,Jogging,2288282298000,-3.11,-7.12,-13.947235999999998
121164,13,Jogging,2288332286000,-2.75,-2.26,-11.3321295
121165,13,Jogging,2288382274000,1.42,5.86,-0.08172209
121166,13,Jogging,2288432231000,-1.46,19.11,12.789507
121167,13,Jogging,2288482310000,-5.05,10.69,-10.310603
121168,13,Jogging,2288532207000,-6.85,15.55,-2.8738932999999998
121169,13,Jogging,2288582316000,8.73,19.57,6.170017700000001
121170,13,Jogging,2288632243000,-5.09,3.38,7.6682559999999995
121173,13,Jogging,2288682292000,7.74,2.26,5.666064700000001
121172,13,Jogging,2288682292000,7.74,2.26,5.666064700000001
121174,13,Jogging,2288682292000,7.74,2.26,5.666064700000001
121171,13,Jogging,2288682292000,7.74,2.26,5.666064700000001
121177,13,Jogging,2288932353000,1.38,19.57,0.7218784
121178,13,Jogging,2288932353000,1.38,19.57,0.7218784
121181,13,Jogging,2289112163000,-1.18,-2.68,-8.62168
121180,13,Jogging,2289112163000,-1.18,-2.68,-8.62168
121182,13,Jogging,2289172679000,-0.15,15.02,8.539958
121183,13,Jogging,2289222301000,-0.38,11.22,-10.378705
121184,13,Jogging,2289272258000,-5.05,0.72,-7.6954966
121185,13,Jogging,2289323619000,4.71,19.31,-5.366417
121187,13,Jogging,2289372203000,-3.68,11.92,9.193735
121186,13,Jogging,2289372203000,-3.68,11.92,9.193735
121191,13,Jogging,2289812297000,-3.06,-6.43,-12.14935
121192,13,Jogging,2289812297000,-3.06,-6.43,-12.14935
121193,13,Jogging,2289862254000,-0.53,0.11,-8.117727
121194,13,Jogging,2289912395000,1.84,17.16,13.756551000000002
121195,13,Jogging,2290012309000,-8.39,12.11,-10.95076
121196,13,Jogging,2290012309000,-8.39,12.11,-10.95076
121197,13,Jogging,2290112285000,-1.61,17.24,10.501288
121198,13,Jogging,2290112285000,-1.61,17.24,10.501288
121199,13,Jogging,2290162273000,3.3,-4.63,3.8681788
121200,13,Jogging,2290212199000,8.05,5.6,3.7864565999999997
121201,13,Jogging,2290312205000,0.99,4.86,2.3699405
121202,13,Jogging,2290312205000,0.99,4.86,2.3699405
121203,13,Jogging,2290412211000,-8.16,19.57,6.3198414000000005
121204,13,Jogging,2290412211000,-8.16,19.57,6.3198414000000005
121205,13,Jogging,2290512279000,-5.41,-9.89,-14.982382999999999
121206,13,Jogging,2290512279000,-5.41,-9.89,-14.982382999999999
121207,13,Jogging,2290612285000,-0.53,-0.5,-9.343558
121208,13,Jogging,2290612285000,-0.53,-0.5,-9.343558
121209,13,Jogging,2290662273000,-0.84,16.59,13.211738
